0.00333333 43 143 5 2
0.01 40 136 2 2
0.0166667 48 155 5 0
0.0233333 49 146 5 1
0.03 55 174 7 1
0.0366667 59 169 9 1
0.0433333 89 199 9 3
0.05 100 263 10 6
0.0566667 106 266 15 12
0.0633333 121 315 10 7
0.07 130 337 7 3
0.0766667 152 346 11 5
0.0833333 153 407 20 5
0.09 143 391 17 2
0.0966667 139 406 11 2
0.103333 155 351 8 6
0.11 147 378 7 5
0.116667 150 409 5 7
0.123333 152 422 12 3
0.13 149 426 5 6
0.136667 157 405 12 4
0.143333 129 372 9 5
0.15 111 423 6 6
0.156667 123 370 10 4
0.163333 114 410 5 4
0.17 114 366 15 4
0.176667 114 371 11 5
0.183333 133 428 11 8
0.19 107 512 13 4
0.196667 112 506 9 5
0.203333 128 480 12 3
0.21 119 429 11 9
0.216667 125 462 13 2
0.223333 111 411 8 7
0.23 96 369 11 4
0.236667 79 377 9 6
0.243333 97 333 3 5
0.25 80 305 11 9
0.256667 85 267 4 1
0.263333 86 254 3 3
0.27 90 286 5 4
0.276667 84 235 3 0
0.283333 75 258 4 3
0.29 59 215 9 2
0.296667 69 225 3 2
0.303333 65 206 10 2
0.31 73 206 6 6
0.316667 64 177 3 3
0.323333 61 165 9 6
0.33 62 206 1 5
0.336667 59 215 3 3
0.343333 72 189 6 1
0.35 58 201 4 4
0.356667 71 167 3 2
0.363333 66 171 1 4
0.37 50 179 5 0
0.376667 51 148 6 0
0.383333 58 160 5 3
0.39 49 160 2 2
0.396667 52 151 4 1
0.403333 57 162 1 4
0.41 56 155 4 1
0.416667 51 145 4 1
0.423333 49 180 3 2
0.43 57 149 5 3
0.436667 53 162 6 2
0.443333 49 154 2 1
0.45 40 147 6 0
0.456667 61 160 2 6
0.463333 57 165 4 2
0.47 49 157 5 2
0.476667 58 141 3 4
0.483333 29 82 4 5
0.49 45 98 1 1
0.496667 27 70 2 1
0.503333 29 61 2 1
0.51 22 78 3 1
0.516667 26 66 3 3
0.523333 32 74 2 2
0.53 24 51 3 0
0.536667 35 68 1 3
0.543333 25 67 3 0
0.55 27 43 3 1
0.556667 28 42 4 2
0.563333 27 51 1 0
0.57 24 42 3 1
0.576667 18 66 4 1
0.583333 33 63 2 0
0.59 28 47 1 2
0.596667 11 41 2 0
0.603333 19 55 0 2
0.61 22 44 0 1
0.616667 25 48 5 3
0.623333 20 52 2 1
0.63 26 50 0 0
0.636667 31 49 0 2
0.643333 25 39 0 4
0.65 19 40 3 3
0.656667 17 43 5 2
0.663333 1417 7137 62 50
0.67 0 0 0 0
0.676667 0 0 0 0
0.683333 0 0 0 0
0.69 0 0 0 0
0.696667 0 0 0 0
0.703333 0 0 0 0
0.71 0 0 0 0
0.716667 0 0 0 0
0.723333 0 0 0 0
0.73 0 0 0 0
0.736667 0 0 0 0
0.743333 0 0 0 0
0.75 0 0 0 0
0.756667 0 0 0 0
0.763333 0 0 0 0
0.77 0 0 0 0
0.776667 0 0 0 0
0.783333 0 0 0 0
0.79 0 0 0 0
0.796667 0 0 0 0
0.803333 0 0 0 0
0.81 0 0 0 0
0.816667 0 0 0 0
0.823333 0 0 0 0
0.83 0 0 0 0
0.836667 0 0 0 0
0.843333 0 0 0 0
0.85 0 0 0 0
0.856667 0 0 0 0
0.863333 0 0 0 0
0.87 0 0 0 0
0.876667 0 0 0 0
0.883333 0 0 0 0
0.89 0 0 0 0
0.896667 0 0 0 0
0.903333 0 0 0 0
0.91 0 0 0 0
0.916667 0 0 0 0
0.923333 0 0 0 0
0.93 0 0 0 0
0.936667 0 0 0 0
0.943333 0 0 0 0
0.95 0 0 0 0
0.956667 0 0 0 0
0.963333 0 0 0 0
0.97 0 0 0 0
0.976667 0 0 0 0
0.983333 0 0 0 0
0.99 0 0 0 0
0.996667 0 0 0 0
1.00333 0 0 0 0
1.01 0 0 0 0
1.01667 0 0 0 0
1.02333 0 0 0 0
1.03 0 0 0 0
1.03667 0 0 0 0
1.04333 0 0 0 0
1.05 0 0 0 0
1.05667 0 0 0 0
1.06333 0 0 0 0
1.07 0 0 0 0
1.07667 0 0 0 0
1.08333 0 0 0 0
1.09 0 0 0 0
1.09667 0 0 0 0
1.10333 0 0 0 0
1.11 0 0 0 0
1.11667 0 0 0 0
1.12333 0 0 0 0
1.13 0 0 0 0
1.13667 0 0 0 0
1.14333 0 0 0 0
1.15 0 0 0 0
1.15667 0 0 0 0
1.16333 0 0 0 0
1.17 0 0 0 0
1.17667 0 0 0 0
1.18333 0 0 0 0
1.19 0 0 0 0
1.19667 0 0 0 0
1.20333 0 0 0 0
1.21 0 0 0 0
1.21667 0 0 0 0
1.22333 0 0 0 0
1.23 0 0 0 0
1.23667 0 0 0 0
1.24333 0 0 0 0
1.25 0 0 0 0
1.25667 0 0 0 0
1.26333 0 0 0 0
1.27 0 0 0 0
1.27667 0 0 0 0
1.28333 0 0 0 0
1.29 0 0 0 0
1.29667 0 0 0 0
1.30333 0 0 0 0
1.31 0 0 0 0
1.31667 0 0 0 0
1.32333 0 0 0 0
1.33 0 0 0 0
1.33667 0 0 0 0
1.34333 0 0 0 0
1.35 0 0 0 0
1.35667 0 0 0 0
1.36333 0 0 0 0
1.37 0 0 0 0
1.37667 0 0 0 0
1.38333 0 0 0 0
1.39 0 0 0 0
1.39667 0 0 0 0
1.40333 0 0 0 0
1.41 0 0 0 0
1.41667 0 0 0 0
1.42333 0 0 0 0
1.43 0 0 0 0
1.43667 0 0 0 0
1.44333 0 0 0 0
1.45 0 0 0 0
1.45667 0 0 0 0
1.46333 0 0 0 0
1.47 0 0 0 0
1.47667 0 0 0 0
1.48333 0 0 0 0
1.49 0 0 0 0
1.49667 0 0 0 0
1.50333 0 0 0 0
1.51 0 0 0 0
1.51667 0 0 0 0
1.52333 0 0 0 0
1.53 0 0 0 0
1.53667 0 0 0 0
1.54333 0 0 0 0
1.55 0 0 0 0
1.55667 0 0 0 0
1.56333 0 0 0 0
1.57 0 0 0 0
1.57667 0 0 0 0
1.58333 0 0 0 0
1.59 0 0 0 0
1.59667 0 0 0 0
1.60333 0 0 0 0
1.61 0 0 0 0
1.61667 0 0 0 0
1.62333 0 0 0 0
1.63 0 0 0 0
1.63667 0 0 0 0
1.64333 0 0 0 0
1.65 0 0 0 0
1.65667 0 0 0 0
1.66333 0 0 0 0
1.67 0 0 0 0
1.67667 0 0 0 0
1.68333 0 0 0 0
1.69 0 0 0 0
1.69667 0 0 0 0
1.70333 0 0 0 0
1.71 0 0 0 0
1.71667 0 0 0 0
1.72333 0 0 0 0
1.73 0 0 0 0
1.73667 0 0 0 0
1.74333 0 0 0 0
1.75 0 0 0 0
1.75667 0 0 0 0
1.76333 0 0 0 0
1.77 0 0 0 0
1.77667 0 0 0 0
1.78333 0 0 0 0
1.79 0 0 0 0
1.79667 0 0 0 0
1.80333 0 0 0 0
1.81 0 0 0 0
1.81667 0 0 0 0
1.82333 0 0 0 0
1.83 0 0 0 0
1.83667 0 0 0 0
1.84333 0 0 0 0
1.85 0 0 0 0
1.85667 0 0 0 0
1.86333 0 0 0 0
1.87 0 0 0 0
1.87667 0 0 0 0
1.88333 0 0 0 0
1.89 0 0 0 0
1.89667 0 0 0 0
1.90333 0 0 0 0
1.91 0 0 0 0
1.91667 0 0 0 0
1.92333 0 0 0 0
1.93 0 0 0 0
1.93667 0 0 0 0
1.94333 0 0 0 0
1.95 0 0 0 0
1.95667 0 0 0 0
1.96333 0 0 0 0
1.97 0 0 0 0
1.97667 0 0 0 0
1.98333 0 0 0 0
1.99 0 0 0 0
1.99667 0 0 0 0
