0.00333333 4 22 44 16
0.01 4 24 57 15
0.0166667 5 21 62 14
0.0233333 7 29 60 12
0.03 2 29 84 14
0.0366667 10 26 91 13
0.0433333 13 42 120 28
0.05 10 40 170 29
0.0566667 15 73 179 36
0.0633333 14 71 206 38
0.07 12 73 199 47
0.0766667 15 71 205 49
0.0833333 18 92 225 50
0.09 10 71 222 49
0.0966667 12 69 187 54
0.103333 14 77 218 50
0.11 20 70 236 39
0.116667 17 61 213 40
0.123333 17 69 191 36
0.13 12 52 192 29
0.136667 10 59 200 43
0.143333 14 49 174 29
0.15 12 61 171 39
0.156667 11 54 175 30
0.163333 8 62 157 27
0.17 17 58 165 26
0.176667 7 55 175 32
0.183333 11 63 143 36
0.19 10 60 171 30
0.196667 7 62 178 30
0.203333 6 63 179 23
0.21 10 49 149 14
0.216667 16 51 144 28
0.223333 13 34 120 20
0.23 13 45 137 29
0.236667 8 39 100 22
0.243333 3 48 114 32
0.25 12 37 137 21
0.256667 10 30 98 17
0.263333 6 36 104 17
0.27 4 28 100 23
0.276667 6 34 91 16
0.283333 6 27 101 17
0.29 5 31 84 8
0.296667 8 26 85 27
0.303333 5 23 79 26
0.31 2 25 88 16
0.316667 3 29 84 13
0.323333 4 18 82 7
0.33 5 18 79 19
0.336667 7 30 73 14
0.343333 7 26 69 21
0.35 4 18 73 12
0.356667 7 24 66 20
0.363333 6 19 69 20
0.37 7 29 58 13
0.376667 7 34 70 16
0.383333 5 26 59 13
0.39 8 20 61 10
0.396667 9 21 69 11
0.403333 3 24 58 6
0.41 4 19 68 12
0.416667 5 22 67 8
0.423333 5 13 62 8
0.43 3 20 61 16
0.436667 8 18 59 12
0.443333 5 21 59 12
0.45 4 20 51 10
0.456667 4 14 47 14
0.463333 4 25 40 6
0.47 8 17 62 14
0.476667 4 13 47 13
0.483333 4 17 43 11
0.49 4 12 34 8
0.496667 3 13 32 9
0.503333 6 14 31 10
0.51 2 14 33 9
0.516667 2 14 32 10
0.523333 3 11 37 8
0.53 6 14 27 8
0.536667 2 10 30 7
0.543333 4 4 24 8
0.55 0 10 35 9
0.556667 2 12 26 7
0.563333 3 13 26 4
0.57 1 11 27 5
0.576667 5 10 26 8
0.583333 6 11 22 5
0.59 1 12 21 15
0.596667 2 15 28 8
0.603333 4 17 26 3
0.61 2 8 21 8
0.616667 1 12 26 8
0.623333 0 10 25 3
0.63 4 9 28 3
0.636667 0 14 26 6
0.643333 5 8 26 8
0.65 4 7 21 10
0.656667 1 4 21 4
0.663333 61 376 1539 215
0.67 0 0 0 0
0.676667 0 0 0 0
0.683333 0 0 0 0
0.69 0 0 0 0
0.696667 0 0 0 0
0.703333 0 0 0 0
0.71 0 0 0 0
0.716667 0 0 0 0
0.723333 0 0 0 0
0.73 0 0 0 0
0.736667 0 0 0 0
0.743333 0 0 0 0
0.75 0 0 0 0
0.756667 0 0 0 0
0.763333 0 0 0 0
0.77 0 0 0 0
0.776667 0 0 0 0
0.783333 0 0 0 0
0.79 0 0 0 0
0.796667 0 0 0 0
0.803333 0 0 0 0
0.81 0 0 0 0
0.816667 0 0 0 0
0.823333 0 0 0 0
0.83 0 0 0 0
0.836667 0 0 0 0
0.843333 0 0 0 0
0.85 0 0 0 0
0.856667 0 0 0 0
0.863333 0 0 0 0
0.87 0 0 0 0
0.876667 0 0 0 0
0.883333 0 0 0 0
0.89 0 0 0 0
0.896667 0 0 0 0
0.903333 0 0 0 0
0.91 0 0 0 0
0.916667 0 0 0 0
0.923333 0 0 0 0
0.93 0 0 0 0
0.936667 0 0 0 0
0.943333 0 0 0 0
0.95 0 0 0 0
0.956667 0 0 0 0
0.963333 0 0 0 0
0.97 0 0 0 0
0.976667 0 0 0 0
0.983333 0 0 0 0
0.99 0 0 0 0
0.996667 0 0 0 0
1.00333 0 0 0 0
1.01 0 0 0 0
1.01667 0 0 0 0
1.02333 0 0 0 0
1.03 0 0 0 0
1.03667 0 0 0 0
1.04333 0 0 0 0
1.05 0 0 0 0
1.05667 0 0 0 0
1.06333 0 0 0 0
1.07 0 0 0 0
1.07667 0 0 0 0
1.08333 0 0 0 0
1.09 0 0 0 0
1.09667 0 0 0 0
1.10333 0 0 0 0
1.11 0 0 0 0
1.11667 0 0 0 0
1.12333 0 0 0 0
1.13 0 0 0 0
1.13667 0 0 0 0
1.14333 0 0 0 0
1.15 0 0 0 0
1.15667 0 0 0 0
1.16333 0 0 0 0
1.17 0 0 0 0
1.17667 0 0 0 0
1.18333 0 0 0 0
1.19 0 0 0 0
1.19667 0 0 0 0
1.20333 0 0 0 0
1.21 0 0 0 0
1.21667 0 0 0 0
1.22333 0 0 0 0
1.23 0 0 0 0
1.23667 0 0 0 0
1.24333 0 0 0 0
1.25 0 0 0 0
1.25667 0 0 0 0
1.26333 0 0 0 0
1.27 0 0 0 0
1.27667 0 0 0 0
1.28333 0 0 0 0
1.29 0 0 0 0
1.29667 0 0 0 0
1.30333 0 0 0 0
1.31 0 0 0 0
1.31667 0 0 0 0
1.32333 0 0 0 0
1.33 0 0 0 0
1.33667 0 0 0 0
1.34333 0 0 0 0
1.35 0 0 0 0
1.35667 0 0 0 0
1.36333 0 0 0 0
1.37 0 0 0 0
1.37667 0 0 0 0
1.38333 0 0 0 0
1.39 0 0 0 0
1.39667 0 0 0 0
1.40333 0 0 0 0
1.41 0 0 0 0
1.41667 0 0 0 0
1.42333 0 0 0 0
1.43 0 0 0 0
1.43667 0 0 0 0
1.44333 0 0 0 0
1.45 0 0 0 0
1.45667 0 0 0 0
1.46333 0 0 0 0
1.47 0 0 0 0
1.47667 0 0 0 0
1.48333 0 0 0 0
1.49 0 0 0 0
1.49667 0 0 0 0
1.50333 0 0 0 0
1.51 0 0 0 0
1.51667 0 0 0 0
1.52333 0 0 0 0
1.53 0 0 0 0
1.53667 0 0 0 0
1.54333 0 0 0 0
1.55 0 0 0 0
1.55667 0 0 0 0
1.56333 0 0 0 0
1.57 0 0 0 0
1.57667 0 0 0 0
1.58333 0 0 0 0
1.59 0 0 0 0
1.59667 0 0 0 0
1.60333 0 0 0 0
1.61 0 0 0 0
1.61667 0 0 0 0
1.62333 0 0 0 0
1.63 0 0 0 0
1.63667 0 0 0 0
1.64333 0 0 0 0
1.65 0 0 0 0
1.65667 0 0 0 0
1.66333 0 0 0 0
1.67 0 0 0 0
1.67667 0 0 0 0
1.68333 0 0 0 0
1.69 0 0 0 0
1.69667 0 0 0 0
1.70333 0 0 0 0
1.71 0 0 0 0
1.71667 0 0 0 0
1.72333 0 0 0 0
1.73 0 0 0 0
1.73667 0 0 0 0
1.74333 0 0 0 0
1.75 0 0 0 0
1.75667 0 0 0 0
1.76333 0 0 0 0
1.77 0 0 0 0
1.77667 0 0 0 0
1.78333 0 0 0 0
1.79 0 0 0 0
1.79667 0 0 0 0
1.80333 0 0 0 0
1.81 0 0 0 0
1.81667 0 0 0 0
1.82333 0 0 0 0
1.83 0 0 0 0
1.83667 0 0 0 0
1.84333 0 0 0 0
1.85 0 0 0 0
1.85667 0 0 0 0
1.86333 0 0 0 0
1.87 0 0 0 0
1.87667 0 0 0 0
1.88333 0 0 0 0
1.89 0 0 0 0
1.89667 0 0 0 0
1.90333 0 0 0 0
1.91 0 0 0 0
1.91667 0 0 0 0
1.92333 0 0 0 0
1.93 0 0 0 0
1.93667 0 0 0 0
1.94333 0 0 0 0
1.95 0 0 0 0
1.95667 0 0 0 0
1.96333 0 0 0 0
1.97 0 0 0 0
1.97667 0 0 0 0
1.98333 0 0 0 0
1.99 0 0 0 0
1.99667 0 0 0 0
