0.00333333 25 65 7 8
0.01 13 80 10 7
0.0166667 25 76 14 4
0.0233333 24 92 14 6
0.03 36 88 20 6
0.0366667 25 121 20 6
0.0433333 41 138 20 7
0.05 59 179 22 14
0.0566667 62 186 26 15
0.0633333 60 213 31 13
0.07 54 240 34 16
0.0766667 69 241 35 16
0.0833333 77 272 41 13
0.09 67 251 33 14
0.0966667 65 238 26 12
0.103333 67 220 29 13
0.11 54 244 21 14
0.116667 59 269 28 18
0.123333 61 256 23 17
0.13 74 236 28 18
0.136667 53 273 27 14
0.143333 70 223 26 13
0.15 59 238 29 13
0.156667 78 210 26 6
0.163333 55 222 21 12
0.17 57 238 21 14
0.176667 56 206 31 20
0.183333 65 233 25 15
0.19 60 261 17 11
0.196667 69 233 18 15
0.203333 64 222 12 14
0.21 66 237 23 11
0.216667 45 237 13 10
0.223333 42 207 20 18
0.23 50 192 14 10
0.236667 41 180 19 9
0.243333 40 156 17 8
0.25 50 173 11 11
0.256667 39 137 21 6
0.263333 44 144 18 13
0.27 48 154 16 12
0.276667 44 141 10 12
0.283333 27 138 18 5
0.29 38 121 10 8
0.296667 35 129 9 8
0.303333 35 132 12 10
0.31 36 102 17 7
0.316667 42 119 16 8
0.323333 28 114 17 9
0.33 36 128 14 9
0.336667 33 107 10 4
0.343333 30 97 5 10
0.35 25 109 9 7
0.356667 34 76 13 3
0.363333 23 81 18 4
0.37 30 84 5 15
0.376667 32 95 9 10
0.383333 24 94 9 8
0.39 28 96 13 8
0.396667 28 97 11 8
0.403333 16 88 10 4
0.41 14 94 13 6
0.416667 24 95 7 10
0.423333 23 89 11 7
0.43 16 85 5 4
0.436667 30 88 7 7
0.443333 31 85 4 12
0.45 19 82 8 9
0.456667 23 79 8 5
0.463333 27 69 11 8
0.47 38 86 8 8
0.476667 20 75 6 6
0.483333 17 52 5 7
0.49 14 49 10 4
0.496667 24 36 8 2
0.503333 19 34 3 4
0.51 16 54 5 4
0.516667 11 41 7 5
0.523333 20 44 6 6
0.53 9 37 2 2
0.536667 13 42 1 2
0.543333 15 35 9 3
0.55 10 36 11 2
0.556667 10 40 7 5
0.563333 12 36 4 4
0.57 12 45 9 7
0.576667 20 42 6 2
0.583333 14 38 10 0
0.59 8 48 4 1
0.596667 12 29 7 2
0.603333 11 48 8 3
0.61 10 32 6 5
0.616667 15 32 1 5
0.623333 12 27 4 2
0.63 11 32 4 2
0.636667 12 42 7 4
0.643333 8 37 3 1
0.65 9 29 4 4
0.656667 7 20 3 6
0.663333 783 2934 142 204
0.67 0 0 0 0
0.676667 0 0 0 0
0.683333 0 0 0 0
0.69 0 0 0 0
0.696667 0 0 0 0
0.703333 0 0 0 0
0.71 0 0 0 0
0.716667 0 0 0 0
0.723333 0 0 0 0
0.73 0 0 0 0
0.736667 0 0 0 0
0.743333 0 0 0 0
0.75 0 0 0 0
0.756667 0 0 0 0
0.763333 0 0 0 0
0.77 0 0 0 0
0.776667 0 0 0 0
0.783333 0 0 0 0
0.79 0 0 0 0
0.796667 0 0 0 0
0.803333 0 0 0 0
0.81 0 0 0 0
0.816667 0 0 0 0
0.823333 0 0 0 0
0.83 0 0 0 0
0.836667 0 0 0 0
0.843333 0 0 0 0
0.85 0 0 0 0
0.856667 0 0 0 0
0.863333 0 0 0 0
0.87 0 0 0 0
0.876667 0 0 0 0
0.883333 0 0 0 0
0.89 0 0 0 0
0.896667 0 0 0 0
0.903333 0 0 0 0
0.91 0 0 0 0
0.916667 0 0 0 0
0.923333 0 0 0 0
0.93 0 0 0 0
0.936667 0 0 0 0
0.943333 0 0 0 0
0.95 0 0 0 0
0.956667 0 0 0 0
0.963333 0 0 0 0
0.97 0 0 0 0
0.976667 0 0 0 0
0.983333 0 0 0 0
0.99 0 0 0 0
0.996667 0 0 0 0
1.00333 0 0 0 0
1.01 0 0 0 0
1.01667 0 0 0 0
1.02333 0 0 0 0
1.03 0 0 0 0
1.03667 0 0 0 0
1.04333 0 0 0 0
1.05 0 0 0 0
1.05667 0 0 0 0
1.06333 0 0 0 0
1.07 0 0 0 0
1.07667 0 0 0 0
1.08333 0 0 0 0
1.09 0 0 0 0
1.09667 0 0 0 0
1.10333 0 0 0 0
1.11 0 0 0 0
1.11667 0 0 0 0
1.12333 0 0 0 0
1.13 0 0 0 0
1.13667 0 0 0 0
1.14333 0 0 0 0
1.15 0 0 0 0
1.15667 0 0 0 0
1.16333 0 0 0 0
1.17 0 0 0 0
1.17667 0 0 0 0
1.18333 0 0 0 0
1.19 0 0 0 0
1.19667 0 0 0 0
1.20333 0 0 0 0
1.21 0 0 0 0
1.21667 0 0 0 0
1.22333 0 0 0 0
1.23 0 0 0 0
1.23667 0 0 0 0
1.24333 0 0 0 0
1.25 0 0 0 0
1.25667 0 0 0 0
1.26333 0 0 0 0
1.27 0 0 0 0
1.27667 0 0 0 0
1.28333 0 0 0 0
1.29 0 0 0 0
1.29667 0 0 0 0
1.30333 0 0 0 0
1.31 0 0 0 0
1.31667 0 0 0 0
1.32333 0 0 0 0
1.33 0 0 0 0
1.33667 0 0 0 0
1.34333 0 0 0 0
1.35 0 0 0 0
1.35667 0 0 0 0
1.36333 0 0 0 0
1.37 0 0 0 0
1.37667 0 0 0 0
1.38333 0 0 0 0
1.39 0 0 0 0
1.39667 0 0 0 0
1.40333 0 0 0 0
1.41 0 0 0 0
1.41667 0 0 0 0
1.42333 0 0 0 0
1.43 0 0 0 0
1.43667 0 0 0 0
1.44333 0 0 0 0
1.45 0 0 0 0
1.45667 0 0 0 0
1.46333 0 0 0 0
1.47 0 0 0 0
1.47667 0 0 0 0
1.48333 0 0 0 0
1.49 0 0 0 0
1.49667 0 0 0 0
1.50333 0 0 0 0
1.51 0 0 0 0
1.51667 0 0 0 0
1.52333 0 0 0 0
1.53 0 0 0 0
1.53667 0 0 0 0
1.54333 0 0 0 0
1.55 0 0 0 0
1.55667 0 0 0 0
1.56333 0 0 0 0
1.57 0 0 0 0
1.57667 0 0 0 0
1.58333 0 0 0 0
1.59 0 0 0 0
1.59667 0 0 0 0
1.60333 0 0 0 0
1.61 0 0 0 0
1.61667 0 0 0 0
1.62333 0 0 0 0
1.63 0 0 0 0
1.63667 0 0 0 0
1.64333 0 0 0 0
1.65 0 0 0 0
1.65667 0 0 0 0
1.66333 0 0 0 0
1.67 0 0 0 0
1.67667 0 0 0 0
1.68333 0 0 0 0
1.69 0 0 0 0
1.69667 0 0 0 0
1.70333 0 0 0 0
1.71 0 0 0 0
1.71667 0 0 0 0
1.72333 0 0 0 0
1.73 0 0 0 0
1.73667 0 0 0 0
1.74333 0 0 0 0
1.75 0 0 0 0
1.75667 0 0 0 0
1.76333 0 0 0 0
1.77 0 0 0 0
1.77667 0 0 0 0
1.78333 0 0 0 0
1.79 0 0 0 0
1.79667 0 0 0 0
1.80333 0 0 0 0
1.81 0 0 0 0
1.81667 0 0 0 0
1.82333 0 0 0 0
1.83 0 0 0 0
1.83667 0 0 0 0
1.84333 0 0 0 0
1.85 0 0 0 0
1.85667 0 0 0 0
1.86333 0 0 0 0
1.87 0 0 0 0
1.87667 0 0 0 0
1.88333 0 0 0 0
1.89 0 0 0 0
1.89667 0 0 0 0
1.90333 0 0 0 0
1.91 0 0 0 0
1.91667 0 0 0 0
1.92333 0 0 0 0
1.93 0 0 0 0
1.93667 0 0 0 0
1.94333 0 0 0 0
1.95 0 0 0 0
1.95667 0 0 0 0
1.96333 0 0 0 0
1.97 0 0 0 0
1.97667 0 0 0 0
1.98333 0 0 0 0
1.99 0 0 0 0
1.99667 0 0 0 0
