0.00333333 33 78 6 4
0.01 48 67 5 1
0.0166667 46 79 7 0
0.0233333 44 94 5 2
0.03 59 115 7 5
0.0366667 54 112 11 3
0.0433333 78 150 12 6
0.05 97 205 13 4
0.0566667 125 209 22 5
0.0633333 127 288 18 9
0.07 151 290 12 6
0.0766667 131 277 23 9
0.0833333 134 297 34 14
0.09 157 300 31 7
0.0966667 154 332 24 5
0.103333 156 276 17 5
0.11 157 303 31 8
0.116667 127 285 24 11
0.123333 130 312 25 5
0.13 128 308 12 6
0.136667 116 259 18 15
0.143333 128 260 20 7
0.15 125 274 17 6
0.156667 109 258 19 3
0.163333 106 228 16 6
0.17 94 231 16 7
0.176667 136 234 15 5
0.183333 111 260 10 5
0.19 100 269 16 8
0.196667 122 240 9 3
0.203333 101 228 17 7
0.21 108 241 11 6
0.216667 78 217 12 9
0.223333 109 196 19 8
0.23 84 189 12 5
0.236667 90 197 13 5
0.243333 85 183 10 5
0.25 81 158 5 2
0.256667 65 146 9 4
0.263333 55 144 10 5
0.27 83 168 12 7
0.276667 78 152 12 6
0.283333 70 154 14 4
0.29 66 131 5 3
0.296667 63 105 4 4
0.303333 44 125 4 5
0.31 66 136 14 6
0.316667 51 114 4 4
0.323333 60 101 14 1
0.33 54 109 9 4
0.336667 58 99 8 4
0.343333 51 122 5 3
0.35 46 108 7 8
0.356667 50 95 3 2
0.363333 47 102 7 1
0.37 41 67 5 2
0.376667 47 85 11 7
0.383333 43 94 9 3
0.39 45 90 6 2
0.396667 48 90 7 5
0.403333 47 82 9 4
0.41 49 89 6 2
0.416667 39 85 6 5
0.423333 43 89 6 1
0.43 36 88 8 4
0.436667 40 80 4 4
0.443333 42 75 8 2
0.45 47 72 5 1
0.456667 45 83 4 3
0.463333 33 100 1 5
0.47 30 87 5 2
0.476667 33 75 6 0
0.483333 25 49 3 3
0.49 28 51 5 3
0.496667 27 47 5 0
0.503333 30 50 5 6
0.51 20 49 8 0
0.516667 25 43 4 2
0.523333 14 40 3 0
0.53 24 38 6 1
0.536667 26 40 0 0
0.543333 20 37 5 2
0.55 20 42 1 2
0.556667 25 32 6 0
0.563333 12 34 3 1
0.57 20 35 5 1
0.576667 14 39 4 1
0.583333 19 42 6 1
0.59 23 30 3 2
0.596667 19 27 2 3
0.603333 12 43 3 3
0.61 19 32 1 2
0.616667 21 27 7 2
0.623333 16 31 4 5
0.63 24 44 1 0
0.636667 20 41 5 1
0.643333 11 30 3 0
0.65 18 31 4 2
0.656667 13 34 6 2
0.663333 1069 2603 107 43
0.67 0 0 0 0
0.676667 0 0 0 0
0.683333 0 0 0 0
0.69 0 0 0 0
0.696667 0 0 0 0
0.703333 0 0 0 0
0.71 0 0 0 0
0.716667 0 0 0 0
0.723333 0 0 0 0
0.73 0 0 0 0
0.736667 0 0 0 0
0.743333 0 0 0 0
0.75 0 0 0 0
0.756667 0 0 0 0
0.763333 0 0 0 0
0.77 0 0 0 0
0.776667 0 0 0 0
0.783333 0 0 0 0
0.79 0 0 0 0
0.796667 0 0 0 0
0.803333 0 0 0 0
0.81 0 0 0 0
0.816667 0 0 0 0
0.823333 0 0 0 0
0.83 0 0 0 0
0.836667 0 0 0 0
0.843333 0 0 0 0
0.85 0 0 0 0
0.856667 0 0 0 0
0.863333 0 0 0 0
0.87 0 0 0 0
0.876667 0 0 0 0
0.883333 0 0 0 0
0.89 0 0 0 0
0.896667 0 0 0 0
0.903333 0 0 0 0
0.91 0 0 0 0
0.916667 0 0 0 0
0.923333 0 0 0 0
0.93 0 0 0 0
0.936667 0 0 0 0
0.943333 0 0 0 0
0.95 0 0 0 0
0.956667 0 0 0 0
0.963333 0 0 0 0
0.97 0 0 0 0
0.976667 0 0 0 0
0.983333 0 0 0 0
0.99 0 0 0 0
0.996667 0 0 0 0
1.00333 0 0 0 0
1.01 0 0 0 0
1.01667 0 0 0 0
1.02333 0 0 0 0
1.03 0 0 0 0
1.03667 0 0 0 0
1.04333 0 0 0 0
1.05 0 0 0 0
1.05667 0 0 0 0
1.06333 0 0 0 0
1.07 0 0 0 0
1.07667 0 0 0 0
1.08333 0 0 0 0
1.09 0 0 0 0
1.09667 0 0 0 0
1.10333 0 0 0 0
1.11 0 0 0 0
1.11667 0 0 0 0
1.12333 0 0 0 0
1.13 0 0 0 0
1.13667 0 0 0 0
1.14333 0 0 0 0
1.15 0 0 0 0
1.15667 0 0 0 0
1.16333 0 0 0 0
1.17 0 0 0 0
1.17667 0 0 0 0
1.18333 0 0 0 0
1.19 0 0 0 0
1.19667 0 0 0 0
1.20333 0 0 0 0
1.21 0 0 0 0
1.21667 0 0 0 0
1.22333 0 0 0 0
1.23 0 0 0 0
1.23667 0 0 0 0
1.24333 0 0 0 0
1.25 0 0 0 0
1.25667 0 0 0 0
1.26333 0 0 0 0
1.27 0 0 0 0
1.27667 0 0 0 0
1.28333 0 0 0 0
1.29 0 0 0 0
1.29667 0 0 0 0
1.30333 0 0 0 0
1.31 0 0 0 0
1.31667 0 0 0 0
1.32333 0 0 0 0
1.33 0 0 0 0
1.33667 0 0 0 0
1.34333 0 0 0 0
1.35 0 0 0 0
1.35667 0 0 0 0
1.36333 0 0 0 0
1.37 0 0 0 0
1.37667 0 0 0 0
1.38333 0 0 0 0
1.39 0 0 0 0
1.39667 0 0 0 0
1.40333 0 0 0 0
1.41 0 0 0 0
1.41667 0 0 0 0
1.42333 0 0 0 0
1.43 0 0 0 0
1.43667 0 0 0 0
1.44333 0 0 0 0
1.45 0 0 0 0
1.45667 0 0 0 0
1.46333 0 0 0 0
1.47 0 0 0 0
1.47667 0 0 0 0
1.48333 0 0 0 0
1.49 0 0 0 0
1.49667 0 0 0 0
1.50333 0 0 0 0
1.51 0 0 0 0
1.51667 0 0 0 0
1.52333 0 0 0 0
1.53 0 0 0 0
1.53667 0 0 0 0
1.54333 0 0 0 0
1.55 0 0 0 0
1.55667 0 0 0 0
1.56333 0 0 0 0
1.57 0 0 0 0
1.57667 0 0 0 0
1.58333 0 0 0 0
1.59 0 0 0 0
1.59667 0 0 0 0
1.60333 0 0 0 0
1.61 0 0 0 0
1.61667 0 0 0 0
1.62333 0 0 0 0
1.63 0 0 0 0
1.63667 0 0 0 0
1.64333 0 0 0 0
1.65 0 0 0 0
1.65667 0 0 0 0
1.66333 0 0 0 0
1.67 0 0 0 0
1.67667 0 0 0 0
1.68333 0 0 0 0
1.69 0 0 0 0
1.69667 0 0 0 0
1.70333 0 0 0 0
1.71 0 0 0 0
1.71667 0 0 0 0
1.72333 0 0 0 0
1.73 0 0 0 0
1.73667 0 0 0 0
1.74333 0 0 0 0
1.75 0 0 0 0
1.75667 0 0 0 0
1.76333 0 0 0 0
1.77 0 0 0 0
1.77667 0 0 0 0
1.78333 0 0 0 0
1.79 0 0 0 0
1.79667 0 0 0 0
1.80333 0 0 0 0
1.81 0 0 0 0
1.81667 0 0 0 0
1.82333 0 0 0 0
1.83 0 0 0 0
1.83667 0 0 0 0
1.84333 0 0 0 0
1.85 0 0 0 0
1.85667 0 0 0 0
1.86333 0 0 0 0
1.87 0 0 0 0
1.87667 0 0 0 0
1.88333 0 0 0 0
1.89 0 0 0 0
1.89667 0 0 0 0
1.90333 0 0 0 0
1.91 0 0 0 0
1.91667 0 0 0 0
1.92333 0 0 0 0
1.93 0 0 0 0
1.93667 0 0 0 0
1.94333 0 0 0 0
1.95 0 0 0 0
1.95667 0 0 0 0
1.96333 0 0 0 0
1.97 0 0 0 0
1.97667 0 0 0 0
1.98333 0 0 0 0
1.99 0 0 0 0
1.99667 0 0 0 0
