0.00333333 8 66 6 0
0.01 13 80 9 0
0.0166667 13 83 9 0
0.0233333 14 80 11 0
0.03 13 64 16 1
0.0366667 24 71 12 0
0.0433333 24 95 8 2
0.05 27 107 18 1
0.0566667 44 133 12 1
0.0633333 42 140 20 1
0.07 43 148 18 1
0.0766667 52 131 16 0
0.0833333 37 141 22 0
0.09 57 161 17 0
0.0966667 50 153 25 3
0.103333 44 126 31 0
0.11 48 137 17 0
0.116667 44 163 17 2
0.123333 41 177 16 1
0.13 37 160 16 2
0.136667 46 156 11 2
0.143333 41 143 18 0
0.15 36 133 18 0
0.156667 25 147 23 1
0.163333 34 146 14 2
0.17 26 130 20 3
0.176667 36 162 21 2
0.183333 28 152 21 1
0.19 18 146 31 5
0.196667 19 130 22 2
0.203333 20 163 28 0
0.21 29 161 14 0
0.216667 15 154 22 0
0.223333 26 130 23 1
0.23 15 154 17 3
0.236667 31 138 20 0
0.243333 29 145 22 0
0.25 29 122 19 1
0.256667 19 138 17 2
0.263333 21 116 17 1
0.27 32 128 17 1
0.276667 23 125 15 1
0.283333 21 141 12 1
0.29 23 103 17 0
0.296667 16 101 10 2
0.303333 20 103 9 0
0.31 21 107 17 0
0.316667 12 76 16 1
0.323333 16 99 12 2
0.33 14 94 8 0
0.336667 17 90 18 0
0.343333 16 90 19 0
0.35 27 91 11 0
0.356667 14 77 11 2
0.363333 20 92 22 1
0.37 18 79 10 0
0.376667 15 77 7 0
0.383333 19 75 18 1
0.39 17 72 13 0
0.396667 22 84 14 1
0.403333 21 101 9 1
0.41 23 88 16 1
0.416667 18 80 15 2
0.423333 16 84 17 1
0.43 22 99 20 0
0.436667 10 88 21 0
0.443333 21 66 16 0
0.45 18 89 13 0
0.456667 18 90 10 1
0.463333 11 86 16 0
0.47 11 109 17 0
0.476667 11 71 13 0
0.483333 14 47 3 0
0.49 15 40 8 0
0.496667 9 37 5 0
0.503333 16 46 4 0
0.51 16 49 8 0
0.516667 13 45 5 0
0.523333 6 32 1 0
0.53 12 32 3 0
0.536667 12 46 7 1
0.543333 8 46 4 0
0.55 11 37 9 0
0.556667 15 39 6 0
0.563333 13 36 7 0
0.57 6 32 10 0
0.576667 11 38 3 0
0.583333 12 34 4 0
0.59 12 37 3 0
0.596667 8 29 5 2
0.603333 7 50 3 0
0.61 11 28 3 0
0.616667 11 33 4 0
0.623333 7 28 2 0
0.63 6 39 4 0
0.636667 6 40 3 2
0.643333 8 31 1 0
0.65 6 34 0 0
0.656667 7 31 0 1
0.663333 275 3649 739 5
0.67 0 0 0 0
0.676667 0 0 0 0
0.683333 0 0 0 0
0.69 0 0 0 0
0.696667 0 0 0 0
0.703333 0 0 0 0
0.71 0 0 0 0
0.716667 0 0 0 0
0.723333 0 0 0 0
0.73 0 0 0 0
0.736667 0 0 0 0
0.743333 0 0 0 0
0.75 0 0 0 0
0.756667 0 0 0 0
0.763333 0 0 0 0
0.77 0 0 0 0
0.776667 0 0 0 0
0.783333 0 0 0 0
0.79 0 0 0 0
0.796667 0 0 0 0
0.803333 0 0 0 0
0.81 0 0 0 0
0.816667 0 0 0 0
0.823333 0 0 0 0
0.83 0 0 0 0
0.836667 0 0 0 0
0.843333 0 0 0 0
0.85 0 0 0 0
0.856667 0 0 0 0
0.863333 0 0 0 0
0.87 0 0 0 0
0.876667 0 0 0 0
0.883333 0 0 0 0
0.89 0 0 0 0
0.896667 0 0 0 0
0.903333 0 0 0 0
0.91 0 0 0 0
0.916667 0 0 0 0
0.923333 0 0 0 0
0.93 0 0 0 0
0.936667 0 0 0 0
0.943333 0 0 0 0
0.95 0 0 0 0
0.956667 0 0 0 0
0.963333 0 0 0 0
0.97 0 0 0 0
0.976667 0 0 0 0
0.983333 0 0 0 0
0.99 0 0 0 0
0.996667 0 0 0 0
1.00333 0 0 0 0
1.01 0 0 0 0
1.01667 0 0 0 0
1.02333 0 0 0 0
1.03 0 0 0 0
1.03667 0 0 0 0
1.04333 0 0 0 0
1.05 0 0 0 0
1.05667 0 0 0 0
1.06333 0 0 0 0
1.07 0 0 0 0
1.07667 0 0 0 0
1.08333 0 0 0 0
1.09 0 0 0 0
1.09667 0 0 0 0
1.10333 0 0 0 0
1.11 0 0 0 0
1.11667 0 0 0 0
1.12333 0 0 0 0
1.13 0 0 0 0
1.13667 0 0 0 0
1.14333 0 0 0 0
1.15 0 0 0 0
1.15667 0 0 0 0
1.16333 0 0 0 0
1.17 0 0 0 0
1.17667 0 0 0 0
1.18333 0 0 0 0
1.19 0 0 0 0
1.19667 0 0 0 0
1.20333 0 0 0 0
1.21 0 0 0 0
1.21667 0 0 0 0
1.22333 0 0 0 0
1.23 0 0 0 0
1.23667 0 0 0 0
1.24333 0 0 0 0
1.25 0 0 0 0
1.25667 0 0 0 0
1.26333 0 0 0 0
1.27 0 0 0 0
1.27667 0 0 0 0
1.28333 0 0 0 0
1.29 0 0 0 0
1.29667 0 0 0 0
1.30333 0 0 0 0
1.31 0 0 0 0
1.31667 0 0 0 0
1.32333 0 0 0 0
1.33 0 0 0 0
1.33667 0 0 0 0
1.34333 0 0 0 0
1.35 0 0 0 0
1.35667 0 0 0 0
1.36333 0 0 0 0
1.37 0 0 0 0
1.37667 0 0 0 0
1.38333 0 0 0 0
1.39 0 0 0 0
1.39667 0 0 0 0
1.40333 0 0 0 0
1.41 0 0 0 0
1.41667 0 0 0 0
1.42333 0 0 0 0
1.43 0 0 0 0
1.43667 0 0 0 0
1.44333 0 0 0 0
1.45 0 0 0 0
1.45667 0 0 0 0
1.46333 0 0 0 0
1.47 0 0 0 0
1.47667 0 0 0 0
1.48333 0 0 0 0
1.49 0 0 0 0
1.49667 0 0 0 0
1.50333 0 0 0 0
1.51 0 0 0 0
1.51667 0 0 0 0
1.52333 0 0 0 0
1.53 0 0 0 0
1.53667 0 0 0 0
1.54333 0 0 0 0
1.55 0 0 0 0
1.55667 0 0 0 0
1.56333 0 0 0 0
1.57 0 0 0 0
1.57667 0 0 0 0
1.58333 0 0 0 0
1.59 0 0 0 0
1.59667 0 0 0 0
1.60333 0 0 0 0
1.61 0 0 0 0
1.61667 0 0 0 0
1.62333 0 0 0 0
1.63 0 0 0 0
1.63667 0 0 0 0
1.64333 0 0 0 0
1.65 0 0 0 0
1.65667 0 0 0 0
1.66333 0 0 0 0
1.67 0 0 0 0
1.67667 0 0 0 0
1.68333 0 0 0 0
1.69 0 0 0 0
1.69667 0 0 0 0
1.70333 0 0 0 0
1.71 0 0 0 0
1.71667 0 0 0 0
1.72333 0 0 0 0
1.73 0 0 0 0
1.73667 0 0 0 0
1.74333 0 0 0 0
1.75 0 0 0 0
1.75667 0 0 0 0
1.76333 0 0 0 0
1.77 0 0 0 0
1.77667 0 0 0 0
1.78333 0 0 0 0
1.79 0 0 0 0
1.79667 0 0 0 0
1.80333 0 0 0 0
1.81 0 0 0 0
1.81667 0 0 0 0
1.82333 0 0 0 0
1.83 0 0 0 0
1.83667 0 0 0 0
1.84333 0 0 0 0
1.85 0 0 0 0
1.85667 0 0 0 0
1.86333 0 0 0 0
1.87 0 0 0 0
1.87667 0 0 0 0
1.88333 0 0 0 0
1.89 0 0 0 0
1.89667 0 0 0 0
1.90333 0 0 0 0
1.91 0 0 0 0
1.91667 0 0 0 0
1.92333 0 0 0 0
1.93 0 0 0 0
1.93667 0 0 0 0
1.94333 0 0 0 0
1.95 0 0 0 0
1.95667 0 0 0 0
1.96333 0 0 0 0
1.97 0 0 0 0
1.97667 0 0 0 0
1.98333 0 0 0 0
1.99 0 0 0 0
1.99667 0 0 0 0
