0.00333333 3 32 21 1
0.01 17 51 7 3
0.0166667 17 58 20 2
0.0233333 24 51 23 3
0.03 20 57 18 0
0.0366667 16 85 21 7
0.0433333 31 119 29 4
0.05 45 140 30 5
0.0566667 58 162 52 10
0.0633333 53 151 50 16
0.07 52 175 46 12
0.0766667 52 177 56 12
0.0833333 54 167 60 7
0.09 61 194 51 13
0.0966667 50 190 53 10
0.103333 64 159 57 3
0.11 48 149 60 11
0.116667 55 161 61 11
0.123333 45 158 53 4
0.13 25 177 47 5
0.136667 40 148 49 4
0.143333 37 151 45 6
0.15 30 129 52 11
0.156667 35 119 40 13
0.163333 33 110 32 7
0.17 37 110 43 7
0.176667 44 129 49 3
0.183333 40 125 52 6
0.19 31 125 50 7
0.196667 34 133 45 8
0.203333 41 102 41 4
0.21 30 105 43 7
0.216667 23 100 39 3
0.223333 34 93 45 3
0.23 18 99 38 2
0.236667 24 103 40 6
0.243333 20 82 30 2
0.25 31 85 30 6
0.256667 21 93 37 7
0.263333 27 88 26 3
0.27 16 74 18 10
0.276667 23 83 29 4
0.283333 25 69 23 5
0.29 16 69 27 3
0.296667 16 85 22 2
0.303333 19 67 17 6
0.31 19 55 18 2
0.316667 18 61 28 1
0.323333 21 63 16 5
0.33 15 62 22 2
0.336667 22 67 31 2
0.343333 18 65 24 2
0.35 17 60 17 6
0.356667 18 58 21 3
0.363333 15 57 21 2
0.37 19 70 21 4
0.376667 16 33 25 6
0.383333 19 56 17 5
0.39 12 59 19 2
0.396667 14 40 24 2
0.403333 19 51 19 2
0.41 18 43 23 5
0.416667 16 35 13 3
0.423333 11 50 17 2
0.43 11 39 20 1
0.436667 11 38 18 3
0.443333 15 42 16 3
0.45 11 48 22 1
0.456667 12 42 15 7
0.463333 10 53 12 2
0.47 11 42 18 3
0.476667 11 39 12 0
0.483333 9 23 9 1
0.49 9 26 12 2
0.496667 5 17 8 1
0.503333 12 17 10 1
0.51 10 30 11 1
0.516667 6 21 13 0
0.523333 7 22 7 2
0.53 10 27 9 0
0.536667 11 28 16 1
0.543333 5 23 13 7
0.55 8 25 10 2
0.556667 9 14 5 4
0.563333 12 24 8 3
0.57 8 18 12 1
0.576667 7 23 17 3
0.583333 9 22 11 5
0.59 7 20 4 2
0.596667 5 17 10 1
0.603333 4 20 11 2
0.61 8 24 6 2
0.616667 6 21 16 0
0.623333 4 24 11 2
0.63 9 17 8 2
0.636667 9 22 10 3
0.643333 10 26 11 0
0.65 3 22 9 0
0.656667 9 23 6 0
0.663333 236 939 434 28
0.67 0 0 0 0
0.676667 0 0 0 0
0.683333 0 0 0 0
0.69 0 0 0 0
0.696667 0 0 0 0
0.703333 0 0 0 0
0.71 0 0 0 0
0.716667 0 0 0 0
0.723333 0 0 0 0
0.73 0 0 0 0
0.736667 0 0 0 0
0.743333 0 0 0 0
0.75 0 0 0 0
0.756667 0 0 0 0
0.763333 0 0 0 0
0.77 0 0 0 0
0.776667 0 0 0 0
0.783333 0 0 0 0
0.79 0 0 0 0
0.796667 0 0 0 0
0.803333 0 0 0 0
0.81 0 0 0 0
0.816667 0 0 0 0
0.823333 0 0 0 0
0.83 0 0 0 0
0.836667 0 0 0 0
0.843333 0 0 0 0
0.85 0 0 0 0
0.856667 0 0 0 0
0.863333 0 0 0 0
0.87 0 0 0 0
0.876667 0 0 0 0
0.883333 0 0 0 0
0.89 0 0 0 0
0.896667 0 0 0 0
0.903333 0 0 0 0
0.91 0 0 0 0
0.916667 0 0 0 0
0.923333 0 0 0 0
0.93 0 0 0 0
0.936667 0 0 0 0
0.943333 0 0 0 0
0.95 0 0 0 0
0.956667 0 0 0 0
0.963333 0 0 0 0
0.97 0 0 0 0
0.976667 0 0 0 0
0.983333 0 0 0 0
0.99 0 0 0 0
0.996667 0 0 0 0
1.00333 0 0 0 0
1.01 0 0 0 0
1.01667 0 0 0 0
1.02333 0 0 0 0
1.03 0 0 0 0
1.03667 0 0 0 0
1.04333 0 0 0 0
1.05 0 0 0 0
1.05667 0 0 0 0
1.06333 0 0 0 0
1.07 0 0 0 0
1.07667 0 0 0 0
1.08333 0 0 0 0
1.09 0 0 0 0
1.09667 0 0 0 0
1.10333 0 0 0 0
1.11 0 0 0 0
1.11667 0 0 0 0
1.12333 0 0 0 0
1.13 0 0 0 0
1.13667 0 0 0 0
1.14333 0 0 0 0
1.15 0 0 0 0
1.15667 0 0 0 0
1.16333 0 0 0 0
1.17 0 0 0 0
1.17667 0 0 0 0
1.18333 0 0 0 0
1.19 0 0 0 0
1.19667 0 0 0 0
1.20333 0 0 0 0
1.21 0 0 0 0
1.21667 0 0 0 0
1.22333 0 0 0 0
1.23 0 0 0 0
1.23667 0 0 0 0
1.24333 0 0 0 0
1.25 0 0 0 0
1.25667 0 0 0 0
1.26333 0 0 0 0
1.27 0 0 0 0
1.27667 0 0 0 0
1.28333 0 0 0 0
1.29 0 0 0 0
1.29667 0 0 0 0
1.30333 0 0 0 0
1.31 0 0 0 0
1.31667 0 0 0 0
1.32333 0 0 0 0
1.33 0 0 0 0
1.33667 0 0 0 0
1.34333 0 0 0 0
1.35 0 0 0 0
1.35667 0 0 0 0
1.36333 0 0 0 0
1.37 0 0 0 0
1.37667 0 0 0 0
1.38333 0 0 0 0
1.39 0 0 0 0
1.39667 0 0 0 0
1.40333 0 0 0 0
1.41 0 0 0 0
1.41667 0 0 0 0
1.42333 0 0 0 0
1.43 0 0 0 0
1.43667 0 0 0 0
1.44333 0 0 0 0
1.45 0 0 0 0
1.45667 0 0 0 0
1.46333 0 0 0 0
1.47 0 0 0 0
1.47667 0 0 0 0
1.48333 0 0 0 0
1.49 0 0 0 0
1.49667 0 0 0 0
1.50333 0 0 0 0
1.51 0 0 0 0
1.51667 0 0 0 0
1.52333 0 0 0 0
1.53 0 0 0 0
1.53667 0 0 0 0
1.54333 0 0 0 0
1.55 0 0 0 0
1.55667 0 0 0 0
1.56333 0 0 0 0
1.57 0 0 0 0
1.57667 0 0 0 0
1.58333 0 0 0 0
1.59 0 0 0 0
1.59667 0 0 0 0
1.60333 0 0 0 0
1.61 0 0 0 0
1.61667 0 0 0 0
1.62333 0 0 0 0
1.63 0 0 0 0
1.63667 0 0 0 0
1.64333 0 0 0 0
1.65 0 0 0 0
1.65667 0 0 0 0
1.66333 0 0 0 0
1.67 0 0 0 0
1.67667 0 0 0 0
1.68333 0 0 0 0
1.69 0 0 0 0
1.69667 0 0 0 0
1.70333 0 0 0 0
1.71 0 0 0 0
1.71667 0 0 0 0
1.72333 0 0 0 0
1.73 0 0 0 0
1.73667 0 0 0 0
1.74333 0 0 0 0
1.75 0 0 0 0
1.75667 0 0 0 0
1.76333 0 0 0 0
1.77 0 0 0 0
1.77667 0 0 0 0
1.78333 0 0 0 0
1.79 0 0 0 0
1.79667 0 0 0 0
1.80333 0 0 0 0
1.81 0 0 0 0
1.81667 0 0 0 0
1.82333 0 0 0 0
1.83 0 0 0 0
1.83667 0 0 0 0
1.84333 0 0 0 0
1.85 0 0 0 0
1.85667 0 0 0 0
1.86333 0 0 0 0
1.87 0 0 0 0
1.87667 0 0 0 0
1.88333 0 0 0 0
1.89 0 0 0 0
1.89667 0 0 0 0
1.90333 0 0 0 0
1.91 0 0 0 0
1.91667 0 0 0 0
1.92333 0 0 0 0
1.93 0 0 0 0
1.93667 0 0 0 0
1.94333 0 0 0 0
1.95 0 0 0 0
1.95667 0 0 0 0
1.96333 0 0 0 0
1.97 0 0 0 0
1.97667 0 0 0 0
1.98333 0 0 0 0
1.99 0 0 0 0
1.99667 0 0 0 0
