0.00333333 0 1 133 19
0.01 1 2 139 12
0.0166667 1 1 129 18
0.0233333 1 2 142 17
0.03 1 2 138 20
0.0366667 1 2 188 29
0.0433333 2 2 170 38
0.05 2 6 216 58
0.0566667 2 5 214 55
0.0633333 3 3 239 66
0.07 1 7 227 48
0.0766667 0 4 266 63
0.0833333 0 9 286 75
0.09 0 11 289 83
0.0966667 0 5 311 56
0.103333 1 7 249 57
0.11 1 8 290 72
0.116667 2 6 317 59
0.123333 1 7 310 48
0.13 0 12 315 55
0.136667 1 2 290 51
0.143333 3 2 326 51
0.15 2 10 338 51
0.156667 2 7 312 40
0.163333 0 9 294 40
0.17 3 3 309 51
0.176667 0 5 273 45
0.183333 4 5 367 39
0.19 0 7 484 37
0.196667 1 6 426 36
0.203333 0 2 384 32
0.21 1 9 405 49
0.216667 1 2 346 43
0.223333 1 5 338 39
0.23 0 7 287 26
0.236667 1 4 295 41
0.243333 4 2 275 33
0.25 5 5 248 41
0.256667 0 2 238 32
0.263333 2 4 232 24
0.27 1 7 233 32
0.276667 0 3 198 30
0.283333 1 0 196 35
0.29 1 5 180 27
0.296667 1 4 186 28
0.303333 2 3 181 27
0.31 1 3 183 29
0.316667 1 1 182 25
0.323333 2 4 165 29
0.33 0 3 178 27
0.336667 2 3 143 38
0.343333 4 3 122 26
0.35 1 3 155 25
0.356667 1 4 137 29
0.363333 0 2 143 22
0.37 0 2 150 23
0.376667 1 1 148 21
0.383333 0 2 146 31
0.39 0 0 127 16
0.396667 0 3 153 24
0.403333 2 4 132 10
0.41 0 2 139 22
0.416667 1 4 132 17
0.423333 0 4 161 31
0.43 0 0 139 27
0.436667 0 5 126 23
0.443333 1 5 126 15
0.45 0 3 139 20
0.456667 1 1 144 22
0.463333 0 1 117 13
0.47 2 0 160 19
0.476667 0 5 123 16
0.483333 0 1 78 13
0.49 1 1 69 14
0.496667 0 2 55 21
0.503333 1 4 66 11
0.51 1 4 54 15
0.516667 0 4 46 8
0.523333 0 1 53 13
0.53 0 1 48 17
0.536667 1 1 45 15
0.543333 0 1 37 8
0.55 0 2 44 14
0.556667 0 0 45 8
0.563333 0 1 35 7
0.57 0 0 45 11
0.576667 0 0 30 13
0.583333 0 1 38 7
0.59 1 0 43 8
0.596667 1 2 32 6
0.603333 0 2 38 10
0.61 0 2 41 11
0.616667 0 0 29 13
0.623333 0 1 42 13
0.63 1 1 49 7
0.636667 0 0 46 8
0.643333 0 7 37 12
0.65 0 2 29 14
0.656667 0 1 33 11
0.663333 4 37 7427 327
0.67 0 0 0 0
0.676667 0 0 0 0
0.683333 0 0 0 0
0.69 0 0 0 0
0.696667 0 0 0 0
0.703333 0 0 0 0
0.71 0 0 0 0
0.716667 0 0 0 0
0.723333 0 0 0 0
0.73 0 0 0 0
0.736667 0 0 0 0
0.743333 0 0 0 0
0.75 0 0 0 0
0.756667 0 0 0 0
0.763333 0 0 0 0
0.77 0 0 0 0
0.776667 0 0 0 0
0.783333 0 0 0 0
0.79 0 0 0 0
0.796667 0 0 0 0
0.803333 0 0 0 0
0.81 0 0 0 0
0.816667 0 0 0 0
0.823333 0 0 0 0
0.83 0 0 0 0
0.836667 0 0 0 0
0.843333 0 0 0 0
0.85 0 0 0 0
0.856667 0 0 0 0
0.863333 0 0 0 0
0.87 0 0 0 0
0.876667 0 0 0 0
0.883333 0 0 0 0
0.89 0 0 0 0
0.896667 0 0 0 0
0.903333 0 0 0 0
0.91 0 0 0 0
0.916667 0 0 0 0
0.923333 0 0 0 0
0.93 0 0 0 0
0.936667 0 0 0 0
0.943333 0 0 0 0
0.95 0 0 0 0
0.956667 0 0 0 0
0.963333 0 0 0 0
0.97 0 0 0 0
0.976667 0 0 0 0
0.983333 0 0 0 0
0.99 0 0 0 0
0.996667 0 0 0 0
1.00333 0 0 0 0
1.01 0 0 0 0
1.01667 0 0 0 0
1.02333 0 0 0 0
1.03 0 0 0 0
1.03667 0 0 0 0
1.04333 0 0 0 0
1.05 0 0 0 0
1.05667 0 0 0 0
1.06333 0 0 0 0
1.07 0 0 0 0
1.07667 0 0 0 0
1.08333 0 0 0 0
1.09 0 0 0 0
1.09667 0 0 0 0
1.10333 0 0 0 0
1.11 0 0 0 0
1.11667 0 0 0 0
1.12333 0 0 0 0
1.13 0 0 0 0
1.13667 0 0 0 0
1.14333 0 0 0 0
1.15 0 0 0 0
1.15667 0 0 0 0
1.16333 0 0 0 0
1.17 0 0 0 0
1.17667 0 0 0 0
1.18333 0 0 0 0
1.19 0 0 0 0
1.19667 0 0 0 0
1.20333 0 0 0 0
1.21 0 0 0 0
1.21667 0 0 0 0
1.22333 0 0 0 0
1.23 0 0 0 0
1.23667 0 0 0 0
1.24333 0 0 0 0
1.25 0 0 0 0
1.25667 0 0 0 0
1.26333 0 0 0 0
1.27 0 0 0 0
1.27667 0 0 0 0
1.28333 0 0 0 0
1.29 0 0 0 0
1.29667 0 0 0 0
1.30333 0 0 0 0
1.31 0 0 0 0
1.31667 0 0 0 0
1.32333 0 0 0 0
1.33 0 0 0 0
1.33667 0 0 0 0
1.34333 0 0 0 0
1.35 0 0 0 0
1.35667 0 0 0 0
1.36333 0 0 0 0
1.37 0 0 0 0
1.37667 0 0 0 0
1.38333 0 0 0 0
1.39 0 0 0 0
1.39667 0 0 0 0
1.40333 0 0 0 0
1.41 0 0 0 0
1.41667 0 0 0 0
1.42333 0 0 0 0
1.43 0 0 0 0
1.43667 0 0 0 0
1.44333 0 0 0 0
1.45 0 0 0 0
1.45667 0 0 0 0
1.46333 0 0 0 0
1.47 0 0 0 0
1.47667 0 0 0 0
1.48333 0 0 0 0
1.49 0 0 0 0
1.49667 0 0 0 0
1.50333 0 0 0 0
1.51 0 0 0 0
1.51667 0 0 0 0
1.52333 0 0 0 0
1.53 0 0 0 0
1.53667 0 0 0 0
1.54333 0 0 0 0
1.55 0 0 0 0
1.55667 0 0 0 0
1.56333 0 0 0 0
1.57 0 0 0 0
1.57667 0 0 0 0
1.58333 0 0 0 0
1.59 0 0 0 0
1.59667 0 0 0 0
1.60333 0 0 0 0
1.61 0 0 0 0
1.61667 0 0 0 0
1.62333 0 0 0 0
1.63 0 0 0 0
1.63667 0 0 0 0
1.64333 0 0 0 0
1.65 0 0 0 0
1.65667 0 0 0 0
1.66333 0 0 0 0
1.67 0 0 0 0
1.67667 0 0 0 0
1.68333 0 0 0 0
1.69 0 0 0 0
1.69667 0 0 0 0
1.70333 0 0 0 0
1.71 0 0 0 0
1.71667 0 0 0 0
1.72333 0 0 0 0
1.73 0 0 0 0
1.73667 0 0 0 0
1.74333 0 0 0 0
1.75 0 0 0 0
1.75667 0 0 0 0
1.76333 0 0 0 0
1.77 0 0 0 0
1.77667 0 0 0 0
1.78333 0 0 0 0
1.79 0 0 0 0
1.79667 0 0 0 0
1.80333 0 0 0 0
1.81 0 0 0 0
1.81667 0 0 0 0
1.82333 0 0 0 0
1.83 0 0 0 0
1.83667 0 0 0 0
1.84333 0 0 0 0
1.85 0 0 0 0
1.85667 0 0 0 0
1.86333 0 0 0 0
1.87 0 0 0 0
1.87667 0 0 0 0
1.88333 0 0 0 0
1.89 0 0 0 0
1.89667 0 0 0 0
1.90333 0 0 0 0
1.91 0 0 0 0
1.91667 0 0 0 0
1.92333 0 0 0 0
1.93 0 0 0 0
1.93667 0 0 0 0
1.94333 0 0 0 0
1.95 0 0 0 0
1.95667 0 0 0 0
1.96333 0 0 0 0
1.97 0 0 0 0
1.97667 0 0 0 0
1.98333 0 0 0 0
1.99 0 0 0 0
1.99667 0 0 0 0
