0.00333333 11 11 2 1
0.01 17 17 5 1
0.0166667 30 14 1 1
0.0233333 29 18 3 2
0.03 30 25 6 1
0.0366667 33 42 4 0
0.0433333 42 34 5 1
0.05 57 48 10 3
0.0566667 62 62 11 0
0.0633333 56 69 15 4
0.07 61 65 5 2
0.0766667 66 74 6 1
0.0833333 85 81 7 3
0.09 64 69 8 1
0.0966667 64 75 5 2
0.103333 78 72 8 2
0.11 65 48 10 4
0.116667 72 55 9 3
0.123333 59 63 9 1
0.13 68 50 12 2
0.136667 66 44 10 3
0.143333 57 60 6 2
0.15 45 46 5 4
0.156667 54 34 9 2
0.163333 38 23 8 1
0.17 37 47 9 1
0.176667 48 39 4 0
0.183333 57 49 12 2
0.19 48 45 14 3
0.196667 44 34 10 1
0.203333 53 43 10 0
0.21 42 41 10 1
0.216667 45 36 8 2
0.223333 51 31 10 1
0.23 46 25 9 3
0.236667 44 36 6 0
0.243333 32 36 3 1
0.25 49 23 9 1
0.256667 39 20 10 1
0.263333 42 27 8 3
0.27 37 35 5 2
0.276667 49 34 10 0
0.283333 39 21 5 1
0.29 33 28 6 0
0.296667 47 19 4 1
0.303333 34 29 9 0
0.31 46 26 4 3
0.316667 30 29 9 1
0.323333 33 25 4 4
0.33 27 26 4 3
0.336667 28 28 6 1
0.343333 17 22 11 1
0.35 24 33 6 1
0.356667 29 25 4 1
0.363333 31 28 4 0
0.37 22 23 2 1
0.376667 16 26 4 1
0.383333 27 19 4 1
0.39 28 24 6 1
0.396667 18 18 6 0
0.403333 31 23 9 1
0.41 25 28 4 1
0.416667 25 29 8 0
0.423333 28 28 4 1
0.43 23 22 3 3
0.436667 27 19 2 0
0.443333 20 20 4 1
0.45 21 15 5 1
0.456667 18 25 2 0
0.463333 28 17 6 1
0.47 22 20 5 1
0.476667 21 9 2 1
0.483333 14 20 3 0
0.49 19 9 4 0
0.496667 14 12 1 1
0.503333 11 16 2 1
0.51 14 10 5 1
0.516667 21 15 2 1
0.523333 10 11 5 1
0.53 14 13 1 0
0.536667 19 6 1 1
0.543333 13 17 2 2
0.55 14 17 1 0
0.556667 10 15 0 0
0.563333 13 9 3 0
0.57 12 5 1 1
0.576667 11 12 6 0
0.583333 18 8 2 0
0.59 17 15 2 1
0.596667 11 11 4 1
0.603333 16 6 2 0
0.61 12 8 5 3
0.616667 12 6 1 1
0.623333 15 10 4 1
0.63 13 7 2 1
0.636667 12 13 5 1
0.643333 17 10 3 0
0.65 18 8 3 0
0.656667 8 13 1 1
0.663333 587 359 117 16
0.67 0 0 0 0
0.676667 0 0 0 0
0.683333 0 0 0 0
0.69 0 0 0 0
0.696667 0 0 0 0
0.703333 0 0 0 0
0.71 0 0 0 0
0.716667 0 0 0 0
0.723333 0 0 0 0
0.73 0 0 0 0
0.736667 0 0 0 0
0.743333 0 0 0 0
0.75 0 0 0 0
0.756667 0 0 0 0
0.763333 0 0 0 0
0.77 0 0 0 0
0.776667 0 0 0 0
0.783333 0 0 0 0
0.79 0 0 0 0
0.796667 0 0 0 0
0.803333 0 0 0 0
0.81 0 0 0 0
0.816667 0 0 0 0
0.823333 0 0 0 0
0.83 0 0 0 0
0.836667 0 0 0 0
0.843333 0 0 0 0
0.85 0 0 0 0
0.856667 0 0 0 0
0.863333 0 0 0 0
0.87 0 0 0 0
0.876667 0 0 0 0
0.883333 0 0 0 0
0.89 0 0 0 0
0.896667 0 0 0 0
0.903333 0 0 0 0
0.91 0 0 0 0
0.916667 0 0 0 0
0.923333 0 0 0 0
0.93 0 0 0 0
0.936667 0 0 0 0
0.943333 0 0 0 0
0.95 0 0 0 0
0.956667 0 0 0 0
0.963333 0 0 0 0
0.97 0 0 0 0
0.976667 0 0 0 0
0.983333 0 0 0 0
0.99 0 0 0 0
0.996667 0 0 0 0
1.00333 0 0 0 0
1.01 0 0 0 0
1.01667 0 0 0 0
1.02333 0 0 0 0
1.03 0 0 0 0
1.03667 0 0 0 0
1.04333 0 0 0 0
1.05 0 0 0 0
1.05667 0 0 0 0
1.06333 0 0 0 0
1.07 0 0 0 0
1.07667 0 0 0 0
1.08333 0 0 0 0
1.09 0 0 0 0
1.09667 0 0 0 0
1.10333 0 0 0 0
1.11 0 0 0 0
1.11667 0 0 0 0
1.12333 0 0 0 0
1.13 0 0 0 0
1.13667 0 0 0 0
1.14333 0 0 0 0
1.15 0 0 0 0
1.15667 0 0 0 0
1.16333 0 0 0 0
1.17 0 0 0 0
1.17667 0 0 0 0
1.18333 0 0 0 0
1.19 0 0 0 0
1.19667 0 0 0 0
1.20333 0 0 0 0
1.21 0 0 0 0
1.21667 0 0 0 0
1.22333 0 0 0 0
1.23 0 0 0 0
1.23667 0 0 0 0
1.24333 0 0 0 0
1.25 0 0 0 0
1.25667 0 0 0 0
1.26333 0 0 0 0
1.27 0 0 0 0
1.27667 0 0 0 0
1.28333 0 0 0 0
1.29 0 0 0 0
1.29667 0 0 0 0
1.30333 0 0 0 0
1.31 0 0 0 0
1.31667 0 0 0 0
1.32333 0 0 0 0
1.33 0 0 0 0
1.33667 0 0 0 0
1.34333 0 0 0 0
1.35 0 0 0 0
1.35667 0 0 0 0
1.36333 0 0 0 0
1.37 0 0 0 0
1.37667 0 0 0 0
1.38333 0 0 0 0
1.39 0 0 0 0
1.39667 0 0 0 0
1.40333 0 0 0 0
1.41 0 0 0 0
1.41667 0 0 0 0
1.42333 0 0 0 0
1.43 0 0 0 0
1.43667 0 0 0 0
1.44333 0 0 0 0
1.45 0 0 0 0
1.45667 0 0 0 0
1.46333 0 0 0 0
1.47 0 0 0 0
1.47667 0 0 0 0
1.48333 0 0 0 0
1.49 0 0 0 0
1.49667 0 0 0 0
1.50333 0 0 0 0
1.51 0 0 0 0
1.51667 0 0 0 0
1.52333 0 0 0 0
1.53 0 0 0 0
1.53667 0 0 0 0
1.54333 0 0 0 0
1.55 0 0 0 0
1.55667 0 0 0 0
1.56333 0 0 0 0
1.57 0 0 0 0
1.57667 0 0 0 0
1.58333 0 0 0 0
1.59 0 0 0 0
1.59667 0 0 0 0
1.60333 0 0 0 0
1.61 0 0 0 0
1.61667 0 0 0 0
1.62333 0 0 0 0
1.63 0 0 0 0
1.63667 0 0 0 0
1.64333 0 0 0 0
1.65 0 0 0 0
1.65667 0 0 0 0
1.66333 0 0 0 0
1.67 0 0 0 0
1.67667 0 0 0 0
1.68333 0 0 0 0
1.69 0 0 0 0
1.69667 0 0 0 0
1.70333 0 0 0 0
1.71 0 0 0 0
1.71667 0 0 0 0
1.72333 0 0 0 0
1.73 0 0 0 0
1.73667 0 0 0 0
1.74333 0 0 0 0
1.75 0 0 0 0
1.75667 0 0 0 0
1.76333 0 0 0 0
1.77 0 0 0 0
1.77667 0 0 0 0
1.78333 0 0 0 0
1.79 0 0 0 0
1.79667 0 0 0 0
1.80333 0 0 0 0
1.81 0 0 0 0
1.81667 0 0 0 0
1.82333 0 0 0 0
1.83 0 0 0 0
1.83667 0 0 0 0
1.84333 0 0 0 0
1.85 0 0 0 0
1.85667 0 0 0 0
1.86333 0 0 0 0
1.87 0 0 0 0
1.87667 0 0 0 0
1.88333 0 0 0 0
1.89 0 0 0 0
1.89667 0 0 0 0
1.90333 0 0 0 0
1.91 0 0 0 0
1.91667 0 0 0 0
1.92333 0 0 0 0
1.93 0 0 0 0
1.93667 0 0 0 0
1.94333 0 0 0 0
1.95 0 0 0 0
1.95667 0 0 0 0
1.96333 0 0 0 0
1.97 0 0 0 0
1.97667 0 0 0 0
1.98333 0 0 0 0
1.99 0 0 0 0
1.99667 0 0 0 0
