0.00333333 0 19 77 10
0.01 2 13 93 13
0.0166667 1 13 107 15
0.0233333 1 10 124 17
0.03 2 18 107 24
0.0366667 2 10 134 25
0.0433333 4 22 169 31
0.05 3 23 179 51
0.0566667 2 17 216 42
0.0633333 4 33 216 37
0.07 5 32 240 50
0.0766667 5 34 229 58
0.0833333 1 35 266 49
0.09 6 23 283 59
0.0966667 3 23 271 44
0.103333 5 43 286 48
0.11 0 31 289 46
0.116667 0 36 288 60
0.123333 3 43 284 51
0.13 3 28 290 44
0.136667 2 36 279 41
0.143333 2 34 275 40
0.15 4 37 275 28
0.156667 2 31 270 52
0.163333 4 35 236 25
0.17 3 24 244 33
0.176667 3 25 230 33
0.183333 2 40 301 46
0.19 4 34 310 42
0.196667 0 27 333 39
0.203333 0 32 286 27
0.21 3 35 278 30
0.216667 2 32 269 24
0.223333 2 31 278 25
0.23 3 32 245 23
0.236667 1 27 213 24
0.243333 3 31 211 30
0.25 2 16 209 21
0.256667 0 30 193 24
0.263333 0 21 178 27
0.27 4 22 164 21
0.276667 0 22 170 21
0.283333 0 25 159 32
0.29 5 15 176 26
0.296667 2 12 163 24
0.303333 0 13 143 30
0.31 0 20 145 16
0.316667 4 19 136 16
0.323333 1 19 143 12
0.33 4 25 124 23
0.336667 3 25 142 22
0.343333 3 13 141 21
0.35 0 17 151 17
0.356667 3 17 129 15
0.363333 3 17 129 12
0.37 1 18 102 20
0.376667 2 18 140 14
0.383333 2 19 134 20
0.39 1 11 129 21
0.396667 0 25 114 19
0.403333 1 8 122 16
0.41 1 14 102 11
0.416667 2 24 105 17
0.423333 2 14 131 10
0.43 0 14 119 15
0.436667 2 22 108 21
0.443333 2 22 141 14
0.45 3 10 115 13
0.456667 2 9 109 12
0.463333 2 16 122 13
0.47 4 17 91 11
0.476667 1 16 101 18
0.483333 2 12 71 7
0.49 3 5 62 12
0.496667 3 7 66 12
0.503333 1 5 51 14
0.51 0 9 56 9
0.516667 1 9 48 12
0.523333 0 9 58 9
0.53 0 5 57 18
0.536667 0 5 51 6
0.543333 0 3 50 9
0.55 2 11 63 11
0.556667 0 6 47 6
0.563333 1 9 51 12
0.57 1 5 56 8
0.576667 1 4 28 14
0.583333 5 11 49 7
0.59 0 8 53 14
0.596667 1 8 42 8
0.603333 1 5 37 5
0.61 2 8 53 16
0.616667 2 15 38 16
0.623333 3 8 36 11
0.63 1 4 50 7
0.636667 0 6 59 7
0.643333 0 3 36 5
0.65 1 11 44 5
0.656667 0 8 30 5
0.663333 14 577 4589 281
0.67 0 0 0 0
0.676667 0 0 0 0
0.683333 0 0 0 0
0.69 0 0 0 0
0.696667 0 0 0 0
0.703333 0 0 0 0
0.71 0 0 0 0
0.716667 0 0 0 0
0.723333 0 0 0 0
0.73 0 0 0 0
0.736667 0 0 0 0
0.743333 0 0 0 0
0.75 0 0 0 0
0.756667 0 0 0 0
0.763333 0 0 0 0
0.77 0 0 0 0
0.776667 0 0 0 0
0.783333 0 0 0 0
0.79 0 0 0 0
0.796667 0 0 0 0
0.803333 0 0 0 0
0.81 0 0 0 0
0.816667 0 0 0 0
0.823333 0 0 0 0
0.83 0 0 0 0
0.836667 0 0 0 0
0.843333 0 0 0 0
0.85 0 0 0 0
0.856667 0 0 0 0
0.863333 0 0 0 0
0.87 0 0 0 0
0.876667 0 0 0 0
0.883333 0 0 0 0
0.89 0 0 0 0
0.896667 0 0 0 0
0.903333 0 0 0 0
0.91 0 0 0 0
0.916667 0 0 0 0
0.923333 0 0 0 0
0.93 0 0 0 0
0.936667 0 0 0 0
0.943333 0 0 0 0
0.95 0 0 0 0
0.956667 0 0 0 0
0.963333 0 0 0 0
0.97 0 0 0 0
0.976667 0 0 0 0
0.983333 0 0 0 0
0.99 0 0 0 0
0.996667 0 0 0 0
1.00333 0 0 0 0
1.01 0 0 0 0
1.01667 0 0 0 0
1.02333 0 0 0 0
1.03 0 0 0 0
1.03667 0 0 0 0
1.04333 0 0 0 0
1.05 0 0 0 0
1.05667 0 0 0 0
1.06333 0 0 0 0
1.07 0 0 0 0
1.07667 0 0 0 0
1.08333 0 0 0 0
1.09 0 0 0 0
1.09667 0 0 0 0
1.10333 0 0 0 0
1.11 0 0 0 0
1.11667 0 0 0 0
1.12333 0 0 0 0
1.13 0 0 0 0
1.13667 0 0 0 0
1.14333 0 0 0 0
1.15 0 0 0 0
1.15667 0 0 0 0
1.16333 0 0 0 0
1.17 0 0 0 0
1.17667 0 0 0 0
1.18333 0 0 0 0
1.19 0 0 0 0
1.19667 0 0 0 0
1.20333 0 0 0 0
1.21 0 0 0 0
1.21667 0 0 0 0
1.22333 0 0 0 0
1.23 0 0 0 0
1.23667 0 0 0 0
1.24333 0 0 0 0
1.25 0 0 0 0
1.25667 0 0 0 0
1.26333 0 0 0 0
1.27 0 0 0 0
1.27667 0 0 0 0
1.28333 0 0 0 0
1.29 0 0 0 0
1.29667 0 0 0 0
1.30333 0 0 0 0
1.31 0 0 0 0
1.31667 0 0 0 0
1.32333 0 0 0 0
1.33 0 0 0 0
1.33667 0 0 0 0
1.34333 0 0 0 0
1.35 0 0 0 0
1.35667 0 0 0 0
1.36333 0 0 0 0
1.37 0 0 0 0
1.37667 0 0 0 0
1.38333 0 0 0 0
1.39 0 0 0 0
1.39667 0 0 0 0
1.40333 0 0 0 0
1.41 0 0 0 0
1.41667 0 0 0 0
1.42333 0 0 0 0
1.43 0 0 0 0
1.43667 0 0 0 0
1.44333 0 0 0 0
1.45 0 0 0 0
1.45667 0 0 0 0
1.46333 0 0 0 0
1.47 0 0 0 0
1.47667 0 0 0 0
1.48333 0 0 0 0
1.49 0 0 0 0
1.49667 0 0 0 0
1.50333 0 0 0 0
1.51 0 0 0 0
1.51667 0 0 0 0
1.52333 0 0 0 0
1.53 0 0 0 0
1.53667 0 0 0 0
1.54333 0 0 0 0
1.55 0 0 0 0
1.55667 0 0 0 0
1.56333 0 0 0 0
1.57 0 0 0 0
1.57667 0 0 0 0
1.58333 0 0 0 0
1.59 0 0 0 0
1.59667 0 0 0 0
1.60333 0 0 0 0
1.61 0 0 0 0
1.61667 0 0 0 0
1.62333 0 0 0 0
1.63 0 0 0 0
1.63667 0 0 0 0
1.64333 0 0 0 0
1.65 0 0 0 0
1.65667 0 0 0 0
1.66333 0 0 0 0
1.67 0 0 0 0
1.67667 0 0 0 0
1.68333 0 0 0 0
1.69 0 0 0 0
1.69667 0 0 0 0
1.70333 0 0 0 0
1.71 0 0 0 0
1.71667 0 0 0 0
1.72333 0 0 0 0
1.73 0 0 0 0
1.73667 0 0 0 0
1.74333 0 0 0 0
1.75 0 0 0 0
1.75667 0 0 0 0
1.76333 0 0 0 0
1.77 0 0 0 0
1.77667 0 0 0 0
1.78333 0 0 0 0
1.79 0 0 0 0
1.79667 0 0 0 0
1.80333 0 0 0 0
1.81 0 0 0 0
1.81667 0 0 0 0
1.82333 0 0 0 0
1.83 0 0 0 0
1.83667 0 0 0 0
1.84333 0 0 0 0
1.85 0 0 0 0
1.85667 0 0 0 0
1.86333 0 0 0 0
1.87 0 0 0 0
1.87667 0 0 0 0
1.88333 0 0 0 0
1.89 0 0 0 0
1.89667 0 0 0 0
1.90333 0 0 0 0
1.91 0 0 0 0
1.91667 0 0 0 0
1.92333 0 0 0 0
1.93 0 0 0 0
1.93667 0 0 0 0
1.94333 0 0 0 0
1.95 0 0 0 0
1.95667 0 0 0 0
1.96333 0 0 0 0
1.97 0 0 0 0
1.97667 0 0 0 0
1.98333 0 0 0 0
1.99 0 0 0 0
1.99667 0 0 0 0
