0.00333333 3 17 15 25
0.01 9 21 24 25
0.0166667 9 16 22 26
0.0233333 7 10 17 17
0.03 14 23 32 25
0.0366667 11 17 40 29
0.0433333 10 40 45 41
0.05 14 28 64 40
0.0566667 9 43 76 42
0.0633333 17 44 101 47
0.07 17 55 71 48
0.0766667 21 66 94 43
0.0833333 15 56 82 53
0.09 27 56 82 55
0.0966667 19 51 69 61
0.103333 22 49 70 57
0.11 19 49 76 75
0.116667 17 49 77 69
0.123333 28 53 76 52
0.13 25 51 70 71
0.136667 20 44 60 55
0.143333 22 35 58 57
0.15 11 50 66 52
0.156667 16 40 61 70
0.163333 24 38 61 42
0.17 17 45 60 52
0.176667 20 34 56 46
0.183333 18 39 58 68
0.19 27 41 45 76
0.196667 28 41 47 70
0.203333 33 43 39 68
0.21 19 38 56 51
0.216667 17 37 52 48
0.223333 17 36 38 39
0.23 16 33 47 54
0.236667 18 37 37 38
0.243333 12 30 42 47
0.25 17 28 40 28
0.256667 14 26 35 31
0.263333 14 39 38 38
0.27 9 24 43 41
0.276667 16 27 42 35
0.283333 9 18 30 48
0.29 14 21 39 30
0.296667 11 22 40 34
0.303333 12 26 38 51
0.31 13 24 23 29
0.316667 12 27 42 31
0.323333 13 16 32 30
0.33 9 25 25 30
0.336667 17 17 21 30
0.343333 13 20 33 25
0.35 10 21 29 27
0.356667 9 20 27 25
0.363333 7 19 18 34
0.37 14 23 26 28
0.376667 11 16 31 28
0.383333 8 20 25 31
0.39 8 18 27 25
0.396667 12 17 19 36
0.403333 13 21 32 23
0.41 6 18 25 18
0.416667 7 14 31 27
0.423333 16 15 23 22
0.43 7 21 16 23
0.436667 9 13 39 27
0.443333 13 19 22 32
0.45 8 27 18 33
0.456667 7 17 23 20
0.463333 14 11 18 24
0.47 12 14 19 32
0.476667 10 21 21 32
0.483333 12 10 12 16
0.49 5 12 12 12
0.496667 8 8 18 15
0.503333 8 10 17 10
0.51 6 11 12 14
0.516667 7 14 12 14
0.523333 4 11 17 7
0.53 8 13 13 14
0.536667 3 15 14 9
0.543333 5 10 10 13
0.55 4 15 11 12
0.556667 7 9 15 9
0.563333 4 10 12 9
0.57 8 8 12 19
0.576667 4 13 13 17
0.583333 9 12 11 14
0.59 12 12 12 12
0.596667 5 6 10 11
0.603333 6 14 7 10
0.61 6 10 9 13
0.616667 9 7 12 12
0.623333 7 6 13 14
0.63 9 19 9 12
0.636667 6 11 10 6
0.643333 5 10 5 11
0.65 1 6 9 13
0.656667 1 9 15 21
0.663333 342 373 378 891
0.67 0 0 0 0
0.676667 0 0 0 0
0.683333 0 0 0 0
0.69 0 0 0 0
0.696667 0 0 0 0
0.703333 0 0 0 0
0.71 0 0 0 0
0.716667 0 0 0 0
0.723333 0 0 0 0
0.73 0 0 0 0
0.736667 0 0 0 0
0.743333 0 0 0 0
0.75 0 0 0 0
0.756667 0 0 0 0
0.763333 0 0 0 0
0.77 0 0 0 0
0.776667 0 0 0 0
0.783333 0 0 0 0
0.79 0 0 0 0
0.796667 0 0 0 0
0.803333 0 0 0 0
0.81 0 0 0 0
0.816667 0 0 0 0
0.823333 0 0 0 0
0.83 0 0 0 0
0.836667 0 0 0 0
0.843333 0 0 0 0
0.85 0 0 0 0
0.856667 0 0 0 0
0.863333 0 0 0 0
0.87 0 0 0 0
0.876667 0 0 0 0
0.883333 0 0 0 0
0.89 0 0 0 0
0.896667 0 0 0 0
0.903333 0 0 0 0
0.91 0 0 0 0
0.916667 0 0 0 0
0.923333 0 0 0 0
0.93 0 0 0 0
0.936667 0 0 0 0
0.943333 0 0 0 0
0.95 0 0 0 0
0.956667 0 0 0 0
0.963333 0 0 0 0
0.97 0 0 0 0
0.976667 0 0 0 0
0.983333 0 0 0 0
0.99 0 0 0 0
0.996667 0 0 0 0
1.00333 0 0 0 0
1.01 0 0 0 0
1.01667 0 0 0 0
1.02333 0 0 0 0
1.03 0 0 0 0
1.03667 0 0 0 0
1.04333 0 0 0 0
1.05 0 0 0 0
1.05667 0 0 0 0
1.06333 0 0 0 0
1.07 0 0 0 0
1.07667 0 0 0 0
1.08333 0 0 0 0
1.09 0 0 0 0
1.09667 0 0 0 0
1.10333 0 0 0 0
1.11 0 0 0 0
1.11667 0 0 0 0
1.12333 0 0 0 0
1.13 0 0 0 0
1.13667 0 0 0 0
1.14333 0 0 0 0
1.15 0 0 0 0
1.15667 0 0 0 0
1.16333 0 0 0 0
1.17 0 0 0 0
1.17667 0 0 0 0
1.18333 0 0 0 0
1.19 0 0 0 0
1.19667 0 0 0 0
1.20333 0 0 0 0
1.21 0 0 0 0
1.21667 0 0 0 0
1.22333 0 0 0 0
1.23 0 0 0 0
1.23667 0 0 0 0
1.24333 0 0 0 0
1.25 0 0 0 0
1.25667 0 0 0 0
1.26333 0 0 0 0
1.27 0 0 0 0
1.27667 0 0 0 0
1.28333 0 0 0 0
1.29 0 0 0 0
1.29667 0 0 0 0
1.30333 0 0 0 0
1.31 0 0 0 0
1.31667 0 0 0 0
1.32333 0 0 0 0
1.33 0 0 0 0
1.33667 0 0 0 0
1.34333 0 0 0 0
1.35 0 0 0 0
1.35667 0 0 0 0
1.36333 0 0 0 0
1.37 0 0 0 0
1.37667 0 0 0 0
1.38333 0 0 0 0
1.39 0 0 0 0
1.39667 0 0 0 0
1.40333 0 0 0 0
1.41 0 0 0 0
1.41667 0 0 0 0
1.42333 0 0 0 0
1.43 0 0 0 0
1.43667 0 0 0 0
1.44333 0 0 0 0
1.45 0 0 0 0
1.45667 0 0 0 0
1.46333 0 0 0 0
1.47 0 0 0 0
1.47667 0 0 0 0
1.48333 0 0 0 0
1.49 0 0 0 0
1.49667 0 0 0 0
1.50333 0 0 0 0
1.51 0 0 0 0
1.51667 0 0 0 0
1.52333 0 0 0 0
1.53 0 0 0 0
1.53667 0 0 0 0
1.54333 0 0 0 0
1.55 0 0 0 0
1.55667 0 0 0 0
1.56333 0 0 0 0
1.57 0 0 0 0
1.57667 0 0 0 0
1.58333 0 0 0 0
1.59 0 0 0 0
1.59667 0 0 0 0
1.60333 0 0 0 0
1.61 0 0 0 0
1.61667 0 0 0 0
1.62333 0 0 0 0
1.63 0 0 0 0
1.63667 0 0 0 0
1.64333 0 0 0 0
1.65 0 0 0 0
1.65667 0 0 0 0
1.66333 0 0 0 0
1.67 0 0 0 0
1.67667 0 0 0 0
1.68333 0 0 0 0
1.69 0 0 0 0
1.69667 0 0 0 0
1.70333 0 0 0 0
1.71 0 0 0 0
1.71667 0 0 0 0
1.72333 0 0 0 0
1.73 0 0 0 0
1.73667 0 0 0 0
1.74333 0 0 0 0
1.75 0 0 0 0
1.75667 0 0 0 0
1.76333 0 0 0 0
1.77 0 0 0 0
1.77667 0 0 0 0
1.78333 0 0 0 0
1.79 0 0 0 0
1.79667 0 0 0 0
1.80333 0 0 0 0
1.81 0 0 0 0
1.81667 0 0 0 0
1.82333 0 0 0 0
1.83 0 0 0 0
1.83667 0 0 0 0
1.84333 0 0 0 0
1.85 0 0 0 0
1.85667 0 0 0 0
1.86333 0 0 0 0
1.87 0 0 0 0
1.87667 0 0 0 0
1.88333 0 0 0 0
1.89 0 0 0 0
1.89667 0 0 0 0
1.90333 0 0 0 0
1.91 0 0 0 0
1.91667 0 0 0 0
1.92333 0 0 0 0
1.93 0 0 0 0
1.93667 0 0 0 0
1.94333 0 0 0 0
1.95 0 0 0 0
1.95667 0 0 0 0
1.96333 0 0 0 0
1.97 0 0 0 0
1.97667 0 0 0 0
1.98333 0 0 0 0
1.99 0 0 0 0
1.99667 0 0 0 0
