0.00333333 104 30 1 1
0.01 110 37 0 1
0.0166667 134 53 0 0
0.0233333 110 38 0 2
0.03 136 44 0 2
0.0366667 125 50 2 0
0.0433333 154 44 1 1
0.05 198 59 1 3
0.0566667 207 81 4 1
0.0633333 200 74 4 3
0.07 249 85 2 2
0.0766667 267 87 2 5
0.0833333 265 96 6 1
0.09 290 91 5 0
0.0966667 288 101 2 0
0.103333 296 92 1 4
0.11 300 108 2 4
0.116667 320 91 2 4
0.123333 295 106 2 1
0.13 311 82 1 0
0.136667 341 98 3 3
0.143333 284 97 2 4
0.15 304 82 1 4
0.156667 330 111 0 1
0.163333 324 96 1 3
0.17 253 84 2 2
0.176667 288 85 2 1
0.183333 320 71 0 3
0.19 373 109 1 6
0.196667 361 94 1 5
0.203333 310 76 1 4
0.21 317 89 2 4
0.216667 317 93 2 1
0.223333 296 92 4 2
0.23 278 64 2 2
0.236667 279 78 4 3
0.243333 248 68 3 1
0.25 261 78 7 2
0.256667 231 65 0 3
0.263333 221 64 3 5
0.27 230 56 0 0
0.276667 210 59 3 3
0.283333 217 53 1 2
0.29 190 56 0 4
0.296667 194 56 1 0
0.303333 200 51 0 0
0.31 170 55 2 3
0.316667 158 53 1 1
0.323333 175 45 0 3
0.33 148 50 0 2
0.336667 141 54 3 1
0.343333 183 44 1 3
0.35 157 50 1 1
0.356667 166 40 1 3
0.363333 125 49 0 2
0.37 128 46 0 0
0.376667 148 34 3 3
0.383333 157 44 3 1
0.39 155 43 1 0
0.396667 148 38 2 2
0.403333 138 38 4 4
0.41 130 46 0 2
0.416667 115 41 0 1
0.423333 112 41 1 3
0.43 130 35 0 0
0.436667 130 37 0 0
0.443333 126 47 0 5
0.45 142 37 0 2
0.456667 113 42 0 0
0.463333 134 44 2 0
0.47 133 41 0 2
0.476667 120 26 2 1
0.483333 83 19 1 2
0.49 81 24 0 0
0.496667 65 13 2 1
0.503333 70 24 1 1
0.51 72 24 0 0
0.516667 54 23 0 1
0.523333 61 22 1 2
0.53 68 22 0 1
0.536667 58 17 1 0
0.543333 63 26 0 0
0.55 38 21 0 3
0.556667 49 14 0 1
0.563333 50 14 0 1
0.57 41 12 0 0
0.576667 52 27 0 1
0.583333 53 21 0 1
0.59 46 20 1 1
0.596667 54 15 0 1
0.603333 42 12 0 0
0.61 58 21 0 1
0.616667 41 16 2 0
0.623333 41 12 1 0
0.63 48 18 1 1
0.636667 61 17 2 1
0.643333 36 17 0 2
0.65 49 11 0 3
0.656667 46 15 1 1
0.663333 6063 1466 12 50
0.67 0 0 0 0
0.676667 0 0 0 0
0.683333 0 0 0 0
0.69 0 0 0 0
0.696667 0 0 0 0
0.703333 0 0 0 0
0.71 0 0 0 0
0.716667 0 0 0 0
0.723333 0 0 0 0
0.73 0 0 0 0
0.736667 0 0 0 0
0.743333 0 0 0 0
0.75 0 0 0 0
0.756667 0 0 0 0
0.763333 0 0 0 0
0.77 0 0 0 0
0.776667 0 0 0 0
0.783333 0 0 0 0
0.79 0 0 0 0
0.796667 0 0 0 0
0.803333 0 0 0 0
0.81 0 0 0 0
0.816667 0 0 0 0
0.823333 0 0 0 0
0.83 0 0 0 0
0.836667 0 0 0 0
0.843333 0 0 0 0
0.85 0 0 0 0
0.856667 0 0 0 0
0.863333 0 0 0 0
0.87 0 0 0 0
0.876667 0 0 0 0
0.883333 0 0 0 0
0.89 0 0 0 0
0.896667 0 0 0 0
0.903333 0 0 0 0
0.91 0 0 0 0
0.916667 0 0 0 0
0.923333 0 0 0 0
0.93 0 0 0 0
0.936667 0 0 0 0
0.943333 0 0 0 0
0.95 0 0 0 0
0.956667 0 0 0 0
0.963333 0 0 0 0
0.97 0 0 0 0
0.976667 0 0 0 0
0.983333 0 0 0 0
0.99 0 0 0 0
0.996667 0 0 0 0
1.00333 0 0 0 0
1.01 0 0 0 0
1.01667 0 0 0 0
1.02333 0 0 0 0
1.03 0 0 0 0
1.03667 0 0 0 0
1.04333 0 0 0 0
1.05 0 0 0 0
1.05667 0 0 0 0
1.06333 0 0 0 0
1.07 0 0 0 0
1.07667 0 0 0 0
1.08333 0 0 0 0
1.09 0 0 0 0
1.09667 0 0 0 0
1.10333 0 0 0 0
1.11 0 0 0 0
1.11667 0 0 0 0
1.12333 0 0 0 0
1.13 0 0 0 0
1.13667 0 0 0 0
1.14333 0 0 0 0
1.15 0 0 0 0
1.15667 0 0 0 0
1.16333 0 0 0 0
1.17 0 0 0 0
1.17667 0 0 0 0
1.18333 0 0 0 0
1.19 0 0 0 0
1.19667 0 0 0 0
1.20333 0 0 0 0
1.21 0 0 0 0
1.21667 0 0 0 0
1.22333 0 0 0 0
1.23 0 0 0 0
1.23667 0 0 0 0
1.24333 0 0 0 0
1.25 0 0 0 0
1.25667 0 0 0 0
1.26333 0 0 0 0
1.27 0 0 0 0
1.27667 0 0 0 0
1.28333 0 0 0 0
1.29 0 0 0 0
1.29667 0 0 0 0
1.30333 0 0 0 0
1.31 0 0 0 0
1.31667 0 0 0 0
1.32333 0 0 0 0
1.33 0 0 0 0
1.33667 0 0 0 0
1.34333 0 0 0 0
1.35 0 0 0 0
1.35667 0 0 0 0
1.36333 0 0 0 0
1.37 0 0 0 0
1.37667 0 0 0 0
1.38333 0 0 0 0
1.39 0 0 0 0
1.39667 0 0 0 0
1.40333 0 0 0 0
1.41 0 0 0 0
1.41667 0 0 0 0
1.42333 0 0 0 0
1.43 0 0 0 0
1.43667 0 0 0 0
1.44333 0 0 0 0
1.45 0 0 0 0
1.45667 0 0 0 0
1.46333 0 0 0 0
1.47 0 0 0 0
1.47667 0 0 0 0
1.48333 0 0 0 0
1.49 0 0 0 0
1.49667 0 0 0 0
1.50333 0 0 0 0
1.51 0 0 0 0
1.51667 0 0 0 0
1.52333 0 0 0 0
1.53 0 0 0 0
1.53667 0 0 0 0
1.54333 0 0 0 0
1.55 0 0 0 0
1.55667 0 0 0 0
1.56333 0 0 0 0
1.57 0 0 0 0
1.57667 0 0 0 0
1.58333 0 0 0 0
1.59 0 0 0 0
1.59667 0 0 0 0
1.60333 0 0 0 0
1.61 0 0 0 0
1.61667 0 0 0 0
1.62333 0 0 0 0
1.63 0 0 0 0
1.63667 0 0 0 0
1.64333 0 0 0 0
1.65 0 0 0 0
1.65667 0 0 0 0
1.66333 0 0 0 0
1.67 0 0 0 0
1.67667 0 0 0 0
1.68333 0 0 0 0
1.69 0 0 0 0
1.69667 0 0 0 0
1.70333 0 0 0 0
1.71 0 0 0 0
1.71667 0 0 0 0
1.72333 0 0 0 0
1.73 0 0 0 0
1.73667 0 0 0 0
1.74333 0 0 0 0
1.75 0 0 0 0
1.75667 0 0 0 0
1.76333 0 0 0 0
1.77 0 0 0 0
1.77667 0 0 0 0
1.78333 0 0 0 0
1.79 0 0 0 0
1.79667 0 0 0 0
1.80333 0 0 0 0
1.81 0 0 0 0
1.81667 0 0 0 0
1.82333 0 0 0 0
1.83 0 0 0 0
1.83667 0 0 0 0
1.84333 0 0 0 0
1.85 0 0 0 0
1.85667 0 0 0 0
1.86333 0 0 0 0
1.87 0 0 0 0
1.87667 0 0 0 0
1.88333 0 0 0 0
1.89 0 0 0 0
1.89667 0 0 0 0
1.90333 0 0 0 0
1.91 0 0 0 0
1.91667 0 0 0 0
1.92333 0 0 0 0
1.93 0 0 0 0
1.93667 0 0 0 0
1.94333 0 0 0 0
1.95 0 0 0 0
1.95667 0 0 0 0
1.96333 0 0 0 0
1.97 0 0 0 0
1.97667 0 0 0 0
1.98333 0 0 0 0
1.99 0 0 0 0
1.99667 0 0 0 0
