0.00333333 0 3 32 43
0.01 2 7 34 52
0.0166667 0 6 39 59
0.0233333 2 8 47 46
0.03 0 6 49 47
0.0366667 0 6 64 77
0.0433333 2 12 72 89
0.05 2 8 93 100
0.0566667 2 5 96 134
0.0633333 0 20 108 148
0.07 2 15 101 150
0.0766667 3 11 122 168
0.0833333 0 9 125 165
0.09 3 10 117 169
0.0966667 6 11 142 153
0.103333 5 15 124 144
0.11 2 8 124 165
0.116667 3 10 141 165
0.123333 3 7 118 179
0.13 0 16 117 139
0.136667 2 13 100 136
0.143333 2 13 106 142
0.15 0 12 98 129
0.156667 1 13 109 135
0.163333 2 11 116 123
0.17 2 7 96 129
0.176667 3 8 99 130
0.183333 0 13 106 117
0.19 1 17 104 139
0.196667 1 7 98 127
0.203333 3 10 89 140
0.21 4 10 81 115
0.216667 0 12 80 108
0.223333 0 14 87 112
0.23 1 1 83 105
0.236667 2 11 70 105
0.243333 0 12 69 84
0.25 3 10 85 95
0.256667 0 4 70 78
0.263333 0 9 53 96
0.27 1 8 67 84
0.276667 1 7 67 62
0.283333 1 8 52 83
0.29 2 15 58 76
0.296667 1 10 48 73
0.303333 3 13 64 71
0.31 3 9 57 75
0.316667 1 4 47 49
0.323333 1 6 51 69
0.33 1 4 59 65
0.336667 0 7 42 51
0.343333 3 5 42 65
0.35 0 7 55 61
0.356667 0 6 62 64
0.363333 1 5 47 56
0.37 1 5 40 49
0.376667 1 7 42 54
0.383333 0 5 39 59
0.39 1 6 47 42
0.396667 2 6 38 65
0.403333 0 8 39 44
0.41 1 5 42 46
0.416667 1 7 42 49
0.423333 0 4 43 41
0.43 1 3 37 45
0.436667 0 10 45 59
0.443333 2 2 42 56
0.45 0 4 27 40
0.456667 1 3 43 45
0.463333 3 6 40 45
0.47 1 4 32 36
0.476667 0 4 29 47
0.483333 0 4 26 38
0.49 0 2 29 37
0.496667 1 4 25 29
0.503333 0 4 24 37
0.51 1 6 25 27
0.516667 0 2 23 38
0.523333 1 5 26 32
0.53 0 5 26 37
0.536667 0 3 23 27
0.543333 0 2 22 22
0.55 0 4 18 17
0.556667 0 3 25 27
0.563333 0 3 30 23
0.57 1 3 15 29
0.576667 0 3 15 25
0.583333 1 3 24 27
0.59 0 4 17 25
0.596667 0 2 20 20
0.603333 0 4 22 27
0.61 0 2 16 27
0.616667 0 3 14 35
0.623333 1 4 12 24
0.63 1 1 11 24
0.636667 1 2 21 19
0.643333 0 4 16 20
0.65 0 0 14 21
0.656667 0 2 24 22
0.663333 7 155 954 1223
0.67 0 0 0 0
0.676667 0 0 0 0
0.683333 0 0 0 0
0.69 0 0 0 0
0.696667 0 0 0 0
0.703333 0 0 0 0
0.71 0 0 0 0
0.716667 0 0 0 0
0.723333 0 0 0 0
0.73 0 0 0 0
0.736667 0 0 0 0
0.743333 0 0 0 0
0.75 0 0 0 0
0.756667 0 0 0 0
0.763333 0 0 0 0
0.77 0 0 0 0
0.776667 0 0 0 0
0.783333 0 0 0 0
0.79 0 0 0 0
0.796667 0 0 0 0
0.803333 0 0 0 0
0.81 0 0 0 0
0.816667 0 0 0 0
0.823333 0 0 0 0
0.83 0 0 0 0
0.836667 0 0 0 0
0.843333 0 0 0 0
0.85 0 0 0 0
0.856667 0 0 0 0
0.863333 0 0 0 0
0.87 0 0 0 0
0.876667 0 0 0 0
0.883333 0 0 0 0
0.89 0 0 0 0
0.896667 0 0 0 0
0.903333 0 0 0 0
0.91 0 0 0 0
0.916667 0 0 0 0
0.923333 0 0 0 0
0.93 0 0 0 0
0.936667 0 0 0 0
0.943333 0 0 0 0
0.95 0 0 0 0
0.956667 0 0 0 0
0.963333 0 0 0 0
0.97 0 0 0 0
0.976667 0 0 0 0
0.983333 0 0 0 0
0.99 0 0 0 0
0.996667 0 0 0 0
1.00333 0 0 0 0
1.01 0 0 0 0
1.01667 0 0 0 0
1.02333 0 0 0 0
1.03 0 0 0 0
1.03667 0 0 0 0
1.04333 0 0 0 0
1.05 0 0 0 0
1.05667 0 0 0 0
1.06333 0 0 0 0
1.07 0 0 0 0
1.07667 0 0 0 0
1.08333 0 0 0 0
1.09 0 0 0 0
1.09667 0 0 0 0
1.10333 0 0 0 0
1.11 0 0 0 0
1.11667 0 0 0 0
1.12333 0 0 0 0
1.13 0 0 0 0
1.13667 0 0 0 0
1.14333 0 0 0 0
1.15 0 0 0 0
1.15667 0 0 0 0
1.16333 0 0 0 0
1.17 0 0 0 0
1.17667 0 0 0 0
1.18333 0 0 0 0
1.19 0 0 0 0
1.19667 0 0 0 0
1.20333 0 0 0 0
1.21 0 0 0 0
1.21667 0 0 0 0
1.22333 0 0 0 0
1.23 0 0 0 0
1.23667 0 0 0 0
1.24333 0 0 0 0
1.25 0 0 0 0
1.25667 0 0 0 0
1.26333 0 0 0 0
1.27 0 0 0 0
1.27667 0 0 0 0
1.28333 0 0 0 0
1.29 0 0 0 0
1.29667 0 0 0 0
1.30333 0 0 0 0
1.31 0 0 0 0
1.31667 0 0 0 0
1.32333 0 0 0 0
1.33 0 0 0 0
1.33667 0 0 0 0
1.34333 0 0 0 0
1.35 0 0 0 0
1.35667 0 0 0 0
1.36333 0 0 0 0
1.37 0 0 0 0
1.37667 0 0 0 0
1.38333 0 0 0 0
1.39 0 0 0 0
1.39667 0 0 0 0
1.40333 0 0 0 0
1.41 0 0 0 0
1.41667 0 0 0 0
1.42333 0 0 0 0
1.43 0 0 0 0
1.43667 0 0 0 0
1.44333 0 0 0 0
1.45 0 0 0 0
1.45667 0 0 0 0
1.46333 0 0 0 0
1.47 0 0 0 0
1.47667 0 0 0 0
1.48333 0 0 0 0
1.49 0 0 0 0
1.49667 0 0 0 0
1.50333 0 0 0 0
1.51 0 0 0 0
1.51667 0 0 0 0
1.52333 0 0 0 0
1.53 0 0 0 0
1.53667 0 0 0 0
1.54333 0 0 0 0
1.55 0 0 0 0
1.55667 0 0 0 0
1.56333 0 0 0 0
1.57 0 0 0 0
1.57667 0 0 0 0
1.58333 0 0 0 0
1.59 0 0 0 0
1.59667 0 0 0 0
1.60333 0 0 0 0
1.61 0 0 0 0
1.61667 0 0 0 0
1.62333 0 0 0 0
1.63 0 0 0 0
1.63667 0 0 0 0
1.64333 0 0 0 0
1.65 0 0 0 0
1.65667 0 0 0 0
1.66333 0 0 0 0
1.67 0 0 0 0
1.67667 0 0 0 0
1.68333 0 0 0 0
1.69 0 0 0 0
1.69667 0 0 0 0
1.70333 0 0 0 0
1.71 0 0 0 0
1.71667 0 0 0 0
1.72333 0 0 0 0
1.73 0 0 0 0
1.73667 0 0 0 0
1.74333 0 0 0 0
1.75 0 0 0 0
1.75667 0 0 0 0
1.76333 0 0 0 0
1.77 0 0 0 0
1.77667 0 0 0 0
1.78333 0 0 0 0
1.79 0 0 0 0
1.79667 0 0 0 0
1.80333 0 0 0 0
1.81 0 0 0 0
1.81667 0 0 0 0
1.82333 0 0 0 0
1.83 0 0 0 0
1.83667 0 0 0 0
1.84333 0 0 0 0
1.85 0 0 0 0
1.85667 0 0 0 0
1.86333 0 0 0 0
1.87 0 0 0 0
1.87667 0 0 0 0
1.88333 0 0 0 0
1.89 0 0 0 0
1.89667 0 0 0 0
1.90333 0 0 0 0
1.91 0 0 0 0
1.91667 0 0 0 0
1.92333 0 0 0 0
1.93 0 0 0 0
1.93667 0 0 0 0
1.94333 0 0 0 0
1.95 0 0 0 0
1.95667 0 0 0 0
1.96333 0 0 0 0
1.97 0 0 0 0
1.97667 0 0 0 0
1.98333 0 0 0 0
1.99 0 0 0 0
1.99667 0 0 0 0
