0.00333333 26 23 3 4
0.01 41 22 6 4
0.0166667 33 20 6 1
0.0233333 44 41 7 6
0.03 31 42 12 4
0.0366667 38 42 10 4
0.0433333 53 68 18 5
0.05 53 80 11 8
0.0566667 70 77 8 6
0.0633333 80 99 19 7
0.07 72 109 25 9
0.0766667 80 91 33 11
0.0833333 76 107 17 12
0.09 77 106 27 7
0.0966667 85 125 22 5
0.103333 78 101 23 5
0.11 85 114 21 17
0.116667 88 97 26 13
0.123333 95 98 19 11
0.13 69 84 22 14
0.136667 69 79 15 10
0.143333 72 108 14 16
0.15 72 68 8 11
0.156667 74 82 10 6
0.163333 72 68 16 8
0.17 60 67 10 9
0.176667 69 65 16 8
0.183333 86 85 20 11
0.19 70 78 16 18
0.196667 80 65 17 14
0.203333 66 58 10 17
0.21 68 63 13 11
0.216667 72 57 13 13
0.223333 62 50 13 11
0.23 64 59 13 12
0.236667 59 51 13 7
0.243333 57 43 9 4
0.25 51 53 11 5
0.256667 49 50 8 7
0.263333 59 50 5 7
0.27 51 50 10 8
0.276667 52 45 12 6
0.283333 53 44 7 5
0.29 45 55 13 4
0.296667 47 33 17 2
0.303333 46 38 6 6
0.31 48 48 7 12
0.316667 50 37 6 4
0.323333 38 39 12 1
0.33 44 31 7 7
0.336667 44 36 9 9
0.343333 43 40 5 4
0.35 31 48 9 2
0.356667 40 37 16 8
0.363333 31 29 7 3
0.37 37 26 8 3
0.376667 37 29 8 3
0.383333 26 36 8 5
0.39 38 25 10 8
0.396667 41 28 7 8
0.403333 35 30 7 2
0.41 35 34 7 5
0.416667 31 27 10 6
0.423333 29 23 8 3
0.43 29 30 5 3
0.436667 31 27 10 1
0.443333 32 33 7 4
0.45 30 26 7 7
0.456667 27 27 9 10
0.463333 36 33 4 6
0.47 23 18 8 4
0.476667 26 27 8 4
0.483333 14 15 4 5
0.49 23 16 6 4
0.496667 17 18 9 3
0.503333 14 15 8 1
0.51 19 25 7 5
0.516667 20 16 6 2
0.523333 13 15 7 1
0.53 19 15 3 1
0.536667 13 10 1 6
0.543333 14 13 9 3
0.55 20 11 3 2
0.556667 18 11 2 5
0.563333 17 18 1 3
0.57 15 10 6 2
0.576667 10 18 4 4
0.583333 17 18 2 3
0.59 14 10 3 6
0.596667 20 8 5 3
0.603333 16 13 3 3
0.61 12 9 6 5
0.616667 10 23 3 4
0.623333 14 13 2 4
0.63 8 8 2 5
0.636667 11 19 4 4
0.643333 15 14 5 5
0.65 12 14 6 7
0.656667 15 5 2 3
0.663333 945 495 106 140
0.67 0 0 0 0
0.676667 0 0 0 0
0.683333 0 0 0 0
0.69 0 0 0 0
0.696667 0 0 0 0
0.703333 0 0 0 0
0.71 0 0 0 0
0.716667 0 0 0 0
0.723333 0 0 0 0
0.73 0 0 0 0
0.736667 0 0 0 0
0.743333 0 0 0 0
0.75 0 0 0 0
0.756667 0 0 0 0
0.763333 0 0 0 0
0.77 0 0 0 0
0.776667 0 0 0 0
0.783333 0 0 0 0
0.79 0 0 0 0
0.796667 0 0 0 0
0.803333 0 0 0 0
0.81 0 0 0 0
0.816667 0 0 0 0
0.823333 0 0 0 0
0.83 0 0 0 0
0.836667 0 0 0 0
0.843333 0 0 0 0
0.85 0 0 0 0
0.856667 0 0 0 0
0.863333 0 0 0 0
0.87 0 0 0 0
0.876667 0 0 0 0
0.883333 0 0 0 0
0.89 0 0 0 0
0.896667 0 0 0 0
0.903333 0 0 0 0
0.91 0 0 0 0
0.916667 0 0 0 0
0.923333 0 0 0 0
0.93 0 0 0 0
0.936667 0 0 0 0
0.943333 0 0 0 0
0.95 0 0 0 0
0.956667 0 0 0 0
0.963333 0 0 0 0
0.97 0 0 0 0
0.976667 0 0 0 0
0.983333 0 0 0 0
0.99 0 0 0 0
0.996667 0 0 0 0
1.00333 0 0 0 0
1.01 0 0 0 0
1.01667 0 0 0 0
1.02333 0 0 0 0
1.03 0 0 0 0
1.03667 0 0 0 0
1.04333 0 0 0 0
1.05 0 0 0 0
1.05667 0 0 0 0
1.06333 0 0 0 0
1.07 0 0 0 0
1.07667 0 0 0 0
1.08333 0 0 0 0
1.09 0 0 0 0
1.09667 0 0 0 0
1.10333 0 0 0 0
1.11 0 0 0 0
1.11667 0 0 0 0
1.12333 0 0 0 0
1.13 0 0 0 0
1.13667 0 0 0 0
1.14333 0 0 0 0
1.15 0 0 0 0
1.15667 0 0 0 0
1.16333 0 0 0 0
1.17 0 0 0 0
1.17667 0 0 0 0
1.18333 0 0 0 0
1.19 0 0 0 0
1.19667 0 0 0 0
1.20333 0 0 0 0
1.21 0 0 0 0
1.21667 0 0 0 0
1.22333 0 0 0 0
1.23 0 0 0 0
1.23667 0 0 0 0
1.24333 0 0 0 0
1.25 0 0 0 0
1.25667 0 0 0 0
1.26333 0 0 0 0
1.27 0 0 0 0
1.27667 0 0 0 0
1.28333 0 0 0 0
1.29 0 0 0 0
1.29667 0 0 0 0
1.30333 0 0 0 0
1.31 0 0 0 0
1.31667 0 0 0 0
1.32333 0 0 0 0
1.33 0 0 0 0
1.33667 0 0 0 0
1.34333 0 0 0 0
1.35 0 0 0 0
1.35667 0 0 0 0
1.36333 0 0 0 0
1.37 0 0 0 0
1.37667 0 0 0 0
1.38333 0 0 0 0
1.39 0 0 0 0
1.39667 0 0 0 0
1.40333 0 0 0 0
1.41 0 0 0 0
1.41667 0 0 0 0
1.42333 0 0 0 0
1.43 0 0 0 0
1.43667 0 0 0 0
1.44333 0 0 0 0
1.45 0 0 0 0
1.45667 0 0 0 0
1.46333 0 0 0 0
1.47 0 0 0 0
1.47667 0 0 0 0
1.48333 0 0 0 0
1.49 0 0 0 0
1.49667 0 0 0 0
1.50333 0 0 0 0
1.51 0 0 0 0
1.51667 0 0 0 0
1.52333 0 0 0 0
1.53 0 0 0 0
1.53667 0 0 0 0
1.54333 0 0 0 0
1.55 0 0 0 0
1.55667 0 0 0 0
1.56333 0 0 0 0
1.57 0 0 0 0
1.57667 0 0 0 0
1.58333 0 0 0 0
1.59 0 0 0 0
1.59667 0 0 0 0
1.60333 0 0 0 0
1.61 0 0 0 0
1.61667 0 0 0 0
1.62333 0 0 0 0
1.63 0 0 0 0
1.63667 0 0 0 0
1.64333 0 0 0 0
1.65 0 0 0 0
1.65667 0 0 0 0
1.66333 0 0 0 0
1.67 0 0 0 0
1.67667 0 0 0 0
1.68333 0 0 0 0
1.69 0 0 0 0
1.69667 0 0 0 0
1.70333 0 0 0 0
1.71 0 0 0 0
1.71667 0 0 0 0
1.72333 0 0 0 0
1.73 0 0 0 0
1.73667 0 0 0 0
1.74333 0 0 0 0
1.75 0 0 0 0
1.75667 0 0 0 0
1.76333 0 0 0 0
1.77 0 0 0 0
1.77667 0 0 0 0
1.78333 0 0 0 0
1.79 0 0 0 0
1.79667 0 0 0 0
1.80333 0 0 0 0
1.81 0 0 0 0
1.81667 0 0 0 0
1.82333 0 0 0 0
1.83 0 0 0 0
1.83667 0 0 0 0
1.84333 0 0 0 0
1.85 0 0 0 0
1.85667 0 0 0 0
1.86333 0 0 0 0
1.87 0 0 0 0
1.87667 0 0 0 0
1.88333 0 0 0 0
1.89 0 0 0 0
1.89667 0 0 0 0
1.90333 0 0 0 0
1.91 0 0 0 0
1.91667 0 0 0 0
1.92333 0 0 0 0
1.93 0 0 0 0
1.93667 0 0 0 0
1.94333 0 0 0 0
1.95 0 0 0 0
1.95667 0 0 0 0
1.96333 0 0 0 0
1.97 0 0 0 0
1.97667 0 0 0 0
1.98333 0 0 0 0
1.99 0 0 0 0
1.99667 0 0 0 0
