0.00333333 103 33 1 5
0.01 112 50 2 5
0.0166667 115 44 1 3
0.0233333 115 49 3 5
0.03 120 67 1 5
0.0366667 117 70 9 2
0.0433333 152 78 3 2
0.05 180 104 9 5
0.0566667 206 160 4 5
0.0633333 223 123 7 4
0.07 227 145 10 7
0.0766667 252 143 9 6
0.0833333 262 172 10 7
0.09 290 167 8 3
0.0966667 248 137 10 6
0.103333 275 117 12 11
0.11 281 145 9 3
0.116667 306 146 6 4
0.123333 317 131 8 7
0.13 287 164 7 5
0.136667 303 134 6 7
0.143333 326 121 5 6
0.15 307 120 6 3
0.156667 319 134 7 2
0.163333 247 99 9 10
0.17 289 112 4 4
0.176667 292 126 3 5
0.183333 314 120 4 6
0.19 392 111 6 13
0.196667 363 114 2 11
0.203333 327 102 5 8
0.21 313 96 2 8
0.216667 250 104 5 10
0.223333 299 115 11 2
0.23 254 95 8 9
0.236667 239 83 4 7
0.243333 218 87 4 5
0.25 229 85 3 4
0.256667 191 82 0 7
0.263333 168 79 3 7
0.27 196 80 4 2
0.276667 183 78 4 5
0.283333 149 76 1 6
0.29 148 67 1 6
0.296667 190 69 1 3
0.303333 167 75 1 4
0.31 172 59 5 5
0.316667 132 68 3 3
0.323333 160 45 5 4
0.33 135 58 4 2
0.336667 147 35 3 2
0.343333 142 47 1 5
0.35 129 41 7 5
0.356667 112 60 3 5
0.363333 130 51 3 3
0.37 106 52 4 6
0.376667 127 44 4 0
0.383333 127 50 5 3
0.39 119 50 2 8
0.396667 112 36 0 4
0.403333 122 41 4 3
0.41 125 37 2 2
0.416667 120 64 1 5
0.423333 104 51 5 2
0.43 111 48 1 2
0.436667 121 56 3 8
0.443333 132 42 2 8
0.45 125 48 3 3
0.456667 115 45 2 2
0.463333 120 34 2 3
0.47 120 50 2 2
0.476667 97 35 3 4
0.483333 60 33 4 2
0.49 51 26 3 3
0.496667 58 31 1 2
0.503333 45 27 0 3
0.51 54 29 2 5
0.516667 49 31 4 5
0.523333 61 31 5 0
0.53 42 27 1 3
0.536667 52 35 0 2
0.543333 50 28 2 2
0.55 34 30 1 0
0.556667 38 21 1 3
0.563333 40 29 2 3
0.57 38 22 2 4
0.576667 34 27 2 0
0.583333 26 30 1 2
0.59 34 19 1 1
0.596667 41 27 1 3
0.603333 28 20 2 0
0.61 40 21 2 8
0.616667 48 19 1 4
0.623333 44 22 1 1
0.63 39 19 0 1
0.636667 54 22 0 2
0.643333 30 22 1 0
0.65 26 17 2 1
0.656667 34 20 5 1
0.663333 5239 1162 33 142
0.67 0 0 0 0
0.676667 0 0 0 0
0.683333 0 0 0 0
0.69 0 0 0 0
0.696667 0 0 0 0
0.703333 0 0 0 0
0.71 0 0 0 0
0.716667 0 0 0 0
0.723333 0 0 0 0
0.73 0 0 0 0
0.736667 0 0 0 0
0.743333 0 0 0 0
0.75 0 0 0 0
0.756667 0 0 0 0
0.763333 0 0 0 0
0.77 0 0 0 0
0.776667 0 0 0 0
0.783333 0 0 0 0
0.79 0 0 0 0
0.796667 0 0 0 0
0.803333 0 0 0 0
0.81 0 0 0 0
0.816667 0 0 0 0
0.823333 0 0 0 0
0.83 0 0 0 0
0.836667 0 0 0 0
0.843333 0 0 0 0
0.85 0 0 0 0
0.856667 0 0 0 0
0.863333 0 0 0 0
0.87 0 0 0 0
0.876667 0 0 0 0
0.883333 0 0 0 0
0.89 0 0 0 0
0.896667 0 0 0 0
0.903333 0 0 0 0
0.91 0 0 0 0
0.916667 0 0 0 0
0.923333 0 0 0 0
0.93 0 0 0 0
0.936667 0 0 0 0
0.943333 0 0 0 0
0.95 0 0 0 0
0.956667 0 0 0 0
0.963333 0 0 0 0
0.97 0 0 0 0
0.976667 0 0 0 0
0.983333 0 0 0 0
0.99 0 0 0 0
0.996667 0 0 0 0
1.00333 0 0 0 0
1.01 0 0 0 0
1.01667 0 0 0 0
1.02333 0 0 0 0
1.03 0 0 0 0
1.03667 0 0 0 0
1.04333 0 0 0 0
1.05 0 0 0 0
1.05667 0 0 0 0
1.06333 0 0 0 0
1.07 0 0 0 0
1.07667 0 0 0 0
1.08333 0 0 0 0
1.09 0 0 0 0
1.09667 0 0 0 0
1.10333 0 0 0 0
1.11 0 0 0 0
1.11667 0 0 0 0
1.12333 0 0 0 0
1.13 0 0 0 0
1.13667 0 0 0 0
1.14333 0 0 0 0
1.15 0 0 0 0
1.15667 0 0 0 0
1.16333 0 0 0 0
1.17 0 0 0 0
1.17667 0 0 0 0
1.18333 0 0 0 0
1.19 0 0 0 0
1.19667 0 0 0 0
1.20333 0 0 0 0
1.21 0 0 0 0
1.21667 0 0 0 0
1.22333 0 0 0 0
1.23 0 0 0 0
1.23667 0 0 0 0
1.24333 0 0 0 0
1.25 0 0 0 0
1.25667 0 0 0 0
1.26333 0 0 0 0
1.27 0 0 0 0
1.27667 0 0 0 0
1.28333 0 0 0 0
1.29 0 0 0 0
1.29667 0 0 0 0
1.30333 0 0 0 0
1.31 0 0 0 0
1.31667 0 0 0 0
1.32333 0 0 0 0
1.33 0 0 0 0
1.33667 0 0 0 0
1.34333 0 0 0 0
1.35 0 0 0 0
1.35667 0 0 0 0
1.36333 0 0 0 0
1.37 0 0 0 0
1.37667 0 0 0 0
1.38333 0 0 0 0
1.39 0 0 0 0
1.39667 0 0 0 0
1.40333 0 0 0 0
1.41 0 0 0 0
1.41667 0 0 0 0
1.42333 0 0 0 0
1.43 0 0 0 0
1.43667 0 0 0 0
1.44333 0 0 0 0
1.45 0 0 0 0
1.45667 0 0 0 0
1.46333 0 0 0 0
1.47 0 0 0 0
1.47667 0 0 0 0
1.48333 0 0 0 0
1.49 0 0 0 0
1.49667 0 0 0 0
1.50333 0 0 0 0
1.51 0 0 0 0
1.51667 0 0 0 0
1.52333 0 0 0 0
1.53 0 0 0 0
1.53667 0 0 0 0
1.54333 0 0 0 0
1.55 0 0 0 0
1.55667 0 0 0 0
1.56333 0 0 0 0
1.57 0 0 0 0
1.57667 0 0 0 0
1.58333 0 0 0 0
1.59 0 0 0 0
1.59667 0 0 0 0
1.60333 0 0 0 0
1.61 0 0 0 0
1.61667 0 0 0 0
1.62333 0 0 0 0
1.63 0 0 0 0
1.63667 0 0 0 0
1.64333 0 0 0 0
1.65 0 0 0 0
1.65667 0 0 0 0
1.66333 0 0 0 0
1.67 0 0 0 0
1.67667 0 0 0 0
1.68333 0 0 0 0
1.69 0 0 0 0
1.69667 0 0 0 0
1.70333 0 0 0 0
1.71 0 0 0 0
1.71667 0 0 0 0
1.72333 0 0 0 0
1.73 0 0 0 0
1.73667 0 0 0 0
1.74333 0 0 0 0
1.75 0 0 0 0
1.75667 0 0 0 0
1.76333 0 0 0 0
1.77 0 0 0 0
1.77667 0 0 0 0
1.78333 0 0 0 0
1.79 0 0 0 0
1.79667 0 0 0 0
1.80333 0 0 0 0
1.81 0 0 0 0
1.81667 0 0 0 0
1.82333 0 0 0 0
1.83 0 0 0 0
1.83667 0 0 0 0
1.84333 0 0 0 0
1.85 0 0 0 0
1.85667 0 0 0 0
1.86333 0 0 0 0
1.87 0 0 0 0
1.87667 0 0 0 0
1.88333 0 0 0 0
1.89 0 0 0 0
1.89667 0 0 0 0
1.90333 0 0 0 0
1.91 0 0 0 0
1.91667 0 0 0 0
1.92333 0 0 0 0
1.93 0 0 0 0
1.93667 0 0 0 0
1.94333 0 0 0 0
1.95 0 0 0 0
1.95667 0 0 0 0
1.96333 0 0 0 0
1.97 0 0 0 0
1.97667 0 0 0 0
1.98333 0 0 0 0
1.99 0 0 0 0
1.99667 0 0 0 0
