0.00333333 1 2 67 31
0.01 0 3 69 32
0.0166667 1 3 66 44
0.0233333 1 3 75 43
0.03 2 4 102 42
0.0366667 0 5 88 61
0.0433333 0 5 137 76
0.05 1 5 174 113
0.0566667 2 10 181 111
0.0633333 3 9 203 119
0.07 3 14 238 156
0.0766667 2 13 245 151
0.0833333 6 6 240 150
0.09 3 10 253 157
0.0966667 4 10 234 120
0.103333 2 9 211 138
0.11 3 11 250 147
0.116667 6 17 251 128
0.123333 0 10 211 135
0.13 4 5 246 127
0.136667 2 5 197 105
0.143333 1 3 235 126
0.15 3 6 207 111
0.156667 1 6 233 109
0.163333 0 6 219 112
0.17 2 8 193 116
0.176667 6 7 185 95
0.183333 3 7 196 106
0.19 3 7 224 97
0.196667 5 10 193 92
0.203333 3 9 195 89
0.21 2 8 192 98
0.216667 3 7 204 96
0.223333 1 6 180 90
0.23 2 1 178 74
0.236667 1 3 148 84
0.243333 2 5 136 75
0.25 4 5 143 69
0.256667 2 5 134 57
0.263333 1 4 131 56
0.27 2 8 126 67
0.276667 5 4 122 75
0.283333 0 2 141 55
0.29 2 7 112 54
0.296667 0 4 114 56
0.303333 0 2 107 58
0.31 2 3 101 62
0.316667 4 2 113 45
0.323333 2 6 87 54
0.33 2 6 75 57
0.336667 2 5 82 52
0.343333 1 3 87 53
0.35 2 4 93 64
0.356667 0 2 91 40
0.363333 0 2 76 39
0.37 1 6 82 37
0.376667 0 3 92 40
0.383333 1 4 83 38
0.39 1 2 66 43
0.396667 3 3 81 41
0.403333 0 2 78 31
0.41 1 3 76 50
0.416667 0 7 69 46
0.423333 0 4 95 40
0.43 0 1 93 33
0.436667 1 1 66 30
0.443333 1 2 66 37
0.45 1 2 69 45
0.456667 1 4 77 36
0.463333 1 4 68 32
0.47 1 4 66 29
0.476667 0 4 54 21
0.483333 0 5 54 17
0.49 0 2 42 27
0.496667 1 3 34 35
0.503333 1 6 28 22
0.51 1 3 41 27
0.516667 0 1 38 21
0.523333 1 2 44 21
0.53 1 3 41 22
0.536667 1 1 37 30
0.543333 0 0 34 16
0.55 1 1 42 18
0.556667 2 3 40 18
0.563333 0 5 35 29
0.57 1 2 28 29
0.576667 2 2 32 16
0.583333 1 1 29 15
0.59 1 3 40 11
0.596667 0 3 30 12
0.603333 0 1 40 21
0.61 0 2 39 15
0.616667 0 1 31 17
0.623333 3 3 33 20
0.63 0 2 40 19
0.636667 0 3 44 21
0.643333 0 1 33 15
0.65 3 3 36 16
0.656667 2 3 31 20
0.663333 14 40 2147 839
0.67 0 0 0 0
0.676667 0 0 0 0
0.683333 0 0 0 0
0.69 0 0 0 0
0.696667 0 0 0 0
0.703333 0 0 0 0
0.71 0 0 0 0
0.716667 0 0 0 0
0.723333 0 0 0 0
0.73 0 0 0 0
0.736667 0 0 0 0
0.743333 0 0 0 0
0.75 0 0 0 0
0.756667 0 0 0 0
0.763333 0 0 0 0
0.77 0 0 0 0
0.776667 0 0 0 0
0.783333 0 0 0 0
0.79 0 0 0 0
0.796667 0 0 0 0
0.803333 0 0 0 0
0.81 0 0 0 0
0.816667 0 0 0 0
0.823333 0 0 0 0
0.83 0 0 0 0
0.836667 0 0 0 0
0.843333 0 0 0 0
0.85 0 0 0 0
0.856667 0 0 0 0
0.863333 0 0 0 0
0.87 0 0 0 0
0.876667 0 0 0 0
0.883333 0 0 0 0
0.89 0 0 0 0
0.896667 0 0 0 0
0.903333 0 0 0 0
0.91 0 0 0 0
0.916667 0 0 0 0
0.923333 0 0 0 0
0.93 0 0 0 0
0.936667 0 0 0 0
0.943333 0 0 0 0
0.95 0 0 0 0
0.956667 0 0 0 0
0.963333 0 0 0 0
0.97 0 0 0 0
0.976667 0 0 0 0
0.983333 0 0 0 0
0.99 0 0 0 0
0.996667 0 0 0 0
1.00333 0 0 0 0
1.01 0 0 0 0
1.01667 0 0 0 0
1.02333 0 0 0 0
1.03 0 0 0 0
1.03667 0 0 0 0
1.04333 0 0 0 0
1.05 0 0 0 0
1.05667 0 0 0 0
1.06333 0 0 0 0
1.07 0 0 0 0
1.07667 0 0 0 0
1.08333 0 0 0 0
1.09 0 0 0 0
1.09667 0 0 0 0
1.10333 0 0 0 0
1.11 0 0 0 0
1.11667 0 0 0 0
1.12333 0 0 0 0
1.13 0 0 0 0
1.13667 0 0 0 0
1.14333 0 0 0 0
1.15 0 0 0 0
1.15667 0 0 0 0
1.16333 0 0 0 0
1.17 0 0 0 0
1.17667 0 0 0 0
1.18333 0 0 0 0
1.19 0 0 0 0
1.19667 0 0 0 0
1.20333 0 0 0 0
1.21 0 0 0 0
1.21667 0 0 0 0
1.22333 0 0 0 0
1.23 0 0 0 0
1.23667 0 0 0 0
1.24333 0 0 0 0
1.25 0 0 0 0
1.25667 0 0 0 0
1.26333 0 0 0 0
1.27 0 0 0 0
1.27667 0 0 0 0
1.28333 0 0 0 0
1.29 0 0 0 0
1.29667 0 0 0 0
1.30333 0 0 0 0
1.31 0 0 0 0
1.31667 0 0 0 0
1.32333 0 0 0 0
1.33 0 0 0 0
1.33667 0 0 0 0
1.34333 0 0 0 0
1.35 0 0 0 0
1.35667 0 0 0 0
1.36333 0 0 0 0
1.37 0 0 0 0
1.37667 0 0 0 0
1.38333 0 0 0 0
1.39 0 0 0 0
1.39667 0 0 0 0
1.40333 0 0 0 0
1.41 0 0 0 0
1.41667 0 0 0 0
1.42333 0 0 0 0
1.43 0 0 0 0
1.43667 0 0 0 0
1.44333 0 0 0 0
1.45 0 0 0 0
1.45667 0 0 0 0
1.46333 0 0 0 0
1.47 0 0 0 0
1.47667 0 0 0 0
1.48333 0 0 0 0
1.49 0 0 0 0
1.49667 0 0 0 0
1.50333 0 0 0 0
1.51 0 0 0 0
1.51667 0 0 0 0
1.52333 0 0 0 0
1.53 0 0 0 0
1.53667 0 0 0 0
1.54333 0 0 0 0
1.55 0 0 0 0
1.55667 0 0 0 0
1.56333 0 0 0 0
1.57 0 0 0 0
1.57667 0 0 0 0
1.58333 0 0 0 0
1.59 0 0 0 0
1.59667 0 0 0 0
1.60333 0 0 0 0
1.61 0 0 0 0
1.61667 0 0 0 0
1.62333 0 0 0 0
1.63 0 0 0 0
1.63667 0 0 0 0
1.64333 0 0 0 0
1.65 0 0 0 0
1.65667 0 0 0 0
1.66333 0 0 0 0
1.67 0 0 0 0
1.67667 0 0 0 0
1.68333 0 0 0 0
1.69 0 0 0 0
1.69667 0 0 0 0
1.70333 0 0 0 0
1.71 0 0 0 0
1.71667 0 0 0 0
1.72333 0 0 0 0
1.73 0 0 0 0
1.73667 0 0 0 0
1.74333 0 0 0 0
1.75 0 0 0 0
1.75667 0 0 0 0
1.76333 0 0 0 0
1.77 0 0 0 0
1.77667 0 0 0 0
1.78333 0 0 0 0
1.79 0 0 0 0
1.79667 0 0 0 0
1.80333 0 0 0 0
1.81 0 0 0 0
1.81667 0 0 0 0
1.82333 0 0 0 0
1.83 0 0 0 0
1.83667 0 0 0 0
1.84333 0 0 0 0
1.85 0 0 0 0
1.85667 0 0 0 0
1.86333 0 0 0 0
1.87 0 0 0 0
1.87667 0 0 0 0
1.88333 0 0 0 0
1.89 0 0 0 0
1.89667 0 0 0 0
1.90333 0 0 0 0
1.91 0 0 0 0
1.91667 0 0 0 0
1.92333 0 0 0 0
1.93 0 0 0 0
1.93667 0 0 0 0
1.94333 0 0 0 0
1.95 0 0 0 0
1.95667 0 0 0 0
1.96333 0 0 0 0
1.97 0 0 0 0
1.97667 0 0 0 0
1.98333 0 0 0 0
1.99 0 0 0 0
1.99667 0 0 0 0
