0.00333333 5 36 17 0
0.01 10 48 17 6
0.0166667 14 50 18 3
0.0233333 12 47 17 0
0.03 8 51 25 3
0.0366667 22 73 26 2
0.0433333 29 107 29 7
0.05 36 123 37 9
0.0566667 45 138 44 7
0.0633333 49 184 51 6
0.07 41 165 51 11
0.0766667 47 144 48 6
0.0833333 48 155 58 8
0.09 38 165 56 8
0.0966667 44 165 60 8
0.103333 36 163 62 8
0.11 42 130 41 13
0.116667 49 181 66 9
0.123333 38 149 49 7
0.13 31 149 47 2
0.136667 30 136 63 10
0.143333 32 151 55 5
0.15 35 121 38 2
0.156667 24 125 51 4
0.163333 32 111 55 7
0.17 29 115 44 5
0.176667 28 120 58 2
0.183333 27 109 54 8
0.19 27 140 59 3
0.196667 29 125 57 7
0.203333 22 96 46 2
0.21 28 118 55 3
0.216667 22 110 51 1
0.223333 15 104 50 3
0.23 17 99 37 5
0.236667 29 83 37 4
0.243333 23 71 46 4
0.25 18 90 32 8
0.256667 16 89 32 0
0.263333 20 85 36 1
0.27 12 74 18 6
0.276667 18 81 38 6
0.283333 22 72 24 1
0.29 16 84 34 3
0.296667 15 73 17 5
0.303333 8 76 31 3
0.31 10 60 28 2
0.316667 15 69 28 1
0.323333 25 55 28 3
0.33 16 54 30 1
0.336667 19 60 24 1
0.343333 14 51 26 2
0.35 14 54 20 2
0.356667 17 57 21 2
0.363333 20 57 25 4
0.37 12 70 22 2
0.376667 16 53 31 2
0.383333 9 50 23 1
0.39 5 63 22 3
0.396667 18 55 17 1
0.403333 7 47 26 0
0.41 12 51 20 2
0.416667 11 42 18 1
0.423333 13 50 21 1
0.43 6 41 22 2
0.436667 12 47 25 3
0.443333 9 46 23 3
0.45 12 47 16 2
0.456667 13 51 25 4
0.463333 12 46 24 2
0.47 11 35 22 1
0.476667 7 42 14 1
0.483333 10 26 12 1
0.49 11 32 13 2
0.496667 6 27 9 1
0.503333 10 23 20 2
0.51 12 27 12 0
0.516667 8 24 6 3
0.523333 12 18 10 1
0.53 12 19 14 0
0.536667 10 27 17 1
0.543333 5 28 11 1
0.55 5 26 9 0
0.556667 6 24 14 2
0.563333 9 18 10 3
0.57 8 25 15 3
0.576667 9 26 12 2
0.583333 5 21 10 4
0.59 6 29 12 2
0.596667 7 21 12 1
0.603333 3 24 13 0
0.61 4 23 7 1
0.616667 1 24 14 0
0.623333 5 17 6 1
0.63 3 24 11 1
0.636667 8 31 9 1
0.643333 5 24 9 0
0.65 3 14 11 2
0.656667 11 16 10 0
0.663333 194 1070 673 21
0.67 0 0 0 0
0.676667 0 0 0 0
0.683333 0 0 0 0
0.69 0 0 0 0
0.696667 0 0 0 0
0.703333 0 0 0 0
0.71 0 0 0 0
0.716667 0 0 0 0
0.723333 0 0 0 0
0.73 0 0 0 0
0.736667 0 0 0 0
0.743333 0 0 0 0
0.75 0 0 0 0
0.756667 0 0 0 0
0.763333 0 0 0 0
0.77 0 0 0 0
0.776667 0 0 0 0
0.783333 0 0 0 0
0.79 0 0 0 0
0.796667 0 0 0 0
0.803333 0 0 0 0
0.81 0 0 0 0
0.816667 0 0 0 0
0.823333 0 0 0 0
0.83 0 0 0 0
0.836667 0 0 0 0
0.843333 0 0 0 0
0.85 0 0 0 0
0.856667 0 0 0 0
0.863333 0 0 0 0
0.87 0 0 0 0
0.876667 0 0 0 0
0.883333 0 0 0 0
0.89 0 0 0 0
0.896667 0 0 0 0
0.903333 0 0 0 0
0.91 0 0 0 0
0.916667 0 0 0 0
0.923333 0 0 0 0
0.93 0 0 0 0
0.936667 0 0 0 0
0.943333 0 0 0 0
0.95 0 0 0 0
0.956667 0 0 0 0
0.963333 0 0 0 0
0.97 0 0 0 0
0.976667 0 0 0 0
0.983333 0 0 0 0
0.99 0 0 0 0
0.996667 0 0 0 0
1.00333 0 0 0 0
1.01 0 0 0 0
1.01667 0 0 0 0
1.02333 0 0 0 0
1.03 0 0 0 0
1.03667 0 0 0 0
1.04333 0 0 0 0
1.05 0 0 0 0
1.05667 0 0 0 0
1.06333 0 0 0 0
1.07 0 0 0 0
1.07667 0 0 0 0
1.08333 0 0 0 0
1.09 0 0 0 0
1.09667 0 0 0 0
1.10333 0 0 0 0
1.11 0 0 0 0
1.11667 0 0 0 0
1.12333 0 0 0 0
1.13 0 0 0 0
1.13667 0 0 0 0
1.14333 0 0 0 0
1.15 0 0 0 0
1.15667 0 0 0 0
1.16333 0 0 0 0
1.17 0 0 0 0
1.17667 0 0 0 0
1.18333 0 0 0 0
1.19 0 0 0 0
1.19667 0 0 0 0
1.20333 0 0 0 0
1.21 0 0 0 0
1.21667 0 0 0 0
1.22333 0 0 0 0
1.23 0 0 0 0
1.23667 0 0 0 0
1.24333 0 0 0 0
1.25 0 0 0 0
1.25667 0 0 0 0
1.26333 0 0 0 0
1.27 0 0 0 0
1.27667 0 0 0 0
1.28333 0 0 0 0
1.29 0 0 0 0
1.29667 0 0 0 0
1.30333 0 0 0 0
1.31 0 0 0 0
1.31667 0 0 0 0
1.32333 0 0 0 0
1.33 0 0 0 0
1.33667 0 0 0 0
1.34333 0 0 0 0
1.35 0 0 0 0
1.35667 0 0 0 0
1.36333 0 0 0 0
1.37 0 0 0 0
1.37667 0 0 0 0
1.38333 0 0 0 0
1.39 0 0 0 0
1.39667 0 0 0 0
1.40333 0 0 0 0
1.41 0 0 0 0
1.41667 0 0 0 0
1.42333 0 0 0 0
1.43 0 0 0 0
1.43667 0 0 0 0
1.44333 0 0 0 0
1.45 0 0 0 0
1.45667 0 0 0 0
1.46333 0 0 0 0
1.47 0 0 0 0
1.47667 0 0 0 0
1.48333 0 0 0 0
1.49 0 0 0 0
1.49667 0 0 0 0
1.50333 0 0 0 0
1.51 0 0 0 0
1.51667 0 0 0 0
1.52333 0 0 0 0
1.53 0 0 0 0
1.53667 0 0 0 0
1.54333 0 0 0 0
1.55 0 0 0 0
1.55667 0 0 0 0
1.56333 0 0 0 0
1.57 0 0 0 0
1.57667 0 0 0 0
1.58333 0 0 0 0
1.59 0 0 0 0
1.59667 0 0 0 0
1.60333 0 0 0 0
1.61 0 0 0 0
1.61667 0 0 0 0
1.62333 0 0 0 0
1.63 0 0 0 0
1.63667 0 0 0 0
1.64333 0 0 0 0
1.65 0 0 0 0
1.65667 0 0 0 0
1.66333 0 0 0 0
1.67 0 0 0 0
1.67667 0 0 0 0
1.68333 0 0 0 0
1.69 0 0 0 0
1.69667 0 0 0 0
1.70333 0 0 0 0
1.71 0 0 0 0
1.71667 0 0 0 0
1.72333 0 0 0 0
1.73 0 0 0 0
1.73667 0 0 0 0
1.74333 0 0 0 0
1.75 0 0 0 0
1.75667 0 0 0 0
1.76333 0 0 0 0
1.77 0 0 0 0
1.77667 0 0 0 0
1.78333 0 0 0 0
1.79 0 0 0 0
1.79667 0 0 0 0
1.80333 0 0 0 0
1.81 0 0 0 0
1.81667 0 0 0 0
1.82333 0 0 0 0
1.83 0 0 0 0
1.83667 0 0 0 0
1.84333 0 0 0 0
1.85 0 0 0 0
1.85667 0 0 0 0
1.86333 0 0 0 0
1.87 0 0 0 0
1.87667 0 0 0 0
1.88333 0 0 0 0
1.89 0 0 0 0
1.89667 0 0 0 0
1.90333 0 0 0 0
1.91 0 0 0 0
1.91667 0 0 0 0
1.92333 0 0 0 0
1.93 0 0 0 0
1.93667 0 0 0 0
1.94333 0 0 0 0
1.95 0 0 0 0
1.95667 0 0 0 0
1.96333 0 0 0 0
1.97 0 0 0 0
1.97667 0 0 0 0
1.98333 0 0 0 0
1.99 0 0 0 0
1.99667 0 0 0 0
