0.00333333 33 68 6 3
0.01 37 98 8 7
0.0166667 41 109 7 4
0.0233333 30 67 10 5
0.03 58 99 9 3
0.0366667 56 139 11 5
0.0433333 53 151 14 3
0.05 74 153 14 7
0.0566667 78 223 21 5
0.0633333 97 252 15 11
0.07 107 219 32 10
0.0766667 106 245 19 14
0.0833333 115 237 19 13
0.09 127 278 23 11
0.0966667 113 273 22 8
0.103333 109 272 21 10
0.11 123 285 16 16
0.116667 133 277 28 21
0.123333 113 317 13 9
0.13 107 301 18 12
0.136667 89 284 20 11
0.143333 100 274 18 9
0.15 114 254 18 5
0.156667 116 229 12 15
0.163333 91 223 14 9
0.17 96 218 13 7
0.176667 99 224 17 14
0.183333 103 231 12 12
0.19 120 276 12 14
0.196667 122 268 17 12
0.203333 116 240 14 18
0.21 111 236 14 16
0.216667 79 217 11 14
0.223333 102 196 16 10
0.23 75 202 11 6
0.236667 69 198 14 5
0.243333 59 192 9 4
0.25 63 164 16 9
0.256667 58 167 14 8
0.263333 68 162 10 8
0.27 66 142 5 7
0.276667 64 170 8 11
0.283333 62 127 14 6
0.29 48 127 4 6
0.296667 53 133 6 3
0.303333 74 131 11 4
0.31 47 134 10 7
0.316667 62 97 6 4
0.323333 57 122 10 12
0.33 53 125 6 8
0.336667 39 102 9 4
0.343333 39 104 8 8
0.35 56 113 10 7
0.356667 47 99 9 3
0.363333 50 106 6 0
0.37 44 112 4 3
0.376667 52 84 11 11
0.383333 44 94 11 6
0.39 40 96 9 2
0.396667 37 85 10 6
0.403333 32 79 5 3
0.41 42 90 4 4
0.416667 40 83 7 6
0.423333 53 105 7 5
0.43 44 92 2 6
0.436667 38 105 5 6
0.443333 45 92 3 7
0.45 38 98 5 8
0.456667 34 93 5 5
0.463333 41 82 8 7
0.47 49 103 4 5
0.476667 37 77 5 3
0.483333 21 53 3 4
0.49 26 51 4 4
0.496667 27 48 4 3
0.503333 30 46 4 3
0.51 25 56 5 3
0.516667 14 57 4 2
0.523333 25 52 2 5
0.53 17 46 2 3
0.536667 26 35 2 3
0.543333 23 55 4 2
0.55 20 55 6 4
0.556667 14 41 5 4
0.563333 17 42 3 1
0.57 11 41 7 6
0.576667 21 40 4 1
0.583333 15 34 7 2
0.59 16 42 2 1
0.596667 17 39 5 4
0.603333 14 38 4 1
0.61 10 34 2 4
0.616667 17 34 1 4
0.623333 18 32 4 4
0.63 15 33 3 5
0.636667 23 42 1 5
0.643333 10 33 2 1
0.65 18 26 0 4
0.656667 11 32 3 5
0.663333 1478 3070 76 189
0.67 0 0 0 0
0.676667 0 0 0 0
0.683333 0 0 0 0
0.69 0 0 0 0
0.696667 0 0 0 0
0.703333 0 0 0 0
0.71 0 0 0 0
0.716667 0 0 0 0
0.723333 0 0 0 0
0.73 0 0 0 0
0.736667 0 0 0 0
0.743333 0 0 0 0
0.75 0 0 0 0
0.756667 0 0 0 0
0.763333 0 0 0 0
0.77 0 0 0 0
0.776667 0 0 0 0
0.783333 0 0 0 0
0.79 0 0 0 0
0.796667 0 0 0 0
0.803333 0 0 0 0
0.81 0 0 0 0
0.816667 0 0 0 0
0.823333 0 0 0 0
0.83 0 0 0 0
0.836667 0 0 0 0
0.843333 0 0 0 0
0.85 0 0 0 0
0.856667 0 0 0 0
0.863333 0 0 0 0
0.87 0 0 0 0
0.876667 0 0 0 0
0.883333 0 0 0 0
0.89 0 0 0 0
0.896667 0 0 0 0
0.903333 0 0 0 0
0.91 0 0 0 0
0.916667 0 0 0 0
0.923333 0 0 0 0
0.93 0 0 0 0
0.936667 0 0 0 0
0.943333 0 0 0 0
0.95 0 0 0 0
0.956667 0 0 0 0
0.963333 0 0 0 0
0.97 0 0 0 0
0.976667 0 0 0 0
0.983333 0 0 0 0
0.99 0 0 0 0
0.996667 0 0 0 0
1.00333 0 0 0 0
1.01 0 0 0 0
1.01667 0 0 0 0
1.02333 0 0 0 0
1.03 0 0 0 0
1.03667 0 0 0 0
1.04333 0 0 0 0
1.05 0 0 0 0
1.05667 0 0 0 0
1.06333 0 0 0 0
1.07 0 0 0 0
1.07667 0 0 0 0
1.08333 0 0 0 0
1.09 0 0 0 0
1.09667 0 0 0 0
1.10333 0 0 0 0
1.11 0 0 0 0
1.11667 0 0 0 0
1.12333 0 0 0 0
1.13 0 0 0 0
1.13667 0 0 0 0
1.14333 0 0 0 0
1.15 0 0 0 0
1.15667 0 0 0 0
1.16333 0 0 0 0
1.17 0 0 0 0
1.17667 0 0 0 0
1.18333 0 0 0 0
1.19 0 0 0 0
1.19667 0 0 0 0
1.20333 0 0 0 0
1.21 0 0 0 0
1.21667 0 0 0 0
1.22333 0 0 0 0
1.23 0 0 0 0
1.23667 0 0 0 0
1.24333 0 0 0 0
1.25 0 0 0 0
1.25667 0 0 0 0
1.26333 0 0 0 0
1.27 0 0 0 0
1.27667 0 0 0 0
1.28333 0 0 0 0
1.29 0 0 0 0
1.29667 0 0 0 0
1.30333 0 0 0 0
1.31 0 0 0 0
1.31667 0 0 0 0
1.32333 0 0 0 0
1.33 0 0 0 0
1.33667 0 0 0 0
1.34333 0 0 0 0
1.35 0 0 0 0
1.35667 0 0 0 0
1.36333 0 0 0 0
1.37 0 0 0 0
1.37667 0 0 0 0
1.38333 0 0 0 0
1.39 0 0 0 0
1.39667 0 0 0 0
1.40333 0 0 0 0
1.41 0 0 0 0
1.41667 0 0 0 0
1.42333 0 0 0 0
1.43 0 0 0 0
1.43667 0 0 0 0
1.44333 0 0 0 0
1.45 0 0 0 0
1.45667 0 0 0 0
1.46333 0 0 0 0
1.47 0 0 0 0
1.47667 0 0 0 0
1.48333 0 0 0 0
1.49 0 0 0 0
1.49667 0 0 0 0
1.50333 0 0 0 0
1.51 0 0 0 0
1.51667 0 0 0 0
1.52333 0 0 0 0
1.53 0 0 0 0
1.53667 0 0 0 0
1.54333 0 0 0 0
1.55 0 0 0 0
1.55667 0 0 0 0
1.56333 0 0 0 0
1.57 0 0 0 0
1.57667 0 0 0 0
1.58333 0 0 0 0
1.59 0 0 0 0
1.59667 0 0 0 0
1.60333 0 0 0 0
1.61 0 0 0 0
1.61667 0 0 0 0
1.62333 0 0 0 0
1.63 0 0 0 0
1.63667 0 0 0 0
1.64333 0 0 0 0
1.65 0 0 0 0
1.65667 0 0 0 0
1.66333 0 0 0 0
1.67 0 0 0 0
1.67667 0 0 0 0
1.68333 0 0 0 0
1.69 0 0 0 0
1.69667 0 0 0 0
1.70333 0 0 0 0
1.71 0 0 0 0
1.71667 0 0 0 0
1.72333 0 0 0 0
1.73 0 0 0 0
1.73667 0 0 0 0
1.74333 0 0 0 0
1.75 0 0 0 0
1.75667 0 0 0 0
1.76333 0 0 0 0
1.77 0 0 0 0
1.77667 0 0 0 0
1.78333 0 0 0 0
1.79 0 0 0 0
1.79667 0 0 0 0
1.80333 0 0 0 0
1.81 0 0 0 0
1.81667 0 0 0 0
1.82333 0 0 0 0
1.83 0 0 0 0
1.83667 0 0 0 0
1.84333 0 0 0 0
1.85 0 0 0 0
1.85667 0 0 0 0
1.86333 0 0 0 0
1.87 0 0 0 0
1.87667 0 0 0 0
1.88333 0 0 0 0
1.89 0 0 0 0
1.89667 0 0 0 0
1.90333 0 0 0 0
1.91 0 0 0 0
1.91667 0 0 0 0
1.92333 0 0 0 0
1.93 0 0 0 0
1.93667 0 0 0 0
1.94333 0 0 0 0
1.95 0 0 0 0
1.95667 0 0 0 0
1.96333 0 0 0 0
1.97 0 0 0 0
1.97667 0 0 0 0
1.98333 0 0 0 0
1.99 0 0 0 0
1.99667 0 0 0 0
