0.00333333 2 9 15 41
0.01 8 12 19 44
0.0166667 8 8 27 52
0.0233333 6 11 25 39
0.03 7 10 25 43
0.0366667 7 14 47 67
0.0433333 17 25 63 74
0.05 8 19 90 70
0.0566667 10 22 92 82
0.0633333 10 34 97 103
0.07 10 27 110 103
0.0766667 9 33 117 96
0.0833333 9 26 117 110
0.09 15 26 118 102
0.0966667 11 37 97 87
0.103333 11 37 112 105
0.11 11 33 96 113
0.116667 4 32 80 122
0.123333 12 33 81 120
0.13 17 28 85 115
0.136667 10 31 86 103
0.143333 8 36 71 90
0.15 7 22 73 126
0.156667 7 21 83 114
0.163333 13 29 64 106
0.17 13 28 59 107
0.176667 9 24 70 114
0.183333 11 16 52 121
0.19 14 29 52 155
0.196667 17 35 68 126
0.203333 21 36 58 122
0.21 16 25 65 86
0.216667 10 18 54 107
0.223333 12 23 58 80
0.23 11 15 56 87
0.236667 11 18 58 103
0.243333 7 14 59 77
0.25 18 25 57 89
0.256667 5 20 43 71
0.263333 11 17 52 68
0.27 10 16 51 76
0.276667 13 12 40 60
0.283333 6 19 41 69
0.29 6 15 48 70
0.296667 5 17 41 60
0.303333 5 13 37 68
0.31 11 21 41 54
0.316667 8 7 49 71
0.323333 10 15 57 62
0.33 7 14 28 46
0.336667 11 17 40 48
0.343333 4 16 32 39
0.35 10 9 40 61
0.356667 2 17 29 75
0.363333 2 21 35 62
0.37 11 10 31 45
0.376667 4 14 25 52
0.383333 7 16 22 53
0.39 4 14 34 45
0.396667 6 12 23 62
0.403333 10 8 29 58
0.41 6 15 36 48
0.416667 5 21 23 47
0.423333 10 9 30 58
0.43 8 8 24 64
0.436667 7 14 22 45
0.443333 3 15 31 54
0.45 3 7 20 46
0.456667 3 9 31 44
0.463333 6 12 21 42
0.47 10 7 21 36
0.476667 3 8 20 45
0.483333 10 9 19 17
0.49 1 6 17 24
0.496667 6 10 25 18
0.503333 3 9 18 24
0.51 4 6 20 35
0.516667 6 8 14 23
0.523333 2 10 18 18
0.53 2 6 14 30
0.536667 1 6 13 24
0.543333 3 8 14 18
0.55 5 5 16 15
0.556667 4 9 17 11
0.563333 1 6 18 24
0.57 5 4 14 23
0.576667 3 14 16 24
0.583333 4 6 14 19
0.59 7 11 22 20
0.596667 6 11 10 17
0.603333 5 5 14 11
0.61 4 8 8 21
0.616667 4 4 6 14
0.623333 2 5 16 19
0.63 5 10 15 23
0.636667 3 9 12 15
0.643333 3 9 7 9
0.65 3 13 13 13
0.656667 4 7 14 9
0.663333 195 277 477 1755
0.67 0 0 0 0
0.676667 0 0 0 0
0.683333 0 0 0 0
0.69 0 0 0 0
0.696667 0 0 0 0
0.703333 0 0 0 0
0.71 0 0 0 0
0.716667 0 0 0 0
0.723333 0 0 0 0
0.73 0 0 0 0
0.736667 0 0 0 0
0.743333 0 0 0 0
0.75 0 0 0 0
0.756667 0 0 0 0
0.763333 0 0 0 0
0.77 0 0 0 0
0.776667 0 0 0 0
0.783333 0 0 0 0
0.79 0 0 0 0
0.796667 0 0 0 0
0.803333 0 0 0 0
0.81 0 0 0 0
0.816667 0 0 0 0
0.823333 0 0 0 0
0.83 0 0 0 0
0.836667 0 0 0 0
0.843333 0 0 0 0
0.85 0 0 0 0
0.856667 0 0 0 0
0.863333 0 0 0 0
0.87 0 0 0 0
0.876667 0 0 0 0
0.883333 0 0 0 0
0.89 0 0 0 0
0.896667 0 0 0 0
0.903333 0 0 0 0
0.91 0 0 0 0
0.916667 0 0 0 0
0.923333 0 0 0 0
0.93 0 0 0 0
0.936667 0 0 0 0
0.943333 0 0 0 0
0.95 0 0 0 0
0.956667 0 0 0 0
0.963333 0 0 0 0
0.97 0 0 0 0
0.976667 0 0 0 0
0.983333 0 0 0 0
0.99 0 0 0 0
0.996667 0 0 0 0
1.00333 0 0 0 0
1.01 0 0 0 0
1.01667 0 0 0 0
1.02333 0 0 0 0
1.03 0 0 0 0
1.03667 0 0 0 0
1.04333 0 0 0 0
1.05 0 0 0 0
1.05667 0 0 0 0
1.06333 0 0 0 0
1.07 0 0 0 0
1.07667 0 0 0 0
1.08333 0 0 0 0
1.09 0 0 0 0
1.09667 0 0 0 0
1.10333 0 0 0 0
1.11 0 0 0 0
1.11667 0 0 0 0
1.12333 0 0 0 0
1.13 0 0 0 0
1.13667 0 0 0 0
1.14333 0 0 0 0
1.15 0 0 0 0
1.15667 0 0 0 0
1.16333 0 0 0 0
1.17 0 0 0 0
1.17667 0 0 0 0
1.18333 0 0 0 0
1.19 0 0 0 0
1.19667 0 0 0 0
1.20333 0 0 0 0
1.21 0 0 0 0
1.21667 0 0 0 0
1.22333 0 0 0 0
1.23 0 0 0 0
1.23667 0 0 0 0
1.24333 0 0 0 0
1.25 0 0 0 0
1.25667 0 0 0 0
1.26333 0 0 0 0
1.27 0 0 0 0
1.27667 0 0 0 0
1.28333 0 0 0 0
1.29 0 0 0 0
1.29667 0 0 0 0
1.30333 0 0 0 0
1.31 0 0 0 0
1.31667 0 0 0 0
1.32333 0 0 0 0
1.33 0 0 0 0
1.33667 0 0 0 0
1.34333 0 0 0 0
1.35 0 0 0 0
1.35667 0 0 0 0
1.36333 0 0 0 0
1.37 0 0 0 0
1.37667 0 0 0 0
1.38333 0 0 0 0
1.39 0 0 0 0
1.39667 0 0 0 0
1.40333 0 0 0 0
1.41 0 0 0 0
1.41667 0 0 0 0
1.42333 0 0 0 0
1.43 0 0 0 0
1.43667 0 0 0 0
1.44333 0 0 0 0
1.45 0 0 0 0
1.45667 0 0 0 0
1.46333 0 0 0 0
1.47 0 0 0 0
1.47667 0 0 0 0
1.48333 0 0 0 0
1.49 0 0 0 0
1.49667 0 0 0 0
1.50333 0 0 0 0
1.51 0 0 0 0
1.51667 0 0 0 0
1.52333 0 0 0 0
1.53 0 0 0 0
1.53667 0 0 0 0
1.54333 0 0 0 0
1.55 0 0 0 0
1.55667 0 0 0 0
1.56333 0 0 0 0
1.57 0 0 0 0
1.57667 0 0 0 0
1.58333 0 0 0 0
1.59 0 0 0 0
1.59667 0 0 0 0
1.60333 0 0 0 0
1.61 0 0 0 0
1.61667 0 0 0 0
1.62333 0 0 0 0
1.63 0 0 0 0
1.63667 0 0 0 0
1.64333 0 0 0 0
1.65 0 0 0 0
1.65667 0 0 0 0
1.66333 0 0 0 0
1.67 0 0 0 0
1.67667 0 0 0 0
1.68333 0 0 0 0
1.69 0 0 0 0
1.69667 0 0 0 0
1.70333 0 0 0 0
1.71 0 0 0 0
1.71667 0 0 0 0
1.72333 0 0 0 0
1.73 0 0 0 0
1.73667 0 0 0 0
1.74333 0 0 0 0
1.75 0 0 0 0
1.75667 0 0 0 0
1.76333 0 0 0 0
1.77 0 0 0 0
1.77667 0 0 0 0
1.78333 0 0 0 0
1.79 0 0 0 0
1.79667 0 0 0 0
1.80333 0 0 0 0
1.81 0 0 0 0
1.81667 0 0 0 0
1.82333 0 0 0 0
1.83 0 0 0 0
1.83667 0 0 0 0
1.84333 0 0 0 0
1.85 0 0 0 0
1.85667 0 0 0 0
1.86333 0 0 0 0
1.87 0 0 0 0
1.87667 0 0 0 0
1.88333 0 0 0 0
1.89 0 0 0 0
1.89667 0 0 0 0
1.90333 0 0 0 0
1.91 0 0 0 0
1.91667 0 0 0 0
1.92333 0 0 0 0
1.93 0 0 0 0
1.93667 0 0 0 0
1.94333 0 0 0 0
1.95 0 0 0 0
1.95667 0 0 0 0
1.96333 0 0 0 0
1.97 0 0 0 0
1.97667 0 0 0 0
1.98333 0 0 0 0
1.99 0 0 0 0
1.99667 0 0 0 0
