0.00333333 14 22 6 2
0.01 16 40 9 3
0.0166667 21 35 12 8
0.0233333 25 36 14 8
0.03 17 51 24 3
0.0366667 26 38 16 8
0.0433333 36 68 22 5
0.05 44 89 23 11
0.0566667 56 98 37 10
0.0633333 54 104 45 6
0.07 58 135 31 13
0.0766667 68 127 52 9
0.0833333 57 145 30 8
0.09 52 125 43 10
0.0966667 72 110 41 11
0.103333 65 117 30 14
0.11 72 118 38 13
0.116667 54 98 32 9
0.123333 58 114 38 13
0.13 59 92 34 14
0.136667 45 92 28 12
0.143333 62 95 26 16
0.15 55 83 24 14
0.156667 71 89 19 8
0.163333 51 59 30 17
0.17 44 74 24 9
0.176667 55 65 25 6
0.183333 61 83 19 16
0.19 48 73 29 19
0.196667 40 84 17 12
0.203333 51 58 20 7
0.21 38 59 23 10
0.216667 44 70 20 9
0.223333 52 54 21 8
0.23 43 72 17 10
0.236667 27 61 19 3
0.243333 42 50 22 11
0.25 30 53 24 4
0.256667 36 58 13 12
0.263333 43 47 17 5
0.27 31 50 21 11
0.276667 43 50 21 5
0.283333 28 45 8 9
0.29 26 59 19 7
0.296667 36 59 22 8
0.303333 20 48 21 7
0.31 29 37 13 8
0.316667 29 43 8 9
0.323333 29 40 18 8
0.33 28 32 10 5
0.336667 14 47 15 8
0.343333 27 38 6 5
0.35 22 37 15 6
0.356667 18 35 16 4
0.363333 22 39 12 1
0.37 24 41 17 5
0.376667 19 35 10 2
0.383333 21 34 8 5
0.39 31 37 17 2
0.396667 19 30 6 7
0.403333 30 33 11 6
0.41 27 27 10 6
0.416667 25 18 10 6
0.423333 22 35 11 3
0.43 18 23 9 5
0.436667 22 33 11 7
0.443333 31 36 9 5
0.45 20 35 13 5
0.456667 17 31 7 5
0.463333 16 24 4 7
0.47 21 27 9 6
0.476667 21 28 11 2
0.483333 12 21 8 4
0.49 16 18 6 1
0.496667 11 28 9 4
0.503333 8 18 15 3
0.51 10 26 9 5
0.516667 15 19 6 1
0.523333 11 19 7 2
0.53 12 21 9 1
0.536667 9 16 7 9
0.543333 9 19 12 2
0.55 8 13 4 1
0.556667 11 15 2 0
0.563333 22 27 2 4
0.57 12 15 8 3
0.576667 9 20 3 3
0.583333 7 10 4 5
0.59 10 11 10 5
0.596667 11 8 9 2
0.603333 18 9 9 1
0.61 7 14 5 4
0.616667 9 18 5 2
0.623333 16 13 6 2
0.63 12 12 7 2
0.636667 10 23 10 4
0.643333 6 16 8 3
0.65 9 14 5 4
0.656667 8 10 3 4
0.663333 503 538 174 100
0.67 0 0 0 0
0.676667 0 0 0 0
0.683333 0 0 0 0
0.69 0 0 0 0
0.696667 0 0 0 0
0.703333 0 0 0 0
0.71 0 0 0 0
0.716667 0 0 0 0
0.723333 0 0 0 0
0.73 0 0 0 0
0.736667 0 0 0 0
0.743333 0 0 0 0
0.75 0 0 0 0
0.756667 0 0 0 0
0.763333 0 0 0 0
0.77 0 0 0 0
0.776667 0 0 0 0
0.783333 0 0 0 0
0.79 0 0 0 0
0.796667 0 0 0 0
0.803333 0 0 0 0
0.81 0 0 0 0
0.816667 0 0 0 0
0.823333 0 0 0 0
0.83 0 0 0 0
0.836667 0 0 0 0
0.843333 0 0 0 0
0.85 0 0 0 0
0.856667 0 0 0 0
0.863333 0 0 0 0
0.87 0 0 0 0
0.876667 0 0 0 0
0.883333 0 0 0 0
0.89 0 0 0 0
0.896667 0 0 0 0
0.903333 0 0 0 0
0.91 0 0 0 0
0.916667 0 0 0 0
0.923333 0 0 0 0
0.93 0 0 0 0
0.936667 0 0 0 0
0.943333 0 0 0 0
0.95 0 0 0 0
0.956667 0 0 0 0
0.963333 0 0 0 0
0.97 0 0 0 0
0.976667 0 0 0 0
0.983333 0 0 0 0
0.99 0 0 0 0
0.996667 0 0 0 0
1.00333 0 0 0 0
1.01 0 0 0 0
1.01667 0 0 0 0
1.02333 0 0 0 0
1.03 0 0 0 0
1.03667 0 0 0 0
1.04333 0 0 0 0
1.05 0 0 0 0
1.05667 0 0 0 0
1.06333 0 0 0 0
1.07 0 0 0 0
1.07667 0 0 0 0
1.08333 0 0 0 0
1.09 0 0 0 0
1.09667 0 0 0 0
1.10333 0 0 0 0
1.11 0 0 0 0
1.11667 0 0 0 0
1.12333 0 0 0 0
1.13 0 0 0 0
1.13667 0 0 0 0
1.14333 0 0 0 0
1.15 0 0 0 0
1.15667 0 0 0 0
1.16333 0 0 0 0
1.17 0 0 0 0
1.17667 0 0 0 0
1.18333 0 0 0 0
1.19 0 0 0 0
1.19667 0 0 0 0
1.20333 0 0 0 0
1.21 0 0 0 0
1.21667 0 0 0 0
1.22333 0 0 0 0
1.23 0 0 0 0
1.23667 0 0 0 0
1.24333 0 0 0 0
1.25 0 0 0 0
1.25667 0 0 0 0
1.26333 0 0 0 0
1.27 0 0 0 0
1.27667 0 0 0 0
1.28333 0 0 0 0
1.29 0 0 0 0
1.29667 0 0 0 0
1.30333 0 0 0 0
1.31 0 0 0 0
1.31667 0 0 0 0
1.32333 0 0 0 0
1.33 0 0 0 0
1.33667 0 0 0 0
1.34333 0 0 0 0
1.35 0 0 0 0
1.35667 0 0 0 0
1.36333 0 0 0 0
1.37 0 0 0 0
1.37667 0 0 0 0
1.38333 0 0 0 0
1.39 0 0 0 0
1.39667 0 0 0 0
1.40333 0 0 0 0
1.41 0 0 0 0
1.41667 0 0 0 0
1.42333 0 0 0 0
1.43 0 0 0 0
1.43667 0 0 0 0
1.44333 0 0 0 0
1.45 0 0 0 0
1.45667 0 0 0 0
1.46333 0 0 0 0
1.47 0 0 0 0
1.47667 0 0 0 0
1.48333 0 0 0 0
1.49 0 0 0 0
1.49667 0 0 0 0
1.50333 0 0 0 0
1.51 0 0 0 0
1.51667 0 0 0 0
1.52333 0 0 0 0
1.53 0 0 0 0
1.53667 0 0 0 0
1.54333 0 0 0 0
1.55 0 0 0 0
1.55667 0 0 0 0
1.56333 0 0 0 0
1.57 0 0 0 0
1.57667 0 0 0 0
1.58333 0 0 0 0
1.59 0 0 0 0
1.59667 0 0 0 0
1.60333 0 0 0 0
1.61 0 0 0 0
1.61667 0 0 0 0
1.62333 0 0 0 0
1.63 0 0 0 0
1.63667 0 0 0 0
1.64333 0 0 0 0
1.65 0 0 0 0
1.65667 0 0 0 0
1.66333 0 0 0 0
1.67 0 0 0 0
1.67667 0 0 0 0
1.68333 0 0 0 0
1.69 0 0 0 0
1.69667 0 0 0 0
1.70333 0 0 0 0
1.71 0 0 0 0
1.71667 0 0 0 0
1.72333 0 0 0 0
1.73 0 0 0 0
1.73667 0 0 0 0
1.74333 0 0 0 0
1.75 0 0 0 0
1.75667 0 0 0 0
1.76333 0 0 0 0
1.77 0 0 0 0
1.77667 0 0 0 0
1.78333 0 0 0 0
1.79 0 0 0 0
1.79667 0 0 0 0
1.80333 0 0 0 0
1.81 0 0 0 0
1.81667 0 0 0 0
1.82333 0 0 0 0
1.83 0 0 0 0
1.83667 0 0 0 0
1.84333 0 0 0 0
1.85 0 0 0 0
1.85667 0 0 0 0
1.86333 0 0 0 0
1.87 0 0 0 0
1.87667 0 0 0 0
1.88333 0 0 0 0
1.89 0 0 0 0
1.89667 0 0 0 0
1.90333 0 0 0 0
1.91 0 0 0 0
1.91667 0 0 0 0
1.92333 0 0 0 0
1.93 0 0 0 0
1.93667 0 0 0 0
1.94333 0 0 0 0
1.95 0 0 0 0
1.95667 0 0 0 0
1.96333 0 0 0 0
1.97 0 0 0 0
1.97667 0 0 0 0
1.98333 0 0 0 0
1.99 0 0 0 0
1.99667 0 0 0 0
