0.00333333 4 20 33 9
0.01 3 19 35 12
0.0166667 7 30 43 12
0.0233333 3 28 46 18
0.03 10 37 36 13
0.0366667 6 35 72 25
0.0433333 10 53 87 22
0.05 12 48 109 32
0.0566667 22 88 142 36
0.0633333 29 89 134 36
0.07 17 91 156 45
0.0766667 17 78 133 42
0.0833333 18 85 155 45
0.09 18 75 180 50
0.0966667 20 73 151 54
0.103333 23 105 148 34
0.11 25 80 167 36
0.116667 23 70 156 40
0.123333 22 80 148 42
0.13 27 73 146 37
0.136667 18 66 130 36
0.143333 22 57 138 26
0.15 17 66 128 30
0.156667 16 64 138 25
0.163333 9 64 125 37
0.17 27 54 117 26
0.176667 16 63 121 27
0.183333 18 68 104 30
0.19 14 67 115 22
0.196667 17 59 104 32
0.203333 12 55 119 20
0.21 16 64 88 16
0.216667 10 50 100 25
0.223333 12 47 80 17
0.23 11 53 84 26
0.236667 12 46 76 25
0.243333 12 48 85 14
0.25 16 49 76 17
0.256667 15 36 75 20
0.263333 8 42 69 25
0.27 5 34 76 21
0.276667 9 48 58 6
0.283333 7 24 73 17
0.29 7 33 57 17
0.296667 8 34 75 21
0.303333 10 39 78 24
0.31 10 33 45 19
0.316667 9 36 71 13
0.323333 9 36 52 14
0.33 9 26 44 22
0.336667 6 31 63 18
0.343333 6 27 58 13
0.35 9 17 56 13
0.356667 7 35 44 14
0.363333 6 30 47 14
0.37 6 25 46 21
0.376667 10 30 60 11
0.383333 8 27 43 11
0.39 9 21 36 10
0.396667 7 16 43 12
0.403333 4 28 46 10
0.41 7 18 48 10
0.416667 6 25 44 15
0.423333 8 20 32 6
0.43 9 24 43 16
0.436667 3 21 43 9
0.443333 10 23 41 14
0.45 4 29 43 19
0.456667 7 13 34 12
0.463333 11 27 24 7
0.47 7 22 36 15
0.476667 7 26 28 11
0.483333 6 17 33 13
0.49 0 11 25 5
0.496667 5 19 20 6
0.503333 7 14 27 2
0.51 6 20 22 8
0.516667 2 19 25 14
0.523333 3 23 24 9
0.53 5 16 24 3
0.536667 3 16 17 12
0.543333 4 14 23 8
0.55 3 19 29 4
0.556667 3 11 26 10
0.563333 4 16 19 5
0.57 1 18 11 9
0.576667 6 15 21 3
0.583333 4 9 21 8
0.59 3 17 15 6
0.596667 4 11 18 10
0.603333 2 15 16 4
0.61 1 8 13 6
0.616667 2 9 30 7
0.623333 3 10 22 5
0.63 2 14 22 4
0.636667 0 15 23 2
0.643333 5 6 17 5
0.65 3 13 12 7
0.656667 3 8 14 5
0.663333 107 441 865 206
0.67 0 0 0 0
0.676667 0 0 0 0
0.683333 0 0 0 0
0.69 0 0 0 0
0.696667 0 0 0 0
0.703333 0 0 0 0
0.71 0 0 0 0
0.716667 0 0 0 0
0.723333 0 0 0 0
0.73 0 0 0 0
0.736667 0 0 0 0
0.743333 0 0 0 0
0.75 0 0 0 0
0.756667 0 0 0 0
0.763333 0 0 0 0
0.77 0 0 0 0
0.776667 0 0 0 0
0.783333 0 0 0 0
0.79 0 0 0 0
0.796667 0 0 0 0
0.803333 0 0 0 0
0.81 0 0 0 0
0.816667 0 0 0 0
0.823333 0 0 0 0
0.83 0 0 0 0
0.836667 0 0 0 0
0.843333 0 0 0 0
0.85 0 0 0 0
0.856667 0 0 0 0
0.863333 0 0 0 0
0.87 0 0 0 0
0.876667 0 0 0 0
0.883333 0 0 0 0
0.89 0 0 0 0
0.896667 0 0 0 0
0.903333 0 0 0 0
0.91 0 0 0 0
0.916667 0 0 0 0
0.923333 0 0 0 0
0.93 0 0 0 0
0.936667 0 0 0 0
0.943333 0 0 0 0
0.95 0 0 0 0
0.956667 0 0 0 0
0.963333 0 0 0 0
0.97 0 0 0 0
0.976667 0 0 0 0
0.983333 0 0 0 0
0.99 0 0 0 0
0.996667 0 0 0 0
1.00333 0 0 0 0
1.01 0 0 0 0
1.01667 0 0 0 0
1.02333 0 0 0 0
1.03 0 0 0 0
1.03667 0 0 0 0
1.04333 0 0 0 0
1.05 0 0 0 0
1.05667 0 0 0 0
1.06333 0 0 0 0
1.07 0 0 0 0
1.07667 0 0 0 0
1.08333 0 0 0 0
1.09 0 0 0 0
1.09667 0 0 0 0
1.10333 0 0 0 0
1.11 0 0 0 0
1.11667 0 0 0 0
1.12333 0 0 0 0
1.13 0 0 0 0
1.13667 0 0 0 0
1.14333 0 0 0 0
1.15 0 0 0 0
1.15667 0 0 0 0
1.16333 0 0 0 0
1.17 0 0 0 0
1.17667 0 0 0 0
1.18333 0 0 0 0
1.19 0 0 0 0
1.19667 0 0 0 0
1.20333 0 0 0 0
1.21 0 0 0 0
1.21667 0 0 0 0
1.22333 0 0 0 0
1.23 0 0 0 0
1.23667 0 0 0 0
1.24333 0 0 0 0
1.25 0 0 0 0
1.25667 0 0 0 0
1.26333 0 0 0 0
1.27 0 0 0 0
1.27667 0 0 0 0
1.28333 0 0 0 0
1.29 0 0 0 0
1.29667 0 0 0 0
1.30333 0 0 0 0
1.31 0 0 0 0
1.31667 0 0 0 0
1.32333 0 0 0 0
1.33 0 0 0 0
1.33667 0 0 0 0
1.34333 0 0 0 0
1.35 0 0 0 0
1.35667 0 0 0 0
1.36333 0 0 0 0
1.37 0 0 0 0
1.37667 0 0 0 0
1.38333 0 0 0 0
1.39 0 0 0 0
1.39667 0 0 0 0
1.40333 0 0 0 0
1.41 0 0 0 0
1.41667 0 0 0 0
1.42333 0 0 0 0
1.43 0 0 0 0
1.43667 0 0 0 0
1.44333 0 0 0 0
1.45 0 0 0 0
1.45667 0 0 0 0
1.46333 0 0 0 0
1.47 0 0 0 0
1.47667 0 0 0 0
1.48333 0 0 0 0
1.49 0 0 0 0
1.49667 0 0 0 0
1.50333 0 0 0 0
1.51 0 0 0 0
1.51667 0 0 0 0
1.52333 0 0 0 0
1.53 0 0 0 0
1.53667 0 0 0 0
1.54333 0 0 0 0
1.55 0 0 0 0
1.55667 0 0 0 0
1.56333 0 0 0 0
1.57 0 0 0 0
1.57667 0 0 0 0
1.58333 0 0 0 0
1.59 0 0 0 0
1.59667 0 0 0 0
1.60333 0 0 0 0
1.61 0 0 0 0
1.61667 0 0 0 0
1.62333 0 0 0 0
1.63 0 0 0 0
1.63667 0 0 0 0
1.64333 0 0 0 0
1.65 0 0 0 0
1.65667 0 0 0 0
1.66333 0 0 0 0
1.67 0 0 0 0
1.67667 0 0 0 0
1.68333 0 0 0 0
1.69 0 0 0 0
1.69667 0 0 0 0
1.70333 0 0 0 0
1.71 0 0 0 0
1.71667 0 0 0 0
1.72333 0 0 0 0
1.73 0 0 0 0
1.73667 0 0 0 0
1.74333 0 0 0 0
1.75 0 0 0 0
1.75667 0 0 0 0
1.76333 0 0 0 0
1.77 0 0 0 0
1.77667 0 0 0 0
1.78333 0 0 0 0
1.79 0 0 0 0
1.79667 0 0 0 0
1.80333 0 0 0 0
1.81 0 0 0 0
1.81667 0 0 0 0
1.82333 0 0 0 0
1.83 0 0 0 0
1.83667 0 0 0 0
1.84333 0 0 0 0
1.85 0 0 0 0
1.85667 0 0 0 0
1.86333 0 0 0 0
1.87 0 0 0 0
1.87667 0 0 0 0
1.88333 0 0 0 0
1.89 0 0 0 0
1.89667 0 0 0 0
1.90333 0 0 0 0
1.91 0 0 0 0
1.91667 0 0 0 0
1.92333 0 0 0 0
1.93 0 0 0 0
1.93667 0 0 0 0
1.94333 0 0 0 0
1.95 0 0 0 0
1.95667 0 0 0 0
1.96333 0 0 0 0
1.97 0 0 0 0
1.97667 0 0 0 0
1.98333 0 0 0 0
1.99 0 0 0 0
1.99667 0 0 0 0
