0.00333333 0 0 22 15
0.01 0 1 26 9
0.0166667 1 0 25 19
0.0233333 0 1 18 19
0.03 0 0 24 19
0.0366667 0 0 31 26
0.0433333 0 2 29 31
0.05 0 0 29 23
0.0566667 0 1 28 43
0.0633333 0 3 32 37
0.07 0 0 54 45
0.0766667 1 4 32 54
0.0833333 0 1 32 46
0.09 1 1 45 56
0.0966667 0 0 52 45
0.103333 1 2 41 57
0.11 0 0 39 69
0.116667 0 2 52 57
0.123333 0 3 43 46
0.13 0 2 48 42
0.136667 0 4 44 42
0.143333 0 1 37 37
0.15 0 0 28 24
0.156667 1 1 41 38
0.163333 0 0 35 31
0.17 1 2 44 39
0.176667 0 4 28 38
0.183333 0 3 36 30
0.19 0 0 47 40
0.196667 1 0 46 31
0.203333 0 0 35 37
0.21 0 0 48 43
0.216667 1 2 38 40
0.223333 1 3 41 45
0.23 1 3 45 33
0.236667 0 3 41 31
0.243333 0 0 45 31
0.25 2 2 32 32
0.256667 0 1 30 30
0.263333 0 1 43 34
0.27 1 0 27 35
0.276667 1 0 36 28
0.283333 0 1 31 32
0.29 2 2 35 30
0.296667 1 1 32 21
0.303333 0 1 30 31
0.31 1 1 24 24
0.316667 0 2 32 36
0.323333 0 1 32 27
0.33 0 1 34 28
0.336667 0 1 24 21
0.343333 0 0 29 24
0.35 0 0 24 21
0.356667 0 1 24 24
0.363333 0 1 23 33
0.37 1 0 27 25
0.376667 0 1 17 31
0.383333 0 0 26 28
0.39 0 1 21 25
0.396667 0 1 25 33
0.403333 0 0 25 25
0.41 1 0 27 19
0.416667 0 0 18 18
0.423333 0 2 16 24
0.43 0 2 20 24
0.436667 0 0 25 23
0.443333 1 0 32 25
0.45 0 1 23 17
0.456667 1 0 21 23
0.463333 0 0 21 18
0.47 0 1 21 25
0.476667 0 0 20 15
0.483333 0 1 13 21
0.49 0 0 22 12
0.496667 0 1 11 20
0.503333 0 1 20 13
0.51 0 1 17 12
0.516667 0 0 6 11
0.523333 0 0 14 12
0.53 1 0 6 13
0.536667 0 1 10 13
0.543333 0 1 12 22
0.55 0 2 10 16
0.556667 1 0 10 13
0.563333 0 1 16 7
0.57 1 0 14 16
0.576667 0 1 12 9
0.583333 1 0 10 8
0.59 0 0 12 10
0.596667 0 1 8 12
0.603333 0 0 11 24
0.61 0 1 14 21
0.616667 0 0 15 6
0.623333 0 0 16 10
0.63 1 0 12 10
0.636667 0 0 11 13
0.643333 0 0 16 15
0.65 0 1 16 16
0.656667 0 0 10 12
0.663333 2 9 866 488
0.67 0 0 0 0
0.676667 0 0 0 0
0.683333 0 0 0 0
0.69 0 0 0 0
0.696667 0 0 0 0
0.703333 0 0 0 0
0.71 0 0 0 0
0.716667 0 0 0 0
0.723333 0 0 0 0
0.73 0 0 0 0
0.736667 0 0 0 0
0.743333 0 0 0 0
0.75 0 0 0 0
0.756667 0 0 0 0
0.763333 0 0 0 0
0.77 0 0 0 0
0.776667 0 0 0 0
0.783333 0 0 0 0
0.79 0 0 0 0
0.796667 0 0 0 0
0.803333 0 0 0 0
0.81 0 0 0 0
0.816667 0 0 0 0
0.823333 0 0 0 0
0.83 0 0 0 0
0.836667 0 0 0 0
0.843333 0 0 0 0
0.85 0 0 0 0
0.856667 0 0 0 0
0.863333 0 0 0 0
0.87 0 0 0 0
0.876667 0 0 0 0
0.883333 0 0 0 0
0.89 0 0 0 0
0.896667 0 0 0 0
0.903333 0 0 0 0
0.91 0 0 0 0
0.916667 0 0 0 0
0.923333 0 0 0 0
0.93 0 0 0 0
0.936667 0 0 0 0
0.943333 0 0 0 0
0.95 0 0 0 0
0.956667 0 0 0 0
0.963333 0 0 0 0
0.97 0 0 0 0
0.976667 0 0 0 0
0.983333 0 0 0 0
0.99 0 0 0 0
0.996667 0 0 0 0
1.00333 0 0 0 0
1.01 0 0 0 0
1.01667 0 0 0 0
1.02333 0 0 0 0
1.03 0 0 0 0
1.03667 0 0 0 0
1.04333 0 0 0 0
1.05 0 0 0 0
1.05667 0 0 0 0
1.06333 0 0 0 0
1.07 0 0 0 0
1.07667 0 0 0 0
1.08333 0 0 0 0
1.09 0 0 0 0
1.09667 0 0 0 0
1.10333 0 0 0 0
1.11 0 0 0 0
1.11667 0 0 0 0
1.12333 0 0 0 0
1.13 0 0 0 0
1.13667 0 0 0 0
1.14333 0 0 0 0
1.15 0 0 0 0
1.15667 0 0 0 0
1.16333 0 0 0 0
1.17 0 0 0 0
1.17667 0 0 0 0
1.18333 0 0 0 0
1.19 0 0 0 0
1.19667 0 0 0 0
1.20333 0 0 0 0
1.21 0 0 0 0
1.21667 0 0 0 0
1.22333 0 0 0 0
1.23 0 0 0 0
1.23667 0 0 0 0
1.24333 0 0 0 0
1.25 0 0 0 0
1.25667 0 0 0 0
1.26333 0 0 0 0
1.27 0 0 0 0
1.27667 0 0 0 0
1.28333 0 0 0 0
1.29 0 0 0 0
1.29667 0 0 0 0
1.30333 0 0 0 0
1.31 0 0 0 0
1.31667 0 0 0 0
1.32333 0 0 0 0
1.33 0 0 0 0
1.33667 0 0 0 0
1.34333 0 0 0 0
1.35 0 0 0 0
1.35667 0 0 0 0
1.36333 0 0 0 0
1.37 0 0 0 0
1.37667 0 0 0 0
1.38333 0 0 0 0
1.39 0 0 0 0
1.39667 0 0 0 0
1.40333 0 0 0 0
1.41 0 0 0 0
1.41667 0 0 0 0
1.42333 0 0 0 0
1.43 0 0 0 0
1.43667 0 0 0 0
1.44333 0 0 0 0
1.45 0 0 0 0
1.45667 0 0 0 0
1.46333 0 0 0 0
1.47 0 0 0 0
1.47667 0 0 0 0
1.48333 0 0 0 0
1.49 0 0 0 0
1.49667 0 0 0 0
1.50333 0 0 0 0
1.51 0 0 0 0
1.51667 0 0 0 0
1.52333 0 0 0 0
1.53 0 0 0 0
1.53667 0 0 0 0
1.54333 0 0 0 0
1.55 0 0 0 0
1.55667 0 0 0 0
1.56333 0 0 0 0
1.57 0 0 0 0
1.57667 0 0 0 0
1.58333 0 0 0 0
1.59 0 0 0 0
1.59667 0 0 0 0
1.60333 0 0 0 0
1.61 0 0 0 0
1.61667 0 0 0 0
1.62333 0 0 0 0
1.63 0 0 0 0
1.63667 0 0 0 0
1.64333 0 0 0 0
1.65 0 0 0 0
1.65667 0 0 0 0
1.66333 0 0 0 0
1.67 0 0 0 0
1.67667 0 0 0 0
1.68333 0 0 0 0
1.69 0 0 0 0
1.69667 0 0 0 0
1.70333 0 0 0 0
1.71 0 0 0 0
1.71667 0 0 0 0
1.72333 0 0 0 0
1.73 0 0 0 0
1.73667 0 0 0 0
1.74333 0 0 0 0
1.75 0 0 0 0
1.75667 0 0 0 0
1.76333 0 0 0 0
1.77 0 0 0 0
1.77667 0 0 0 0
1.78333 0 0 0 0
1.79 0 0 0 0
1.79667 0 0 0 0
1.80333 0 0 0 0
1.81 0 0 0 0
1.81667 0 0 0 0
1.82333 0 0 0 0
1.83 0 0 0 0
1.83667 0 0 0 0
1.84333 0 0 0 0
1.85 0 0 0 0
1.85667 0 0 0 0
1.86333 0 0 0 0
1.87 0 0 0 0
1.87667 0 0 0 0
1.88333 0 0 0 0
1.89 0 0 0 0
1.89667 0 0 0 0
1.90333 0 0 0 0
1.91 0 0 0 0
1.91667 0 0 0 0
1.92333 0 0 0 0
1.93 0 0 0 0
1.93667 0 0 0 0
1.94333 0 0 0 0
1.95 0 0 0 0
1.95667 0 0 0 0
1.96333 0 0 0 0
1.97 0 0 0 0
1.97667 0 0 0 0
1.98333 0 0 0 0
1.99 0 0 0 0
1.99667 0 0 0 0
