0.00333333 0 11 126 14
0.01 1 15 94 10
0.0166667 1 10 114 14
0.0233333 1 11 146 12
0.03 2 8 125 14
0.0366667 1 13 154 23
0.0433333 2 28 198 24
0.05 2 24 197 35
0.0566667 4 27 244 33
0.0633333 4 37 256 29
0.07 5 35 256 40
0.0766667 7 33 291 54
0.0833333 7 29 306 46
0.09 3 29 285 43
0.0966667 4 40 339 33
0.103333 2 33 296 50
0.11 2 48 319 35
0.116667 1 36 349 44
0.123333 1 43 330 47
0.13 5 31 338 41
0.136667 2 31 335 35
0.143333 2 39 312 30
0.15 2 33 327 26
0.156667 0 41 292 32
0.163333 3 30 289 24
0.17 2 28 291 19
0.176667 3 32 306 21
0.183333 6 39 313 26
0.19 2 39 361 33
0.196667 3 47 415 32
0.203333 2 40 392 24
0.21 4 40 336 28
0.216667 1 32 314 24
0.223333 1 35 331 17
0.23 1 27 306 22
0.236667 0 30 312 22
0.243333 6 31 259 24
0.25 1 23 243 25
0.256667 2 27 224 15
0.263333 2 22 246 27
0.27 1 17 222 27
0.276667 3 27 183 20
0.283333 1 27 180 16
0.29 0 27 192 23
0.296667 1 17 192 17
0.303333 3 19 177 24
0.31 1 19 166 18
0.316667 2 16 170 15
0.323333 3 22 159 20
0.33 2 22 167 12
0.336667 2 18 168 14
0.343333 1 12 188 15
0.35 1 23 165 15
0.356667 3 22 148 12
0.363333 2 24 137 13
0.37 1 17 159 14
0.376667 1 14 141 19
0.383333 1 17 128 19
0.39 1 13 121 14
0.396667 2 15 140 22
0.403333 4 12 130 17
0.41 0 20 140 10
0.416667 0 13 137 16
0.423333 2 10 151 13
0.43 1 10 144 11
0.436667 2 22 125 13
0.443333 1 25 123 7
0.45 0 10 148 10
0.456667 1 20 167 10
0.463333 1 17 136 8
0.47 3 15 135 6
0.476667 1 12 118 12
0.483333 0 15 88 11
0.49 1 13 81 9
0.496667 4 13 75 13
0.503333 1 6 65 9
0.51 0 13 50 7
0.516667 0 8 62 8
0.523333 1 12 56 7
0.53 0 6 40 14
0.536667 0 7 44 8
0.543333 0 8 58 8
0.55 1 7 62 12
0.556667 1 10 52 10
0.563333 1 7 55 11
0.57 1 6 42 10
0.576667 1 12 40 14
0.583333 1 9 53 5
0.59 0 8 52 12
0.596667 1 11 41 9
0.603333 1 6 43 5
0.61 2 11 47 6
0.616667 3 13 36 12
0.623333 1 2 44 7
0.63 1 7 45 6
0.636667 0 12 50 4
0.643333 0 2 40 6
0.65 1 7 48 11
0.656667 0 3 39 4
0.663333 14 519 5789 171
0.67 0 0 0 0
0.676667 0 0 0 0
0.683333 0 0 0 0
0.69 0 0 0 0
0.696667 0 0 0 0
0.703333 0 0 0 0
0.71 0 0 0 0
0.716667 0 0 0 0
0.723333 0 0 0 0
0.73 0 0 0 0
0.736667 0 0 0 0
0.743333 0 0 0 0
0.75 0 0 0 0
0.756667 0 0 0 0
0.763333 0 0 0 0
0.77 0 0 0 0
0.776667 0 0 0 0
0.783333 0 0 0 0
0.79 0 0 0 0
0.796667 0 0 0 0
0.803333 0 0 0 0
0.81 0 0 0 0
0.816667 0 0 0 0
0.823333 0 0 0 0
0.83 0 0 0 0
0.836667 0 0 0 0
0.843333 0 0 0 0
0.85 0 0 0 0
0.856667 0 0 0 0
0.863333 0 0 0 0
0.87 0 0 0 0
0.876667 0 0 0 0
0.883333 0 0 0 0
0.89 0 0 0 0
0.896667 0 0 0 0
0.903333 0 0 0 0
0.91 0 0 0 0
0.916667 0 0 0 0
0.923333 0 0 0 0
0.93 0 0 0 0
0.936667 0 0 0 0
0.943333 0 0 0 0
0.95 0 0 0 0
0.956667 0 0 0 0
0.963333 0 0 0 0
0.97 0 0 0 0
0.976667 0 0 0 0
0.983333 0 0 0 0
0.99 0 0 0 0
0.996667 0 0 0 0
1.00333 0 0 0 0
1.01 0 0 0 0
1.01667 0 0 0 0
1.02333 0 0 0 0
1.03 0 0 0 0
1.03667 0 0 0 0
1.04333 0 0 0 0
1.05 0 0 0 0
1.05667 0 0 0 0
1.06333 0 0 0 0
1.07 0 0 0 0
1.07667 0 0 0 0
1.08333 0 0 0 0
1.09 0 0 0 0
1.09667 0 0 0 0
1.10333 0 0 0 0
1.11 0 0 0 0
1.11667 0 0 0 0
1.12333 0 0 0 0
1.13 0 0 0 0
1.13667 0 0 0 0
1.14333 0 0 0 0
1.15 0 0 0 0
1.15667 0 0 0 0
1.16333 0 0 0 0
1.17 0 0 0 0
1.17667 0 0 0 0
1.18333 0 0 0 0
1.19 0 0 0 0
1.19667 0 0 0 0
1.20333 0 0 0 0
1.21 0 0 0 0
1.21667 0 0 0 0
1.22333 0 0 0 0
1.23 0 0 0 0
1.23667 0 0 0 0
1.24333 0 0 0 0
1.25 0 0 0 0
1.25667 0 0 0 0
1.26333 0 0 0 0
1.27 0 0 0 0
1.27667 0 0 0 0
1.28333 0 0 0 0
1.29 0 0 0 0
1.29667 0 0 0 0
1.30333 0 0 0 0
1.31 0 0 0 0
1.31667 0 0 0 0
1.32333 0 0 0 0
1.33 0 0 0 0
1.33667 0 0 0 0
1.34333 0 0 0 0
1.35 0 0 0 0
1.35667 0 0 0 0
1.36333 0 0 0 0
1.37 0 0 0 0
1.37667 0 0 0 0
1.38333 0 0 0 0
1.39 0 0 0 0
1.39667 0 0 0 0
1.40333 0 0 0 0
1.41 0 0 0 0
1.41667 0 0 0 0
1.42333 0 0 0 0
1.43 0 0 0 0
1.43667 0 0 0 0
1.44333 0 0 0 0
1.45 0 0 0 0
1.45667 0 0 0 0
1.46333 0 0 0 0
1.47 0 0 0 0
1.47667 0 0 0 0
1.48333 0 0 0 0
1.49 0 0 0 0
1.49667 0 0 0 0
1.50333 0 0 0 0
1.51 0 0 0 0
1.51667 0 0 0 0
1.52333 0 0 0 0
1.53 0 0 0 0
1.53667 0 0 0 0
1.54333 0 0 0 0
1.55 0 0 0 0
1.55667 0 0 0 0
1.56333 0 0 0 0
1.57 0 0 0 0
1.57667 0 0 0 0
1.58333 0 0 0 0
1.59 0 0 0 0
1.59667 0 0 0 0
1.60333 0 0 0 0
1.61 0 0 0 0
1.61667 0 0 0 0
1.62333 0 0 0 0
1.63 0 0 0 0
1.63667 0 0 0 0
1.64333 0 0 0 0
1.65 0 0 0 0
1.65667 0 0 0 0
1.66333 0 0 0 0
1.67 0 0 0 0
1.67667 0 0 0 0
1.68333 0 0 0 0
1.69 0 0 0 0
1.69667 0 0 0 0
1.70333 0 0 0 0
1.71 0 0 0 0
1.71667 0 0 0 0
1.72333 0 0 0 0
1.73 0 0 0 0
1.73667 0 0 0 0
1.74333 0 0 0 0
1.75 0 0 0 0
1.75667 0 0 0 0
1.76333 0 0 0 0
1.77 0 0 0 0
1.77667 0 0 0 0
1.78333 0 0 0 0
1.79 0 0 0 0
1.79667 0 0 0 0
1.80333 0 0 0 0
1.81 0 0 0 0
1.81667 0 0 0 0
1.82333 0 0 0 0
1.83 0 0 0 0
1.83667 0 0 0 0
1.84333 0 0 0 0
1.85 0 0 0 0
1.85667 0 0 0 0
1.86333 0 0 0 0
1.87 0 0 0 0
1.87667 0 0 0 0
1.88333 0 0 0 0
1.89 0 0 0 0
1.89667 0 0 0 0
1.90333 0 0 0 0
1.91 0 0 0 0
1.91667 0 0 0 0
1.92333 0 0 0 0
1.93 0 0 0 0
1.93667 0 0 0 0
1.94333 0 0 0 0
1.95 0 0 0 0
1.95667 0 0 0 0
1.96333 0 0 0 0
1.97 0 0 0 0
1.97667 0 0 0 0
1.98333 0 0 0 0
1.99 0 0 0 0
1.99667 0 0 0 0
