0.00333333 0 5 47 29
0.01 0 6 48 28
0.0166667 3 10 65 45
0.0233333 1 9 55 46
0.03 3 10 59 49
0.0366667 1 17 83 59
0.0433333 1 14 115 69
0.05 1 17 139 101
0.0566667 5 18 203 108
0.0633333 9 26 196 107
0.07 4 26 191 130
0.0766667 3 26 202 137
0.0833333 3 29 223 126
0.09 7 28 223 130
0.0966667 5 14 205 149
0.103333 4 22 226 140
0.11 4 30 195 153
0.116667 4 21 212 133
0.123333 5 24 189 123
0.13 8 29 200 114
0.136667 5 27 184 134
0.143333 4 30 184 121
0.15 6 21 160 96
0.156667 5 19 168 92
0.163333 5 26 148 103
0.17 2 27 176 97
0.176667 4 18 153 104
0.183333 4 24 140 96
0.19 1 37 147 104
0.196667 6 33 131 110
0.203333 4 18 152 79
0.21 4 20 149 94
0.216667 2 20 145 83
0.223333 2 20 130 83
0.23 4 15 125 73
0.236667 2 19 108 84
0.243333 2 20 111 61
0.25 2 19 88 80
0.256667 3 9 113 63
0.263333 1 13 83 65
0.27 4 9 89 57
0.276667 6 11 85 66
0.283333 1 14 91 67
0.29 1 9 83 44
0.296667 2 14 116 48
0.303333 2 11 75 54
0.31 5 12 85 60
0.316667 0 11 64 50
0.323333 4 18 72 46
0.33 2 14 81 58
0.336667 1 14 82 53
0.343333 6 12 68 48
0.35 3 9 69 44
0.356667 1 13 63 42
0.363333 1 17 74 39
0.37 2 8 68 50
0.376667 2 16 68 41
0.383333 0 14 59 57
0.39 0 14 74 43
0.396667 3 17 66 47
0.403333 4 13 58 33
0.41 4 15 54 45
0.416667 0 16 63 44
0.423333 1 6 48 35
0.43 1 7 66 38
0.436667 2 8 42 33
0.443333 2 13 50 36
0.45 4 7 41 35
0.456667 0 10 68 37
0.463333 3 10 57 42
0.47 7 15 63 32
0.476667 0 10 38 31
0.483333 0 10 40 23
0.49 0 6 41 34
0.496667 2 11 49 25
0.503333 0 8 25 31
0.51 4 7 34 20
0.516667 1 10 45 15
0.523333 1 8 36 30
0.53 0 6 19 25
0.536667 1 2 21 19
0.543333 2 10 29 29
0.55 1 5 35 14
0.556667 2 4 33 21
0.563333 1 9 32 27
0.57 1 7 33 22
0.576667 0 3 23 17
0.583333 2 10 34 25
0.59 0 7 36 18
0.596667 1 5 25 20
0.603333 2 9 22 17
0.61 1 2 25 24
0.616667 2 1 30 24
0.623333 2 4 17 24
0.63 0 3 27 18
0.636667 3 7 44 15
0.643333 1 6 14 12
0.65 1 4 20 13
0.656667 2 6 17 15
0.663333 27 251 1498 891
0.67 0 0 0 0
0.676667 0 0 0 0
0.683333 0 0 0 0
0.69 0 0 0 0
0.696667 0 0 0 0
0.703333 0 0 0 0
0.71 0 0 0 0
0.716667 0 0 0 0
0.723333 0 0 0 0
0.73 0 0 0 0
0.736667 0 0 0 0
0.743333 0 0 0 0
0.75 0 0 0 0
0.756667 0 0 0 0
0.763333 0 0 0 0
0.77 0 0 0 0
0.776667 0 0 0 0
0.783333 0 0 0 0
0.79 0 0 0 0
0.796667 0 0 0 0
0.803333 0 0 0 0
0.81 0 0 0 0
0.816667 0 0 0 0
0.823333 0 0 0 0
0.83 0 0 0 0
0.836667 0 0 0 0
0.843333 0 0 0 0
0.85 0 0 0 0
0.856667 0 0 0 0
0.863333 0 0 0 0
0.87 0 0 0 0
0.876667 0 0 0 0
0.883333 0 0 0 0
0.89 0 0 0 0
0.896667 0 0 0 0
0.903333 0 0 0 0
0.91 0 0 0 0
0.916667 0 0 0 0
0.923333 0 0 0 0
0.93 0 0 0 0
0.936667 0 0 0 0
0.943333 0 0 0 0
0.95 0 0 0 0
0.956667 0 0 0 0
0.963333 0 0 0 0
0.97 0 0 0 0
0.976667 0 0 0 0
0.983333 0 0 0 0
0.99 0 0 0 0
0.996667 0 0 0 0
1.00333 0 0 0 0
1.01 0 0 0 0
1.01667 0 0 0 0
1.02333 0 0 0 0
1.03 0 0 0 0
1.03667 0 0 0 0
1.04333 0 0 0 0
1.05 0 0 0 0
1.05667 0 0 0 0
1.06333 0 0 0 0
1.07 0 0 0 0
1.07667 0 0 0 0
1.08333 0 0 0 0
1.09 0 0 0 0
1.09667 0 0 0 0
1.10333 0 0 0 0
1.11 0 0 0 0
1.11667 0 0 0 0
1.12333 0 0 0 0
1.13 0 0 0 0
1.13667 0 0 0 0
1.14333 0 0 0 0
1.15 0 0 0 0
1.15667 0 0 0 0
1.16333 0 0 0 0
1.17 0 0 0 0
1.17667 0 0 0 0
1.18333 0 0 0 0
1.19 0 0 0 0
1.19667 0 0 0 0
1.20333 0 0 0 0
1.21 0 0 0 0
1.21667 0 0 0 0
1.22333 0 0 0 0
1.23 0 0 0 0
1.23667 0 0 0 0
1.24333 0 0 0 0
1.25 0 0 0 0
1.25667 0 0 0 0
1.26333 0 0 0 0
1.27 0 0 0 0
1.27667 0 0 0 0
1.28333 0 0 0 0
1.29 0 0 0 0
1.29667 0 0 0 0
1.30333 0 0 0 0
1.31 0 0 0 0
1.31667 0 0 0 0
1.32333 0 0 0 0
1.33 0 0 0 0
1.33667 0 0 0 0
1.34333 0 0 0 0
1.35 0 0 0 0
1.35667 0 0 0 0
1.36333 0 0 0 0
1.37 0 0 0 0
1.37667 0 0 0 0
1.38333 0 0 0 0
1.39 0 0 0 0
1.39667 0 0 0 0
1.40333 0 0 0 0
1.41 0 0 0 0
1.41667 0 0 0 0
1.42333 0 0 0 0
1.43 0 0 0 0
1.43667 0 0 0 0
1.44333 0 0 0 0
1.45 0 0 0 0
1.45667 0 0 0 0
1.46333 0 0 0 0
1.47 0 0 0 0
1.47667 0 0 0 0
1.48333 0 0 0 0
1.49 0 0 0 0
1.49667 0 0 0 0
1.50333 0 0 0 0
1.51 0 0 0 0
1.51667 0 0 0 0
1.52333 0 0 0 0
1.53 0 0 0 0
1.53667 0 0 0 0
1.54333 0 0 0 0
1.55 0 0 0 0
1.55667 0 0 0 0
1.56333 0 0 0 0
1.57 0 0 0 0
1.57667 0 0 0 0
1.58333 0 0 0 0
1.59 0 0 0 0
1.59667 0 0 0 0
1.60333 0 0 0 0
1.61 0 0 0 0
1.61667 0 0 0 0
1.62333 0 0 0 0
1.63 0 0 0 0
1.63667 0 0 0 0
1.64333 0 0 0 0
1.65 0 0 0 0
1.65667 0 0 0 0
1.66333 0 0 0 0
1.67 0 0 0 0
1.67667 0 0 0 0
1.68333 0 0 0 0
1.69 0 0 0 0
1.69667 0 0 0 0
1.70333 0 0 0 0
1.71 0 0 0 0
1.71667 0 0 0 0
1.72333 0 0 0 0
1.73 0 0 0 0
1.73667 0 0 0 0
1.74333 0 0 0 0
1.75 0 0 0 0
1.75667 0 0 0 0
1.76333 0 0 0 0
1.77 0 0 0 0
1.77667 0 0 0 0
1.78333 0 0 0 0
1.79 0 0 0 0
1.79667 0 0 0 0
1.80333 0 0 0 0
1.81 0 0 0 0
1.81667 0 0 0 0
1.82333 0 0 0 0
1.83 0 0 0 0
1.83667 0 0 0 0
1.84333 0 0 0 0
1.85 0 0 0 0
1.85667 0 0 0 0
1.86333 0 0 0 0
1.87 0 0 0 0
1.87667 0 0 0 0
1.88333 0 0 0 0
1.89 0 0 0 0
1.89667 0 0 0 0
1.90333 0 0 0 0
1.91 0 0 0 0
1.91667 0 0 0 0
1.92333 0 0 0 0
1.93 0 0 0 0
1.93667 0 0 0 0
1.94333 0 0 0 0
1.95 0 0 0 0
1.95667 0 0 0 0
1.96333 0 0 0 0
1.97 0 0 0 0
1.97667 0 0 0 0
1.98333 0 0 0 0
1.99 0 0 0 0
1.99667 0 0 0 0
