0.00333333 4 5 22 61
0.01 6 2 27 71
0.0166667 2 6 30 80
0.0233333 7 1 44 72
0.03 4 1 40 84
0.0366667 5 7 37 83
0.0433333 8 8 60 116
0.05 6 8 83 126
0.0566667 4 7 98 113
0.0633333 4 10 95 132
0.07 5 17 103 159
0.0766667 6 16 95 160
0.0833333 6 14 111 157
0.09 11 8 97 160
0.0966667 11 15 113 175
0.103333 6 18 93 178
0.11 6 14 101 173
0.116667 9 13 102 194
0.123333 6 18 115 181
0.13 8 10 86 214
0.136667 6 13 91 161
0.143333 8 8 80 174
0.15 4 10 57 143
0.156667 5 8 79 166
0.163333 4 11 70 162
0.17 9 8 48 169
0.176667 4 6 60 173
0.183333 9 8 70 195
0.19 13 8 66 238
0.196667 9 13 58 189
0.203333 10 9 70 203
0.21 7 7 48 179
0.216667 6 10 62 179
0.223333 9 11 58 176
0.23 7 8 49 156
0.236667 7 7 55 148
0.243333 5 9 57 145
0.25 3 4 41 144
0.256667 8 8 51 114
0.263333 9 7 49 123
0.27 2 5 42 101
0.276667 7 6 34 115
0.283333 2 6 50 103
0.29 7 4 52 80
0.296667 5 5 40 104
0.303333 3 8 41 95
0.31 7 4 31 76
0.316667 5 3 38 92
0.323333 5 8 46 96
0.33 4 6 31 72
0.336667 6 7 36 98
0.343333 4 7 32 71
0.35 6 11 35 68
0.356667 8 6 32 88
0.363333 7 3 31 67
0.37 5 4 40 81
0.376667 6 9 28 89
0.383333 3 5 26 80
0.39 4 5 22 93
0.396667 1 3 30 83
0.403333 3 4 30 78
0.41 5 7 19 70
0.416667 5 5 30 70
0.423333 5 6 27 65
0.43 7 5 16 58
0.436667 6 5 27 72
0.443333 4 2 27 81
0.45 6 6 25 65
0.456667 2 3 28 70
0.463333 9 1 22 65
0.47 3 5 24 66
0.476667 6 10 21 53
0.483333 5 1 23 37
0.49 5 5 12 40
0.496667 2 3 20 26
0.503333 7 1 23 32
0.51 6 1 21 27
0.516667 3 2 16 32
0.523333 4 3 10 26
0.53 4 2 12 27
0.536667 4 4 16 25
0.543333 5 3 20 24
0.55 1 6 13 28
0.556667 1 4 14 28
0.563333 3 1 17 27
0.57 4 4 9 30
0.576667 2 4 8 25
0.583333 4 2 11 28
0.59 4 2 14 20
0.596667 0 3 17 22
0.603333 7 3 13 14
0.61 2 1 20 23
0.616667 3 0 12 21
0.623333 1 4 15 20
0.63 4 5 5 28
0.636667 3 4 12 28
0.643333 4 3 13 19
0.65 3 2 12 22
0.656667 3 3 12 13
0.663333 184 72 498 2937
0.67 0 0 0 0
0.676667 0 0 0 0
0.683333 0 0 0 0
0.69 0 0 0 0
0.696667 0 0 0 0
0.703333 0 0 0 0
0.71 0 0 0 0
0.716667 0 0 0 0
0.723333 0 0 0 0
0.73 0 0 0 0
0.736667 0 0 0 0
0.743333 0 0 0 0
0.75 0 0 0 0
0.756667 0 0 0 0
0.763333 0 0 0 0
0.77 0 0 0 0
0.776667 0 0 0 0
0.783333 0 0 0 0
0.79 0 0 0 0
0.796667 0 0 0 0
0.803333 0 0 0 0
0.81 0 0 0 0
0.816667 0 0 0 0
0.823333 0 0 0 0
0.83 0 0 0 0
0.836667 0 0 0 0
0.843333 0 0 0 0
0.85 0 0 0 0
0.856667 0 0 0 0
0.863333 0 0 0 0
0.87 0 0 0 0
0.876667 0 0 0 0
0.883333 0 0 0 0
0.89 0 0 0 0
0.896667 0 0 0 0
0.903333 0 0 0 0
0.91 0 0 0 0
0.916667 0 0 0 0
0.923333 0 0 0 0
0.93 0 0 0 0
0.936667 0 0 0 0
0.943333 0 0 0 0
0.95 0 0 0 0
0.956667 0 0 0 0
0.963333 0 0 0 0
0.97 0 0 0 0
0.976667 0 0 0 0
0.983333 0 0 0 0
0.99 0 0 0 0
0.996667 0 0 0 0
1.00333 0 0 0 0
1.01 0 0 0 0
1.01667 0 0 0 0
1.02333 0 0 0 0
1.03 0 0 0 0
1.03667 0 0 0 0
1.04333 0 0 0 0
1.05 0 0 0 0
1.05667 0 0 0 0
1.06333 0 0 0 0
1.07 0 0 0 0
1.07667 0 0 0 0
1.08333 0 0 0 0
1.09 0 0 0 0
1.09667 0 0 0 0
1.10333 0 0 0 0
1.11 0 0 0 0
1.11667 0 0 0 0
1.12333 0 0 0 0
1.13 0 0 0 0
1.13667 0 0 0 0
1.14333 0 0 0 0
1.15 0 0 0 0
1.15667 0 0 0 0
1.16333 0 0 0 0
1.17 0 0 0 0
1.17667 0 0 0 0
1.18333 0 0 0 0
1.19 0 0 0 0
1.19667 0 0 0 0
1.20333 0 0 0 0
1.21 0 0 0 0
1.21667 0 0 0 0
1.22333 0 0 0 0
1.23 0 0 0 0
1.23667 0 0 0 0
1.24333 0 0 0 0
1.25 0 0 0 0
1.25667 0 0 0 0
1.26333 0 0 0 0
1.27 0 0 0 0
1.27667 0 0 0 0
1.28333 0 0 0 0
1.29 0 0 0 0
1.29667 0 0 0 0
1.30333 0 0 0 0
1.31 0 0 0 0
1.31667 0 0 0 0
1.32333 0 0 0 0
1.33 0 0 0 0
1.33667 0 0 0 0
1.34333 0 0 0 0
1.35 0 0 0 0
1.35667 0 0 0 0
1.36333 0 0 0 0
1.37 0 0 0 0
1.37667 0 0 0 0
1.38333 0 0 0 0
1.39 0 0 0 0
1.39667 0 0 0 0
1.40333 0 0 0 0
1.41 0 0 0 0
1.41667 0 0 0 0
1.42333 0 0 0 0
1.43 0 0 0 0
1.43667 0 0 0 0
1.44333 0 0 0 0
1.45 0 0 0 0
1.45667 0 0 0 0
1.46333 0 0 0 0
1.47 0 0 0 0
1.47667 0 0 0 0
1.48333 0 0 0 0
1.49 0 0 0 0
1.49667 0 0 0 0
1.50333 0 0 0 0
1.51 0 0 0 0
1.51667 0 0 0 0
1.52333 0 0 0 0
1.53 0 0 0 0
1.53667 0 0 0 0
1.54333 0 0 0 0
1.55 0 0 0 0
1.55667 0 0 0 0
1.56333 0 0 0 0
1.57 0 0 0 0
1.57667 0 0 0 0
1.58333 0 0 0 0
1.59 0 0 0 0
1.59667 0 0 0 0
1.60333 0 0 0 0
1.61 0 0 0 0
1.61667 0 0 0 0
1.62333 0 0 0 0
1.63 0 0 0 0
1.63667 0 0 0 0
1.64333 0 0 0 0
1.65 0 0 0 0
1.65667 0 0 0 0
1.66333 0 0 0 0
1.67 0 0 0 0
1.67667 0 0 0 0
1.68333 0 0 0 0
1.69 0 0 0 0
1.69667 0 0 0 0
1.70333 0 0 0 0
1.71 0 0 0 0
1.71667 0 0 0 0
1.72333 0 0 0 0
1.73 0 0 0 0
1.73667 0 0 0 0
1.74333 0 0 0 0
1.75 0 0 0 0
1.75667 0 0 0 0
1.76333 0 0 0 0
1.77 0 0 0 0
1.77667 0 0 0 0
1.78333 0 0 0 0
1.79 0 0 0 0
1.79667 0 0 0 0
1.80333 0 0 0 0
1.81 0 0 0 0
1.81667 0 0 0 0
1.82333 0 0 0 0
1.83 0 0 0 0
1.83667 0 0 0 0
1.84333 0 0 0 0
1.85 0 0 0 0
1.85667 0 0 0 0
1.86333 0 0 0 0
1.87 0 0 0 0
1.87667 0 0 0 0
1.88333 0 0 0 0
1.89 0 0 0 0
1.89667 0 0 0 0
1.90333 0 0 0 0
1.91 0 0 0 0
1.91667 0 0 0 0
1.92333 0 0 0 0
1.93 0 0 0 0
1.93667 0 0 0 0
1.94333 0 0 0 0
1.95 0 0 0 0
1.95667 0 0 0 0
1.96333 0 0 0 0
1.97 0 0 0 0
1.97667 0 0 0 0
1.98333 0 0 0 0
1.99 0 0 0 0
1.99667 0 0 0 0
