0.00333333 0 6 31 17
0.01 0 16 39 22
0.0166667 0 5 36 28
0.0233333 1 11 42 26
0.03 0 10 47 27
0.0366667 0 6 38 36
0.0433333 2 8 55 37
0.05 0 8 82 64
0.0566667 0 10 80 59
0.0633333 1 5 81 59
0.07 2 12 84 82
0.0766667 0 13 82 84
0.0833333 0 8 98 88
0.09 0 12 108 94
0.0966667 1 15 89 76
0.103333 2 14 98 91
0.11 0 15 97 93
0.116667 1 18 87 86
0.123333 5 25 102 88
0.13 1 15 95 66
0.136667 3 11 88 68
0.143333 1 16 57 77
0.15 1 14 80 52
0.156667 2 7 77 61
0.163333 0 11 89 56
0.17 1 13 81 56
0.176667 1 10 68 59
0.183333 1 20 70 57
0.19 0 16 87 65
0.196667 1 18 80 50
0.203333 0 20 90 58
0.21 0 15 82 54
0.216667 0 15 72 52
0.223333 0 14 60 52
0.23 0 15 65 49
0.236667 4 17 72 41
0.243333 1 10 85 45
0.25 1 9 75 52
0.256667 0 14 78 49
0.263333 1 12 66 47
0.27 0 12 56 42
0.276667 1 10 64 35
0.283333 0 12 69 43
0.29 0 12 65 51
0.296667 2 13 66 48
0.303333 2 11 49 45
0.31 1 11 50 36
0.316667 0 12 41 39
0.323333 1 7 50 34
0.33 0 9 58 40
0.336667 0 10 53 40
0.343333 0 10 49 41
0.35 0 21 42 26
0.356667 1 13 57 35
0.363333 0 11 48 35
0.37 0 11 42 33
0.376667 1 15 52 40
0.383333 0 6 42 26
0.39 0 10 46 40
0.396667 0 9 40 45
0.403333 1 13 35 22
0.41 0 9 36 29
0.416667 1 9 39 27
0.423333 0 8 45 38
0.43 2 6 42 35
0.436667 0 11 32 34
0.443333 1 15 31 34
0.45 0 14 35 23
0.456667 0 14 36 22
0.463333 1 14 44 36
0.47 0 11 31 30
0.476667 0 8 35 23
0.483333 0 3 29 32
0.49 0 3 23 22
0.496667 0 4 21 20
0.503333 1 8 19 22
0.51 0 5 18 21
0.516667 1 1 22 18
0.523333 0 5 24 24
0.53 0 4 21 19
0.536667 0 3 19 21
0.543333 1 1 17 17
0.55 1 3 19 20
0.556667 1 7 28 19
0.563333 0 3 21 14
0.57 1 1 16 23
0.576667 1 2 19 15
0.583333 0 7 23 15
0.59 0 4 27 17
0.596667 0 2 24 14
0.603333 0 5 21 11
0.61 1 2 18 21
0.616667 0 2 17 24
0.623333 0 1 19 19
0.63 0 6 18 20
0.636667 1 3 22 20
0.643333 2 1 27 10
0.65 0 4 18 17
0.656667 0 0 27 11
0.663333 3 566 1294 723
0.67 0 0 0 0
0.676667 0 0 0 0
0.683333 0 0 0 0
0.69 0 0 0 0
0.696667 0 0 0 0
0.703333 0 0 0 0
0.71 0 0 0 0
0.716667 0 0 0 0
0.723333 0 0 0 0
0.73 0 0 0 0
0.736667 0 0 0 0
0.743333 0 0 0 0
0.75 0 0 0 0
0.756667 0 0 0 0
0.763333 0 0 0 0
0.77 0 0 0 0
0.776667 0 0 0 0
0.783333 0 0 0 0
0.79 0 0 0 0
0.796667 0 0 0 0
0.803333 0 0 0 0
0.81 0 0 0 0
0.816667 0 0 0 0
0.823333 0 0 0 0
0.83 0 0 0 0
0.836667 0 0 0 0
0.843333 0 0 0 0
0.85 0 0 0 0
0.856667 0 0 0 0
0.863333 0 0 0 0
0.87 0 0 0 0
0.876667 0 0 0 0
0.883333 0 0 0 0
0.89 0 0 0 0
0.896667 0 0 0 0
0.903333 0 0 0 0
0.91 0 0 0 0
0.916667 0 0 0 0
0.923333 0 0 0 0
0.93 0 0 0 0
0.936667 0 0 0 0
0.943333 0 0 0 0
0.95 0 0 0 0
0.956667 0 0 0 0
0.963333 0 0 0 0
0.97 0 0 0 0
0.976667 0 0 0 0
0.983333 0 0 0 0
0.99 0 0 0 0
0.996667 0 0 0 0
1.00333 0 0 0 0
1.01 0 0 0 0
1.01667 0 0 0 0
1.02333 0 0 0 0
1.03 0 0 0 0
1.03667 0 0 0 0
1.04333 0 0 0 0
1.05 0 0 0 0
1.05667 0 0 0 0
1.06333 0 0 0 0
1.07 0 0 0 0
1.07667 0 0 0 0
1.08333 0 0 0 0
1.09 0 0 0 0
1.09667 0 0 0 0
1.10333 0 0 0 0
1.11 0 0 0 0
1.11667 0 0 0 0
1.12333 0 0 0 0
1.13 0 0 0 0
1.13667 0 0 0 0
1.14333 0 0 0 0
1.15 0 0 0 0
1.15667 0 0 0 0
1.16333 0 0 0 0
1.17 0 0 0 0
1.17667 0 0 0 0
1.18333 0 0 0 0
1.19 0 0 0 0
1.19667 0 0 0 0
1.20333 0 0 0 0
1.21 0 0 0 0
1.21667 0 0 0 0
1.22333 0 0 0 0
1.23 0 0 0 0
1.23667 0 0 0 0
1.24333 0 0 0 0
1.25 0 0 0 0
1.25667 0 0 0 0
1.26333 0 0 0 0
1.27 0 0 0 0
1.27667 0 0 0 0
1.28333 0 0 0 0
1.29 0 0 0 0
1.29667 0 0 0 0
1.30333 0 0 0 0
1.31 0 0 0 0
1.31667 0 0 0 0
1.32333 0 0 0 0
1.33 0 0 0 0
1.33667 0 0 0 0
1.34333 0 0 0 0
1.35 0 0 0 0
1.35667 0 0 0 0
1.36333 0 0 0 0
1.37 0 0 0 0
1.37667 0 0 0 0
1.38333 0 0 0 0
1.39 0 0 0 0
1.39667 0 0 0 0
1.40333 0 0 0 0
1.41 0 0 0 0
1.41667 0 0 0 0
1.42333 0 0 0 0
1.43 0 0 0 0
1.43667 0 0 0 0
1.44333 0 0 0 0
1.45 0 0 0 0
1.45667 0 0 0 0
1.46333 0 0 0 0
1.47 0 0 0 0
1.47667 0 0 0 0
1.48333 0 0 0 0
1.49 0 0 0 0
1.49667 0 0 0 0
1.50333 0 0 0 0
1.51 0 0 0 0
1.51667 0 0 0 0
1.52333 0 0 0 0
1.53 0 0 0 0
1.53667 0 0 0 0
1.54333 0 0 0 0
1.55 0 0 0 0
1.55667 0 0 0 0
1.56333 0 0 0 0
1.57 0 0 0 0
1.57667 0 0 0 0
1.58333 0 0 0 0
1.59 0 0 0 0
1.59667 0 0 0 0
1.60333 0 0 0 0
1.61 0 0 0 0
1.61667 0 0 0 0
1.62333 0 0 0 0
1.63 0 0 0 0
1.63667 0 0 0 0
1.64333 0 0 0 0
1.65 0 0 0 0
1.65667 0 0 0 0
1.66333 0 0 0 0
1.67 0 0 0 0
1.67667 0 0 0 0
1.68333 0 0 0 0
1.69 0 0 0 0
1.69667 0 0 0 0
1.70333 0 0 0 0
1.71 0 0 0 0
1.71667 0 0 0 0
1.72333 0 0 0 0
1.73 0 0 0 0
1.73667 0 0 0 0
1.74333 0 0 0 0
1.75 0 0 0 0
1.75667 0 0 0 0
1.76333 0 0 0 0
1.77 0 0 0 0
1.77667 0 0 0 0
1.78333 0 0 0 0
1.79 0 0 0 0
1.79667 0 0 0 0
1.80333 0 0 0 0
1.81 0 0 0 0
1.81667 0 0 0 0
1.82333 0 0 0 0
1.83 0 0 0 0
1.83667 0 0 0 0
1.84333 0 0 0 0
1.85 0 0 0 0
1.85667 0 0 0 0
1.86333 0 0 0 0
1.87 0 0 0 0
1.87667 0 0 0 0
1.88333 0 0 0 0
1.89 0 0 0 0
1.89667 0 0 0 0
1.90333 0 0 0 0
1.91 0 0 0 0
1.91667 0 0 0 0
1.92333 0 0 0 0
1.93 0 0 0 0
1.93667 0 0 0 0
1.94333 0 0 0 0
1.95 0 0 0 0
1.95667 0 0 0 0
1.96333 0 0 0 0
1.97 0 0 0 0
1.97667 0 0 0 0
1.98333 0 0 0 0
1.99 0 0 0 0
1.99667 0 0 0 0
