0.00333333 4 88 23 2
0.01 4 90 27 1
0.0166667 4 97 27 0
0.0233333 2 112 24 0
0.03 6 108 23 3
0.0366667 6 113 29 1
0.0433333 11 101 34 1
0.05 21 113 29 0
0.0566667 13 118 29 1
0.0633333 17 143 42 4
0.07 22 168 35 3
0.0766667 18 184 40 3
0.0833333 22 183 37 4
0.09 13 162 39 3
0.0966667 17 149 41 5
0.103333 20 175 28 1
0.11 20 162 48 3
0.116667 31 186 51 4
0.123333 13 177 48 1
0.13 13 164 40 0
0.136667 20 181 42 4
0.143333 14 174 31 5
0.15 9 161 25 3
0.156667 12 167 36 3
0.163333 14 197 37 5
0.17 8 186 45 4
0.176667 16 181 57 6
0.183333 11 178 40 2
0.19 13 189 54 10
0.196667 14 193 47 2
0.203333 13 202 55 6
0.21 14 220 44 1
0.216667 7 214 50 3
0.223333 13 214 40 1
0.23 11 208 44 4
0.236667 5 196 30 0
0.243333 13 199 35 0
0.25 9 155 45 3
0.256667 11 183 29 2
0.263333 9 165 38 1
0.27 9 155 30 0
0.276667 4 177 31 2
0.283333 7 122 27 3
0.29 8 135 29 0
0.296667 10 115 26 2
0.303333 6 136 32 3
0.31 12 147 25 1
0.316667 8 138 33 0
0.323333 9 127 23 2
0.33 6 149 26 1
0.336667 12 121 26 3
0.343333 0 127 28 0
0.35 13 99 36 1
0.356667 4 111 32 0
0.363333 6 113 30 0
0.37 8 115 24 0
0.376667 3 97 20 3
0.383333 13 132 28 2
0.39 5 111 31 0
0.396667 12 124 38 2
0.403333 8 86 22 0
0.41 8 110 28 1
0.416667 9 87 28 0
0.423333 6 119 30 2
0.43 7 105 26 0
0.436667 8 111 29 0
0.443333 9 123 23 0
0.45 11 104 35 1
0.456667 5 98 32 2
0.463333 6 113 36 1
0.47 6 109 31 1
0.476667 6 95 30 1
0.483333 2 74 17 1
0.49 8 51 13 2
0.496667 4 45 10 1
0.503333 6 48 12 0
0.51 3 48 12 2
0.516667 4 43 20 0
0.523333 5 27 14 1
0.53 6 31 11 0
0.536667 3 34 10 0
0.543333 8 32 8 1
0.55 6 38 7 1
0.556667 5 46 9 0
0.563333 4 36 13 0
0.57 5 26 9 0
0.576667 5 38 3 0
0.583333 6 35 8 0
0.59 1 32 7 0
0.596667 5 38 5 0
0.603333 3 26 7 0
0.61 6 28 3 0
0.616667 3 13 6 1
0.623333 3 32 4 2
0.63 1 33 5 1
0.636667 2 37 1 2
0.643333 5 21 2 0
0.65 3 25 4 0
0.656667 5 21 4 0
0.663333 105 5932 1587 15
0.67 0 0 0 0
0.676667 0 0 0 0
0.683333 0 0 0 0
0.69 0 0 0 0
0.696667 0 0 0 0
0.703333 0 0 0 0
0.71 0 0 0 0
0.716667 0 0 0 0
0.723333 0 0 0 0
0.73 0 0 0 0
0.736667 0 0 0 0
0.743333 0 0 0 0
0.75 0 0 0 0
0.756667 0 0 0 0
0.763333 0 0 0 0
0.77 0 0 0 0
0.776667 0 0 0 0
0.783333 0 0 0 0
0.79 0 0 0 0
0.796667 0 0 0 0
0.803333 0 0 0 0
0.81 0 0 0 0
0.816667 0 0 0 0
0.823333 0 0 0 0
0.83 0 0 0 0
0.836667 0 0 0 0
0.843333 0 0 0 0
0.85 0 0 0 0
0.856667 0 0 0 0
0.863333 0 0 0 0
0.87 0 0 0 0
0.876667 0 0 0 0
0.883333 0 0 0 0
0.89 0 0 0 0
0.896667 0 0 0 0
0.903333 0 0 0 0
0.91 0 0 0 0
0.916667 0 0 0 0
0.923333 0 0 0 0
0.93 0 0 0 0
0.936667 0 0 0 0
0.943333 0 0 0 0
0.95 0 0 0 0
0.956667 0 0 0 0
0.963333 0 0 0 0
0.97 0 0 0 0
0.976667 0 0 0 0
0.983333 0 0 0 0
0.99 0 0 0 0
0.996667 0 0 0 0
1.00333 0 0 0 0
1.01 0 0 0 0
1.01667 0 0 0 0
1.02333 0 0 0 0
1.03 0 0 0 0
1.03667 0 0 0 0
1.04333 0 0 0 0
1.05 0 0 0 0
1.05667 0 0 0 0
1.06333 0 0 0 0
1.07 0 0 0 0
1.07667 0 0 0 0
1.08333 0 0 0 0
1.09 0 0 0 0
1.09667 0 0 0 0
1.10333 0 0 0 0
1.11 0 0 0 0
1.11667 0 0 0 0
1.12333 0 0 0 0
1.13 0 0 0 0
1.13667 0 0 0 0
1.14333 0 0 0 0
1.15 0 0 0 0
1.15667 0 0 0 0
1.16333 0 0 0 0
1.17 0 0 0 0
1.17667 0 0 0 0
1.18333 0 0 0 0
1.19 0 0 0 0
1.19667 0 0 0 0
1.20333 0 0 0 0
1.21 0 0 0 0
1.21667 0 0 0 0
1.22333 0 0 0 0
1.23 0 0 0 0
1.23667 0 0 0 0
1.24333 0 0 0 0
1.25 0 0 0 0
1.25667 0 0 0 0
1.26333 0 0 0 0
1.27 0 0 0 0
1.27667 0 0 0 0
1.28333 0 0 0 0
1.29 0 0 0 0
1.29667 0 0 0 0
1.30333 0 0 0 0
1.31 0 0 0 0
1.31667 0 0 0 0
1.32333 0 0 0 0
1.33 0 0 0 0
1.33667 0 0 0 0
1.34333 0 0 0 0
1.35 0 0 0 0
1.35667 0 0 0 0
1.36333 0 0 0 0
1.37 0 0 0 0
1.37667 0 0 0 0
1.38333 0 0 0 0
1.39 0 0 0 0
1.39667 0 0 0 0
1.40333 0 0 0 0
1.41 0 0 0 0
1.41667 0 0 0 0
1.42333 0 0 0 0
1.43 0 0 0 0
1.43667 0 0 0 0
1.44333 0 0 0 0
1.45 0 0 0 0
1.45667 0 0 0 0
1.46333 0 0 0 0
1.47 0 0 0 0
1.47667 0 0 0 0
1.48333 0 0 0 0
1.49 0 0 0 0
1.49667 0 0 0 0
1.50333 0 0 0 0
1.51 0 0 0 0
1.51667 0 0 0 0
1.52333 0 0 0 0
1.53 0 0 0 0
1.53667 0 0 0 0
1.54333 0 0 0 0
1.55 0 0 0 0
1.55667 0 0 0 0
1.56333 0 0 0 0
1.57 0 0 0 0
1.57667 0 0 0 0
1.58333 0 0 0 0
1.59 0 0 0 0
1.59667 0 0 0 0
1.60333 0 0 0 0
1.61 0 0 0 0
1.61667 0 0 0 0
1.62333 0 0 0 0
1.63 0 0 0 0
1.63667 0 0 0 0
1.64333 0 0 0 0
1.65 0 0 0 0
1.65667 0 0 0 0
1.66333 0 0 0 0
1.67 0 0 0 0
1.67667 0 0 0 0
1.68333 0 0 0 0
1.69 0 0 0 0
1.69667 0 0 0 0
1.70333 0 0 0 0
1.71 0 0 0 0
1.71667 0 0 0 0
1.72333 0 0 0 0
1.73 0 0 0 0
1.73667 0 0 0 0
1.74333 0 0 0 0
1.75 0 0 0 0
1.75667 0 0 0 0
1.76333 0 0 0 0
1.77 0 0 0 0
1.77667 0 0 0 0
1.78333 0 0 0 0
1.79 0 0 0 0
1.79667 0 0 0 0
1.80333 0 0 0 0
1.81 0 0 0 0
1.81667 0 0 0 0
1.82333 0 0 0 0
1.83 0 0 0 0
1.83667 0 0 0 0
1.84333 0 0 0 0
1.85 0 0 0 0
1.85667 0 0 0 0
1.86333 0 0 0 0
1.87 0 0 0 0
1.87667 0 0 0 0
1.88333 0 0 0 0
1.89 0 0 0 0
1.89667 0 0 0 0
1.90333 0 0 0 0
1.91 0 0 0 0
1.91667 0 0 0 0
1.92333 0 0 0 0
1.93 0 0 0 0
1.93667 0 0 0 0
1.94333 0 0 0 0
1.95 0 0 0 0
1.95667 0 0 0 0
1.96333 0 0 0 0
1.97 0 0 0 0
1.97667 0 0 0 0
1.98333 0 0 0 0
1.99 0 0 0 0
1.99667 0 0 0 0
