0.00333333 13 30 6 0
0.01 18 41 11 0
0.0166667 17 47 12 0
0.0233333 17 52 11 0
0.03 25 51 5 2
0.0366667 32 57 18 0
0.0433333 47 76 20 1
0.05 50 86 16 0
0.0566667 59 118 17 1
0.0633333 54 113 11 3
0.07 84 139 18 2
0.0766667 88 120 18 4
0.0833333 74 150 18 1
0.09 59 157 14 3
0.0966667 70 146 22 1
0.103333 80 130 23 0
0.11 85 133 12 1
0.116667 88 135 20 0
0.123333 71 134 20 2
0.13 75 129 16 1
0.136667 46 116 16 1
0.143333 56 102 19 2
0.15 54 108 17 0
0.156667 55 92 12 1
0.163333 51 113 16 1
0.17 43 107 25 1
0.176667 60 114 12 1
0.183333 41 90 20 1
0.19 47 111 28 2
0.196667 50 97 26 2
0.203333 36 100 17 2
0.21 50 113 20 0
0.216667 38 82 21 1
0.223333 44 88 21 1
0.23 37 82 23 2
0.236667 34 92 16 0
0.243333 36 97 14 2
0.25 30 79 13 2
0.256667 33 96 18 1
0.263333 33 73 15 3
0.27 32 90 20 1
0.276667 37 82 14 1
0.283333 36 65 15 0
0.29 30 58 16 0
0.296667 38 67 12 0
0.303333 21 52 10 0
0.31 35 59 9 0
0.316667 20 61 16 2
0.323333 33 62 10 0
0.33 25 63 7 0
0.336667 33 65 14 0
0.343333 38 56 8 0
0.35 19 54 18 3
0.356667 30 54 8 0
0.363333 22 40 17 1
0.37 23 53 10 0
0.376667 28 56 9 0
0.383333 35 58 16 0
0.39 21 48 12 1
0.396667 27 57 16 2
0.403333 24 52 13 1
0.41 29 52 12 0
0.416667 25 36 12 2
0.423333 30 37 11 0
0.43 16 39 14 0
0.436667 17 51 10 1
0.443333 15 37 18 0
0.45 27 40 19 1
0.456667 22 47 9 0
0.463333 19 55 13 0
0.47 27 43 12 1
0.476667 20 32 8 1
0.483333 13 36 7 1
0.49 13 24 1 0
0.496667 20 30 5 0
0.503333 16 34 12 2
0.51 17 33 5 0
0.516667 14 24 6 0
0.523333 12 22 5 2
0.53 15 27 3 0
0.536667 15 34 9 1
0.543333 11 30 4 0
0.55 10 24 5 0
0.556667 9 30 9 0
0.563333 15 32 4 0
0.57 16 22 4 1
0.576667 6 37 1 0
0.583333 17 24 5 0
0.59 9 22 3 0
0.596667 15 29 6 0
0.603333 11 28 7 0
0.61 8 22 9 0
0.616667 7 28 7 0
0.623333 13 23 2 0
0.63 15 18 4 0
0.636667 10 16 4 0
0.643333 13 21 4 0
0.65 12 25 3 0
0.656667 8 21 2 0
0.663333 357 1243 499 3
0.67 0 0 0 0
0.676667 0 0 0 0
0.683333 0 0 0 0
0.69 0 0 0 0
0.696667 0 0 0 0
0.703333 0 0 0 0
0.71 0 0 0 0
0.716667 0 0 0 0
0.723333 0 0 0 0
0.73 0 0 0 0
0.736667 0 0 0 0
0.743333 0 0 0 0
0.75 0 0 0 0
0.756667 0 0 0 0
0.763333 0 0 0 0
0.77 0 0 0 0
0.776667 0 0 0 0
0.783333 0 0 0 0
0.79 0 0 0 0
0.796667 0 0 0 0
0.803333 0 0 0 0
0.81 0 0 0 0
0.816667 0 0 0 0
0.823333 0 0 0 0
0.83 0 0 0 0
0.836667 0 0 0 0
0.843333 0 0 0 0
0.85 0 0 0 0
0.856667 0 0 0 0
0.863333 0 0 0 0
0.87 0 0 0 0
0.876667 0 0 0 0
0.883333 0 0 0 0
0.89 0 0 0 0
0.896667 0 0 0 0
0.903333 0 0 0 0
0.91 0 0 0 0
0.916667 0 0 0 0
0.923333 0 0 0 0
0.93 0 0 0 0
0.936667 0 0 0 0
0.943333 0 0 0 0
0.95 0 0 0 0
0.956667 0 0 0 0
0.963333 0 0 0 0
0.97 0 0 0 0
0.976667 0 0 0 0
0.983333 0 0 0 0
0.99 0 0 0 0
0.996667 0 0 0 0
1.00333 0 0 0 0
1.01 0 0 0 0
1.01667 0 0 0 0
1.02333 0 0 0 0
1.03 0 0 0 0
1.03667 0 0 0 0
1.04333 0 0 0 0
1.05 0 0 0 0
1.05667 0 0 0 0
1.06333 0 0 0 0
1.07 0 0 0 0
1.07667 0 0 0 0
1.08333 0 0 0 0
1.09 0 0 0 0
1.09667 0 0 0 0
1.10333 0 0 0 0
1.11 0 0 0 0
1.11667 0 0 0 0
1.12333 0 0 0 0
1.13 0 0 0 0
1.13667 0 0 0 0
1.14333 0 0 0 0
1.15 0 0 0 0
1.15667 0 0 0 0
1.16333 0 0 0 0
1.17 0 0 0 0
1.17667 0 0 0 0
1.18333 0 0 0 0
1.19 0 0 0 0
1.19667 0 0 0 0
1.20333 0 0 0 0
1.21 0 0 0 0
1.21667 0 0 0 0
1.22333 0 0 0 0
1.23 0 0 0 0
1.23667 0 0 0 0
1.24333 0 0 0 0
1.25 0 0 0 0
1.25667 0 0 0 0
1.26333 0 0 0 0
1.27 0 0 0 0
1.27667 0 0 0 0
1.28333 0 0 0 0
1.29 0 0 0 0
1.29667 0 0 0 0
1.30333 0 0 0 0
1.31 0 0 0 0
1.31667 0 0 0 0
1.32333 0 0 0 0
1.33 0 0 0 0
1.33667 0 0 0 0
1.34333 0 0 0 0
1.35 0 0 0 0
1.35667 0 0 0 0
1.36333 0 0 0 0
1.37 0 0 0 0
1.37667 0 0 0 0
1.38333 0 0 0 0
1.39 0 0 0 0
1.39667 0 0 0 0
1.40333 0 0 0 0
1.41 0 0 0 0
1.41667 0 0 0 0
1.42333 0 0 0 0
1.43 0 0 0 0
1.43667 0 0 0 0
1.44333 0 0 0 0
1.45 0 0 0 0
1.45667 0 0 0 0
1.46333 0 0 0 0
1.47 0 0 0 0
1.47667 0 0 0 0
1.48333 0 0 0 0
1.49 0 0 0 0
1.49667 0 0 0 0
1.50333 0 0 0 0
1.51 0 0 0 0
1.51667 0 0 0 0
1.52333 0 0 0 0
1.53 0 0 0 0
1.53667 0 0 0 0
1.54333 0 0 0 0
1.55 0 0 0 0
1.55667 0 0 0 0
1.56333 0 0 0 0
1.57 0 0 0 0
1.57667 0 0 0 0
1.58333 0 0 0 0
1.59 0 0 0 0
1.59667 0 0 0 0
1.60333 0 0 0 0
1.61 0 0 0 0
1.61667 0 0 0 0
1.62333 0 0 0 0
1.63 0 0 0 0
1.63667 0 0 0 0
1.64333 0 0 0 0
1.65 0 0 0 0
1.65667 0 0 0 0
1.66333 0 0 0 0
1.67 0 0 0 0
1.67667 0 0 0 0
1.68333 0 0 0 0
1.69 0 0 0 0
1.69667 0 0 0 0
1.70333 0 0 0 0
1.71 0 0 0 0
1.71667 0 0 0 0
1.72333 0 0 0 0
1.73 0 0 0 0
1.73667 0 0 0 0
1.74333 0 0 0 0
1.75 0 0 0 0
1.75667 0 0 0 0
1.76333 0 0 0 0
1.77 0 0 0 0
1.77667 0 0 0 0
1.78333 0 0 0 0
1.79 0 0 0 0
1.79667 0 0 0 0
1.80333 0 0 0 0
1.81 0 0 0 0
1.81667 0 0 0 0
1.82333 0 0 0 0
1.83 0 0 0 0
1.83667 0 0 0 0
1.84333 0 0 0 0
1.85 0 0 0 0
1.85667 0 0 0 0
1.86333 0 0 0 0
1.87 0 0 0 0
1.87667 0 0 0 0
1.88333 0 0 0 0
1.89 0 0 0 0
1.89667 0 0 0 0
1.90333 0 0 0 0
1.91 0 0 0 0
1.91667 0 0 0 0
1.92333 0 0 0 0
1.93 0 0 0 0
1.93667 0 0 0 0
1.94333 0 0 0 0
1.95 0 0 0 0
1.95667 0 0 0 0
1.96333 0 0 0 0
1.97 0 0 0 0
1.97667 0 0 0 0
1.98333 0 0 0 0
1.99 0 0 0 0
1.99667 0 0 0 0
