0.00333333 0 6 74 21
0.01 2 16 84 25
0.0166667 1 9 83 32
0.0233333 6 11 87 35
0.03 2 8 78 40
0.0366667 2 14 107 57
0.0433333 4 20 144 60
0.05 3 16 163 98
0.0566667 4 17 214 95
0.0633333 4 22 236 87
0.07 4 25 245 112
0.0766667 6 39 252 122
0.0833333 5 30 283 122
0.09 4 25 295 117
0.0966667 5 22 270 123
0.103333 8 22 297 122
0.11 4 36 251 120
0.116667 1 28 260 114
0.123333 4 23 273 106
0.13 4 24 267 103
0.136667 6 31 250 109
0.143333 3 29 237 101
0.15 2 22 206 83
0.156667 5 21 239 71
0.163333 4 17 198 66
0.17 7 26 209 65
0.176667 5 24 207 93
0.183333 2 21 211 70
0.19 3 18 216 84
0.196667 4 37 180 80
0.203333 2 22 225 59
0.21 4 28 195 64
0.216667 2 22 172 65
0.223333 3 18 193 61
0.23 4 18 181 62
0.236667 3 16 172 45
0.243333 0 21 150 62
0.25 6 11 139 64
0.256667 4 6 126 50
0.263333 2 15 142 54
0.27 3 14 120 54
0.276667 2 10 128 48
0.283333 4 13 112 56
0.29 0 20 129 38
0.296667 1 19 130 47
0.303333 2 10 96 48
0.31 3 12 124 46
0.316667 3 12 102 45
0.323333 3 18 102 34
0.33 0 14 97 29
0.336667 2 5 115 46
0.343333 4 11 92 42
0.35 1 13 102 38
0.356667 3 12 88 25
0.363333 0 13 91 42
0.37 0 11 102 39
0.376667 2 12 87 36
0.383333 1 10 86 53
0.39 0 9 102 37
0.396667 2 9 92 32
0.403333 0 11 89 29
0.41 4 10 73 29
0.416667 3 13 81 32
0.423333 0 8 83 36
0.43 1 11 78 17
0.436667 2 11 70 27
0.443333 3 9 76 34
0.45 2 8 57 21
0.456667 3 6 86 28
0.463333 1 10 75 35
0.47 0 7 87 29
0.476667 0 11 61 35
0.483333 1 7 58 23
0.49 2 7 53 24
0.496667 2 8 57 17
0.503333 2 7 35 21
0.51 1 10 46 23
0.516667 2 8 54 16
0.523333 0 3 46 20
0.53 2 7 30 23
0.536667 1 6 27 13
0.543333 2 3 30 25
0.55 0 6 41 17
0.556667 1 8 41 18
0.563333 1 7 34 19
0.57 1 10 35 20
0.576667 0 3 32 19
0.583333 3 5 39 19
0.59 1 4 46 22
0.596667 0 3 33 16
0.603333 2 9 36 16
0.61 2 6 43 17
0.616667 0 9 40 18
0.623333 0 2 21 15
0.63 1 1 38 14
0.636667 2 5 55 17
0.643333 2 6 25 12
0.65 1 4 30 14
0.656667 0 5 25 12
0.663333 15 209 2294 627
0.67 0 0 0 0
0.676667 0 0 0 0
0.683333 0 0 0 0
0.69 0 0 0 0
0.696667 0 0 0 0
0.703333 0 0 0 0
0.71 0 0 0 0
0.716667 0 0 0 0
0.723333 0 0 0 0
0.73 0 0 0 0
0.736667 0 0 0 0
0.743333 0 0 0 0
0.75 0 0 0 0
0.756667 0 0 0 0
0.763333 0 0 0 0
0.77 0 0 0 0
0.776667 0 0 0 0
0.783333 0 0 0 0
0.79 0 0 0 0
0.796667 0 0 0 0
0.803333 0 0 0 0
0.81 0 0 0 0
0.816667 0 0 0 0
0.823333 0 0 0 0
0.83 0 0 0 0
0.836667 0 0 0 0
0.843333 0 0 0 0
0.85 0 0 0 0
0.856667 0 0 0 0
0.863333 0 0 0 0
0.87 0 0 0 0
0.876667 0 0 0 0
0.883333 0 0 0 0
0.89 0 0 0 0
0.896667 0 0 0 0
0.903333 0 0 0 0
0.91 0 0 0 0
0.916667 0 0 0 0
0.923333 0 0 0 0
0.93 0 0 0 0
0.936667 0 0 0 0
0.943333 0 0 0 0
0.95 0 0 0 0
0.956667 0 0 0 0
0.963333 0 0 0 0
0.97 0 0 0 0
0.976667 0 0 0 0
0.983333 0 0 0 0
0.99 0 0 0 0
0.996667 0 0 0 0
1.00333 0 0 0 0
1.01 0 0 0 0
1.01667 0 0 0 0
1.02333 0 0 0 0
1.03 0 0 0 0
1.03667 0 0 0 0
1.04333 0 0 0 0
1.05 0 0 0 0
1.05667 0 0 0 0
1.06333 0 0 0 0
1.07 0 0 0 0
1.07667 0 0 0 0
1.08333 0 0 0 0
1.09 0 0 0 0
1.09667 0 0 0 0
1.10333 0 0 0 0
1.11 0 0 0 0
1.11667 0 0 0 0
1.12333 0 0 0 0
1.13 0 0 0 0
1.13667 0 0 0 0
1.14333 0 0 0 0
1.15 0 0 0 0
1.15667 0 0 0 0
1.16333 0 0 0 0
1.17 0 0 0 0
1.17667 0 0 0 0
1.18333 0 0 0 0
1.19 0 0 0 0
1.19667 0 0 0 0
1.20333 0 0 0 0
1.21 0 0 0 0
1.21667 0 0 0 0
1.22333 0 0 0 0
1.23 0 0 0 0
1.23667 0 0 0 0
1.24333 0 0 0 0
1.25 0 0 0 0
1.25667 0 0 0 0
1.26333 0 0 0 0
1.27 0 0 0 0
1.27667 0 0 0 0
1.28333 0 0 0 0
1.29 0 0 0 0
1.29667 0 0 0 0
1.30333 0 0 0 0
1.31 0 0 0 0
1.31667 0 0 0 0
1.32333 0 0 0 0
1.33 0 0 0 0
1.33667 0 0 0 0
1.34333 0 0 0 0
1.35 0 0 0 0
1.35667 0 0 0 0
1.36333 0 0 0 0
1.37 0 0 0 0
1.37667 0 0 0 0
1.38333 0 0 0 0
1.39 0 0 0 0
1.39667 0 0 0 0
1.40333 0 0 0 0
1.41 0 0 0 0
1.41667 0 0 0 0
1.42333 0 0 0 0
1.43 0 0 0 0
1.43667 0 0 0 0
1.44333 0 0 0 0
1.45 0 0 0 0
1.45667 0 0 0 0
1.46333 0 0 0 0
1.47 0 0 0 0
1.47667 0 0 0 0
1.48333 0 0 0 0
1.49 0 0 0 0
1.49667 0 0 0 0
1.50333 0 0 0 0
1.51 0 0 0 0
1.51667 0 0 0 0
1.52333 0 0 0 0
1.53 0 0 0 0
1.53667 0 0 0 0
1.54333 0 0 0 0
1.55 0 0 0 0
1.55667 0 0 0 0
1.56333 0 0 0 0
1.57 0 0 0 0
1.57667 0 0 0 0
1.58333 0 0 0 0
1.59 0 0 0 0
1.59667 0 0 0 0
1.60333 0 0 0 0
1.61 0 0 0 0
1.61667 0 0 0 0
1.62333 0 0 0 0
1.63 0 0 0 0
1.63667 0 0 0 0
1.64333 0 0 0 0
1.65 0 0 0 0
1.65667 0 0 0 0
1.66333 0 0 0 0
1.67 0 0 0 0
1.67667 0 0 0 0
1.68333 0 0 0 0
1.69 0 0 0 0
1.69667 0 0 0 0
1.70333 0 0 0 0
1.71 0 0 0 0
1.71667 0 0 0 0
1.72333 0 0 0 0
1.73 0 0 0 0
1.73667 0 0 0 0
1.74333 0 0 0 0
1.75 0 0 0 0
1.75667 0 0 0 0
1.76333 0 0 0 0
1.77 0 0 0 0
1.77667 0 0 0 0
1.78333 0 0 0 0
1.79 0 0 0 0
1.79667 0 0 0 0
1.80333 0 0 0 0
1.81 0 0 0 0
1.81667 0 0 0 0
1.82333 0 0 0 0
1.83 0 0 0 0
1.83667 0 0 0 0
1.84333 0 0 0 0
1.85 0 0 0 0
1.85667 0 0 0 0
1.86333 0 0 0 0
1.87 0 0 0 0
1.87667 0 0 0 0
1.88333 0 0 0 0
1.89 0 0 0 0
1.89667 0 0 0 0
1.90333 0 0 0 0
1.91 0 0 0 0
1.91667 0 0 0 0
1.92333 0 0 0 0
1.93 0 0 0 0
1.93667 0 0 0 0
1.94333 0 0 0 0
1.95 0 0 0 0
1.95667 0 0 0 0
1.96333 0 0 0 0
1.97 0 0 0 0
1.97667 0 0 0 0
1.98333 0 0 0 0
1.99 0 0 0 0
1.99667 0 0 0 0
