0.00333333 3 28 49 6
0.01 5 17 43 4
0.0166667 6 31 55 5
0.0233333 5 34 52 3
0.03 3 33 46 5
0.0366667 8 39 62 1
0.0433333 11 47 80 5
0.05 10 65 71 14
0.0566667 20 54 95 5
0.0633333 16 75 104 14
0.07 14 80 86 10
0.0766667 10 78 124 12
0.0833333 20 67 128 13
0.09 21 96 106 13
0.0966667 10 82 113 9
0.103333 17 76 116 12
0.11 13 77 123 7
0.116667 14 87 135 9
0.123333 16 77 107 14
0.13 18 78 125 13
0.136667 13 87 123 4
0.143333 13 65 112 13
0.15 14 73 114 4
0.156667 10 61 121 3
0.163333 6 70 107 8
0.17 13 64 98 9
0.176667 13 41 120 5
0.183333 11 57 134 7
0.19 11 67 176 7
0.196667 15 45 182 6
0.203333 5 55 145 7
0.21 7 53 123 11
0.216667 6 55 101 7
0.223333 10 48 141 4
0.23 6 44 98 12
0.236667 9 37 107 3
0.243333 8 57 111 5
0.25 11 38 94 3
0.256667 2 44 77 4
0.263333 6 27 80 7
0.27 7 39 68 5
0.276667 4 35 83 6
0.283333 5 43 71 2
0.29 5 45 77 7
0.296667 7 35 65 7
0.303333 7 38 64 8
0.31 5 55 74 2
0.316667 4 38 67 3
0.323333 6 35 62 2
0.33 12 47 64 2
0.336667 7 23 57 4
0.343333 4 30 59 6
0.35 8 26 59 2
0.356667 1 33 74 4
0.363333 6 30 61 1
0.37 5 29 68 11
0.376667 10 31 55 7
0.383333 5 30 65 1
0.39 2 31 48 2
0.396667 5 33 57 0
0.403333 7 22 51 3
0.41 7 28 71 3
0.416667 3 32 65 3
0.423333 2 21 46 6
0.43 5 18 53 2
0.436667 4 28 57 6
0.443333 3 24 47 4
0.45 5 30 54 2
0.456667 6 15 55 2
0.463333 5 35 60 2
0.47 4 23 65 3
0.476667 4 25 46 3
0.483333 4 20 41 5
0.49 2 12 19 3
0.496667 4 16 26 3
0.503333 2 19 21 1
0.51 3 21 35 2
0.516667 5 18 15 3
0.523333 0 10 22 1
0.53 0 13 17 4
0.536667 4 7 20 2
0.543333 1 10 12 2
0.55 5 16 14 4
0.556667 5 13 21 2
0.563333 0 12 21 2
0.57 3 17 17 2
0.576667 1 19 19 3
0.583333 0 14 13 3
0.59 0 12 15 1
0.596667 1 17 21 1
0.603333 2 5 20 2
0.61 1 14 18 2
0.616667 1 10 15 2
0.623333 1 11 12 0
0.63 5 16 16 1
0.636667 3 12 26 2
0.643333 4 14 19 2
0.65 4 19 6 3
0.656667 1 15 10 0
0.663333 67 568 2413 31
0.67 0 0 0 0
0.676667 0 0 0 0
0.683333 0 0 0 0
0.69 0 0 0 0
0.696667 0 0 0 0
0.703333 0 0 0 0
0.71 0 0 0 0
0.716667 0 0 0 0
0.723333 0 0 0 0
0.73 0 0 0 0
0.736667 0 0 0 0
0.743333 0 0 0 0
0.75 0 0 0 0
0.756667 0 0 0 0
0.763333 0 0 0 0
0.77 0 0 0 0
0.776667 0 0 0 0
0.783333 0 0 0 0
0.79 0 0 0 0
0.796667 0 0 0 0
0.803333 0 0 0 0
0.81 0 0 0 0
0.816667 0 0 0 0
0.823333 0 0 0 0
0.83 0 0 0 0
0.836667 0 0 0 0
0.843333 0 0 0 0
0.85 0 0 0 0
0.856667 0 0 0 0
0.863333 0 0 0 0
0.87 0 0 0 0
0.876667 0 0 0 0
0.883333 0 0 0 0
0.89 0 0 0 0
0.896667 0 0 0 0
0.903333 0 0 0 0
0.91 0 0 0 0
0.916667 0 0 0 0
0.923333 0 0 0 0
0.93 0 0 0 0
0.936667 0 0 0 0
0.943333 0 0 0 0
0.95 0 0 0 0
0.956667 0 0 0 0
0.963333 0 0 0 0
0.97 0 0 0 0
0.976667 0 0 0 0
0.983333 0 0 0 0
0.99 0 0 0 0
0.996667 0 0 0 0
1.00333 0 0 0 0
1.01 0 0 0 0
1.01667 0 0 0 0
1.02333 0 0 0 0
1.03 0 0 0 0
1.03667 0 0 0 0
1.04333 0 0 0 0
1.05 0 0 0 0
1.05667 0 0 0 0
1.06333 0 0 0 0
1.07 0 0 0 0
1.07667 0 0 0 0
1.08333 0 0 0 0
1.09 0 0 0 0
1.09667 0 0 0 0
1.10333 0 0 0 0
1.11 0 0 0 0
1.11667 0 0 0 0
1.12333 0 0 0 0
1.13 0 0 0 0
1.13667 0 0 0 0
1.14333 0 0 0 0
1.15 0 0 0 0
1.15667 0 0 0 0
1.16333 0 0 0 0
1.17 0 0 0 0
1.17667 0 0 0 0
1.18333 0 0 0 0
1.19 0 0 0 0
1.19667 0 0 0 0
1.20333 0 0 0 0
1.21 0 0 0 0
1.21667 0 0 0 0
1.22333 0 0 0 0
1.23 0 0 0 0
1.23667 0 0 0 0
1.24333 0 0 0 0
1.25 0 0 0 0
1.25667 0 0 0 0
1.26333 0 0 0 0
1.27 0 0 0 0
1.27667 0 0 0 0
1.28333 0 0 0 0
1.29 0 0 0 0
1.29667 0 0 0 0
1.30333 0 0 0 0
1.31 0 0 0 0
1.31667 0 0 0 0
1.32333 0 0 0 0
1.33 0 0 0 0
1.33667 0 0 0 0
1.34333 0 0 0 0
1.35 0 0 0 0
1.35667 0 0 0 0
1.36333 0 0 0 0
1.37 0 0 0 0
1.37667 0 0 0 0
1.38333 0 0 0 0
1.39 0 0 0 0
1.39667 0 0 0 0
1.40333 0 0 0 0
1.41 0 0 0 0
1.41667 0 0 0 0
1.42333 0 0 0 0
1.43 0 0 0 0
1.43667 0 0 0 0
1.44333 0 0 0 0
1.45 0 0 0 0
1.45667 0 0 0 0
1.46333 0 0 0 0
1.47 0 0 0 0
1.47667 0 0 0 0
1.48333 0 0 0 0
1.49 0 0 0 0
1.49667 0 0 0 0
1.50333 0 0 0 0
1.51 0 0 0 0
1.51667 0 0 0 0
1.52333 0 0 0 0
1.53 0 0 0 0
1.53667 0 0 0 0
1.54333 0 0 0 0
1.55 0 0 0 0
1.55667 0 0 0 0
1.56333 0 0 0 0
1.57 0 0 0 0
1.57667 0 0 0 0
1.58333 0 0 0 0
1.59 0 0 0 0
1.59667 0 0 0 0
1.60333 0 0 0 0
1.61 0 0 0 0
1.61667 0 0 0 0
1.62333 0 0 0 0
1.63 0 0 0 0
1.63667 0 0 0 0
1.64333 0 0 0 0
1.65 0 0 0 0
1.65667 0 0 0 0
1.66333 0 0 0 0
1.67 0 0 0 0
1.67667 0 0 0 0
1.68333 0 0 0 0
1.69 0 0 0 0
1.69667 0 0 0 0
1.70333 0 0 0 0
1.71 0 0 0 0
1.71667 0 0 0 0
1.72333 0 0 0 0
1.73 0 0 0 0
1.73667 0 0 0 0
1.74333 0 0 0 0
1.75 0 0 0 0
1.75667 0 0 0 0
1.76333 0 0 0 0
1.77 0 0 0 0
1.77667 0 0 0 0
1.78333 0 0 0 0
1.79 0 0 0 0
1.79667 0 0 0 0
1.80333 0 0 0 0
1.81 0 0 0 0
1.81667 0 0 0 0
1.82333 0 0 0 0
1.83 0 0 0 0
1.83667 0 0 0 0
1.84333 0 0 0 0
1.85 0 0 0 0
1.85667 0 0 0 0
1.86333 0 0 0 0
1.87 0 0 0 0
1.87667 0 0 0 0
1.88333 0 0 0 0
1.89 0 0 0 0
1.89667 0 0 0 0
1.90333 0 0 0 0
1.91 0 0 0 0
1.91667 0 0 0 0
1.92333 0 0 0 0
1.93 0 0 0 0
1.93667 0 0 0 0
1.94333 0 0 0 0
1.95 0 0 0 0
1.95667 0 0 0 0
1.96333 0 0 0 0
1.97 0 0 0 0
1.97667 0 0 0 0
1.98333 0 0 0 0
1.99 0 0 0 0
1.99667 0 0 0 0
