0.00333333 4 46 31 1
0.01 4 43 22 5
0.0166667 5 61 40 7
0.0233333 11 58 30 3
0.03 16 67 36 6
0.0366667 11 65 49 9
0.0433333 13 108 54 5
0.05 26 127 64 6
0.0566667 30 161 81 13
0.0633333 41 151 67 15
0.07 35 156 103 11
0.0766667 23 179 120 15
0.0833333 34 164 93 18
0.09 33 192 94 20
0.0966667 24 166 90 15
0.103333 41 166 77 13
0.11 31 176 109 14
0.116667 31 182 101 17
0.123333 27 168 97 7
0.13 30 177 83 5
0.136667 16 144 83 14
0.143333 16 138 95 9
0.15 22 125 92 10
0.156667 25 130 103 10
0.163333 11 105 77 14
0.17 20 120 73 11
0.176667 17 113 73 9
0.183333 25 129 75 10
0.19 17 124 98 9
0.196667 23 144 87 10
0.203333 17 126 92 7
0.21 21 117 82 12
0.216667 16 119 62 4
0.223333 18 119 71 7
0.23 21 105 61 9
0.236667 16 86 54 8
0.243333 11 98 50 6
0.25 18 94 49 13
0.256667 14 96 54 7
0.263333 12 90 43 4
0.27 11 77 44 10
0.276667 18 70 44 8
0.283333 12 64 49 4
0.29 11 69 36 1
0.296667 13 68 35 15
0.303333 5 77 41 3
0.31 11 90 39 2
0.316667 12 58 32 4
0.323333 11 66 43 4
0.33 13 73 41 4
0.336667 13 57 29 5
0.343333 4 53 27 7
0.35 10 57 43 2
0.356667 6 55 23 7
0.363333 10 60 42 4
0.37 6 52 31 7
0.376667 10 53 44 5
0.383333 10 62 34 2
0.39 7 51 49 2
0.396667 9 59 22 6
0.403333 8 51 29 1
0.41 11 49 36 2
0.416667 14 46 29 4
0.423333 11 47 34 3
0.43 9 51 34 1
0.436667 6 50 44 5
0.443333 6 31 28 5
0.45 12 49 34 3
0.456667 7 44 29 6
0.463333 8 61 24 2
0.47 8 37 30 4
0.476667 10 34 25 2
0.483333 9 29 22 3
0.49 7 27 19 7
0.496667 6 21 19 8
0.503333 6 27 22 3
0.51 5 31 13 2
0.516667 5 21 20 5
0.523333 3 23 7 1
0.53 4 29 15 3
0.536667 8 26 13 3
0.543333 4 26 23 2
0.55 5 30 20 1
0.556667 3 25 14 1
0.563333 8 18 20 1
0.57 4 21 12 3
0.576667 5 18 15 3
0.583333 5 25 17 1
0.59 3 20 12 3
0.596667 3 21 14 3
0.603333 4 20 13 0
0.61 4 23 7 1
0.616667 3 17 16 3
0.623333 6 17 13 2
0.63 6 17 10 2
0.636667 4 21 12 2
0.643333 0 31 11 0
0.65 3 28 12 2
0.656667 2 32 12 0
0.663333 141 1291 882 44
0.67 0 0 0 0
0.676667 0 0 0 0
0.683333 0 0 0 0
0.69 0 0 0 0
0.696667 0 0 0 0
0.703333 0 0 0 0
0.71 0 0 0 0
0.716667 0 0 0 0
0.723333 0 0 0 0
0.73 0 0 0 0
0.736667 0 0 0 0
0.743333 0 0 0 0
0.75 0 0 0 0
0.756667 0 0 0 0
0.763333 0 0 0 0
0.77 0 0 0 0
0.776667 0 0 0 0
0.783333 0 0 0 0
0.79 0 0 0 0
0.796667 0 0 0 0
0.803333 0 0 0 0
0.81 0 0 0 0
0.816667 0 0 0 0
0.823333 0 0 0 0
0.83 0 0 0 0
0.836667 0 0 0 0
0.843333 0 0 0 0
0.85 0 0 0 0
0.856667 0 0 0 0
0.863333 0 0 0 0
0.87 0 0 0 0
0.876667 0 0 0 0
0.883333 0 0 0 0
0.89 0 0 0 0
0.896667 0 0 0 0
0.903333 0 0 0 0
0.91 0 0 0 0
0.916667 0 0 0 0
0.923333 0 0 0 0
0.93 0 0 0 0
0.936667 0 0 0 0
0.943333 0 0 0 0
0.95 0 0 0 0
0.956667 0 0 0 0
0.963333 0 0 0 0
0.97 0 0 0 0
0.976667 0 0 0 0
0.983333 0 0 0 0
0.99 0 0 0 0
0.996667 0 0 0 0
1.00333 0 0 0 0
1.01 0 0 0 0
1.01667 0 0 0 0
1.02333 0 0 0 0
1.03 0 0 0 0
1.03667 0 0 0 0
1.04333 0 0 0 0
1.05 0 0 0 0
1.05667 0 0 0 0
1.06333 0 0 0 0
1.07 0 0 0 0
1.07667 0 0 0 0
1.08333 0 0 0 0
1.09 0 0 0 0
1.09667 0 0 0 0
1.10333 0 0 0 0
1.11 0 0 0 0
1.11667 0 0 0 0
1.12333 0 0 0 0
1.13 0 0 0 0
1.13667 0 0 0 0
1.14333 0 0 0 0
1.15 0 0 0 0
1.15667 0 0 0 0
1.16333 0 0 0 0
1.17 0 0 0 0
1.17667 0 0 0 0
1.18333 0 0 0 0
1.19 0 0 0 0
1.19667 0 0 0 0
1.20333 0 0 0 0
1.21 0 0 0 0
1.21667 0 0 0 0
1.22333 0 0 0 0
1.23 0 0 0 0
1.23667 0 0 0 0
1.24333 0 0 0 0
1.25 0 0 0 0
1.25667 0 0 0 0
1.26333 0 0 0 0
1.27 0 0 0 0
1.27667 0 0 0 0
1.28333 0 0 0 0
1.29 0 0 0 0
1.29667 0 0 0 0
1.30333 0 0 0 0
1.31 0 0 0 0
1.31667 0 0 0 0
1.32333 0 0 0 0
1.33 0 0 0 0
1.33667 0 0 0 0
1.34333 0 0 0 0
1.35 0 0 0 0
1.35667 0 0 0 0
1.36333 0 0 0 0
1.37 0 0 0 0
1.37667 0 0 0 0
1.38333 0 0 0 0
1.39 0 0 0 0
1.39667 0 0 0 0
1.40333 0 0 0 0
1.41 0 0 0 0
1.41667 0 0 0 0
1.42333 0 0 0 0
1.43 0 0 0 0
1.43667 0 0 0 0
1.44333 0 0 0 0
1.45 0 0 0 0
1.45667 0 0 0 0
1.46333 0 0 0 0
1.47 0 0 0 0
1.47667 0 0 0 0
1.48333 0 0 0 0
1.49 0 0 0 0
1.49667 0 0 0 0
1.50333 0 0 0 0
1.51 0 0 0 0
1.51667 0 0 0 0
1.52333 0 0 0 0
1.53 0 0 0 0
1.53667 0 0 0 0
1.54333 0 0 0 0
1.55 0 0 0 0
1.55667 0 0 0 0
1.56333 0 0 0 0
1.57 0 0 0 0
1.57667 0 0 0 0
1.58333 0 0 0 0
1.59 0 0 0 0
1.59667 0 0 0 0
1.60333 0 0 0 0
1.61 0 0 0 0
1.61667 0 0 0 0
1.62333 0 0 0 0
1.63 0 0 0 0
1.63667 0 0 0 0
1.64333 0 0 0 0
1.65 0 0 0 0
1.65667 0 0 0 0
1.66333 0 0 0 0
1.67 0 0 0 0
1.67667 0 0 0 0
1.68333 0 0 0 0
1.69 0 0 0 0
1.69667 0 0 0 0
1.70333 0 0 0 0
1.71 0 0 0 0
1.71667 0 0 0 0
1.72333 0 0 0 0
1.73 0 0 0 0
1.73667 0 0 0 0
1.74333 0 0 0 0
1.75 0 0 0 0
1.75667 0 0 0 0
1.76333 0 0 0 0
1.77 0 0 0 0
1.77667 0 0 0 0
1.78333 0 0 0 0
1.79 0 0 0 0
1.79667 0 0 0 0
1.80333 0 0 0 0
1.81 0 0 0 0
1.81667 0 0 0 0
1.82333 0 0 0 0
1.83 0 0 0 0
1.83667 0 0 0 0
1.84333 0 0 0 0
1.85 0 0 0 0
1.85667 0 0 0 0
1.86333 0 0 0 0
1.87 0 0 0 0
1.87667 0 0 0 0
1.88333 0 0 0 0
1.89 0 0 0 0
1.89667 0 0 0 0
1.90333 0 0 0 0
1.91 0 0 0 0
1.91667 0 0 0 0
1.92333 0 0 0 0
1.93 0 0 0 0
1.93667 0 0 0 0
1.94333 0 0 0 0
1.95 0 0 0 0
1.95667 0 0 0 0
1.96333 0 0 0 0
1.97 0 0 0 0
1.97667 0 0 0 0
1.98333 0 0 0 0
1.99 0 0 0 0
1.99667 0 0 0 0
