0.00333333 22 29 2 0
0.01 29 37 2 0
0.0166667 37 36 5 0
0.0233333 20 27 6 0
0.03 38 28 1 1
0.0366667 45 49 3 0
0.0433333 36 49 2 0
0.05 59 58 3 1
0.0566667 65 62 10 1
0.0633333 86 70 6 0
0.07 89 83 3 0
0.0766667 85 74 7 0
0.0833333 95 72 6 0
0.09 101 87 10 1
0.0966667 82 85 10 0
0.103333 98 81 5 0
0.11 87 72 6 2
0.116667 88 79 7 0
0.123333 83 75 6 0
0.13 81 77 7 0
0.136667 87 82 5 1
0.143333 89 65 5 0
0.15 71 72 2 1
0.156667 66 79 5 0
0.163333 64 81 6 1
0.17 75 74 3 0
0.176667 74 74 9 0
0.183333 83 64 4 0
0.19 76 90 3 2
0.196667 67 69 4 1
0.203333 57 70 5 0
0.21 56 71 8 0
0.216667 59 82 8 0
0.223333 67 62 3 2
0.23 46 74 7 1
0.236667 46 77 6 1
0.243333 50 61 5 0
0.25 46 56 3 1
0.256667 61 53 4 0
0.263333 47 62 6 0
0.27 45 52 1 0
0.276667 41 43 2 1
0.283333 55 43 1 1
0.29 60 44 3 0
0.296667 48 46 2 1
0.303333 42 46 4 0
0.31 43 45 4 1
0.316667 37 49 2 1
0.323333 35 47 5 0
0.33 35 40 2 0
0.336667 40 36 5 1
0.343333 43 30 4 1
0.35 21 30 2 0
0.356667 42 37 4 1
0.363333 29 41 4 0
0.37 31 37 8 0
0.376667 34 38 2 0
0.383333 34 27 0 0
0.39 21 33 5 1
0.396667 47 41 4 0
0.403333 20 40 4 2
0.41 28 31 3 0
0.416667 34 22 7 0
0.423333 27 28 4 0
0.43 28 33 1 0
0.436667 43 35 1 0
0.443333 30 32 5 1
0.45 26 39 3 0
0.456667 20 32 6 0
0.463333 28 32 6 0
0.47 24 42 4 0
0.476667 24 35 1 0
0.483333 23 26 3 1
0.49 19 26 3 0
0.496667 18 14 3 0
0.503333 20 17 1 0
0.51 16 18 2 0
0.516667 22 15 1 2
0.523333 29 19 2 1
0.53 26 22 3 0
0.536667 31 16 0 0
0.543333 19 18 2 0
0.55 17 21 1 0
0.556667 15 18 2 0
0.563333 11 12 3 0
0.57 18 14 2 1
0.576667 10 19 2 0
0.583333 17 18 4 0
0.59 14 18 2 0
0.596667 11 13 2 1
0.603333 12 13 1 0
0.61 15 10 2 1
0.616667 22 19 1 1
0.623333 16 15 1 0
0.63 14 19 2 0
0.636667 23 19 2 0
0.643333 11 7 2 0
0.65 17 13 1 0
0.656667 11 12 0 0
0.663333 618 1019 89 5
0.67 0 0 0 0
0.676667 0 0 0 0
0.683333 0 0 0 0
0.69 0 0 0 0
0.696667 0 0 0 0
0.703333 0 0 0 0
0.71 0 0 0 0
0.716667 0 0 0 0
0.723333 0 0 0 0
0.73 0 0 0 0
0.736667 0 0 0 0
0.743333 0 0 0 0
0.75 0 0 0 0
0.756667 0 0 0 0
0.763333 0 0 0 0
0.77 0 0 0 0
0.776667 0 0 0 0
0.783333 0 0 0 0
0.79 0 0 0 0
0.796667 0 0 0 0
0.803333 0 0 0 0
0.81 0 0 0 0
0.816667 0 0 0 0
0.823333 0 0 0 0
0.83 0 0 0 0
0.836667 0 0 0 0
0.843333 0 0 0 0
0.85 0 0 0 0
0.856667 0 0 0 0
0.863333 0 0 0 0
0.87 0 0 0 0
0.876667 0 0 0 0
0.883333 0 0 0 0
0.89 0 0 0 0
0.896667 0 0 0 0
0.903333 0 0 0 0
0.91 0 0 0 0
0.916667 0 0 0 0
0.923333 0 0 0 0
0.93 0 0 0 0
0.936667 0 0 0 0
0.943333 0 0 0 0
0.95 0 0 0 0
0.956667 0 0 0 0
0.963333 0 0 0 0
0.97 0 0 0 0
0.976667 0 0 0 0
0.983333 0 0 0 0
0.99 0 0 0 0
0.996667 0 0 0 0
1.00333 0 0 0 0
1.01 0 0 0 0
1.01667 0 0 0 0
1.02333 0 0 0 0
1.03 0 0 0 0
1.03667 0 0 0 0
1.04333 0 0 0 0
1.05 0 0 0 0
1.05667 0 0 0 0
1.06333 0 0 0 0
1.07 0 0 0 0
1.07667 0 0 0 0
1.08333 0 0 0 0
1.09 0 0 0 0
1.09667 0 0 0 0
1.10333 0 0 0 0
1.11 0 0 0 0
1.11667 0 0 0 0
1.12333 0 0 0 0
1.13 0 0 0 0
1.13667 0 0 0 0
1.14333 0 0 0 0
1.15 0 0 0 0
1.15667 0 0 0 0
1.16333 0 0 0 0
1.17 0 0 0 0
1.17667 0 0 0 0
1.18333 0 0 0 0
1.19 0 0 0 0
1.19667 0 0 0 0
1.20333 0 0 0 0
1.21 0 0 0 0
1.21667 0 0 0 0
1.22333 0 0 0 0
1.23 0 0 0 0
1.23667 0 0 0 0
1.24333 0 0 0 0
1.25 0 0 0 0
1.25667 0 0 0 0
1.26333 0 0 0 0
1.27 0 0 0 0
1.27667 0 0 0 0
1.28333 0 0 0 0
1.29 0 0 0 0
1.29667 0 0 0 0
1.30333 0 0 0 0
1.31 0 0 0 0
1.31667 0 0 0 0
1.32333 0 0 0 0
1.33 0 0 0 0
1.33667 0 0 0 0
1.34333 0 0 0 0
1.35 0 0 0 0
1.35667 0 0 0 0
1.36333 0 0 0 0
1.37 0 0 0 0
1.37667 0 0 0 0
1.38333 0 0 0 0
1.39 0 0 0 0
1.39667 0 0 0 0
1.40333 0 0 0 0
1.41 0 0 0 0
1.41667 0 0 0 0
1.42333 0 0 0 0
1.43 0 0 0 0
1.43667 0 0 0 0
1.44333 0 0 0 0
1.45 0 0 0 0
1.45667 0 0 0 0
1.46333 0 0 0 0
1.47 0 0 0 0
1.47667 0 0 0 0
1.48333 0 0 0 0
1.49 0 0 0 0
1.49667 0 0 0 0
1.50333 0 0 0 0
1.51 0 0 0 0
1.51667 0 0 0 0
1.52333 0 0 0 0
1.53 0 0 0 0
1.53667 0 0 0 0
1.54333 0 0 0 0
1.55 0 0 0 0
1.55667 0 0 0 0
1.56333 0 0 0 0
1.57 0 0 0 0
1.57667 0 0 0 0
1.58333 0 0 0 0
1.59 0 0 0 0
1.59667 0 0 0 0
1.60333 0 0 0 0
1.61 0 0 0 0
1.61667 0 0 0 0
1.62333 0 0 0 0
1.63 0 0 0 0
1.63667 0 0 0 0
1.64333 0 0 0 0
1.65 0 0 0 0
1.65667 0 0 0 0
1.66333 0 0 0 0
1.67 0 0 0 0
1.67667 0 0 0 0
1.68333 0 0 0 0
1.69 0 0 0 0
1.69667 0 0 0 0
1.70333 0 0 0 0
1.71 0 0 0 0
1.71667 0 0 0 0
1.72333 0 0 0 0
1.73 0 0 0 0
1.73667 0 0 0 0
1.74333 0 0 0 0
1.75 0 0 0 0
1.75667 0 0 0 0
1.76333 0 0 0 0
1.77 0 0 0 0
1.77667 0 0 0 0
1.78333 0 0 0 0
1.79 0 0 0 0
1.79667 0 0 0 0
1.80333 0 0 0 0
1.81 0 0 0 0
1.81667 0 0 0 0
1.82333 0 0 0 0
1.83 0 0 0 0
1.83667 0 0 0 0
1.84333 0 0 0 0
1.85 0 0 0 0
1.85667 0 0 0 0
1.86333 0 0 0 0
1.87 0 0 0 0
1.87667 0 0 0 0
1.88333 0 0 0 0
1.89 0 0 0 0
1.89667 0 0 0 0
1.90333 0 0 0 0
1.91 0 0 0 0
1.91667 0 0 0 0
1.92333 0 0 0 0
1.93 0 0 0 0
1.93667 0 0 0 0
1.94333 0 0 0 0
1.95 0 0 0 0
1.95667 0 0 0 0
1.96333 0 0 0 0
1.97 0 0 0 0
1.97667 0 0 0 0
1.98333 0 0 0 0
1.99 0 0 0 0
1.99667 0 0 0 0
