0.00333333 19 85 7 1
0.01 26 116 10 1
0.0166667 28 107 11 2
0.0233333 22 110 7 0
0.03 39 106 8 1
0.0366667 42 150 8 0
0.0433333 61 175 12 0
0.05 62 181 17 2
0.0566667 69 268 24 2
0.0633333 93 285 21 6
0.07 99 260 23 4
0.0766667 101 272 30 2
0.0833333 95 336 28 4
0.09 109 314 24 5
0.0966667 106 282 24 3
0.103333 103 306 18 6
0.11 89 324 22 1
0.116667 84 321 26 6
0.123333 81 339 23 1
0.13 87 311 29 6
0.136667 83 322 19 3
0.143333 88 274 20 2
0.15 66 275 29 3
0.156667 71 274 19 4
0.163333 65 251 22 2
0.17 64 284 22 2
0.176667 52 258 18 2
0.183333 58 276 21 3
0.19 54 284 23 1
0.196667 56 294 19 1
0.203333 65 288 17 5
0.21 59 266 15 0
0.216667 57 258 14 4
0.223333 65 224 24 2
0.23 49 238 15 1
0.236667 56 215 17 2
0.243333 46 193 16 1
0.25 56 184 16 3
0.256667 54 201 18 3
0.263333 51 188 14 3
0.27 32 155 4 2
0.276667 51 168 15 2
0.283333 32 147 14 0
0.29 40 142 13 1
0.296667 33 162 10 3
0.303333 49 154 7 1
0.31 43 147 16 0
0.316667 35 121 13 3
0.323333 44 116 12 1
0.33 35 136 9 1
0.336667 33 141 16 1
0.343333 31 118 5 2
0.35 27 138 18 1
0.356667 23 130 10 2
0.363333 32 128 9 2
0.37 27 116 14 0
0.376667 24 119 15 3
0.383333 24 124 12 3
0.39 20 120 15 3
0.396667 31 106 5 1
0.403333 30 112 11 2
0.41 31 98 11 1
0.416667 28 106 14 4
0.423333 30 97 11 1
0.43 22 112 10 1
0.436667 18 95 20 1
0.443333 25 90 4 2
0.45 22 98 12 1
0.456667 18 107 10 1
0.463333 28 93 4 1
0.47 16 111 7 1
0.476667 23 94 7 1
0.483333 16 58 2 1
0.49 22 76 8 3
0.496667 17 64 9 1
0.503333 14 54 10 2
0.51 17 48 9 0
0.516667 19 49 4 1
0.523333 17 46 6 1
0.53 14 49 6 0
0.536667 12 59 4 4
0.543333 12 43 3 0
0.55 15 43 1 2
0.556667 10 52 8 1
0.563333 11 44 5 1
0.57 13 39 8 0
0.576667 11 47 8 1
0.583333 8 45 4 1
0.59 12 48 5 0
0.596667 11 46 8 1
0.603333 13 46 8 0
0.61 7 46 5 0
0.616667 9 51 2 1
0.623333 13 40 10 0
0.63 11 49 5 1
0.636667 10 48 3 0
0.643333 13 37 8 3
0.65 12 35 7 0
0.656667 12 31 4 1
0.663333 464 3514 212 8
0.67 0 0 0 0
0.676667 0 0 0 0
0.683333 0 0 0 0
0.69 0 0 0 0
0.696667 0 0 0 0
0.703333 0 0 0 0
0.71 0 0 0 0
0.716667 0 0 0 0
0.723333 0 0 0 0
0.73 0 0 0 0
0.736667 0 0 0 0
0.743333 0 0 0 0
0.75 0 0 0 0
0.756667 0 0 0 0
0.763333 0 0 0 0
0.77 0 0 0 0
0.776667 0 0 0 0
0.783333 0 0 0 0
0.79 0 0 0 0
0.796667 0 0 0 0
0.803333 0 0 0 0
0.81 0 0 0 0
0.816667 0 0 0 0
0.823333 0 0 0 0
0.83 0 0 0 0
0.836667 0 0 0 0
0.843333 0 0 0 0
0.85 0 0 0 0
0.856667 0 0 0 0
0.863333 0 0 0 0
0.87 0 0 0 0
0.876667 0 0 0 0
0.883333 0 0 0 0
0.89 0 0 0 0
0.896667 0 0 0 0
0.903333 0 0 0 0
0.91 0 0 0 0
0.916667 0 0 0 0
0.923333 0 0 0 0
0.93 0 0 0 0
0.936667 0 0 0 0
0.943333 0 0 0 0
0.95 0 0 0 0
0.956667 0 0 0 0
0.963333 0 0 0 0
0.97 0 0 0 0
0.976667 0 0 0 0
0.983333 0 0 0 0
0.99 0 0 0 0
0.996667 0 0 0 0
1.00333 0 0 0 0
1.01 0 0 0 0
1.01667 0 0 0 0
1.02333 0 0 0 0
1.03 0 0 0 0
1.03667 0 0 0 0
1.04333 0 0 0 0
1.05 0 0 0 0
1.05667 0 0 0 0
1.06333 0 0 0 0
1.07 0 0 0 0
1.07667 0 0 0 0
1.08333 0 0 0 0
1.09 0 0 0 0
1.09667 0 0 0 0
1.10333 0 0 0 0
1.11 0 0 0 0
1.11667 0 0 0 0
1.12333 0 0 0 0
1.13 0 0 0 0
1.13667 0 0 0 0
1.14333 0 0 0 0
1.15 0 0 0 0
1.15667 0 0 0 0
1.16333 0 0 0 0
1.17 0 0 0 0
1.17667 0 0 0 0
1.18333 0 0 0 0
1.19 0 0 0 0
1.19667 0 0 0 0
1.20333 0 0 0 0
1.21 0 0 0 0
1.21667 0 0 0 0
1.22333 0 0 0 0
1.23 0 0 0 0
1.23667 0 0 0 0
1.24333 0 0 0 0
1.25 0 0 0 0
1.25667 0 0 0 0
1.26333 0 0 0 0
1.27 0 0 0 0
1.27667 0 0 0 0
1.28333 0 0 0 0
1.29 0 0 0 0
1.29667 0 0 0 0
1.30333 0 0 0 0
1.31 0 0 0 0
1.31667 0 0 0 0
1.32333 0 0 0 0
1.33 0 0 0 0
1.33667 0 0 0 0
1.34333 0 0 0 0
1.35 0 0 0 0
1.35667 0 0 0 0
1.36333 0 0 0 0
1.37 0 0 0 0
1.37667 0 0 0 0
1.38333 0 0 0 0
1.39 0 0 0 0
1.39667 0 0 0 0
1.40333 0 0 0 0
1.41 0 0 0 0
1.41667 0 0 0 0
1.42333 0 0 0 0
1.43 0 0 0 0
1.43667 0 0 0 0
1.44333 0 0 0 0
1.45 0 0 0 0
1.45667 0 0 0 0
1.46333 0 0 0 0
1.47 0 0 0 0
1.47667 0 0 0 0
1.48333 0 0 0 0
1.49 0 0 0 0
1.49667 0 0 0 0
1.50333 0 0 0 0
1.51 0 0 0 0
1.51667 0 0 0 0
1.52333 0 0 0 0
1.53 0 0 0 0
1.53667 0 0 0 0
1.54333 0 0 0 0
1.55 0 0 0 0
1.55667 0 0 0 0
1.56333 0 0 0 0
1.57 0 0 0 0
1.57667 0 0 0 0
1.58333 0 0 0 0
1.59 0 0 0 0
1.59667 0 0 0 0
1.60333 0 0 0 0
1.61 0 0 0 0
1.61667 0 0 0 0
1.62333 0 0 0 0
1.63 0 0 0 0
1.63667 0 0 0 0
1.64333 0 0 0 0
1.65 0 0 0 0
1.65667 0 0 0 0
1.66333 0 0 0 0
1.67 0 0 0 0
1.67667 0 0 0 0
1.68333 0 0 0 0
1.69 0 0 0 0
1.69667 0 0 0 0
1.70333 0 0 0 0
1.71 0 0 0 0
1.71667 0 0 0 0
1.72333 0 0 0 0
1.73 0 0 0 0
1.73667 0 0 0 0
1.74333 0 0 0 0
1.75 0 0 0 0
1.75667 0 0 0 0
1.76333 0 0 0 0
1.77 0 0 0 0
1.77667 0 0 0 0
1.78333 0 0 0 0
1.79 0 0 0 0
1.79667 0 0 0 0
1.80333 0 0 0 0
1.81 0 0 0 0
1.81667 0 0 0 0
1.82333 0 0 0 0
1.83 0 0 0 0
1.83667 0 0 0 0
1.84333 0 0 0 0
1.85 0 0 0 0
1.85667 0 0 0 0
1.86333 0 0 0 0
1.87 0 0 0 0
1.87667 0 0 0 0
1.88333 0 0 0 0
1.89 0 0 0 0
1.89667 0 0 0 0
1.90333 0 0 0 0
1.91 0 0 0 0
1.91667 0 0 0 0
1.92333 0 0 0 0
1.93 0 0 0 0
1.93667 0 0 0 0
1.94333 0 0 0 0
1.95 0 0 0 0
1.95667 0 0 0 0
1.96333 0 0 0 0
1.97 0 0 0 0
1.97667 0 0 0 0
1.98333 0 0 0 0
1.99 0 0 0 0
1.99667 0 0 0 0
