0.00333333 5 72 32 4
0.01 9 86 27 4
0.0166667 5 94 34 5
0.0233333 4 79 23 3
0.03 6 95 28 2
0.0366667 9 102 38 4
0.0433333 11 99 51 5
0.05 14 114 55 5
0.0566667 14 150 54 6
0.0633333 20 150 64 12
0.07 15 146 55 8
0.0766667 22 152 70 9
0.0833333 18 174 65 5
0.09 18 161 67 6
0.0966667 11 171 67 14
0.103333 21 163 50 10
0.11 18 191 72 4
0.116667 19 192 78 12
0.123333 14 187 65 6
0.13 18 194 69 6
0.136667 11 181 47 12
0.143333 18 212 61 8
0.15 5 159 59 6
0.156667 11 157 56 10
0.163333 10 168 66 7
0.17 10 163 48 4
0.176667 21 187 65 11
0.183333 11 207 72 7
0.19 10 246 70 7
0.196667 13 251 65 5
0.203333 11 211 69 7
0.21 11 243 60 5
0.216667 6 195 60 2
0.223333 13 167 55 3
0.23 10 166 54 4
0.236667 7 170 50 5
0.243333 13 162 38 5
0.25 5 127 53 7
0.256667 7 159 56 4
0.263333 8 140 60 2
0.27 9 132 52 4
0.276667 6 124 42 3
0.283333 8 106 53 4
0.29 10 123 56 6
0.296667 4 118 24 4
0.303333 2 100 41 2
0.31 9 129 36 6
0.316667 6 98 42 5
0.323333 6 111 26 3
0.33 3 107 22 5
0.336667 5 102 37 6
0.343333 10 78 35 2
0.35 11 104 38 2
0.356667 5 78 42 5
0.363333 4 93 39 4
0.37 6 101 28 2
0.376667 8 81 29 6
0.383333 6 82 36 2
0.39 13 94 30 1
0.396667 9 92 40 4
0.403333 11 72 20 4
0.41 9 80 27 3
0.416667 9 82 30 1
0.423333 10 89 25 2
0.43 2 78 27 2
0.436667 10 73 38 0
0.443333 8 87 33 4
0.45 4 88 23 3
0.456667 5 97 21 3
0.463333 4 83 45 5
0.47 5 78 32 2
0.476667 2 70 30 3
0.483333 3 52 14 1
0.49 3 43 16 5
0.496667 7 40 22 3
0.503333 3 34 23 3
0.51 4 30 16 1
0.516667 4 30 24 1
0.523333 3 30 16 2
0.53 3 36 24 0
0.536667 4 25 14 2
0.543333 5 25 15 0
0.55 3 31 13 1
0.556667 1 27 16 2
0.563333 2 24 15 1
0.57 3 30 13 2
0.576667 7 26 17 1
0.583333 2 28 21 1
0.59 2 20 12 1
0.596667 2 20 20 4
0.603333 2 22 10 2
0.61 3 21 15 2
0.616667 3 21 11 2
0.623333 1 25 16 2
0.63 1 22 12 1
0.636667 4 29 15 5
0.643333 6 11 9 2
0.65 4 17 21 1
0.656667 9 23 10 2
0.663333 103 3991 951 42
0.67 0 0 0 0
0.676667 0 0 0 0
0.683333 0 0 0 0
0.69 0 0 0 0
0.696667 0 0 0 0
0.703333 0 0 0 0
0.71 0 0 0 0
0.716667 0 0 0 0
0.723333 0 0 0 0
0.73 0 0 0 0
0.736667 0 0 0 0
0.743333 0 0 0 0
0.75 0 0 0 0
0.756667 0 0 0 0
0.763333 0 0 0 0
0.77 0 0 0 0
0.776667 0 0 0 0
0.783333 0 0 0 0
0.79 0 0 0 0
0.796667 0 0 0 0
0.803333 0 0 0 0
0.81 0 0 0 0
0.816667 0 0 0 0
0.823333 0 0 0 0
0.83 0 0 0 0
0.836667 0 0 0 0
0.843333 0 0 0 0
0.85 0 0 0 0
0.856667 0 0 0 0
0.863333 0 0 0 0
0.87 0 0 0 0
0.876667 0 0 0 0
0.883333 0 0 0 0
0.89 0 0 0 0
0.896667 0 0 0 0
0.903333 0 0 0 0
0.91 0 0 0 0
0.916667 0 0 0 0
0.923333 0 0 0 0
0.93 0 0 0 0
0.936667 0 0 0 0
0.943333 0 0 0 0
0.95 0 0 0 0
0.956667 0 0 0 0
0.963333 0 0 0 0
0.97 0 0 0 0
0.976667 0 0 0 0
0.983333 0 0 0 0
0.99 0 0 0 0
0.996667 0 0 0 0
1.00333 0 0 0 0
1.01 0 0 0 0
1.01667 0 0 0 0
1.02333 0 0 0 0
1.03 0 0 0 0
1.03667 0 0 0 0
1.04333 0 0 0 0
1.05 0 0 0 0
1.05667 0 0 0 0
1.06333 0 0 0 0
1.07 0 0 0 0
1.07667 0 0 0 0
1.08333 0 0 0 0
1.09 0 0 0 0
1.09667 0 0 0 0
1.10333 0 0 0 0
1.11 0 0 0 0
1.11667 0 0 0 0
1.12333 0 0 0 0
1.13 0 0 0 0
1.13667 0 0 0 0
1.14333 0 0 0 0
1.15 0 0 0 0
1.15667 0 0 0 0
1.16333 0 0 0 0
1.17 0 0 0 0
1.17667 0 0 0 0
1.18333 0 0 0 0
1.19 0 0 0 0
1.19667 0 0 0 0
1.20333 0 0 0 0
1.21 0 0 0 0
1.21667 0 0 0 0
1.22333 0 0 0 0
1.23 0 0 0 0
1.23667 0 0 0 0
1.24333 0 0 0 0
1.25 0 0 0 0
1.25667 0 0 0 0
1.26333 0 0 0 0
1.27 0 0 0 0
1.27667 0 0 0 0
1.28333 0 0 0 0
1.29 0 0 0 0
1.29667 0 0 0 0
1.30333 0 0 0 0
1.31 0 0 0 0
1.31667 0 0 0 0
1.32333 0 0 0 0
1.33 0 0 0 0
1.33667 0 0 0 0
1.34333 0 0 0 0
1.35 0 0 0 0
1.35667 0 0 0 0
1.36333 0 0 0 0
1.37 0 0 0 0
1.37667 0 0 0 0
1.38333 0 0 0 0
1.39 0 0 0 0
1.39667 0 0 0 0
1.40333 0 0 0 0
1.41 0 0 0 0
1.41667 0 0 0 0
1.42333 0 0 0 0
1.43 0 0 0 0
1.43667 0 0 0 0
1.44333 0 0 0 0
1.45 0 0 0 0
1.45667 0 0 0 0
1.46333 0 0 0 0
1.47 0 0 0 0
1.47667 0 0 0 0
1.48333 0 0 0 0
1.49 0 0 0 0
1.49667 0 0 0 0
1.50333 0 0 0 0
1.51 0 0 0 0
1.51667 0 0 0 0
1.52333 0 0 0 0
1.53 0 0 0 0
1.53667 0 0 0 0
1.54333 0 0 0 0
1.55 0 0 0 0
1.55667 0 0 0 0
1.56333 0 0 0 0
1.57 0 0 0 0
1.57667 0 0 0 0
1.58333 0 0 0 0
1.59 0 0 0 0
1.59667 0 0 0 0
1.60333 0 0 0 0
1.61 0 0 0 0
1.61667 0 0 0 0
1.62333 0 0 0 0
1.63 0 0 0 0
1.63667 0 0 0 0
1.64333 0 0 0 0
1.65 0 0 0 0
1.65667 0 0 0 0
1.66333 0 0 0 0
1.67 0 0 0 0
1.67667 0 0 0 0
1.68333 0 0 0 0
1.69 0 0 0 0
1.69667 0 0 0 0
1.70333 0 0 0 0
1.71 0 0 0 0
1.71667 0 0 0 0
1.72333 0 0 0 0
1.73 0 0 0 0
1.73667 0 0 0 0
1.74333 0 0 0 0
1.75 0 0 0 0
1.75667 0 0 0 0
1.76333 0 0 0 0
1.77 0 0 0 0
1.77667 0 0 0 0
1.78333 0 0 0 0
1.79 0 0 0 0
1.79667 0 0 0 0
1.80333 0 0 0 0
1.81 0 0 0 0
1.81667 0 0 0 0
1.82333 0 0 0 0
1.83 0 0 0 0
1.83667 0 0 0 0
1.84333 0 0 0 0
1.85 0 0 0 0
1.85667 0 0 0 0
1.86333 0 0 0 0
1.87 0 0 0 0
1.87667 0 0 0 0
1.88333 0 0 0 0
1.89 0 0 0 0
1.89667 0 0 0 0
1.90333 0 0 0 0
1.91 0 0 0 0
1.91667 0 0 0 0
1.92333 0 0 0 0
1.93 0 0 0 0
1.93667 0 0 0 0
1.94333 0 0 0 0
1.95 0 0 0 0
1.95667 0 0 0 0
1.96333 0 0 0 0
1.97 0 0 0 0
1.97667 0 0 0 0
1.98333 0 0 0 0
1.99 0 0 0 0
1.99667 0 0 0 0
