0.00333333 2 1 2 144
0.01 3 1 7 169
0.0166667 3 1 20 153
0.0233333 7 0 9 177
0.03 6 0 23 167
0.0366667 6 3 25 161
0.0433333 2 1 19 201
0.05 7 1 34 187
0.0566667 8 3 25 211
0.0633333 3 3 37 257
0.07 3 1 35 229
0.0766667 5 7 36 274
0.0833333 4 5 40 239
0.09 5 2 49 284
0.0966667 6 3 30 263
0.103333 5 0 39 272
0.11 4 2 36 252
0.116667 5 5 41 259
0.123333 6 1 30 279
0.13 8 1 46 304
0.136667 5 2 35 267
0.143333 3 1 21 283
0.15 4 1 26 293
0.156667 8 2 22 299
0.163333 4 4 18 309
0.17 3 1 28 303
0.176667 5 2 28 312
0.183333 5 2 22 392
0.19 8 3 25 576
0.196667 8 4 21 563
0.203333 6 2 18 524
0.21 4 6 12 452
0.216667 8 5 21 392
0.223333 5 2 21 395
0.23 9 3 20 363
0.236667 4 3 19 318
0.243333 8 2 22 329
0.25 2 2 27 287
0.256667 3 2 12 254
0.263333 5 2 15 268
0.27 4 1 26 247
0.276667 6 0 16 219
0.283333 9 3 23 230
0.29 7 0 21 242
0.296667 5 1 15 200
0.303333 7 1 20 210
0.31 3 2 23 197
0.316667 6 2 23 181
0.323333 4 0 23 213
0.33 4 3 22 175
0.336667 5 0 17 175
0.343333 7 0 15 160
0.35 6 1 20 170
0.356667 3 1 15 157
0.363333 6 4 17 166
0.37 3 3 15 189
0.376667 8 3 19 164
0.383333 4 0 18 169
0.39 6 0 12 161
0.396667 4 2 16 174
0.403333 9 0 15 178
0.41 10 4 21 161
0.416667 4 2 9 158
0.423333 10 2 14 148
0.43 6 1 14 169
0.436667 6 1 9 167
0.443333 7 1 14 143
0.45 7 0 15 193
0.456667 6 1 7 190
0.463333 5 1 9 195
0.47 3 0 6 191
0.476667 6 1 13 147
0.483333 3 2 15 70
0.49 6 2 9 49
0.496667 2 0 6 56
0.503333 7 1 12 55
0.51 1 2 7 49
0.516667 1 1 9 43
0.523333 1 0 18 41
0.53 2 2 12 29
0.536667 1 2 12 42
0.543333 1 0 6 34
0.55 3 1 5 48
0.556667 1 2 7 42
0.563333 3 0 5 27
0.57 4 0 11 37
0.576667 4 1 9 30
0.583333 3 1 5 38
0.59 2 0 7 30
0.596667 2 1 4 38
0.603333 1 0 6 33
0.61 1 2 9 27
0.616667 4 1 13 32
0.623333 3 1 12 21
0.63 0 1 8 31
0.636667 4 1 8 53
0.643333 1 0 7 29
0.65 2 1 6 25
0.656667 0 1 7 34
0.663333 300 15 205 11431
0.67 0 0 0 0
0.676667 0 0 0 0
0.683333 0 0 0 0
0.69 0 0 0 0
0.696667 0 0 0 0
0.703333 0 0 0 0
0.71 0 0 0 0
0.716667 0 0 0 0
0.723333 0 0 0 0
0.73 0 0 0 0
0.736667 0 0 0 0
0.743333 0 0 0 0
0.75 0 0 0 0
0.756667 0 0 0 0
0.763333 0 0 0 0
0.77 0 0 0 0
0.776667 0 0 0 0
0.783333 0 0 0 0
0.79 0 0 0 0
0.796667 0 0 0 0
0.803333 0 0 0 0
0.81 0 0 0 0
0.816667 0 0 0 0
0.823333 0 0 0 0
0.83 0 0 0 0
0.836667 0 0 0 0
0.843333 0 0 0 0
0.85 0 0 0 0
0.856667 0 0 0 0
0.863333 0 0 0 0
0.87 0 0 0 0
0.876667 0 0 0 0
0.883333 0 0 0 0
0.89 0 0 0 0
0.896667 0 0 0 0
0.903333 0 0 0 0
0.91 0 0 0 0
0.916667 0 0 0 0
0.923333 0 0 0 0
0.93 0 0 0 0
0.936667 0 0 0 0
0.943333 0 0 0 0
0.95 0 0 0 0
0.956667 0 0 0 0
0.963333 0 0 0 0
0.97 0 0 0 0
0.976667 0 0 0 0
0.983333 0 0 0 0
0.99 0 0 0 0
0.996667 0 0 0 0
1.00333 0 0 0 0
1.01 0 0 0 0
1.01667 0 0 0 0
1.02333 0 0 0 0
1.03 0 0 0 0
1.03667 0 0 0 0
1.04333 0 0 0 0
1.05 0 0 0 0
1.05667 0 0 0 0
1.06333 0 0 0 0
1.07 0 0 0 0
1.07667 0 0 0 0
1.08333 0 0 0 0
1.09 0 0 0 0
1.09667 0 0 0 0
1.10333 0 0 0 0
1.11 0 0 0 0
1.11667 0 0 0 0
1.12333 0 0 0 0
1.13 0 0 0 0
1.13667 0 0 0 0
1.14333 0 0 0 0
1.15 0 0 0 0
1.15667 0 0 0 0
1.16333 0 0 0 0
1.17 0 0 0 0
1.17667 0 0 0 0
1.18333 0 0 0 0
1.19 0 0 0 0
1.19667 0 0 0 0
1.20333 0 0 0 0
1.21 0 0 0 0
1.21667 0 0 0 0
1.22333 0 0 0 0
1.23 0 0 0 0
1.23667 0 0 0 0
1.24333 0 0 0 0
1.25 0 0 0 0
1.25667 0 0 0 0
1.26333 0 0 0 0
1.27 0 0 0 0
1.27667 0 0 0 0
1.28333 0 0 0 0
1.29 0 0 0 0
1.29667 0 0 0 0
1.30333 0 0 0 0
1.31 0 0 0 0
1.31667 0 0 0 0
1.32333 0 0 0 0
1.33 0 0 0 0
1.33667 0 0 0 0
1.34333 0 0 0 0
1.35 0 0 0 0
1.35667 0 0 0 0
1.36333 0 0 0 0
1.37 0 0 0 0
1.37667 0 0 0 0
1.38333 0 0 0 0
1.39 0 0 0 0
1.39667 0 0 0 0
1.40333 0 0 0 0
1.41 0 0 0 0
1.41667 0 0 0 0
1.42333 0 0 0 0
1.43 0 0 0 0
1.43667 0 0 0 0
1.44333 0 0 0 0
1.45 0 0 0 0
1.45667 0 0 0 0
1.46333 0 0 0 0
1.47 0 0 0 0
1.47667 0 0 0 0
1.48333 0 0 0 0
1.49 0 0 0 0
1.49667 0 0 0 0
1.50333 0 0 0 0
1.51 0 0 0 0
1.51667 0 0 0 0
1.52333 0 0 0 0
1.53 0 0 0 0
1.53667 0 0 0 0
1.54333 0 0 0 0
1.55 0 0 0 0
1.55667 0 0 0 0
1.56333 0 0 0 0
1.57 0 0 0 0
1.57667 0 0 0 0
1.58333 0 0 0 0
1.59 0 0 0 0
1.59667 0 0 0 0
1.60333 0 0 0 0
1.61 0 0 0 0
1.61667 0 0 0 0
1.62333 0 0 0 0
1.63 0 0 0 0
1.63667 0 0 0 0
1.64333 0 0 0 0
1.65 0 0 0 0
1.65667 0 0 0 0
1.66333 0 0 0 0
1.67 0 0 0 0
1.67667 0 0 0 0
1.68333 0 0 0 0
1.69 0 0 0 0
1.69667 0 0 0 0
1.70333 0 0 0 0
1.71 0 0 0 0
1.71667 0 0 0 0
1.72333 0 0 0 0
1.73 0 0 0 0
1.73667 0 0 0 0
1.74333 0 0 0 0
1.75 0 0 0 0
1.75667 0 0 0 0
1.76333 0 0 0 0
1.77 0 0 0 0
1.77667 0 0 0 0
1.78333 0 0 0 0
1.79 0 0 0 0
1.79667 0 0 0 0
1.80333 0 0 0 0
1.81 0 0 0 0
1.81667 0 0 0 0
1.82333 0 0 0 0
1.83 0 0 0 0
1.83667 0 0 0 0
1.84333 0 0 0 0
1.85 0 0 0 0
1.85667 0 0 0 0
1.86333 0 0 0 0
1.87 0 0 0 0
1.87667 0 0 0 0
1.88333 0 0 0 0
1.89 0 0 0 0
1.89667 0 0 0 0
1.90333 0 0 0 0
1.91 0 0 0 0
1.91667 0 0 0 0
1.92333 0 0 0 0
1.93 0 0 0 0
1.93667 0 0 0 0
1.94333 0 0 0 0
1.95 0 0 0 0
1.95667 0 0 0 0
1.96333 0 0 0 0
1.97 0 0 0 0
1.97667 0 0 0 0
1.98333 0 0 0 0
1.99 0 0 0 0
1.99667 0 0 0 0
