0.00333333 48 32 3 0
0.01 57 35 4 2
0.0166667 63 32 1 1
0.0233333 87 47 2 1
0.03 66 53 2 2
0.0366667 82 62 3 1
0.0433333 116 73 11 1
0.05 164 118 10 1
0.0566667 168 114 10 3
0.0633333 206 130 10 6
0.07 223 150 10 3
0.0766667 201 153 12 5
0.0833333 236 146 8 5
0.09 220 129 6 1
0.0966667 216 138 16 4
0.103333 200 146 15 7
0.11 190 135 15 2
0.116667 247 143 12 1
0.123333 212 139 14 8
0.13 204 113 11 5
0.136667 203 110 4 2
0.143333 203 84 3 3
0.15 164 121 14 3
0.156667 152 96 4 2
0.163333 173 116 8 1
0.17 165 92 9 2
0.176667 166 84 7 3
0.183333 162 103 11 1
0.19 171 100 7 4
0.196667 177 83 10 1
0.203333 158 101 3 1
0.21 145 74 3 3
0.216667 130 73 8 4
0.223333 127 76 6 4
0.23 137 75 7 4
0.236667 122 69 9 1
0.243333 106 83 8 3
0.25 140 71 7 1
0.256667 105 69 6 1
0.263333 117 51 4 3
0.27 99 72 3 2
0.276667 117 62 4 5
0.283333 101 79 8 5
0.29 110 62 4 1
0.296667 78 48 8 0
0.303333 113 45 3 2
0.31 94 48 3 0
0.316667 73 48 6 1
0.323333 93 49 6 1
0.33 90 45 7 0
0.336667 88 52 8 5
0.343333 91 40 3 0
0.35 78 48 6 1
0.356667 77 41 3 1
0.363333 64 43 3 0
0.37 78 41 6 1
0.376667 63 36 5 1
0.383333 66 39 2 3
0.39 66 34 2 0
0.396667 68 44 2 1
0.403333 58 38 8 0
0.41 62 39 6 2
0.416667 52 26 6 2
0.423333 67 36 2 2
0.43 59 35 3 2
0.436667 72 35 1 0
0.443333 72 38 6 2
0.45 63 32 5 0
0.456667 60 33 5 0
0.463333 56 32 5 2
0.47 64 37 4 2
0.476667 48 27 0 1
0.483333 33 28 2 0
0.49 40 27 1 1
0.496667 43 13 3 0
0.503333 31 24 4 0
0.51 42 22 4 0
0.516667 28 21 2 1
0.523333 32 20 2 0
0.53 38 16 4 3
0.536667 31 19 3 4
0.543333 38 24 3 2
0.55 29 21 5 0
0.556667 25 14 1 0
0.563333 29 18 2 1
0.57 26 10 3 3
0.576667 19 21 3 1
0.583333 22 22 2 1
0.59 30 14 1 2
0.596667 31 16 2 0
0.603333 26 12 3 1
0.61 23 26 2 0
0.616667 26 21 2 0
0.623333 27 14 2 0
0.63 35 13 1 0
0.636667 34 21 3 0
0.643333 31 23 0 5
0.65 29 16 3 2
0.656667 21 22 1 0
0.663333 1640 694 51 14
0.67 0 0 0 0
0.676667 0 0 0 0
0.683333 0 0 0 0
0.69 0 0 0 0
0.696667 0 0 0 0
0.703333 0 0 0 0
0.71 0 0 0 0
0.716667 0 0 0 0
0.723333 0 0 0 0
0.73 0 0 0 0
0.736667 0 0 0 0
0.743333 0 0 0 0
0.75 0 0 0 0
0.756667 0 0 0 0
0.763333 0 0 0 0
0.77 0 0 0 0
0.776667 0 0 0 0
0.783333 0 0 0 0
0.79 0 0 0 0
0.796667 0 0 0 0
0.803333 0 0 0 0
0.81 0 0 0 0
0.816667 0 0 0 0
0.823333 0 0 0 0
0.83 0 0 0 0
0.836667 0 0 0 0
0.843333 0 0 0 0
0.85 0 0 0 0
0.856667 0 0 0 0
0.863333 0 0 0 0
0.87 0 0 0 0
0.876667 0 0 0 0
0.883333 0 0 0 0
0.89 0 0 0 0
0.896667 0 0 0 0
0.903333 0 0 0 0
0.91 0 0 0 0
0.916667 0 0 0 0
0.923333 0 0 0 0
0.93 0 0 0 0
0.936667 0 0 0 0
0.943333 0 0 0 0
0.95 0 0 0 0
0.956667 0 0 0 0
0.963333 0 0 0 0
0.97 0 0 0 0
0.976667 0 0 0 0
0.983333 0 0 0 0
0.99 0 0 0 0
0.996667 0 0 0 0
1.00333 0 0 0 0
1.01 0 0 0 0
1.01667 0 0 0 0
1.02333 0 0 0 0
1.03 0 0 0 0
1.03667 0 0 0 0
1.04333 0 0 0 0
1.05 0 0 0 0
1.05667 0 0 0 0
1.06333 0 0 0 0
1.07 0 0 0 0
1.07667 0 0 0 0
1.08333 0 0 0 0
1.09 0 0 0 0
1.09667 0 0 0 0
1.10333 0 0 0 0
1.11 0 0 0 0
1.11667 0 0 0 0
1.12333 0 0 0 0
1.13 0 0 0 0
1.13667 0 0 0 0
1.14333 0 0 0 0
1.15 0 0 0 0
1.15667 0 0 0 0
1.16333 0 0 0 0
1.17 0 0 0 0
1.17667 0 0 0 0
1.18333 0 0 0 0
1.19 0 0 0 0
1.19667 0 0 0 0
1.20333 0 0 0 0
1.21 0 0 0 0
1.21667 0 0 0 0
1.22333 0 0 0 0
1.23 0 0 0 0
1.23667 0 0 0 0
1.24333 0 0 0 0
1.25 0 0 0 0
1.25667 0 0 0 0
1.26333 0 0 0 0
1.27 0 0 0 0
1.27667 0 0 0 0
1.28333 0 0 0 0
1.29 0 0 0 0
1.29667 0 0 0 0
1.30333 0 0 0 0
1.31 0 0 0 0
1.31667 0 0 0 0
1.32333 0 0 0 0
1.33 0 0 0 0
1.33667 0 0 0 0
1.34333 0 0 0 0
1.35 0 0 0 0
1.35667 0 0 0 0
1.36333 0 0 0 0
1.37 0 0 0 0
1.37667 0 0 0 0
1.38333 0 0 0 0
1.39 0 0 0 0
1.39667 0 0 0 0
1.40333 0 0 0 0
1.41 0 0 0 0
1.41667 0 0 0 0
1.42333 0 0 0 0
1.43 0 0 0 0
1.43667 0 0 0 0
1.44333 0 0 0 0
1.45 0 0 0 0
1.45667 0 0 0 0
1.46333 0 0 0 0
1.47 0 0 0 0
1.47667 0 0 0 0
1.48333 0 0 0 0
1.49 0 0 0 0
1.49667 0 0 0 0
1.50333 0 0 0 0
1.51 0 0 0 0
1.51667 0 0 0 0
1.52333 0 0 0 0
1.53 0 0 0 0
1.53667 0 0 0 0
1.54333 0 0 0 0
1.55 0 0 0 0
1.55667 0 0 0 0
1.56333 0 0 0 0
1.57 0 0 0 0
1.57667 0 0 0 0
1.58333 0 0 0 0
1.59 0 0 0 0
1.59667 0 0 0 0
1.60333 0 0 0 0
1.61 0 0 0 0
1.61667 0 0 0 0
1.62333 0 0 0 0
1.63 0 0 0 0
1.63667 0 0 0 0
1.64333 0 0 0 0
1.65 0 0 0 0
1.65667 0 0 0 0
1.66333 0 0 0 0
1.67 0 0 0 0
1.67667 0 0 0 0
1.68333 0 0 0 0
1.69 0 0 0 0
1.69667 0 0 0 0
1.70333 0 0 0 0
1.71 0 0 0 0
1.71667 0 0 0 0
1.72333 0 0 0 0
1.73 0 0 0 0
1.73667 0 0 0 0
1.74333 0 0 0 0
1.75 0 0 0 0
1.75667 0 0 0 0
1.76333 0 0 0 0
1.77 0 0 0 0
1.77667 0 0 0 0
1.78333 0 0 0 0
1.79 0 0 0 0
1.79667 0 0 0 0
1.80333 0 0 0 0
1.81 0 0 0 0
1.81667 0 0 0 0
1.82333 0 0 0 0
1.83 0 0 0 0
1.83667 0 0 0 0
1.84333 0 0 0 0
1.85 0 0 0 0
1.85667 0 0 0 0
1.86333 0 0 0 0
1.87 0 0 0 0
1.87667 0 0 0 0
1.88333 0 0 0 0
1.89 0 0 0 0
1.89667 0 0 0 0
1.90333 0 0 0 0
1.91 0 0 0 0
1.91667 0 0 0 0
1.92333 0 0 0 0
1.93 0 0 0 0
1.93667 0 0 0 0
1.94333 0 0 0 0
1.95 0 0 0 0
1.95667 0 0 0 0
1.96333 0 0 0 0
1.97 0 0 0 0
1.97667 0 0 0 0
1.98333 0 0 0 0
1.99 0 0 0 0
1.99667 0 0 0 0
