0.00333333 3 33 22 0
0.01 4 35 29 3
0.0166667 9 50 39 1
0.0233333 4 54 39 3
0.03 6 56 35 2
0.0366667 11 70 51 2
0.0433333 16 76 48 2
0.05 10 98 54 1
0.0566667 24 111 63 5
0.0633333 21 115 75 6
0.07 15 120 66 5
0.0766667 26 125 77 11
0.0833333 24 148 76 7
0.09 22 143 72 14
0.0966667 16 128 82 7
0.103333 20 133 74 6
0.11 20 114 82 7
0.116667 20 118 97 6
0.123333 25 109 81 9
0.13 16 127 76 5
0.136667 12 100 91 7
0.143333 17 97 77 7
0.15 15 105 80 3
0.156667 21 115 72 5
0.163333 11 104 76 5
0.17 18 108 71 6
0.176667 18 67 73 4
0.183333 14 96 99 1
0.19 11 109 125 7
0.196667 22 99 95 4
0.203333 15 107 94 5
0.21 12 92 91 5
0.216667 6 82 84 11
0.223333 20 82 83 7
0.23 10 91 71 5
0.236667 19 91 63 2
0.243333 11 78 64 2
0.25 14 82 57 7
0.256667 10 85 59 8
0.263333 12 69 58 6
0.27 9 68 40 5
0.276667 12 70 65 2
0.283333 11 65 50 4
0.29 10 64 46 2
0.296667 11 65 54 3
0.303333 3 78 47 4
0.31 5 77 41 1
0.316667 5 59 49 2
0.323333 6 52 57 3
0.33 8 71 47 1
0.336667 5 46 45 0
0.343333 3 54 37 2
0.35 6 64 50 3
0.356667 6 56 40 3
0.363333 9 37 35 0
0.37 10 52 55 4
0.376667 6 57 44 3
0.383333 7 48 40 1
0.39 9 56 38 3
0.396667 6 54 42 0
0.403333 7 36 36 0
0.41 6 48 37 1
0.416667 3 58 42 3
0.423333 5 38 48 3
0.43 10 50 31 4
0.436667 8 51 45 5
0.443333 5 41 33 1
0.45 6 50 25 1
0.456667 4 32 41 2
0.463333 9 67 51 0
0.47 7 49 35 2
0.476667 5 45 33 2
0.483333 8 25 26 4
0.49 7 23 22 1
0.496667 5 21 23 2
0.503333 0 23 13 1
0.51 5 25 23 0
0.516667 4 27 17 0
0.523333 4 25 19 0
0.53 2 25 12 2
0.536667 9 20 12 2
0.543333 3 27 14 3
0.55 4 20 11 2
0.556667 2 27 19 2
0.563333 5 24 17 0
0.57 3 20 14 4
0.576667 6 30 14 2
0.583333 2 25 13 0
0.59 2 24 10 3
0.596667 1 19 13 0
0.603333 1 25 13 1
0.61 0 25 13 2
0.616667 5 15 12 1
0.623333 2 23 11 1
0.63 4 19 21 1
0.636667 0 28 14 1
0.643333 2 23 12 0
0.65 1 19 5 3
0.656667 5 22 11 1
0.663333 89 1294 1641 28
0.67 0 0 0 0
0.676667 0 0 0 0
0.683333 0 0 0 0
0.69 0 0 0 0
0.696667 0 0 0 0
0.703333 0 0 0 0
0.71 0 0 0 0
0.716667 0 0 0 0
0.723333 0 0 0 0
0.73 0 0 0 0
0.736667 0 0 0 0
0.743333 0 0 0 0
0.75 0 0 0 0
0.756667 0 0 0 0
0.763333 0 0 0 0
0.77 0 0 0 0
0.776667 0 0 0 0
0.783333 0 0 0 0
0.79 0 0 0 0
0.796667 0 0 0 0
0.803333 0 0 0 0
0.81 0 0 0 0
0.816667 0 0 0 0
0.823333 0 0 0 0
0.83 0 0 0 0
0.836667 0 0 0 0
0.843333 0 0 0 0
0.85 0 0 0 0
0.856667 0 0 0 0
0.863333 0 0 0 0
0.87 0 0 0 0
0.876667 0 0 0 0
0.883333 0 0 0 0
0.89 0 0 0 0
0.896667 0 0 0 0
0.903333 0 0 0 0
0.91 0 0 0 0
0.916667 0 0 0 0
0.923333 0 0 0 0
0.93 0 0 0 0
0.936667 0 0 0 0
0.943333 0 0 0 0
0.95 0 0 0 0
0.956667 0 0 0 0
0.963333 0 0 0 0
0.97 0 0 0 0
0.976667 0 0 0 0
0.983333 0 0 0 0
0.99 0 0 0 0
0.996667 0 0 0 0
1.00333 0 0 0 0
1.01 0 0 0 0
1.01667 0 0 0 0
1.02333 0 0 0 0
1.03 0 0 0 0
1.03667 0 0 0 0
1.04333 0 0 0 0
1.05 0 0 0 0
1.05667 0 0 0 0
1.06333 0 0 0 0
1.07 0 0 0 0
1.07667 0 0 0 0
1.08333 0 0 0 0
1.09 0 0 0 0
1.09667 0 0 0 0
1.10333 0 0 0 0
1.11 0 0 0 0
1.11667 0 0 0 0
1.12333 0 0 0 0
1.13 0 0 0 0
1.13667 0 0 0 0
1.14333 0 0 0 0
1.15 0 0 0 0
1.15667 0 0 0 0
1.16333 0 0 0 0
1.17 0 0 0 0
1.17667 0 0 0 0
1.18333 0 0 0 0
1.19 0 0 0 0
1.19667 0 0 0 0
1.20333 0 0 0 0
1.21 0 0 0 0
1.21667 0 0 0 0
1.22333 0 0 0 0
1.23 0 0 0 0
1.23667 0 0 0 0
1.24333 0 0 0 0
1.25 0 0 0 0
1.25667 0 0 0 0
1.26333 0 0 0 0
1.27 0 0 0 0
1.27667 0 0 0 0
1.28333 0 0 0 0
1.29 0 0 0 0
1.29667 0 0 0 0
1.30333 0 0 0 0
1.31 0 0 0 0
1.31667 0 0 0 0
1.32333 0 0 0 0
1.33 0 0 0 0
1.33667 0 0 0 0
1.34333 0 0 0 0
1.35 0 0 0 0
1.35667 0 0 0 0
1.36333 0 0 0 0
1.37 0 0 0 0
1.37667 0 0 0 0
1.38333 0 0 0 0
1.39 0 0 0 0
1.39667 0 0 0 0
1.40333 0 0 0 0
1.41 0 0 0 0
1.41667 0 0 0 0
1.42333 0 0 0 0
1.43 0 0 0 0
1.43667 0 0 0 0
1.44333 0 0 0 0
1.45 0 0 0 0
1.45667 0 0 0 0
1.46333 0 0 0 0
1.47 0 0 0 0
1.47667 0 0 0 0
1.48333 0 0 0 0
1.49 0 0 0 0
1.49667 0 0 0 0
1.50333 0 0 0 0
1.51 0 0 0 0
1.51667 0 0 0 0
1.52333 0 0 0 0
1.53 0 0 0 0
1.53667 0 0 0 0
1.54333 0 0 0 0
1.55 0 0 0 0
1.55667 0 0 0 0
1.56333 0 0 0 0
1.57 0 0 0 0
1.57667 0 0 0 0
1.58333 0 0 0 0
1.59 0 0 0 0
1.59667 0 0 0 0
1.60333 0 0 0 0
1.61 0 0 0 0
1.61667 0 0 0 0
1.62333 0 0 0 0
1.63 0 0 0 0
1.63667 0 0 0 0
1.64333 0 0 0 0
1.65 0 0 0 0
1.65667 0 0 0 0
1.66333 0 0 0 0
1.67 0 0 0 0
1.67667 0 0 0 0
1.68333 0 0 0 0
1.69 0 0 0 0
1.69667 0 0 0 0
1.70333 0 0 0 0
1.71 0 0 0 0
1.71667 0 0 0 0
1.72333 0 0 0 0
1.73 0 0 0 0
1.73667 0 0 0 0
1.74333 0 0 0 0
1.75 0 0 0 0
1.75667 0 0 0 0
1.76333 0 0 0 0
1.77 0 0 0 0
1.77667 0 0 0 0
1.78333 0 0 0 0
1.79 0 0 0 0
1.79667 0 0 0 0
1.80333 0 0 0 0
1.81 0 0 0 0
1.81667 0 0 0 0
1.82333 0 0 0 0
1.83 0 0 0 0
1.83667 0 0 0 0
1.84333 0 0 0 0
1.85 0 0 0 0
1.85667 0 0 0 0
1.86333 0 0 0 0
1.87 0 0 0 0
1.87667 0 0 0 0
1.88333 0 0 0 0
1.89 0 0 0 0
1.89667 0 0 0 0
1.90333 0 0 0 0
1.91 0 0 0 0
1.91667 0 0 0 0
1.92333 0 0 0 0
1.93 0 0 0 0
1.93667 0 0 0 0
1.94333 0 0 0 0
1.95 0 0 0 0
1.95667 0 0 0 0
1.96333 0 0 0 0
1.97 0 0 0 0
1.97667 0 0 0 0
1.98333 0 0 0 0
1.99 0 0 0 0
1.99667 0 0 0 0
