0.00333333 12 45 29 5
0.01 12 54 16 1
0.0166667 17 59 22 2
0.0233333 13 64 30 5
0.03 19 71 26 7
0.0366667 24 98 34 4
0.0433333 22 125 44 7
0.05 30 131 56 7
0.0566667 37 202 75 16
0.0633333 45 174 61 13
0.07 44 213 80 16
0.0766667 35 211 101 11
0.0833333 43 219 83 12
0.09 46 202 85 20
0.0966667 44 213 75 15
0.103333 45 225 83 20
0.11 29 208 83 13
0.116667 41 215 69 13
0.123333 42 201 59 9
0.13 38 210 78 6
0.136667 40 187 52 19
0.143333 25 199 56 6
0.15 41 196 62 13
0.156667 27 151 54 11
0.163333 30 152 44 9
0.17 30 161 54 13
0.176667 32 145 53 12
0.183333 37 155 56 10
0.19 33 149 70 8
0.196667 31 168 62 10
0.203333 33 159 54 8
0.21 31 147 61 9
0.216667 20 129 52 15
0.223333 28 147 48 7
0.23 24 128 51 7
0.236667 22 136 52 9
0.243333 25 115 41 4
0.25 29 119 36 8
0.256667 23 124 33 6
0.263333 18 109 25 10
0.27 20 79 34 11
0.276667 23 119 36 8
0.283333 14 89 37 8
0.29 18 85 19 2
0.296667 11 92 29 5
0.303333 12 88 24 6
0.31 11 87 27 5
0.316667 18 76 22 4
0.323333 13 89 30 3
0.33 25 88 30 5
0.336667 15 80 24 3
0.343333 7 69 30 5
0.35 13 79 32 5
0.356667 12 73 24 5
0.363333 12 60 26 4
0.37 10 66 19 6
0.376667 16 51 27 6
0.383333 16 56 24 7
0.39 9 56 30 3
0.396667 15 74 15 4
0.403333 12 58 13 5
0.41 17 65 30 6
0.416667 14 57 29 6
0.423333 18 56 19 3
0.43 11 51 15 1
0.436667 7 54 19 2
0.443333 20 46 17 9
0.45 15 58 20 5
0.456667 10 57 24 8
0.463333 15 61 27 2
0.47 12 50 19 5
0.476667 13 38 20 3
0.483333 13 39 18 8
0.49 6 37 18 6
0.496667 10 32 11 2
0.503333 9 28 15 3
0.51 6 38 9 1
0.516667 8 30 13 4
0.523333 7 27 7 0
0.53 9 31 8 3
0.536667 7 26 10 4
0.543333 6 37 17 4
0.55 4 31 13 1
0.556667 3 28 8 1
0.563333 8 35 13 1
0.57 6 27 9 3
0.576667 4 22 14 2
0.583333 8 23 14 4
0.59 3 29 9 1
0.596667 7 27 13 0
0.603333 5 20 11 4
0.61 6 26 5 2
0.616667 3 19 6 5
0.623333 4 20 8 1
0.63 7 23 11 0
0.636667 9 24 7 5
0.643333 4 19 10 3
0.65 1 26 12 1
0.656667 5 25 12 2
0.663333 211 1439 475 48
0.67 0 0 0 0
0.676667 0 0 0 0
0.683333 0 0 0 0
0.69 0 0 0 0
0.696667 0 0 0 0
0.703333 0 0 0 0
0.71 0 0 0 0
0.716667 0 0 0 0
0.723333 0 0 0 0
0.73 0 0 0 0
0.736667 0 0 0 0
0.743333 0 0 0 0
0.75 0 0 0 0
0.756667 0 0 0 0
0.763333 0 0 0 0
0.77 0 0 0 0
0.776667 0 0 0 0
0.783333 0 0 0 0
0.79 0 0 0 0
0.796667 0 0 0 0
0.803333 0 0 0 0
0.81 0 0 0 0
0.816667 0 0 0 0
0.823333 0 0 0 0
0.83 0 0 0 0
0.836667 0 0 0 0
0.843333 0 0 0 0
0.85 0 0 0 0
0.856667 0 0 0 0
0.863333 0 0 0 0
0.87 0 0 0 0
0.876667 0 0 0 0
0.883333 0 0 0 0
0.89 0 0 0 0
0.896667 0 0 0 0
0.903333 0 0 0 0
0.91 0 0 0 0
0.916667 0 0 0 0
0.923333 0 0 0 0
0.93 0 0 0 0
0.936667 0 0 0 0
0.943333 0 0 0 0
0.95 0 0 0 0
0.956667 0 0 0 0
0.963333 0 0 0 0
0.97 0 0 0 0
0.976667 0 0 0 0
0.983333 0 0 0 0
0.99 0 0 0 0
0.996667 0 0 0 0
1.00333 0 0 0 0
1.01 0 0 0 0
1.01667 0 0 0 0
1.02333 0 0 0 0
1.03 0 0 0 0
1.03667 0 0 0 0
1.04333 0 0 0 0
1.05 0 0 0 0
1.05667 0 0 0 0
1.06333 0 0 0 0
1.07 0 0 0 0
1.07667 0 0 0 0
1.08333 0 0 0 0
1.09 0 0 0 0
1.09667 0 0 0 0
1.10333 0 0 0 0
1.11 0 0 0 0
1.11667 0 0 0 0
1.12333 0 0 0 0
1.13 0 0 0 0
1.13667 0 0 0 0
1.14333 0 0 0 0
1.15 0 0 0 0
1.15667 0 0 0 0
1.16333 0 0 0 0
1.17 0 0 0 0
1.17667 0 0 0 0
1.18333 0 0 0 0
1.19 0 0 0 0
1.19667 0 0 0 0
1.20333 0 0 0 0
1.21 0 0 0 0
1.21667 0 0 0 0
1.22333 0 0 0 0
1.23 0 0 0 0
1.23667 0 0 0 0
1.24333 0 0 0 0
1.25 0 0 0 0
1.25667 0 0 0 0
1.26333 0 0 0 0
1.27 0 0 0 0
1.27667 0 0 0 0
1.28333 0 0 0 0
1.29 0 0 0 0
1.29667 0 0 0 0
1.30333 0 0 0 0
1.31 0 0 0 0
1.31667 0 0 0 0
1.32333 0 0 0 0
1.33 0 0 0 0
1.33667 0 0 0 0
1.34333 0 0 0 0
1.35 0 0 0 0
1.35667 0 0 0 0
1.36333 0 0 0 0
1.37 0 0 0 0
1.37667 0 0 0 0
1.38333 0 0 0 0
1.39 0 0 0 0
1.39667 0 0 0 0
1.40333 0 0 0 0
1.41 0 0 0 0
1.41667 0 0 0 0
1.42333 0 0 0 0
1.43 0 0 0 0
1.43667 0 0 0 0
1.44333 0 0 0 0
1.45 0 0 0 0
1.45667 0 0 0 0
1.46333 0 0 0 0
1.47 0 0 0 0
1.47667 0 0 0 0
1.48333 0 0 0 0
1.49 0 0 0 0
1.49667 0 0 0 0
1.50333 0 0 0 0
1.51 0 0 0 0
1.51667 0 0 0 0
1.52333 0 0 0 0
1.53 0 0 0 0
1.53667 0 0 0 0
1.54333 0 0 0 0
1.55 0 0 0 0
1.55667 0 0 0 0
1.56333 0 0 0 0
1.57 0 0 0 0
1.57667 0 0 0 0
1.58333 0 0 0 0
1.59 0 0 0 0
1.59667 0 0 0 0
1.60333 0 0 0 0
1.61 0 0 0 0
1.61667 0 0 0 0
1.62333 0 0 0 0
1.63 0 0 0 0
1.63667 0 0 0 0
1.64333 0 0 0 0
1.65 0 0 0 0
1.65667 0 0 0 0
1.66333 0 0 0 0
1.67 0 0 0 0
1.67667 0 0 0 0
1.68333 0 0 0 0
1.69 0 0 0 0
1.69667 0 0 0 0
1.70333 0 0 0 0
1.71 0 0 0 0
1.71667 0 0 0 0
1.72333 0 0 0 0
1.73 0 0 0 0
1.73667 0 0 0 0
1.74333 0 0 0 0
1.75 0 0 0 0
1.75667 0 0 0 0
1.76333 0 0 0 0
1.77 0 0 0 0
1.77667 0 0 0 0
1.78333 0 0 0 0
1.79 0 0 0 0
1.79667 0 0 0 0
1.80333 0 0 0 0
1.81 0 0 0 0
1.81667 0 0 0 0
1.82333 0 0 0 0
1.83 0 0 0 0
1.83667 0 0 0 0
1.84333 0 0 0 0
1.85 0 0 0 0
1.85667 0 0 0 0
1.86333 0 0 0 0
1.87 0 0 0 0
1.87667 0 0 0 0
1.88333 0 0 0 0
1.89 0 0 0 0
1.89667 0 0 0 0
1.90333 0 0 0 0
1.91 0 0 0 0
1.91667 0 0 0 0
1.92333 0 0 0 0
1.93 0 0 0 0
1.93667 0 0 0 0
1.94333 0 0 0 0
1.95 0 0 0 0
1.95667 0 0 0 0
1.96333 0 0 0 0
1.97 0 0 0 0
1.97667 0 0 0 0
1.98333 0 0 0 0
1.99 0 0 0 0
1.99667 0 0 0 0
