0.00333333 3 20 66 4
0.01 2 16 94 10
0.0166667 4 25 102 4
0.0233333 1 22 97 7
0.03 4 33 89 7
0.0366667 7 26 97 9
0.0433333 3 55 140 20
0.05 5 40 134 14
0.0566667 3 63 177 28
0.0633333 3 59 164 16
0.07 7 57 195 25
0.0766667 4 65 231 16
0.0833333 9 53 217 10
0.09 3 66 215 15
0.0966667 3 67 230 21
0.103333 6 60 200 26
0.11 4 67 221 24
0.116667 7 73 237 21
0.123333 7 44 233 17
0.13 5 67 236 13
0.136667 4 76 219 19
0.143333 5 64 232 17
0.15 3 56 204 16
0.156667 6 55 246 11
0.163333 7 64 207 14
0.17 5 54 199 9
0.176667 4 56 213 19
0.183333 4 49 239 9
0.19 4 62 298 11
0.196667 6 75 309 15
0.203333 6 59 279 14
0.21 2 68 252 16
0.216667 5 47 215 23
0.223333 2 60 227 12
0.23 5 56 212 10
0.236667 7 59 217 20
0.243333 4 44 165 11
0.25 2 49 182 13
0.256667 1 39 181 10
0.263333 1 46 169 14
0.27 6 35 156 8
0.276667 0 25 145 9
0.283333 5 48 142 13
0.29 4 39 124 12
0.296667 2 27 113 5
0.303333 2 28 121 16
0.31 3 41 129 12
0.316667 2 26 116 5
0.323333 3 39 106 5
0.33 3 25 87 3
0.336667 1 37 127 2
0.343333 4 30 100 8
0.35 3 27 106 7
0.356667 1 36 116 10
0.363333 2 26 114 9
0.37 3 29 99 10
0.376667 1 24 99 11
0.383333 3 21 110 9
0.39 1 26 117 6
0.396667 4 34 101 12
0.403333 5 21 87 10
0.41 5 26 108 4
0.416667 0 17 99 6
0.423333 6 17 90 6
0.43 3 17 80 5
0.436667 3 33 81 9
0.443333 3 26 112 8
0.45 1 29 88 5
0.456667 2 21 95 11
0.463333 2 29 99 6
0.47 1 23 101 6
0.476667 1 15 71 7
0.483333 0 25 57 2
0.49 5 19 49 4
0.496667 1 24 50 4
0.503333 1 25 52 6
0.51 0 18 50 3
0.516667 1 15 39 4
0.523333 0 18 39 5
0.53 0 17 32 8
0.536667 5 15 32 5
0.543333 1 15 33 4
0.55 1 14 33 5
0.556667 1 16 43 4
0.563333 1 9 37 4
0.57 2 15 25 2
0.576667 2 19 30 4
0.583333 1 11 33 4
0.59 0 11 28 6
0.596667 1 10 36 12
0.603333 2 12 28 2
0.61 0 9 30 6
0.616667 1 10 30 1
0.623333 1 12 33 1
0.63 1 13 33 4
0.636667 3 25 42 2
0.643333 0 15 15 4
0.65 2 11 38 6
0.656667 1 14 35 2
0.663333 32 832 4204 87
0.67 0 0 0 0
0.676667 0 0 0 0
0.683333 0 0 0 0
0.69 0 0 0 0
0.696667 0 0 0 0
0.703333 0 0 0 0
0.71 0 0 0 0
0.716667 0 0 0 0
0.723333 0 0 0 0
0.73 0 0 0 0
0.736667 0 0 0 0
0.743333 0 0 0 0
0.75 0 0 0 0
0.756667 0 0 0 0
0.763333 0 0 0 0
0.77 0 0 0 0
0.776667 0 0 0 0
0.783333 0 0 0 0
0.79 0 0 0 0
0.796667 0 0 0 0
0.803333 0 0 0 0
0.81 0 0 0 0
0.816667 0 0 0 0
0.823333 0 0 0 0
0.83 0 0 0 0
0.836667 0 0 0 0
0.843333 0 0 0 0
0.85 0 0 0 0
0.856667 0 0 0 0
0.863333 0 0 0 0
0.87 0 0 0 0
0.876667 0 0 0 0
0.883333 0 0 0 0
0.89 0 0 0 0
0.896667 0 0 0 0
0.903333 0 0 0 0
0.91 0 0 0 0
0.916667 0 0 0 0
0.923333 0 0 0 0
0.93 0 0 0 0
0.936667 0 0 0 0
0.943333 0 0 0 0
0.95 0 0 0 0
0.956667 0 0 0 0
0.963333 0 0 0 0
0.97 0 0 0 0
0.976667 0 0 0 0
0.983333 0 0 0 0
0.99 0 0 0 0
0.996667 0 0 0 0
1.00333 0 0 0 0
1.01 0 0 0 0
1.01667 0 0 0 0
1.02333 0 0 0 0
1.03 0 0 0 0
1.03667 0 0 0 0
1.04333 0 0 0 0
1.05 0 0 0 0
1.05667 0 0 0 0
1.06333 0 0 0 0
1.07 0 0 0 0
1.07667 0 0 0 0
1.08333 0 0 0 0
1.09 0 0 0 0
1.09667 0 0 0 0
1.10333 0 0 0 0
1.11 0 0 0 0
1.11667 0 0 0 0
1.12333 0 0 0 0
1.13 0 0 0 0
1.13667 0 0 0 0
1.14333 0 0 0 0
1.15 0 0 0 0
1.15667 0 0 0 0
1.16333 0 0 0 0
1.17 0 0 0 0
1.17667 0 0 0 0
1.18333 0 0 0 0
1.19 0 0 0 0
1.19667 0 0 0 0
1.20333 0 0 0 0
1.21 0 0 0 0
1.21667 0 0 0 0
1.22333 0 0 0 0
1.23 0 0 0 0
1.23667 0 0 0 0
1.24333 0 0 0 0
1.25 0 0 0 0
1.25667 0 0 0 0
1.26333 0 0 0 0
1.27 0 0 0 0
1.27667 0 0 0 0
1.28333 0 0 0 0
1.29 0 0 0 0
1.29667 0 0 0 0
1.30333 0 0 0 0
1.31 0 0 0 0
1.31667 0 0 0 0
1.32333 0 0 0 0
1.33 0 0 0 0
1.33667 0 0 0 0
1.34333 0 0 0 0
1.35 0 0 0 0
1.35667 0 0 0 0
1.36333 0 0 0 0
1.37 0 0 0 0
1.37667 0 0 0 0
1.38333 0 0 0 0
1.39 0 0 0 0
1.39667 0 0 0 0
1.40333 0 0 0 0
1.41 0 0 0 0
1.41667 0 0 0 0
1.42333 0 0 0 0
1.43 0 0 0 0
1.43667 0 0 0 0
1.44333 0 0 0 0
1.45 0 0 0 0
1.45667 0 0 0 0
1.46333 0 0 0 0
1.47 0 0 0 0
1.47667 0 0 0 0
1.48333 0 0 0 0
1.49 0 0 0 0
1.49667 0 0 0 0
1.50333 0 0 0 0
1.51 0 0 0 0
1.51667 0 0 0 0
1.52333 0 0 0 0
1.53 0 0 0 0
1.53667 0 0 0 0
1.54333 0 0 0 0
1.55 0 0 0 0
1.55667 0 0 0 0
1.56333 0 0 0 0
1.57 0 0 0 0
1.57667 0 0 0 0
1.58333 0 0 0 0
1.59 0 0 0 0
1.59667 0 0 0 0
1.60333 0 0 0 0
1.61 0 0 0 0
1.61667 0 0 0 0
1.62333 0 0 0 0
1.63 0 0 0 0
1.63667 0 0 0 0
1.64333 0 0 0 0
1.65 0 0 0 0
1.65667 0 0 0 0
1.66333 0 0 0 0
1.67 0 0 0 0
1.67667 0 0 0 0
1.68333 0 0 0 0
1.69 0 0 0 0
1.69667 0 0 0 0
1.70333 0 0 0 0
1.71 0 0 0 0
1.71667 0 0 0 0
1.72333 0 0 0 0
1.73 0 0 0 0
1.73667 0 0 0 0
1.74333 0 0 0 0
1.75 0 0 0 0
1.75667 0 0 0 0
1.76333 0 0 0 0
1.77 0 0 0 0
1.77667 0 0 0 0
1.78333 0 0 0 0
1.79 0 0 0 0
1.79667 0 0 0 0
1.80333 0 0 0 0
1.81 0 0 0 0
1.81667 0 0 0 0
1.82333 0 0 0 0
1.83 0 0 0 0
1.83667 0 0 0 0
1.84333 0 0 0 0
1.85 0 0 0 0
1.85667 0 0 0 0
1.86333 0 0 0 0
1.87 0 0 0 0
1.87667 0 0 0 0
1.88333 0 0 0 0
1.89 0 0 0 0
1.89667 0 0 0 0
1.90333 0 0 0 0
1.91 0 0 0 0
1.91667 0 0 0 0
1.92333 0 0 0 0
1.93 0 0 0 0
1.93667 0 0 0 0
1.94333 0 0 0 0
1.95 0 0 0 0
1.95667 0 0 0 0
1.96333 0 0 0 0
1.97 0 0 0 0
1.97667 0 0 0 0
1.98333 0 0 0 0
1.99 0 0 0 0
1.99667 0 0 0 0
