0.00333333 16 68 5 9
0.01 16 76 11 5
0.0166667 12 77 14 8
0.0233333 9 86 10 4
0.03 15 73 14 14
0.0366667 21 91 11 10
0.0433333 23 82 22 10
0.05 33 121 20 5
0.0566667 39 140 26 17
0.0633333 37 130 36 14
0.07 42 116 36 15
0.0766667 41 172 33 18
0.0833333 39 162 32 16
0.09 36 152 22 26
0.0966667 36 142 27 18
0.103333 48 168 33 16
0.11 43 182 26 17
0.116667 48 170 28 18
0.123333 49 163 19 18
0.13 39 166 27 32
0.136667 33 170 25 20
0.143333 48 163 20 18
0.15 35 176 22 18
0.156667 43 162 25 29
0.163333 45 163 27 15
0.17 39 136 20 27
0.176667 42 150 22 22
0.183333 41 180 28 32
0.19 52 194 32 34
0.196667 45 210 14 31
0.203333 39 171 16 23
0.21 45 186 19 23
0.216667 41 167 16 14
0.223333 40 158 13 15
0.23 34 148 11 23
0.236667 42 144 13 15
0.243333 33 146 14 18
0.25 41 119 18 13
0.256667 26 119 19 14
0.263333 34 124 14 20
0.27 28 122 14 17
0.276667 35 122 18 15
0.283333 29 120 19 14
0.29 27 106 7 15
0.296667 27 85 16 14
0.303333 26 100 7 16
0.31 22 87 11 10
0.316667 24 95 15 8
0.323333 25 96 9 13
0.33 18 88 10 13
0.336667 31 83 10 15
0.343333 23 82 7 15
0.35 15 101 15 25
0.356667 21 82 16 9
0.363333 19 70 5 13
0.37 23 81 13 18
0.376667 15 83 6 13
0.383333 21 74 8 15
0.39 26 76 3 12
0.396667 23 72 5 12
0.403333 19 86 11 9
0.41 21 81 13 10
0.416667 13 67 13 8
0.423333 17 84 9 12
0.43 22 71 9 11
0.436667 18 72 10 13
0.443333 20 76 6 11
0.45 15 90 9 12
0.456667 18 86 4 9
0.463333 22 74 9 6
0.47 22 77 16 11
0.476667 14 60 11 9
0.483333 16 46 5 7
0.49 14 43 5 7
0.496667 8 38 8 8
0.503333 9 39 9 7
0.51 10 40 5 5
0.516667 12 29 8 3
0.523333 12 32 5 4
0.53 8 40 8 7
0.536667 10 26 4 7
0.543333 10 28 3 4
0.55 9 34 6 6
0.556667 7 36 6 10
0.563333 4 23 8 1
0.57 11 27 8 5
0.576667 10 22 8 6
0.583333 6 21 5 6
0.59 5 22 3 9
0.596667 11 22 8 5
0.603333 7 24 6 3
0.61 11 14 6 3
0.616667 9 27 10 9
0.623333 7 25 6 5
0.63 9 22 5 6
0.636667 10 25 5 4
0.643333 7 24 3 3
0.65 9 22 3 8
0.656667 6 18 6 3
0.663333 820 3317 149 373
0.67 0 0 0 0
0.676667 0 0 0 0
0.683333 0 0 0 0
0.69 0 0 0 0
0.696667 0 0 0 0
0.703333 0 0 0 0
0.71 0 0 0 0
0.716667 0 0 0 0
0.723333 0 0 0 0
0.73 0 0 0 0
0.736667 0 0 0 0
0.743333 0 0 0 0
0.75 0 0 0 0
0.756667 0 0 0 0
0.763333 0 0 0 0
0.77 0 0 0 0
0.776667 0 0 0 0
0.783333 0 0 0 0
0.79 0 0 0 0
0.796667 0 0 0 0
0.803333 0 0 0 0
0.81 0 0 0 0
0.816667 0 0 0 0
0.823333 0 0 0 0
0.83 0 0 0 0
0.836667 0 0 0 0
0.843333 0 0 0 0
0.85 0 0 0 0
0.856667 0 0 0 0
0.863333 0 0 0 0
0.87 0 0 0 0
0.876667 0 0 0 0
0.883333 0 0 0 0
0.89 0 0 0 0
0.896667 0 0 0 0
0.903333 0 0 0 0
0.91 0 0 0 0
0.916667 0 0 0 0
0.923333 0 0 0 0
0.93 0 0 0 0
0.936667 0 0 0 0
0.943333 0 0 0 0
0.95 0 0 0 0
0.956667 0 0 0 0
0.963333 0 0 0 0
0.97 0 0 0 0
0.976667 0 0 0 0
0.983333 0 0 0 0
0.99 0 0 0 0
0.996667 0 0 0 0
1.00333 0 0 0 0
1.01 0 0 0 0
1.01667 0 0 0 0
1.02333 0 0 0 0
1.03 0 0 0 0
1.03667 0 0 0 0
1.04333 0 0 0 0
1.05 0 0 0 0
1.05667 0 0 0 0
1.06333 0 0 0 0
1.07 0 0 0 0
1.07667 0 0 0 0
1.08333 0 0 0 0
1.09 0 0 0 0
1.09667 0 0 0 0
1.10333 0 0 0 0
1.11 0 0 0 0
1.11667 0 0 0 0
1.12333 0 0 0 0
1.13 0 0 0 0
1.13667 0 0 0 0
1.14333 0 0 0 0
1.15 0 0 0 0
1.15667 0 0 0 0
1.16333 0 0 0 0
1.17 0 0 0 0
1.17667 0 0 0 0
1.18333 0 0 0 0
1.19 0 0 0 0
1.19667 0 0 0 0
1.20333 0 0 0 0
1.21 0 0 0 0
1.21667 0 0 0 0
1.22333 0 0 0 0
1.23 0 0 0 0
1.23667 0 0 0 0
1.24333 0 0 0 0
1.25 0 0 0 0
1.25667 0 0 0 0
1.26333 0 0 0 0
1.27 0 0 0 0
1.27667 0 0 0 0
1.28333 0 0 0 0
1.29 0 0 0 0
1.29667 0 0 0 0
1.30333 0 0 0 0
1.31 0 0 0 0
1.31667 0 0 0 0
1.32333 0 0 0 0
1.33 0 0 0 0
1.33667 0 0 0 0
1.34333 0 0 0 0
1.35 0 0 0 0
1.35667 0 0 0 0
1.36333 0 0 0 0
1.37 0 0 0 0
1.37667 0 0 0 0
1.38333 0 0 0 0
1.39 0 0 0 0
1.39667 0 0 0 0
1.40333 0 0 0 0
1.41 0 0 0 0
1.41667 0 0 0 0
1.42333 0 0 0 0
1.43 0 0 0 0
1.43667 0 0 0 0
1.44333 0 0 0 0
1.45 0 0 0 0
1.45667 0 0 0 0
1.46333 0 0 0 0
1.47 0 0 0 0
1.47667 0 0 0 0
1.48333 0 0 0 0
1.49 0 0 0 0
1.49667 0 0 0 0
1.50333 0 0 0 0
1.51 0 0 0 0
1.51667 0 0 0 0
1.52333 0 0 0 0
1.53 0 0 0 0
1.53667 0 0 0 0
1.54333 0 0 0 0
1.55 0 0 0 0
1.55667 0 0 0 0
1.56333 0 0 0 0
1.57 0 0 0 0
1.57667 0 0 0 0
1.58333 0 0 0 0
1.59 0 0 0 0
1.59667 0 0 0 0
1.60333 0 0 0 0
1.61 0 0 0 0
1.61667 0 0 0 0
1.62333 0 0 0 0
1.63 0 0 0 0
1.63667 0 0 0 0
1.64333 0 0 0 0
1.65 0 0 0 0
1.65667 0 0 0 0
1.66333 0 0 0 0
1.67 0 0 0 0
1.67667 0 0 0 0
1.68333 0 0 0 0
1.69 0 0 0 0
1.69667 0 0 0 0
1.70333 0 0 0 0
1.71 0 0 0 0
1.71667 0 0 0 0
1.72333 0 0 0 0
1.73 0 0 0 0
1.73667 0 0 0 0
1.74333 0 0 0 0
1.75 0 0 0 0
1.75667 0 0 0 0
1.76333 0 0 0 0
1.77 0 0 0 0
1.77667 0 0 0 0
1.78333 0 0 0 0
1.79 0 0 0 0
1.79667 0 0 0 0
1.80333 0 0 0 0
1.81 0 0 0 0
1.81667 0 0 0 0
1.82333 0 0 0 0
1.83 0 0 0 0
1.83667 0 0 0 0
1.84333 0 0 0 0
1.85 0 0 0 0
1.85667 0 0 0 0
1.86333 0 0 0 0
1.87 0 0 0 0
1.87667 0 0 0 0
1.88333 0 0 0 0
1.89 0 0 0 0
1.89667 0 0 0 0
1.90333 0 0 0 0
1.91 0 0 0 0
1.91667 0 0 0 0
1.92333 0 0 0 0
1.93 0 0 0 0
1.93667 0 0 0 0
1.94333 0 0 0 0
1.95 0 0 0 0
1.95667 0 0 0 0
1.96333 0 0 0 0
1.97 0 0 0 0
1.97667 0 0 0 0
1.98333 0 0 0 0
1.99 0 0 0 0
1.99667 0 0 0 0
