0.00333333 24 87 7 4
0.01 19 105 5 3
0.0166667 38 124 11 1
0.0233333 28 112 11 1
0.03 27 153 15 5
0.0366667 46 166 11 2
0.0433333 44 217 17 3
0.05 71 236 32 7
0.0566667 92 257 38 5
0.0633333 97 323 33 8
0.07 109 317 33 7
0.0766667 77 361 32 5
0.0833333 102 331 30 9
0.09 98 365 33 8
0.0966667 96 368 28 12
0.103333 99 382 31 10
0.11 88 348 34 10
0.116667 116 347 23 8
0.123333 85 354 35 6
0.13 84 377 23 12
0.136667 70 365 23 11
0.143333 71 332 27 7
0.15 92 349 28 13
0.156667 87 333 23 5
0.163333 67 301 22 12
0.17 69 282 22 6
0.176667 76 327 28 7
0.183333 69 354 24 8
0.19 62 357 25 8
0.196667 63 343 14 6
0.203333 70 332 21 6
0.21 80 331 20 5
0.216667 58 329 22 9
0.223333 61 302 13 12
0.23 43 261 17 9
0.236667 47 268 19 7
0.243333 47 267 14 4
0.25 59 247 12 5
0.256667 40 232 15 3
0.263333 53 207 17 6
0.27 52 218 16 6
0.276667 54 209 10 2
0.283333 33 167 12 7
0.29 31 198 12 4
0.296667 43 179 8 5
0.303333 33 167 15 8
0.31 42 165 11 4
0.316667 43 151 7 7
0.323333 37 146 13 5
0.33 36 149 10 4
0.336667 28 139 8 4
0.343333 26 140 14 2
0.35 42 127 13 4
0.356667 24 133 8 1
0.363333 34 131 12 3
0.37 33 122 9 3
0.376667 30 114 10 4
0.383333 32 123 9 1
0.39 25 122 11 3
0.396667 32 114 4 2
0.403333 34 100 6 4
0.41 31 112 4 2
0.416667 19 109 11 8
0.423333 33 126 12 4
0.43 21 134 10 3
0.436667 29 131 4 4
0.443333 22 119 8 4
0.45 40 133 8 1
0.456667 24 113 7 7
0.463333 20 102 9 2
0.47 25 106 12 1
0.476667 22 112 8 3
0.483333 16 77 10 1
0.49 14 63 7 6
0.496667 22 51 7 3
0.503333 20 57 7 5
0.51 16 68 10 2
0.516667 16 51 5 3
0.523333 17 54 5 0
0.53 15 50 2 0
0.536667 19 53 5 3
0.543333 13 64 7 0
0.55 9 49 4 5
0.556667 14 50 7 2
0.563333 18 47 6 2
0.57 10 59 6 1
0.576667 17 52 7 3
0.583333 16 60 3 0
0.59 14 49 3 3
0.596667 14 40 5 3
0.603333 10 39 6 2
0.61 9 51 1 4
0.616667 21 41 2 5
0.623333 11 39 6 1
0.63 11 44 3 0
0.636667 21 58 4 4
0.643333 11 36 2 1
0.65 11 36 6 2
0.656667 7 38 6 2
0.663333 662 4523 133 59
0.67 0 0 0 0
0.676667 0 0 0 0
0.683333 0 0 0 0
0.69 0 0 0 0
0.696667 0 0 0 0
0.703333 0 0 0 0
0.71 0 0 0 0
0.716667 0 0 0 0
0.723333 0 0 0 0
0.73 0 0 0 0
0.736667 0 0 0 0
0.743333 0 0 0 0
0.75 0 0 0 0
0.756667 0 0 0 0
0.763333 0 0 0 0
0.77 0 0 0 0
0.776667 0 0 0 0
0.783333 0 0 0 0
0.79 0 0 0 0
0.796667 0 0 0 0
0.803333 0 0 0 0
0.81 0 0 0 0
0.816667 0 0 0 0
0.823333 0 0 0 0
0.83 0 0 0 0
0.836667 0 0 0 0
0.843333 0 0 0 0
0.85 0 0 0 0
0.856667 0 0 0 0
0.863333 0 0 0 0
0.87 0 0 0 0
0.876667 0 0 0 0
0.883333 0 0 0 0
0.89 0 0 0 0
0.896667 0 0 0 0
0.903333 0 0 0 0
0.91 0 0 0 0
0.916667 0 0 0 0
0.923333 0 0 0 0
0.93 0 0 0 0
0.936667 0 0 0 0
0.943333 0 0 0 0
0.95 0 0 0 0
0.956667 0 0 0 0
0.963333 0 0 0 0
0.97 0 0 0 0
0.976667 0 0 0 0
0.983333 0 0 0 0
0.99 0 0 0 0
0.996667 0 0 0 0
1.00333 0 0 0 0
1.01 0 0 0 0
1.01667 0 0 0 0
1.02333 0 0 0 0
1.03 0 0 0 0
1.03667 0 0 0 0
1.04333 0 0 0 0
1.05 0 0 0 0
1.05667 0 0 0 0
1.06333 0 0 0 0
1.07 0 0 0 0
1.07667 0 0 0 0
1.08333 0 0 0 0
1.09 0 0 0 0
1.09667 0 0 0 0
1.10333 0 0 0 0
1.11 0 0 0 0
1.11667 0 0 0 0
1.12333 0 0 0 0
1.13 0 0 0 0
1.13667 0 0 0 0
1.14333 0 0 0 0
1.15 0 0 0 0
1.15667 0 0 0 0
1.16333 0 0 0 0
1.17 0 0 0 0
1.17667 0 0 0 0
1.18333 0 0 0 0
1.19 0 0 0 0
1.19667 0 0 0 0
1.20333 0 0 0 0
1.21 0 0 0 0
1.21667 0 0 0 0
1.22333 0 0 0 0
1.23 0 0 0 0
1.23667 0 0 0 0
1.24333 0 0 0 0
1.25 0 0 0 0
1.25667 0 0 0 0
1.26333 0 0 0 0
1.27 0 0 0 0
1.27667 0 0 0 0
1.28333 0 0 0 0
1.29 0 0 0 0
1.29667 0 0 0 0
1.30333 0 0 0 0
1.31 0 0 0 0
1.31667 0 0 0 0
1.32333 0 0 0 0
1.33 0 0 0 0
1.33667 0 0 0 0
1.34333 0 0 0 0
1.35 0 0 0 0
1.35667 0 0 0 0
1.36333 0 0 0 0
1.37 0 0 0 0
1.37667 0 0 0 0
1.38333 0 0 0 0
1.39 0 0 0 0
1.39667 0 0 0 0
1.40333 0 0 0 0
1.41 0 0 0 0
1.41667 0 0 0 0
1.42333 0 0 0 0
1.43 0 0 0 0
1.43667 0 0 0 0
1.44333 0 0 0 0
1.45 0 0 0 0
1.45667 0 0 0 0
1.46333 0 0 0 0
1.47 0 0 0 0
1.47667 0 0 0 0
1.48333 0 0 0 0
1.49 0 0 0 0
1.49667 0 0 0 0
1.50333 0 0 0 0
1.51 0 0 0 0
1.51667 0 0 0 0
1.52333 0 0 0 0
1.53 0 0 0 0
1.53667 0 0 0 0
1.54333 0 0 0 0
1.55 0 0 0 0
1.55667 0 0 0 0
1.56333 0 0 0 0
1.57 0 0 0 0
1.57667 0 0 0 0
1.58333 0 0 0 0
1.59 0 0 0 0
1.59667 0 0 0 0
1.60333 0 0 0 0
1.61 0 0 0 0
1.61667 0 0 0 0
1.62333 0 0 0 0
1.63 0 0 0 0
1.63667 0 0 0 0
1.64333 0 0 0 0
1.65 0 0 0 0
1.65667 0 0 0 0
1.66333 0 0 0 0
1.67 0 0 0 0
1.67667 0 0 0 0
1.68333 0 0 0 0
1.69 0 0 0 0
1.69667 0 0 0 0
1.70333 0 0 0 0
1.71 0 0 0 0
1.71667 0 0 0 0
1.72333 0 0 0 0
1.73 0 0 0 0
1.73667 0 0 0 0
1.74333 0 0 0 0
1.75 0 0 0 0
1.75667 0 0 0 0
1.76333 0 0 0 0
1.77 0 0 0 0
1.77667 0 0 0 0
1.78333 0 0 0 0
1.79 0 0 0 0
1.79667 0 0 0 0
1.80333 0 0 0 0
1.81 0 0 0 0
1.81667 0 0 0 0
1.82333 0 0 0 0
1.83 0 0 0 0
1.83667 0 0 0 0
1.84333 0 0 0 0
1.85 0 0 0 0
1.85667 0 0 0 0
1.86333 0 0 0 0
1.87 0 0 0 0
1.87667 0 0 0 0
1.88333 0 0 0 0
1.89 0 0 0 0
1.89667 0 0 0 0
1.90333 0 0 0 0
1.91 0 0 0 0
1.91667 0 0 0 0
1.92333 0 0 0 0
1.93 0 0 0 0
1.93667 0 0 0 0
1.94333 0 0 0 0
1.95 0 0 0 0
1.95667 0 0 0 0
1.96333 0 0 0 0
1.97 0 0 0 0
1.97667 0 0 0 0
1.98333 0 0 0 0
1.99 0 0 0 0
1.99667 0 0 0 0
