0.00333333 17 23 9 6
0.01 26 27 9 15
0.0166667 23 33 5 15
0.0233333 29 32 11 15
0.03 22 35 8 7
0.0366667 27 56 10 18
0.0433333 30 65 10 11
0.05 40 66 21 22
0.0566667 40 81 26 20
0.0633333 32 84 28 21
0.07 50 85 31 30
0.0766667 50 87 18 20
0.0833333 56 93 21 22
0.09 60 93 24 21
0.0966667 40 81 23 18
0.103333 50 94 24 31
0.11 56 96 25 17
0.116667 64 107 29 21
0.123333 53 89 22 24
0.13 55 96 27 19
0.136667 60 81 13 30
0.143333 60 87 17 22
0.15 54 92 11 22
0.156667 44 80 19 22
0.163333 45 67 16 16
0.17 51 74 14 21
0.176667 50 75 17 24
0.183333 71 72 15 27
0.19 82 67 15 45
0.196667 64 85 17 33
0.203333 59 59 18 20
0.21 52 74 6 23
0.216667 55 69 14 26
0.223333 51 64 10 23
0.23 46 67 10 19
0.236667 45 52 12 17
0.243333 44 57 7 13
0.25 49 56 17 20
0.256667 37 55 11 20
0.263333 44 79 15 16
0.27 47 53 8 14
0.276667 37 56 13 9
0.283333 41 45 8 14
0.29 38 48 11 19
0.296667 38 51 12 14
0.303333 40 62 3 14
0.31 42 49 11 14
0.316667 47 63 13 11
0.323333 30 47 12 14
0.33 43 48 13 13
0.336667 33 33 7 12
0.343333 26 46 7 15
0.35 29 41 8 13
0.356667 25 41 7 19
0.363333 36 51 10 14
0.37 33 48 6 14
0.376667 31 38 9 14
0.383333 28 34 5 16
0.39 20 41 8 17
0.396667 35 53 16 14
0.403333 35 45 12 14
0.41 34 25 14 6
0.416667 37 32 7 15
0.423333 31 48 6 20
0.43 30 38 9 17
0.436667 32 36 7 13
0.443333 34 29 5 24
0.45 28 33 9 16
0.456667 38 28 13 22
0.463333 40 36 10 19
0.47 35 35 8 15
0.476667 20 21 3 10
0.483333 22 19 5 5
0.49 13 20 5 9
0.496667 17 14 6 8
0.503333 6 23 5 14
0.51 15 13 4 8
0.516667 11 17 6 5
0.523333 15 29 4 7
0.53 13 17 1 2
0.536667 8 21 4 6
0.543333 10 22 7 6
0.55 8 23 7 7
0.556667 9 26 4 6
0.563333 6 18 3 7
0.57 15 28 6 11
0.576667 5 19 1 5
0.583333 10 20 6 5
0.59 5 23 4 6
0.596667 6 21 4 8
0.603333 5 21 4 3
0.61 6 23 7 8
0.616667 1 15 7 2
0.623333 6 23 0 5
0.63 3 16 2 5
0.636667 5 18 3 4
0.643333 2 24 6 3
0.65 4 27 3 2
0.656667 4 18 3 2
0.663333 1614 1011 105 786
0.67 0 0 0 0
0.676667 0 0 0 0
0.683333 0 0 0 0
0.69 0 0 0 0
0.696667 0 0 0 0
0.703333 0 0 0 0
0.71 0 0 0 0
0.716667 0 0 0 0
0.723333 0 0 0 0
0.73 0 0 0 0
0.736667 0 0 0 0
0.743333 0 0 0 0
0.75 0 0 0 0
0.756667 0 0 0 0
0.763333 0 0 0 0
0.77 0 0 0 0
0.776667 0 0 0 0
0.783333 0 0 0 0
0.79 0 0 0 0
0.796667 0 0 0 0
0.803333 0 0 0 0
0.81 0 0 0 0
0.816667 0 0 0 0
0.823333 0 0 0 0
0.83 0 0 0 0
0.836667 0 0 0 0
0.843333 0 0 0 0
0.85 0 0 0 0
0.856667 0 0 0 0
0.863333 0 0 0 0
0.87 0 0 0 0
0.876667 0 0 0 0
0.883333 0 0 0 0
0.89 0 0 0 0
0.896667 0 0 0 0
0.903333 0 0 0 0
0.91 0 0 0 0
0.916667 0 0 0 0
0.923333 0 0 0 0
0.93 0 0 0 0
0.936667 0 0 0 0
0.943333 0 0 0 0
0.95 0 0 0 0
0.956667 0 0 0 0
0.963333 0 0 0 0
0.97 0 0 0 0
0.976667 0 0 0 0
0.983333 0 0 0 0
0.99 0 0 0 0
0.996667 0 0 0 0
1.00333 0 0 0 0
1.01 0 0 0 0
1.01667 0 0 0 0
1.02333 0 0 0 0
1.03 0 0 0 0
1.03667 0 0 0 0
1.04333 0 0 0 0
1.05 0 0 0 0
1.05667 0 0 0 0
1.06333 0 0 0 0
1.07 0 0 0 0
1.07667 0 0 0 0
1.08333 0 0 0 0
1.09 0 0 0 0
1.09667 0 0 0 0
1.10333 0 0 0 0
1.11 0 0 0 0
1.11667 0 0 0 0
1.12333 0 0 0 0
1.13 0 0 0 0
1.13667 0 0 0 0
1.14333 0 0 0 0
1.15 0 0 0 0
1.15667 0 0 0 0
1.16333 0 0 0 0
1.17 0 0 0 0
1.17667 0 0 0 0
1.18333 0 0 0 0
1.19 0 0 0 0
1.19667 0 0 0 0
1.20333 0 0 0 0
1.21 0 0 0 0
1.21667 0 0 0 0
1.22333 0 0 0 0
1.23 0 0 0 0
1.23667 0 0 0 0
1.24333 0 0 0 0
1.25 0 0 0 0
1.25667 0 0 0 0
1.26333 0 0 0 0
1.27 0 0 0 0
1.27667 0 0 0 0
1.28333 0 0 0 0
1.29 0 0 0 0
1.29667 0 0 0 0
1.30333 0 0 0 0
1.31 0 0 0 0
1.31667 0 0 0 0
1.32333 0 0 0 0
1.33 0 0 0 0
1.33667 0 0 0 0
1.34333 0 0 0 0
1.35 0 0 0 0
1.35667 0 0 0 0
1.36333 0 0 0 0
1.37 0 0 0 0
1.37667 0 0 0 0
1.38333 0 0 0 0
1.39 0 0 0 0
1.39667 0 0 0 0
1.40333 0 0 0 0
1.41 0 0 0 0
1.41667 0 0 0 0
1.42333 0 0 0 0
1.43 0 0 0 0
1.43667 0 0 0 0
1.44333 0 0 0 0
1.45 0 0 0 0
1.45667 0 0 0 0
1.46333 0 0 0 0
1.47 0 0 0 0
1.47667 0 0 0 0
1.48333 0 0 0 0
1.49 0 0 0 0
1.49667 0 0 0 0
1.50333 0 0 0 0
1.51 0 0 0 0
1.51667 0 0 0 0
1.52333 0 0 0 0
1.53 0 0 0 0
1.53667 0 0 0 0
1.54333 0 0 0 0
1.55 0 0 0 0
1.55667 0 0 0 0
1.56333 0 0 0 0
1.57 0 0 0 0
1.57667 0 0 0 0
1.58333 0 0 0 0
1.59 0 0 0 0
1.59667 0 0 0 0
1.60333 0 0 0 0
1.61 0 0 0 0
1.61667 0 0 0 0
1.62333 0 0 0 0
1.63 0 0 0 0
1.63667 0 0 0 0
1.64333 0 0 0 0
1.65 0 0 0 0
1.65667 0 0 0 0
1.66333 0 0 0 0
1.67 0 0 0 0
1.67667 0 0 0 0
1.68333 0 0 0 0
1.69 0 0 0 0
1.69667 0 0 0 0
1.70333 0 0 0 0
1.71 0 0 0 0
1.71667 0 0 0 0
1.72333 0 0 0 0
1.73 0 0 0 0
1.73667 0 0 0 0
1.74333 0 0 0 0
1.75 0 0 0 0
1.75667 0 0 0 0
1.76333 0 0 0 0
1.77 0 0 0 0
1.77667 0 0 0 0
1.78333 0 0 0 0
1.79 0 0 0 0
1.79667 0 0 0 0
1.80333 0 0 0 0
1.81 0 0 0 0
1.81667 0 0 0 0
1.82333 0 0 0 0
1.83 0 0 0 0
1.83667 0 0 0 0
1.84333 0 0 0 0
1.85 0 0 0 0
1.85667 0 0 0 0
1.86333 0 0 0 0
1.87 0 0 0 0
1.87667 0 0 0 0
1.88333 0 0 0 0
1.89 0 0 0 0
1.89667 0 0 0 0
1.90333 0 0 0 0
1.91 0 0 0 0
1.91667 0 0 0 0
1.92333 0 0 0 0
1.93 0 0 0 0
1.93667 0 0 0 0
1.94333 0 0 0 0
1.95 0 0 0 0
1.95667 0 0 0 0
1.96333 0 0 0 0
1.97 0 0 0 0
1.97667 0 0 0 0
1.98333 0 0 0 0
1.99 0 0 0 0
1.99667 0 0 0 0
