0.00333333 15 262 6 1
0.01 21 286 7 2
0.0166667 14 264 1 2
0.0233333 19 288 6 3
0.03 26 287 7 1
0.0366667 15 303 6 3
0.0433333 31 309 23 2
0.05 33 323 11 6
0.0566667 46 356 17 3
0.0633333 52 383 13 4
0.07 33 415 16 2
0.0766667 42 415 11 7
0.0833333 64 423 24 8
0.09 55 441 6 1
0.0966667 53 424 13 4
0.103333 52 417 16 3
0.11 61 419 15 3
0.116667 55 401 24 5
0.123333 52 443 16 6
0.13 37 518 18 7
0.136667 61 551 13 5
0.143333 34 511 19 5
0.15 45 529 8 4
0.156667 41 542 14 1
0.163333 41 498 14 3
0.17 32 524 23 4
0.176667 33 550 14 3
0.183333 27 762 8 1
0.19 37 1107 15 7
0.196667 39 1027 13 5
0.203333 54 948 11 3
0.21 48 810 12 6
0.216667 47 675 21 0
0.223333 30 566 14 3
0.23 33 516 14 2
0.236667 29 469 20 1
0.243333 28 425 11 2
0.25 32 386 13 3
0.256667 46 395 7 5
0.263333 35 335 15 2
0.27 40 296 8 5
0.276667 31 327 9 3
0.283333 27 297 13 2
0.29 27 306 6 1
0.296667 20 271 5 3
0.303333 30 283 13 2
0.31 30 265 6 2
0.316667 35 254 10 1
0.323333 21 276 10 0
0.33 29 245 6 3
0.336667 20 269 4 4
0.343333 37 256 9 0
0.35 18 298 15 3
0.356667 34 262 8 1
0.363333 21 238 11 1
0.37 19 235 5 1
0.376667 26 228 9 0
0.383333 19 218 11 2
0.39 17 242 6 1
0.396667 21 234 10 1
0.403333 16 250 11 2
0.41 9 249 5 1
0.416667 17 267 3 1
0.423333 22 257 5 2
0.43 14 277 15 1
0.436667 17 264 6 0
0.443333 22 305 4 0
0.45 20 317 8 0
0.456667 25 277 9 3
0.463333 21 318 9 1
0.47 13 321 5 1
0.476667 10 284 6 1
0.483333 10 112 3 2
0.49 22 101 4 0
0.496667 13 77 13 1
0.503333 14 82 7 3
0.51 4 81 4 2
0.516667 16 67 3 0
0.523333 15 58 4 0
0.53 9 65 5 1
0.536667 10 54 3 1
0.543333 10 41 2 1
0.55 7 47 4 2
0.556667 9 56 5 0
0.563333 13 46 5 1
0.57 6 44 0 1
0.576667 12 56 7 0
0.583333 11 49 7 1
0.59 4 37 2 3
0.596667 7 37 4 0
0.603333 10 42 2 0
0.61 11 30 2 2
0.616667 15 33 3 0
0.623333 13 33 4 0
0.63 21 43 3 0
0.636667 8 70 8 0
0.643333 13 19 2 1
0.65 10 28 3 3
0.656667 7 22 9 3
0.663333 514 20036 126 25
0.67 0 0 0 0
0.676667 0 0 0 0
0.683333 0 0 0 0
0.69 0 0 0 0
0.696667 0 0 0 0
0.703333 0 0 0 0
0.71 0 0 0 0
0.716667 0 0 0 0
0.723333 0 0 0 0
0.73 0 0 0 0
0.736667 0 0 0 0
0.743333 0 0 0 0
0.75 0 0 0 0
0.756667 0 0 0 0
0.763333 0 0 0 0
0.77 0 0 0 0
0.776667 0 0 0 0
0.783333 0 0 0 0
0.79 0 0 0 0
0.796667 0 0 0 0
0.803333 0 0 0 0
0.81 0 0 0 0
0.816667 0 0 0 0
0.823333 0 0 0 0
0.83 0 0 0 0
0.836667 0 0 0 0
0.843333 0 0 0 0
0.85 0 0 0 0
0.856667 0 0 0 0
0.863333 0 0 0 0
0.87 0 0 0 0
0.876667 0 0 0 0
0.883333 0 0 0 0
0.89 0 0 0 0
0.896667 0 0 0 0
0.903333 0 0 0 0
0.91 0 0 0 0
0.916667 0 0 0 0
0.923333 0 0 0 0
0.93 0 0 0 0
0.936667 0 0 0 0
0.943333 0 0 0 0
0.95 0 0 0 0
0.956667 0 0 0 0
0.963333 0 0 0 0
0.97 0 0 0 0
0.976667 0 0 0 0
0.983333 0 0 0 0
0.99 0 0 0 0
0.996667 0 0 0 0
1.00333 0 0 0 0
1.01 0 0 0 0
1.01667 0 0 0 0
1.02333 0 0 0 0
1.03 0 0 0 0
1.03667 0 0 0 0
1.04333 0 0 0 0
1.05 0 0 0 0
1.05667 0 0 0 0
1.06333 0 0 0 0
1.07 0 0 0 0
1.07667 0 0 0 0
1.08333 0 0 0 0
1.09 0 0 0 0
1.09667 0 0 0 0
1.10333 0 0 0 0
1.11 0 0 0 0
1.11667 0 0 0 0
1.12333 0 0 0 0
1.13 0 0 0 0
1.13667 0 0 0 0
1.14333 0 0 0 0
1.15 0 0 0 0
1.15667 0 0 0 0
1.16333 0 0 0 0
1.17 0 0 0 0
1.17667 0 0 0 0
1.18333 0 0 0 0
1.19 0 0 0 0
1.19667 0 0 0 0
1.20333 0 0 0 0
1.21 0 0 0 0
1.21667 0 0 0 0
1.22333 0 0 0 0
1.23 0 0 0 0
1.23667 0 0 0 0
1.24333 0 0 0 0
1.25 0 0 0 0
1.25667 0 0 0 0
1.26333 0 0 0 0
1.27 0 0 0 0
1.27667 0 0 0 0
1.28333 0 0 0 0
1.29 0 0 0 0
1.29667 0 0 0 0
1.30333 0 0 0 0
1.31 0 0 0 0
1.31667 0 0 0 0
1.32333 0 0 0 0
1.33 0 0 0 0
1.33667 0 0 0 0
1.34333 0 0 0 0
1.35 0 0 0 0
1.35667 0 0 0 0
1.36333 0 0 0 0
1.37 0 0 0 0
1.37667 0 0 0 0
1.38333 0 0 0 0
1.39 0 0 0 0
1.39667 0 0 0 0
1.40333 0 0 0 0
1.41 0 0 0 0
1.41667 0 0 0 0
1.42333 0 0 0 0
1.43 0 0 0 0
1.43667 0 0 0 0
1.44333 0 0 0 0
1.45 0 0 0 0
1.45667 0 0 0 0
1.46333 0 0 0 0
1.47 0 0 0 0
1.47667 0 0 0 0
1.48333 0 0 0 0
1.49 0 0 0 0
1.49667 0 0 0 0
1.50333 0 0 0 0
1.51 0 0 0 0
1.51667 0 0 0 0
1.52333 0 0 0 0
1.53 0 0 0 0
1.53667 0 0 0 0
1.54333 0 0 0 0
1.55 0 0 0 0
1.55667 0 0 0 0
1.56333 0 0 0 0
1.57 0 0 0 0
1.57667 0 0 0 0
1.58333 0 0 0 0
1.59 0 0 0 0
1.59667 0 0 0 0
1.60333 0 0 0 0
1.61 0 0 0 0
1.61667 0 0 0 0
1.62333 0 0 0 0
1.63 0 0 0 0
1.63667 0 0 0 0
1.64333 0 0 0 0
1.65 0 0 0 0
1.65667 0 0 0 0
1.66333 0 0 0 0
1.67 0 0 0 0
1.67667 0 0 0 0
1.68333 0 0 0 0
1.69 0 0 0 0
1.69667 0 0 0 0
1.70333 0 0 0 0
1.71 0 0 0 0
1.71667 0 0 0 0
1.72333 0 0 0 0
1.73 0 0 0 0
1.73667 0 0 0 0
1.74333 0 0 0 0
1.75 0 0 0 0
1.75667 0 0 0 0
1.76333 0 0 0 0
1.77 0 0 0 0
1.77667 0 0 0 0
1.78333 0 0 0 0
1.79 0 0 0 0
1.79667 0 0 0 0
1.80333 0 0 0 0
1.81 0 0 0 0
1.81667 0 0 0 0
1.82333 0 0 0 0
1.83 0 0 0 0
1.83667 0 0 0 0
1.84333 0 0 0 0
1.85 0 0 0 0
1.85667 0 0 0 0
1.86333 0 0 0 0
1.87 0 0 0 0
1.87667 0 0 0 0
1.88333 0 0 0 0
1.89 0 0 0 0
1.89667 0 0 0 0
1.90333 0 0 0 0
1.91 0 0 0 0
1.91667 0 0 0 0
1.92333 0 0 0 0
1.93 0 0 0 0
1.93667 0 0 0 0
1.94333 0 0 0 0
1.95 0 0 0 0
1.95667 0 0 0 0
1.96333 0 0 0 0
1.97 0 0 0 0
1.97667 0 0 0 0
1.98333 0 0 0 0
1.99 0 0 0 0
1.99667 0 0 0 0
