0.00333333 2 8 35 22
0.01 1 15 47 32
0.0166667 0 15 60 51
0.0233333 3 10 41 26
0.03 4 14 52 37
0.0366667 3 13 77 61
0.0433333 3 15 97 66
0.05 4 33 127 60
0.0566667 6 36 134 102
0.0633333 13 34 172 92
0.07 11 31 175 95
0.0766667 6 27 188 110
0.0833333 8 30 188 122
0.09 6 35 172 125
0.0966667 7 27 150 114
0.103333 4 29 185 101
0.11 7 41 167 124
0.116667 8 35 161 105
0.123333 7 24 154 118
0.13 10 32 150 101
0.136667 6 32 170 103
0.143333 6 32 133 102
0.15 7 27 130 102
0.156667 8 30 129 88
0.163333 7 29 127 99
0.17 8 37 130 85
0.176667 5 15 116 103
0.183333 6 29 109 91
0.19 3 36 117 86
0.196667 4 35 100 93
0.203333 10 20 120 90
0.21 7 21 101 94
0.216667 6 29 96 75
0.223333 2 30 102 76
0.23 2 24 98 72
0.236667 4 20 92 66
0.243333 4 22 85 69
0.25 5 17 79 76
0.256667 2 16 90 64
0.263333 3 25 82 72
0.27 6 12 57 63
0.276667 3 13 85 68
0.283333 3 23 102 57
0.29 2 14 73 42
0.296667 2 20 70 47
0.303333 2 7 64 46
0.31 5 19 70 55
0.316667 5 20 60 53
0.323333 1 20 81 46
0.33 4 13 57 48
0.336667 2 19 67 49
0.343333 5 12 59 46
0.35 3 8 59 45
0.356667 3 13 47 52
0.363333 8 23 62 41
0.37 4 10 60 44
0.376667 3 14 54 40
0.383333 0 25 56 43
0.39 1 18 59 40
0.396667 2 9 41 47
0.403333 6 16 45 39
0.41 5 12 48 32
0.416667 2 19 50 45
0.423333 3 11 51 32
0.43 2 17 56 41
0.436667 1 12 43 40
0.443333 2 18 43 37
0.45 4 11 42 34
0.456667 1 12 43 41
0.463333 6 14 59 43
0.47 4 9 51 33
0.476667 2 18 36 30
0.483333 0 13 27 31
0.49 0 10 41 32
0.496667 5 15 30 30
0.503333 1 13 26 26
0.51 2 8 18 30
0.516667 3 12 40 18
0.523333 0 9 30 16
0.53 1 7 29 18
0.536667 3 3 33 21
0.543333 1 4 23 18
0.55 3 7 29 13
0.556667 1 5 27 17
0.563333 0 10 15 16
0.57 2 6 20 15
0.576667 1 7 18 21
0.583333 1 10 24 27
0.59 3 6 21 20
0.596667 0 9 26 13
0.603333 2 10 25 15
0.61 1 7 21 17
0.616667 0 3 27 17
0.623333 3 7 22 14
0.63 1 3 28 22
0.636667 3 7 29 15
0.643333 1 9 14 19
0.65 4 3 17 19
0.656667 1 6 25 15
0.663333 47 340 1099 900
0.67 0 0 0 0
0.676667 0 0 0 0
0.683333 0 0 0 0
0.69 0 0 0 0
0.696667 0 0 0 0
0.703333 0 0 0 0
0.71 0 0 0 0
0.716667 0 0 0 0
0.723333 0 0 0 0
0.73 0 0 0 0
0.736667 0 0 0 0
0.743333 0 0 0 0
0.75 0 0 0 0
0.756667 0 0 0 0
0.763333 0 0 0 0
0.77 0 0 0 0
0.776667 0 0 0 0
0.783333 0 0 0 0
0.79 0 0 0 0
0.796667 0 0 0 0
0.803333 0 0 0 0
0.81 0 0 0 0
0.816667 0 0 0 0
0.823333 0 0 0 0
0.83 0 0 0 0
0.836667 0 0 0 0
0.843333 0 0 0 0
0.85 0 0 0 0
0.856667 0 0 0 0
0.863333 0 0 0 0
0.87 0 0 0 0
0.876667 0 0 0 0
0.883333 0 0 0 0
0.89 0 0 0 0
0.896667 0 0 0 0
0.903333 0 0 0 0
0.91 0 0 0 0
0.916667 0 0 0 0
0.923333 0 0 0 0
0.93 0 0 0 0
0.936667 0 0 0 0
0.943333 0 0 0 0
0.95 0 0 0 0
0.956667 0 0 0 0
0.963333 0 0 0 0
0.97 0 0 0 0
0.976667 0 0 0 0
0.983333 0 0 0 0
0.99 0 0 0 0
0.996667 0 0 0 0
1.00333 0 0 0 0
1.01 0 0 0 0
1.01667 0 0 0 0
1.02333 0 0 0 0
1.03 0 0 0 0
1.03667 0 0 0 0
1.04333 0 0 0 0
1.05 0 0 0 0
1.05667 0 0 0 0
1.06333 0 0 0 0
1.07 0 0 0 0
1.07667 0 0 0 0
1.08333 0 0 0 0
1.09 0 0 0 0
1.09667 0 0 0 0
1.10333 0 0 0 0
1.11 0 0 0 0
1.11667 0 0 0 0
1.12333 0 0 0 0
1.13 0 0 0 0
1.13667 0 0 0 0
1.14333 0 0 0 0
1.15 0 0 0 0
1.15667 0 0 0 0
1.16333 0 0 0 0
1.17 0 0 0 0
1.17667 0 0 0 0
1.18333 0 0 0 0
1.19 0 0 0 0
1.19667 0 0 0 0
1.20333 0 0 0 0
1.21 0 0 0 0
1.21667 0 0 0 0
1.22333 0 0 0 0
1.23 0 0 0 0
1.23667 0 0 0 0
1.24333 0 0 0 0
1.25 0 0 0 0
1.25667 0 0 0 0
1.26333 0 0 0 0
1.27 0 0 0 0
1.27667 0 0 0 0
1.28333 0 0 0 0
1.29 0 0 0 0
1.29667 0 0 0 0
1.30333 0 0 0 0
1.31 0 0 0 0
1.31667 0 0 0 0
1.32333 0 0 0 0
1.33 0 0 0 0
1.33667 0 0 0 0
1.34333 0 0 0 0
1.35 0 0 0 0
1.35667 0 0 0 0
1.36333 0 0 0 0
1.37 0 0 0 0
1.37667 0 0 0 0
1.38333 0 0 0 0
1.39 0 0 0 0
1.39667 0 0 0 0
1.40333 0 0 0 0
1.41 0 0 0 0
1.41667 0 0 0 0
1.42333 0 0 0 0
1.43 0 0 0 0
1.43667 0 0 0 0
1.44333 0 0 0 0
1.45 0 0 0 0
1.45667 0 0 0 0
1.46333 0 0 0 0
1.47 0 0 0 0
1.47667 0 0 0 0
1.48333 0 0 0 0
1.49 0 0 0 0
1.49667 0 0 0 0
1.50333 0 0 0 0
1.51 0 0 0 0
1.51667 0 0 0 0
1.52333 0 0 0 0
1.53 0 0 0 0
1.53667 0 0 0 0
1.54333 0 0 0 0
1.55 0 0 0 0
1.55667 0 0 0 0
1.56333 0 0 0 0
1.57 0 0 0 0
1.57667 0 0 0 0
1.58333 0 0 0 0
1.59 0 0 0 0
1.59667 0 0 0 0
1.60333 0 0 0 0
1.61 0 0 0 0
1.61667 0 0 0 0
1.62333 0 0 0 0
1.63 0 0 0 0
1.63667 0 0 0 0
1.64333 0 0 0 0
1.65 0 0 0 0
1.65667 0 0 0 0
1.66333 0 0 0 0
1.67 0 0 0 0
1.67667 0 0 0 0
1.68333 0 0 0 0
1.69 0 0 0 0
1.69667 0 0 0 0
1.70333 0 0 0 0
1.71 0 0 0 0
1.71667 0 0 0 0
1.72333 0 0 0 0
1.73 0 0 0 0
1.73667 0 0 0 0
1.74333 0 0 0 0
1.75 0 0 0 0
1.75667 0 0 0 0
1.76333 0 0 0 0
1.77 0 0 0 0
1.77667 0 0 0 0
1.78333 0 0 0 0
1.79 0 0 0 0
1.79667 0 0 0 0
1.80333 0 0 0 0
1.81 0 0 0 0
1.81667 0 0 0 0
1.82333 0 0 0 0
1.83 0 0 0 0
1.83667 0 0 0 0
1.84333 0 0 0 0
1.85 0 0 0 0
1.85667 0 0 0 0
1.86333 0 0 0 0
1.87 0 0 0 0
1.87667 0 0 0 0
1.88333 0 0 0 0
1.89 0 0 0 0
1.89667 0 0 0 0
1.90333 0 0 0 0
1.91 0 0 0 0
1.91667 0 0 0 0
1.92333 0 0 0 0
1.93 0 0 0 0
1.93667 0 0 0 0
1.94333 0 0 0 0
1.95 0 0 0 0
1.95667 0 0 0 0
1.96333 0 0 0 0
1.97 0 0 0 0
1.97667 0 0 0 0
1.98333 0 0 0 0
1.99 0 0 0 0
1.99667 0 0 0 0
