0.00333333 10 51 27 3
0.01 8 58 22 6
0.0166667 14 53 28 5
0.0233333 13 60 40 2
0.03 12 73 26 6
0.0366667 18 77 39 7
0.0433333 18 103 57 8
0.05 18 130 63 11
0.0566667 26 164 85 15
0.0633333 33 183 79 16
0.07 33 184 114 15
0.0766667 20 199 118 9
0.0833333 35 201 105 18
0.09 32 184 98 26
0.0966667 28 208 109 24
0.103333 35 170 97 16
0.11 27 191 97 9
0.116667 28 219 103 18
0.123333 26 186 105 10
0.13 26 175 88 4
0.136667 26 147 75 21
0.143333 25 171 90 12
0.15 27 160 97 9
0.156667 23 149 82 10
0.163333 22 148 90 11
0.17 26 150 64 14
0.176667 25 155 55 17
0.183333 25 173 61 13
0.19 21 167 79 14
0.196667 24 188 96 9
0.203333 21 168 61 8
0.21 18 159 82 4
0.216667 16 151 67 13
0.223333 30 152 58 11
0.23 17 122 62 7
0.236667 19 136 46 7
0.243333 15 133 60 6
0.25 16 112 46 11
0.256667 13 119 48 6
0.263333 16 108 41 7
0.27 13 97 54 8
0.276667 16 103 48 10
0.283333 18 89 39 6
0.29 10 86 31 5
0.296667 7 92 27 7
0.303333 9 84 38 5
0.31 13 95 39 1
0.316667 11 74 27 3
0.323333 10 80 33 6
0.33 11 85 31 8
0.336667 7 79 41 5
0.343333 9 58 39 8
0.35 10 58 35 5
0.356667 11 78 33 9
0.363333 18 66 36 5
0.37 9 53 25 7
0.376667 15 61 30 4
0.383333 7 70 30 9
0.39 4 64 41 5
0.396667 11 72 20 1
0.403333 7 66 22 3
0.41 14 59 25 3
0.416667 10 55 30 8
0.423333 15 57 26 1
0.43 11 66 27 4
0.436667 8 52 33 4
0.443333 10 56 37 7
0.45 8 55 31 7
0.456667 8 50 28 7
0.463333 12 55 40 1
0.47 13 55 26 4
0.476667 8 52 22 5
0.483333 14 39 23 2
0.49 2 44 19 1
0.496667 5 26 11 7
0.503333 6 19 19 3
0.51 3 25 15 2
0.516667 7 34 15 5
0.523333 7 25 17 1
0.53 6 40 10 4
0.536667 7 29 10 8
0.543333 6 23 10 4
0.55 2 29 17 3
0.556667 3 26 13 2
0.563333 4 21 14 4
0.57 4 19 11 3
0.576667 1 28 14 4
0.583333 8 35 15 1
0.59 3 26 11 3
0.596667 4 33 8 2
0.603333 3 19 14 2
0.61 7 27 2 4
0.616667 5 24 10 4
0.623333 5 21 10 3
0.63 2 20 12 1
0.636667 9 21 10 2
0.643333 4 29 10 2
0.65 1 28 15 3
0.656667 2 25 13 1
0.663333 143 1657 668 46
0.67 0 0 0 0
0.676667 0 0 0 0
0.683333 0 0 0 0
0.69 0 0 0 0
0.696667 0 0 0 0
0.703333 0 0 0 0
0.71 0 0 0 0
0.716667 0 0 0 0
0.723333 0 0 0 0
0.73 0 0 0 0
0.736667 0 0 0 0
0.743333 0 0 0 0
0.75 0 0 0 0
0.756667 0 0 0 0
0.763333 0 0 0 0
0.77 0 0 0 0
0.776667 0 0 0 0
0.783333 0 0 0 0
0.79 0 0 0 0
0.796667 0 0 0 0
0.803333 0 0 0 0
0.81 0 0 0 0
0.816667 0 0 0 0
0.823333 0 0 0 0
0.83 0 0 0 0
0.836667 0 0 0 0
0.843333 0 0 0 0
0.85 0 0 0 0
0.856667 0 0 0 0
0.863333 0 0 0 0
0.87 0 0 0 0
0.876667 0 0 0 0
0.883333 0 0 0 0
0.89 0 0 0 0
0.896667 0 0 0 0
0.903333 0 0 0 0
0.91 0 0 0 0
0.916667 0 0 0 0
0.923333 0 0 0 0
0.93 0 0 0 0
0.936667 0 0 0 0
0.943333 0 0 0 0
0.95 0 0 0 0
0.956667 0 0 0 0
0.963333 0 0 0 0
0.97 0 0 0 0
0.976667 0 0 0 0
0.983333 0 0 0 0
0.99 0 0 0 0
0.996667 0 0 0 0
1.00333 0 0 0 0
1.01 0 0 0 0
1.01667 0 0 0 0
1.02333 0 0 0 0
1.03 0 0 0 0
1.03667 0 0 0 0
1.04333 0 0 0 0
1.05 0 0 0 0
1.05667 0 0 0 0
1.06333 0 0 0 0
1.07 0 0 0 0
1.07667 0 0 0 0
1.08333 0 0 0 0
1.09 0 0 0 0
1.09667 0 0 0 0
1.10333 0 0 0 0
1.11 0 0 0 0
1.11667 0 0 0 0
1.12333 0 0 0 0
1.13 0 0 0 0
1.13667 0 0 0 0
1.14333 0 0 0 0
1.15 0 0 0 0
1.15667 0 0 0 0
1.16333 0 0 0 0
1.17 0 0 0 0
1.17667 0 0 0 0
1.18333 0 0 0 0
1.19 0 0 0 0
1.19667 0 0 0 0
1.20333 0 0 0 0
1.21 0 0 0 0
1.21667 0 0 0 0
1.22333 0 0 0 0
1.23 0 0 0 0
1.23667 0 0 0 0
1.24333 0 0 0 0
1.25 0 0 0 0
1.25667 0 0 0 0
1.26333 0 0 0 0
1.27 0 0 0 0
1.27667 0 0 0 0
1.28333 0 0 0 0
1.29 0 0 0 0
1.29667 0 0 0 0
1.30333 0 0 0 0
1.31 0 0 0 0
1.31667 0 0 0 0
1.32333 0 0 0 0
1.33 0 0 0 0
1.33667 0 0 0 0
1.34333 0 0 0 0
1.35 0 0 0 0
1.35667 0 0 0 0
1.36333 0 0 0 0
1.37 0 0 0 0
1.37667 0 0 0 0
1.38333 0 0 0 0
1.39 0 0 0 0
1.39667 0 0 0 0
1.40333 0 0 0 0
1.41 0 0 0 0
1.41667 0 0 0 0
1.42333 0 0 0 0
1.43 0 0 0 0
1.43667 0 0 0 0
1.44333 0 0 0 0
1.45 0 0 0 0
1.45667 0 0 0 0
1.46333 0 0 0 0
1.47 0 0 0 0
1.47667 0 0 0 0
1.48333 0 0 0 0
1.49 0 0 0 0
1.49667 0 0 0 0
1.50333 0 0 0 0
1.51 0 0 0 0
1.51667 0 0 0 0
1.52333 0 0 0 0
1.53 0 0 0 0
1.53667 0 0 0 0
1.54333 0 0 0 0
1.55 0 0 0 0
1.55667 0 0 0 0
1.56333 0 0 0 0
1.57 0 0 0 0
1.57667 0 0 0 0
1.58333 0 0 0 0
1.59 0 0 0 0
1.59667 0 0 0 0
1.60333 0 0 0 0
1.61 0 0 0 0
1.61667 0 0 0 0
1.62333 0 0 0 0
1.63 0 0 0 0
1.63667 0 0 0 0
1.64333 0 0 0 0
1.65 0 0 0 0
1.65667 0 0 0 0
1.66333 0 0 0 0
1.67 0 0 0 0
1.67667 0 0 0 0
1.68333 0 0 0 0
1.69 0 0 0 0
1.69667 0 0 0 0
1.70333 0 0 0 0
1.71 0 0 0 0
1.71667 0 0 0 0
1.72333 0 0 0 0
1.73 0 0 0 0
1.73667 0 0 0 0
1.74333 0 0 0 0
1.75 0 0 0 0
1.75667 0 0 0 0
1.76333 0 0 0 0
1.77 0 0 0 0
1.77667 0 0 0 0
1.78333 0 0 0 0
1.79 0 0 0 0
1.79667 0 0 0 0
1.80333 0 0 0 0
1.81 0 0 0 0
1.81667 0 0 0 0
1.82333 0 0 0 0
1.83 0 0 0 0
1.83667 0 0 0 0
1.84333 0 0 0 0
1.85 0 0 0 0
1.85667 0 0 0 0
1.86333 0 0 0 0
1.87 0 0 0 0
1.87667 0 0 0 0
1.88333 0 0 0 0
1.89 0 0 0 0
1.89667 0 0 0 0
1.90333 0 0 0 0
1.91 0 0 0 0
1.91667 0 0 0 0
1.92333 0 0 0 0
1.93 0 0 0 0
1.93667 0 0 0 0
1.94333 0 0 0 0
1.95 0 0 0 0
1.95667 0 0 0 0
1.96333 0 0 0 0
1.97 0 0 0 0
1.97667 0 0 0 0
1.98333 0 0 0 0
1.99 0 0 0 0
1.99667 0 0 0 0
