0.00333333 4 38 63 1
0.01 3 26 74 1
0.0166667 1 26 79 3
0.0233333 1 34 79 4
0.03 2 33 68 3
0.0366667 4 37 81 6
0.0433333 7 47 92 6
0.05 7 38 87 10
0.0566667 5 58 119 14
0.0633333 7 62 114 12
0.07 8 76 108 8
0.0766667 13 61 118 13
0.0833333 8 78 101 6
0.09 5 70 115 6
0.0966667 8 74 122 15
0.103333 5 68 109 8
0.11 8 62 139 16
0.116667 5 75 157 11
0.123333 4 61 143 7
0.13 7 61 134 7
0.136667 6 65 138 12
0.143333 4 69 127 11
0.15 0 60 115 3
0.156667 2 58 128 7
0.163333 3 48 126 2
0.17 3 53 115 8
0.176667 3 58 120 8
0.183333 2 61 140 7
0.19 4 66 189 15
0.196667 5 62 187 8
0.203333 8 79 159 11
0.21 5 53 152 7
0.216667 5 54 168 9
0.223333 6 63 157 5
0.23 3 55 124 5
0.236667 2 58 123 10
0.243333 5 36 107 7
0.25 5 47 117 4
0.256667 3 55 102 3
0.263333 2 51 129 13
0.27 7 59 105 3
0.276667 0 48 117 2
0.283333 3 55 104 9
0.29 1 43 112 8
0.296667 2 52 84 3
0.303333 3 38 78 7
0.31 4 41 85 5
0.316667 2 37 85 5
0.323333 2 52 79 3
0.33 1 39 91 4
0.336667 2 39 86 3
0.343333 1 48 70 10
0.35 3 35 96 3
0.356667 4 34 90 5
0.363333 4 26 78 4
0.37 5 36 67 3
0.376667 2 31 79 5
0.383333 4 30 76 7
0.39 5 36 75 3
0.396667 1 29 81 5
0.403333 5 38 77 4
0.41 4 33 76 4
0.416667 2 28 70 5
0.423333 2 26 74 5
0.43 2 27 74 1
0.436667 3 38 59 4
0.443333 1 35 68 6
0.45 0 31 65 5
0.456667 4 19 57 6
0.463333 4 30 75 2
0.47 3 37 71 4
0.476667 1 32 65 2
0.483333 5 28 37 2
0.49 4 21 32 1
0.496667 1 21 27 2
0.503333 1 17 22 1
0.51 3 13 27 1
0.516667 1 13 22 5
0.523333 2 24 19 4
0.53 3 12 17 3
0.536667 2 19 13 3
0.543333 1 18 15 1
0.55 0 20 15 3
0.556667 4 19 18 3
0.563333 0 15 10 1
0.57 3 17 13 3
0.576667 1 17 9 1
0.583333 3 16 11 4
0.59 0 8 10 4
0.596667 2 16 7 7
0.603333 0 19 8 4
0.61 1 12 13 4
0.616667 0 9 9 0
0.623333 2 15 3 2
0.63 1 14 12 2
0.636667 2 17 20 0
0.643333 3 19 1 2
0.65 1 16 8 2
0.656667 1 15 7 1
0.663333 39 1341 4168 47
0.67 0 0 0 0
0.676667 0 0 0 0
0.683333 0 0 0 0
0.69 0 0 0 0
0.696667 0 0 0 0
0.703333 0 0 0 0
0.71 0 0 0 0
0.716667 0 0 0 0
0.723333 0 0 0 0
0.73 0 0 0 0
0.736667 0 0 0 0
0.743333 0 0 0 0
0.75 0 0 0 0
0.756667 0 0 0 0
0.763333 0 0 0 0
0.77 0 0 0 0
0.776667 0 0 0 0
0.783333 0 0 0 0
0.79 0 0 0 0
0.796667 0 0 0 0
0.803333 0 0 0 0
0.81 0 0 0 0
0.816667 0 0 0 0
0.823333 0 0 0 0
0.83 0 0 0 0
0.836667 0 0 0 0
0.843333 0 0 0 0
0.85 0 0 0 0
0.856667 0 0 0 0
0.863333 0 0 0 0
0.87 0 0 0 0
0.876667 0 0 0 0
0.883333 0 0 0 0
0.89 0 0 0 0
0.896667 0 0 0 0
0.903333 0 0 0 0
0.91 0 0 0 0
0.916667 0 0 0 0
0.923333 0 0 0 0
0.93 0 0 0 0
0.936667 0 0 0 0
0.943333 0 0 0 0
0.95 0 0 0 0
0.956667 0 0 0 0
0.963333 0 0 0 0
0.97 0 0 0 0
0.976667 0 0 0 0
0.983333 0 0 0 0
0.99 0 0 0 0
0.996667 0 0 0 0
1.00333 0 0 0 0
1.01 0 0 0 0
1.01667 0 0 0 0
1.02333 0 0 0 0
1.03 0 0 0 0
1.03667 0 0 0 0
1.04333 0 0 0 0
1.05 0 0 0 0
1.05667 0 0 0 0
1.06333 0 0 0 0
1.07 0 0 0 0
1.07667 0 0 0 0
1.08333 0 0 0 0
1.09 0 0 0 0
1.09667 0 0 0 0
1.10333 0 0 0 0
1.11 0 0 0 0
1.11667 0 0 0 0
1.12333 0 0 0 0
1.13 0 0 0 0
1.13667 0 0 0 0
1.14333 0 0 0 0
1.15 0 0 0 0
1.15667 0 0 0 0
1.16333 0 0 0 0
1.17 0 0 0 0
1.17667 0 0 0 0
1.18333 0 0 0 0
1.19 0 0 0 0
1.19667 0 0 0 0
1.20333 0 0 0 0
1.21 0 0 0 0
1.21667 0 0 0 0
1.22333 0 0 0 0
1.23 0 0 0 0
1.23667 0 0 0 0
1.24333 0 0 0 0
1.25 0 0 0 0
1.25667 0 0 0 0
1.26333 0 0 0 0
1.27 0 0 0 0
1.27667 0 0 0 0
1.28333 0 0 0 0
1.29 0 0 0 0
1.29667 0 0 0 0
1.30333 0 0 0 0
1.31 0 0 0 0
1.31667 0 0 0 0
1.32333 0 0 0 0
1.33 0 0 0 0
1.33667 0 0 0 0
1.34333 0 0 0 0
1.35 0 0 0 0
1.35667 0 0 0 0
1.36333 0 0 0 0
1.37 0 0 0 0
1.37667 0 0 0 0
1.38333 0 0 0 0
1.39 0 0 0 0
1.39667 0 0 0 0
1.40333 0 0 0 0
1.41 0 0 0 0
1.41667 0 0 0 0
1.42333 0 0 0 0
1.43 0 0 0 0
1.43667 0 0 0 0
1.44333 0 0 0 0
1.45 0 0 0 0
1.45667 0 0 0 0
1.46333 0 0 0 0
1.47 0 0 0 0
1.47667 0 0 0 0
1.48333 0 0 0 0
1.49 0 0 0 0
1.49667 0 0 0 0
1.50333 0 0 0 0
1.51 0 0 0 0
1.51667 0 0 0 0
1.52333 0 0 0 0
1.53 0 0 0 0
1.53667 0 0 0 0
1.54333 0 0 0 0
1.55 0 0 0 0
1.55667 0 0 0 0
1.56333 0 0 0 0
1.57 0 0 0 0
1.57667 0 0 0 0
1.58333 0 0 0 0
1.59 0 0 0 0
1.59667 0 0 0 0
1.60333 0 0 0 0
1.61 0 0 0 0
1.61667 0 0 0 0
1.62333 0 0 0 0
1.63 0 0 0 0
1.63667 0 0 0 0
1.64333 0 0 0 0
1.65 0 0 0 0
1.65667 0 0 0 0
1.66333 0 0 0 0
1.67 0 0 0 0
1.67667 0 0 0 0
1.68333 0 0 0 0
1.69 0 0 0 0
1.69667 0 0 0 0
1.70333 0 0 0 0
1.71 0 0 0 0
1.71667 0 0 0 0
1.72333 0 0 0 0
1.73 0 0 0 0
1.73667 0 0 0 0
1.74333 0 0 0 0
1.75 0 0 0 0
1.75667 0 0 0 0
1.76333 0 0 0 0
1.77 0 0 0 0
1.77667 0 0 0 0
1.78333 0 0 0 0
1.79 0 0 0 0
1.79667 0 0 0 0
1.80333 0 0 0 0
1.81 0 0 0 0
1.81667 0 0 0 0
1.82333 0 0 0 0
1.83 0 0 0 0
1.83667 0 0 0 0
1.84333 0 0 0 0
1.85 0 0 0 0
1.85667 0 0 0 0
1.86333 0 0 0 0
1.87 0 0 0 0
1.87667 0 0 0 0
1.88333 0 0 0 0
1.89 0 0 0 0
1.89667 0 0 0 0
1.90333 0 0 0 0
1.91 0 0 0 0
1.91667 0 0 0 0
1.92333 0 0 0 0
1.93 0 0 0 0
1.93667 0 0 0 0
1.94333 0 0 0 0
1.95 0 0 0 0
1.95667 0 0 0 0
1.96333 0 0 0 0
1.97 0 0 0 0
1.97667 0 0 0 0
1.98333 0 0 0 0
1.99 0 0 0 0
1.99667 0 0 0 0
