0.00333333 2 3 18 119
0.01 3 2 19 131
0.0166667 3 6 22 133
0.0233333 0 2 20 129
0.03 0 8 13 152
0.0366667 5 6 21 167
0.0433333 6 5 47 164
0.05 5 3 34 202
0.0566667 4 1 63 235
0.0633333 3 11 46 226
0.07 6 8 43 231
0.0766667 2 9 58 269
0.0833333 3 6 58 293
0.09 3 12 52 299
0.0966667 3 5 60 316
0.103333 1 7 51 298
0.11 6 10 47 318
0.116667 5 7 46 314
0.123333 2 11 46 304
0.13 3 14 52 344
0.136667 1 8 44 345
0.143333 4 6 43 305
0.15 7 6 39 333
0.156667 2 9 36 342
0.163333 6 6 46 322
0.17 2 5 30 301
0.176667 1 7 39 311
0.183333 7 7 40 384
0.19 7 8 37 439
0.196667 7 16 38 394
0.203333 8 11 37 378
0.21 5 10 27 403
0.216667 1 12 37 370
0.223333 7 9 38 335
0.23 5 9 26 311
0.236667 3 13 27 303
0.243333 3 11 31 281
0.25 5 8 25 279
0.256667 1 5 34 269
0.263333 6 9 23 237
0.27 4 8 25 234
0.276667 4 7 25 207
0.283333 3 6 22 242
0.29 4 11 27 204
0.296667 1 7 28 197
0.303333 4 6 25 176
0.31 3 7 24 187
0.316667 2 5 28 186
0.323333 2 6 22 173
0.33 4 6 16 158
0.336667 2 6 20 164
0.343333 3 4 26 169
0.35 3 7 23 179
0.356667 2 5 23 158
0.363333 2 3 23 167
0.37 1 4 12 123
0.376667 1 0 19 164
0.383333 2 7 18 166
0.39 2 5 16 169
0.396667 3 5 13 150
0.403333 5 7 16 154
0.41 2 6 17 142
0.416667 5 10 21 140
0.423333 3 4 12 124
0.43 3 4 14 139
0.436667 3 9 18 143
0.443333 1 2 14 146
0.45 0 3 16 153
0.456667 2 8 13 133
0.463333 6 6 19 144
0.47 4 9 16 140
0.476667 2 7 15 129
0.483333 3 3 13 82
0.49 0 3 11 86
0.496667 3 4 18 71
0.503333 1 2 15 66
0.51 1 7 11 69
0.516667 2 5 10 49
0.523333 0 2 16 60
0.53 2 6 7 53
0.536667 0 3 8 56
0.543333 2 5 8 63
0.55 2 4 8 48
0.556667 1 3 5 43
0.563333 0 3 16 50
0.57 0 2 9 57
0.576667 0 4 11 52
0.583333 2 1 11 52
0.59 3 4 9 54
0.596667 4 4 6 44
0.603333 4 3 4 36
0.61 2 5 17 51
0.616667 0 3 9 32
0.623333 5 5 5 30
0.63 2 2 8 33
0.636667 2 4 12 61
0.643333 1 1 5 38
0.65 3 6 15 39
0.656667 2 2 9 36
0.663333 80 160 246 7259
0.67 0 0 0 0
0.676667 0 0 0 0
0.683333 0 0 0 0
0.69 0 0 0 0
0.696667 0 0 0 0
0.703333 0 0 0 0
0.71 0 0 0 0
0.716667 0 0 0 0
0.723333 0 0 0 0
0.73 0 0 0 0
0.736667 0 0 0 0
0.743333 0 0 0 0
0.75 0 0 0 0
0.756667 0 0 0 0
0.763333 0 0 0 0
0.77 0 0 0 0
0.776667 0 0 0 0
0.783333 0 0 0 0
0.79 0 0 0 0
0.796667 0 0 0 0
0.803333 0 0 0 0
0.81 0 0 0 0
0.816667 0 0 0 0
0.823333 0 0 0 0
0.83 0 0 0 0
0.836667 0 0 0 0
0.843333 0 0 0 0
0.85 0 0 0 0
0.856667 0 0 0 0
0.863333 0 0 0 0
0.87 0 0 0 0
0.876667 0 0 0 0
0.883333 0 0 0 0
0.89 0 0 0 0
0.896667 0 0 0 0
0.903333 0 0 0 0
0.91 0 0 0 0
0.916667 0 0 0 0
0.923333 0 0 0 0
0.93 0 0 0 0
0.936667 0 0 0 0
0.943333 0 0 0 0
0.95 0 0 0 0
0.956667 0 0 0 0
0.963333 0 0 0 0
0.97 0 0 0 0
0.976667 0 0 0 0
0.983333 0 0 0 0
0.99 0 0 0 0
0.996667 0 0 0 0
1.00333 0 0 0 0
1.01 0 0 0 0
1.01667 0 0 0 0
1.02333 0 0 0 0
1.03 0 0 0 0
1.03667 0 0 0 0
1.04333 0 0 0 0
1.05 0 0 0 0
1.05667 0 0 0 0
1.06333 0 0 0 0
1.07 0 0 0 0
1.07667 0 0 0 0
1.08333 0 0 0 0
1.09 0 0 0 0
1.09667 0 0 0 0
1.10333 0 0 0 0
1.11 0 0 0 0
1.11667 0 0 0 0
1.12333 0 0 0 0
1.13 0 0 0 0
1.13667 0 0 0 0
1.14333 0 0 0 0
1.15 0 0 0 0
1.15667 0 0 0 0
1.16333 0 0 0 0
1.17 0 0 0 0
1.17667 0 0 0 0
1.18333 0 0 0 0
1.19 0 0 0 0
1.19667 0 0 0 0
1.20333 0 0 0 0
1.21 0 0 0 0
1.21667 0 0 0 0
1.22333 0 0 0 0
1.23 0 0 0 0
1.23667 0 0 0 0
1.24333 0 0 0 0
1.25 0 0 0 0
1.25667 0 0 0 0
1.26333 0 0 0 0
1.27 0 0 0 0
1.27667 0 0 0 0
1.28333 0 0 0 0
1.29 0 0 0 0
1.29667 0 0 0 0
1.30333 0 0 0 0
1.31 0 0 0 0
1.31667 0 0 0 0
1.32333 0 0 0 0
1.33 0 0 0 0
1.33667 0 0 0 0
1.34333 0 0 0 0
1.35 0 0 0 0
1.35667 0 0 0 0
1.36333 0 0 0 0
1.37 0 0 0 0
1.37667 0 0 0 0
1.38333 0 0 0 0
1.39 0 0 0 0
1.39667 0 0 0 0
1.40333 0 0 0 0
1.41 0 0 0 0
1.41667 0 0 0 0
1.42333 0 0 0 0
1.43 0 0 0 0
1.43667 0 0 0 0
1.44333 0 0 0 0
1.45 0 0 0 0
1.45667 0 0 0 0
1.46333 0 0 0 0
1.47 0 0 0 0
1.47667 0 0 0 0
1.48333 0 0 0 0
1.49 0 0 0 0
1.49667 0 0 0 0
1.50333 0 0 0 0
1.51 0 0 0 0
1.51667 0 0 0 0
1.52333 0 0 0 0
1.53 0 0 0 0
1.53667 0 0 0 0
1.54333 0 0 0 0
1.55 0 0 0 0
1.55667 0 0 0 0
1.56333 0 0 0 0
1.57 0 0 0 0
1.57667 0 0 0 0
1.58333 0 0 0 0
1.59 0 0 0 0
1.59667 0 0 0 0
1.60333 0 0 0 0
1.61 0 0 0 0
1.61667 0 0 0 0
1.62333 0 0 0 0
1.63 0 0 0 0
1.63667 0 0 0 0
1.64333 0 0 0 0
1.65 0 0 0 0
1.65667 0 0 0 0
1.66333 0 0 0 0
1.67 0 0 0 0
1.67667 0 0 0 0
1.68333 0 0 0 0
1.69 0 0 0 0
1.69667 0 0 0 0
1.70333 0 0 0 0
1.71 0 0 0 0
1.71667 0 0 0 0
1.72333 0 0 0 0
1.73 0 0 0 0
1.73667 0 0 0 0
1.74333 0 0 0 0
1.75 0 0 0 0
1.75667 0 0 0 0
1.76333 0 0 0 0
1.77 0 0 0 0
1.77667 0 0 0 0
1.78333 0 0 0 0
1.79 0 0 0 0
1.79667 0 0 0 0
1.80333 0 0 0 0
1.81 0 0 0 0
1.81667 0 0 0 0
1.82333 0 0 0 0
1.83 0 0 0 0
1.83667 0 0 0 0
1.84333 0 0 0 0
1.85 0 0 0 0
1.85667 0 0 0 0
1.86333 0 0 0 0
1.87 0 0 0 0
1.87667 0 0 0 0
1.88333 0 0 0 0
1.89 0 0 0 0
1.89667 0 0 0 0
1.90333 0 0 0 0
1.91 0 0 0 0
1.91667 0 0 0 0
1.92333 0 0 0 0
1.93 0 0 0 0
1.93667 0 0 0 0
1.94333 0 0 0 0
1.95 0 0 0 0
1.95667 0 0 0 0
1.96333 0 0 0 0
1.97 0 0 0 0
1.97667 0 0 0 0
1.98333 0 0 0 0
1.99 0 0 0 0
1.99667 0 0 0 0
