0.00333333 52 61 5 1
0.01 68 67 5 2
0.0166667 68 63 7 0
0.0233333 60 78 4 3
0.03 77 82 3 2
0.0366667 88 126 8 1
0.0433333 117 134 9 3
0.05 151 201 10 1
0.0566667 154 231 17 9
0.0633333 187 224 10 6
0.07 180 219 9 6
0.0766667 186 244 16 3
0.0833333 209 260 16 7
0.09 209 278 16 7
0.0966667 238 284 11 4
0.103333 197 243 11 4
0.11 221 282 16 8
0.116667 224 275 16 5
0.123333 226 257 14 1
0.13 189 244 7 6
0.136667 192 236 16 7
0.143333 206 231 15 3
0.15 171 220 14 10
0.156667 147 216 11 1
0.163333 179 192 11 6
0.17 184 206 10 4
0.176667 175 226 12 3
0.183333 166 226 5 1
0.19 194 218 16 4
0.196667 188 217 8 3
0.203333 160 212 13 5
0.21 164 193 9 8
0.216667 146 175 10 6
0.223333 155 159 12 7
0.23 146 159 9 3
0.236667 127 141 9 5
0.243333 144 184 3 5
0.25 113 164 3 2
0.256667 118 136 6 3
0.263333 107 128 8 2
0.27 113 141 4 1
0.276667 117 127 4 3
0.283333 95 141 7 1
0.29 88 98 3 5
0.296667 86 112 6 6
0.303333 94 123 5 1
0.31 94 110 11 6
0.316667 74 109 5 5
0.323333 97 91 8 3
0.33 73 97 5 5
0.336667 90 102 9 7
0.343333 82 107 3 3
0.35 74 93 6 6
0.356667 72 92 6 3
0.363333 85 86 5 1
0.37 56 83 2 4
0.376667 74 85 6 4
0.383333 61 72 5 3
0.39 72 85 8 0
0.396667 80 83 5 1
0.403333 62 89 4 2
0.41 74 76 7 2
0.416667 48 68 5 4
0.423333 66 68 5 1
0.43 62 73 3 4
0.436667 56 60 1 3
0.443333 61 86 5 0
0.45 52 81 4 1
0.456667 66 85 3 4
0.463333 69 71 4 2
0.47 61 83 2 2
0.476667 51 65 3 1
0.483333 29 56 3 4
0.49 43 45 4 3
0.496667 39 44 3 0
0.503333 37 51 6 1
0.51 34 45 5 1
0.516667 37 42 5 1
0.523333 32 44 6 1
0.53 26 34 3 1
0.536667 38 46 1 0
0.543333 24 37 4 2
0.55 27 33 1 2
0.556667 27 36 1 0
0.563333 28 30 2 1
0.57 31 34 2 2
0.576667 26 40 6 2
0.583333 18 40 3 0
0.59 26 25 1 2
0.596667 38 34 0 2
0.603333 26 41 4 3
0.61 25 30 1 1
0.616667 33 29 5 3
0.623333 23 39 0 2
0.63 25 30 1 1
0.636667 28 34 4 0
0.643333 29 29 2 0
0.65 31 19 4 4
0.656667 19 32 4 4
0.663333 1871 2206 67 50
0.67 0 0 0 0
0.676667 0 0 0 0
0.683333 0 0 0 0
0.69 0 0 0 0
0.696667 0 0 0 0
0.703333 0 0 0 0
0.71 0 0 0 0
0.716667 0 0 0 0
0.723333 0 0 0 0
0.73 0 0 0 0
0.736667 0 0 0 0
0.743333 0 0 0 0
0.75 0 0 0 0
0.756667 0 0 0 0
0.763333 0 0 0 0
0.77 0 0 0 0
0.776667 0 0 0 0
0.783333 0 0 0 0
0.79 0 0 0 0
0.796667 0 0 0 0
0.803333 0 0 0 0
0.81 0 0 0 0
0.816667 0 0 0 0
0.823333 0 0 0 0
0.83 0 0 0 0
0.836667 0 0 0 0
0.843333 0 0 0 0
0.85 0 0 0 0
0.856667 0 0 0 0
0.863333 0 0 0 0
0.87 0 0 0 0
0.876667 0 0 0 0
0.883333 0 0 0 0
0.89 0 0 0 0
0.896667 0 0 0 0
0.903333 0 0 0 0
0.91 0 0 0 0
0.916667 0 0 0 0
0.923333 0 0 0 0
0.93 0 0 0 0
0.936667 0 0 0 0
0.943333 0 0 0 0
0.95 0 0 0 0
0.956667 0 0 0 0
0.963333 0 0 0 0
0.97 0 0 0 0
0.976667 0 0 0 0
0.983333 0 0 0 0
0.99 0 0 0 0
0.996667 0 0 0 0
1.00333 0 0 0 0
1.01 0 0 0 0
1.01667 0 0 0 0
1.02333 0 0 0 0
1.03 0 0 0 0
1.03667 0 0 0 0
1.04333 0 0 0 0
1.05 0 0 0 0
1.05667 0 0 0 0
1.06333 0 0 0 0
1.07 0 0 0 0
1.07667 0 0 0 0
1.08333 0 0 0 0
1.09 0 0 0 0
1.09667 0 0 0 0
1.10333 0 0 0 0
1.11 0 0 0 0
1.11667 0 0 0 0
1.12333 0 0 0 0
1.13 0 0 0 0
1.13667 0 0 0 0
1.14333 0 0 0 0
1.15 0 0 0 0
1.15667 0 0 0 0
1.16333 0 0 0 0
1.17 0 0 0 0
1.17667 0 0 0 0
1.18333 0 0 0 0
1.19 0 0 0 0
1.19667 0 0 0 0
1.20333 0 0 0 0
1.21 0 0 0 0
1.21667 0 0 0 0
1.22333 0 0 0 0
1.23 0 0 0 0
1.23667 0 0 0 0
1.24333 0 0 0 0
1.25 0 0 0 0
1.25667 0 0 0 0
1.26333 0 0 0 0
1.27 0 0 0 0
1.27667 0 0 0 0
1.28333 0 0 0 0
1.29 0 0 0 0
1.29667 0 0 0 0
1.30333 0 0 0 0
1.31 0 0 0 0
1.31667 0 0 0 0
1.32333 0 0 0 0
1.33 0 0 0 0
1.33667 0 0 0 0
1.34333 0 0 0 0
1.35 0 0 0 0
1.35667 0 0 0 0
1.36333 0 0 0 0
1.37 0 0 0 0
1.37667 0 0 0 0
1.38333 0 0 0 0
1.39 0 0 0 0
1.39667 0 0 0 0
1.40333 0 0 0 0
1.41 0 0 0 0
1.41667 0 0 0 0
1.42333 0 0 0 0
1.43 0 0 0 0
1.43667 0 0 0 0
1.44333 0 0 0 0
1.45 0 0 0 0
1.45667 0 0 0 0
1.46333 0 0 0 0
1.47 0 0 0 0
1.47667 0 0 0 0
1.48333 0 0 0 0
1.49 0 0 0 0
1.49667 0 0 0 0
1.50333 0 0 0 0
1.51 0 0 0 0
1.51667 0 0 0 0
1.52333 0 0 0 0
1.53 0 0 0 0
1.53667 0 0 0 0
1.54333 0 0 0 0
1.55 0 0 0 0
1.55667 0 0 0 0
1.56333 0 0 0 0
1.57 0 0 0 0
1.57667 0 0 0 0
1.58333 0 0 0 0
1.59 0 0 0 0
1.59667 0 0 0 0
1.60333 0 0 0 0
1.61 0 0 0 0
1.61667 0 0 0 0
1.62333 0 0 0 0
1.63 0 0 0 0
1.63667 0 0 0 0
1.64333 0 0 0 0
1.65 0 0 0 0
1.65667 0 0 0 0
1.66333 0 0 0 0
1.67 0 0 0 0
1.67667 0 0 0 0
1.68333 0 0 0 0
1.69 0 0 0 0
1.69667 0 0 0 0
1.70333 0 0 0 0
1.71 0 0 0 0
1.71667 0 0 0 0
1.72333 0 0 0 0
1.73 0 0 0 0
1.73667 0 0 0 0
1.74333 0 0 0 0
1.75 0 0 0 0
1.75667 0 0 0 0
1.76333 0 0 0 0
1.77 0 0 0 0
1.77667 0 0 0 0
1.78333 0 0 0 0
1.79 0 0 0 0
1.79667 0 0 0 0
1.80333 0 0 0 0
1.81 0 0 0 0
1.81667 0 0 0 0
1.82333 0 0 0 0
1.83 0 0 0 0
1.83667 0 0 0 0
1.84333 0 0 0 0
1.85 0 0 0 0
1.85667 0 0 0 0
1.86333 0 0 0 0
1.87 0 0 0 0
1.87667 0 0 0 0
1.88333 0 0 0 0
1.89 0 0 0 0
1.89667 0 0 0 0
1.90333 0 0 0 0
1.91 0 0 0 0
1.91667 0 0 0 0
1.92333 0 0 0 0
1.93 0 0 0 0
1.93667 0 0 0 0
1.94333 0 0 0 0
1.95 0 0 0 0
1.95667 0 0 0 0
1.96333 0 0 0 0
1.97 0 0 0 0
1.97667 0 0 0 0
1.98333 0 0 0 0
1.99 0 0 0 0
1.99667 0 0 0 0
