0.00333333 2 16 27 42
0.01 1 8 31 47
0.0166667 1 10 36 59
0.0233333 0 11 41 47
0.03 3 16 38 56
0.0366667 0 7 60 85
0.0433333 0 13 60 97
0.05 4 10 85 89
0.0566667 5 20 110 103
0.0633333 3 24 99 134
0.07 8 21 104 125
0.0766667 5 18 118 159
0.0833333 4 24 110 156
0.09 6 21 102 158
0.0966667 7 24 109 135
0.103333 5 20 121 144
0.11 7 30 95 153
0.116667 2 23 111 159
0.123333 6 19 88 175
0.13 3 28 78 138
0.136667 7 23 85 136
0.143333 3 18 104 135
0.15 6 21 92 129
0.156667 3 22 89 138
0.163333 9 13 71 114
0.17 7 21 63 106
0.176667 6 19 63 153
0.183333 5 9 75 146
0.19 6 28 65 135
0.196667 4 20 65 156
0.203333 3 24 58 137
0.21 4 25 66 125
0.216667 6 17 78 117
0.223333 2 19 65 134
0.23 5 21 73 137
0.236667 3 13 58 106
0.243333 5 23 65 109
0.25 3 19 47 112
0.256667 1 15 51 109
0.263333 6 19 49 94
0.27 2 13 41 92
0.276667 3 7 57 94
0.283333 1 16 48 105
0.29 2 10 37 67
0.296667 2 19 32 85
0.303333 2 16 44 85
0.31 5 11 47 90
0.316667 3 17 38 82
0.323333 4 13 43 66
0.33 1 7 47 62
0.336667 2 15 41 59
0.343333 5 12 31 74
0.35 5 11 51 61
0.356667 0 9 31 73
0.363333 1 17 30 63
0.37 0 9 33 71
0.376667 0 13 38 65
0.383333 1 15 38 67
0.39 2 15 53 66
0.396667 5 9 40 63
0.403333 3 13 34 60
0.41 1 7 33 56
0.416667 3 13 30 55
0.423333 1 14 25 43
0.43 0 13 32 51
0.436667 3 11 25 66
0.443333 4 8 28 61
0.45 4 12 28 68
0.456667 1 12 27 64
0.463333 4 15 31 79
0.47 5 15 31 69
0.476667 0 10 22 54
0.483333 1 2 26 40
0.49 2 8 28 37
0.496667 2 7 18 48
0.503333 0 6 12 29
0.51 4 5 17 43
0.516667 1 13 26 27
0.523333 4 6 17 36
0.53 2 6 14 31
0.536667 0 3 13 39
0.543333 1 7 13 33
0.55 1 5 21 32
0.556667 2 10 22 27
0.563333 1 5 26 32
0.57 2 7 21 24
0.576667 4 9 12 35
0.583333 2 5 26 35
0.59 2 3 17 19
0.596667 2 10 17 16
0.603333 1 7 12 24
0.61 2 2 14 25
0.616667 3 2 21 31
0.623333 3 6 12 29
0.63 0 3 14 24
0.636667 3 7 27 20
0.643333 3 5 12 27
0.65 2 7 18 18
0.656667 1 1 8 23
0.663333 39 428 644 2002
0.67 0 0 0 0
0.676667 0 0 0 0
0.683333 0 0 0 0
0.69 0 0 0 0
0.696667 0 0 0 0
0.703333 0 0 0 0
0.71 0 0 0 0
0.716667 0 0 0 0
0.723333 0 0 0 0
0.73 0 0 0 0
0.736667 0 0 0 0
0.743333 0 0 0 0
0.75 0 0 0 0
0.756667 0 0 0 0
0.763333 0 0 0 0
0.77 0 0 0 0
0.776667 0 0 0 0
0.783333 0 0 0 0
0.79 0 0 0 0
0.796667 0 0 0 0
0.803333 0 0 0 0
0.81 0 0 0 0
0.816667 0 0 0 0
0.823333 0 0 0 0
0.83 0 0 0 0
0.836667 0 0 0 0
0.843333 0 0 0 0
0.85 0 0 0 0
0.856667 0 0 0 0
0.863333 0 0 0 0
0.87 0 0 0 0
0.876667 0 0 0 0
0.883333 0 0 0 0
0.89 0 0 0 0
0.896667 0 0 0 0
0.903333 0 0 0 0
0.91 0 0 0 0
0.916667 0 0 0 0
0.923333 0 0 0 0
0.93 0 0 0 0
0.936667 0 0 0 0
0.943333 0 0 0 0
0.95 0 0 0 0
0.956667 0 0 0 0
0.963333 0 0 0 0
0.97 0 0 0 0
0.976667 0 0 0 0
0.983333 0 0 0 0
0.99 0 0 0 0
0.996667 0 0 0 0
1.00333 0 0 0 0
1.01 0 0 0 0
1.01667 0 0 0 0
1.02333 0 0 0 0
1.03 0 0 0 0
1.03667 0 0 0 0
1.04333 0 0 0 0
1.05 0 0 0 0
1.05667 0 0 0 0
1.06333 0 0 0 0
1.07 0 0 0 0
1.07667 0 0 0 0
1.08333 0 0 0 0
1.09 0 0 0 0
1.09667 0 0 0 0
1.10333 0 0 0 0
1.11 0 0 0 0
1.11667 0 0 0 0
1.12333 0 0 0 0
1.13 0 0 0 0
1.13667 0 0 0 0
1.14333 0 0 0 0
1.15 0 0 0 0
1.15667 0 0 0 0
1.16333 0 0 0 0
1.17 0 0 0 0
1.17667 0 0 0 0
1.18333 0 0 0 0
1.19 0 0 0 0
1.19667 0 0 0 0
1.20333 0 0 0 0
1.21 0 0 0 0
1.21667 0 0 0 0
1.22333 0 0 0 0
1.23 0 0 0 0
1.23667 0 0 0 0
1.24333 0 0 0 0
1.25 0 0 0 0
1.25667 0 0 0 0
1.26333 0 0 0 0
1.27 0 0 0 0
1.27667 0 0 0 0
1.28333 0 0 0 0
1.29 0 0 0 0
1.29667 0 0 0 0
1.30333 0 0 0 0
1.31 0 0 0 0
1.31667 0 0 0 0
1.32333 0 0 0 0
1.33 0 0 0 0
1.33667 0 0 0 0
1.34333 0 0 0 0
1.35 0 0 0 0
1.35667 0 0 0 0
1.36333 0 0 0 0
1.37 0 0 0 0
1.37667 0 0 0 0
1.38333 0 0 0 0
1.39 0 0 0 0
1.39667 0 0 0 0
1.40333 0 0 0 0
1.41 0 0 0 0
1.41667 0 0 0 0
1.42333 0 0 0 0
1.43 0 0 0 0
1.43667 0 0 0 0
1.44333 0 0 0 0
1.45 0 0 0 0
1.45667 0 0 0 0
1.46333 0 0 0 0
1.47 0 0 0 0
1.47667 0 0 0 0
1.48333 0 0 0 0
1.49 0 0 0 0
1.49667 0 0 0 0
1.50333 0 0 0 0
1.51 0 0 0 0
1.51667 0 0 0 0
1.52333 0 0 0 0
1.53 0 0 0 0
1.53667 0 0 0 0
1.54333 0 0 0 0
1.55 0 0 0 0
1.55667 0 0 0 0
1.56333 0 0 0 0
1.57 0 0 0 0
1.57667 0 0 0 0
1.58333 0 0 0 0
1.59 0 0 0 0
1.59667 0 0 0 0
1.60333 0 0 0 0
1.61 0 0 0 0
1.61667 0 0 0 0
1.62333 0 0 0 0
1.63 0 0 0 0
1.63667 0 0 0 0
1.64333 0 0 0 0
1.65 0 0 0 0
1.65667 0 0 0 0
1.66333 0 0 0 0
1.67 0 0 0 0
1.67667 0 0 0 0
1.68333 0 0 0 0
1.69 0 0 0 0
1.69667 0 0 0 0
1.70333 0 0 0 0
1.71 0 0 0 0
1.71667 0 0 0 0
1.72333 0 0 0 0
1.73 0 0 0 0
1.73667 0 0 0 0
1.74333 0 0 0 0
1.75 0 0 0 0
1.75667 0 0 0 0
1.76333 0 0 0 0
1.77 0 0 0 0
1.77667 0 0 0 0
1.78333 0 0 0 0
1.79 0 0 0 0
1.79667 0 0 0 0
1.80333 0 0 0 0
1.81 0 0 0 0
1.81667 0 0 0 0
1.82333 0 0 0 0
1.83 0 0 0 0
1.83667 0 0 0 0
1.84333 0 0 0 0
1.85 0 0 0 0
1.85667 0 0 0 0
1.86333 0 0 0 0
1.87 0 0 0 0
1.87667 0 0 0 0
1.88333 0 0 0 0
1.89 0 0 0 0
1.89667 0 0 0 0
1.90333 0 0 0 0
1.91 0 0 0 0
1.91667 0 0 0 0
1.92333 0 0 0 0
1.93 0 0 0 0
1.93667 0 0 0 0
1.94333 0 0 0 0
1.95 0 0 0 0
1.95667 0 0 0 0
1.96333 0 0 0 0
1.97 0 0 0 0
1.97667 0 0 0 0
1.98333 0 0 0 0
1.99 0 0 0 0
1.99667 0 0 0 0
