0.00333333 20 115 7 5
0.01 19 128 10 3
0.0166667 39 124 7 1
0.0233333 26 145 9 3
0.03 43 156 10 2
0.0366667 24 205 14 5
0.0433333 52 222 21 2
0.05 64 259 13 8
0.0566667 77 282 28 6
0.0633333 86 336 28 10
0.07 92 338 28 6
0.0766667 84 386 32 7
0.0833333 97 371 38 7
0.09 89 399 35 13
0.0966667 86 425 27 4
0.103333 95 424 24 12
0.11 87 408 31 6
0.116667 89 412 27 7
0.123333 78 402 19 6
0.13 78 421 29 14
0.136667 62 443 23 12
0.143333 65 397 17 2
0.15 77 423 28 8
0.156667 74 374 28 10
0.163333 72 381 19 6
0.17 65 337 23 8
0.176667 81 386 20 8
0.183333 66 434 19 2
0.19 64 438 22 4
0.196667 68 432 20 4
0.203333 69 428 19 2
0.21 70 406 14 4
0.216667 57 386 26 7
0.223333 59 401 16 3
0.23 42 324 18 8
0.236667 52 318 19 6
0.243333 49 311 11 5
0.25 49 287 12 4
0.256667 48 282 12 3
0.263333 55 241 12 10
0.27 56 255 16 3
0.276667 50 253 11 2
0.283333 34 199 17 1
0.29 29 222 9 7
0.296667 33 212 6 3
0.303333 42 192 11 6
0.31 36 196 16 4
0.316667 44 179 4 4
0.323333 44 193 13 4
0.33 33 155 8 4
0.336667 36 160 9 5
0.343333 29 164 3 6
0.35 36 152 8 4
0.356667 31 157 9 2
0.363333 32 149 9 6
0.37 32 144 10 2
0.376667 34 155 10 3
0.383333 38 157 12 1
0.39 25 133 10 4
0.396667 35 140 5 1
0.403333 33 142 4 3
0.41 28 135 8 3
0.416667 25 151 8 3
0.423333 32 127 10 3
0.43 26 137 12 3
0.436667 29 143 9 3
0.443333 28 137 5 2
0.45 31 167 8 1
0.456667 28 151 4 3
0.463333 24 132 11 2
0.47 29 156 13 2
0.476667 22 130 6 2
0.483333 20 90 6 2
0.49 23 73 6 2
0.496667 25 60 4 3
0.503333 21 74 6 2
0.51 12 77 7 1
0.516667 13 79 6 0
0.523333 12 71 8 3
0.53 13 54 4 0
0.536667 24 57 4 3
0.543333 14 45 4 1
0.55 13 53 6 2
0.556667 16 53 5 2
0.563333 18 54 7 0
0.57 9 63 3 0
0.576667 19 60 6 2
0.583333 15 52 3 1
0.59 17 35 5 2
0.596667 11 44 3 1
0.603333 10 54 4 2
0.61 7 53 1 3
0.616667 12 41 1 3
0.623333 8 48 4 1
0.63 9 57 3 0
0.636667 22 57 4 2
0.643333 12 41 2 1
0.65 10 53 4 2
0.656667 7 45 5 3
0.663333 594 6174 140 45
0.67 0 0 0 0
0.676667 0 0 0 0
0.683333 0 0 0 0
0.69 0 0 0 0
0.696667 0 0 0 0
0.703333 0 0 0 0
0.71 0 0 0 0
0.716667 0 0 0 0
0.723333 0 0 0 0
0.73 0 0 0 0
0.736667 0 0 0 0
0.743333 0 0 0 0
0.75 0 0 0 0
0.756667 0 0 0 0
0.763333 0 0 0 0
0.77 0 0 0 0
0.776667 0 0 0 0
0.783333 0 0 0 0
0.79 0 0 0 0
0.796667 0 0 0 0
0.803333 0 0 0 0
0.81 0 0 0 0
0.816667 0 0 0 0
0.823333 0 0 0 0
0.83 0 0 0 0
0.836667 0 0 0 0
0.843333 0 0 0 0
0.85 0 0 0 0
0.856667 0 0 0 0
0.863333 0 0 0 0
0.87 0 0 0 0
0.876667 0 0 0 0
0.883333 0 0 0 0
0.89 0 0 0 0
0.896667 0 0 0 0
0.903333 0 0 0 0
0.91 0 0 0 0
0.916667 0 0 0 0
0.923333 0 0 0 0
0.93 0 0 0 0
0.936667 0 0 0 0
0.943333 0 0 0 0
0.95 0 0 0 0
0.956667 0 0 0 0
0.963333 0 0 0 0
0.97 0 0 0 0
0.976667 0 0 0 0
0.983333 0 0 0 0
0.99 0 0 0 0
0.996667 0 0 0 0
1.00333 0 0 0 0
1.01 0 0 0 0
1.01667 0 0 0 0
1.02333 0 0 0 0
1.03 0 0 0 0
1.03667 0 0 0 0
1.04333 0 0 0 0
1.05 0 0 0 0
1.05667 0 0 0 0
1.06333 0 0 0 0
1.07 0 0 0 0
1.07667 0 0 0 0
1.08333 0 0 0 0
1.09 0 0 0 0
1.09667 0 0 0 0
1.10333 0 0 0 0
1.11 0 0 0 0
1.11667 0 0 0 0
1.12333 0 0 0 0
1.13 0 0 0 0
1.13667 0 0 0 0
1.14333 0 0 0 0
1.15 0 0 0 0
1.15667 0 0 0 0
1.16333 0 0 0 0
1.17 0 0 0 0
1.17667 0 0 0 0
1.18333 0 0 0 0
1.19 0 0 0 0
1.19667 0 0 0 0
1.20333 0 0 0 0
1.21 0 0 0 0
1.21667 0 0 0 0
1.22333 0 0 0 0
1.23 0 0 0 0
1.23667 0 0 0 0
1.24333 0 0 0 0
1.25 0 0 0 0
1.25667 0 0 0 0
1.26333 0 0 0 0
1.27 0 0 0 0
1.27667 0 0 0 0
1.28333 0 0 0 0
1.29 0 0 0 0
1.29667 0 0 0 0
1.30333 0 0 0 0
1.31 0 0 0 0
1.31667 0 0 0 0
1.32333 0 0 0 0
1.33 0 0 0 0
1.33667 0 0 0 0
1.34333 0 0 0 0
1.35 0 0 0 0
1.35667 0 0 0 0
1.36333 0 0 0 0
1.37 0 0 0 0
1.37667 0 0 0 0
1.38333 0 0 0 0
1.39 0 0 0 0
1.39667 0 0 0 0
1.40333 0 0 0 0
1.41 0 0 0 0
1.41667 0 0 0 0
1.42333 0 0 0 0
1.43 0 0 0 0
1.43667 0 0 0 0
1.44333 0 0 0 0
1.45 0 0 0 0
1.45667 0 0 0 0
1.46333 0 0 0 0
1.47 0 0 0 0
1.47667 0 0 0 0
1.48333 0 0 0 0
1.49 0 0 0 0
1.49667 0 0 0 0
1.50333 0 0 0 0
1.51 0 0 0 0
1.51667 0 0 0 0
1.52333 0 0 0 0
1.53 0 0 0 0
1.53667 0 0 0 0
1.54333 0 0 0 0
1.55 0 0 0 0
1.55667 0 0 0 0
1.56333 0 0 0 0
1.57 0 0 0 0
1.57667 0 0 0 0
1.58333 0 0 0 0
1.59 0 0 0 0
1.59667 0 0 0 0
1.60333 0 0 0 0
1.61 0 0 0 0
1.61667 0 0 0 0
1.62333 0 0 0 0
1.63 0 0 0 0
1.63667 0 0 0 0
1.64333 0 0 0 0
1.65 0 0 0 0
1.65667 0 0 0 0
1.66333 0 0 0 0
1.67 0 0 0 0
1.67667 0 0 0 0
1.68333 0 0 0 0
1.69 0 0 0 0
1.69667 0 0 0 0
1.70333 0 0 0 0
1.71 0 0 0 0
1.71667 0 0 0 0
1.72333 0 0 0 0
1.73 0 0 0 0
1.73667 0 0 0 0
1.74333 0 0 0 0
1.75 0 0 0 0
1.75667 0 0 0 0
1.76333 0 0 0 0
1.77 0 0 0 0
1.77667 0 0 0 0
1.78333 0 0 0 0
1.79 0 0 0 0
1.79667 0 0 0 0
1.80333 0 0 0 0
1.81 0 0 0 0
1.81667 0 0 0 0
1.82333 0 0 0 0
1.83 0 0 0 0
1.83667 0 0 0 0
1.84333 0 0 0 0
1.85 0 0 0 0
1.85667 0 0 0 0
1.86333 0 0 0 0
1.87 0 0 0 0
1.87667 0 0 0 0
1.88333 0 0 0 0
1.89 0 0 0 0
1.89667 0 0 0 0
1.90333 0 0 0 0
1.91 0 0 0 0
1.91667 0 0 0 0
1.92333 0 0 0 0
1.93 0 0 0 0
1.93667 0 0 0 0
1.94333 0 0 0 0
1.95 0 0 0 0
1.95667 0 0 0 0
1.96333 0 0 0 0
1.97 0 0 0 0
1.97667 0 0 0 0
1.98333 0 0 0 0
1.99 0 0 0 0
1.99667 0 0 0 0
