0.00333333 135 24 0 3
0.01 171 20 0 1
0.0166667 182 19 2 0
0.0233333 178 27 2 0
0.03 179 30 3 3
0.0366667 189 33 3 0
0.0433333 208 43 3 0
0.05 292 55 2 3
0.0566667 265 69 1 2
0.0633333 352 80 2 5
0.07 346 62 3 0
0.0766667 367 69 3 1
0.0833333 387 73 2 6
0.09 406 87 4 4
0.0966667 373 72 4 11
0.103333 418 75 2 5
0.11 441 77 2 5
0.116667 418 73 3 3
0.123333 453 64 3 3
0.13 442 64 5 3
0.136667 463 50 3 1
0.143333 440 46 2 2
0.15 436 53 3 3
0.156667 447 45 3 2
0.163333 425 52 4 3
0.17 417 51 2 5
0.176667 395 43 2 3
0.183333 462 64 2 4
0.19 567 46 5 5
0.196667 573 57 4 3
0.203333 532 46 1 2
0.21 503 44 3 4
0.216667 452 47 1 4
0.223333 425 50 4 4
0.23 417 33 3 4
0.236667 391 61 3 4
0.243333 352 42 1 5
0.25 337 48 1 1
0.256667 297 32 4 1
0.263333 318 41 3 1
0.27 289 41 2 2
0.276667 264 37 0 4
0.283333 278 33 2 4
0.29 245 34 0 3
0.296667 235 31 1 2
0.303333 240 33 1 2
0.31 224 33 0 2
0.316667 195 33 4 5
0.323333 215 25 3 3
0.33 204 26 1 2
0.336667 216 24 0 1
0.343333 202 27 3 1
0.35 202 24 1 2
0.356667 193 27 4 2
0.363333 180 21 0 2
0.37 198 32 2 3
0.376667 185 22 2 1
0.383333 174 21 2 1
0.39 170 19 5 4
0.396667 197 20 0 1
0.403333 187 24 3 1
0.41 193 27 1 0
0.416667 156 25 2 2
0.423333 157 23 1 1
0.43 166 23 2 1
0.436667 177 20 2 3
0.443333 181 21 0 2
0.45 183 19 1 0
0.456667 186 26 0 0
0.463333 175 23 0 2
0.47 189 18 1 2
0.476667 166 23 0 4
0.483333 104 16 3 1
0.49 94 16 3 1
0.496667 80 19 2 0
0.503333 81 17 2 0
0.51 80 10 2 1
0.516667 72 21 1 4
0.523333 67 14 2 2
0.53 54 10 0 4
0.536667 69 11 2 2
0.543333 46 16 2 2
0.55 62 9 0 0
0.556667 64 11 2 3
0.563333 47 11 0 3
0.57 76 16 0 2
0.576667 49 10 2 1
0.583333 60 15 3 1
0.59 66 11 1 2
0.596667 57 11 1 0
0.603333 54 10 1 0
0.61 51 7 2 2
0.616667 48 12 3 0
0.623333 53 6 0 0
0.63 67 17 2 1
0.636667 71 15 1 5
0.643333 49 9 2 0
0.65 58 14 1 1
0.656667 44 8 1 1
0.663333 8643 419 19 51
0.67 0 0 0 0
0.676667 0 0 0 0
0.683333 0 0 0 0
0.69 0 0 0 0
0.696667 0 0 0 0
0.703333 0 0 0 0
0.71 0 0 0 0
0.716667 0 0 0 0
0.723333 0 0 0 0
0.73 0 0 0 0
0.736667 0 0 0 0
0.743333 0 0 0 0
0.75 0 0 0 0
0.756667 0 0 0 0
0.763333 0 0 0 0
0.77 0 0 0 0
0.776667 0 0 0 0
0.783333 0 0 0 0
0.79 0 0 0 0
0.796667 0 0 0 0
0.803333 0 0 0 0
0.81 0 0 0 0
0.816667 0 0 0 0
0.823333 0 0 0 0
0.83 0 0 0 0
0.836667 0 0 0 0
0.843333 0 0 0 0
0.85 0 0 0 0
0.856667 0 0 0 0
0.863333 0 0 0 0
0.87 0 0 0 0
0.876667 0 0 0 0
0.883333 0 0 0 0
0.89 0 0 0 0
0.896667 0 0 0 0
0.903333 0 0 0 0
0.91 0 0 0 0
0.916667 0 0 0 0
0.923333 0 0 0 0
0.93 0 0 0 0
0.936667 0 0 0 0
0.943333 0 0 0 0
0.95 0 0 0 0
0.956667 0 0 0 0
0.963333 0 0 0 0
0.97 0 0 0 0
0.976667 0 0 0 0
0.983333 0 0 0 0
0.99 0 0 0 0
0.996667 0 0 0 0
1.00333 0 0 0 0
1.01 0 0 0 0
1.01667 0 0 0 0
1.02333 0 0 0 0
1.03 0 0 0 0
1.03667 0 0 0 0
1.04333 0 0 0 0
1.05 0 0 0 0
1.05667 0 0 0 0
1.06333 0 0 0 0
1.07 0 0 0 0
1.07667 0 0 0 0
1.08333 0 0 0 0
1.09 0 0 0 0
1.09667 0 0 0 0
1.10333 0 0 0 0
1.11 0 0 0 0
1.11667 0 0 0 0
1.12333 0 0 0 0
1.13 0 0 0 0
1.13667 0 0 0 0
1.14333 0 0 0 0
1.15 0 0 0 0
1.15667 0 0 0 0
1.16333 0 0 0 0
1.17 0 0 0 0
1.17667 0 0 0 0
1.18333 0 0 0 0
1.19 0 0 0 0
1.19667 0 0 0 0
1.20333 0 0 0 0
1.21 0 0 0 0
1.21667 0 0 0 0
1.22333 0 0 0 0
1.23 0 0 0 0
1.23667 0 0 0 0
1.24333 0 0 0 0
1.25 0 0 0 0
1.25667 0 0 0 0
1.26333 0 0 0 0
1.27 0 0 0 0
1.27667 0 0 0 0
1.28333 0 0 0 0
1.29 0 0 0 0
1.29667 0 0 0 0
1.30333 0 0 0 0
1.31 0 0 0 0
1.31667 0 0 0 0
1.32333 0 0 0 0
1.33 0 0 0 0
1.33667 0 0 0 0
1.34333 0 0 0 0
1.35 0 0 0 0
1.35667 0 0 0 0
1.36333 0 0 0 0
1.37 0 0 0 0
1.37667 0 0 0 0
1.38333 0 0 0 0
1.39 0 0 0 0
1.39667 0 0 0 0
1.40333 0 0 0 0
1.41 0 0 0 0
1.41667 0 0 0 0
1.42333 0 0 0 0
1.43 0 0 0 0
1.43667 0 0 0 0
1.44333 0 0 0 0
1.45 0 0 0 0
1.45667 0 0 0 0
1.46333 0 0 0 0
1.47 0 0 0 0
1.47667 0 0 0 0
1.48333 0 0 0 0
1.49 0 0 0 0
1.49667 0 0 0 0
1.50333 0 0 0 0
1.51 0 0 0 0
1.51667 0 0 0 0
1.52333 0 0 0 0
1.53 0 0 0 0
1.53667 0 0 0 0
1.54333 0 0 0 0
1.55 0 0 0 0
1.55667 0 0 0 0
1.56333 0 0 0 0
1.57 0 0 0 0
1.57667 0 0 0 0
1.58333 0 0 0 0
1.59 0 0 0 0
1.59667 0 0 0 0
1.60333 0 0 0 0
1.61 0 0 0 0
1.61667 0 0 0 0
1.62333 0 0 0 0
1.63 0 0 0 0
1.63667 0 0 0 0
1.64333 0 0 0 0
1.65 0 0 0 0
1.65667 0 0 0 0
1.66333 0 0 0 0
1.67 0 0 0 0
1.67667 0 0 0 0
1.68333 0 0 0 0
1.69 0 0 0 0
1.69667 0 0 0 0
1.70333 0 0 0 0
1.71 0 0 0 0
1.71667 0 0 0 0
1.72333 0 0 0 0
1.73 0 0 0 0
1.73667 0 0 0 0
1.74333 0 0 0 0
1.75 0 0 0 0
1.75667 0 0 0 0
1.76333 0 0 0 0
1.77 0 0 0 0
1.77667 0 0 0 0
1.78333 0 0 0 0
1.79 0 0 0 0
1.79667 0 0 0 0
1.80333 0 0 0 0
1.81 0 0 0 0
1.81667 0 0 0 0
1.82333 0 0 0 0
1.83 0 0 0 0
1.83667 0 0 0 0
1.84333 0 0 0 0
1.85 0 0 0 0
1.85667 0 0 0 0
1.86333 0 0 0 0
1.87 0 0 0 0
1.87667 0 0 0 0
1.88333 0 0 0 0
1.89 0 0 0 0
1.89667 0 0 0 0
1.90333 0 0 0 0
1.91 0 0 0 0
1.91667 0 0 0 0
1.92333 0 0 0 0
1.93 0 0 0 0
1.93667 0 0 0 0
1.94333 0 0 0 0
1.95 0 0 0 0
1.95667 0 0 0 0
1.96333 0 0 0 0
1.97 0 0 0 0
1.97667 0 0 0 0
1.98333 0 0 0 0
1.99 0 0 0 0
1.99667 0 0 0 0
