0.00333333 37 83 6 9
0.01 32 88 6 8
0.0166667 35 92 2 7
0.0233333 36 98 4 7
0.03 39 115 6 7
0.0366667 44 108 6 6
0.0433333 58 150 11 4
0.05 54 136 9 8
0.0566667 79 173 16 12
0.0633333 86 195 17 9
0.07 105 190 23 11
0.0766667 85 214 21 21
0.0833333 97 223 23 8
0.09 95 212 19 9
0.0966667 80 210 13 9
0.103333 96 229 15 10
0.11 93 232 20 13
0.116667 91 246 14 18
0.123333 115 234 11 14
0.13 95 247 12 16
0.136667 91 223 9 17
0.143333 90 225 16 10
0.15 104 220 19 6
0.156667 104 202 12 20
0.163333 93 222 11 8
0.17 82 195 5 11
0.176667 84 190 14 19
0.183333 108 220 13 15
0.19 130 246 8 24
0.196667 94 257 11 26
0.203333 122 245 10 20
0.21 91 240 7 18
0.216667 90 246 11 12
0.223333 82 225 8 13
0.23 76 209 7 6
0.236667 78 191 14 13
0.243333 74 167 7 9
0.25 69 192 11 13
0.256667 61 176 7 12
0.263333 59 157 8 11
0.27 64 170 7 15
0.276667 78 160 3 12
0.283333 52 148 11 7
0.29 69 133 6 7
0.296667 53 139 8 4
0.303333 59 131 5 5
0.31 86 136 10 8
0.316667 53 106 7 11
0.323333 52 135 7 15
0.33 51 125 5 5
0.336667 40 126 5 9
0.343333 44 120 7 15
0.35 43 122 4 8
0.356667 56 102 6 11
0.363333 41 122 6 7
0.37 44 107 5 8
0.376667 42 111 8 5
0.383333 57 110 9 7
0.39 54 90 2 11
0.396667 43 113 10 5
0.403333 39 98 5 5
0.41 45 111 7 5
0.416667 41 103 5 6
0.423333 50 105 2 12
0.43 51 113 2 5
0.436667 53 106 4 9
0.443333 51 93 4 9
0.45 44 96 6 9
0.456667 45 111 4 14
0.463333 46 111 4 11
0.47 60 103 4 10
0.476667 41 93 2 3
0.483333 18 62 3 6
0.49 22 57 5 5
0.496667 21 62 2 6
0.503333 19 45 5 6
0.51 25 43 4 2
0.516667 16 55 4 2
0.523333 18 51 1 5
0.53 20 48 4 3
0.536667 21 48 4 6
0.543333 22 55 4 3
0.55 18 51 1 5
0.556667 17 47 5 4
0.563333 12 43 3 2
0.57 20 48 6 2
0.576667 9 56 2 4
0.583333 19 38 5 3
0.59 10 42 4 3
0.596667 13 35 3 8
0.603333 13 41 3 1
0.61 11 43 5 1
0.616667 21 30 4 3
0.623333 11 35 5 4
0.63 11 41 2 5
0.636667 14 43 3 4
0.643333 10 29 2 2
0.65 15 33 4 5
0.656667 8 28 3 6
0.663333 1984 3909 77 349
0.67 0 0 0 0
0.676667 0 0 0 0
0.683333 0 0 0 0
0.69 0 0 0 0
0.696667 0 0 0 0
0.703333 0 0 0 0
0.71 0 0 0 0
0.716667 0 0 0 0
0.723333 0 0 0 0
0.73 0 0 0 0
0.736667 0 0 0 0
0.743333 0 0 0 0
0.75 0 0 0 0
0.756667 0 0 0 0
0.763333 0 0 0 0
0.77 0 0 0 0
0.776667 0 0 0 0
0.783333 0 0 0 0
0.79 0 0 0 0
0.796667 0 0 0 0
0.803333 0 0 0 0
0.81 0 0 0 0
0.816667 0 0 0 0
0.823333 0 0 0 0
0.83 0 0 0 0
0.836667 0 0 0 0
0.843333 0 0 0 0
0.85 0 0 0 0
0.856667 0 0 0 0
0.863333 0 0 0 0
0.87 0 0 0 0
0.876667 0 0 0 0
0.883333 0 0 0 0
0.89 0 0 0 0
0.896667 0 0 0 0
0.903333 0 0 0 0
0.91 0 0 0 0
0.916667 0 0 0 0
0.923333 0 0 0 0
0.93 0 0 0 0
0.936667 0 0 0 0
0.943333 0 0 0 0
0.95 0 0 0 0
0.956667 0 0 0 0
0.963333 0 0 0 0
0.97 0 0 0 0
0.976667 0 0 0 0
0.983333 0 0 0 0
0.99 0 0 0 0
0.996667 0 0 0 0
1.00333 0 0 0 0
1.01 0 0 0 0
1.01667 0 0 0 0
1.02333 0 0 0 0
1.03 0 0 0 0
1.03667 0 0 0 0
1.04333 0 0 0 0
1.05 0 0 0 0
1.05667 0 0 0 0
1.06333 0 0 0 0
1.07 0 0 0 0
1.07667 0 0 0 0
1.08333 0 0 0 0
1.09 0 0 0 0
1.09667 0 0 0 0
1.10333 0 0 0 0
1.11 0 0 0 0
1.11667 0 0 0 0
1.12333 0 0 0 0
1.13 0 0 0 0
1.13667 0 0 0 0
1.14333 0 0 0 0
1.15 0 0 0 0
1.15667 0 0 0 0
1.16333 0 0 0 0
1.17 0 0 0 0
1.17667 0 0 0 0
1.18333 0 0 0 0
1.19 0 0 0 0
1.19667 0 0 0 0
1.20333 0 0 0 0
1.21 0 0 0 0
1.21667 0 0 0 0
1.22333 0 0 0 0
1.23 0 0 0 0
1.23667 0 0 0 0
1.24333 0 0 0 0
1.25 0 0 0 0
1.25667 0 0 0 0
1.26333 0 0 0 0
1.27 0 0 0 0
1.27667 0 0 0 0
1.28333 0 0 0 0
1.29 0 0 0 0
1.29667 0 0 0 0
1.30333 0 0 0 0
1.31 0 0 0 0
1.31667 0 0 0 0
1.32333 0 0 0 0
1.33 0 0 0 0
1.33667 0 0 0 0
1.34333 0 0 0 0
1.35 0 0 0 0
1.35667 0 0 0 0
1.36333 0 0 0 0
1.37 0 0 0 0
1.37667 0 0 0 0
1.38333 0 0 0 0
1.39 0 0 0 0
1.39667 0 0 0 0
1.40333 0 0 0 0
1.41 0 0 0 0
1.41667 0 0 0 0
1.42333 0 0 0 0
1.43 0 0 0 0
1.43667 0 0 0 0
1.44333 0 0 0 0
1.45 0 0 0 0
1.45667 0 0 0 0
1.46333 0 0 0 0
1.47 0 0 0 0
1.47667 0 0 0 0
1.48333 0 0 0 0
1.49 0 0 0 0
1.49667 0 0 0 0
1.50333 0 0 0 0
1.51 0 0 0 0
1.51667 0 0 0 0
1.52333 0 0 0 0
1.53 0 0 0 0
1.53667 0 0 0 0
1.54333 0 0 0 0
1.55 0 0 0 0
1.55667 0 0 0 0
1.56333 0 0 0 0
1.57 0 0 0 0
1.57667 0 0 0 0
1.58333 0 0 0 0
1.59 0 0 0 0
1.59667 0 0 0 0
1.60333 0 0 0 0
1.61 0 0 0 0
1.61667 0 0 0 0
1.62333 0 0 0 0
1.63 0 0 0 0
1.63667 0 0 0 0
1.64333 0 0 0 0
1.65 0 0 0 0
1.65667 0 0 0 0
1.66333 0 0 0 0
1.67 0 0 0 0
1.67667 0 0 0 0
1.68333 0 0 0 0
1.69 0 0 0 0
1.69667 0 0 0 0
1.70333 0 0 0 0
1.71 0 0 0 0
1.71667 0 0 0 0
1.72333 0 0 0 0
1.73 0 0 0 0
1.73667 0 0 0 0
1.74333 0 0 0 0
1.75 0 0 0 0
1.75667 0 0 0 0
1.76333 0 0 0 0
1.77 0 0 0 0
1.77667 0 0 0 0
1.78333 0 0 0 0
1.79 0 0 0 0
1.79667 0 0 0 0
1.80333 0 0 0 0
1.81 0 0 0 0
1.81667 0 0 0 0
1.82333 0 0 0 0
1.83 0 0 0 0
1.83667 0 0 0 0
1.84333 0 0 0 0
1.85 0 0 0 0
1.85667 0 0 0 0
1.86333 0 0 0 0
1.87 0 0 0 0
1.87667 0 0 0 0
1.88333 0 0 0 0
1.89 0 0 0 0
1.89667 0 0 0 0
1.90333 0 0 0 0
1.91 0 0 0 0
1.91667 0 0 0 0
1.92333 0 0 0 0
1.93 0 0 0 0
1.93667 0 0 0 0
1.94333 0 0 0 0
1.95 0 0 0 0
1.95667 0 0 0 0
1.96333 0 0 0 0
1.97 0 0 0 0
1.97667 0 0 0 0
1.98333 0 0 0 0
1.99 0 0 0 0
1.99667 0 0 0 0
