0.00333333 23 60 7 0
0.01 39 60 7 0
0.0166667 46 73 8 1
0.0233333 43 69 4 0
0.03 37 64 8 2
0.0366667 58 90 6 1
0.0433333 77 126 7 1
0.05 105 131 14 2
0.0566667 104 165 14 0
0.0633333 112 176 6 4
0.07 146 211 9 4
0.0766667 138 195 11 1
0.0833333 130 206 14 3
0.09 132 215 20 4
0.0966667 138 209 15 2
0.103333 133 196 8 3
0.11 141 214 16 3
0.116667 126 230 18 2
0.123333 131 207 8 1
0.13 128 184 10 0
0.136667 102 180 5 1
0.143333 97 176 10 0
0.15 98 163 17 3
0.156667 93 183 14 5
0.163333 104 177 16 1
0.17 96 167 10 3
0.176667 87 155 20 2
0.183333 92 150 10 0
0.19 91 190 14 0
0.196667 102 187 13 2
0.203333 74 189 12 4
0.21 92 166 7 1
0.216667 62 140 10 1
0.223333 72 134 13 1
0.23 60 131 8 2
0.236667 54 138 9 0
0.243333 64 129 14 0
0.25 78 131 6 1
0.256667 48 128 12 1
0.263333 60 107 8 1
0.27 75 92 7 1
0.276667 67 103 13 3
0.283333 50 90 7 0
0.29 60 100 7 2
0.296667 48 105 4 2
0.303333 40 106 7 1
0.31 62 84 9 0
0.316667 46 101 7 0
0.323333 44 85 5 2
0.33 40 75 7 0
0.336667 39 93 8 0
0.343333 39 89 3 1
0.35 47 73 5 2
0.356667 40 88 6 1
0.363333 39 71 4 3
0.37 42 78 6 0
0.376667 35 87 5 1
0.383333 43 60 9 1
0.39 32 69 6 2
0.396667 35 72 4 1
0.403333 40 76 5 1
0.41 41 83 7 0
0.416667 35 69 11 3
0.423333 46 63 8 0
0.43 34 60 5 0
0.436667 30 68 10 0
0.443333 36 74 4 2
0.45 45 72 5 0
0.456667 44 68 6 0
0.463333 33 60 5 2
0.47 34 58 3 1
0.476667 30 61 6 0
0.483333 27 50 1 0
0.49 22 36 3 1
0.496667 24 37 3 0
0.503333 29 39 7 2
0.51 22 49 7 0
0.516667 27 33 1 2
0.523333 13 24 5 1
0.53 17 24 3 0
0.536667 28 31 3 2
0.543333 17 30 2 0
0.55 23 24 1 1
0.556667 22 33 4 0
0.563333 16 43 4 1
0.57 15 31 3 2
0.576667 17 40 5 0
0.583333 23 36 4 0
0.59 18 31 2 1
0.596667 19 33 5 0
0.603333 22 25 4 0
0.61 17 20 2 1
0.616667 16 22 4 1
0.623333 26 35 5 0
0.63 13 32 3 1
0.636667 15 29 2 0
0.643333 13 25 4 0
0.65 23 26 5 0
0.656667 17 27 0 0
0.663333 697 1937 128 11
0.67 0 0 0 0
0.676667 0 0 0 0
0.683333 0 0 0 0
0.69 0 0 0 0
0.696667 0 0 0 0
0.703333 0 0 0 0
0.71 0 0 0 0
0.716667 0 0 0 0
0.723333 0 0 0 0
0.73 0 0 0 0
0.736667 0 0 0 0
0.743333 0 0 0 0
0.75 0 0 0 0
0.756667 0 0 0 0
0.763333 0 0 0 0
0.77 0 0 0 0
0.776667 0 0 0 0
0.783333 0 0 0 0
0.79 0 0 0 0
0.796667 0 0 0 0
0.803333 0 0 0 0
0.81 0 0 0 0
0.816667 0 0 0 0
0.823333 0 0 0 0
0.83 0 0 0 0
0.836667 0 0 0 0
0.843333 0 0 0 0
0.85 0 0 0 0
0.856667 0 0 0 0
0.863333 0 0 0 0
0.87 0 0 0 0
0.876667 0 0 0 0
0.883333 0 0 0 0
0.89 0 0 0 0
0.896667 0 0 0 0
0.903333 0 0 0 0
0.91 0 0 0 0
0.916667 0 0 0 0
0.923333 0 0 0 0
0.93 0 0 0 0
0.936667 0 0 0 0
0.943333 0 0 0 0
0.95 0 0 0 0
0.956667 0 0 0 0
0.963333 0 0 0 0
0.97 0 0 0 0
0.976667 0 0 0 0
0.983333 0 0 0 0
0.99 0 0 0 0
0.996667 0 0 0 0
1.00333 0 0 0 0
1.01 0 0 0 0
1.01667 0 0 0 0
1.02333 0 0 0 0
1.03 0 0 0 0
1.03667 0 0 0 0
1.04333 0 0 0 0
1.05 0 0 0 0
1.05667 0 0 0 0
1.06333 0 0 0 0
1.07 0 0 0 0
1.07667 0 0 0 0
1.08333 0 0 0 0
1.09 0 0 0 0
1.09667 0 0 0 0
1.10333 0 0 0 0
1.11 0 0 0 0
1.11667 0 0 0 0
1.12333 0 0 0 0
1.13 0 0 0 0
1.13667 0 0 0 0
1.14333 0 0 0 0
1.15 0 0 0 0
1.15667 0 0 0 0
1.16333 0 0 0 0
1.17 0 0 0 0
1.17667 0 0 0 0
1.18333 0 0 0 0
1.19 0 0 0 0
1.19667 0 0 0 0
1.20333 0 0 0 0
1.21 0 0 0 0
1.21667 0 0 0 0
1.22333 0 0 0 0
1.23 0 0 0 0
1.23667 0 0 0 0
1.24333 0 0 0 0
1.25 0 0 0 0
1.25667 0 0 0 0
1.26333 0 0 0 0
1.27 0 0 0 0
1.27667 0 0 0 0
1.28333 0 0 0 0
1.29 0 0 0 0
1.29667 0 0 0 0
1.30333 0 0 0 0
1.31 0 0 0 0
1.31667 0 0 0 0
1.32333 0 0 0 0
1.33 0 0 0 0
1.33667 0 0 0 0
1.34333 0 0 0 0
1.35 0 0 0 0
1.35667 0 0 0 0
1.36333 0 0 0 0
1.37 0 0 0 0
1.37667 0 0 0 0
1.38333 0 0 0 0
1.39 0 0 0 0
1.39667 0 0 0 0
1.40333 0 0 0 0
1.41 0 0 0 0
1.41667 0 0 0 0
1.42333 0 0 0 0
1.43 0 0 0 0
1.43667 0 0 0 0
1.44333 0 0 0 0
1.45 0 0 0 0
1.45667 0 0 0 0
1.46333 0 0 0 0
1.47 0 0 0 0
1.47667 0 0 0 0
1.48333 0 0 0 0
1.49 0 0 0 0
1.49667 0 0 0 0
1.50333 0 0 0 0
1.51 0 0 0 0
1.51667 0 0 0 0
1.52333 0 0 0 0
1.53 0 0 0 0
1.53667 0 0 0 0
1.54333 0 0 0 0
1.55 0 0 0 0
1.55667 0 0 0 0
1.56333 0 0 0 0
1.57 0 0 0 0
1.57667 0 0 0 0
1.58333 0 0 0 0
1.59 0 0 0 0
1.59667 0 0 0 0
1.60333 0 0 0 0
1.61 0 0 0 0
1.61667 0 0 0 0
1.62333 0 0 0 0
1.63 0 0 0 0
1.63667 0 0 0 0
1.64333 0 0 0 0
1.65 0 0 0 0
1.65667 0 0 0 0
1.66333 0 0 0 0
1.67 0 0 0 0
1.67667 0 0 0 0
1.68333 0 0 0 0
1.69 0 0 0 0
1.69667 0 0 0 0
1.70333 0 0 0 0
1.71 0 0 0 0
1.71667 0 0 0 0
1.72333 0 0 0 0
1.73 0 0 0 0
1.73667 0 0 0 0
1.74333 0 0 0 0
1.75 0 0 0 0
1.75667 0 0 0 0
1.76333 0 0 0 0
1.77 0 0 0 0
1.77667 0 0 0 0
1.78333 0 0 0 0
1.79 0 0 0 0
1.79667 0 0 0 0
1.80333 0 0 0 0
1.81 0 0 0 0
1.81667 0 0 0 0
1.82333 0 0 0 0
1.83 0 0 0 0
1.83667 0 0 0 0
1.84333 0 0 0 0
1.85 0 0 0 0
1.85667 0 0 0 0
1.86333 0 0 0 0
1.87 0 0 0 0
1.87667 0 0 0 0
1.88333 0 0 0 0
1.89 0 0 0 0
1.89667 0 0 0 0
1.90333 0 0 0 0
1.91 0 0 0 0
1.91667 0 0 0 0
1.92333 0 0 0 0
1.93 0 0 0 0
1.93667 0 0 0 0
1.94333 0 0 0 0
1.95 0 0 0 0
1.95667 0 0 0 0
1.96333 0 0 0 0
1.97 0 0 0 0
1.97667 0 0 0 0
1.98333 0 0 0 0
1.99 0 0 0 0
1.99667 0 0 0 0
