0.00333333 11 55 6 0
0.01 11 69 4 1
0.0166667 15 69 3 0
0.0233333 17 73 7 0
0.03 16 74 2 1
0.0366667 29 72 6 0
0.0433333 27 98 8 0
0.05 36 95 5 0
0.0566667 43 117 3 2
0.0633333 45 100 8 0
0.07 47 111 8 0
0.0766667 51 108 8 1
0.0833333 60 110 11 5
0.09 52 116 6 1
0.0966667 54 124 9 0
0.103333 54 108 4 0
0.11 57 114 12 0
0.116667 52 129 15 1
0.123333 41 113 8 1
0.13 42 132 4 1
0.136667 42 124 7 2
0.143333 41 112 8 1
0.15 52 111 4 1
0.156667 29 122 7 0
0.163333 48 129 6 1
0.17 32 127 4 1
0.176667 27 99 5 0
0.183333 34 147 8 3
0.19 40 190 5 1
0.196667 30 173 8 0
0.203333 30 165 4 0
0.21 27 147 9 0
0.216667 25 153 3 1
0.223333 29 125 14 0
0.23 29 112 8 0
0.236667 28 110 8 0
0.243333 38 123 11 0
0.25 28 133 8 0
0.256667 31 114 13 0
0.263333 32 105 7 0
0.27 21 83 7 0
0.276667 32 106 5 0
0.283333 26 81 0 1
0.29 18 86 3 0
0.296667 21 99 9 0
0.303333 18 102 4 1
0.31 19 97 4 0
0.316667 20 94 4 0
0.323333 21 68 6 1
0.33 20 78 5 0
0.336667 26 87 6 0
0.343333 24 78 7 1
0.35 24 69 4 0
0.356667 17 87 7 1
0.363333 18 84 9 0
0.37 17 89 1 0
0.376667 23 83 4 0
0.383333 13 67 5 0
0.39 25 82 8 0
0.396667 9 82 6 1
0.403333 11 63 3 1
0.41 15 84 5 0
0.416667 17 82 4 0
0.423333 19 80 10 0
0.43 15 76 9 0
0.436667 14 84 3 0
0.443333 12 74 4 0
0.45 13 94 3 0
0.456667 18 73 5 1
0.463333 16 88 5 0
0.47 13 62 10 0
0.476667 25 63 3 0
0.483333 12 36 2 0
0.49 16 30 3 0
0.496667 11 26 4 1
0.503333 11 28 1 0
0.51 9 30 4 2
0.516667 11 21 5 0
0.523333 12 15 6 0
0.53 13 6 4 1
0.536667 13 25 3 2
0.543333 8 24 2 0
0.55 11 7 2 0
0.556667 12 15 2 0
0.563333 16 4 5 0
0.57 12 13 2 0
0.576667 14 8 3 0
0.583333 11 8 5 0
0.59 8 10 3 0
0.596667 13 11 2 0
0.603333 11 9 2 0
0.61 13 5 3 0
0.616667 11 12 1 0
0.623333 11 9 2 0
0.63 13 7 0 0
0.636667 16 14 5 0
0.643333 9 8 4 0
0.65 13 2 3 1
0.656667 12 16 5 0
0.663333 395 4336 218 4
0.67 0 0 0 0
0.676667 0 0 0 0
0.683333 0 0 0 0
0.69 0 0 0 0
0.696667 0 0 0 0
0.703333 0 0 0 0
0.71 0 0 0 0
0.716667 0 0 0 0
0.723333 0 0 0 0
0.73 0 0 0 0
0.736667 0 0 0 0
0.743333 0 0 0 0
0.75 0 0 0 0
0.756667 0 0 0 0
0.763333 0 0 0 0
0.77 0 0 0 0
0.776667 0 0 0 0
0.783333 0 0 0 0
0.79 0 0 0 0
0.796667 0 0 0 0
0.803333 0 0 0 0
0.81 0 0 0 0
0.816667 0 0 0 0
0.823333 0 0 0 0
0.83 0 0 0 0
0.836667 0 0 0 0
0.843333 0 0 0 0
0.85 0 0 0 0
0.856667 0 0 0 0
0.863333 0 0 0 0
0.87 0 0 0 0
0.876667 0 0 0 0
0.883333 0 0 0 0
0.89 0 0 0 0
0.896667 0 0 0 0
0.903333 0 0 0 0
0.91 0 0 0 0
0.916667 0 0 0 0
0.923333 0 0 0 0
0.93 0 0 0 0
0.936667 0 0 0 0
0.943333 0 0 0 0
0.95 0 0 0 0
0.956667 0 0 0 0
0.963333 0 0 0 0
0.97 0 0 0 0
0.976667 0 0 0 0
0.983333 0 0 0 0
0.99 0 0 0 0
0.996667 0 0 0 0
1.00333 0 0 0 0
1.01 0 0 0 0
1.01667 0 0 0 0
1.02333 0 0 0 0
1.03 0 0 0 0
1.03667 0 0 0 0
1.04333 0 0 0 0
1.05 0 0 0 0
1.05667 0 0 0 0
1.06333 0 0 0 0
1.07 0 0 0 0
1.07667 0 0 0 0
1.08333 0 0 0 0
1.09 0 0 0 0
1.09667 0 0 0 0
1.10333 0 0 0 0
1.11 0 0 0 0
1.11667 0 0 0 0
1.12333 0 0 0 0
1.13 0 0 0 0
1.13667 0 0 0 0
1.14333 0 0 0 0
1.15 0 0 0 0
1.15667 0 0 0 0
1.16333 0 0 0 0
1.17 0 0 0 0
1.17667 0 0 0 0
1.18333 0 0 0 0
1.19 0 0 0 0
1.19667 0 0 0 0
1.20333 0 0 0 0
1.21 0 0 0 0
1.21667 0 0 0 0
1.22333 0 0 0 0
1.23 0 0 0 0
1.23667 0 0 0 0
1.24333 0 0 0 0
1.25 0 0 0 0
1.25667 0 0 0 0
1.26333 0 0 0 0
1.27 0 0 0 0
1.27667 0 0 0 0
1.28333 0 0 0 0
1.29 0 0 0 0
1.29667 0 0 0 0
1.30333 0 0 0 0
1.31 0 0 0 0
1.31667 0 0 0 0
1.32333 0 0 0 0
1.33 0 0 0 0
1.33667 0 0 0 0
1.34333 0 0 0 0
1.35 0 0 0 0
1.35667 0 0 0 0
1.36333 0 0 0 0
1.37 0 0 0 0
1.37667 0 0 0 0
1.38333 0 0 0 0
1.39 0 0 0 0
1.39667 0 0 0 0
1.40333 0 0 0 0
1.41 0 0 0 0
1.41667 0 0 0 0
1.42333 0 0 0 0
1.43 0 0 0 0
1.43667 0 0 0 0
1.44333 0 0 0 0
1.45 0 0 0 0
1.45667 0 0 0 0
1.46333 0 0 0 0
1.47 0 0 0 0
1.47667 0 0 0 0
1.48333 0 0 0 0
1.49 0 0 0 0
1.49667 0 0 0 0
1.50333 0 0 0 0
1.51 0 0 0 0
1.51667 0 0 0 0
1.52333 0 0 0 0
1.53 0 0 0 0
1.53667 0 0 0 0
1.54333 0 0 0 0
1.55 0 0 0 0
1.55667 0 0 0 0
1.56333 0 0 0 0
1.57 0 0 0 0
1.57667 0 0 0 0
1.58333 0 0 0 0
1.59 0 0 0 0
1.59667 0 0 0 0
1.60333 0 0 0 0
1.61 0 0 0 0
1.61667 0 0 0 0
1.62333 0 0 0 0
1.63 0 0 0 0
1.63667 0 0 0 0
1.64333 0 0 0 0
1.65 0 0 0 0
1.65667 0 0 0 0
1.66333 0 0 0 0
1.67 0 0 0 0
1.67667 0 0 0 0
1.68333 0 0 0 0
1.69 0 0 0 0
1.69667 0 0 0 0
1.70333 0 0 0 0
1.71 0 0 0 0
1.71667 0 0 0 0
1.72333 0 0 0 0
1.73 0 0 0 0
1.73667 0 0 0 0
1.74333 0 0 0 0
1.75 0 0 0 0
1.75667 0 0 0 0
1.76333 0 0 0 0
1.77 0 0 0 0
1.77667 0 0 0 0
1.78333 0 0 0 0
1.79 0 0 0 0
1.79667 0 0 0 0
1.80333 0 0 0 0
1.81 0 0 0 0
1.81667 0 0 0 0
1.82333 0 0 0 0
1.83 0 0 0 0
1.83667 0 0 0 0
1.84333 0 0 0 0
1.85 0 0 0 0
1.85667 0 0 0 0
1.86333 0 0 0 0
1.87 0 0 0 0
1.87667 0 0 0 0
1.88333 0 0 0 0
1.89 0 0 0 0
1.89667 0 0 0 0
1.90333 0 0 0 0
1.91 0 0 0 0
1.91667 0 0 0 0
1.92333 0 0 0 0
1.93 0 0 0 0
1.93667 0 0 0 0
1.94333 0 0 0 0
1.95 0 0 0 0
1.95667 0 0 0 0
1.96333 0 0 0 0
1.97 0 0 0 0
1.97667 0 0 0 0
1.98333 0 0 0 0
1.99 0 0 0 0
1.99667 0 0 0 0
