0.00333333 65 47 1 1
0.01 63 67 3 2
0.0166667 103 56 5 2
0.0233333 91 64 4 1
0.03 101 58 0 2
0.0366667 99 82 3 1
0.0433333 110 100 8 2
0.05 156 138 5 5
0.0566667 175 188 12 8
0.0633333 222 162 9 4
0.07 214 178 6 5
0.0766667 223 188 14 3
0.0833333 245 187 7 9
0.09 244 201 10 6
0.0966667 254 196 6 3
0.103333 243 155 13 4
0.11 260 200 8 3
0.116667 257 202 8 6
0.123333 258 173 13 4
0.13 240 189 13 8
0.136667 248 168 14 3
0.143333 265 162 12 4
0.15 217 148 11 8
0.156667 214 151 8 5
0.163333 215 149 10 3
0.17 235 130 7 3
0.176667 231 153 8 3
0.183333 216 159 13 7
0.19 255 153 11 8
0.196667 234 148 3 5
0.203333 207 132 6 6
0.21 193 110 8 5
0.216667 205 116 3 11
0.223333 191 124 16 9
0.23 181 137 3 5
0.236667 160 113 6 2
0.243333 159 101 7 3
0.25 160 108 8 2
0.256667 147 108 4 8
0.263333 134 89 4 4
0.27 144 99 4 4
0.276667 171 94 4 1
0.283333 117 92 9 1
0.29 111 79 6 4
0.296667 130 81 3 3
0.303333 121 79 4 1
0.31 124 88 6 4
0.316667 105 75 4 6
0.323333 133 59 4 4
0.33 123 62 10 5
0.336667 105 63 6 3
0.343333 97 58 2 2
0.35 79 70 6 3
0.356667 80 61 6 3
0.363333 109 72 5 4
0.37 85 65 4 3
0.376667 74 57 4 3
0.383333 64 56 1 2
0.39 73 56 5 1
0.396667 83 52 0 3
0.403333 93 71 6 2
0.41 85 54 4 1
0.416667 64 66 2 3
0.423333 93 49 5 3
0.43 81 57 4 0
0.436667 85 52 1 3
0.443333 90 49 3 2
0.45 81 54 5 2
0.456667 86 65 3 2
0.463333 73 42 3 2
0.47 75 48 1 0
0.476667 74 47 5 1
0.483333 47 35 4 3
0.49 46 41 7 1
0.496667 43 38 6 1
0.503333 52 30 2 1
0.51 35 32 3 2
0.516667 38 34 6 1
0.523333 47 38 4 2
0.53 33 26 3 1
0.536667 48 41 1 0
0.543333 36 24 4 2
0.55 35 37 0 1
0.556667 34 29 6 0
0.563333 31 22 3 2
0.57 32 28 3 7
0.576667 27 34 3 1
0.583333 25 29 2 0
0.59 30 19 1 3
0.596667 40 25 0 2
0.603333 24 30 1 3
0.61 32 22 3 3
0.616667 35 17 3 3
0.623333 33 28 0 0
0.63 32 22 0 1
0.636667 41 24 3 0
0.643333 30 27 2 0
0.65 31 25 0 2
0.656667 26 22 4 4
0.663333 2669 1328 47 41
0.67 0 0 0 0
0.676667 0 0 0 0
0.683333 0 0 0 0
0.69 0 0 0 0
0.696667 0 0 0 0
0.703333 0 0 0 0
0.71 0 0 0 0
0.716667 0 0 0 0
0.723333 0 0 0 0
0.73 0 0 0 0
0.736667 0 0 0 0
0.743333 0 0 0 0
0.75 0 0 0 0
0.756667 0 0 0 0
0.763333 0 0 0 0
0.77 0 0 0 0
0.776667 0 0 0 0
0.783333 0 0 0 0
0.79 0 0 0 0
0.796667 0 0 0 0
0.803333 0 0 0 0
0.81 0 0 0 0
0.816667 0 0 0 0
0.823333 0 0 0 0
0.83 0 0 0 0
0.836667 0 0 0 0
0.843333 0 0 0 0
0.85 0 0 0 0
0.856667 0 0 0 0
0.863333 0 0 0 0
0.87 0 0 0 0
0.876667 0 0 0 0
0.883333 0 0 0 0
0.89 0 0 0 0
0.896667 0 0 0 0
0.903333 0 0 0 0
0.91 0 0 0 0
0.916667 0 0 0 0
0.923333 0 0 0 0
0.93 0 0 0 0
0.936667 0 0 0 0
0.943333 0 0 0 0
0.95 0 0 0 0
0.956667 0 0 0 0
0.963333 0 0 0 0
0.97 0 0 0 0
0.976667 0 0 0 0
0.983333 0 0 0 0
0.99 0 0 0 0
0.996667 0 0 0 0
1.00333 0 0 0 0
1.01 0 0 0 0
1.01667 0 0 0 0
1.02333 0 0 0 0
1.03 0 0 0 0
1.03667 0 0 0 0
1.04333 0 0 0 0
1.05 0 0 0 0
1.05667 0 0 0 0
1.06333 0 0 0 0
1.07 0 0 0 0
1.07667 0 0 0 0
1.08333 0 0 0 0
1.09 0 0 0 0
1.09667 0 0 0 0
1.10333 0 0 0 0
1.11 0 0 0 0
1.11667 0 0 0 0
1.12333 0 0 0 0
1.13 0 0 0 0
1.13667 0 0 0 0
1.14333 0 0 0 0
1.15 0 0 0 0
1.15667 0 0 0 0
1.16333 0 0 0 0
1.17 0 0 0 0
1.17667 0 0 0 0
1.18333 0 0 0 0
1.19 0 0 0 0
1.19667 0 0 0 0
1.20333 0 0 0 0
1.21 0 0 0 0
1.21667 0 0 0 0
1.22333 0 0 0 0
1.23 0 0 0 0
1.23667 0 0 0 0
1.24333 0 0 0 0
1.25 0 0 0 0
1.25667 0 0 0 0
1.26333 0 0 0 0
1.27 0 0 0 0
1.27667 0 0 0 0
1.28333 0 0 0 0
1.29 0 0 0 0
1.29667 0 0 0 0
1.30333 0 0 0 0
1.31 0 0 0 0
1.31667 0 0 0 0
1.32333 0 0 0 0
1.33 0 0 0 0
1.33667 0 0 0 0
1.34333 0 0 0 0
1.35 0 0 0 0
1.35667 0 0 0 0
1.36333 0 0 0 0
1.37 0 0 0 0
1.37667 0 0 0 0
1.38333 0 0 0 0
1.39 0 0 0 0
1.39667 0 0 0 0
1.40333 0 0 0 0
1.41 0 0 0 0
1.41667 0 0 0 0
1.42333 0 0 0 0
1.43 0 0 0 0
1.43667 0 0 0 0
1.44333 0 0 0 0
1.45 0 0 0 0
1.45667 0 0 0 0
1.46333 0 0 0 0
1.47 0 0 0 0
1.47667 0 0 0 0
1.48333 0 0 0 0
1.49 0 0 0 0
1.49667 0 0 0 0
1.50333 0 0 0 0
1.51 0 0 0 0
1.51667 0 0 0 0
1.52333 0 0 0 0
1.53 0 0 0 0
1.53667 0 0 0 0
1.54333 0 0 0 0
1.55 0 0 0 0
1.55667 0 0 0 0
1.56333 0 0 0 0
1.57 0 0 0 0
1.57667 0 0 0 0
1.58333 0 0 0 0
1.59 0 0 0 0
1.59667 0 0 0 0
1.60333 0 0 0 0
1.61 0 0 0 0
1.61667 0 0 0 0
1.62333 0 0 0 0
1.63 0 0 0 0
1.63667 0 0 0 0
1.64333 0 0 0 0
1.65 0 0 0 0
1.65667 0 0 0 0
1.66333 0 0 0 0
1.67 0 0 0 0
1.67667 0 0 0 0
1.68333 0 0 0 0
1.69 0 0 0 0
1.69667 0 0 0 0
1.70333 0 0 0 0
1.71 0 0 0 0
1.71667 0 0 0 0
1.72333 0 0 0 0
1.73 0 0 0 0
1.73667 0 0 0 0
1.74333 0 0 0 0
1.75 0 0 0 0
1.75667 0 0 0 0
1.76333 0 0 0 0
1.77 0 0 0 0
1.77667 0 0 0 0
1.78333 0 0 0 0
1.79 0 0 0 0
1.79667 0 0 0 0
1.80333 0 0 0 0
1.81 0 0 0 0
1.81667 0 0 0 0
1.82333 0 0 0 0
1.83 0 0 0 0
1.83667 0 0 0 0
1.84333 0 0 0 0
1.85 0 0 0 0
1.85667 0 0 0 0
1.86333 0 0 0 0
1.87 0 0 0 0
1.87667 0 0 0 0
1.88333 0 0 0 0
1.89 0 0 0 0
1.89667 0 0 0 0
1.90333 0 0 0 0
1.91 0 0 0 0
1.91667 0 0 0 0
1.92333 0 0 0 0
1.93 0 0 0 0
1.93667 0 0 0 0
1.94333 0 0 0 0
1.95 0 0 0 0
1.95667 0 0 0 0
1.96333 0 0 0 0
1.97 0 0 0 0
1.97667 0 0 0 0
1.98333 0 0 0 0
1.99 0 0 0 0
1.99667 0 0 0 0
