0.00333333 121 24 2 3
0.01 129 38 2 6
0.0166667 145 43 1 1
0.0233333 158 39 2 3
0.03 158 46 2 6
0.0366667 149 55 3 2
0.0433333 179 62 2 2
0.05 231 96 4 2
0.0566667 248 105 7 7
0.0633333 253 110 4 3
0.07 293 119 10 6
0.0766667 330 125 4 3
0.0833333 311 118 8 7
0.09 324 143 7 4
0.0966667 327 110 4 10
0.103333 294 94 9 11
0.11 330 118 7 4
0.116667 346 116 5 6
0.123333 364 111 4 7
0.13 329 125 7 4
0.136667 351 91 4 6
0.143333 359 104 3 5
0.15 366 94 5 3
0.156667 337 98 6 0
0.163333 309 84 6 11
0.17 342 83 5 5
0.176667 347 70 2 5
0.183333 372 98 2 5
0.19 470 87 6 10
0.196667 468 84 2 7
0.203333 422 92 7 8
0.21 408 85 2 8
0.216667 360 101 5 10
0.223333 372 74 7 4
0.23 328 70 3 11
0.236667 300 83 2 3
0.243333 251 77 2 5
0.25 283 78 2 3
0.256667 235 64 1 5
0.263333 230 67 1 6
0.27 223 55 5 3
0.276667 237 53 2 5
0.283333 204 51 2 5
0.29 183 52 0 6
0.296667 216 62 3 2
0.303333 218 63 2 1
0.31 199 43 3 5
0.316667 172 55 1 5
0.323333 194 50 3 5
0.33 176 52 2 1
0.336667 160 26 3 3
0.343333 159 41 2 3
0.35 149 30 5 4
0.356667 149 38 6 4
0.363333 157 41 2 2
0.37 126 34 5 6
0.376667 164 42 4 1
0.383333 165 37 3 0
0.39 164 32 2 6
0.396667 135 39 1 3
0.403333 147 35 4 3
0.41 140 30 1 1
0.416667 131 44 1 1
0.423333 144 53 6 1
0.43 146 38 1 1
0.436667 155 45 2 6
0.443333 135 33 1 6
0.45 142 38 4 3
0.456667 152 35 3 3
0.463333 145 29 2 2
0.47 159 37 2 3
0.476667 125 36 1 2
0.483333 70 25 2 1
0.49 75 31 1 2
0.496667 56 25 2 2
0.503333 62 31 0 2
0.51 64 27 1 5
0.516667 74 30 4 2
0.523333 53 24 4 1
0.53 58 14 1 2
0.536667 72 24 0 4
0.543333 56 23 0 2
0.55 39 21 1 0
0.556667 54 12 0 3
0.563333 36 15 2 2
0.57 45 23 1 2
0.576667 49 15 2 0
0.583333 42 25 3 3
0.59 47 14 0 3
0.596667 36 18 1 3
0.603333 35 14 1 1
0.61 37 13 2 7
0.616667 47 20 1 1
0.623333 47 12 1 1
0.63 51 17 0 1
0.636667 65 21 0 3
0.643333 43 19 1 3
0.65 32 14 0 1
0.656667 39 16 5 3
0.663333 6906 842 23 125
0.67 0 0 0 0
0.676667 0 0 0 0
0.683333 0 0 0 0
0.69 0 0 0 0
0.696667 0 0 0 0
0.703333 0 0 0 0
0.71 0 0 0 0
0.716667 0 0 0 0
0.723333 0 0 0 0
0.73 0 0 0 0
0.736667 0 0 0 0
0.743333 0 0 0 0
0.75 0 0 0 0
0.756667 0 0 0 0
0.763333 0 0 0 0
0.77 0 0 0 0
0.776667 0 0 0 0
0.783333 0 0 0 0
0.79 0 0 0 0
0.796667 0 0 0 0
0.803333 0 0 0 0
0.81 0 0 0 0
0.816667 0 0 0 0
0.823333 0 0 0 0
0.83 0 0 0 0
0.836667 0 0 0 0
0.843333 0 0 0 0
0.85 0 0 0 0
0.856667 0 0 0 0
0.863333 0 0 0 0
0.87 0 0 0 0
0.876667 0 0 0 0
0.883333 0 0 0 0
0.89 0 0 0 0
0.896667 0 0 0 0
0.903333 0 0 0 0
0.91 0 0 0 0
0.916667 0 0 0 0
0.923333 0 0 0 0
0.93 0 0 0 0
0.936667 0 0 0 0
0.943333 0 0 0 0
0.95 0 0 0 0
0.956667 0 0 0 0
0.963333 0 0 0 0
0.97 0 0 0 0
0.976667 0 0 0 0
0.983333 0 0 0 0
0.99 0 0 0 0
0.996667 0 0 0 0
1.00333 0 0 0 0
1.01 0 0 0 0
1.01667 0 0 0 0
1.02333 0 0 0 0
1.03 0 0 0 0
1.03667 0 0 0 0
1.04333 0 0 0 0
1.05 0 0 0 0
1.05667 0 0 0 0
1.06333 0 0 0 0
1.07 0 0 0 0
1.07667 0 0 0 0
1.08333 0 0 0 0
1.09 0 0 0 0
1.09667 0 0 0 0
1.10333 0 0 0 0
1.11 0 0 0 0
1.11667 0 0 0 0
1.12333 0 0 0 0
1.13 0 0 0 0
1.13667 0 0 0 0
1.14333 0 0 0 0
1.15 0 0 0 0
1.15667 0 0 0 0
1.16333 0 0 0 0
1.17 0 0 0 0
1.17667 0 0 0 0
1.18333 0 0 0 0
1.19 0 0 0 0
1.19667 0 0 0 0
1.20333 0 0 0 0
1.21 0 0 0 0
1.21667 0 0 0 0
1.22333 0 0 0 0
1.23 0 0 0 0
1.23667 0 0 0 0
1.24333 0 0 0 0
1.25 0 0 0 0
1.25667 0 0 0 0
1.26333 0 0 0 0
1.27 0 0 0 0
1.27667 0 0 0 0
1.28333 0 0 0 0
1.29 0 0 0 0
1.29667 0 0 0 0
1.30333 0 0 0 0
1.31 0 0 0 0
1.31667 0 0 0 0
1.32333 0 0 0 0
1.33 0 0 0 0
1.33667 0 0 0 0
1.34333 0 0 0 0
1.35 0 0 0 0
1.35667 0 0 0 0
1.36333 0 0 0 0
1.37 0 0 0 0
1.37667 0 0 0 0
1.38333 0 0 0 0
1.39 0 0 0 0
1.39667 0 0 0 0
1.40333 0 0 0 0
1.41 0 0 0 0
1.41667 0 0 0 0
1.42333 0 0 0 0
1.43 0 0 0 0
1.43667 0 0 0 0
1.44333 0 0 0 0
1.45 0 0 0 0
1.45667 0 0 0 0
1.46333 0 0 0 0
1.47 0 0 0 0
1.47667 0 0 0 0
1.48333 0 0 0 0
1.49 0 0 0 0
1.49667 0 0 0 0
1.50333 0 0 0 0
1.51 0 0 0 0
1.51667 0 0 0 0
1.52333 0 0 0 0
1.53 0 0 0 0
1.53667 0 0 0 0
1.54333 0 0 0 0
1.55 0 0 0 0
1.55667 0 0 0 0
1.56333 0 0 0 0
1.57 0 0 0 0
1.57667 0 0 0 0
1.58333 0 0 0 0
1.59 0 0 0 0
1.59667 0 0 0 0
1.60333 0 0 0 0
1.61 0 0 0 0
1.61667 0 0 0 0
1.62333 0 0 0 0
1.63 0 0 0 0
1.63667 0 0 0 0
1.64333 0 0 0 0
1.65 0 0 0 0
1.65667 0 0 0 0
1.66333 0 0 0 0
1.67 0 0 0 0
1.67667 0 0 0 0
1.68333 0 0 0 0
1.69 0 0 0 0
1.69667 0 0 0 0
1.70333 0 0 0 0
1.71 0 0 0 0
1.71667 0 0 0 0
1.72333 0 0 0 0
1.73 0 0 0 0
1.73667 0 0 0 0
1.74333 0 0 0 0
1.75 0 0 0 0
1.75667 0 0 0 0
1.76333 0 0 0 0
1.77 0 0 0 0
1.77667 0 0 0 0
1.78333 0 0 0 0
1.79 0 0 0 0
1.79667 0 0 0 0
1.80333 0 0 0 0
1.81 0 0 0 0
1.81667 0 0 0 0
1.82333 0 0 0 0
1.83 0 0 0 0
1.83667 0 0 0 0
1.84333 0 0 0 0
1.85 0 0 0 0
1.85667 0 0 0 0
1.86333 0 0 0 0
1.87 0 0 0 0
1.87667 0 0 0 0
1.88333 0 0 0 0
1.89 0 0 0 0
1.89667 0 0 0 0
1.90333 0 0 0 0
1.91 0 0 0 0
1.91667 0 0 0 0
1.92333 0 0 0 0
1.93 0 0 0 0
1.93667 0 0 0 0
1.94333 0 0 0 0
1.95 0 0 0 0
1.95667 0 0 0 0
1.96333 0 0 0 0
1.97 0 0 0 0
1.97667 0 0 0 0
1.98333 0 0 0 0
1.99 0 0 0 0
1.99667 0 0 0 0
