0.00333333 2 23 71 5
0.01 3 20 61 4
0.0166667 6 23 79 2
0.0233333 3 25 100 5
0.03 2 30 77 6
0.0366667 5 27 97 6
0.0433333 3 33 113 6
0.05 6 37 106 13
0.0566667 5 55 105 11
0.0633333 11 45 115 8
0.07 10 55 131 8
0.0766667 10 73 151 16
0.0833333 7 51 142 6
0.09 11 64 150 16
0.0966667 8 61 145 17
0.103333 10 73 159 7
0.11 11 65 155 11
0.116667 10 71 169 12
0.123333 6 49 129 15
0.13 4 55 134 5
0.136667 7 52 140 9
0.143333 8 58 148 10
0.15 7 49 161 5
0.156667 5 52 160 5
0.163333 4 47 160 4
0.17 8 39 124 7
0.176667 9 59 163 4
0.183333 3 56 175 13
0.19 4 53 248 13
0.196667 4 45 241 10
0.203333 4 52 200 6
0.21 6 45 189 15
0.216667 3 45 185 5
0.223333 6 28 165 6
0.23 7 38 160 3
0.236667 4 44 152 6
0.243333 5 43 123 3
0.25 8 39 127 9
0.256667 4 38 119 10
0.263333 2 30 136 9
0.27 6 33 110 3
0.276667 7 27 103 4
0.283333 5 36 101 3
0.29 2 31 106 6
0.296667 4 26 84 4
0.303333 2 28 88 9
0.31 4 29 94 4
0.316667 1 33 93 2
0.323333 3 27 87 8
0.33 4 36 76 2
0.336667 6 29 84 3
0.343333 0 28 85 6
0.35 5 30 90 5
0.356667 4 24 81 8
0.363333 0 19 107 2
0.37 2 28 76 4
0.376667 3 20 90 7
0.383333 4 27 76 4
0.39 7 32 99 4
0.396667 3 20 71 3
0.403333 5 22 67 3
0.41 6 21 91 8
0.416667 3 26 75 2
0.423333 2 17 76 0
0.43 3 8 87 2
0.436667 3 17 74 7
0.443333 1 26 84 3
0.45 2 23 75 3
0.456667 2 14 65 6
0.463333 5 16 100 7
0.47 1 24 96 5
0.476667 3 22 81 5
0.483333 6 16 38 0
0.49 1 9 33 2
0.496667 2 15 19 3
0.503333 1 22 32 5
0.51 2 12 18 5
0.516667 4 14 18 4
0.523333 1 13 23 4
0.53 3 10 26 4
0.536667 5 9 13 2
0.543333 2 15 13 2
0.55 0 15 15 2
0.556667 3 8 15 4
0.563333 3 14 11 1
0.57 1 10 22 2
0.576667 1 10 7 4
0.583333 1 18 18 4
0.59 2 14 11 7
0.596667 3 15 12 5
0.603333 0 6 9 2
0.61 2 10 12 3
0.616667 0 12 5 2
0.623333 0 13 5 1
0.63 4 12 11 1
0.636667 2 20 27 2
0.643333 0 14 7 3
0.65 3 12 11 6
0.656667 0 17 12 1
0.663333 42 695 4635 47
0.67 0 0 0 0
0.676667 0 0 0 0
0.683333 0 0 0 0
0.69 0 0 0 0
0.696667 0 0 0 0
0.703333 0 0 0 0
0.71 0 0 0 0
0.716667 0 0 0 0
0.723333 0 0 0 0
0.73 0 0 0 0
0.736667 0 0 0 0
0.743333 0 0 0 0
0.75 0 0 0 0
0.756667 0 0 0 0
0.763333 0 0 0 0
0.77 0 0 0 0
0.776667 0 0 0 0
0.783333 0 0 0 0
0.79 0 0 0 0
0.796667 0 0 0 0
0.803333 0 0 0 0
0.81 0 0 0 0
0.816667 0 0 0 0
0.823333 0 0 0 0
0.83 0 0 0 0
0.836667 0 0 0 0
0.843333 0 0 0 0
0.85 0 0 0 0
0.856667 0 0 0 0
0.863333 0 0 0 0
0.87 0 0 0 0
0.876667 0 0 0 0
0.883333 0 0 0 0
0.89 0 0 0 0
0.896667 0 0 0 0
0.903333 0 0 0 0
0.91 0 0 0 0
0.916667 0 0 0 0
0.923333 0 0 0 0
0.93 0 0 0 0
0.936667 0 0 0 0
0.943333 0 0 0 0
0.95 0 0 0 0
0.956667 0 0 0 0
0.963333 0 0 0 0
0.97 0 0 0 0
0.976667 0 0 0 0
0.983333 0 0 0 0
0.99 0 0 0 0
0.996667 0 0 0 0
1.00333 0 0 0 0
1.01 0 0 0 0
1.01667 0 0 0 0
1.02333 0 0 0 0
1.03 0 0 0 0
1.03667 0 0 0 0
1.04333 0 0 0 0
1.05 0 0 0 0
1.05667 0 0 0 0
1.06333 0 0 0 0
1.07 0 0 0 0
1.07667 0 0 0 0
1.08333 0 0 0 0
1.09 0 0 0 0
1.09667 0 0 0 0
1.10333 0 0 0 0
1.11 0 0 0 0
1.11667 0 0 0 0
1.12333 0 0 0 0
1.13 0 0 0 0
1.13667 0 0 0 0
1.14333 0 0 0 0
1.15 0 0 0 0
1.15667 0 0 0 0
1.16333 0 0 0 0
1.17 0 0 0 0
1.17667 0 0 0 0
1.18333 0 0 0 0
1.19 0 0 0 0
1.19667 0 0 0 0
1.20333 0 0 0 0
1.21 0 0 0 0
1.21667 0 0 0 0
1.22333 0 0 0 0
1.23 0 0 0 0
1.23667 0 0 0 0
1.24333 0 0 0 0
1.25 0 0 0 0
1.25667 0 0 0 0
1.26333 0 0 0 0
1.27 0 0 0 0
1.27667 0 0 0 0
1.28333 0 0 0 0
1.29 0 0 0 0
1.29667 0 0 0 0
1.30333 0 0 0 0
1.31 0 0 0 0
1.31667 0 0 0 0
1.32333 0 0 0 0
1.33 0 0 0 0
1.33667 0 0 0 0
1.34333 0 0 0 0
1.35 0 0 0 0
1.35667 0 0 0 0
1.36333 0 0 0 0
1.37 0 0 0 0
1.37667 0 0 0 0
1.38333 0 0 0 0
1.39 0 0 0 0
1.39667 0 0 0 0
1.40333 0 0 0 0
1.41 0 0 0 0
1.41667 0 0 0 0
1.42333 0 0 0 0
1.43 0 0 0 0
1.43667 0 0 0 0
1.44333 0 0 0 0
1.45 0 0 0 0
1.45667 0 0 0 0
1.46333 0 0 0 0
1.47 0 0 0 0
1.47667 0 0 0 0
1.48333 0 0 0 0
1.49 0 0 0 0
1.49667 0 0 0 0
1.50333 0 0 0 0
1.51 0 0 0 0
1.51667 0 0 0 0
1.52333 0 0 0 0
1.53 0 0 0 0
1.53667 0 0 0 0
1.54333 0 0 0 0
1.55 0 0 0 0
1.55667 0 0 0 0
1.56333 0 0 0 0
1.57 0 0 0 0
1.57667 0 0 0 0
1.58333 0 0 0 0
1.59 0 0 0 0
1.59667 0 0 0 0
1.60333 0 0 0 0
1.61 0 0 0 0
1.61667 0 0 0 0
1.62333 0 0 0 0
1.63 0 0 0 0
1.63667 0 0 0 0
1.64333 0 0 0 0
1.65 0 0 0 0
1.65667 0 0 0 0
1.66333 0 0 0 0
1.67 0 0 0 0
1.67667 0 0 0 0
1.68333 0 0 0 0
1.69 0 0 0 0
1.69667 0 0 0 0
1.70333 0 0 0 0
1.71 0 0 0 0
1.71667 0 0 0 0
1.72333 0 0 0 0
1.73 0 0 0 0
1.73667 0 0 0 0
1.74333 0 0 0 0
1.75 0 0 0 0
1.75667 0 0 0 0
1.76333 0 0 0 0
1.77 0 0 0 0
1.77667 0 0 0 0
1.78333 0 0 0 0
1.79 0 0 0 0
1.79667 0 0 0 0
1.80333 0 0 0 0
1.81 0 0 0 0
1.81667 0 0 0 0
1.82333 0 0 0 0
1.83 0 0 0 0
1.83667 0 0 0 0
1.84333 0 0 0 0
1.85 0 0 0 0
1.85667 0 0 0 0
1.86333 0 0 0 0
1.87 0 0 0 0
1.87667 0 0 0 0
1.88333 0 0 0 0
1.89 0 0 0 0
1.89667 0 0 0 0
1.90333 0 0 0 0
1.91 0 0 0 0
1.91667 0 0 0 0
1.92333 0 0 0 0
1.93 0 0 0 0
1.93667 0 0 0 0
1.94333 0 0 0 0
1.95 0 0 0 0
1.95667 0 0 0 0
1.96333 0 0 0 0
1.97 0 0 0 0
1.97667 0 0 0 0
1.98333 0 0 0 0
1.99 0 0 0 0
1.99667 0 0 0 0
