0.00333333 4 26 20 7
0.01 2 27 29 14
0.0166667 8 32 31 8
0.0233333 7 32 42 14
0.03 6 41 51 9
0.0366667 12 44 60 20
0.0433333 10 65 83 21
0.05 19 64 100 30
0.0566667 28 98 114 30
0.0633333 29 109 113 29
0.07 18 129 147 42
0.0766667 16 91 128 28
0.0833333 24 97 142 38
0.09 20 102 153 38
0.0966667 25 90 141 36
0.103333 29 105 138 33
0.11 27 105 145 38
0.116667 29 91 160 26
0.123333 24 103 130 38
0.13 27 84 115 25
0.136667 18 84 108 32
0.143333 21 84 115 24
0.15 20 77 97 28
0.156667 17 74 114 19
0.163333 13 79 104 26
0.17 23 76 96 22
0.176667 20 79 107 26
0.183333 13 97 88 31
0.19 22 72 93 27
0.196667 22 78 82 23
0.203333 14 85 105 25
0.21 19 76 86 14
0.216667 15 64 90 21
0.223333 16 66 64 16
0.23 12 67 78 24
0.236667 16 54 70 20
0.243333 7 55 81 14
0.25 26 64 55 19
0.256667 12 44 67 24
0.263333 11 50 60 23
0.27 9 49 60 11
0.276667 10 49 51 9
0.283333 6 38 64 10
0.29 3 44 52 11
0.296667 8 38 46 21
0.303333 7 52 69 22
0.31 12 35 41 21
0.316667 14 35 52 17
0.323333 9 36 54 10
0.33 9 30 38 15
0.336667 5 33 53 17
0.343333 8 30 47 12
0.35 9 21 48 11
0.356667 10 39 29 16
0.363333 9 33 42 6
0.37 8 32 35 21
0.376667 11 34 46 9
0.383333 7 33 43 12
0.39 12 19 27 10
0.396667 10 18 35 8
0.403333 5 34 32 14
0.41 8 22 35 14
0.416667 5 36 44 15
0.423333 10 23 27 2
0.43 9 32 34 12
0.436667 7 30 36 8
0.443333 10 22 41 13
0.45 7 25 32 15
0.456667 5 21 36 13
0.463333 9 31 32 8
0.47 10 32 36 14
0.476667 8 21 27 6
0.483333 7 22 30 11
0.49 5 18 19 5
0.496667 5 23 21 3
0.503333 10 18 27 2
0.51 5 23 16 6
0.516667 6 16 21 12
0.523333 3 24 26 8
0.53 4 26 17 4
0.536667 3 16 18 11
0.543333 5 12 24 7
0.55 5 18 24 5
0.556667 1 19 21 8
0.563333 8 15 19 7
0.57 1 22 15 8
0.576667 5 17 16 5
0.583333 8 11 17 5
0.59 3 23 14 5
0.596667 5 11 13 8
0.603333 3 18 10 3
0.61 2 9 11 7
0.616667 3 12 24 8
0.623333 2 8 16 5
0.63 2 15 18 3
0.636667 1 17 15 2
0.643333 3 7 22 6
0.65 2 17 13 6
0.656667 3 10 13 7
0.663333 121 598 753 157
0.67 0 0 0 0
0.676667 0 0 0 0
0.683333 0 0 0 0
0.69 0 0 0 0
0.696667 0 0 0 0
0.703333 0 0 0 0
0.71 0 0 0 0
0.716667 0 0 0 0
0.723333 0 0 0 0
0.73 0 0 0 0
0.736667 0 0 0 0
0.743333 0 0 0 0
0.75 0 0 0 0
0.756667 0 0 0 0
0.763333 0 0 0 0
0.77 0 0 0 0
0.776667 0 0 0 0
0.783333 0 0 0 0
0.79 0 0 0 0
0.796667 0 0 0 0
0.803333 0 0 0 0
0.81 0 0 0 0
0.816667 0 0 0 0
0.823333 0 0 0 0
0.83 0 0 0 0
0.836667 0 0 0 0
0.843333 0 0 0 0
0.85 0 0 0 0
0.856667 0 0 0 0
0.863333 0 0 0 0
0.87 0 0 0 0
0.876667 0 0 0 0
0.883333 0 0 0 0
0.89 0 0 0 0
0.896667 0 0 0 0
0.903333 0 0 0 0
0.91 0 0 0 0
0.916667 0 0 0 0
0.923333 0 0 0 0
0.93 0 0 0 0
0.936667 0 0 0 0
0.943333 0 0 0 0
0.95 0 0 0 0
0.956667 0 0 0 0
0.963333 0 0 0 0
0.97 0 0 0 0
0.976667 0 0 0 0
0.983333 0 0 0 0
0.99 0 0 0 0
0.996667 0 0 0 0
1.00333 0 0 0 0
1.01 0 0 0 0
1.01667 0 0 0 0
1.02333 0 0 0 0
1.03 0 0 0 0
1.03667 0 0 0 0
1.04333 0 0 0 0
1.05 0 0 0 0
1.05667 0 0 0 0
1.06333 0 0 0 0
1.07 0 0 0 0
1.07667 0 0 0 0
1.08333 0 0 0 0
1.09 0 0 0 0
1.09667 0 0 0 0
1.10333 0 0 0 0
1.11 0 0 0 0
1.11667 0 0 0 0
1.12333 0 0 0 0
1.13 0 0 0 0
1.13667 0 0 0 0
1.14333 0 0 0 0
1.15 0 0 0 0
1.15667 0 0 0 0
1.16333 0 0 0 0
1.17 0 0 0 0
1.17667 0 0 0 0
1.18333 0 0 0 0
1.19 0 0 0 0
1.19667 0 0 0 0
1.20333 0 0 0 0
1.21 0 0 0 0
1.21667 0 0 0 0
1.22333 0 0 0 0
1.23 0 0 0 0
1.23667 0 0 0 0
1.24333 0 0 0 0
1.25 0 0 0 0
1.25667 0 0 0 0
1.26333 0 0 0 0
1.27 0 0 0 0
1.27667 0 0 0 0
1.28333 0 0 0 0
1.29 0 0 0 0
1.29667 0 0 0 0
1.30333 0 0 0 0
1.31 0 0 0 0
1.31667 0 0 0 0
1.32333 0 0 0 0
1.33 0 0 0 0
1.33667 0 0 0 0
1.34333 0 0 0 0
1.35 0 0 0 0
1.35667 0 0 0 0
1.36333 0 0 0 0
1.37 0 0 0 0
1.37667 0 0 0 0
1.38333 0 0 0 0
1.39 0 0 0 0
1.39667 0 0 0 0
1.40333 0 0 0 0
1.41 0 0 0 0
1.41667 0 0 0 0
1.42333 0 0 0 0
1.43 0 0 0 0
1.43667 0 0 0 0
1.44333 0 0 0 0
1.45 0 0 0 0
1.45667 0 0 0 0
1.46333 0 0 0 0
1.47 0 0 0 0
1.47667 0 0 0 0
1.48333 0 0 0 0
1.49 0 0 0 0
1.49667 0 0 0 0
1.50333 0 0 0 0
1.51 0 0 0 0
1.51667 0 0 0 0
1.52333 0 0 0 0
1.53 0 0 0 0
1.53667 0 0 0 0
1.54333 0 0 0 0
1.55 0 0 0 0
1.55667 0 0 0 0
1.56333 0 0 0 0
1.57 0 0 0 0
1.57667 0 0 0 0
1.58333 0 0 0 0
1.59 0 0 0 0
1.59667 0 0 0 0
1.60333 0 0 0 0
1.61 0 0 0 0
1.61667 0 0 0 0
1.62333 0 0 0 0
1.63 0 0 0 0
1.63667 0 0 0 0
1.64333 0 0 0 0
1.65 0 0 0 0
1.65667 0 0 0 0
1.66333 0 0 0 0
1.67 0 0 0 0
1.67667 0 0 0 0
1.68333 0 0 0 0
1.69 0 0 0 0
1.69667 0 0 0 0
1.70333 0 0 0 0
1.71 0 0 0 0
1.71667 0 0 0 0
1.72333 0 0 0 0
1.73 0 0 0 0
1.73667 0 0 0 0
1.74333 0 0 0 0
1.75 0 0 0 0
1.75667 0 0 0 0
1.76333 0 0 0 0
1.77 0 0 0 0
1.77667 0 0 0 0
1.78333 0 0 0 0
1.79 0 0 0 0
1.79667 0 0 0 0
1.80333 0 0 0 0
1.81 0 0 0 0
1.81667 0 0 0 0
1.82333 0 0 0 0
1.83 0 0 0 0
1.83667 0 0 0 0
1.84333 0 0 0 0
1.85 0 0 0 0
1.85667 0 0 0 0
1.86333 0 0 0 0
1.87 0 0 0 0
1.87667 0 0 0 0
1.88333 0 0 0 0
1.89 0 0 0 0
1.89667 0 0 0 0
1.90333 0 0 0 0
1.91 0 0 0 0
1.91667 0 0 0 0
1.92333 0 0 0 0
1.93 0 0 0 0
1.93667 0 0 0 0
1.94333 0 0 0 0
1.95 0 0 0 0
1.95667 0 0 0 0
1.96333 0 0 0 0
1.97 0 0 0 0
1.97667 0 0 0 0
1.98333 0 0 0 0
1.99 0 0 0 0
1.99667 0 0 0 0
