0.00333333 1 28 59 5
0.01 5 21 56 2
0.0166667 5 27 54 6
0.0233333 3 30 48 4
0.03 8 27 65 5
0.0366667 5 33 85 7
0.0433333 8 36 85 9
0.05 16 57 104 23
0.0566667 11 78 135 7
0.0633333 16 56 116 14
0.07 14 83 151 13
0.0766667 15 86 146 18
0.0833333 16 67 145 17
0.09 20 121 160 16
0.0966667 15 74 162 17
0.103333 16 75 162 15
0.11 21 76 163 13
0.116667 16 97 157 11
0.123333 16 72 170 9
0.13 8 65 147 14
0.136667 15 55 168 14
0.143333 10 59 157 13
0.15 7 61 140 6
0.156667 14 61 145 6
0.163333 10 68 161 10
0.17 17 64 141 12
0.176667 10 41 149 12
0.183333 10 65 166 12
0.19 16 50 172 7
0.196667 11 57 178 10
0.203333 5 53 146 12
0.21 10 54 163 12
0.216667 4 50 155 10
0.223333 11 40 154 8
0.23 3 50 123 15
0.236667 5 47 118 8
0.243333 7 56 125 6
0.25 11 42 101 10
0.256667 8 46 99 9
0.263333 4 38 103 12
0.27 5 36 95 10
0.276667 2 34 110 3
0.283333 2 41 83 5
0.29 2 49 91 6
0.296667 6 37 77 8
0.303333 4 33 90 4
0.31 6 41 84 6
0.316667 5 30 76 6
0.323333 5 40 93 4
0.33 5 37 63 2
0.336667 6 28 77 5
0.343333 6 32 70 8
0.35 4 31 64 7
0.356667 3 36 74 8
0.363333 7 21 70 5
0.37 1 34 53 12
0.376667 2 22 67 7
0.383333 7 38 55 2
0.39 3 33 63 3
0.396667 3 21 52 2
0.403333 11 24 68 2
0.41 6 32 62 3
0.416667 6 21 67 4
0.423333 2 22 69 5
0.43 5 17 64 2
0.436667 7 25 68 3
0.443333 1 22 48 9
0.45 4 24 55 4
0.456667 5 16 64 4
0.463333 1 28 65 4
0.47 3 26 73 6
0.476667 6 15 59 3
0.483333 5 19 36 7
0.49 1 11 33 2
0.496667 6 17 26 3
0.503333 3 19 31 2
0.51 2 13 37 2
0.516667 5 13 19 2
0.523333 2 16 30 3
0.53 3 12 15 5
0.536667 2 8 26 3
0.543333 2 13 31 2
0.55 2 12 28 3
0.556667 2 13 27 4
0.563333 4 6 26 1
0.57 2 15 26 4
0.576667 2 10 23 3
0.583333 0 16 26 1
0.59 0 12 25 1
0.596667 1 19 27 5
0.603333 1 10 16 2
0.61 1 14 22 3
0.616667 1 6 16 3
0.623333 1 13 17 2
0.63 5 9 30 0
0.636667 3 9 26 4
0.643333 1 16 24 3
0.65 1 15 16 2
0.656667 1 14 24 1
0.663333 57 541 2520 48
0.67 0 0 0 0
0.676667 0 0 0 0
0.683333 0 0 0 0
0.69 0 0 0 0
0.696667 0 0 0 0
0.703333 0 0 0 0
0.71 0 0 0 0
0.716667 0 0 0 0
0.723333 0 0 0 0
0.73 0 0 0 0
0.736667 0 0 0 0
0.743333 0 0 0 0
0.75 0 0 0 0
0.756667 0 0 0 0
0.763333 0 0 0 0
0.77 0 0 0 0
0.776667 0 0 0 0
0.783333 0 0 0 0
0.79 0 0 0 0
0.796667 0 0 0 0
0.803333 0 0 0 0
0.81 0 0 0 0
0.816667 0 0 0 0
0.823333 0 0 0 0
0.83 0 0 0 0
0.836667 0 0 0 0
0.843333 0 0 0 0
0.85 0 0 0 0
0.856667 0 0 0 0
0.863333 0 0 0 0
0.87 0 0 0 0
0.876667 0 0 0 0
0.883333 0 0 0 0
0.89 0 0 0 0
0.896667 0 0 0 0
0.903333 0 0 0 0
0.91 0 0 0 0
0.916667 0 0 0 0
0.923333 0 0 0 0
0.93 0 0 0 0
0.936667 0 0 0 0
0.943333 0 0 0 0
0.95 0 0 0 0
0.956667 0 0 0 0
0.963333 0 0 0 0
0.97 0 0 0 0
0.976667 0 0 0 0
0.983333 0 0 0 0
0.99 0 0 0 0
0.996667 0 0 0 0
1.00333 0 0 0 0
1.01 0 0 0 0
1.01667 0 0 0 0
1.02333 0 0 0 0
1.03 0 0 0 0
1.03667 0 0 0 0
1.04333 0 0 0 0
1.05 0 0 0 0
1.05667 0 0 0 0
1.06333 0 0 0 0
1.07 0 0 0 0
1.07667 0 0 0 0
1.08333 0 0 0 0
1.09 0 0 0 0
1.09667 0 0 0 0
1.10333 0 0 0 0
1.11 0 0 0 0
1.11667 0 0 0 0
1.12333 0 0 0 0
1.13 0 0 0 0
1.13667 0 0 0 0
1.14333 0 0 0 0
1.15 0 0 0 0
1.15667 0 0 0 0
1.16333 0 0 0 0
1.17 0 0 0 0
1.17667 0 0 0 0
1.18333 0 0 0 0
1.19 0 0 0 0
1.19667 0 0 0 0
1.20333 0 0 0 0
1.21 0 0 0 0
1.21667 0 0 0 0
1.22333 0 0 0 0
1.23 0 0 0 0
1.23667 0 0 0 0
1.24333 0 0 0 0
1.25 0 0 0 0
1.25667 0 0 0 0
1.26333 0 0 0 0
1.27 0 0 0 0
1.27667 0 0 0 0
1.28333 0 0 0 0
1.29 0 0 0 0
1.29667 0 0 0 0
1.30333 0 0 0 0
1.31 0 0 0 0
1.31667 0 0 0 0
1.32333 0 0 0 0
1.33 0 0 0 0
1.33667 0 0 0 0
1.34333 0 0 0 0
1.35 0 0 0 0
1.35667 0 0 0 0
1.36333 0 0 0 0
1.37 0 0 0 0
1.37667 0 0 0 0
1.38333 0 0 0 0
1.39 0 0 0 0
1.39667 0 0 0 0
1.40333 0 0 0 0
1.41 0 0 0 0
1.41667 0 0 0 0
1.42333 0 0 0 0
1.43 0 0 0 0
1.43667 0 0 0 0
1.44333 0 0 0 0
1.45 0 0 0 0
1.45667 0 0 0 0
1.46333 0 0 0 0
1.47 0 0 0 0
1.47667 0 0 0 0
1.48333 0 0 0 0
1.49 0 0 0 0
1.49667 0 0 0 0
1.50333 0 0 0 0
1.51 0 0 0 0
1.51667 0 0 0 0
1.52333 0 0 0 0
1.53 0 0 0 0
1.53667 0 0 0 0
1.54333 0 0 0 0
1.55 0 0 0 0
1.55667 0 0 0 0
1.56333 0 0 0 0
1.57 0 0 0 0
1.57667 0 0 0 0
1.58333 0 0 0 0
1.59 0 0 0 0
1.59667 0 0 0 0
1.60333 0 0 0 0
1.61 0 0 0 0
1.61667 0 0 0 0
1.62333 0 0 0 0
1.63 0 0 0 0
1.63667 0 0 0 0
1.64333 0 0 0 0
1.65 0 0 0 0
1.65667 0 0 0 0
1.66333 0 0 0 0
1.67 0 0 0 0
1.67667 0 0 0 0
1.68333 0 0 0 0
1.69 0 0 0 0
1.69667 0 0 0 0
1.70333 0 0 0 0
1.71 0 0 0 0
1.71667 0 0 0 0
1.72333 0 0 0 0
1.73 0 0 0 0
1.73667 0 0 0 0
1.74333 0 0 0 0
1.75 0 0 0 0
1.75667 0 0 0 0
1.76333 0 0 0 0
1.77 0 0 0 0
1.77667 0 0 0 0
1.78333 0 0 0 0
1.79 0 0 0 0
1.79667 0 0 0 0
1.80333 0 0 0 0
1.81 0 0 0 0
1.81667 0 0 0 0
1.82333 0 0 0 0
1.83 0 0 0 0
1.83667 0 0 0 0
1.84333 0 0 0 0
1.85 0 0 0 0
1.85667 0 0 0 0
1.86333 0 0 0 0
1.87 0 0 0 0
1.87667 0 0 0 0
1.88333 0 0 0 0
1.89 0 0 0 0
1.89667 0 0 0 0
1.90333 0 0 0 0
1.91 0 0 0 0
1.91667 0 0 0 0
1.92333 0 0 0 0
1.93 0 0 0 0
1.93667 0 0 0 0
1.94333 0 0 0 0
1.95 0 0 0 0
1.95667 0 0 0 0
1.96333 0 0 0 0
1.97 0 0 0 0
1.97667 0 0 0 0
1.98333 0 0 0 0
1.99 0 0 0 0
1.99667 0 0 0 0
