0.00333333 12 143 7 2
0.01 10 146 3 2
0.0166667 17 149 11 3
0.0233333 12 180 9 1
0.03 17 181 16 2
0.0366667 26 195 17 4
0.0433333 23 211 26 6
0.05 26 233 23 9
0.0566667 42 235 29 10
0.0633333 45 233 26 8
0.07 48 285 38 8
0.0766667 39 282 22 7
0.0833333 53 301 28 13
0.09 48 325 22 13
0.0966667 36 333 30 9
0.103333 43 323 20 8
0.11 37 319 29 5
0.116667 55 345 30 7
0.123333 41 342 28 12
0.13 40 341 28 12
0.136667 28 368 25 10
0.143333 40 380 19 6
0.15 39 393 28 4
0.156667 42 367 19 6
0.163333 47 356 23 7
0.17 40 322 21 8
0.176667 28 350 29 9
0.183333 37 436 18 6
0.19 37 498 19 10
0.196667 44 533 32 6
0.203333 40 469 19 6
0.21 41 427 15 9
0.216667 31 408 24 6
0.223333 35 383 15 6
0.23 21 357 29 7
0.236667 30 336 27 4
0.243333 33 296 10 2
0.25 30 257 17 4
0.256667 30 258 25 1
0.263333 29 264 14 13
0.27 24 213 20 4
0.276667 21 228 14 3
0.283333 17 237 14 3
0.29 25 200 10 5
0.296667 24 204 10 5
0.303333 24 189 12 6
0.31 23 186 17 4
0.316667 28 196 16 4
0.323333 28 185 13 7
0.33 26 172 5 6
0.336667 21 181 8 6
0.343333 23 156 7 4
0.35 26 166 13 5
0.356667 13 179 12 4
0.363333 18 172 15 3
0.37 19 144 13 3
0.376667 24 150 16 4
0.383333 14 150 18 2
0.39 17 160 12 2
0.396667 16 146 7 3
0.403333 15 123 8 4
0.41 16 131 10 1
0.416667 13 131 12 4
0.423333 18 136 8 1
0.43 12 153 15 7
0.436667 17 160 8 4
0.443333 6 160 8 1
0.45 18 149 5 4
0.456667 13 153 11 3
0.463333 10 164 16 1
0.47 19 158 10 6
0.476667 5 147 7 4
0.483333 10 78 5 2
0.49 14 77 9 1
0.496667 14 73 10 3
0.503333 10 57 10 4
0.51 3 62 5 1
0.516667 7 82 13 3
0.523333 7 41 9 1
0.53 11 48 5 1
0.536667 11 56 1 3
0.543333 9 36 7 3
0.55 6 40 6 2
0.556667 10 47 8 0
0.563333 7 31 9 2
0.57 6 46 6 2
0.576667 14 39 11 3
0.583333 10 47 9 2
0.59 7 44 4 2
0.596667 10 42 5 2
0.603333 7 46 7 0
0.61 7 32 4 2
0.616667 13 34 6 1
0.623333 10 32 8 2
0.63 8 49 5 1
0.636667 10 45 1 2
0.643333 9 22 5 2
0.65 9 40 9 6
0.656667 8 33 6 3
0.663333 404 8572 193 55
0.67 0 0 0 0
0.676667 0 0 0 0
0.683333 0 0 0 0
0.69 0 0 0 0
0.696667 0 0 0 0
0.703333 0 0 0 0
0.71 0 0 0 0
0.716667 0 0 0 0
0.723333 0 0 0 0
0.73 0 0 0 0
0.736667 0 0 0 0
0.743333 0 0 0 0
0.75 0 0 0 0
0.756667 0 0 0 0
0.763333 0 0 0 0
0.77 0 0 0 0
0.776667 0 0 0 0
0.783333 0 0 0 0
0.79 0 0 0 0
0.796667 0 0 0 0
0.803333 0 0 0 0
0.81 0 0 0 0
0.816667 0 0 0 0
0.823333 0 0 0 0
0.83 0 0 0 0
0.836667 0 0 0 0
0.843333 0 0 0 0
0.85 0 0 0 0
0.856667 0 0 0 0
0.863333 0 0 0 0
0.87 0 0 0 0
0.876667 0 0 0 0
0.883333 0 0 0 0
0.89 0 0 0 0
0.896667 0 0 0 0
0.903333 0 0 0 0
0.91 0 0 0 0
0.916667 0 0 0 0
0.923333 0 0 0 0
0.93 0 0 0 0
0.936667 0 0 0 0
0.943333 0 0 0 0
0.95 0 0 0 0
0.956667 0 0 0 0
0.963333 0 0 0 0
0.97 0 0 0 0
0.976667 0 0 0 0
0.983333 0 0 0 0
0.99 0 0 0 0
0.996667 0 0 0 0
1.00333 0 0 0 0
1.01 0 0 0 0
1.01667 0 0 0 0
1.02333 0 0 0 0
1.03 0 0 0 0
1.03667 0 0 0 0
1.04333 0 0 0 0
1.05 0 0 0 0
1.05667 0 0 0 0
1.06333 0 0 0 0
1.07 0 0 0 0
1.07667 0 0 0 0
1.08333 0 0 0 0
1.09 0 0 0 0
1.09667 0 0 0 0
1.10333 0 0 0 0
1.11 0 0 0 0
1.11667 0 0 0 0
1.12333 0 0 0 0
1.13 0 0 0 0
1.13667 0 0 0 0
1.14333 0 0 0 0
1.15 0 0 0 0
1.15667 0 0 0 0
1.16333 0 0 0 0
1.17 0 0 0 0
1.17667 0 0 0 0
1.18333 0 0 0 0
1.19 0 0 0 0
1.19667 0 0 0 0
1.20333 0 0 0 0
1.21 0 0 0 0
1.21667 0 0 0 0
1.22333 0 0 0 0
1.23 0 0 0 0
1.23667 0 0 0 0
1.24333 0 0 0 0
1.25 0 0 0 0
1.25667 0 0 0 0
1.26333 0 0 0 0
1.27 0 0 0 0
1.27667 0 0 0 0
1.28333 0 0 0 0
1.29 0 0 0 0
1.29667 0 0 0 0
1.30333 0 0 0 0
1.31 0 0 0 0
1.31667 0 0 0 0
1.32333 0 0 0 0
1.33 0 0 0 0
1.33667 0 0 0 0
1.34333 0 0 0 0
1.35 0 0 0 0
1.35667 0 0 0 0
1.36333 0 0 0 0
1.37 0 0 0 0
1.37667 0 0 0 0
1.38333 0 0 0 0
1.39 0 0 0 0
1.39667 0 0 0 0
1.40333 0 0 0 0
1.41 0 0 0 0
1.41667 0 0 0 0
1.42333 0 0 0 0
1.43 0 0 0 0
1.43667 0 0 0 0
1.44333 0 0 0 0
1.45 0 0 0 0
1.45667 0 0 0 0
1.46333 0 0 0 0
1.47 0 0 0 0
1.47667 0 0 0 0
1.48333 0 0 0 0
1.49 0 0 0 0
1.49667 0 0 0 0
1.50333 0 0 0 0
1.51 0 0 0 0
1.51667 0 0 0 0
1.52333 0 0 0 0
1.53 0 0 0 0
1.53667 0 0 0 0
1.54333 0 0 0 0
1.55 0 0 0 0
1.55667 0 0 0 0
1.56333 0 0 0 0
1.57 0 0 0 0
1.57667 0 0 0 0
1.58333 0 0 0 0
1.59 0 0 0 0
1.59667 0 0 0 0
1.60333 0 0 0 0
1.61 0 0 0 0
1.61667 0 0 0 0
1.62333 0 0 0 0
1.63 0 0 0 0
1.63667 0 0 0 0
1.64333 0 0 0 0
1.65 0 0 0 0
1.65667 0 0 0 0
1.66333 0 0 0 0
1.67 0 0 0 0
1.67667 0 0 0 0
1.68333 0 0 0 0
1.69 0 0 0 0
1.69667 0 0 0 0
1.70333 0 0 0 0
1.71 0 0 0 0
1.71667 0 0 0 0
1.72333 0 0 0 0
1.73 0 0 0 0
1.73667 0 0 0 0
1.74333 0 0 0 0
1.75 0 0 0 0
1.75667 0 0 0 0
1.76333 0 0 0 0
1.77 0 0 0 0
1.77667 0 0 0 0
1.78333 0 0 0 0
1.79 0 0 0 0
1.79667 0 0 0 0
1.80333 0 0 0 0
1.81 0 0 0 0
1.81667 0 0 0 0
1.82333 0 0 0 0
1.83 0 0 0 0
1.83667 0 0 0 0
1.84333 0 0 0 0
1.85 0 0 0 0
1.85667 0 0 0 0
1.86333 0 0 0 0
1.87 0 0 0 0
1.87667 0 0 0 0
1.88333 0 0 0 0
1.89 0 0 0 0
1.89667 0 0 0 0
1.90333 0 0 0 0
1.91 0 0 0 0
1.91667 0 0 0 0
1.92333 0 0 0 0
1.93 0 0 0 0
1.93667 0 0 0 0
1.94333 0 0 0 0
1.95 0 0 0 0
1.95667 0 0 0 0
1.96333 0 0 0 0
1.97 0 0 0 0
1.97667 0 0 0 0
1.98333 0 0 0 0
1.99 0 0 0 0
1.99667 0 0 0 0
