0.00333333 59 50 2 13
0.01 62 53 3 8
0.0166667 76 53 2 7
0.0233333 51 55 6 8
0.03 55 67 8 5
0.0366667 82 95 2 6
0.0433333 77 107 7 5
0.05 121 119 3 10
0.0566667 125 168 13 14
0.0633333 123 179 16 5
0.07 142 148 15 12
0.0766667 146 181 12 9
0.0833333 137 183 9 7
0.09 154 181 13 14
0.0966667 155 177 18 10
0.103333 165 185 17 18
0.11 153 175 14 10
0.116667 158 189 8 11
0.123333 149 197 7 15
0.13 156 169 8 8
0.136667 128 205 12 9
0.143333 160 150 12 11
0.15 137 175 7 8
0.156667 150 158 5 10
0.163333 126 160 5 6
0.17 154 155 8 11
0.176667 147 153 7 8
0.183333 202 159 6 20
0.19 217 184 7 18
0.196667 179 178 7 17
0.203333 203 124 7 14
0.21 158 161 10 11
0.216667 117 131 7 9
0.223333 155 127 10 14
0.23 113 119 3 3
0.236667 143 146 4 14
0.243333 114 127 5 8
0.25 124 100 10 6
0.256667 96 135 4 10
0.263333 95 113 7 14
0.27 107 107 5 9
0.276667 99 104 6 7
0.283333 84 83 5 7
0.29 89 104 5 10
0.296667 114 91 6 10
0.303333 99 99 4 8
0.31 87 95 4 7
0.316667 86 63 4 6
0.323333 75 66 7 13
0.33 85 83 3 12
0.336667 94 75 7 4
0.343333 74 63 4 8
0.35 74 83 6 6
0.356667 74 69 3 6
0.363333 68 93 5 10
0.37 72 73 4 8
0.376667 71 74 6 6
0.383333 85 73 2 7
0.39 78 75 2 4
0.396667 54 41 2 8
0.403333 54 58 5 5
0.41 65 68 2 4
0.416667 64 65 6 9
0.423333 83 65 7 9
0.43 65 75 2 7
0.436667 57 81 3 12
0.443333 62 70 3 10
0.45 71 68 5 6
0.456667 63 72 4 4
0.463333 83 86 3 9
0.47 87 78 4 6
0.476667 55 60 3 5
0.483333 33 50 3 5
0.49 28 45 4 8
0.496667 41 42 2 2
0.503333 35 36 3 12
0.51 27 35 1 1
0.516667 29 44 1 8
0.523333 31 42 1 5
0.53 24 34 2 4
0.536667 23 28 1 2
0.543333 31 33 0 3
0.55 25 34 5 5
0.556667 17 32 2 3
0.563333 29 38 0 2
0.57 19 24 5 2
0.576667 15 29 3 1
0.583333 31 32 5 1
0.59 19 24 2 1
0.596667 22 22 5 7
0.603333 18 31 1 2
0.61 19 33 2 7
0.616667 26 29 1 4
0.623333 11 21 2 1
0.63 24 31 2 2
0.636667 23 43 2 5
0.643333 11 20 1 2
0.65 13 21 1 1
0.656667 10 24 1 10
0.663333 3153 1948 51 283
0.67 0 0 0 0
0.676667 0 0 0 0
0.683333 0 0 0 0
0.69 0 0 0 0
0.696667 0 0 0 0
0.703333 0 0 0 0
0.71 0 0 0 0
0.716667 0 0 0 0
0.723333 0 0 0 0
0.73 0 0 0 0
0.736667 0 0 0 0
0.743333 0 0 0 0
0.75 0 0 0 0
0.756667 0 0 0 0
0.763333 0 0 0 0
0.77 0 0 0 0
0.776667 0 0 0 0
0.783333 0 0 0 0
0.79 0 0 0 0
0.796667 0 0 0 0
0.803333 0 0 0 0
0.81 0 0 0 0
0.816667 0 0 0 0
0.823333 0 0 0 0
0.83 0 0 0 0
0.836667 0 0 0 0
0.843333 0 0 0 0
0.85 0 0 0 0
0.856667 0 0 0 0
0.863333 0 0 0 0
0.87 0 0 0 0
0.876667 0 0 0 0
0.883333 0 0 0 0
0.89 0 0 0 0
0.896667 0 0 0 0
0.903333 0 0 0 0
0.91 0 0 0 0
0.916667 0 0 0 0
0.923333 0 0 0 0
0.93 0 0 0 0
0.936667 0 0 0 0
0.943333 0 0 0 0
0.95 0 0 0 0
0.956667 0 0 0 0
0.963333 0 0 0 0
0.97 0 0 0 0
0.976667 0 0 0 0
0.983333 0 0 0 0
0.99 0 0 0 0
0.996667 0 0 0 0
1.00333 0 0 0 0
1.01 0 0 0 0
1.01667 0 0 0 0
1.02333 0 0 0 0
1.03 0 0 0 0
1.03667 0 0 0 0
1.04333 0 0 0 0
1.05 0 0 0 0
1.05667 0 0 0 0
1.06333 0 0 0 0
1.07 0 0 0 0
1.07667 0 0 0 0
1.08333 0 0 0 0
1.09 0 0 0 0
1.09667 0 0 0 0
1.10333 0 0 0 0
1.11 0 0 0 0
1.11667 0 0 0 0
1.12333 0 0 0 0
1.13 0 0 0 0
1.13667 0 0 0 0
1.14333 0 0 0 0
1.15 0 0 0 0
1.15667 0 0 0 0
1.16333 0 0 0 0
1.17 0 0 0 0
1.17667 0 0 0 0
1.18333 0 0 0 0
1.19 0 0 0 0
1.19667 0 0 0 0
1.20333 0 0 0 0
1.21 0 0 0 0
1.21667 0 0 0 0
1.22333 0 0 0 0
1.23 0 0 0 0
1.23667 0 0 0 0
1.24333 0 0 0 0
1.25 0 0 0 0
1.25667 0 0 0 0
1.26333 0 0 0 0
1.27 0 0 0 0
1.27667 0 0 0 0
1.28333 0 0 0 0
1.29 0 0 0 0
1.29667 0 0 0 0
1.30333 0 0 0 0
1.31 0 0 0 0
1.31667 0 0 0 0
1.32333 0 0 0 0
1.33 0 0 0 0
1.33667 0 0 0 0
1.34333 0 0 0 0
1.35 0 0 0 0
1.35667 0 0 0 0
1.36333 0 0 0 0
1.37 0 0 0 0
1.37667 0 0 0 0
1.38333 0 0 0 0
1.39 0 0 0 0
1.39667 0 0 0 0
1.40333 0 0 0 0
1.41 0 0 0 0
1.41667 0 0 0 0
1.42333 0 0 0 0
1.43 0 0 0 0
1.43667 0 0 0 0
1.44333 0 0 0 0
1.45 0 0 0 0
1.45667 0 0 0 0
1.46333 0 0 0 0
1.47 0 0 0 0
1.47667 0 0 0 0
1.48333 0 0 0 0
1.49 0 0 0 0
1.49667 0 0 0 0
1.50333 0 0 0 0
1.51 0 0 0 0
1.51667 0 0 0 0
1.52333 0 0 0 0
1.53 0 0 0 0
1.53667 0 0 0 0
1.54333 0 0 0 0
1.55 0 0 0 0
1.55667 0 0 0 0
1.56333 0 0 0 0
1.57 0 0 0 0
1.57667 0 0 0 0
1.58333 0 0 0 0
1.59 0 0 0 0
1.59667 0 0 0 0
1.60333 0 0 0 0
1.61 0 0 0 0
1.61667 0 0 0 0
1.62333 0 0 0 0
1.63 0 0 0 0
1.63667 0 0 0 0
1.64333 0 0 0 0
1.65 0 0 0 0
1.65667 0 0 0 0
1.66333 0 0 0 0
1.67 0 0 0 0
1.67667 0 0 0 0
1.68333 0 0 0 0
1.69 0 0 0 0
1.69667 0 0 0 0
1.70333 0 0 0 0
1.71 0 0 0 0
1.71667 0 0 0 0
1.72333 0 0 0 0
1.73 0 0 0 0
1.73667 0 0 0 0
1.74333 0 0 0 0
1.75 0 0 0 0
1.75667 0 0 0 0
1.76333 0 0 0 0
1.77 0 0 0 0
1.77667 0 0 0 0
1.78333 0 0 0 0
1.79 0 0 0 0
1.79667 0 0 0 0
1.80333 0 0 0 0
1.81 0 0 0 0
1.81667 0 0 0 0
1.82333 0 0 0 0
1.83 0 0 0 0
1.83667 0 0 0 0
1.84333 0 0 0 0
1.85 0 0 0 0
1.85667 0 0 0 0
1.86333 0 0 0 0
1.87 0 0 0 0
1.87667 0 0 0 0
1.88333 0 0 0 0
1.89 0 0 0 0
1.89667 0 0 0 0
1.90333 0 0 0 0
1.91 0 0 0 0
1.91667 0 0 0 0
1.92333 0 0 0 0
1.93 0 0 0 0
1.93667 0 0 0 0
1.94333 0 0 0 0
1.95 0 0 0 0
1.95667 0 0 0 0
1.96333 0 0 0 0
1.97 0 0 0 0
1.97667 0 0 0 0
1.98333 0 0 0 0
1.99 0 0 0 0
1.99667 0 0 0 0
