0.00333333 19 26 15 0
0.01 17 43 19 4
0.0166667 14 46 16 7
0.0233333 22 41 18 12
0.03 24 48 20 5
0.0366667 26 59 30 6
0.0433333 36 107 29 9
0.05 44 112 34 5
0.0566667 39 135 57 17
0.0633333 55 162 49 14
0.07 46 158 56 12
0.0766667 69 155 44 15
0.0833333 51 185 54 18
0.09 68 154 60 16
0.0966667 56 172 62 19
0.103333 56 155 60 13
0.11 51 150 67 18
0.116667 47 153 74 13
0.123333 45 140 55 11
0.13 49 125 49 12
0.136667 52 138 33 19
0.143333 43 134 46 14
0.15 44 113 32 17
0.156667 48 107 37 10
0.163333 44 98 37 12
0.17 47 100 38 9
0.176667 44 114 39 12
0.183333 44 105 39 16
0.19 48 99 40 18
0.196667 36 95 40 9
0.203333 40 107 36 13
0.21 43 97 37 12
0.216667 40 96 37 13
0.223333 36 81 49 9
0.23 38 83 19 4
0.236667 30 91 35 10
0.243333 27 74 21 9
0.25 31 69 23 4
0.256667 17 77 25 9
0.263333 20 64 30 14
0.27 28 65 26 7
0.276667 24 62 32 8
0.283333 19 74 22 9
0.29 25 61 26 4
0.296667 22 57 22 5
0.303333 19 57 25 5
0.31 30 54 25 3
0.316667 21 57 16 8
0.323333 24 63 24 7
0.33 17 41 23 4
0.336667 18 69 20 8
0.343333 15 44 14 6
0.35 24 66 23 4
0.356667 19 47 30 7
0.363333 20 53 13 6
0.37 12 49 23 7
0.376667 18 49 17 10
0.383333 22 62 11 5
0.39 22 42 16 7
0.396667 21 50 7 9
0.403333 9 35 18 8
0.41 20 41 13 1
0.416667 22 45 20 3
0.423333 18 33 17 8
0.43 12 34 21 2
0.436667 22 39 12 8
0.443333 16 38 13 6
0.45 14 39 12 8
0.456667 14 44 14 8
0.463333 14 34 9 10
0.47 18 36 9 7
0.476667 21 26 17 9
0.483333 13 26 4 5
0.49 5 21 12 6
0.496667 10 24 16 5
0.503333 9 26 13 1
0.51 15 30 13 3
0.516667 10 28 5 3
0.523333 9 17 9 5
0.53 10 17 12 2
0.536667 8 22 8 5
0.543333 7 22 9 5
0.55 9 19 5 2
0.556667 6 20 13 3
0.563333 10 24 5 3
0.57 6 24 5 5
0.576667 8 22 7 1
0.583333 6 16 14 3
0.59 3 20 6 3
0.596667 10 22 15 2
0.603333 11 25 6 6
0.61 5 21 6 1
0.616667 8 18 6 1
0.623333 8 20 3 4
0.63 10 26 8 5
0.636667 8 22 9 3
0.643333 4 10 6 2
0.65 9 18 4 5
0.656667 6 19 11 6
0.663333 322 809 303 82
0.67 0 0 0 0
0.676667 0 0 0 0
0.683333 0 0 0 0
0.69 0 0 0 0
0.696667 0 0 0 0
0.703333 0 0 0 0
0.71 0 0 0 0
0.716667 0 0 0 0
0.723333 0 0 0 0
0.73 0 0 0 0
0.736667 0 0 0 0
0.743333 0 0 0 0
0.75 0 0 0 0
0.756667 0 0 0 0
0.763333 0 0 0 0
0.77 0 0 0 0
0.776667 0 0 0 0
0.783333 0 0 0 0
0.79 0 0 0 0
0.796667 0 0 0 0
0.803333 0 0 0 0
0.81 0 0 0 0
0.816667 0 0 0 0
0.823333 0 0 0 0
0.83 0 0 0 0
0.836667 0 0 0 0
0.843333 0 0 0 0
0.85 0 0 0 0
0.856667 0 0 0 0
0.863333 0 0 0 0
0.87 0 0 0 0
0.876667 0 0 0 0
0.883333 0 0 0 0
0.89 0 0 0 0
0.896667 0 0 0 0
0.903333 0 0 0 0
0.91 0 0 0 0
0.916667 0 0 0 0
0.923333 0 0 0 0
0.93 0 0 0 0
0.936667 0 0 0 0
0.943333 0 0 0 0
0.95 0 0 0 0
0.956667 0 0 0 0
0.963333 0 0 0 0
0.97 0 0 0 0
0.976667 0 0 0 0
0.983333 0 0 0 0
0.99 0 0 0 0
0.996667 0 0 0 0
1.00333 0 0 0 0
1.01 0 0 0 0
1.01667 0 0 0 0
1.02333 0 0 0 0
1.03 0 0 0 0
1.03667 0 0 0 0
1.04333 0 0 0 0
1.05 0 0 0 0
1.05667 0 0 0 0
1.06333 0 0 0 0
1.07 0 0 0 0
1.07667 0 0 0 0
1.08333 0 0 0 0
1.09 0 0 0 0
1.09667 0 0 0 0
1.10333 0 0 0 0
1.11 0 0 0 0
1.11667 0 0 0 0
1.12333 0 0 0 0
1.13 0 0 0 0
1.13667 0 0 0 0
1.14333 0 0 0 0
1.15 0 0 0 0
1.15667 0 0 0 0
1.16333 0 0 0 0
1.17 0 0 0 0
1.17667 0 0 0 0
1.18333 0 0 0 0
1.19 0 0 0 0
1.19667 0 0 0 0
1.20333 0 0 0 0
1.21 0 0 0 0
1.21667 0 0 0 0
1.22333 0 0 0 0
1.23 0 0 0 0
1.23667 0 0 0 0
1.24333 0 0 0 0
1.25 0 0 0 0
1.25667 0 0 0 0
1.26333 0 0 0 0
1.27 0 0 0 0
1.27667 0 0 0 0
1.28333 0 0 0 0
1.29 0 0 0 0
1.29667 0 0 0 0
1.30333 0 0 0 0
1.31 0 0 0 0
1.31667 0 0 0 0
1.32333 0 0 0 0
1.33 0 0 0 0
1.33667 0 0 0 0
1.34333 0 0 0 0
1.35 0 0 0 0
1.35667 0 0 0 0
1.36333 0 0 0 0
1.37 0 0 0 0
1.37667 0 0 0 0
1.38333 0 0 0 0
1.39 0 0 0 0
1.39667 0 0 0 0
1.40333 0 0 0 0
1.41 0 0 0 0
1.41667 0 0 0 0
1.42333 0 0 0 0
1.43 0 0 0 0
1.43667 0 0 0 0
1.44333 0 0 0 0
1.45 0 0 0 0
1.45667 0 0 0 0
1.46333 0 0 0 0
1.47 0 0 0 0
1.47667 0 0 0 0
1.48333 0 0 0 0
1.49 0 0 0 0
1.49667 0 0 0 0
1.50333 0 0 0 0
1.51 0 0 0 0
1.51667 0 0 0 0
1.52333 0 0 0 0
1.53 0 0 0 0
1.53667 0 0 0 0
1.54333 0 0 0 0
1.55 0 0 0 0
1.55667 0 0 0 0
1.56333 0 0 0 0
1.57 0 0 0 0
1.57667 0 0 0 0
1.58333 0 0 0 0
1.59 0 0 0 0
1.59667 0 0 0 0
1.60333 0 0 0 0
1.61 0 0 0 0
1.61667 0 0 0 0
1.62333 0 0 0 0
1.63 0 0 0 0
1.63667 0 0 0 0
1.64333 0 0 0 0
1.65 0 0 0 0
1.65667 0 0 0 0
1.66333 0 0 0 0
1.67 0 0 0 0
1.67667 0 0 0 0
1.68333 0 0 0 0
1.69 0 0 0 0
1.69667 0 0 0 0
1.70333 0 0 0 0
1.71 0 0 0 0
1.71667 0 0 0 0
1.72333 0 0 0 0
1.73 0 0 0 0
1.73667 0 0 0 0
1.74333 0 0 0 0
1.75 0 0 0 0
1.75667 0 0 0 0
1.76333 0 0 0 0
1.77 0 0 0 0
1.77667 0 0 0 0
1.78333 0 0 0 0
1.79 0 0 0 0
1.79667 0 0 0 0
1.80333 0 0 0 0
1.81 0 0 0 0
1.81667 0 0 0 0
1.82333 0 0 0 0
1.83 0 0 0 0
1.83667 0 0 0 0
1.84333 0 0 0 0
1.85 0 0 0 0
1.85667 0 0 0 0
1.86333 0 0 0 0
1.87 0 0 0 0
1.87667 0 0 0 0
1.88333 0 0 0 0
1.89 0 0 0 0
1.89667 0 0 0 0
1.90333 0 0 0 0
1.91 0 0 0 0
1.91667 0 0 0 0
1.92333 0 0 0 0
1.93 0 0 0 0
1.93667 0 0 0 0
1.94333 0 0 0 0
1.95 0 0 0 0
1.95667 0 0 0 0
1.96333 0 0 0 0
1.97 0 0 0 0
1.97667 0 0 0 0
1.98333 0 0 0 0
1.99 0 0 0 0
1.99667 0 0 0 0
