0.00333333 27 35 5 9
0.01 49 59 4 14
0.0166667 35 49 9 12
0.0233333 37 57 12 8
0.03 32 59 5 8
0.0366667 37 83 6 10
0.0433333 45 101 9 7
0.05 51 94 11 12
0.0566667 46 122 14 17
0.0633333 46 127 15 9
0.07 69 124 24 9
0.0766667 74 137 18 16
0.0833333 68 123 20 18
0.09 77 148 20 24
0.0966667 57 133 23 12
0.103333 75 138 21 18
0.11 71 154 17 23
0.116667 80 124 10 14
0.123333 79 149 14 20
0.13 79 150 11 14
0.136667 74 135 9 21
0.143333 72 129 9 18
0.15 73 150 12 16
0.156667 69 113 13 19
0.163333 56 126 15 12
0.17 78 123 8 18
0.176667 60 111 12 18
0.183333 101 125 6 26
0.19 112 127 12 24
0.196667 77 125 10 24
0.203333 77 129 10 18
0.21 69 138 10 13
0.216667 65 140 11 16
0.223333 83 127 9 17
0.23 72 131 11 9
0.236667 80 113 9 10
0.243333 59 94 10 18
0.25 50 110 4 25
0.256667 47 82 9 15
0.263333 55 113 9 19
0.27 61 103 5 20
0.276667 64 90 12 14
0.283333 51 97 7 16
0.29 55 84 9 11
0.296667 57 94 9 11
0.303333 69 68 5 8
0.31 51 87 7 11
0.316667 46 72 10 14
0.323333 40 76 10 15
0.33 47 82 5 11
0.336667 45 72 7 15
0.343333 49 73 9 14
0.35 51 70 7 16
0.356667 39 71 3 14
0.363333 54 63 10 10
0.37 42 80 6 11
0.376667 36 69 6 10
0.383333 49 60 4 16
0.39 40 65 6 15
0.396667 41 77 9 10
0.403333 38 56 8 11
0.41 36 64 7 11
0.416667 50 68 7 14
0.423333 39 79 3 13
0.43 34 58 1 10
0.436667 43 69 3 12
0.443333 41 74 4 20
0.45 44 73 0 16
0.456667 41 69 8 18
0.463333 39 64 8 13
0.47 50 77 7 17
0.476667 30 37 3 13
0.483333 30 51 2 4
0.49 16 34 7 11
0.496667 27 39 3 5
0.503333 19 30 4 4
0.51 13 28 1 8
0.516667 14 36 3 6
0.523333 17 42 2 8
0.53 13 31 2 2
0.536667 16 28 3 3
0.543333 14 31 6 7
0.55 8 39 2 7
0.556667 10 29 5 5
0.563333 9 40 1 1
0.57 7 33 8 7
0.576667 2 33 3 3
0.583333 11 39 4 1
0.59 6 34 7 2
0.596667 6 31 6 4
0.603333 3 34 4 3
0.61 5 35 2 3
0.616667 2 31 2 4
0.623333 5 26 4 3
0.63 6 29 2 3
0.636667 9 31 3 1
0.643333 1 25 7 1
0.65 4 25 3 3
0.656667 2 32 2 1
0.663333 2129 2183 87 645
0.67 0 0 0 0
0.676667 0 0 0 0
0.683333 0 0 0 0
0.69 0 0 0 0
0.696667 0 0 0 0
0.703333 0 0 0 0
0.71 0 0 0 0
0.716667 0 0 0 0
0.723333 0 0 0 0
0.73 0 0 0 0
0.736667 0 0 0 0
0.743333 0 0 0 0
0.75 0 0 0 0
0.756667 0 0 0 0
0.763333 0 0 0 0
0.77 0 0 0 0
0.776667 0 0 0 0
0.783333 0 0 0 0
0.79 0 0 0 0
0.796667 0 0 0 0
0.803333 0 0 0 0
0.81 0 0 0 0
0.816667 0 0 0 0
0.823333 0 0 0 0
0.83 0 0 0 0
0.836667 0 0 0 0
0.843333 0 0 0 0
0.85 0 0 0 0
0.856667 0 0 0 0
0.863333 0 0 0 0
0.87 0 0 0 0
0.876667 0 0 0 0
0.883333 0 0 0 0
0.89 0 0 0 0
0.896667 0 0 0 0
0.903333 0 0 0 0
0.91 0 0 0 0
0.916667 0 0 0 0
0.923333 0 0 0 0
0.93 0 0 0 0
0.936667 0 0 0 0
0.943333 0 0 0 0
0.95 0 0 0 0
0.956667 0 0 0 0
0.963333 0 0 0 0
0.97 0 0 0 0
0.976667 0 0 0 0
0.983333 0 0 0 0
0.99 0 0 0 0
0.996667 0 0 0 0
1.00333 0 0 0 0
1.01 0 0 0 0
1.01667 0 0 0 0
1.02333 0 0 0 0
1.03 0 0 0 0
1.03667 0 0 0 0
1.04333 0 0 0 0
1.05 0 0 0 0
1.05667 0 0 0 0
1.06333 0 0 0 0
1.07 0 0 0 0
1.07667 0 0 0 0
1.08333 0 0 0 0
1.09 0 0 0 0
1.09667 0 0 0 0
1.10333 0 0 0 0
1.11 0 0 0 0
1.11667 0 0 0 0
1.12333 0 0 0 0
1.13 0 0 0 0
1.13667 0 0 0 0
1.14333 0 0 0 0
1.15 0 0 0 0
1.15667 0 0 0 0
1.16333 0 0 0 0
1.17 0 0 0 0
1.17667 0 0 0 0
1.18333 0 0 0 0
1.19 0 0 0 0
1.19667 0 0 0 0
1.20333 0 0 0 0
1.21 0 0 0 0
1.21667 0 0 0 0
1.22333 0 0 0 0
1.23 0 0 0 0
1.23667 0 0 0 0
1.24333 0 0 0 0
1.25 0 0 0 0
1.25667 0 0 0 0
1.26333 0 0 0 0
1.27 0 0 0 0
1.27667 0 0 0 0
1.28333 0 0 0 0
1.29 0 0 0 0
1.29667 0 0 0 0
1.30333 0 0 0 0
1.31 0 0 0 0
1.31667 0 0 0 0
1.32333 0 0 0 0
1.33 0 0 0 0
1.33667 0 0 0 0
1.34333 0 0 0 0
1.35 0 0 0 0
1.35667 0 0 0 0
1.36333 0 0 0 0
1.37 0 0 0 0
1.37667 0 0 0 0
1.38333 0 0 0 0
1.39 0 0 0 0
1.39667 0 0 0 0
1.40333 0 0 0 0
1.41 0 0 0 0
1.41667 0 0 0 0
1.42333 0 0 0 0
1.43 0 0 0 0
1.43667 0 0 0 0
1.44333 0 0 0 0
1.45 0 0 0 0
1.45667 0 0 0 0
1.46333 0 0 0 0
1.47 0 0 0 0
1.47667 0 0 0 0
1.48333 0 0 0 0
1.49 0 0 0 0
1.49667 0 0 0 0
1.50333 0 0 0 0
1.51 0 0 0 0
1.51667 0 0 0 0
1.52333 0 0 0 0
1.53 0 0 0 0
1.53667 0 0 0 0
1.54333 0 0 0 0
1.55 0 0 0 0
1.55667 0 0 0 0
1.56333 0 0 0 0
1.57 0 0 0 0
1.57667 0 0 0 0
1.58333 0 0 0 0
1.59 0 0 0 0
1.59667 0 0 0 0
1.60333 0 0 0 0
1.61 0 0 0 0
1.61667 0 0 0 0
1.62333 0 0 0 0
1.63 0 0 0 0
1.63667 0 0 0 0
1.64333 0 0 0 0
1.65 0 0 0 0
1.65667 0 0 0 0
1.66333 0 0 0 0
1.67 0 0 0 0
1.67667 0 0 0 0
1.68333 0 0 0 0
1.69 0 0 0 0
1.69667 0 0 0 0
1.70333 0 0 0 0
1.71 0 0 0 0
1.71667 0 0 0 0
1.72333 0 0 0 0
1.73 0 0 0 0
1.73667 0 0 0 0
1.74333 0 0 0 0
1.75 0 0 0 0
1.75667 0 0 0 0
1.76333 0 0 0 0
1.77 0 0 0 0
1.77667 0 0 0 0
1.78333 0 0 0 0
1.79 0 0 0 0
1.79667 0 0 0 0
1.80333 0 0 0 0
1.81 0 0 0 0
1.81667 0 0 0 0
1.82333 0 0 0 0
1.83 0 0 0 0
1.83667 0 0 0 0
1.84333 0 0 0 0
1.85 0 0 0 0
1.85667 0 0 0 0
1.86333 0 0 0 0
1.87 0 0 0 0
1.87667 0 0 0 0
1.88333 0 0 0 0
1.89 0 0 0 0
1.89667 0 0 0 0
1.90333 0 0 0 0
1.91 0 0 0 0
1.91667 0 0 0 0
1.92333 0 0 0 0
1.93 0 0 0 0
1.93667 0 0 0 0
1.94333 0 0 0 0
1.95 0 0 0 0
1.95667 0 0 0 0
1.96333 0 0 0 0
1.97 0 0 0 0
1.97667 0 0 0 0
1.98333 0 0 0 0
1.99 0 0 0 0
1.99667 0 0 0 0
