0.00333333 1 11 24 42
0.01 0 7 36 47
0.0166667 0 10 34 56
0.0233333 0 9 32 54
0.03 1 9 49 61
0.0366667 0 4 52 81
0.0433333 4 13 69 105
0.05 1 8 91 130
0.0566667 5 14 114 130
0.0633333 2 26 107 136
0.07 8 18 133 138
0.0766667 3 14 130 161
0.0833333 5 19 130 150
0.09 5 21 126 169
0.0966667 5 19 131 148
0.103333 3 24 122 158
0.11 2 19 115 175
0.116667 5 22 116 146
0.123333 4 16 107 176
0.13 3 36 105 147
0.136667 2 20 112 151
0.143333 4 18 105 159
0.15 2 24 97 138
0.156667 4 17 100 123
0.163333 6 15 95 135
0.17 2 19 82 123
0.176667 5 9 70 131
0.183333 4 10 97 162
0.19 7 26 78 139
0.196667 3 18 81 159
0.203333 5 19 87 129
0.21 2 19 86 124
0.216667 5 12 80 125
0.223333 2 10 76 132
0.23 2 26 66 134
0.236667 4 14 71 132
0.243333 0 13 80 114
0.25 0 16 72 92
0.256667 1 11 66 125
0.263333 2 21 60 98
0.27 2 5 47 97
0.276667 1 11 57 86
0.283333 0 16 56 112
0.29 1 11 66 76
0.296667 2 14 62 80
0.303333 2 13 52 78
0.31 3 13 51 81
0.316667 2 10 44 71
0.323333 5 7 49 63
0.33 1 11 49 82
0.336667 2 18 37 75
0.343333 6 13 37 51
0.35 2 6 44 80
0.356667 0 11 38 48
0.363333 3 12 36 63
0.37 2 9 44 55
0.376667 3 11 31 52
0.383333 0 8 43 47
0.39 1 14 41 60
0.396667 2 6 31 57
0.403333 4 15 39 61
0.41 3 7 41 67
0.416667 2 9 32 56
0.423333 1 10 32 51
0.43 0 2 33 40
0.436667 0 9 24 49
0.443333 2 6 34 58
0.45 2 10 39 67
0.456667 0 12 35 63
0.463333 3 10 38 66
0.47 3 12 45 68
0.476667 1 10 22 43
0.483333 0 4 18 32
0.49 0 6 32 34
0.496667 1 5 43 43
0.503333 1 7 23 34
0.51 1 3 22 45
0.516667 0 12 22 19
0.523333 0 3 34 34
0.53 0 8 21 29
0.536667 0 2 23 39
0.543333 1 5 14 30
0.55 2 3 15 33
0.556667 1 9 28 31
0.563333 1 3 25 23
0.57 3 8 21 20
0.576667 1 7 7 36
0.583333 0 8 24 34
0.59 3 3 17 27
0.596667 1 9 21 23
0.603333 0 4 18 22
0.61 0 2 19 25
0.616667 0 4 13 38
0.623333 4 4 16 21
0.63 0 3 15 24
0.636667 3 7 19 33
0.643333 1 6 15 30
0.65 1 7 18 23
0.656667 0 3 12 27
0.663333 28 359 779 1721
0.67 0 0 0 0
0.676667 0 0 0 0
0.683333 0 0 0 0
0.69 0 0 0 0
0.696667 0 0 0 0
0.703333 0 0 0 0
0.71 0 0 0 0
0.716667 0 0 0 0
0.723333 0 0 0 0
0.73 0 0 0 0
0.736667 0 0 0 0
0.743333 0 0 0 0
0.75 0 0 0 0
0.756667 0 0 0 0
0.763333 0 0 0 0
0.77 0 0 0 0
0.776667 0 0 0 0
0.783333 0 0 0 0
0.79 0 0 0 0
0.796667 0 0 0 0
0.803333 0 0 0 0
0.81 0 0 0 0
0.816667 0 0 0 0
0.823333 0 0 0 0
0.83 0 0 0 0
0.836667 0 0 0 0
0.843333 0 0 0 0
0.85 0 0 0 0
0.856667 0 0 0 0
0.863333 0 0 0 0
0.87 0 0 0 0
0.876667 0 0 0 0
0.883333 0 0 0 0
0.89 0 0 0 0
0.896667 0 0 0 0
0.903333 0 0 0 0
0.91 0 0 0 0
0.916667 0 0 0 0
0.923333 0 0 0 0
0.93 0 0 0 0
0.936667 0 0 0 0
0.943333 0 0 0 0
0.95 0 0 0 0
0.956667 0 0 0 0
0.963333 0 0 0 0
0.97 0 0 0 0
0.976667 0 0 0 0
0.983333 0 0 0 0
0.99 0 0 0 0
0.996667 0 0 0 0
1.00333 0 0 0 0
1.01 0 0 0 0
1.01667 0 0 0 0
1.02333 0 0 0 0
1.03 0 0 0 0
1.03667 0 0 0 0
1.04333 0 0 0 0
1.05 0 0 0 0
1.05667 0 0 0 0
1.06333 0 0 0 0
1.07 0 0 0 0
1.07667 0 0 0 0
1.08333 0 0 0 0
1.09 0 0 0 0
1.09667 0 0 0 0
1.10333 0 0 0 0
1.11 0 0 0 0
1.11667 0 0 0 0
1.12333 0 0 0 0
1.13 0 0 0 0
1.13667 0 0 0 0
1.14333 0 0 0 0
1.15 0 0 0 0
1.15667 0 0 0 0
1.16333 0 0 0 0
1.17 0 0 0 0
1.17667 0 0 0 0
1.18333 0 0 0 0
1.19 0 0 0 0
1.19667 0 0 0 0
1.20333 0 0 0 0
1.21 0 0 0 0
1.21667 0 0 0 0
1.22333 0 0 0 0
1.23 0 0 0 0
1.23667 0 0 0 0
1.24333 0 0 0 0
1.25 0 0 0 0
1.25667 0 0 0 0
1.26333 0 0 0 0
1.27 0 0 0 0
1.27667 0 0 0 0
1.28333 0 0 0 0
1.29 0 0 0 0
1.29667 0 0 0 0
1.30333 0 0 0 0
1.31 0 0 0 0
1.31667 0 0 0 0
1.32333 0 0 0 0
1.33 0 0 0 0
1.33667 0 0 0 0
1.34333 0 0 0 0
1.35 0 0 0 0
1.35667 0 0 0 0
1.36333 0 0 0 0
1.37 0 0 0 0
1.37667 0 0 0 0
1.38333 0 0 0 0
1.39 0 0 0 0
1.39667 0 0 0 0
1.40333 0 0 0 0
1.41 0 0 0 0
1.41667 0 0 0 0
1.42333 0 0 0 0
1.43 0 0 0 0
1.43667 0 0 0 0
1.44333 0 0 0 0
1.45 0 0 0 0
1.45667 0 0 0 0
1.46333 0 0 0 0
1.47 0 0 0 0
1.47667 0 0 0 0
1.48333 0 0 0 0
1.49 0 0 0 0
1.49667 0 0 0 0
1.50333 0 0 0 0
1.51 0 0 0 0
1.51667 0 0 0 0
1.52333 0 0 0 0
1.53 0 0 0 0
1.53667 0 0 0 0
1.54333 0 0 0 0
1.55 0 0 0 0
1.55667 0 0 0 0
1.56333 0 0 0 0
1.57 0 0 0 0
1.57667 0 0 0 0
1.58333 0 0 0 0
1.59 0 0 0 0
1.59667 0 0 0 0
1.60333 0 0 0 0
1.61 0 0 0 0
1.61667 0 0 0 0
1.62333 0 0 0 0
1.63 0 0 0 0
1.63667 0 0 0 0
1.64333 0 0 0 0
1.65 0 0 0 0
1.65667 0 0 0 0
1.66333 0 0 0 0
1.67 0 0 0 0
1.67667 0 0 0 0
1.68333 0 0 0 0
1.69 0 0 0 0
1.69667 0 0 0 0
1.70333 0 0 0 0
1.71 0 0 0 0
1.71667 0 0 0 0
1.72333 0 0 0 0
1.73 0 0 0 0
1.73667 0 0 0 0
1.74333 0 0 0 0
1.75 0 0 0 0
1.75667 0 0 0 0
1.76333 0 0 0 0
1.77 0 0 0 0
1.77667 0 0 0 0
1.78333 0 0 0 0
1.79 0 0 0 0
1.79667 0 0 0 0
1.80333 0 0 0 0
1.81 0 0 0 0
1.81667 0 0 0 0
1.82333 0 0 0 0
1.83 0 0 0 0
1.83667 0 0 0 0
1.84333 0 0 0 0
1.85 0 0 0 0
1.85667 0 0 0 0
1.86333 0 0 0 0
1.87 0 0 0 0
1.87667 0 0 0 0
1.88333 0 0 0 0
1.89 0 0 0 0
1.89667 0 0 0 0
1.90333 0 0 0 0
1.91 0 0 0 0
1.91667 0 0 0 0
1.92333 0 0 0 0
1.93 0 0 0 0
1.93667 0 0 0 0
1.94333 0 0 0 0
1.95 0 0 0 0
1.95667 0 0 0 0
1.96333 0 0 0 0
1.97 0 0 0 0
1.97667 0 0 0 0
1.98333 0 0 0 0
1.99 0 0 0 0
1.99667 0 0 0 0
