0.00333333 46 52 2 0
0.01 55 55 7 1
0.0166667 68 50 4 2
0.0233333 72 75 6 3
0.03 88 79 3 3
0.0366667 92 115 10 3
0.0433333 113 128 6 2
0.05 161 173 8 1
0.0566667 155 211 14 5
0.0633333 193 208 7 6
0.07 193 223 10 6
0.0766667 203 221 14 2
0.0833333 215 235 16 13
0.09 219 274 16 4
0.0966667 214 257 11 2
0.103333 202 209 13 2
0.11 239 247 21 6
0.116667 221 236 17 9
0.123333 221 233 15 6
0.13 189 238 10 7
0.136667 193 219 12 9
0.143333 215 213 11 7
0.15 170 204 14 8
0.156667 153 190 10 4
0.163333 175 200 14 6
0.17 183 181 6 6
0.176667 172 212 8 4
0.183333 169 207 9 4
0.19 193 175 10 3
0.196667 188 189 6 1
0.203333 162 172 10 6
0.21 146 180 9 2
0.216667 128 140 8 8
0.223333 137 138 12 7
0.23 127 148 11 4
0.236667 118 130 7 4
0.243333 143 136 8 0
0.25 115 150 9 1
0.256667 132 126 4 2
0.263333 90 102 7 1
0.27 101 128 6 6
0.276667 118 111 6 4
0.283333 97 117 7 3
0.29 99 103 6 2
0.296667 97 107 5 2
0.303333 99 111 6 8
0.31 87 101 11 3
0.316667 79 92 4 2
0.323333 97 81 10 0
0.33 79 70 6 5
0.336667 70 84 7 4
0.343333 81 82 4 4
0.35 66 93 9 4
0.356667 69 79 5 1
0.363333 73 76 2 2
0.37 66 68 7 2
0.376667 62 77 3 3
0.383333 55 66 6 1
0.39 65 67 7 1
0.396667 81 63 4 1
0.403333 74 90 7 5
0.41 62 62 4 2
0.416667 61 69 3 3
0.423333 58 67 3 3
0.43 69 64 6 1
0.436667 58 60 2 2
0.443333 67 56 3 1
0.45 55 57 4 1
0.456667 68 68 3 2
0.463333 66 63 2 3
0.47 48 65 2 2
0.476667 49 47 6 0
0.483333 36 47 4 1
0.49 36 40 5 5
0.496667 33 37 4 0
0.503333 32 47 5 2
0.51 33 30 6 0
0.516667 33 31 6 2
0.523333 36 33 3 0
0.53 28 38 5 1
0.536667 28 47 0 1
0.543333 23 25 5 0
0.55 26 33 1 1
0.556667 27 27 4 2
0.563333 22 27 3 1
0.57 29 30 2 1
0.576667 23 38 7 0
0.583333 25 36 5 1
0.59 26 21 1 2
0.596667 29 32 1 2
0.603333 23 39 4 4
0.61 33 30 2 2
0.616667 26 26 8 1
0.623333 22 37 2 3
0.63 28 32 1 1
0.636667 27 32 3 1
0.643333 21 31 1 1
0.65 27 27 5 5
0.656667 23 25 4 2
0.663333 1697 1759 71 35
0.67 0 0 0 0
0.676667 0 0 0 0
0.683333 0 0 0 0
0.69 0 0 0 0
0.696667 0 0 0 0
0.703333 0 0 0 0
0.71 0 0 0 0
0.716667 0 0 0 0
0.723333 0 0 0 0
0.73 0 0 0 0
0.736667 0 0 0 0
0.743333 0 0 0 0
0.75 0 0 0 0
0.756667 0 0 0 0
0.763333 0 0 0 0
0.77 0 0 0 0
0.776667 0 0 0 0
0.783333 0 0 0 0
0.79 0 0 0 0
0.796667 0 0 0 0
0.803333 0 0 0 0
0.81 0 0 0 0
0.816667 0 0 0 0
0.823333 0 0 0 0
0.83 0 0 0 0
0.836667 0 0 0 0
0.843333 0 0 0 0
0.85 0 0 0 0
0.856667 0 0 0 0
0.863333 0 0 0 0
0.87 0 0 0 0
0.876667 0 0 0 0
0.883333 0 0 0 0
0.89 0 0 0 0
0.896667 0 0 0 0
0.903333 0 0 0 0
0.91 0 0 0 0
0.916667 0 0 0 0
0.923333 0 0 0 0
0.93 0 0 0 0
0.936667 0 0 0 0
0.943333 0 0 0 0
0.95 0 0 0 0
0.956667 0 0 0 0
0.963333 0 0 0 0
0.97 0 0 0 0
0.976667 0 0 0 0
0.983333 0 0 0 0
0.99 0 0 0 0
0.996667 0 0 0 0
1.00333 0 0 0 0
1.01 0 0 0 0
1.01667 0 0 0 0
1.02333 0 0 0 0
1.03 0 0 0 0
1.03667 0 0 0 0
1.04333 0 0 0 0
1.05 0 0 0 0
1.05667 0 0 0 0
1.06333 0 0 0 0
1.07 0 0 0 0
1.07667 0 0 0 0
1.08333 0 0 0 0
1.09 0 0 0 0
1.09667 0 0 0 0
1.10333 0 0 0 0
1.11 0 0 0 0
1.11667 0 0 0 0
1.12333 0 0 0 0
1.13 0 0 0 0
1.13667 0 0 0 0
1.14333 0 0 0 0
1.15 0 0 0 0
1.15667 0 0 0 0
1.16333 0 0 0 0
1.17 0 0 0 0
1.17667 0 0 0 0
1.18333 0 0 0 0
1.19 0 0 0 0
1.19667 0 0 0 0
1.20333 0 0 0 0
1.21 0 0 0 0
1.21667 0 0 0 0
1.22333 0 0 0 0
1.23 0 0 0 0
1.23667 0 0 0 0
1.24333 0 0 0 0
1.25 0 0 0 0
1.25667 0 0 0 0
1.26333 0 0 0 0
1.27 0 0 0 0
1.27667 0 0 0 0
1.28333 0 0 0 0
1.29 0 0 0 0
1.29667 0 0 0 0
1.30333 0 0 0 0
1.31 0 0 0 0
1.31667 0 0 0 0
1.32333 0 0 0 0
1.33 0 0 0 0
1.33667 0 0 0 0
1.34333 0 0 0 0
1.35 0 0 0 0
1.35667 0 0 0 0
1.36333 0 0 0 0
1.37 0 0 0 0
1.37667 0 0 0 0
1.38333 0 0 0 0
1.39 0 0 0 0
1.39667 0 0 0 0
1.40333 0 0 0 0
1.41 0 0 0 0
1.41667 0 0 0 0
1.42333 0 0 0 0
1.43 0 0 0 0
1.43667 0 0 0 0
1.44333 0 0 0 0
1.45 0 0 0 0
1.45667 0 0 0 0
1.46333 0 0 0 0
1.47 0 0 0 0
1.47667 0 0 0 0
1.48333 0 0 0 0
1.49 0 0 0 0
1.49667 0 0 0 0
1.50333 0 0 0 0
1.51 0 0 0 0
1.51667 0 0 0 0
1.52333 0 0 0 0
1.53 0 0 0 0
1.53667 0 0 0 0
1.54333 0 0 0 0
1.55 0 0 0 0
1.55667 0 0 0 0
1.56333 0 0 0 0
1.57 0 0 0 0
1.57667 0 0 0 0
1.58333 0 0 0 0
1.59 0 0 0 0
1.59667 0 0 0 0
1.60333 0 0 0 0
1.61 0 0 0 0
1.61667 0 0 0 0
1.62333 0 0 0 0
1.63 0 0 0 0
1.63667 0 0 0 0
1.64333 0 0 0 0
1.65 0 0 0 0
1.65667 0 0 0 0
1.66333 0 0 0 0
1.67 0 0 0 0
1.67667 0 0 0 0
1.68333 0 0 0 0
1.69 0 0 0 0
1.69667 0 0 0 0
1.70333 0 0 0 0
1.71 0 0 0 0
1.71667 0 0 0 0
1.72333 0 0 0 0
1.73 0 0 0 0
1.73667 0 0 0 0
1.74333 0 0 0 0
1.75 0 0 0 0
1.75667 0 0 0 0
1.76333 0 0 0 0
1.77 0 0 0 0
1.77667 0 0 0 0
1.78333 0 0 0 0
1.79 0 0 0 0
1.79667 0 0 0 0
1.80333 0 0 0 0
1.81 0 0 0 0
1.81667 0 0 0 0
1.82333 0 0 0 0
1.83 0 0 0 0
1.83667 0 0 0 0
1.84333 0 0 0 0
1.85 0 0 0 0
1.85667 0 0 0 0
1.86333 0 0 0 0
1.87 0 0 0 0
1.87667 0 0 0 0
1.88333 0 0 0 0
1.89 0 0 0 0
1.89667 0 0 0 0
1.90333 0 0 0 0
1.91 0 0 0 0
1.91667 0 0 0 0
1.92333 0 0 0 0
1.93 0 0 0 0
1.93667 0 0 0 0
1.94333 0 0 0 0
1.95 0 0 0 0
1.95667 0 0 0 0
1.96333 0 0 0 0
1.97 0 0 0 0
1.97667 0 0 0 0
1.98333 0 0 0 0
1.99 0 0 0 0
1.99667 0 0 0 0
