0.00333333 13 20 4 3
0.01 23 21 6 2
0.0166667 21 25 9 2
0.0233333 12 16 3 8
0.03 20 33 8 4
0.0366667 24 38 11 7
0.0433333 35 52 16 4
0.05 36 70 15 9
0.0566667 39 81 22 8
0.0633333 57 80 26 5
0.07 39 67 39 8
0.0766667 49 84 22 7
0.0833333 49 98 25 10
0.09 45 89 37 7
0.0966667 49 98 34 5
0.103333 58 85 26 4
0.11 60 72 14 11
0.116667 55 72 24 8
0.123333 52 70 20 7
0.13 45 58 20 7
0.136667 53 73 18 6
0.143333 46 72 18 13
0.15 39 54 24 14
0.156667 47 66 12 8
0.163333 46 43 26 8
0.17 39 47 20 3
0.176667 45 45 14 4
0.183333 42 48 16 7
0.19 36 58 15 13
0.196667 51 33 19 12
0.203333 47 37 16 6
0.21 36 30 19 9
0.216667 44 39 14 4
0.223333 35 36 21 5
0.23 37 45 15 9
0.236667 34 41 10 2
0.243333 35 31 14 10
0.25 32 41 14 2
0.256667 42 37 13 4
0.263333 40 32 12 4
0.27 32 32 15 5
0.276667 42 35 17 6
0.283333 30 22 10 4
0.29 33 49 21 4
0.296667 20 33 8 5
0.303333 26 29 15 4
0.31 30 21 15 6
0.316667 32 34 11 3
0.323333 24 24 11 4
0.33 29 34 7 8
0.336667 31 32 6 2
0.343333 31 34 8 6
0.35 22 34 12 4
0.356667 23 31 6 2
0.363333 19 34 14 6
0.37 18 30 8 4
0.376667 19 16 12 0
0.383333 20 23 7 3
0.39 19 17 8 3
0.396667 21 17 4 5
0.403333 27 22 11 2
0.41 22 25 11 6
0.416667 17 17 13 4
0.423333 10 23 8 2
0.43 28 19 3 3
0.436667 22 23 6 1
0.443333 26 20 10 3
0.45 21 19 8 2
0.456667 21 18 9 4
0.463333 12 23 5 7
0.47 17 11 10 6
0.476667 21 24 10 1
0.483333 17 18 4 3
0.49 13 18 6 1
0.496667 13 15 6 4
0.503333 8 13 6 1
0.51 10 22 6 1
0.516667 10 13 6 2
0.523333 9 8 5 1
0.53 8 18 7 1
0.536667 9 13 2 5
0.543333 8 15 8 0
0.55 7 7 8 1
0.556667 9 8 4 1
0.563333 13 18 3 4
0.57 18 10 5 3
0.576667 7 15 2 3
0.583333 9 13 6 3
0.59 11 13 5 1
0.596667 13 12 5 3
0.603333 12 6 6 3
0.61 11 6 6 6
0.616667 12 18 2 1
0.623333 12 7 6 2
0.63 6 9 6 0
0.636667 9 17 10 5
0.643333 9 10 3 3
0.65 10 15 3 3
0.656667 15 3 3 5
0.663333 537 368 150 90
0.67 0 0 0 0
0.676667 0 0 0 0
0.683333 0 0 0 0
0.69 0 0 0 0
0.696667 0 0 0 0
0.703333 0 0 0 0
0.71 0 0 0 0
0.716667 0 0 0 0
0.723333 0 0 0 0
0.73 0 0 0 0
0.736667 0 0 0 0
0.743333 0 0 0 0
0.75 0 0 0 0
0.756667 0 0 0 0
0.763333 0 0 0 0
0.77 0 0 0 0
0.776667 0 0 0 0
0.783333 0 0 0 0
0.79 0 0 0 0
0.796667 0 0 0 0
0.803333 0 0 0 0
0.81 0 0 0 0
0.816667 0 0 0 0
0.823333 0 0 0 0
0.83 0 0 0 0
0.836667 0 0 0 0
0.843333 0 0 0 0
0.85 0 0 0 0
0.856667 0 0 0 0
0.863333 0 0 0 0
0.87 0 0 0 0
0.876667 0 0 0 0
0.883333 0 0 0 0
0.89 0 0 0 0
0.896667 0 0 0 0
0.903333 0 0 0 0
0.91 0 0 0 0
0.916667 0 0 0 0
0.923333 0 0 0 0
0.93 0 0 0 0
0.936667 0 0 0 0
0.943333 0 0 0 0
0.95 0 0 0 0
0.956667 0 0 0 0
0.963333 0 0 0 0
0.97 0 0 0 0
0.976667 0 0 0 0
0.983333 0 0 0 0
0.99 0 0 0 0
0.996667 0 0 0 0
1.00333 0 0 0 0
1.01 0 0 0 0
1.01667 0 0 0 0
1.02333 0 0 0 0
1.03 0 0 0 0
1.03667 0 0 0 0
1.04333 0 0 0 0
1.05 0 0 0 0
1.05667 0 0 0 0
1.06333 0 0 0 0
1.07 0 0 0 0
1.07667 0 0 0 0
1.08333 0 0 0 0
1.09 0 0 0 0
1.09667 0 0 0 0
1.10333 0 0 0 0
1.11 0 0 0 0
1.11667 0 0 0 0
1.12333 0 0 0 0
1.13 0 0 0 0
1.13667 0 0 0 0
1.14333 0 0 0 0
1.15 0 0 0 0
1.15667 0 0 0 0
1.16333 0 0 0 0
1.17 0 0 0 0
1.17667 0 0 0 0
1.18333 0 0 0 0
1.19 0 0 0 0
1.19667 0 0 0 0
1.20333 0 0 0 0
1.21 0 0 0 0
1.21667 0 0 0 0
1.22333 0 0 0 0
1.23 0 0 0 0
1.23667 0 0 0 0
1.24333 0 0 0 0
1.25 0 0 0 0
1.25667 0 0 0 0
1.26333 0 0 0 0
1.27 0 0 0 0
1.27667 0 0 0 0
1.28333 0 0 0 0
1.29 0 0 0 0
1.29667 0 0 0 0
1.30333 0 0 0 0
1.31 0 0 0 0
1.31667 0 0 0 0
1.32333 0 0 0 0
1.33 0 0 0 0
1.33667 0 0 0 0
1.34333 0 0 0 0
1.35 0 0 0 0
1.35667 0 0 0 0
1.36333 0 0 0 0
1.37 0 0 0 0
1.37667 0 0 0 0
1.38333 0 0 0 0
1.39 0 0 0 0
1.39667 0 0 0 0
1.40333 0 0 0 0
1.41 0 0 0 0
1.41667 0 0 0 0
1.42333 0 0 0 0
1.43 0 0 0 0
1.43667 0 0 0 0
1.44333 0 0 0 0
1.45 0 0 0 0
1.45667 0 0 0 0
1.46333 0 0 0 0
1.47 0 0 0 0
1.47667 0 0 0 0
1.48333 0 0 0 0
1.49 0 0 0 0
1.49667 0 0 0 0
1.50333 0 0 0 0
1.51 0 0 0 0
1.51667 0 0 0 0
1.52333 0 0 0 0
1.53 0 0 0 0
1.53667 0 0 0 0
1.54333 0 0 0 0
1.55 0 0 0 0
1.55667 0 0 0 0
1.56333 0 0 0 0
1.57 0 0 0 0
1.57667 0 0 0 0
1.58333 0 0 0 0
1.59 0 0 0 0
1.59667 0 0 0 0
1.60333 0 0 0 0
1.61 0 0 0 0
1.61667 0 0 0 0
1.62333 0 0 0 0
1.63 0 0 0 0
1.63667 0 0 0 0
1.64333 0 0 0 0
1.65 0 0 0 0
1.65667 0 0 0 0
1.66333 0 0 0 0
1.67 0 0 0 0
1.67667 0 0 0 0
1.68333 0 0 0 0
1.69 0 0 0 0
1.69667 0 0 0 0
1.70333 0 0 0 0
1.71 0 0 0 0
1.71667 0 0 0 0
1.72333 0 0 0 0
1.73 0 0 0 0
1.73667 0 0 0 0
1.74333 0 0 0 0
1.75 0 0 0 0
1.75667 0 0 0 0
1.76333 0 0 0 0
1.77 0 0 0 0
1.77667 0 0 0 0
1.78333 0 0 0 0
1.79 0 0 0 0
1.79667 0 0 0 0
1.80333 0 0 0 0
1.81 0 0 0 0
1.81667 0 0 0 0
1.82333 0 0 0 0
1.83 0 0 0 0
1.83667 0 0 0 0
1.84333 0 0 0 0
1.85 0 0 0 0
1.85667 0 0 0 0
1.86333 0 0 0 0
1.87 0 0 0 0
1.87667 0 0 0 0
1.88333 0 0 0 0
1.89 0 0 0 0
1.89667 0 0 0 0
1.90333 0 0 0 0
1.91 0 0 0 0
1.91667 0 0 0 0
1.92333 0 0 0 0
1.93 0 0 0 0
1.93667 0 0 0 0
1.94333 0 0 0 0
1.95 0 0 0 0
1.95667 0 0 0 0
1.96333 0 0 0 0
1.97 0 0 0 0
1.97667 0 0 0 0
1.98333 0 0 0 0
1.99 0 0 0 0
1.99667 0 0 0 0
