0.00333333 0 1 19 106
0.01 0 4 23 111
0.0166667 2 2 34 131
0.0233333 3 5 28 128
0.03 2 3 25 154
0.0366667 0 4 40 186
0.0433333 1 2 54 208
0.05 1 4 56 269
0.0566667 0 9 85 278
0.0633333 1 11 93 261
0.07 5 13 86 300
0.0766667 8 7 82 312
0.0833333 1 14 92 347
0.09 2 10 76 343
0.0966667 3 8 83 354
0.103333 4 4 92 369
0.11 1 9 73 365
0.116667 1 8 72 343
0.123333 2 6 63 367
0.13 2 10 72 404
0.136667 4 5 59 362
0.143333 2 7 67 342
0.15 6 9 52 350
0.156667 1 6 50 343
0.163333 3 11 60 395
0.17 2 5 55 315
0.176667 1 3 51 332
0.183333 2 2 53 359
0.19 4 9 61 446
0.196667 1 8 49 461
0.203333 6 14 60 383
0.21 3 6 55 376
0.216667 2 8 46 340
0.223333 2 5 43 359
0.23 6 6 37 335
0.236667 4 6 42 284
0.243333 4 9 52 275
0.25 1 7 36 265
0.256667 1 6 36 246
0.263333 1 5 37 258
0.27 0 5 45 238
0.276667 4 4 35 211
0.283333 3 3 40 202
0.29 3 4 36 181
0.296667 1 4 35 189
0.303333 0 3 30 194
0.31 1 2 40 187
0.316667 3 3 32 152
0.323333 1 9 25 182
0.33 3 4 35 165
0.336667 1 1 35 153
0.343333 0 4 32 164
0.35 2 4 6 131
0.356667 1 5 26 153
0.363333 1 3 30 126
0.37 0 6 37 152
0.376667 0 5 25 133
0.383333 1 8 25 141
0.39 3 4 16 140
0.396667 1 3 20 150
0.403333 1 4 28 140
0.41 1 3 25 141
0.416667 5 4 21 133
0.423333 2 2 21 135
0.43 3 1 17 115
0.436667 2 5 22 142
0.443333 1 4 25 154
0.45 1 2 18 120
0.456667 4 3 19 124
0.463333 3 2 16 130
0.47 2 7 25 135
0.476667 3 5 15 138
0.483333 5 1 20 74
0.49 3 0 15 68
0.496667 1 2 9 66
0.503333 1 3 15 89
0.51 2 4 11 68
0.516667 2 5 15 65
0.523333 1 2 14 70
0.53 1 4 11 64
0.536667 1 1 9 64
0.543333 0 2 15 57
0.55 1 4 14 52
0.556667 3 5 17 66
0.563333 0 1 14 47
0.57 2 1 10 55
0.576667 2 3 12 51
0.583333 0 5 12 50
0.59 2 3 11 51
0.596667 1 0 8 58
0.603333 0 2 8 51
0.61 1 3 11 43
0.616667 0 1 9 64
0.623333 1 4 7 38
0.63 3 1 10 44
0.636667 2 1 19 54
0.643333 3 0 8 42
0.65 2 3 14 60
0.656667 0 1 10 48
0.663333 45 73 373 5976
0.67 0 0 0 0
0.676667 0 0 0 0
0.683333 0 0 0 0
0.69 0 0 0 0
0.696667 0 0 0 0
0.703333 0 0 0 0
0.71 0 0 0 0
0.716667 0 0 0 0
0.723333 0 0 0 0
0.73 0 0 0 0
0.736667 0 0 0 0
0.743333 0 0 0 0
0.75 0 0 0 0
0.756667 0 0 0 0
0.763333 0 0 0 0
0.77 0 0 0 0
0.776667 0 0 0 0
0.783333 0 0 0 0
0.79 0 0 0 0
0.796667 0 0 0 0
0.803333 0 0 0 0
0.81 0 0 0 0
0.816667 0 0 0 0
0.823333 0 0 0 0
0.83 0 0 0 0
0.836667 0 0 0 0
0.843333 0 0 0 0
0.85 0 0 0 0
0.856667 0 0 0 0
0.863333 0 0 0 0
0.87 0 0 0 0
0.876667 0 0 0 0
0.883333 0 0 0 0
0.89 0 0 0 0
0.896667 0 0 0 0
0.903333 0 0 0 0
0.91 0 0 0 0
0.916667 0 0 0 0
0.923333 0 0 0 0
0.93 0 0 0 0
0.936667 0 0 0 0
0.943333 0 0 0 0
0.95 0 0 0 0
0.956667 0 0 0 0
0.963333 0 0 0 0
0.97 0 0 0 0
0.976667 0 0 0 0
0.983333 0 0 0 0
0.99 0 0 0 0
0.996667 0 0 0 0
1.00333 0 0 0 0
1.01 0 0 0 0
1.01667 0 0 0 0
1.02333 0 0 0 0
1.03 0 0 0 0
1.03667 0 0 0 0
1.04333 0 0 0 0
1.05 0 0 0 0
1.05667 0 0 0 0
1.06333 0 0 0 0
1.07 0 0 0 0
1.07667 0 0 0 0
1.08333 0 0 0 0
1.09 0 0 0 0
1.09667 0 0 0 0
1.10333 0 0 0 0
1.11 0 0 0 0
1.11667 0 0 0 0
1.12333 0 0 0 0
1.13 0 0 0 0
1.13667 0 0 0 0
1.14333 0 0 0 0
1.15 0 0 0 0
1.15667 0 0 0 0
1.16333 0 0 0 0
1.17 0 0 0 0
1.17667 0 0 0 0
1.18333 0 0 0 0
1.19 0 0 0 0
1.19667 0 0 0 0
1.20333 0 0 0 0
1.21 0 0 0 0
1.21667 0 0 0 0
1.22333 0 0 0 0
1.23 0 0 0 0
1.23667 0 0 0 0
1.24333 0 0 0 0
1.25 0 0 0 0
1.25667 0 0 0 0
1.26333 0 0 0 0
1.27 0 0 0 0
1.27667 0 0 0 0
1.28333 0 0 0 0
1.29 0 0 0 0
1.29667 0 0 0 0
1.30333 0 0 0 0
1.31 0 0 0 0
1.31667 0 0 0 0
1.32333 0 0 0 0
1.33 0 0 0 0
1.33667 0 0 0 0
1.34333 0 0 0 0
1.35 0 0 0 0
1.35667 0 0 0 0
1.36333 0 0 0 0
1.37 0 0 0 0
1.37667 0 0 0 0
1.38333 0 0 0 0
1.39 0 0 0 0
1.39667 0 0 0 0
1.40333 0 0 0 0
1.41 0 0 0 0
1.41667 0 0 0 0
1.42333 0 0 0 0
1.43 0 0 0 0
1.43667 0 0 0 0
1.44333 0 0 0 0
1.45 0 0 0 0
1.45667 0 0 0 0
1.46333 0 0 0 0
1.47 0 0 0 0
1.47667 0 0 0 0
1.48333 0 0 0 0
1.49 0 0 0 0
1.49667 0 0 0 0
1.50333 0 0 0 0
1.51 0 0 0 0
1.51667 0 0 0 0
1.52333 0 0 0 0
1.53 0 0 0 0
1.53667 0 0 0 0
1.54333 0 0 0 0
1.55 0 0 0 0
1.55667 0 0 0 0
1.56333 0 0 0 0
1.57 0 0 0 0
1.57667 0 0 0 0
1.58333 0 0 0 0
1.59 0 0 0 0
1.59667 0 0 0 0
1.60333 0 0 0 0
1.61 0 0 0 0
1.61667 0 0 0 0
1.62333 0 0 0 0
1.63 0 0 0 0
1.63667 0 0 0 0
1.64333 0 0 0 0
1.65 0 0 0 0
1.65667 0 0 0 0
1.66333 0 0 0 0
1.67 0 0 0 0
1.67667 0 0 0 0
1.68333 0 0 0 0
1.69 0 0 0 0
1.69667 0 0 0 0
1.70333 0 0 0 0
1.71 0 0 0 0
1.71667 0 0 0 0
1.72333 0 0 0 0
1.73 0 0 0 0
1.73667 0 0 0 0
1.74333 0 0 0 0
1.75 0 0 0 0
1.75667 0 0 0 0
1.76333 0 0 0 0
1.77 0 0 0 0
1.77667 0 0 0 0
1.78333 0 0 0 0
1.79 0 0 0 0
1.79667 0 0 0 0
1.80333 0 0 0 0
1.81 0 0 0 0
1.81667 0 0 0 0
1.82333 0 0 0 0
1.83 0 0 0 0
1.83667 0 0 0 0
1.84333 0 0 0 0
1.85 0 0 0 0
1.85667 0 0 0 0
1.86333 0 0 0 0
1.87 0 0 0 0
1.87667 0 0 0 0
1.88333 0 0 0 0
1.89 0 0 0 0
1.89667 0 0 0 0
1.90333 0 0 0 0
1.91 0 0 0 0
1.91667 0 0 0 0
1.92333 0 0 0 0
1.93 0 0 0 0
1.93667 0 0 0 0
1.94333 0 0 0 0
1.95 0 0 0 0
1.95667 0 0 0 0
1.96333 0 0 0 0
1.97 0 0 0 0
1.97667 0 0 0 0
1.98333 0 0 0 0
1.99 0 0 0 0
1.99667 0 0 0 0
