0.00333333 28 147 3 1
0.01 29 170 4 2
0.0166667 35 176 4 1
0.0233333 28 181 4 0
0.03 30 213 4 1
0.0366667 42 185 4 2
0.0433333 57 242 9 0
0.05 68 265 7 0
0.0566667 93 322 14 3
0.0633333 94 351 21 5
0.07 119 358 15 4
0.0766667 109 353 9 3
0.0833333 119 430 24 4
0.09 104 453 12 1
0.0966667 107 411 8 4
0.103333 115 400 14 5
0.11 107 456 23 4
0.116667 115 384 11 5
0.123333 96 470 10 5
0.13 97 478 13 5
0.136667 102 408 8 5
0.143333 95 424 14 0
0.15 91 475 14 6
0.156667 79 445 14 2
0.163333 76 414 8 2
0.17 99 429 11 4
0.176667 61 453 8 2
0.183333 86 524 13 4
0.19 57 671 5 4
0.196667 74 631 12 2
0.203333 96 623 15 5
0.21 73 522 2 3
0.216667 68 500 12 4
0.223333 71 466 14 1
0.23 60 412 12 1
0.236667 67 384 10 1
0.243333 63 383 8 3
0.25 48 328 9 1
0.256667 74 302 7 3
0.263333 64 300 9 1
0.27 65 293 8 3
0.276667 56 273 4 2
0.283333 44 283 9 0
0.29 50 246 5 3
0.296667 40 230 6 0
0.303333 45 225 7 3
0.31 33 226 9 0
0.316667 36 195 10 0
0.323333 38 214 7 4
0.33 36 208 7 2
0.336667 53 212 5 2
0.343333 34 198 12 0
0.35 34 212 7 0
0.356667 41 196 3 1
0.363333 41 213 9 1
0.37 39 185 6 1
0.376667 28 183 11 1
0.383333 33 158 7 3
0.39 39 177 7 2
0.396667 45 192 3 1
0.403333 36 177 6 1
0.41 33 170 6 2
0.416667 37 179 5 2
0.423333 36 195 6 0
0.43 29 166 5 4
0.436667 37 189 11 1
0.443333 34 186 7 0
0.45 31 183 3 2
0.456667 31 182 6 3
0.463333 42 188 2 1
0.47 36 173 6 3
0.476667 42 161 2 2
0.483333 26 90 3 1
0.49 23 87 5 2
0.496667 21 73 7 1
0.503333 24 66 1 0
0.51 12 78 6 0
0.516667 15 85 6 0
0.523333 24 81 4 0
0.53 18 69 3 0
0.536667 17 73 0 2
0.543333 18 60 8 0
0.55 19 62 1 1
0.556667 24 52 5 1
0.563333 20 70 1 0
0.57 19 56 2 2
0.576667 11 56 3 1
0.583333 23 48 1 0
0.59 16 51 4 1
0.596667 14 61 5 1
0.603333 17 66 1 2
0.61 19 40 4 1
0.616667 13 46 2 1
0.623333 18 45 5 2
0.63 21 54 6 0
0.636667 17 72 5 0
0.643333 21 38 3 1
0.65 15 36 0 1
0.656667 15 33 3 1
0.663333 779 9384 108 22
0.67 0 0 0 0
0.676667 0 0 0 0
0.683333 0 0 0 0
0.69 0 0 0 0
0.696667 0 0 0 0
0.703333 0 0 0 0
0.71 0 0 0 0
0.716667 0 0 0 0
0.723333 0 0 0 0
0.73 0 0 0 0
0.736667 0 0 0 0
0.743333 0 0 0 0
0.75 0 0 0 0
0.756667 0 0 0 0
0.763333 0 0 0 0
0.77 0 0 0 0
0.776667 0 0 0 0
0.783333 0 0 0 0
0.79 0 0 0 0
0.796667 0 0 0 0
0.803333 0 0 0 0
0.81 0 0 0 0
0.816667 0 0 0 0
0.823333 0 0 0 0
0.83 0 0 0 0
0.836667 0 0 0 0
0.843333 0 0 0 0
0.85 0 0 0 0
0.856667 0 0 0 0
0.863333 0 0 0 0
0.87 0 0 0 0
0.876667 0 0 0 0
0.883333 0 0 0 0
0.89 0 0 0 0
0.896667 0 0 0 0
0.903333 0 0 0 0
0.91 0 0 0 0
0.916667 0 0 0 0
0.923333 0 0 0 0
0.93 0 0 0 0
0.936667 0 0 0 0
0.943333 0 0 0 0
0.95 0 0 0 0
0.956667 0 0 0 0
0.963333 0 0 0 0
0.97 0 0 0 0
0.976667 0 0 0 0
0.983333 0 0 0 0
0.99 0 0 0 0
0.996667 0 0 0 0
1.00333 0 0 0 0
1.01 0 0 0 0
1.01667 0 0 0 0
1.02333 0 0 0 0
1.03 0 0 0 0
1.03667 0 0 0 0
1.04333 0 0 0 0
1.05 0 0 0 0
1.05667 0 0 0 0
1.06333 0 0 0 0
1.07 0 0 0 0
1.07667 0 0 0 0
1.08333 0 0 0 0
1.09 0 0 0 0
1.09667 0 0 0 0
1.10333 0 0 0 0
1.11 0 0 0 0
1.11667 0 0 0 0
1.12333 0 0 0 0
1.13 0 0 0 0
1.13667 0 0 0 0
1.14333 0 0 0 0
1.15 0 0 0 0
1.15667 0 0 0 0
1.16333 0 0 0 0
1.17 0 0 0 0
1.17667 0 0 0 0
1.18333 0 0 0 0
1.19 0 0 0 0
1.19667 0 0 0 0
1.20333 0 0 0 0
1.21 0 0 0 0
1.21667 0 0 0 0
1.22333 0 0 0 0
1.23 0 0 0 0
1.23667 0 0 0 0
1.24333 0 0 0 0
1.25 0 0 0 0
1.25667 0 0 0 0
1.26333 0 0 0 0
1.27 0 0 0 0
1.27667 0 0 0 0
1.28333 0 0 0 0
1.29 0 0 0 0
1.29667 0 0 0 0
1.30333 0 0 0 0
1.31 0 0 0 0
1.31667 0 0 0 0
1.32333 0 0 0 0
1.33 0 0 0 0
1.33667 0 0 0 0
1.34333 0 0 0 0
1.35 0 0 0 0
1.35667 0 0 0 0
1.36333 0 0 0 0
1.37 0 0 0 0
1.37667 0 0 0 0
1.38333 0 0 0 0
1.39 0 0 0 0
1.39667 0 0 0 0
1.40333 0 0 0 0
1.41 0 0 0 0
1.41667 0 0 0 0
1.42333 0 0 0 0
1.43 0 0 0 0
1.43667 0 0 0 0
1.44333 0 0 0 0
1.45 0 0 0 0
1.45667 0 0 0 0
1.46333 0 0 0 0
1.47 0 0 0 0
1.47667 0 0 0 0
1.48333 0 0 0 0
1.49 0 0 0 0
1.49667 0 0 0 0
1.50333 0 0 0 0
1.51 0 0 0 0
1.51667 0 0 0 0
1.52333 0 0 0 0
1.53 0 0 0 0
1.53667 0 0 0 0
1.54333 0 0 0 0
1.55 0 0 0 0
1.55667 0 0 0 0
1.56333 0 0 0 0
1.57 0 0 0 0
1.57667 0 0 0 0
1.58333 0 0 0 0
1.59 0 0 0 0
1.59667 0 0 0 0
1.60333 0 0 0 0
1.61 0 0 0 0
1.61667 0 0 0 0
1.62333 0 0 0 0
1.63 0 0 0 0
1.63667 0 0 0 0
1.64333 0 0 0 0
1.65 0 0 0 0
1.65667 0 0 0 0
1.66333 0 0 0 0
1.67 0 0 0 0
1.67667 0 0 0 0
1.68333 0 0 0 0
1.69 0 0 0 0
1.69667 0 0 0 0
1.70333 0 0 0 0
1.71 0 0 0 0
1.71667 0 0 0 0
1.72333 0 0 0 0
1.73 0 0 0 0
1.73667 0 0 0 0
1.74333 0 0 0 0
1.75 0 0 0 0
1.75667 0 0 0 0
1.76333 0 0 0 0
1.77 0 0 0 0
1.77667 0 0 0 0
1.78333 0 0 0 0
1.79 0 0 0 0
1.79667 0 0 0 0
1.80333 0 0 0 0
1.81 0 0 0 0
1.81667 0 0 0 0
1.82333 0 0 0 0
1.83 0 0 0 0
1.83667 0 0 0 0
1.84333 0 0 0 0
1.85 0 0 0 0
1.85667 0 0 0 0
1.86333 0 0 0 0
1.87 0 0 0 0
1.87667 0 0 0 0
1.88333 0 0 0 0
1.89 0 0 0 0
1.89667 0 0 0 0
1.90333 0 0 0 0
1.91 0 0 0 0
1.91667 0 0 0 0
1.92333 0 0 0 0
1.93 0 0 0 0
1.93667 0 0 0 0
1.94333 0 0 0 0
1.95 0 0 0 0
1.95667 0 0 0 0
1.96333 0 0 0 0
1.97 0 0 0 0
1.97667 0 0 0 0
1.98333 0 0 0 0
1.99 0 0 0 0
1.99667 0 0 0 0
