0.00333333 31 144 7 6
0.01 39 143 4 5
0.0166667 47 177 7 4
0.0233333 41 149 6 3
0.03 38 162 6 4
0.0366667 42 185 10 3
0.0433333 59 217 10 3
0.05 64 222 17 4
0.0566667 75 275 12 9
0.0633333 93 313 9 10
0.07 81 306 24 8
0.0766667 103 339 13 12
0.0833333 108 321 18 9
0.09 106 368 16 5
0.0966667 94 373 12 7
0.103333 107 352 14 12
0.11 106 384 14 12
0.116667 133 393 17 10
0.123333 107 407 14 12
0.13 109 430 12 11
0.136667 95 434 14 8
0.143333 91 412 6 3
0.15 101 407 10 10
0.156667 114 354 11 6
0.163333 99 394 13 7
0.17 95 331 13 6
0.176667 78 378 10 15
0.183333 95 414 15 6
0.19 102 526 13 10
0.196667 107 519 11 11
0.203333 89 484 10 10
0.21 102 487 13 10
0.216667 107 486 11 3
0.223333 74 383 9 9
0.23 71 416 10 4
0.236667 82 378 14 7
0.243333 72 366 8 5
0.25 58 302 5 8
0.256667 62 323 8 6
0.263333 81 273 10 8
0.27 63 256 10 3
0.276667 57 286 5 2
0.283333 47 254 8 7
0.29 52 242 4 5
0.296667 51 215 3 5
0.303333 52 232 5 2
0.31 41 207 8 3
0.316667 49 194 5 3
0.323333 47 208 2 3
0.33 38 177 4 5
0.336667 48 182 6 5
0.343333 56 166 3 5
0.35 46 195 7 3
0.356667 51 183 5 2
0.363333 48 183 8 6
0.37 57 183 5 4
0.376667 45 167 8 2
0.383333 46 163 9 3
0.39 39 186 5 2
0.396667 50 160 7 5
0.403333 42 181 4 2
0.41 29 171 2 2
0.416667 38 176 3 4
0.423333 40 174 6 2
0.43 47 146 5 3
0.436667 47 179 4 7
0.443333 45 152 4 4
0.45 44 164 5 3
0.456667 47 189 0 2
0.463333 43 158 4 2
0.47 43 144 3 4
0.476667 27 141 5 4
0.483333 22 86 6 4
0.49 26 86 3 3
0.496667 24 83 5 3
0.503333 21 66 4 3
0.51 21 69 5 3
0.516667 22 68 4 4
0.523333 27 74 3 1
0.53 18 74 0 1
0.536667 27 48 2 2
0.543333 20 54 4 2
0.55 24 63 8 4
0.556667 26 42 2 5
0.563333 21 52 4 0
0.57 13 52 2 3
0.576667 30 50 4 1
0.583333 20 51 2 1
0.59 15 61 1 0
0.596667 20 58 2 0
0.603333 17 55 0 5
0.61 18 45 2 3
0.616667 17 49 2 3
0.623333 18 53 1 1
0.63 20 56 1 0
0.636667 22 71 1 2
0.643333 16 33 0 2
0.65 20 33 2 1
0.656667 13 45 3 3
0.663333 1326 8486 70 118
0.67 0 0 0 0
0.676667 0 0 0 0
0.683333 0 0 0 0
0.69 0 0 0 0
0.696667 0 0 0 0
0.703333 0 0 0 0
0.71 0 0 0 0
0.716667 0 0 0 0
0.723333 0 0 0 0
0.73 0 0 0 0
0.736667 0 0 0 0
0.743333 0 0 0 0
0.75 0 0 0 0
0.756667 0 0 0 0
0.763333 0 0 0 0
0.77 0 0 0 0
0.776667 0 0 0 0
0.783333 0 0 0 0
0.79 0 0 0 0
0.796667 0 0 0 0
0.803333 0 0 0 0
0.81 0 0 0 0
0.816667 0 0 0 0
0.823333 0 0 0 0
0.83 0 0 0 0
0.836667 0 0 0 0
0.843333 0 0 0 0
0.85 0 0 0 0
0.856667 0 0 0 0
0.863333 0 0 0 0
0.87 0 0 0 0
0.876667 0 0 0 0
0.883333 0 0 0 0
0.89 0 0 0 0
0.896667 0 0 0 0
0.903333 0 0 0 0
0.91 0 0 0 0
0.916667 0 0 0 0
0.923333 0 0 0 0
0.93 0 0 0 0
0.936667 0 0 0 0
0.943333 0 0 0 0
0.95 0 0 0 0
0.956667 0 0 0 0
0.963333 0 0 0 0
0.97 0 0 0 0
0.976667 0 0 0 0
0.983333 0 0 0 0
0.99 0 0 0 0
0.996667 0 0 0 0
1.00333 0 0 0 0
1.01 0 0 0 0
1.01667 0 0 0 0
1.02333 0 0 0 0
1.03 0 0 0 0
1.03667 0 0 0 0
1.04333 0 0 0 0
1.05 0 0 0 0
1.05667 0 0 0 0
1.06333 0 0 0 0
1.07 0 0 0 0
1.07667 0 0 0 0
1.08333 0 0 0 0
1.09 0 0 0 0
1.09667 0 0 0 0
1.10333 0 0 0 0
1.11 0 0 0 0
1.11667 0 0 0 0
1.12333 0 0 0 0
1.13 0 0 0 0
1.13667 0 0 0 0
1.14333 0 0 0 0
1.15 0 0 0 0
1.15667 0 0 0 0
1.16333 0 0 0 0
1.17 0 0 0 0
1.17667 0 0 0 0
1.18333 0 0 0 0
1.19 0 0 0 0
1.19667 0 0 0 0
1.20333 0 0 0 0
1.21 0 0 0 0
1.21667 0 0 0 0
1.22333 0 0 0 0
1.23 0 0 0 0
1.23667 0 0 0 0
1.24333 0 0 0 0
1.25 0 0 0 0
1.25667 0 0 0 0
1.26333 0 0 0 0
1.27 0 0 0 0
1.27667 0 0 0 0
1.28333 0 0 0 0
1.29 0 0 0 0
1.29667 0 0 0 0
1.30333 0 0 0 0
1.31 0 0 0 0
1.31667 0 0 0 0
1.32333 0 0 0 0
1.33 0 0 0 0
1.33667 0 0 0 0
1.34333 0 0 0 0
1.35 0 0 0 0
1.35667 0 0 0 0
1.36333 0 0 0 0
1.37 0 0 0 0
1.37667 0 0 0 0
1.38333 0 0 0 0
1.39 0 0 0 0
1.39667 0 0 0 0
1.40333 0 0 0 0
1.41 0 0 0 0
1.41667 0 0 0 0
1.42333 0 0 0 0
1.43 0 0 0 0
1.43667 0 0 0 0
1.44333 0 0 0 0
1.45 0 0 0 0
1.45667 0 0 0 0
1.46333 0 0 0 0
1.47 0 0 0 0
1.47667 0 0 0 0
1.48333 0 0 0 0
1.49 0 0 0 0
1.49667 0 0 0 0
1.50333 0 0 0 0
1.51 0 0 0 0
1.51667 0 0 0 0
1.52333 0 0 0 0
1.53 0 0 0 0
1.53667 0 0 0 0
1.54333 0 0 0 0
1.55 0 0 0 0
1.55667 0 0 0 0
1.56333 0 0 0 0
1.57 0 0 0 0
1.57667 0 0 0 0
1.58333 0 0 0 0
1.59 0 0 0 0
1.59667 0 0 0 0
1.60333 0 0 0 0
1.61 0 0 0 0
1.61667 0 0 0 0
1.62333 0 0 0 0
1.63 0 0 0 0
1.63667 0 0 0 0
1.64333 0 0 0 0
1.65 0 0 0 0
1.65667 0 0 0 0
1.66333 0 0 0 0
1.67 0 0 0 0
1.67667 0 0 0 0
1.68333 0 0 0 0
1.69 0 0 0 0
1.69667 0 0 0 0
1.70333 0 0 0 0
1.71 0 0 0 0
1.71667 0 0 0 0
1.72333 0 0 0 0
1.73 0 0 0 0
1.73667 0 0 0 0
1.74333 0 0 0 0
1.75 0 0 0 0
1.75667 0 0 0 0
1.76333 0 0 0 0
1.77 0 0 0 0
1.77667 0 0 0 0
1.78333 0 0 0 0
1.79 0 0 0 0
1.79667 0 0 0 0
1.80333 0 0 0 0
1.81 0 0 0 0
1.81667 0 0 0 0
1.82333 0 0 0 0
1.83 0 0 0 0
1.83667 0 0 0 0
1.84333 0 0 0 0
1.85 0 0 0 0
1.85667 0 0 0 0
1.86333 0 0 0 0
1.87 0 0 0 0
1.87667 0 0 0 0
1.88333 0 0 0 0
1.89 0 0 0 0
1.89667 0 0 0 0
1.90333 0 0 0 0
1.91 0 0 0 0
1.91667 0 0 0 0
1.92333 0 0 0 0
1.93 0 0 0 0
1.93667 0 0 0 0
1.94333 0 0 0 0
1.95 0 0 0 0
1.95667 0 0 0 0
1.96333 0 0 0 0
1.97 0 0 0 0
1.97667 0 0 0 0
1.98333 0 0 0 0
1.99 0 0 0 0
1.99667 0 0 0 0
