0.00333333 1 18 18 25
0.01 4 11 34 26
0.0166667 1 23 38 53
0.0233333 1 20 24 37
0.03 2 21 30 47
0.0366667 3 25 45 41
0.0433333 4 26 49 46
0.05 7 24 81 65
0.0566667 8 24 90 77
0.0633333 9 31 97 85
0.07 11 35 93 69
0.0766667 7 30 124 104
0.0833333 1 32 106 85
0.09 12 37 97 105
0.0966667 7 33 85 83
0.103333 8 36 115 104
0.11 5 43 106 83
0.116667 3 36 93 110
0.123333 7 23 83 112
0.13 8 44 95 94
0.136667 7 26 90 100
0.143333 9 28 87 117
0.15 5 39 84 88
0.156667 5 21 75 84
0.163333 6 27 58 87
0.17 9 31 64 77
0.176667 7 32 66 76
0.183333 5 21 64 91
0.19 10 36 58 111
0.196667 4 42 63 110
0.203333 6 29 62 92
0.21 5 30 75 91
0.216667 4 31 48 80
0.223333 11 38 47 70
0.23 3 34 63 88
0.236667 10 33 50 66
0.243333 8 28 56 72
0.25 5 30 61 78
0.256667 1 32 52 62
0.263333 1 19 55 62
0.27 5 28 45 76
0.276667 2 14 61 58
0.283333 0 20 41 52
0.29 3 16 46 49
0.296667 4 22 43 49
0.303333 6 15 35 49
0.31 5 16 37 62
0.316667 3 24 42 46
0.323333 4 27 58 48
0.33 5 16 41 44
0.336667 1 24 32 50
0.343333 5 23 26 52
0.35 2 9 29 47
0.356667 3 14 33 54
0.363333 6 20 37 47
0.37 3 14 21 48
0.376667 1 19 37 37
0.383333 4 26 27 50
0.39 8 13 35 42
0.396667 10 14 24 50
0.403333 5 14 32 38
0.41 5 17 32 50
0.416667 4 12 34 47
0.423333 1 22 29 36
0.43 0 14 31 35
0.436667 4 17 21 38
0.443333 5 16 30 46
0.45 5 24 22 48
0.456667 3 23 28 35
0.463333 8 17 29 43
0.47 7 20 27 39
0.476667 4 19 29 32
0.483333 3 10 24 28
0.49 1 18 19 33
0.496667 4 10 24 29
0.503333 0 8 22 31
0.51 6 4 24 23
0.516667 0 13 17 23
0.523333 2 4 20 18
0.53 0 12 13 18
0.536667 5 4 18 14
0.543333 1 9 21 28
0.55 2 7 23 21
0.556667 1 6 22 24
0.563333 2 9 13 24
0.57 7 14 17 19
0.576667 3 6 12 27
0.583333 4 8 16 28
0.59 2 3 17 12
0.596667 5 15 16 11
0.603333 0 11 18 19
0.61 0 2 6 21
0.616667 3 7 18 20
0.623333 5 4 18 15
0.63 1 6 14 14
0.636667 4 8 13 17
0.643333 6 7 17 14
0.65 3 7 9 23
0.656667 3 9 21 17
0.663333 86 560 609 1362
0.67 0 0 0 0
0.676667 0 0 0 0
0.683333 0 0 0 0
0.69 0 0 0 0
0.696667 0 0 0 0
0.703333 0 0 0 0
0.71 0 0 0 0
0.716667 0 0 0 0
0.723333 0 0 0 0
0.73 0 0 0 0
0.736667 0 0 0 0
0.743333 0 0 0 0
0.75 0 0 0 0
0.756667 0 0 0 0
0.763333 0 0 0 0
0.77 0 0 0 0
0.776667 0 0 0 0
0.783333 0 0 0 0
0.79 0 0 0 0
0.796667 0 0 0 0
0.803333 0 0 0 0
0.81 0 0 0 0
0.816667 0 0 0 0
0.823333 0 0 0 0
0.83 0 0 0 0
0.836667 0 0 0 0
0.843333 0 0 0 0
0.85 0 0 0 0
0.856667 0 0 0 0
0.863333 0 0 0 0
0.87 0 0 0 0
0.876667 0 0 0 0
0.883333 0 0 0 0
0.89 0 0 0 0
0.896667 0 0 0 0
0.903333 0 0 0 0
0.91 0 0 0 0
0.916667 0 0 0 0
0.923333 0 0 0 0
0.93 0 0 0 0
0.936667 0 0 0 0
0.943333 0 0 0 0
0.95 0 0 0 0
0.956667 0 0 0 0
0.963333 0 0 0 0
0.97 0 0 0 0
0.976667 0 0 0 0
0.983333 0 0 0 0
0.99 0 0 0 0
0.996667 0 0 0 0
1.00333 0 0 0 0
1.01 0 0 0 0
1.01667 0 0 0 0
1.02333 0 0 0 0
1.03 0 0 0 0
1.03667 0 0 0 0
1.04333 0 0 0 0
1.05 0 0 0 0
1.05667 0 0 0 0
1.06333 0 0 0 0
1.07 0 0 0 0
1.07667 0 0 0 0
1.08333 0 0 0 0
1.09 0 0 0 0
1.09667 0 0 0 0
1.10333 0 0 0 0
1.11 0 0 0 0
1.11667 0 0 0 0
1.12333 0 0 0 0
1.13 0 0 0 0
1.13667 0 0 0 0
1.14333 0 0 0 0
1.15 0 0 0 0
1.15667 0 0 0 0
1.16333 0 0 0 0
1.17 0 0 0 0
1.17667 0 0 0 0
1.18333 0 0 0 0
1.19 0 0 0 0
1.19667 0 0 0 0
1.20333 0 0 0 0
1.21 0 0 0 0
1.21667 0 0 0 0
1.22333 0 0 0 0
1.23 0 0 0 0
1.23667 0 0 0 0
1.24333 0 0 0 0
1.25 0 0 0 0
1.25667 0 0 0 0
1.26333 0 0 0 0
1.27 0 0 0 0
1.27667 0 0 0 0
1.28333 0 0 0 0
1.29 0 0 0 0
1.29667 0 0 0 0
1.30333 0 0 0 0
1.31 0 0 0 0
1.31667 0 0 0 0
1.32333 0 0 0 0
1.33 0 0 0 0
1.33667 0 0 0 0
1.34333 0 0 0 0
1.35 0 0 0 0
1.35667 0 0 0 0
1.36333 0 0 0 0
1.37 0 0 0 0
1.37667 0 0 0 0
1.38333 0 0 0 0
1.39 0 0 0 0
1.39667 0 0 0 0
1.40333 0 0 0 0
1.41 0 0 0 0
1.41667 0 0 0 0
1.42333 0 0 0 0
1.43 0 0 0 0
1.43667 0 0 0 0
1.44333 0 0 0 0
1.45 0 0 0 0
1.45667 0 0 0 0
1.46333 0 0 0 0
1.47 0 0 0 0
1.47667 0 0 0 0
1.48333 0 0 0 0
1.49 0 0 0 0
1.49667 0 0 0 0
1.50333 0 0 0 0
1.51 0 0 0 0
1.51667 0 0 0 0
1.52333 0 0 0 0
1.53 0 0 0 0
1.53667 0 0 0 0
1.54333 0 0 0 0
1.55 0 0 0 0
1.55667 0 0 0 0
1.56333 0 0 0 0
1.57 0 0 0 0
1.57667 0 0 0 0
1.58333 0 0 0 0
1.59 0 0 0 0
1.59667 0 0 0 0
1.60333 0 0 0 0
1.61 0 0 0 0
1.61667 0 0 0 0
1.62333 0 0 0 0
1.63 0 0 0 0
1.63667 0 0 0 0
1.64333 0 0 0 0
1.65 0 0 0 0
1.65667 0 0 0 0
1.66333 0 0 0 0
1.67 0 0 0 0
1.67667 0 0 0 0
1.68333 0 0 0 0
1.69 0 0 0 0
1.69667 0 0 0 0
1.70333 0 0 0 0
1.71 0 0 0 0
1.71667 0 0 0 0
1.72333 0 0 0 0
1.73 0 0 0 0
1.73667 0 0 0 0
1.74333 0 0 0 0
1.75 0 0 0 0
1.75667 0 0 0 0
1.76333 0 0 0 0
1.77 0 0 0 0
1.77667 0 0 0 0
1.78333 0 0 0 0
1.79 0 0 0 0
1.79667 0 0 0 0
1.80333 0 0 0 0
1.81 0 0 0 0
1.81667 0 0 0 0
1.82333 0 0 0 0
1.83 0 0 0 0
1.83667 0 0 0 0
1.84333 0 0 0 0
1.85 0 0 0 0
1.85667 0 0 0 0
1.86333 0 0 0 0
1.87 0 0 0 0
1.87667 0 0 0 0
1.88333 0 0 0 0
1.89 0 0 0 0
1.89667 0 0 0 0
1.90333 0 0 0 0
1.91 0 0 0 0
1.91667 0 0 0 0
1.92333 0 0 0 0
1.93 0 0 0 0
1.93667 0 0 0 0
1.94333 0 0 0 0
1.95 0 0 0 0
1.95667 0 0 0 0
1.96333 0 0 0 0
1.97 0 0 0 0
1.97667 0 0 0 0
1.98333 0 0 0 0
1.99 0 0 0 0
1.99667 0 0 0 0
