0.00333333 248 20 1 2
0.01 266 24 0 5
0.0166667 275 27 1 2
0.0233333 277 21 1 1
0.03 279 23 1 2
0.0366667 280 31 2 2
0.0433333 315 36 1 3
0.05 351 46 1 1
0.0566667 350 61 4 5
0.0633333 392 49 5 5
0.07 394 69 2 6
0.0766667 413 76 2 2
0.0833333 455 69 1 3
0.09 426 77 2 1
0.0966667 462 76 4 4
0.103333 432 72 2 7
0.11 487 74 3 5
0.116667 482 81 3 6
0.123333 523 59 0 10
0.13 590 63 2 4
0.136667 531 66 4 4
0.143333 520 52 1 3
0.15 552 68 2 3
0.156667 565 51 3 5
0.163333 534 39 1 2
0.17 556 38 3 3
0.176667 538 63 2 9
0.183333 701 52 3 6
0.19 964 53 4 9
0.196667 930 44 2 8
0.203333 810 50 3 9
0.21 769 53 2 5
0.216667 688 38 1 6
0.223333 616 57 3 4
0.23 575 42 0 6
0.236667 488 51 4 9
0.243333 470 37 4 3
0.25 439 50 1 4
0.256667 417 41 0 5
0.263333 391 42 1 3
0.27 402 47 0 5
0.276667 333 31 0 6
0.283333 374 35 2 5
0.29 310 41 2 5
0.296667 303 33 0 6
0.303333 339 20 3 3
0.31 289 34 1 4
0.316667 260 36 2 0
0.323333 295 30 2 5
0.33 271 33 1 1
0.336667 301 30 1 0
0.343333 259 28 2 6
0.35 258 18 1 1
0.356667 244 32 3 2
0.363333 256 34 2 3
0.37 251 37 2 4
0.376667 227 21 1 4
0.383333 231 25 2 5
0.39 248 22 3 3
0.396667 253 14 1 7
0.403333 262 30 2 4
0.41 227 25 1 5
0.416667 242 22 0 2
0.423333 252 25 3 2
0.43 212 25 1 2
0.436667 266 19 0 4
0.443333 244 19 0 3
0.45 273 17 0 2
0.456667 263 35 0 4
0.463333 298 23 0 3
0.47 284 25 0 3
0.476667 234 23 1 6
0.483333 134 18 1 1
0.49 139 15 1 3
0.496667 96 18 1 1
0.503333 85 17 3 2
0.51 84 17 3 2
0.516667 79 24 2 4
0.523333 78 15 2 1
0.53 61 11 0 2
0.536667 86 16 0 1
0.543333 66 11 1 4
0.55 73 13 2 1
0.556667 67 10 0 2
0.563333 51 14 1 4
0.57 69 17 0 2
0.576667 74 12 0 1
0.583333 76 15 0 0
0.59 62 15 0 0
0.596667 59 10 0 1
0.603333 68 10 1 1
0.61 60 9 4 3
0.616667 60 15 0 1
0.623333 48 10 0 2
0.63 60 11 1 0
0.636667 78 18 0 3
0.643333 31 15 0 1
0.65 48 25 0 2
0.656667 35 9 2 2
0.663333 16093 582 11 157
0.67 0 0 0 0
0.676667 0 0 0 0
0.683333 0 0 0 0
0.69 0 0 0 0
0.696667 0 0 0 0
0.703333 0 0 0 0
0.71 0 0 0 0
0.716667 0 0 0 0
0.723333 0 0 0 0
0.73 0 0 0 0
0.736667 0 0 0 0
0.743333 0 0 0 0
0.75 0 0 0 0
0.756667 0 0 0 0
0.763333 0 0 0 0
0.77 0 0 0 0
0.776667 0 0 0 0
0.783333 0 0 0 0
0.79 0 0 0 0
0.796667 0 0 0 0
0.803333 0 0 0 0
0.81 0 0 0 0
0.816667 0 0 0 0
0.823333 0 0 0 0
0.83 0 0 0 0
0.836667 0 0 0 0
0.843333 0 0 0 0
0.85 0 0 0 0
0.856667 0 0 0 0
0.863333 0 0 0 0
0.87 0 0 0 0
0.876667 0 0 0 0
0.883333 0 0 0 0
0.89 0 0 0 0
0.896667 0 0 0 0
0.903333 0 0 0 0
0.91 0 0 0 0
0.916667 0 0 0 0
0.923333 0 0 0 0
0.93 0 0 0 0
0.936667 0 0 0 0
0.943333 0 0 0 0
0.95 0 0 0 0
0.956667 0 0 0 0
0.963333 0 0 0 0
0.97 0 0 0 0
0.976667 0 0 0 0
0.983333 0 0 0 0
0.99 0 0 0 0
0.996667 0 0 0 0
1.00333 0 0 0 0
1.01 0 0 0 0
1.01667 0 0 0 0
1.02333 0 0 0 0
1.03 0 0 0 0
1.03667 0 0 0 0
1.04333 0 0 0 0
1.05 0 0 0 0
1.05667 0 0 0 0
1.06333 0 0 0 0
1.07 0 0 0 0
1.07667 0 0 0 0
1.08333 0 0 0 0
1.09 0 0 0 0
1.09667 0 0 0 0
1.10333 0 0 0 0
1.11 0 0 0 0
1.11667 0 0 0 0
1.12333 0 0 0 0
1.13 0 0 0 0
1.13667 0 0 0 0
1.14333 0 0 0 0
1.15 0 0 0 0
1.15667 0 0 0 0
1.16333 0 0 0 0
1.17 0 0 0 0
1.17667 0 0 0 0
1.18333 0 0 0 0
1.19 0 0 0 0
1.19667 0 0 0 0
1.20333 0 0 0 0
1.21 0 0 0 0
1.21667 0 0 0 0
1.22333 0 0 0 0
1.23 0 0 0 0
1.23667 0 0 0 0
1.24333 0 0 0 0
1.25 0 0 0 0
1.25667 0 0 0 0
1.26333 0 0 0 0
1.27 0 0 0 0
1.27667 0 0 0 0
1.28333 0 0 0 0
1.29 0 0 0 0
1.29667 0 0 0 0
1.30333 0 0 0 0
1.31 0 0 0 0
1.31667 0 0 0 0
1.32333 0 0 0 0
1.33 0 0 0 0
1.33667 0 0 0 0
1.34333 0 0 0 0
1.35 0 0 0 0
1.35667 0 0 0 0
1.36333 0 0 0 0
1.37 0 0 0 0
1.37667 0 0 0 0
1.38333 0 0 0 0
1.39 0 0 0 0
1.39667 0 0 0 0
1.40333 0 0 0 0
1.41 0 0 0 0
1.41667 0 0 0 0
1.42333 0 0 0 0
1.43 0 0 0 0
1.43667 0 0 0 0
1.44333 0 0 0 0
1.45 0 0 0 0
1.45667 0 0 0 0
1.46333 0 0 0 0
1.47 0 0 0 0
1.47667 0 0 0 0
1.48333 0 0 0 0
1.49 0 0 0 0
1.49667 0 0 0 0
1.50333 0 0 0 0
1.51 0 0 0 0
1.51667 0 0 0 0
1.52333 0 0 0 0
1.53 0 0 0 0
1.53667 0 0 0 0
1.54333 0 0 0 0
1.55 0 0 0 0
1.55667 0 0 0 0
1.56333 0 0 0 0
1.57 0 0 0 0
1.57667 0 0 0 0
1.58333 0 0 0 0
1.59 0 0 0 0
1.59667 0 0 0 0
1.60333 0 0 0 0
1.61 0 0 0 0
1.61667 0 0 0 0
1.62333 0 0 0 0
1.63 0 0 0 0
1.63667 0 0 0 0
1.64333 0 0 0 0
1.65 0 0 0 0
1.65667 0 0 0 0
1.66333 0 0 0 0
1.67 0 0 0 0
1.67667 0 0 0 0
1.68333 0 0 0 0
1.69 0 0 0 0
1.69667 0 0 0 0
1.70333 0 0 0 0
1.71 0 0 0 0
1.71667 0 0 0 0
1.72333 0 0 0 0
1.73 0 0 0 0
1.73667 0 0 0 0
1.74333 0 0 0 0
1.75 0 0 0 0
1.75667 0 0 0 0
1.76333 0 0 0 0
1.77 0 0 0 0
1.77667 0 0 0 0
1.78333 0 0 0 0
1.79 0 0 0 0
1.79667 0 0 0 0
1.80333 0 0 0 0
1.81 0 0 0 0
1.81667 0 0 0 0
1.82333 0 0 0 0
1.83 0 0 0 0
1.83667 0 0 0 0
1.84333 0 0 0 0
1.85 0 0 0 0
1.85667 0 0 0 0
1.86333 0 0 0 0
1.87 0 0 0 0
1.87667 0 0 0 0
1.88333 0 0 0 0
1.89 0 0 0 0
1.89667 0 0 0 0
1.90333 0 0 0 0
1.91 0 0 0 0
1.91667 0 0 0 0
1.92333 0 0 0 0
1.93 0 0 0 0
1.93667 0 0 0 0
1.94333 0 0 0 0
1.95 0 0 0 0
1.95667 0 0 0 0
1.96333 0 0 0 0
1.97 0 0 0 0
1.97667 0 0 0 0
1.98333 0 0 0 0
1.99 0 0 0 0
1.99667 0 0 0 0
