0.00333333 106 38 2 6
0.01 117 43 4 4
0.0166667 134 43 4 4
0.0233333 121 52 1 5
0.03 119 55 3 2
0.0366667 133 66 7 3
0.0433333 165 81 7 3
0.05 190 86 6 7
0.0566667 196 131 5 7
0.0633333 194 111 2 10
0.07 239 135 9 11
0.0766667 240 136 5 6
0.0833333 256 154 8 3
0.09 284 136 5 5
0.0966667 265 122 10 7
0.103333 234 146 8 10
0.11 271 151 11 9
0.116667 294 145 2 5
0.123333 307 146 5 10
0.13 272 137 6 5
0.136667 292 133 8 7
0.143333 310 121 3 7
0.15 310 112 8 5
0.156667 269 122 5 7
0.163333 261 119 2 6
0.17 291 108 2 4
0.176667 268 123 3 5
0.183333 330 109 5 10
0.19 430 114 1 14
0.196667 367 118 6 14
0.203333 382 99 2 12
0.21 335 114 2 8
0.216667 260 103 2 7
0.223333 335 113 7 7
0.23 262 84 2 7
0.236667 270 85 3 13
0.243333 227 98 6 6
0.25 241 86 5 7
0.256667 218 74 0 4
0.263333 171 77 2 8
0.27 206 69 2 6
0.276667 196 69 3 7
0.283333 176 78 1 5
0.29 173 65 2 9
0.296667 196 64 2 5
0.303333 159 73 4 6
0.31 194 66 3 3
0.316667 172 61 2 2
0.323333 155 56 4 8
0.33 132 56 3 5
0.336667 171 39 4 1
0.343333 153 52 0 5
0.35 137 42 2 6
0.356667 110 61 1 3
0.363333 143 42 3 4
0.37 116 54 2 2
0.376667 133 39 4 7
0.383333 139 55 9 7
0.39 126 55 3 3
0.396667 140 37 1 4
0.403333 125 54 1 5
0.41 133 40 1 4
0.416667 122 61 1 1
0.423333 124 55 3 6
0.43 120 45 0 5
0.436667 139 67 1 4
0.443333 135 42 0 6
0.45 127 45 3 1
0.456667 126 56 1 7
0.463333 135 35 2 3
0.47 141 48 2 6
0.476667 102 37 4 9
0.483333 68 32 5 2
0.49 55 37 2 6
0.496667 52 27 1 0
0.503333 48 33 3 12
0.51 43 29 1 2
0.516667 32 32 4 4
0.523333 48 28 3 2
0.53 53 24 1 4
0.536667 45 34 2 2
0.543333 52 31 2 4
0.55 36 27 3 2
0.556667 28 24 1 3
0.563333 49 32 0 3
0.57 38 22 1 2
0.576667 33 30 0 1
0.583333 40 28 2 2
0.59 29 20 0 1
0.596667 32 31 0 5
0.603333 27 23 1 1
0.61 38 24 4 5
0.616667 39 22 0 1
0.623333 37 25 2 2
0.63 47 23 1 0
0.636667 44 26 0 7
0.643333 27 21 0 2
0.65 26 17 2 1
0.656667 28 20 3 6
0.663333 6555 1356 29 220
0.67 0 0 0 0
0.676667 0 0 0 0
0.683333 0 0 0 0
0.69 0 0 0 0
0.696667 0 0 0 0
0.703333 0 0 0 0
0.71 0 0 0 0
0.716667 0 0 0 0
0.723333 0 0 0 0
0.73 0 0 0 0
0.736667 0 0 0 0
0.743333 0 0 0 0
0.75 0 0 0 0
0.756667 0 0 0 0
0.763333 0 0 0 0
0.77 0 0 0 0
0.776667 0 0 0 0
0.783333 0 0 0 0
0.79 0 0 0 0
0.796667 0 0 0 0
0.803333 0 0 0 0
0.81 0 0 0 0
0.816667 0 0 0 0
0.823333 0 0 0 0
0.83 0 0 0 0
0.836667 0 0 0 0
0.843333 0 0 0 0
0.85 0 0 0 0
0.856667 0 0 0 0
0.863333 0 0 0 0
0.87 0 0 0 0
0.876667 0 0 0 0
0.883333 0 0 0 0
0.89 0 0 0 0
0.896667 0 0 0 0
0.903333 0 0 0 0
0.91 0 0 0 0
0.916667 0 0 0 0
0.923333 0 0 0 0
0.93 0 0 0 0
0.936667 0 0 0 0
0.943333 0 0 0 0
0.95 0 0 0 0
0.956667 0 0 0 0
0.963333 0 0 0 0
0.97 0 0 0 0
0.976667 0 0 0 0
0.983333 0 0 0 0
0.99 0 0 0 0
0.996667 0 0 0 0
1.00333 0 0 0 0
1.01 0 0 0 0
1.01667 0 0 0 0
1.02333 0 0 0 0
1.03 0 0 0 0
1.03667 0 0 0 0
1.04333 0 0 0 0
1.05 0 0 0 0
1.05667 0 0 0 0
1.06333 0 0 0 0
1.07 0 0 0 0
1.07667 0 0 0 0
1.08333 0 0 0 0
1.09 0 0 0 0
1.09667 0 0 0 0
1.10333 0 0 0 0
1.11 0 0 0 0
1.11667 0 0 0 0
1.12333 0 0 0 0
1.13 0 0 0 0
1.13667 0 0 0 0
1.14333 0 0 0 0
1.15 0 0 0 0
1.15667 0 0 0 0
1.16333 0 0 0 0
1.17 0 0 0 0
1.17667 0 0 0 0
1.18333 0 0 0 0
1.19 0 0 0 0
1.19667 0 0 0 0
1.20333 0 0 0 0
1.21 0 0 0 0
1.21667 0 0 0 0
1.22333 0 0 0 0
1.23 0 0 0 0
1.23667 0 0 0 0
1.24333 0 0 0 0
1.25 0 0 0 0
1.25667 0 0 0 0
1.26333 0 0 0 0
1.27 0 0 0 0
1.27667 0 0 0 0
1.28333 0 0 0 0
1.29 0 0 0 0
1.29667 0 0 0 0
1.30333 0 0 0 0
1.31 0 0 0 0
1.31667 0 0 0 0
1.32333 0 0 0 0
1.33 0 0 0 0
1.33667 0 0 0 0
1.34333 0 0 0 0
1.35 0 0 0 0
1.35667 0 0 0 0
1.36333 0 0 0 0
1.37 0 0 0 0
1.37667 0 0 0 0
1.38333 0 0 0 0
1.39 0 0 0 0
1.39667 0 0 0 0
1.40333 0 0 0 0
1.41 0 0 0 0
1.41667 0 0 0 0
1.42333 0 0 0 0
1.43 0 0 0 0
1.43667 0 0 0 0
1.44333 0 0 0 0
1.45 0 0 0 0
1.45667 0 0 0 0
1.46333 0 0 0 0
1.47 0 0 0 0
1.47667 0 0 0 0
1.48333 0 0 0 0
1.49 0 0 0 0
1.49667 0 0 0 0
1.50333 0 0 0 0
1.51 0 0 0 0
1.51667 0 0 0 0
1.52333 0 0 0 0
1.53 0 0 0 0
1.53667 0 0 0 0
1.54333 0 0 0 0
1.55 0 0 0 0
1.55667 0 0 0 0
1.56333 0 0 0 0
1.57 0 0 0 0
1.57667 0 0 0 0
1.58333 0 0 0 0
1.59 0 0 0 0
1.59667 0 0 0 0
1.60333 0 0 0 0
1.61 0 0 0 0
1.61667 0 0 0 0
1.62333 0 0 0 0
1.63 0 0 0 0
1.63667 0 0 0 0
1.64333 0 0 0 0
1.65 0 0 0 0
1.65667 0 0 0 0
1.66333 0 0 0 0
1.67 0 0 0 0
1.67667 0 0 0 0
1.68333 0 0 0 0
1.69 0 0 0 0
1.69667 0 0 0 0
1.70333 0 0 0 0
1.71 0 0 0 0
1.71667 0 0 0 0
1.72333 0 0 0 0
1.73 0 0 0 0
1.73667 0 0 0 0
1.74333 0 0 0 0
1.75 0 0 0 0
1.75667 0 0 0 0
1.76333 0 0 0 0
1.77 0 0 0 0
1.77667 0 0 0 0
1.78333 0 0 0 0
1.79 0 0 0 0
1.79667 0 0 0 0
1.80333 0 0 0 0
1.81 0 0 0 0
1.81667 0 0 0 0
1.82333 0 0 0 0
1.83 0 0 0 0
1.83667 0 0 0 0
1.84333 0 0 0 0
1.85 0 0 0 0
1.85667 0 0 0 0
1.86333 0 0 0 0
1.87 0 0 0 0
1.87667 0 0 0 0
1.88333 0 0 0 0
1.89 0 0 0 0
1.89667 0 0 0 0
1.90333 0 0 0 0
1.91 0 0 0 0
1.91667 0 0 0 0
1.92333 0 0 0 0
1.93 0 0 0 0
1.93667 0 0 0 0
1.94333 0 0 0 0
1.95 0 0 0 0
1.95667 0 0 0 0
1.96333 0 0 0 0
1.97 0 0 0 0
1.97667 0 0 0 0
1.98333 0 0 0 0
1.99 0 0 0 0
1.99667 0 0 0 0
