0.00333333 1 5 19 84
0.01 2 6 25 78
0.0166667 1 9 26 92
0.0233333 1 7 28 69
0.03 0 12 37 89
0.0366667 0 3 35 100
0.0433333 2 9 48 143
0.05 3 4 60 138
0.0566667 4 15 78 151
0.0633333 2 22 89 169
0.07 3 16 76 173
0.0766667 7 12 79 205
0.0833333 1 15 90 211
0.09 8 18 98 209
0.0966667 6 12 89 216
0.103333 2 16 85 198
0.11 3 22 55 210
0.116667 1 15 78 249
0.123333 3 15 73 196
0.13 5 24 63 213
0.136667 2 15 71 205
0.143333 2 11 64 209
0.15 3 19 68 218
0.156667 2 12 68 205
0.163333 3 12 58 197
0.17 4 14 56 186
0.176667 6 15 51 200
0.183333 7 8 54 204
0.19 1 15 58 225
0.196667 5 20 62 256
0.203333 2 18 48 187
0.21 3 16 53 209
0.216667 5 11 43 202
0.223333 8 11 40 188
0.23 3 21 49 193
0.236667 8 10 35 198
0.243333 3 19 41 168
0.25 2 18 38 171
0.256667 1 14 41 162
0.263333 2 24 33 143
0.27 1 8 32 129
0.276667 2 8 37 128
0.283333 0 12 29 146
0.29 4 9 37 105
0.296667 1 13 36 123
0.303333 3 12 30 115
0.31 2 6 37 116
0.316667 1 9 33 104
0.323333 2 8 31 114
0.33 4 5 28 100
0.336667 1 15 27 102
0.343333 1 8 38 102
0.35 1 12 28 107
0.356667 2 10 27 94
0.363333 2 4 25 96
0.37 1 7 27 95
0.376667 0 7 18 102
0.383333 1 12 31 86
0.39 3 11 31 114
0.396667 1 6 29 84
0.403333 2 10 23 103
0.41 3 7 29 103
0.416667 5 7 25 83
0.423333 2 14 20 72
0.43 2 13 20 86
0.436667 1 8 23 73
0.443333 2 5 22 87
0.45 1 9 28 99
0.456667 5 13 25 96
0.463333 4 14 24 92
0.47 4 13 31 80
0.476667 1 8 14 75
0.483333 1 2 18 42
0.49 2 6 18 43
0.496667 1 10 27 55
0.503333 0 6 18 49
0.51 3 6 15 66
0.516667 0 7 15 36
0.523333 1 1 19 53
0.53 1 6 14 36
0.536667 2 4 16 50
0.543333 1 4 9 40
0.55 3 5 9 40
0.556667 0 2 14 37
0.563333 0 2 17 37
0.57 2 6 10 27
0.576667 1 7 14 33
0.583333 4 3 11 38
0.59 3 4 14 32
0.596667 2 9 15 34
0.603333 2 2 10 41
0.61 2 3 13 31
0.616667 1 1 13 30
0.623333 2 7 12 33
0.63 2 4 15 22
0.636667 3 6 14 42
0.643333 3 4 8 32
0.65 2 9 15 29
0.656667 0 2 13 27
0.663333 41 339 437 3323
0.67 0 0 0 0
0.676667 0 0 0 0
0.683333 0 0 0 0
0.69 0 0 0 0
0.696667 0 0 0 0
0.703333 0 0 0 0
0.71 0 0 0 0
0.716667 0 0 0 0
0.723333 0 0 0 0
0.73 0 0 0 0
0.736667 0 0 0 0
0.743333 0 0 0 0
0.75 0 0 0 0
0.756667 0 0 0 0
0.763333 0 0 0 0
0.77 0 0 0 0
0.776667 0 0 0 0
0.783333 0 0 0 0
0.79 0 0 0 0
0.796667 0 0 0 0
0.803333 0 0 0 0
0.81 0 0 0 0
0.816667 0 0 0 0
0.823333 0 0 0 0
0.83 0 0 0 0
0.836667 0 0 0 0
0.843333 0 0 0 0
0.85 0 0 0 0
0.856667 0 0 0 0
0.863333 0 0 0 0
0.87 0 0 0 0
0.876667 0 0 0 0
0.883333 0 0 0 0
0.89 0 0 0 0
0.896667 0 0 0 0
0.903333 0 0 0 0
0.91 0 0 0 0
0.916667 0 0 0 0
0.923333 0 0 0 0
0.93 0 0 0 0
0.936667 0 0 0 0
0.943333 0 0 0 0
0.95 0 0 0 0
0.956667 0 0 0 0
0.963333 0 0 0 0
0.97 0 0 0 0
0.976667 0 0 0 0
0.983333 0 0 0 0
0.99 0 0 0 0
0.996667 0 0 0 0
1.00333 0 0 0 0
1.01 0 0 0 0
1.01667 0 0 0 0
1.02333 0 0 0 0
1.03 0 0 0 0
1.03667 0 0 0 0
1.04333 0 0 0 0
1.05 0 0 0 0
1.05667 0 0 0 0
1.06333 0 0 0 0
1.07 0 0 0 0
1.07667 0 0 0 0
1.08333 0 0 0 0
1.09 0 0 0 0
1.09667 0 0 0 0
1.10333 0 0 0 0
1.11 0 0 0 0
1.11667 0 0 0 0
1.12333 0 0 0 0
1.13 0 0 0 0
1.13667 0 0 0 0
1.14333 0 0 0 0
1.15 0 0 0 0
1.15667 0 0 0 0
1.16333 0 0 0 0
1.17 0 0 0 0
1.17667 0 0 0 0
1.18333 0 0 0 0
1.19 0 0 0 0
1.19667 0 0 0 0
1.20333 0 0 0 0
1.21 0 0 0 0
1.21667 0 0 0 0
1.22333 0 0 0 0
1.23 0 0 0 0
1.23667 0 0 0 0
1.24333 0 0 0 0
1.25 0 0 0 0
1.25667 0 0 0 0
1.26333 0 0 0 0
1.27 0 0 0 0
1.27667 0 0 0 0
1.28333 0 0 0 0
1.29 0 0 0 0
1.29667 0 0 0 0
1.30333 0 0 0 0
1.31 0 0 0 0
1.31667 0 0 0 0
1.32333 0 0 0 0
1.33 0 0 0 0
1.33667 0 0 0 0
1.34333 0 0 0 0
1.35 0 0 0 0
1.35667 0 0 0 0
1.36333 0 0 0 0
1.37 0 0 0 0
1.37667 0 0 0 0
1.38333 0 0 0 0
1.39 0 0 0 0
1.39667 0 0 0 0
1.40333 0 0 0 0
1.41 0 0 0 0
1.41667 0 0 0 0
1.42333 0 0 0 0
1.43 0 0 0 0
1.43667 0 0 0 0
1.44333 0 0 0 0
1.45 0 0 0 0
1.45667 0 0 0 0
1.46333 0 0 0 0
1.47 0 0 0 0
1.47667 0 0 0 0
1.48333 0 0 0 0
1.49 0 0 0 0
1.49667 0 0 0 0
1.50333 0 0 0 0
1.51 0 0 0 0
1.51667 0 0 0 0
1.52333 0 0 0 0
1.53 0 0 0 0
1.53667 0 0 0 0
1.54333 0 0 0 0
1.55 0 0 0 0
1.55667 0 0 0 0
1.56333 0 0 0 0
1.57 0 0 0 0
1.57667 0 0 0 0
1.58333 0 0 0 0
1.59 0 0 0 0
1.59667 0 0 0 0
1.60333 0 0 0 0
1.61 0 0 0 0
1.61667 0 0 0 0
1.62333 0 0 0 0
1.63 0 0 0 0
1.63667 0 0 0 0
1.64333 0 0 0 0
1.65 0 0 0 0
1.65667 0 0 0 0
1.66333 0 0 0 0
1.67 0 0 0 0
1.67667 0 0 0 0
1.68333 0 0 0 0
1.69 0 0 0 0
1.69667 0 0 0 0
1.70333 0 0 0 0
1.71 0 0 0 0
1.71667 0 0 0 0
1.72333 0 0 0 0
1.73 0 0 0 0
1.73667 0 0 0 0
1.74333 0 0 0 0
1.75 0 0 0 0
1.75667 0 0 0 0
1.76333 0 0 0 0
1.77 0 0 0 0
1.77667 0 0 0 0
1.78333 0 0 0 0
1.79 0 0 0 0
1.79667 0 0 0 0
1.80333 0 0 0 0
1.81 0 0 0 0
1.81667 0 0 0 0
1.82333 0 0 0 0
1.83 0 0 0 0
1.83667 0 0 0 0
1.84333 0 0 0 0
1.85 0 0 0 0
1.85667 0 0 0 0
1.86333 0 0 0 0
1.87 0 0 0 0
1.87667 0 0 0 0
1.88333 0 0 0 0
1.89 0 0 0 0
1.89667 0 0 0 0
1.90333 0 0 0 0
1.91 0 0 0 0
1.91667 0 0 0 0
1.92333 0 0 0 0
1.93 0 0 0 0
1.93667 0 0 0 0
1.94333 0 0 0 0
1.95 0 0 0 0
1.95667 0 0 0 0
1.96333 0 0 0 0
1.97 0 0 0 0
1.97667 0 0 0 0
1.98333 0 0 0 0
1.99 0 0 0 0
1.99667 0 0 0 0
