0.00333333 35 75 3 2
0.01 31 96 8 0
0.0166667 41 95 13 4
0.0233333 36 103 7 2
0.03 43 129 8 4
0.0366667 45 152 12 3
0.0433333 63 189 14 4
0.05 83 225 17 3
0.0566667 93 251 30 7
0.0633333 109 321 20 10
0.07 125 297 19 6
0.0766667 108 342 41 8
0.0833333 121 304 35 10
0.09 129 322 28 11
0.0966667 121 356 33 7
0.103333 136 336 24 12
0.11 114 337 34 12
0.116667 106 344 29 11
0.123333 116 328 30 7
0.13 92 351 17 10
0.136667 99 325 22 16
0.143333 83 307 19 6
0.15 95 312 20 5
0.156667 88 303 23 7
0.163333 91 294 24 6
0.17 78 272 19 5
0.176667 116 279 14 9
0.183333 88 282 14 5
0.19 93 295 29 3
0.196667 82 268 16 8
0.203333 91 262 23 4
0.21 94 272 19 8
0.216667 70 240 19 10
0.223333 88 232 15 8
0.23 57 215 12 5
0.236667 56 225 17 7
0.243333 50 202 7 4
0.25 60 196 5 2
0.256667 54 186 7 1
0.263333 43 183 16 7
0.27 65 177 12 4
0.276667 59 174 11 4
0.283333 50 151 8 5
0.29 45 163 6 3
0.296667 46 126 7 6
0.303333 48 144 13 8
0.31 58 146 13 5
0.316667 41 136 6 1
0.323333 41 143 13 3
0.33 39 117 11 5
0.336667 47 121 11 3
0.343333 38 111 9 2
0.35 37 128 10 3
0.356667 34 106 8 1
0.363333 42 127 11 3
0.37 29 93 10 3
0.376667 41 97 10 0
0.383333 39 98 8 2
0.39 39 93 13 0
0.396667 40 93 5 1
0.403333 41 110 9 2
0.41 40 104 5 2
0.416667 33 95 10 7
0.423333 43 101 13 2
0.43 29 83 7 3
0.436667 26 111 7 1
0.443333 33 88 11 2
0.45 31 97 5 0
0.456667 37 88 5 5
0.463333 24 96 10 2
0.47 30 112 6 4
0.476667 30 77 10 2
0.483333 23 55 8 3
0.49 17 53 4 5
0.496667 17 62 6 1
0.503333 25 68 8 5
0.51 18 56 4 4
0.516667 22 53 5 2
0.523333 11 47 3 2
0.53 19 46 5 0
0.536667 25 43 2 2
0.543333 15 53 6 1
0.55 13 46 3 4
0.556667 22 43 3 2
0.563333 10 51 4 1
0.57 12 41 4 3
0.576667 14 46 6 2
0.583333 21 46 7 0
0.59 18 35 3 1
0.596667 12 37 2 1
0.603333 14 36 2 3
0.61 12 44 3 1
0.616667 16 43 5 2
0.623333 15 38 5 3
0.63 15 44 4 2
0.636667 19 44 5 7
0.643333 14 39 4 0
0.65 12 33 6 2
0.656667 10 41 8 2
0.663333 739 3274 133 46
0.67 0 0 0 0
0.676667 0 0 0 0
0.683333 0 0 0 0
0.69 0 0 0 0
0.696667 0 0 0 0
0.703333 0 0 0 0
0.71 0 0 0 0
0.716667 0 0 0 0
0.723333 0 0 0 0
0.73 0 0 0 0
0.736667 0 0 0 0
0.743333 0 0 0 0
0.75 0 0 0 0
0.756667 0 0 0 0
0.763333 0 0 0 0
0.77 0 0 0 0
0.776667 0 0 0 0
0.783333 0 0 0 0
0.79 0 0 0 0
0.796667 0 0 0 0
0.803333 0 0 0 0
0.81 0 0 0 0
0.816667 0 0 0 0
0.823333 0 0 0 0
0.83 0 0 0 0
0.836667 0 0 0 0
0.843333 0 0 0 0
0.85 0 0 0 0
0.856667 0 0 0 0
0.863333 0 0 0 0
0.87 0 0 0 0
0.876667 0 0 0 0
0.883333 0 0 0 0
0.89 0 0 0 0
0.896667 0 0 0 0
0.903333 0 0 0 0
0.91 0 0 0 0
0.916667 0 0 0 0
0.923333 0 0 0 0
0.93 0 0 0 0
0.936667 0 0 0 0
0.943333 0 0 0 0
0.95 0 0 0 0
0.956667 0 0 0 0
0.963333 0 0 0 0
0.97 0 0 0 0
0.976667 0 0 0 0
0.983333 0 0 0 0
0.99 0 0 0 0
0.996667 0 0 0 0
1.00333 0 0 0 0
1.01 0 0 0 0
1.01667 0 0 0 0
1.02333 0 0 0 0
1.03 0 0 0 0
1.03667 0 0 0 0
1.04333 0 0 0 0
1.05 0 0 0 0
1.05667 0 0 0 0
1.06333 0 0 0 0
1.07 0 0 0 0
1.07667 0 0 0 0
1.08333 0 0 0 0
1.09 0 0 0 0
1.09667 0 0 0 0
1.10333 0 0 0 0
1.11 0 0 0 0
1.11667 0 0 0 0
1.12333 0 0 0 0
1.13 0 0 0 0
1.13667 0 0 0 0
1.14333 0 0 0 0
1.15 0 0 0 0
1.15667 0 0 0 0
1.16333 0 0 0 0
1.17 0 0 0 0
1.17667 0 0 0 0
1.18333 0 0 0 0
1.19 0 0 0 0
1.19667 0 0 0 0
1.20333 0 0 0 0
1.21 0 0 0 0
1.21667 0 0 0 0
1.22333 0 0 0 0
1.23 0 0 0 0
1.23667 0 0 0 0
1.24333 0 0 0 0
1.25 0 0 0 0
1.25667 0 0 0 0
1.26333 0 0 0 0
1.27 0 0 0 0
1.27667 0 0 0 0
1.28333 0 0 0 0
1.29 0 0 0 0
1.29667 0 0 0 0
1.30333 0 0 0 0
1.31 0 0 0 0
1.31667 0 0 0 0
1.32333 0 0 0 0
1.33 0 0 0 0
1.33667 0 0 0 0
1.34333 0 0 0 0
1.35 0 0 0 0
1.35667 0 0 0 0
1.36333 0 0 0 0
1.37 0 0 0 0
1.37667 0 0 0 0
1.38333 0 0 0 0
1.39 0 0 0 0
1.39667 0 0 0 0
1.40333 0 0 0 0
1.41 0 0 0 0
1.41667 0 0 0 0
1.42333 0 0 0 0
1.43 0 0 0 0
1.43667 0 0 0 0
1.44333 0 0 0 0
1.45 0 0 0 0
1.45667 0 0 0 0
1.46333 0 0 0 0
1.47 0 0 0 0
1.47667 0 0 0 0
1.48333 0 0 0 0
1.49 0 0 0 0
1.49667 0 0 0 0
1.50333 0 0 0 0
1.51 0 0 0 0
1.51667 0 0 0 0
1.52333 0 0 0 0
1.53 0 0 0 0
1.53667 0 0 0 0
1.54333 0 0 0 0
1.55 0 0 0 0
1.55667 0 0 0 0
1.56333 0 0 0 0
1.57 0 0 0 0
1.57667 0 0 0 0
1.58333 0 0 0 0
1.59 0 0 0 0
1.59667 0 0 0 0
1.60333 0 0 0 0
1.61 0 0 0 0
1.61667 0 0 0 0
1.62333 0 0 0 0
1.63 0 0 0 0
1.63667 0 0 0 0
1.64333 0 0 0 0
1.65 0 0 0 0
1.65667 0 0 0 0
1.66333 0 0 0 0
1.67 0 0 0 0
1.67667 0 0 0 0
1.68333 0 0 0 0
1.69 0 0 0 0
1.69667 0 0 0 0
1.70333 0 0 0 0
1.71 0 0 0 0
1.71667 0 0 0 0
1.72333 0 0 0 0
1.73 0 0 0 0
1.73667 0 0 0 0
1.74333 0 0 0 0
1.75 0 0 0 0
1.75667 0 0 0 0
1.76333 0 0 0 0
1.77 0 0 0 0
1.77667 0 0 0 0
1.78333 0 0 0 0
1.79 0 0 0 0
1.79667 0 0 0 0
1.80333 0 0 0 0
1.81 0 0 0 0
1.81667 0 0 0 0
1.82333 0 0 0 0
1.83 0 0 0 0
1.83667 0 0 0 0
1.84333 0 0 0 0
1.85 0 0 0 0
1.85667 0 0 0 0
1.86333 0 0 0 0
1.87 0 0 0 0
1.87667 0 0 0 0
1.88333 0 0 0 0
1.89 0 0 0 0
1.89667 0 0 0 0
1.90333 0 0 0 0
1.91 0 0 0 0
1.91667 0 0 0 0
1.92333 0 0 0 0
1.93 0 0 0 0
1.93667 0 0 0 0
1.94333 0 0 0 0
1.95 0 0 0 0
1.95667 0 0 0 0
1.96333 0 0 0 0
1.97 0 0 0 0
1.97667 0 0 0 0
1.98333 0 0 0 0
1.99 0 0 0 0
1.99667 0 0 0 0
