0.00333333 47 17 3 1
0.01 58 21 0 0
0.0166667 61 24 2 4
0.0233333 55 34 1 1
0.03 60 28 1 2
0.0366667 79 38 2 0
0.0433333 110 40 7 1
0.05 125 55 4 2
0.0566667 153 67 9 1
0.0633333 176 92 5 0
0.07 168 87 8 1
0.0766667 166 81 5 2
0.0833333 214 79 4 7
0.09 197 77 6 2
0.0966667 196 90 6 2
0.103333 184 83 8 4
0.11 204 88 7 1
0.116667 214 72 8 1
0.123333 209 75 6 4
0.13 165 70 10 3
0.136667 189 53 0 0
0.143333 136 58 3 1
0.15 154 63 4 1
0.156667 154 62 7 0
0.163333 154 38 8 0
0.17 157 59 4 3
0.176667 168 53 4 3
0.183333 126 55 5 1
0.19 137 45 1 1
0.196667 153 52 4 0
0.203333 127 53 4 1
0.21 143 40 4 1
0.216667 119 49 5 0
0.223333 108 48 5 2
0.23 119 43 4 2
0.236667 116 34 5 1
0.243333 125 44 5 1
0.25 91 41 5 3
0.256667 105 34 3 1
0.263333 98 39 8 1
0.27 99 42 2 1
0.276667 106 36 3 1
0.283333 114 39 2 3
0.29 91 45 7 0
0.296667 99 36 2 0
0.303333 85 25 3 3
0.31 86 35 1 0
0.316667 93 23 5 0
0.323333 75 24 7 0
0.33 72 28 1 0
0.336667 95 28 6 2
0.343333 61 20 3 0
0.35 75 32 5 1
0.356667 92 27 4 2
0.363333 70 25 3 0
0.37 67 25 4 0
0.376667 58 26 3 1
0.383333 60 25 0 1
0.39 61 21 4 0
0.396667 66 24 2 0
0.403333 57 35 2 0
0.41 62 20 2 1
0.416667 58 15 5 1
0.423333 62 24 1 0
0.43 67 19 2 0
0.436667 62 20 3 0
0.443333 70 23 3 1
0.45 75 18 0 1
0.456667 54 12 3 1
0.463333 66 24 2 2
0.47 69 21 3 0
0.476667 49 14 2 1
0.483333 29 13 1 0
0.49 45 18 2 0
0.496667 27 14 2 0
0.503333 26 14 1 0
0.51 33 9 2 1
0.516667 26 17 0 0
0.523333 29 12 2 0
0.53 34 14 1 3
0.536667 35 19 2 1
0.543333 29 18 2 1
0.55 32 10 0 0
0.556667 29 15 1 1
0.563333 20 10 2 1
0.57 32 9 1 0
0.576667 32 10 2 0
0.583333 30 11 0 0
0.59 31 10 1 1
0.596667 24 11 1 1
0.603333 22 7 2 0
0.61 25 12 1 0
0.616667 27 13 0 0
0.623333 30 13 1 0
0.63 24 15 0 0
0.636667 32 8 2 0
0.643333 28 13 0 2
0.65 24 5 1 0
0.656667 16 15 0 0
0.663333 1552 325 40 8
0.67 0 0 0 0
0.676667 0 0 0 0
0.683333 0 0 0 0
0.69 0 0 0 0
0.696667 0 0 0 0
0.703333 0 0 0 0
0.71 0 0 0 0
0.716667 0 0 0 0
0.723333 0 0 0 0
0.73 0 0 0 0
0.736667 0 0 0 0
0.743333 0 0 0 0
0.75 0 0 0 0
0.756667 0 0 0 0
0.763333 0 0 0 0
0.77 0 0 0 0
0.776667 0 0 0 0
0.783333 0 0 0 0
0.79 0 0 0 0
0.796667 0 0 0 0
0.803333 0 0 0 0
0.81 0 0 0 0
0.816667 0 0 0 0
0.823333 0 0 0 0
0.83 0 0 0 0
0.836667 0 0 0 0
0.843333 0 0 0 0
0.85 0 0 0 0
0.856667 0 0 0 0
0.863333 0 0 0 0
0.87 0 0 0 0
0.876667 0 0 0 0
0.883333 0 0 0 0
0.89 0 0 0 0
0.896667 0 0 0 0
0.903333 0 0 0 0
0.91 0 0 0 0
0.916667 0 0 0 0
0.923333 0 0 0 0
0.93 0 0 0 0
0.936667 0 0 0 0
0.943333 0 0 0 0
0.95 0 0 0 0
0.956667 0 0 0 0
0.963333 0 0 0 0
0.97 0 0 0 0
0.976667 0 0 0 0
0.983333 0 0 0 0
0.99 0 0 0 0
0.996667 0 0 0 0
1.00333 0 0 0 0
1.01 0 0 0 0
1.01667 0 0 0 0
1.02333 0 0 0 0
1.03 0 0 0 0
1.03667 0 0 0 0
1.04333 0 0 0 0
1.05 0 0 0 0
1.05667 0 0 0 0
1.06333 0 0 0 0
1.07 0 0 0 0
1.07667 0 0 0 0
1.08333 0 0 0 0
1.09 0 0 0 0
1.09667 0 0 0 0
1.10333 0 0 0 0
1.11 0 0 0 0
1.11667 0 0 0 0
1.12333 0 0 0 0
1.13 0 0 0 0
1.13667 0 0 0 0
1.14333 0 0 0 0
1.15 0 0 0 0
1.15667 0 0 0 0
1.16333 0 0 0 0
1.17 0 0 0 0
1.17667 0 0 0 0
1.18333 0 0 0 0
1.19 0 0 0 0
1.19667 0 0 0 0
1.20333 0 0 0 0
1.21 0 0 0 0
1.21667 0 0 0 0
1.22333 0 0 0 0
1.23 0 0 0 0
1.23667 0 0 0 0
1.24333 0 0 0 0
1.25 0 0 0 0
1.25667 0 0 0 0
1.26333 0 0 0 0
1.27 0 0 0 0
1.27667 0 0 0 0
1.28333 0 0 0 0
1.29 0 0 0 0
1.29667 0 0 0 0
1.30333 0 0 0 0
1.31 0 0 0 0
1.31667 0 0 0 0
1.32333 0 0 0 0
1.33 0 0 0 0
1.33667 0 0 0 0
1.34333 0 0 0 0
1.35 0 0 0 0
1.35667 0 0 0 0
1.36333 0 0 0 0
1.37 0 0 0 0
1.37667 0 0 0 0
1.38333 0 0 0 0
1.39 0 0 0 0
1.39667 0 0 0 0
1.40333 0 0 0 0
1.41 0 0 0 0
1.41667 0 0 0 0
1.42333 0 0 0 0
1.43 0 0 0 0
1.43667 0 0 0 0
1.44333 0 0 0 0
1.45 0 0 0 0
1.45667 0 0 0 0
1.46333 0 0 0 0
1.47 0 0 0 0
1.47667 0 0 0 0
1.48333 0 0 0 0
1.49 0 0 0 0
1.49667 0 0 0 0
1.50333 0 0 0 0
1.51 0 0 0 0
1.51667 0 0 0 0
1.52333 0 0 0 0
1.53 0 0 0 0
1.53667 0 0 0 0
1.54333 0 0 0 0
1.55 0 0 0 0
1.55667 0 0 0 0
1.56333 0 0 0 0
1.57 0 0 0 0
1.57667 0 0 0 0
1.58333 0 0 0 0
1.59 0 0 0 0
1.59667 0 0 0 0
1.60333 0 0 0 0
1.61 0 0 0 0
1.61667 0 0 0 0
1.62333 0 0 0 0
1.63 0 0 0 0
1.63667 0 0 0 0
1.64333 0 0 0 0
1.65 0 0 0 0
1.65667 0 0 0 0
1.66333 0 0 0 0
1.67 0 0 0 0
1.67667 0 0 0 0
1.68333 0 0 0 0
1.69 0 0 0 0
1.69667 0 0 0 0
1.70333 0 0 0 0
1.71 0 0 0 0
1.71667 0 0 0 0
1.72333 0 0 0 0
1.73 0 0 0 0
1.73667 0 0 0 0
1.74333 0 0 0 0
1.75 0 0 0 0
1.75667 0 0 0 0
1.76333 0 0 0 0
1.77 0 0 0 0
1.77667 0 0 0 0
1.78333 0 0 0 0
1.79 0 0 0 0
1.79667 0 0 0 0
1.80333 0 0 0 0
1.81 0 0 0 0
1.81667 0 0 0 0
1.82333 0 0 0 0
1.83 0 0 0 0
1.83667 0 0 0 0
1.84333 0 0 0 0
1.85 0 0 0 0
1.85667 0 0 0 0
1.86333 0 0 0 0
1.87 0 0 0 0
1.87667 0 0 0 0
1.88333 0 0 0 0
1.89 0 0 0 0
1.89667 0 0 0 0
1.90333 0 0 0 0
1.91 0 0 0 0
1.91667 0 0 0 0
1.92333 0 0 0 0
1.93 0 0 0 0
1.93667 0 0 0 0
1.94333 0 0 0 0
1.95 0 0 0 0
1.95667 0 0 0 0
1.96333 0 0 0 0
1.97 0 0 0 0
1.97667 0 0 0 0
1.98333 0 0 0 0
1.99 0 0 0 0
1.99667 0 0 0 0
