0.00333333 0 5 43 50
0.01 3 4 47 52
0.0166667 2 6 30 72
0.0233333 2 6 47 72
0.03 2 7 61 82
0.0366667 2 7 77 104
0.0433333 5 3 99 123
0.05 2 19 126 144
0.0566667 3 10 144 185
0.0633333 8 18 176 189
0.07 8 21 148 201
0.0766667 2 16 153 230
0.0833333 4 20 188 214
0.09 3 15 161 213
0.0966667 5 19 166 237
0.103333 6 22 197 213
0.11 4 20 162 213
0.116667 5 20 148 227
0.123333 5 14 153 241
0.13 4 22 150 241
0.136667 2 19 157 194
0.143333 6 20 129 230
0.15 5 10 136 172
0.156667 2 12 146 168
0.163333 5 16 107 188
0.17 4 12 121 181
0.176667 4 10 109 160
0.183333 3 18 111 195
0.19 7 12 109 223
0.196667 6 13 114 189
0.203333 4 14 102 167
0.21 6 12 112 179
0.216667 5 12 102 174
0.223333 2 12 100 163
0.23 1 12 93 140
0.236667 4 11 88 146
0.243333 3 14 82 166
0.25 4 10 80 166
0.256667 2 6 75 111
0.263333 0 11 73 133
0.27 1 11 74 131
0.276667 2 9 60 105
0.283333 1 8 57 110
0.29 2 7 61 138
0.296667 2 6 66 99
0.303333 0 4 56 98
0.31 2 7 55 100
0.316667 2 10 56 117
0.323333 3 11 41 99
0.33 2 8 46 93
0.336667 4 8 48 73
0.343333 1 11 55 89
0.35 1 2 56 90
0.356667 2 5 54 71
0.363333 4 4 52 73
0.37 1 10 49 67
0.376667 0 6 43 74
0.383333 3 7 38 73
0.39 3 8 37 67
0.396667 3 7 43 79
0.403333 2 6 40 74
0.41 0 8 52 81
0.416667 3 7 36 63
0.423333 3 5 40 66
0.43 0 8 43 54
0.436667 1 9 41 59
0.443333 2 8 40 67
0.45 1 4 51 55
0.456667 2 6 37 55
0.463333 1 5 40 69
0.47 3 6 42 71
0.476667 3 4 34 65
0.483333 2 8 22 40
0.49 0 7 26 35
0.496667 1 3 26 48
0.503333 2 0 21 40
0.51 3 4 24 36
0.516667 0 7 28 34
0.523333 1 5 25 40
0.53 1 4 26 30
0.536667 0 2 20 30
0.543333 3 4 15 40
0.55 2 4 21 32
0.556667 1 5 13 32
0.563333 1 5 25 35
0.57 3 3 17 33
0.576667 2 7 20 35
0.583333 3 4 16 34
0.59 3 6 21 30
0.596667 2 6 19 30
0.603333 2 3 14 25
0.61 1 0 17 35
0.616667 1 3 16 26
0.623333 4 3 14 22
0.63 0 2 22 32
0.636667 2 4 22 35
0.643333 1 7 18 26
0.65 0 2 6 17
0.656667 2 3 18 25
0.663333 37 117 888 2041
0.67 0 0 0 0
0.676667 0 0 0 0
0.683333 0 0 0 0
0.69 0 0 0 0
0.696667 0 0 0 0
0.703333 0 0 0 0
0.71 0 0 0 0
0.716667 0 0 0 0
0.723333 0 0 0 0
0.73 0 0 0 0
0.736667 0 0 0 0
0.743333 0 0 0 0
0.75 0 0 0 0
0.756667 0 0 0 0
0.763333 0 0 0 0
0.77 0 0 0 0
0.776667 0 0 0 0
0.783333 0 0 0 0
0.79 0 0 0 0
0.796667 0 0 0 0
0.803333 0 0 0 0
0.81 0 0 0 0
0.816667 0 0 0 0
0.823333 0 0 0 0
0.83 0 0 0 0
0.836667 0 0 0 0
0.843333 0 0 0 0
0.85 0 0 0 0
0.856667 0 0 0 0
0.863333 0 0 0 0
0.87 0 0 0 0
0.876667 0 0 0 0
0.883333 0 0 0 0
0.89 0 0 0 0
0.896667 0 0 0 0
0.903333 0 0 0 0
0.91 0 0 0 0
0.916667 0 0 0 0
0.923333 0 0 0 0
0.93 0 0 0 0
0.936667 0 0 0 0
0.943333 0 0 0 0
0.95 0 0 0 0
0.956667 0 0 0 0
0.963333 0 0 0 0
0.97 0 0 0 0
0.976667 0 0 0 0
0.983333 0 0 0 0
0.99 0 0 0 0
0.996667 0 0 0 0
1.00333 0 0 0 0
1.01 0 0 0 0
1.01667 0 0 0 0
1.02333 0 0 0 0
1.03 0 0 0 0
1.03667 0 0 0 0
1.04333 0 0 0 0
1.05 0 0 0 0
1.05667 0 0 0 0
1.06333 0 0 0 0
1.07 0 0 0 0
1.07667 0 0 0 0
1.08333 0 0 0 0
1.09 0 0 0 0
1.09667 0 0 0 0
1.10333 0 0 0 0
1.11 0 0 0 0
1.11667 0 0 0 0
1.12333 0 0 0 0
1.13 0 0 0 0
1.13667 0 0 0 0
1.14333 0 0 0 0
1.15 0 0 0 0
1.15667 0 0 0 0
1.16333 0 0 0 0
1.17 0 0 0 0
1.17667 0 0 0 0
1.18333 0 0 0 0
1.19 0 0 0 0
1.19667 0 0 0 0
1.20333 0 0 0 0
1.21 0 0 0 0
1.21667 0 0 0 0
1.22333 0 0 0 0
1.23 0 0 0 0
1.23667 0 0 0 0
1.24333 0 0 0 0
1.25 0 0 0 0
1.25667 0 0 0 0
1.26333 0 0 0 0
1.27 0 0 0 0
1.27667 0 0 0 0
1.28333 0 0 0 0
1.29 0 0 0 0
1.29667 0 0 0 0
1.30333 0 0 0 0
1.31 0 0 0 0
1.31667 0 0 0 0
1.32333 0 0 0 0
1.33 0 0 0 0
1.33667 0 0 0 0
1.34333 0 0 0 0
1.35 0 0 0 0
1.35667 0 0 0 0
1.36333 0 0 0 0
1.37 0 0 0 0
1.37667 0 0 0 0
1.38333 0 0 0 0
1.39 0 0 0 0
1.39667 0 0 0 0
1.40333 0 0 0 0
1.41 0 0 0 0
1.41667 0 0 0 0
1.42333 0 0 0 0
1.43 0 0 0 0
1.43667 0 0 0 0
1.44333 0 0 0 0
1.45 0 0 0 0
1.45667 0 0 0 0
1.46333 0 0 0 0
1.47 0 0 0 0
1.47667 0 0 0 0
1.48333 0 0 0 0
1.49 0 0 0 0
1.49667 0 0 0 0
1.50333 0 0 0 0
1.51 0 0 0 0
1.51667 0 0 0 0
1.52333 0 0 0 0
1.53 0 0 0 0
1.53667 0 0 0 0
1.54333 0 0 0 0
1.55 0 0 0 0
1.55667 0 0 0 0
1.56333 0 0 0 0
1.57 0 0 0 0
1.57667 0 0 0 0
1.58333 0 0 0 0
1.59 0 0 0 0
1.59667 0 0 0 0
1.60333 0 0 0 0
1.61 0 0 0 0
1.61667 0 0 0 0
1.62333 0 0 0 0
1.63 0 0 0 0
1.63667 0 0 0 0
1.64333 0 0 0 0
1.65 0 0 0 0
1.65667 0 0 0 0
1.66333 0 0 0 0
1.67 0 0 0 0
1.67667 0 0 0 0
1.68333 0 0 0 0
1.69 0 0 0 0
1.69667 0 0 0 0
1.70333 0 0 0 0
1.71 0 0 0 0
1.71667 0 0 0 0
1.72333 0 0 0 0
1.73 0 0 0 0
1.73667 0 0 0 0
1.74333 0 0 0 0
1.75 0 0 0 0
1.75667 0 0 0 0
1.76333 0 0 0 0
1.77 0 0 0 0
1.77667 0 0 0 0
1.78333 0 0 0 0
1.79 0 0 0 0
1.79667 0 0 0 0
1.80333 0 0 0 0
1.81 0 0 0 0
1.81667 0 0 0 0
1.82333 0 0 0 0
1.83 0 0 0 0
1.83667 0 0 0 0
1.84333 0 0 0 0
1.85 0 0 0 0
1.85667 0 0 0 0
1.86333 0 0 0 0
1.87 0 0 0 0
1.87667 0 0 0 0
1.88333 0 0 0 0
1.89 0 0 0 0
1.89667 0 0 0 0
1.90333 0 0 0 0
1.91 0 0 0 0
1.91667 0 0 0 0
1.92333 0 0 0 0
1.93 0 0 0 0
1.93667 0 0 0 0
1.94333 0 0 0 0
1.95 0 0 0 0
1.95667 0 0 0 0
1.96333 0 0 0 0
1.97 0 0 0 0
1.97667 0 0 0 0
1.98333 0 0 0 0
1.99 0 0 0 0
1.99667 0 0 0 0
