0.00333333 1 2 6 110
0.01 1 3 3 117
0.0166667 4 2 9 108
0.0233333 3 0 9 118
0.03 3 3 11 143
0.0366667 2 4 12 130
0.0433333 6 1 14 144
0.05 1 5 13 167
0.0566667 6 7 18 168
0.0633333 0 3 23 172
0.07 0 4 22 176
0.0766667 0 6 27 183
0.0833333 4 3 29 200
0.09 0 2 25 213
0.0966667 2 9 15 197
0.103333 2 3 19 209
0.11 7 6 15 243
0.116667 1 8 26 251
0.123333 2 3 23 241
0.13 8 5 20 234
0.136667 2 5 21 255
0.143333 1 2 21 229
0.15 2 1 24 241
0.156667 0 6 17 248
0.163333 0 4 13 253
0.17 5 5 17 261
0.176667 1 7 12 243
0.183333 5 1 15 292
0.19 5 7 11 324
0.196667 3 5 15 363
0.203333 5 3 13 309
0.21 0 8 16 326
0.216667 5 5 12 308
0.223333 5 6 10 312
0.23 4 10 8 270
0.236667 2 7 16 291
0.243333 2 11 14 247
0.25 2 4 12 264
0.256667 1 5 11 244
0.263333 1 8 21 246
0.27 1 4 15 193
0.276667 4 4 17 202
0.283333 5 3 7 226
0.29 0 4 15 195
0.296667 0 6 7 179
0.303333 1 6 8 174
0.31 7 3 9 184
0.316667 2 8 8 146
0.323333 4 1 7 149
0.33 4 4 12 162
0.336667 3 7 13 156
0.343333 2 8 9 180
0.35 0 5 11 137
0.356667 7 3 12 168
0.363333 3 3 10 154
0.37 1 7 9 146
0.376667 7 4 12 152
0.383333 2 3 7 148
0.39 1 4 7 128
0.396667 4 4 4 145
0.403333 0 5 10 154
0.41 2 5 6 105
0.416667 2 5 6 140
0.423333 2 1 8 142
0.43 3 7 7 141
0.436667 5 4 7 122
0.443333 4 5 8 155
0.45 4 3 12 141
0.456667 6 2 9 130
0.463333 4 8 7 142
0.47 3 3 5 141
0.476667 3 6 4 105
0.483333 0 0 2 65
0.49 0 1 5 64
0.496667 2 6 2 59
0.503333 1 2 6 47
0.51 0 3 5 53
0.516667 2 3 5 37
0.523333 1 2 4 52
0.53 1 1 2 54
0.536667 2 4 5 32
0.543333 1 3 6 45
0.55 2 2 9 48
0.556667 3 0 6 42
0.563333 0 2 8 38
0.57 1 3 5 37
0.576667 1 1 6 42
0.583333 3 0 5 44
0.59 2 2 3 36
0.596667 0 3 8 30
0.603333 0 0 4 38
0.61 4 2 2 36
0.616667 2 2 2 32
0.623333 3 4 0 29
0.63 2 2 5 33
0.636667 3 3 6 50
0.643333 1 2 0 30
0.65 1 4 7 25
0.656667 1 3 8 34
0.663333 119 162 141 7483
0.67 0 0 0 0
0.676667 0 0 0 0
0.683333 0 0 0 0
0.69 0 0 0 0
0.696667 0 0 0 0
0.703333 0 0 0 0
0.71 0 0 0 0
0.716667 0 0 0 0
0.723333 0 0 0 0
0.73 0 0 0 0
0.736667 0 0 0 0
0.743333 0 0 0 0
0.75 0 0 0 0
0.756667 0 0 0 0
0.763333 0 0 0 0
0.77 0 0 0 0
0.776667 0 0 0 0
0.783333 0 0 0 0
0.79 0 0 0 0
0.796667 0 0 0 0
0.803333 0 0 0 0
0.81 0 0 0 0
0.816667 0 0 0 0
0.823333 0 0 0 0
0.83 0 0 0 0
0.836667 0 0 0 0
0.843333 0 0 0 0
0.85 0 0 0 0
0.856667 0 0 0 0
0.863333 0 0 0 0
0.87 0 0 0 0
0.876667 0 0 0 0
0.883333 0 0 0 0
0.89 0 0 0 0
0.896667 0 0 0 0
0.903333 0 0 0 0
0.91 0 0 0 0
0.916667 0 0 0 0
0.923333 0 0 0 0
0.93 0 0 0 0
0.936667 0 0 0 0
0.943333 0 0 0 0
0.95 0 0 0 0
0.956667 0 0 0 0
0.963333 0 0 0 0
0.97 0 0 0 0
0.976667 0 0 0 0
0.983333 0 0 0 0
0.99 0 0 0 0
0.996667 0 0 0 0
1.00333 0 0 0 0
1.01 0 0 0 0
1.01667 0 0 0 0
1.02333 0 0 0 0
1.03 0 0 0 0
1.03667 0 0 0 0
1.04333 0 0 0 0
1.05 0 0 0 0
1.05667 0 0 0 0
1.06333 0 0 0 0
1.07 0 0 0 0
1.07667 0 0 0 0
1.08333 0 0 0 0
1.09 0 0 0 0
1.09667 0 0 0 0
1.10333 0 0 0 0
1.11 0 0 0 0
1.11667 0 0 0 0
1.12333 0 0 0 0
1.13 0 0 0 0
1.13667 0 0 0 0
1.14333 0 0 0 0
1.15 0 0 0 0
1.15667 0 0 0 0
1.16333 0 0 0 0
1.17 0 0 0 0
1.17667 0 0 0 0
1.18333 0 0 0 0
1.19 0 0 0 0
1.19667 0 0 0 0
1.20333 0 0 0 0
1.21 0 0 0 0
1.21667 0 0 0 0
1.22333 0 0 0 0
1.23 0 0 0 0
1.23667 0 0 0 0
1.24333 0 0 0 0
1.25 0 0 0 0
1.25667 0 0 0 0
1.26333 0 0 0 0
1.27 0 0 0 0
1.27667 0 0 0 0
1.28333 0 0 0 0
1.29 0 0 0 0
1.29667 0 0 0 0
1.30333 0 0 0 0
1.31 0 0 0 0
1.31667 0 0 0 0
1.32333 0 0 0 0
1.33 0 0 0 0
1.33667 0 0 0 0
1.34333 0 0 0 0
1.35 0 0 0 0
1.35667 0 0 0 0
1.36333 0 0 0 0
1.37 0 0 0 0
1.37667 0 0 0 0
1.38333 0 0 0 0
1.39 0 0 0 0
1.39667 0 0 0 0
1.40333 0 0 0 0
1.41 0 0 0 0
1.41667 0 0 0 0
1.42333 0 0 0 0
1.43 0 0 0 0
1.43667 0 0 0 0
1.44333 0 0 0 0
1.45 0 0 0 0
1.45667 0 0 0 0
1.46333 0 0 0 0
1.47 0 0 0 0
1.47667 0 0 0 0
1.48333 0 0 0 0
1.49 0 0 0 0
1.49667 0 0 0 0
1.50333 0 0 0 0
1.51 0 0 0 0
1.51667 0 0 0 0
1.52333 0 0 0 0
1.53 0 0 0 0
1.53667 0 0 0 0
1.54333 0 0 0 0
1.55 0 0 0 0
1.55667 0 0 0 0
1.56333 0 0 0 0
1.57 0 0 0 0
1.57667 0 0 0 0
1.58333 0 0 0 0
1.59 0 0 0 0
1.59667 0 0 0 0
1.60333 0 0 0 0
1.61 0 0 0 0
1.61667 0 0 0 0
1.62333 0 0 0 0
1.63 0 0 0 0
1.63667 0 0 0 0
1.64333 0 0 0 0
1.65 0 0 0 0
1.65667 0 0 0 0
1.66333 0 0 0 0
1.67 0 0 0 0
1.67667 0 0 0 0
1.68333 0 0 0 0
1.69 0 0 0 0
1.69667 0 0 0 0
1.70333 0 0 0 0
1.71 0 0 0 0
1.71667 0 0 0 0
1.72333 0 0 0 0
1.73 0 0 0 0
1.73667 0 0 0 0
1.74333 0 0 0 0
1.75 0 0 0 0
1.75667 0 0 0 0
1.76333 0 0 0 0
1.77 0 0 0 0
1.77667 0 0 0 0
1.78333 0 0 0 0
1.79 0 0 0 0
1.79667 0 0 0 0
1.80333 0 0 0 0
1.81 0 0 0 0
1.81667 0 0 0 0
1.82333 0 0 0 0
1.83 0 0 0 0
1.83667 0 0 0 0
1.84333 0 0 0 0
1.85 0 0 0 0
1.85667 0 0 0 0
1.86333 0 0 0 0
1.87 0 0 0 0
1.87667 0 0 0 0
1.88333 0 0 0 0
1.89 0 0 0 0
1.89667 0 0 0 0
1.90333 0 0 0 0
1.91 0 0 0 0
1.91667 0 0 0 0
1.92333 0 0 0 0
1.93 0 0 0 0
1.93667 0 0 0 0
1.94333 0 0 0 0
1.95 0 0 0 0
1.95667 0 0 0 0
1.96333 0 0 0 0
1.97 0 0 0 0
1.97667 0 0 0 0
1.98333 0 0 0 0
1.99 0 0 0 0
1.99667 0 0 0 0
