0.00333333 8 139 13 2
0.01 7 169 14 4
0.0166667 10 148 20 1
0.0233333 12 157 13 5
0.03 6 161 17 2
0.0366667 14 156 15 1
0.0433333 10 155 22 3
0.05 14 180 25 3
0.0566667 20 183 29 5
0.0633333 17 215 35 1
0.07 32 259 25 3
0.0766667 33 266 34 2
0.0833333 31 251 33 4
0.09 20 247 28 6
0.0966667 28 229 34 3
0.103333 25 236 35 4
0.11 30 238 31 2
0.116667 25 247 30 4
0.123333 16 239 30 3
0.13 20 257 26 2
0.136667 33 261 28 4
0.143333 22 283 33 3
0.15 10 292 21 3
0.156667 15 276 28 5
0.163333 19 325 27 1
0.17 16 292 27 1
0.176667 16 280 32 3
0.183333 16 356 30 3
0.19 16 495 37 2
0.196667 17 509 43 1
0.203333 19 405 45 3
0.21 11 414 22 4
0.216667 13 367 29 2
0.223333 17 336 31 2
0.23 15 296 29 5
0.236667 10 310 15 5
0.243333 15 276 33 2
0.25 13 259 27 5
0.256667 14 248 24 4
0.263333 12 235 29 3
0.27 11 208 19 2
0.276667 10 227 18 1
0.283333 11 199 24 2
0.29 7 194 23 1
0.296667 18 193 17 1
0.303333 13 178 22 0
0.31 14 187 21 2
0.316667 6 178 17 1
0.323333 18 197 24 2
0.33 9 183 19 1
0.336667 10 144 24 2
0.343333 13 194 10 1
0.35 18 163 28 2
0.356667 11 155 16 1
0.363333 11 156 14 1
0.37 10 148 6 1
0.376667 9 155 12 1
0.383333 11 151 13 0
0.39 7 155 26 1
0.396667 7 162 16 4
0.403333 6 149 21 0
0.41 9 127 16 0
0.416667 11 145 15 2
0.423333 9 160 12 1
0.43 4 173 17 0
0.436667 9 142 14 0
0.443333 8 150 12 0
0.45 11 144 22 2
0.456667 7 164 20 1
0.463333 4 153 14 4
0.47 6 172 21 0
0.476667 9 129 11 0
0.483333 3 65 8 1
0.49 8 65 8 1
0.496667 15 53 10 1
0.503333 9 46 12 1
0.51 2 44 8 0
0.516667 3 40 8 0
0.523333 7 31 13 1
0.53 8 29 9 0
0.536667 3 29 8 2
0.543333 6 30 4 0
0.55 3 38 3 0
0.556667 6 25 5 0
0.563333 2 26 6 0
0.57 2 28 10 1
0.576667 4 34 14 0
0.583333 5 39 6 0
0.59 4 29 8 0
0.596667 4 23 12 1
0.603333 5 25 8 1
0.61 7 32 10 1
0.616667 4 23 4 1
0.623333 5 26 8 1
0.63 8 28 3 1
0.636667 5 40 10 1
0.643333 7 17 9 1
0.65 4 22 10 0
0.656667 6 18 8 0
0.663333 136 10072 684 21
0.67 0 0 0 0
0.676667 0 0 0 0
0.683333 0 0 0 0
0.69 0 0 0 0
0.696667 0 0 0 0
0.703333 0 0 0 0
0.71 0 0 0 0
0.716667 0 0 0 0
0.723333 0 0 0 0
0.73 0 0 0 0
0.736667 0 0 0 0
0.743333 0 0 0 0
0.75 0 0 0 0
0.756667 0 0 0 0
0.763333 0 0 0 0
0.77 0 0 0 0
0.776667 0 0 0 0
0.783333 0 0 0 0
0.79 0 0 0 0
0.796667 0 0 0 0
0.803333 0 0 0 0
0.81 0 0 0 0
0.816667 0 0 0 0
0.823333 0 0 0 0
0.83 0 0 0 0
0.836667 0 0 0 0
0.843333 0 0 0 0
0.85 0 0 0 0
0.856667 0 0 0 0
0.863333 0 0 0 0
0.87 0 0 0 0
0.876667 0 0 0 0
0.883333 0 0 0 0
0.89 0 0 0 0
0.896667 0 0 0 0
0.903333 0 0 0 0
0.91 0 0 0 0
0.916667 0 0 0 0
0.923333 0 0 0 0
0.93 0 0 0 0
0.936667 0 0 0 0
0.943333 0 0 0 0
0.95 0 0 0 0
0.956667 0 0 0 0
0.963333 0 0 0 0
0.97 0 0 0 0
0.976667 0 0 0 0
0.983333 0 0 0 0
0.99 0 0 0 0
0.996667 0 0 0 0
1.00333 0 0 0 0
1.01 0 0 0 0
1.01667 0 0 0 0
1.02333 0 0 0 0
1.03 0 0 0 0
1.03667 0 0 0 0
1.04333 0 0 0 0
1.05 0 0 0 0
1.05667 0 0 0 0
1.06333 0 0 0 0
1.07 0 0 0 0
1.07667 0 0 0 0
1.08333 0 0 0 0
1.09 0 0 0 0
1.09667 0 0 0 0
1.10333 0 0 0 0
1.11 0 0 0 0
1.11667 0 0 0 0
1.12333 0 0 0 0
1.13 0 0 0 0
1.13667 0 0 0 0
1.14333 0 0 0 0
1.15 0 0 0 0
1.15667 0 0 0 0
1.16333 0 0 0 0
1.17 0 0 0 0
1.17667 0 0 0 0
1.18333 0 0 0 0
1.19 0 0 0 0
1.19667 0 0 0 0
1.20333 0 0 0 0
1.21 0 0 0 0
1.21667 0 0 0 0
1.22333 0 0 0 0
1.23 0 0 0 0
1.23667 0 0 0 0
1.24333 0 0 0 0
1.25 0 0 0 0
1.25667 0 0 0 0
1.26333 0 0 0 0
1.27 0 0 0 0
1.27667 0 0 0 0
1.28333 0 0 0 0
1.29 0 0 0 0
1.29667 0 0 0 0
1.30333 0 0 0 0
1.31 0 0 0 0
1.31667 0 0 0 0
1.32333 0 0 0 0
1.33 0 0 0 0
1.33667 0 0 0 0
1.34333 0 0 0 0
1.35 0 0 0 0
1.35667 0 0 0 0
1.36333 0 0 0 0
1.37 0 0 0 0
1.37667 0 0 0 0
1.38333 0 0 0 0
1.39 0 0 0 0
1.39667 0 0 0 0
1.40333 0 0 0 0
1.41 0 0 0 0
1.41667 0 0 0 0
1.42333 0 0 0 0
1.43 0 0 0 0
1.43667 0 0 0 0
1.44333 0 0 0 0
1.45 0 0 0 0
1.45667 0 0 0 0
1.46333 0 0 0 0
1.47 0 0 0 0
1.47667 0 0 0 0
1.48333 0 0 0 0
1.49 0 0 0 0
1.49667 0 0 0 0
1.50333 0 0 0 0
1.51 0 0 0 0
1.51667 0 0 0 0
1.52333 0 0 0 0
1.53 0 0 0 0
1.53667 0 0 0 0
1.54333 0 0 0 0
1.55 0 0 0 0
1.55667 0 0 0 0
1.56333 0 0 0 0
1.57 0 0 0 0
1.57667 0 0 0 0
1.58333 0 0 0 0
1.59 0 0 0 0
1.59667 0 0 0 0
1.60333 0 0 0 0
1.61 0 0 0 0
1.61667 0 0 0 0
1.62333 0 0 0 0
1.63 0 0 0 0
1.63667 0 0 0 0
1.64333 0 0 0 0
1.65 0 0 0 0
1.65667 0 0 0 0
1.66333 0 0 0 0
1.67 0 0 0 0
1.67667 0 0 0 0
1.68333 0 0 0 0
1.69 0 0 0 0
1.69667 0 0 0 0
1.70333 0 0 0 0
1.71 0 0 0 0
1.71667 0 0 0 0
1.72333 0 0 0 0
1.73 0 0 0 0
1.73667 0 0 0 0
1.74333 0 0 0 0
1.75 0 0 0 0
1.75667 0 0 0 0
1.76333 0 0 0 0
1.77 0 0 0 0
1.77667 0 0 0 0
1.78333 0 0 0 0
1.79 0 0 0 0
1.79667 0 0 0 0
1.80333 0 0 0 0
1.81 0 0 0 0
1.81667 0 0 0 0
1.82333 0 0 0 0
1.83 0 0 0 0
1.83667 0 0 0 0
1.84333 0 0 0 0
1.85 0 0 0 0
1.85667 0 0 0 0
1.86333 0 0 0 0
1.87 0 0 0 0
1.87667 0 0 0 0
1.88333 0 0 0 0
1.89 0 0 0 0
1.89667 0 0 0 0
1.90333 0 0 0 0
1.91 0 0 0 0
1.91667 0 0 0 0
1.92333 0 0 0 0
1.93 0 0 0 0
1.93667 0 0 0 0
1.94333 0 0 0 0
1.95 0 0 0 0
1.95667 0 0 0 0
1.96333 0 0 0 0
1.97 0 0 0 0
1.97667 0 0 0 0
1.98333 0 0 0 0
1.99 0 0 0 0
1.99667 0 0 0 0
