0.00333333 2 32 64 5
0.01 1 29 90 5
0.0166667 0 26 93 6
0.0233333 1 23 72 10
0.03 3 31 86 6
0.0366667 4 27 101 10
0.0433333 8 42 104 11
0.05 4 51 121 18
0.0566667 4 57 146 21
0.0633333 4 68 149 9
0.07 5 80 146 17
0.0766667 3 73 170 8
0.0833333 8 67 167 18
0.09 7 70 191 11
0.0966667 6 65 198 17
0.103333 8 71 167 24
0.11 8 82 174 24
0.116667 4 76 190 19
0.123333 6 68 179 15
0.13 3 69 180 20
0.136667 7 82 188 15
0.143333 7 67 165 18
0.15 1 55 158 13
0.156667 4 54 190 9
0.163333 8 78 159 10
0.17 2 63 170 10
0.176667 6 63 154 18
0.183333 4 62 178 7
0.19 4 67 228 13
0.196667 5 90 243 14
0.203333 4 77 200 13
0.21 2 67 201 15
0.216667 4 55 165 12
0.223333 3 58 178 10
0.23 3 59 174 8
0.236667 7 60 169 15
0.243333 2 48 163 7
0.25 3 60 140 9
0.256667 2 52 158 5
0.263333 0 58 133 13
0.27 4 42 131 7
0.276667 2 42 117 10
0.283333 2 52 119 9
0.29 6 55 115 8
0.296667 4 38 96 7
0.303333 2 39 90 11
0.31 2 49 96 8
0.316667 3 42 121 9
0.323333 2 54 90 7
0.33 7 38 87 8
0.336667 3 38 107 2
0.343333 5 36 88 4
0.35 2 46 94 6
0.356667 1 43 93 10
0.363333 2 32 87 8
0.37 2 43 88 9
0.376667 1 27 79 12
0.383333 3 31 84 8
0.39 2 31 94 6
0.396667 3 35 86 10
0.403333 3 23 89 6
0.41 4 41 80 7
0.416667 2 26 90 6
0.423333 4 32 75 5
0.43 2 30 85 7
0.436667 1 41 71 6
0.443333 3 26 91 6
0.45 2 31 73 4
0.456667 1 35 82 5
0.463333 4 34 77 2
0.47 0 23 83 4
0.476667 2 29 74 5
0.483333 3 23 43 4
0.49 5 18 43 3
0.496667 1 24 34 3
0.503333 1 21 59 4
0.51 1 12 47 2
0.516667 0 14 37 3
0.523333 1 11 32 6
0.53 0 15 35 3
0.536667 4 21 26 5
0.543333 3 17 32 5
0.55 0 16 25 3
0.556667 2 10 35 4
0.563333 1 15 25 3
0.57 3 15 24 3
0.576667 1 23 23 4
0.583333 1 20 42 1
0.59 0 14 29 5
0.596667 1 16 26 9
0.603333 2 9 21 4
0.61 0 15 24 5
0.616667 1 6 28 1
0.623333 1 17 32 5
0.63 0 13 42 3
0.636667 2 25 33 2
0.643333 1 22 16 6
0.65 2 13 25 6
0.656667 1 15 30 1
0.663333 40 1336 3459 75
0.67 0 0 0 0
0.676667 0 0 0 0
0.683333 0 0 0 0
0.69 0 0 0 0
0.696667 0 0 0 0
0.703333 0 0 0 0
0.71 0 0 0 0
0.716667 0 0 0 0
0.723333 0 0 0 0
0.73 0 0 0 0
0.736667 0 0 0 0
0.743333 0 0 0 0
0.75 0 0 0 0
0.756667 0 0 0 0
0.763333 0 0 0 0
0.77 0 0 0 0
0.776667 0 0 0 0
0.783333 0 0 0 0
0.79 0 0 0 0
0.796667 0 0 0 0
0.803333 0 0 0 0
0.81 0 0 0 0
0.816667 0 0 0 0
0.823333 0 0 0 0
0.83 0 0 0 0
0.836667 0 0 0 0
0.843333 0 0 0 0
0.85 0 0 0 0
0.856667 0 0 0 0
0.863333 0 0 0 0
0.87 0 0 0 0
0.876667 0 0 0 0
0.883333 0 0 0 0
0.89 0 0 0 0
0.896667 0 0 0 0
0.903333 0 0 0 0
0.91 0 0 0 0
0.916667 0 0 0 0
0.923333 0 0 0 0
0.93 0 0 0 0
0.936667 0 0 0 0
0.943333 0 0 0 0
0.95 0 0 0 0
0.956667 0 0 0 0
0.963333 0 0 0 0
0.97 0 0 0 0
0.976667 0 0 0 0
0.983333 0 0 0 0
0.99 0 0 0 0
0.996667 0 0 0 0
1.00333 0 0 0 0
1.01 0 0 0 0
1.01667 0 0 0 0
1.02333 0 0 0 0
1.03 0 0 0 0
1.03667 0 0 0 0
1.04333 0 0 0 0
1.05 0 0 0 0
1.05667 0 0 0 0
1.06333 0 0 0 0
1.07 0 0 0 0
1.07667 0 0 0 0
1.08333 0 0 0 0
1.09 0 0 0 0
1.09667 0 0 0 0
1.10333 0 0 0 0
1.11 0 0 0 0
1.11667 0 0 0 0
1.12333 0 0 0 0
1.13 0 0 0 0
1.13667 0 0 0 0
1.14333 0 0 0 0
1.15 0 0 0 0
1.15667 0 0 0 0
1.16333 0 0 0 0
1.17 0 0 0 0
1.17667 0 0 0 0
1.18333 0 0 0 0
1.19 0 0 0 0
1.19667 0 0 0 0
1.20333 0 0 0 0
1.21 0 0 0 0
1.21667 0 0 0 0
1.22333 0 0 0 0
1.23 0 0 0 0
1.23667 0 0 0 0
1.24333 0 0 0 0
1.25 0 0 0 0
1.25667 0 0 0 0
1.26333 0 0 0 0
1.27 0 0 0 0
1.27667 0 0 0 0
1.28333 0 0 0 0
1.29 0 0 0 0
1.29667 0 0 0 0
1.30333 0 0 0 0
1.31 0 0 0 0
1.31667 0 0 0 0
1.32333 0 0 0 0
1.33 0 0 0 0
1.33667 0 0 0 0
1.34333 0 0 0 0
1.35 0 0 0 0
1.35667 0 0 0 0
1.36333 0 0 0 0
1.37 0 0 0 0
1.37667 0 0 0 0
1.38333 0 0 0 0
1.39 0 0 0 0
1.39667 0 0 0 0
1.40333 0 0 0 0
1.41 0 0 0 0
1.41667 0 0 0 0
1.42333 0 0 0 0
1.43 0 0 0 0
1.43667 0 0 0 0
1.44333 0 0 0 0
1.45 0 0 0 0
1.45667 0 0 0 0
1.46333 0 0 0 0
1.47 0 0 0 0
1.47667 0 0 0 0
1.48333 0 0 0 0
1.49 0 0 0 0
1.49667 0 0 0 0
1.50333 0 0 0 0
1.51 0 0 0 0
1.51667 0 0 0 0
1.52333 0 0 0 0
1.53 0 0 0 0
1.53667 0 0 0 0
1.54333 0 0 0 0
1.55 0 0 0 0
1.55667 0 0 0 0
1.56333 0 0 0 0
1.57 0 0 0 0
1.57667 0 0 0 0
1.58333 0 0 0 0
1.59 0 0 0 0
1.59667 0 0 0 0
1.60333 0 0 0 0
1.61 0 0 0 0
1.61667 0 0 0 0
1.62333 0 0 0 0
1.63 0 0 0 0
1.63667 0 0 0 0
1.64333 0 0 0 0
1.65 0 0 0 0
1.65667 0 0 0 0
1.66333 0 0 0 0
1.67 0 0 0 0
1.67667 0 0 0 0
1.68333 0 0 0 0
1.69 0 0 0 0
1.69667 0 0 0 0
1.70333 0 0 0 0
1.71 0 0 0 0
1.71667 0 0 0 0
1.72333 0 0 0 0
1.73 0 0 0 0
1.73667 0 0 0 0
1.74333 0 0 0 0
1.75 0 0 0 0
1.75667 0 0 0 0
1.76333 0 0 0 0
1.77 0 0 0 0
1.77667 0 0 0 0
1.78333 0 0 0 0
1.79 0 0 0 0
1.79667 0 0 0 0
1.80333 0 0 0 0
1.81 0 0 0 0
1.81667 0 0 0 0
1.82333 0 0 0 0
1.83 0 0 0 0
1.83667 0 0 0 0
1.84333 0 0 0 0
1.85 0 0 0 0
1.85667 0 0 0 0
1.86333 0 0 0 0
1.87 0 0 0 0
1.87667 0 0 0 0
1.88333 0 0 0 0
1.89 0 0 0 0
1.89667 0 0 0 0
1.90333 0 0 0 0
1.91 0 0 0 0
1.91667 0 0 0 0
1.92333 0 0 0 0
1.93 0 0 0 0
1.93667 0 0 0 0
1.94333 0 0 0 0
1.95 0 0 0 0
1.95667 0 0 0 0
1.96333 0 0 0 0
1.97 0 0 0 0
1.97667 0 0 0 0
1.98333 0 0 0 0
1.99 0 0 0 0
1.99667 0 0 0 0
