0.00333333 16 70 4 4
0.01 4 76 11 2
0.0166667 11 82 25 4
0.0233333 10 94 16 4
0.03 26 81 20 6
0.0366667 14 86 21 9
0.0433333 27 119 32 11
0.05 29 143 39 14
0.0566667 30 153 43 21
0.0633333 31 174 38 17
0.07 42 190 71 12
0.0766667 40 211 40 16
0.0833333 37 205 60 21
0.09 35 187 49 15
0.0966667 50 194 58 14
0.103333 45 185 42 25
0.11 39 219 43 22
0.116667 43 263 43 14
0.123333 42 187 40 22
0.13 39 226 42 18
0.136667 31 206 45 14
0.143333 24 201 38 16
0.15 43 217 41 9
0.156667 34 195 36 10
0.163333 32 191 35 12
0.17 32 195 37 14
0.176667 30 199 42 15
0.183333 29 222 40 16
0.19 24 241 34 24
0.196667 34 227 41 17
0.203333 38 224 30 11
0.21 33 214 34 12
0.216667 29 191 30 11
0.223333 25 166 18 11
0.23 28 187 29 15
0.236667 23 153 27 18
0.243333 20 153 20 13
0.25 23 154 18 12
0.256667 23 123 29 6
0.263333 35 171 29 13
0.27 22 132 19 3
0.276667 18 131 28 8
0.283333 30 109 22 12
0.29 28 109 13 10
0.296667 20 108 17 11
0.303333 19 106 14 10
0.31 16 100 26 5
0.316667 26 124 14 13
0.323333 15 103 16 4
0.33 19 100 11 12
0.336667 17 96 19 12
0.343333 11 106 12 7
0.35 15 87 23 14
0.356667 21 96 18 2
0.363333 13 84 20 7
0.37 18 81 17 9
0.376667 22 76 13 10
0.383333 9 78 12 7
0.39 15 71 24 7
0.396667 12 81 7 8
0.403333 7 81 16 5
0.41 11 67 12 10
0.416667 17 80 16 8
0.423333 18 70 12 3
0.43 7 78 12 5
0.436667 20 72 14 9
0.443333 19 75 14 12
0.45 16 83 16 9
0.456667 14 81 8 5
0.463333 12 85 15 4
0.47 12 86 15 3
0.476667 15 77 14 7
0.483333 11 38 9 9
0.49 10 51 8 6
0.496667 11 48 12 8
0.503333 8 41 13 5
0.51 6 44 7 3
0.516667 6 38 5 2
0.523333 10 30 11 3
0.53 13 50 5 4
0.536667 11 44 5 4
0.543333 11 20 7 3
0.55 11 33 11 3
0.556667 11 36 7 4
0.563333 10 29 9 2
0.57 5 26 7 6
0.576667 9 37 5 5
0.583333 10 32 11 5
0.59 3 33 3 5
0.596667 3 19 5 5
0.603333 11 23 8 3
0.61 11 30 9 5
0.616667 6 29 4 3
0.623333 12 26 6 2
0.63 8 33 7 5
0.636667 9 36 9 8
0.643333 6 25 8 3
0.65 2 25 5 8
0.656667 4 23 10 5
0.663333 344 3184 252 148
0.67 0 0 0 0
0.676667 0 0 0 0
0.683333 0 0 0 0
0.69 0 0 0 0
0.696667 0 0 0 0
0.703333 0 0 0 0
0.71 0 0 0 0
0.716667 0 0 0 0
0.723333 0 0 0 0
0.73 0 0 0 0
0.736667 0 0 0 0
0.743333 0 0 0 0
0.75 0 0 0 0
0.756667 0 0 0 0
0.763333 0 0 0 0
0.77 0 0 0 0
0.776667 0 0 0 0
0.783333 0 0 0 0
0.79 0 0 0 0
0.796667 0 0 0 0
0.803333 0 0 0 0
0.81 0 0 0 0
0.816667 0 0 0 0
0.823333 0 0 0 0
0.83 0 0 0 0
0.836667 0 0 0 0
0.843333 0 0 0 0
0.85 0 0 0 0
0.856667 0 0 0 0
0.863333 0 0 0 0
0.87 0 0 0 0
0.876667 0 0 0 0
0.883333 0 0 0 0
0.89 0 0 0 0
0.896667 0 0 0 0
0.903333 0 0 0 0
0.91 0 0 0 0
0.916667 0 0 0 0
0.923333 0 0 0 0
0.93 0 0 0 0
0.936667 0 0 0 0
0.943333 0 0 0 0
0.95 0 0 0 0
0.956667 0 0 0 0
0.963333 0 0 0 0
0.97 0 0 0 0
0.976667 0 0 0 0
0.983333 0 0 0 0
0.99 0 0 0 0
0.996667 0 0 0 0
1.00333 0 0 0 0
1.01 0 0 0 0
1.01667 0 0 0 0
1.02333 0 0 0 0
1.03 0 0 0 0
1.03667 0 0 0 0
1.04333 0 0 0 0
1.05 0 0 0 0
1.05667 0 0 0 0
1.06333 0 0 0 0
1.07 0 0 0 0
1.07667 0 0 0 0
1.08333 0 0 0 0
1.09 0 0 0 0
1.09667 0 0 0 0
1.10333 0 0 0 0
1.11 0 0 0 0
1.11667 0 0 0 0
1.12333 0 0 0 0
1.13 0 0 0 0
1.13667 0 0 0 0
1.14333 0 0 0 0
1.15 0 0 0 0
1.15667 0 0 0 0
1.16333 0 0 0 0
1.17 0 0 0 0
1.17667 0 0 0 0
1.18333 0 0 0 0
1.19 0 0 0 0
1.19667 0 0 0 0
1.20333 0 0 0 0
1.21 0 0 0 0
1.21667 0 0 0 0
1.22333 0 0 0 0
1.23 0 0 0 0
1.23667 0 0 0 0
1.24333 0 0 0 0
1.25 0 0 0 0
1.25667 0 0 0 0
1.26333 0 0 0 0
1.27 0 0 0 0
1.27667 0 0 0 0
1.28333 0 0 0 0
1.29 0 0 0 0
1.29667 0 0 0 0
1.30333 0 0 0 0
1.31 0 0 0 0
1.31667 0 0 0 0
1.32333 0 0 0 0
1.33 0 0 0 0
1.33667 0 0 0 0
1.34333 0 0 0 0
1.35 0 0 0 0
1.35667 0 0 0 0
1.36333 0 0 0 0
1.37 0 0 0 0
1.37667 0 0 0 0
1.38333 0 0 0 0
1.39 0 0 0 0
1.39667 0 0 0 0
1.40333 0 0 0 0
1.41 0 0 0 0
1.41667 0 0 0 0
1.42333 0 0 0 0
1.43 0 0 0 0
1.43667 0 0 0 0
1.44333 0 0 0 0
1.45 0 0 0 0
1.45667 0 0 0 0
1.46333 0 0 0 0
1.47 0 0 0 0
1.47667 0 0 0 0
1.48333 0 0 0 0
1.49 0 0 0 0
1.49667 0 0 0 0
1.50333 0 0 0 0
1.51 0 0 0 0
1.51667 0 0 0 0
1.52333 0 0 0 0
1.53 0 0 0 0
1.53667 0 0 0 0
1.54333 0 0 0 0
1.55 0 0 0 0
1.55667 0 0 0 0
1.56333 0 0 0 0
1.57 0 0 0 0
1.57667 0 0 0 0
1.58333 0 0 0 0
1.59 0 0 0 0
1.59667 0 0 0 0
1.60333 0 0 0 0
1.61 0 0 0 0
1.61667 0 0 0 0
1.62333 0 0 0 0
1.63 0 0 0 0
1.63667 0 0 0 0
1.64333 0 0 0 0
1.65 0 0 0 0
1.65667 0 0 0 0
1.66333 0 0 0 0
1.67 0 0 0 0
1.67667 0 0 0 0
1.68333 0 0 0 0
1.69 0 0 0 0
1.69667 0 0 0 0
1.70333 0 0 0 0
1.71 0 0 0 0
1.71667 0 0 0 0
1.72333 0 0 0 0
1.73 0 0 0 0
1.73667 0 0 0 0
1.74333 0 0 0 0
1.75 0 0 0 0
1.75667 0 0 0 0
1.76333 0 0 0 0
1.77 0 0 0 0
1.77667 0 0 0 0
1.78333 0 0 0 0
1.79 0 0 0 0
1.79667 0 0 0 0
1.80333 0 0 0 0
1.81 0 0 0 0
1.81667 0 0 0 0
1.82333 0 0 0 0
1.83 0 0 0 0
1.83667 0 0 0 0
1.84333 0 0 0 0
1.85 0 0 0 0
1.85667 0 0 0 0
1.86333 0 0 0 0
1.87 0 0 0 0
1.87667 0 0 0 0
1.88333 0 0 0 0
1.89 0 0 0 0
1.89667 0 0 0 0
1.90333 0 0 0 0
1.91 0 0 0 0
1.91667 0 0 0 0
1.92333 0 0 0 0
1.93 0 0 0 0
1.93667 0 0 0 0
1.94333 0 0 0 0
1.95 0 0 0 0
1.95667 0 0 0 0
1.96333 0 0 0 0
1.97 0 0 0 0
1.97667 0 0 0 0
1.98333 0 0 0 0
1.99 0 0 0 0
1.99667 0 0 0 0
