0.00333333 0 1 90 31
0.01 0 1 93 26
0.0166667 1 2 84 22
0.0233333 0 3 94 22
0.03 0 1 106 45
0.0366667 0 7 108 40
0.0433333 0 4 174 65
0.05 3 3 192 86
0.0566667 3 8 221 114
0.0633333 0 9 228 126
0.07 1 11 261 124
0.0766667 0 11 265 123
0.0833333 3 8 291 127
0.09 4 8 303 129
0.0966667 2 9 271 119
0.103333 1 6 241 110
0.11 1 10 264 138
0.116667 2 6 295 120
0.123333 3 12 265 115
0.13 7 9 280 102
0.136667 3 4 257 99
0.143333 3 6 280 95
0.15 2 4 274 82
0.156667 1 11 245 82
0.163333 2 9 265 91
0.17 0 5 215 75
0.176667 3 1 250 76
0.183333 2 5 291 70
0.19 1 5 287 73
0.196667 0 5 283 67
0.203333 5 7 282 68
0.21 0 11 274 71
0.216667 2 5 270 67
0.223333 4 2 220 75
0.23 1 5 212 63
0.236667 0 5 226 69
0.243333 0 5 192 55
0.25 0 5 199 59
0.256667 2 6 178 43
0.263333 0 1 168 45
0.27 0 4 155 53
0.276667 1 2 161 51
0.283333 2 4 155 61
0.29 1 5 154 52
0.296667 0 3 133 49
0.303333 1 9 117 46
0.31 2 6 123 55
0.316667 2 6 116 32
0.323333 1 5 128 36
0.33 1 6 135 37
0.336667 2 7 126 42
0.343333 1 3 106 41
0.35 1 4 122 36
0.356667 0 7 96 41
0.363333 0 4 101 42
0.37 0 0 111 32
0.376667 1 4 111 23
0.383333 0 3 104 32
0.39 1 2 100 27
0.396667 0 3 108 29
0.403333 1 6 100 30
0.41 3 2 98 30
0.416667 0 2 98 28
0.423333 0 4 117 36
0.43 1 6 89 29
0.436667 2 3 91 31
0.443333 0 5 87 38
0.45 0 4 96 25
0.456667 0 2 106 24
0.463333 0 1 102 33
0.47 0 2 81 26
0.476667 0 2 80 26
0.483333 0 1 59 24
0.49 0 1 53 23
0.496667 0 1 41 36
0.503333 0 2 56 14
0.51 0 2 54 17
0.516667 1 6 51 20
0.523333 0 0 50 18
0.53 0 2 37 17
0.536667 0 2 37 23
0.543333 0 2 46 25
0.55 1 2 48 11
0.556667 1 2 36 19
0.563333 0 4 40 15
0.57 1 0 44 20
0.576667 3 2 34 16
0.583333 1 1 34 15
0.59 1 2 35 11
0.596667 1 2 26 14
0.603333 0 1 45 22
0.61 0 3 33 11
0.616667 0 1 36 21
0.623333 0 0 36 15
0.63 0 2 32 17
0.636667 0 1 54 15
0.643333 0 3 28 14
0.65 2 2 35 19
0.656667 0 2 21 15
0.663333 5 41 3542 563
0.67 0 0 0 0
0.676667 0 0 0 0
0.683333 0 0 0 0
0.69 0 0 0 0
0.696667 0 0 0 0
0.703333 0 0 0 0
0.71 0 0 0 0
0.716667 0 0 0 0
0.723333 0 0 0 0
0.73 0 0 0 0
0.736667 0 0 0 0
0.743333 0 0 0 0
0.75 0 0 0 0
0.756667 0 0 0 0
0.763333 0 0 0 0
0.77 0 0 0 0
0.776667 0 0 0 0
0.783333 0 0 0 0
0.79 0 0 0 0
0.796667 0 0 0 0
0.803333 0 0 0 0
0.81 0 0 0 0
0.816667 0 0 0 0
0.823333 0 0 0 0
0.83 0 0 0 0
0.836667 0 0 0 0
0.843333 0 0 0 0
0.85 0 0 0 0
0.856667 0 0 0 0
0.863333 0 0 0 0
0.87 0 0 0 0
0.876667 0 0 0 0
0.883333 0 0 0 0
0.89 0 0 0 0
0.896667 0 0 0 0
0.903333 0 0 0 0
0.91 0 0 0 0
0.916667 0 0 0 0
0.923333 0 0 0 0
0.93 0 0 0 0
0.936667 0 0 0 0
0.943333 0 0 0 0
0.95 0 0 0 0
0.956667 0 0 0 0
0.963333 0 0 0 0
0.97 0 0 0 0
0.976667 0 0 0 0
0.983333 0 0 0 0
0.99 0 0 0 0
0.996667 0 0 0 0
1.00333 0 0 0 0
1.01 0 0 0 0
1.01667 0 0 0 0
1.02333 0 0 0 0
1.03 0 0 0 0
1.03667 0 0 0 0
1.04333 0 0 0 0
1.05 0 0 0 0
1.05667 0 0 0 0
1.06333 0 0 0 0
1.07 0 0 0 0
1.07667 0 0 0 0
1.08333 0 0 0 0
1.09 0 0 0 0
1.09667 0 0 0 0
1.10333 0 0 0 0
1.11 0 0 0 0
1.11667 0 0 0 0
1.12333 0 0 0 0
1.13 0 0 0 0
1.13667 0 0 0 0
1.14333 0 0 0 0
1.15 0 0 0 0
1.15667 0 0 0 0
1.16333 0 0 0 0
1.17 0 0 0 0
1.17667 0 0 0 0
1.18333 0 0 0 0
1.19 0 0 0 0
1.19667 0 0 0 0
1.20333 0 0 0 0
1.21 0 0 0 0
1.21667 0 0 0 0
1.22333 0 0 0 0
1.23 0 0 0 0
1.23667 0 0 0 0
1.24333 0 0 0 0
1.25 0 0 0 0
1.25667 0 0 0 0
1.26333 0 0 0 0
1.27 0 0 0 0
1.27667 0 0 0 0
1.28333 0 0 0 0
1.29 0 0 0 0
1.29667 0 0 0 0
1.30333 0 0 0 0
1.31 0 0 0 0
1.31667 0 0 0 0
1.32333 0 0 0 0
1.33 0 0 0 0
1.33667 0 0 0 0
1.34333 0 0 0 0
1.35 0 0 0 0
1.35667 0 0 0 0
1.36333 0 0 0 0
1.37 0 0 0 0
1.37667 0 0 0 0
1.38333 0 0 0 0
1.39 0 0 0 0
1.39667 0 0 0 0
1.40333 0 0 0 0
1.41 0 0 0 0
1.41667 0 0 0 0
1.42333 0 0 0 0
1.43 0 0 0 0
1.43667 0 0 0 0
1.44333 0 0 0 0
1.45 0 0 0 0
1.45667 0 0 0 0
1.46333 0 0 0 0
1.47 0 0 0 0
1.47667 0 0 0 0
1.48333 0 0 0 0
1.49 0 0 0 0
1.49667 0 0 0 0
1.50333 0 0 0 0
1.51 0 0 0 0
1.51667 0 0 0 0
1.52333 0 0 0 0
1.53 0 0 0 0
1.53667 0 0 0 0
1.54333 0 0 0 0
1.55 0 0 0 0
1.55667 0 0 0 0
1.56333 0 0 0 0
1.57 0 0 0 0
1.57667 0 0 0 0
1.58333 0 0 0 0
1.59 0 0 0 0
1.59667 0 0 0 0
1.60333 0 0 0 0
1.61 0 0 0 0
1.61667 0 0 0 0
1.62333 0 0 0 0
1.63 0 0 0 0
1.63667 0 0 0 0
1.64333 0 0 0 0
1.65 0 0 0 0
1.65667 0 0 0 0
1.66333 0 0 0 0
1.67 0 0 0 0
1.67667 0 0 0 0
1.68333 0 0 0 0
1.69 0 0 0 0
1.69667 0 0 0 0
1.70333 0 0 0 0
1.71 0 0 0 0
1.71667 0 0 0 0
1.72333 0 0 0 0
1.73 0 0 0 0
1.73667 0 0 0 0
1.74333 0 0 0 0
1.75 0 0 0 0
1.75667 0 0 0 0
1.76333 0 0 0 0
1.77 0 0 0 0
1.77667 0 0 0 0
1.78333 0 0 0 0
1.79 0 0 0 0
1.79667 0 0 0 0
1.80333 0 0 0 0
1.81 0 0 0 0
1.81667 0 0 0 0
1.82333 0 0 0 0
1.83 0 0 0 0
1.83667 0 0 0 0
1.84333 0 0 0 0
1.85 0 0 0 0
1.85667 0 0 0 0
1.86333 0 0 0 0
1.87 0 0 0 0
1.87667 0 0 0 0
1.88333 0 0 0 0
1.89 0 0 0 0
1.89667 0 0 0 0
1.90333 0 0 0 0
1.91 0 0 0 0
1.91667 0 0 0 0
1.92333 0 0 0 0
1.93 0 0 0 0
1.93667 0 0 0 0
1.94333 0 0 0 0
1.95 0 0 0 0
1.95667 0 0 0 0
1.96333 0 0 0 0
1.97 0 0 0 0
1.97667 0 0 0 0
1.98333 0 0 0 0
1.99 0 0 0 0
1.99667 0 0 0 0
