0.00333333 58 45 3 1
0.01 57 44 3 3
0.0166667 80 57 3 1
0.0233333 84 70 3 2
0.03 85 58 3 1
0.0366667 91 100 7 1
0.0433333 134 105 8 3
0.05 185 120 1 3
0.0566667 188 151 10 2
0.0633333 222 162 13 1
0.07 223 190 9 3
0.0766667 249 179 9 3
0.0833333 240 187 12 5
0.09 237 198 11 4
0.0966667 278 178 13 3
0.103333 220 171 7 2
0.11 234 200 2 5
0.116667 263 191 9 2
0.123333 236 170 12 5
0.13 203 163 5 3
0.136667 218 145 7 10
0.143333 195 130 3 3
0.15 203 140 8 3
0.156667 189 160 5 2
0.163333 187 121 8 1
0.17 175 154 3 5
0.176667 179 128 4 3
0.183333 189 136 10 2
0.19 181 126 5 1
0.196667 212 117 7 1
0.203333 170 151 3 3
0.21 181 130 2 3
0.216667 159 121 6 2
0.223333 130 111 6 1
0.23 137 104 5 4
0.236667 146 101 7 2
0.243333 137 89 8 1
0.25 149 98 6 0
0.256667 137 95 4 6
0.263333 124 83 5 3
0.27 146 82 6 2
0.276667 103 80 1 4
0.283333 102 74 5 0
0.29 124 82 7 0
0.296667 106 69 5 3
0.303333 114 91 3 2
0.31 121 74 6 2
0.316667 82 69 2 0
0.323333 104 57 5 1
0.33 92 74 8 1
0.336667 82 57 2 2
0.343333 93 53 3 2
0.35 85 68 5 3
0.356667 77 61 3 2
0.363333 74 60 4 1
0.37 67 42 6 3
0.376667 71 50 4 0
0.383333 82 53 1 2
0.39 75 53 2 1
0.396667 76 55 3 1
0.403333 90 50 7 2
0.41 65 56 5 0
0.416667 69 44 5 3
0.423333 60 44 3 0
0.43 64 46 3 0
0.436667 59 39 2 0
0.443333 59 43 3 1
0.45 70 31 2 0
0.456667 65 40 4 0
0.463333 61 43 4 1
0.47 63 55 5 0
0.476667 48 49 2 1
0.483333 48 29 3 1
0.49 40 27 2 0
0.496667 54 33 1 0
0.503333 44 25 5 0
0.51 44 41 2 0
0.516667 42 21 2 1
0.523333 36 26 1 0
0.53 35 22 4 0
0.536667 42 26 2 1
0.543333 36 26 4 0
0.55 45 20 2 1
0.556667 30 21 1 0
0.563333 26 26 0 2
0.57 29 18 6 1
0.576667 34 24 4 1
0.583333 35 24 4 1
0.59 30 19 3 1
0.596667 37 20 1 1
0.603333 31 25 5 3
0.61 27 24 5 1
0.616667 30 34 2 0
0.623333 36 20 2 0
0.63 42 21 3 1
0.636667 39 22 1 0
0.643333 29 26 6 1
0.65 27 17 3 2
0.656667 26 15 3 1
0.663333 1892 1165 50 16
0.67 0 0 0 0
0.676667 0 0 0 0
0.683333 0 0 0 0
0.69 0 0 0 0
0.696667 0 0 0 0
0.703333 0 0 0 0
0.71 0 0 0 0
0.716667 0 0 0 0
0.723333 0 0 0 0
0.73 0 0 0 0
0.736667 0 0 0 0
0.743333 0 0 0 0
0.75 0 0 0 0
0.756667 0 0 0 0
0.763333 0 0 0 0
0.77 0 0 0 0
0.776667 0 0 0 0
0.783333 0 0 0 0
0.79 0 0 0 0
0.796667 0 0 0 0
0.803333 0 0 0 0
0.81 0 0 0 0
0.816667 0 0 0 0
0.823333 0 0 0 0
0.83 0 0 0 0
0.836667 0 0 0 0
0.843333 0 0 0 0
0.85 0 0 0 0
0.856667 0 0 0 0
0.863333 0 0 0 0
0.87 0 0 0 0
0.876667 0 0 0 0
0.883333 0 0 0 0
0.89 0 0 0 0
0.896667 0 0 0 0
0.903333 0 0 0 0
0.91 0 0 0 0
0.916667 0 0 0 0
0.923333 0 0 0 0
0.93 0 0 0 0
0.936667 0 0 0 0
0.943333 0 0 0 0
0.95 0 0 0 0
0.956667 0 0 0 0
0.963333 0 0 0 0
0.97 0 0 0 0
0.976667 0 0 0 0
0.983333 0 0 0 0
0.99 0 0 0 0
0.996667 0 0 0 0
1.00333 0 0 0 0
1.01 0 0 0 0
1.01667 0 0 0 0
1.02333 0 0 0 0
1.03 0 0 0 0
1.03667 0 0 0 0
1.04333 0 0 0 0
1.05 0 0 0 0
1.05667 0 0 0 0
1.06333 0 0 0 0
1.07 0 0 0 0
1.07667 0 0 0 0
1.08333 0 0 0 0
1.09 0 0 0 0
1.09667 0 0 0 0
1.10333 0 0 0 0
1.11 0 0 0 0
1.11667 0 0 0 0
1.12333 0 0 0 0
1.13 0 0 0 0
1.13667 0 0 0 0
1.14333 0 0 0 0
1.15 0 0 0 0
1.15667 0 0 0 0
1.16333 0 0 0 0
1.17 0 0 0 0
1.17667 0 0 0 0
1.18333 0 0 0 0
1.19 0 0 0 0
1.19667 0 0 0 0
1.20333 0 0 0 0
1.21 0 0 0 0
1.21667 0 0 0 0
1.22333 0 0 0 0
1.23 0 0 0 0
1.23667 0 0 0 0
1.24333 0 0 0 0
1.25 0 0 0 0
1.25667 0 0 0 0
1.26333 0 0 0 0
1.27 0 0 0 0
1.27667 0 0 0 0
1.28333 0 0 0 0
1.29 0 0 0 0
1.29667 0 0 0 0
1.30333 0 0 0 0
1.31 0 0 0 0
1.31667 0 0 0 0
1.32333 0 0 0 0
1.33 0 0 0 0
1.33667 0 0 0 0
1.34333 0 0 0 0
1.35 0 0 0 0
1.35667 0 0 0 0
1.36333 0 0 0 0
1.37 0 0 0 0
1.37667 0 0 0 0
1.38333 0 0 0 0
1.39 0 0 0 0
1.39667 0 0 0 0
1.40333 0 0 0 0
1.41 0 0 0 0
1.41667 0 0 0 0
1.42333 0 0 0 0
1.43 0 0 0 0
1.43667 0 0 0 0
1.44333 0 0 0 0
1.45 0 0 0 0
1.45667 0 0 0 0
1.46333 0 0 0 0
1.47 0 0 0 0
1.47667 0 0 0 0
1.48333 0 0 0 0
1.49 0 0 0 0
1.49667 0 0 0 0
1.50333 0 0 0 0
1.51 0 0 0 0
1.51667 0 0 0 0
1.52333 0 0 0 0
1.53 0 0 0 0
1.53667 0 0 0 0
1.54333 0 0 0 0
1.55 0 0 0 0
1.55667 0 0 0 0
1.56333 0 0 0 0
1.57 0 0 0 0
1.57667 0 0 0 0
1.58333 0 0 0 0
1.59 0 0 0 0
1.59667 0 0 0 0
1.60333 0 0 0 0
1.61 0 0 0 0
1.61667 0 0 0 0
1.62333 0 0 0 0
1.63 0 0 0 0
1.63667 0 0 0 0
1.64333 0 0 0 0
1.65 0 0 0 0
1.65667 0 0 0 0
1.66333 0 0 0 0
1.67 0 0 0 0
1.67667 0 0 0 0
1.68333 0 0 0 0
1.69 0 0 0 0
1.69667 0 0 0 0
1.70333 0 0 0 0
1.71 0 0 0 0
1.71667 0 0 0 0
1.72333 0 0 0 0
1.73 0 0 0 0
1.73667 0 0 0 0
1.74333 0 0 0 0
1.75 0 0 0 0
1.75667 0 0 0 0
1.76333 0 0 0 0
1.77 0 0 0 0
1.77667 0 0 0 0
1.78333 0 0 0 0
1.79 0 0 0 0
1.79667 0 0 0 0
1.80333 0 0 0 0
1.81 0 0 0 0
1.81667 0 0 0 0
1.82333 0 0 0 0
1.83 0 0 0 0
1.83667 0 0 0 0
1.84333 0 0 0 0
1.85 0 0 0 0
1.85667 0 0 0 0
1.86333 0 0 0 0
1.87 0 0 0 0
1.87667 0 0 0 0
1.88333 0 0 0 0
1.89 0 0 0 0
1.89667 0 0 0 0
1.90333 0 0 0 0
1.91 0 0 0 0
1.91667 0 0 0 0
1.92333 0 0 0 0
1.93 0 0 0 0
1.93667 0 0 0 0
1.94333 0 0 0 0
1.95 0 0 0 0
1.95667 0 0 0 0
1.96333 0 0 0 0
1.97 0 0 0 0
1.97667 0 0 0 0
1.98333 0 0 0 0
1.99 0 0 0 0
1.99667 0 0 0 0
