0.00333333 29 36 8 2
0.01 36 50 6 5
0.0166667 41 71 8 6
0.0233333 49 71 8 6
0.03 40 70 10 6
0.0366667 48 83 10 10
0.0433333 42 116 13 4
0.05 74 124 22 4
0.0566667 94 177 26 6
0.0633333 103 169 29 12
0.07 95 176 30 10
0.0766667 115 192 18 9
0.0833333 110 185 12 11
0.09 131 195 27 9
0.0966667 106 190 24 16
0.103333 131 191 35 11
0.11 111 211 23 16
0.116667 130 185 25 16
0.123333 110 188 15 12
0.13 100 179 27 10
0.136667 98 151 22 10
0.143333 101 148 11 11
0.15 105 146 15 9
0.156667 114 147 11 11
0.163333 88 139 12 11
0.17 87 138 14 16
0.176667 90 148 17 12
0.183333 120 145 11 10
0.19 119 155 15 15
0.196667 117 163 17 9
0.203333 105 141 12 14
0.21 95 139 17 12
0.216667 70 129 15 12
0.223333 92 106 14 12
0.23 70 128 13 9
0.236667 89 99 15 8
0.243333 76 102 12 9
0.25 66 103 14 1
0.256667 58 112 12 9
0.263333 58 98 12 5
0.27 71 106 3 8
0.276667 76 111 13 3
0.283333 68 67 9 8
0.29 56 92 10 7
0.296667 61 60 8 5
0.303333 57 71 12 5
0.31 53 86 8 10
0.316667 40 71 15 4
0.323333 46 65 13 5
0.33 49 70 7 9
0.336667 37 60 17 10
0.343333 31 65 5 7
0.35 48 68 8 4
0.356667 40 55 8 8
0.363333 48 65 3 7
0.37 38 63 7 5
0.376667 47 44 11 9
0.383333 52 57 5 7
0.39 51 66 7 4
0.396667 39 59 2 7
0.403333 29 59 8 4
0.41 38 62 4 8
0.416667 41 54 6 8
0.423333 35 50 11 1
0.43 55 51 7 9
0.436667 45 62 6 4
0.443333 45 53 4 8
0.45 32 60 8 10
0.456667 31 43 9 5
0.463333 44 48 9 3
0.47 48 56 10 8
0.476667 34 42 4 8
0.483333 13 44 2 1
0.49 20 37 4 4
0.496667 28 38 6 3
0.503333 20 25 3 5
0.51 22 32 4 4
0.516667 21 38 2 5
0.523333 21 34 8 3
0.53 17 32 5 3
0.536667 16 17 1 2
0.543333 23 30 5 4
0.55 22 28 6 6
0.556667 13 22 4 3
0.563333 17 27 3 6
0.57 6 20 7 5
0.576667 26 20 6 2
0.583333 24 34 6 4
0.59 13 15 3 4
0.596667 11 30 8 6
0.603333 16 20 5 2
0.61 20 25 6 7
0.616667 18 28 2 4
0.623333 14 20 2 1
0.63 10 23 2 4
0.636667 14 25 5 3
0.643333 10 29 2 8
0.65 11 21 5 4
0.656667 11 20 3 6
0.663333 1406 1385 88 159
0.67 0 0 0 0
0.676667 0 0 0 0
0.683333 0 0 0 0
0.69 0 0 0 0
0.696667 0 0 0 0
0.703333 0 0 0 0
0.71 0 0 0 0
0.716667 0 0 0 0
0.723333 0 0 0 0
0.73 0 0 0 0
0.736667 0 0 0 0
0.743333 0 0 0 0
0.75 0 0 0 0
0.756667 0 0 0 0
0.763333 0 0 0 0
0.77 0 0 0 0
0.776667 0 0 0 0
0.783333 0 0 0 0
0.79 0 0 0 0
0.796667 0 0 0 0
0.803333 0 0 0 0
0.81 0 0 0 0
0.816667 0 0 0 0
0.823333 0 0 0 0
0.83 0 0 0 0
0.836667 0 0 0 0
0.843333 0 0 0 0
0.85 0 0 0 0
0.856667 0 0 0 0
0.863333 0 0 0 0
0.87 0 0 0 0
0.876667 0 0 0 0
0.883333 0 0 0 0
0.89 0 0 0 0
0.896667 0 0 0 0
0.903333 0 0 0 0
0.91 0 0 0 0
0.916667 0 0 0 0
0.923333 0 0 0 0
0.93 0 0 0 0
0.936667 0 0 0 0
0.943333 0 0 0 0
0.95 0 0 0 0
0.956667 0 0 0 0
0.963333 0 0 0 0
0.97 0 0 0 0
0.976667 0 0 0 0
0.983333 0 0 0 0
0.99 0 0 0 0
0.996667 0 0 0 0
1.00333 0 0 0 0
1.01 0 0 0 0
1.01667 0 0 0 0
1.02333 0 0 0 0
1.03 0 0 0 0
1.03667 0 0 0 0
1.04333 0 0 0 0
1.05 0 0 0 0
1.05667 0 0 0 0
1.06333 0 0 0 0
1.07 0 0 0 0
1.07667 0 0 0 0
1.08333 0 0 0 0
1.09 0 0 0 0
1.09667 0 0 0 0
1.10333 0 0 0 0
1.11 0 0 0 0
1.11667 0 0 0 0
1.12333 0 0 0 0
1.13 0 0 0 0
1.13667 0 0 0 0
1.14333 0 0 0 0
1.15 0 0 0 0
1.15667 0 0 0 0
1.16333 0 0 0 0
1.17 0 0 0 0
1.17667 0 0 0 0
1.18333 0 0 0 0
1.19 0 0 0 0
1.19667 0 0 0 0
1.20333 0 0 0 0
1.21 0 0 0 0
1.21667 0 0 0 0
1.22333 0 0 0 0
1.23 0 0 0 0
1.23667 0 0 0 0
1.24333 0 0 0 0
1.25 0 0 0 0
1.25667 0 0 0 0
1.26333 0 0 0 0
1.27 0 0 0 0
1.27667 0 0 0 0
1.28333 0 0 0 0
1.29 0 0 0 0
1.29667 0 0 0 0
1.30333 0 0 0 0
1.31 0 0 0 0
1.31667 0 0 0 0
1.32333 0 0 0 0
1.33 0 0 0 0
1.33667 0 0 0 0
1.34333 0 0 0 0
1.35 0 0 0 0
1.35667 0 0 0 0
1.36333 0 0 0 0
1.37 0 0 0 0
1.37667 0 0 0 0
1.38333 0 0 0 0
1.39 0 0 0 0
1.39667 0 0 0 0
1.40333 0 0 0 0
1.41 0 0 0 0
1.41667 0 0 0 0
1.42333 0 0 0 0
1.43 0 0 0 0
1.43667 0 0 0 0
1.44333 0 0 0 0
1.45 0 0 0 0
1.45667 0 0 0 0
1.46333 0 0 0 0
1.47 0 0 0 0
1.47667 0 0 0 0
1.48333 0 0 0 0
1.49 0 0 0 0
1.49667 0 0 0 0
1.50333 0 0 0 0
1.51 0 0 0 0
1.51667 0 0 0 0
1.52333 0 0 0 0
1.53 0 0 0 0
1.53667 0 0 0 0
1.54333 0 0 0 0
1.55 0 0 0 0
1.55667 0 0 0 0
1.56333 0 0 0 0
1.57 0 0 0 0
1.57667 0 0 0 0
1.58333 0 0 0 0
1.59 0 0 0 0
1.59667 0 0 0 0
1.60333 0 0 0 0
1.61 0 0 0 0
1.61667 0 0 0 0
1.62333 0 0 0 0
1.63 0 0 0 0
1.63667 0 0 0 0
1.64333 0 0 0 0
1.65 0 0 0 0
1.65667 0 0 0 0
1.66333 0 0 0 0
1.67 0 0 0 0
1.67667 0 0 0 0
1.68333 0 0 0 0
1.69 0 0 0 0
1.69667 0 0 0 0
1.70333 0 0 0 0
1.71 0 0 0 0
1.71667 0 0 0 0
1.72333 0 0 0 0
1.73 0 0 0 0
1.73667 0 0 0 0
1.74333 0 0 0 0
1.75 0 0 0 0
1.75667 0 0 0 0
1.76333 0 0 0 0
1.77 0 0 0 0
1.77667 0 0 0 0
1.78333 0 0 0 0
1.79 0 0 0 0
1.79667 0 0 0 0
1.80333 0 0 0 0
1.81 0 0 0 0
1.81667 0 0 0 0
1.82333 0 0 0 0
1.83 0 0 0 0
1.83667 0 0 0 0
1.84333 0 0 0 0
1.85 0 0 0 0
1.85667 0 0 0 0
1.86333 0 0 0 0
1.87 0 0 0 0
1.87667 0 0 0 0
1.88333 0 0 0 0
1.89 0 0 0 0
1.89667 0 0 0 0
1.90333 0 0 0 0
1.91 0 0 0 0
1.91667 0 0 0 0
1.92333 0 0 0 0
1.93 0 0 0 0
1.93667 0 0 0 0
1.94333 0 0 0 0
1.95 0 0 0 0
1.95667 0 0 0 0
1.96333 0 0 0 0
1.97 0 0 0 0
1.97667 0 0 0 0
1.98333 0 0 0 0
1.99 0 0 0 0
1.99667 0 0 0 0
