0.00333333 3 3 9 147
0.01 3 3 11 160
0.0166667 4 0 18 141
0.0233333 5 0 19 140
0.03 2 0 27 151
0.0366667 6 3 25 181
0.0433333 3 3 38 208
0.05 5 1 45 225
0.0566667 3 4 35 225
0.0633333 10 3 56 254
0.07 8 0 53 261
0.0766667 7 6 55 307
0.0833333 6 2 57 287
0.09 8 3 74 325
0.0966667 4 6 48 333
0.103333 4 4 56 308
0.11 5 5 52 310
0.116667 4 3 41 343
0.123333 4 3 43 370
0.13 5 5 66 385
0.136667 5 2 39 361
0.143333 3 5 37 348
0.15 3 1 42 342
0.156667 5 1 40 313
0.163333 3 4 39 360
0.17 5 6 41 334
0.176667 6 2 36 367
0.183333 3 1 32 412
0.19 8 2 40 569
0.196667 10 3 36 525
0.203333 4 3 24 516
0.21 11 3 27 449
0.216667 4 3 31 416
0.223333 8 7 31 385
0.23 5 5 32 362
0.236667 4 2 33 335
0.243333 6 1 25 340
0.25 6 0 32 307
0.256667 1 6 14 305
0.263333 7 1 26 247
0.27 3 3 28 272
0.276667 5 3 30 250
0.283333 5 3 28 248
0.29 2 1 29 235
0.296667 1 3 22 198
0.303333 1 2 25 227
0.31 5 2 15 203
0.316667 1 1 23 197
0.323333 3 0 33 196
0.33 1 4 33 199
0.336667 4 3 26 177
0.343333 4 0 22 169
0.35 2 0 24 162
0.356667 3 4 25 167
0.363333 6 3 20 179
0.37 2 3 20 204
0.376667 3 2 27 166
0.383333 3 2 21 158
0.39 3 1 24 162
0.396667 3 3 16 182
0.403333 4 4 18 172
0.41 2 5 27 160
0.416667 3 2 13 191
0.423333 5 1 15 154
0.43 3 1 16 159
0.436667 3 2 17 183
0.443333 7 2 17 150
0.45 2 0 18 183
0.456667 3 3 11 174
0.463333 5 1 12 188
0.47 4 1 12 164
0.476667 3 1 18 140
0.483333 2 2 15 72
0.49 1 2 13 66
0.496667 1 0 7 76
0.503333 5 1 11 64
0.51 1 0 8 67
0.516667 2 0 9 59
0.523333 1 0 16 51
0.53 0 2 15 47
0.536667 3 0 12 53
0.543333 2 0 11 62
0.55 3 1 6 48
0.556667 1 3 11 47
0.563333 3 2 3 48
0.57 1 0 12 42
0.576667 3 0 12 42
0.583333 2 2 4 42
0.59 2 0 13 38
0.596667 4 1 7 37
0.603333 1 0 10 42
0.61 4 2 12 41
0.616667 2 1 12 32
0.623333 2 2 9 46
0.63 2 1 9 34
0.636667 0 1 9 55
0.643333 2 0 5 39
0.65 2 1 12 34
0.656667 2 1 5 39
0.663333 200 19 237 9142
0.67 0 0 0 0
0.676667 0 0 0 0
0.683333 0 0 0 0
0.69 0 0 0 0
0.696667 0 0 0 0
0.703333 0 0 0 0
0.71 0 0 0 0
0.716667 0 0 0 0
0.723333 0 0 0 0
0.73 0 0 0 0
0.736667 0 0 0 0
0.743333 0 0 0 0
0.75 0 0 0 0
0.756667 0 0 0 0
0.763333 0 0 0 0
0.77 0 0 0 0
0.776667 0 0 0 0
0.783333 0 0 0 0
0.79 0 0 0 0
0.796667 0 0 0 0
0.803333 0 0 0 0
0.81 0 0 0 0
0.816667 0 0 0 0
0.823333 0 0 0 0
0.83 0 0 0 0
0.836667 0 0 0 0
0.843333 0 0 0 0
0.85 0 0 0 0
0.856667 0 0 0 0
0.863333 0 0 0 0
0.87 0 0 0 0
0.876667 0 0 0 0
0.883333 0 0 0 0
0.89 0 0 0 0
0.896667 0 0 0 0
0.903333 0 0 0 0
0.91 0 0 0 0
0.916667 0 0 0 0
0.923333 0 0 0 0
0.93 0 0 0 0
0.936667 0 0 0 0
0.943333 0 0 0 0
0.95 0 0 0 0
0.956667 0 0 0 0
0.963333 0 0 0 0
0.97 0 0 0 0
0.976667 0 0 0 0
0.983333 0 0 0 0
0.99 0 0 0 0
0.996667 0 0 0 0
1.00333 0 0 0 0
1.01 0 0 0 0
1.01667 0 0 0 0
1.02333 0 0 0 0
1.03 0 0 0 0
1.03667 0 0 0 0
1.04333 0 0 0 0
1.05 0 0 0 0
1.05667 0 0 0 0
1.06333 0 0 0 0
1.07 0 0 0 0
1.07667 0 0 0 0
1.08333 0 0 0 0
1.09 0 0 0 0
1.09667 0 0 0 0
1.10333 0 0 0 0
1.11 0 0 0 0
1.11667 0 0 0 0
1.12333 0 0 0 0
1.13 0 0 0 0
1.13667 0 0 0 0
1.14333 0 0 0 0
1.15 0 0 0 0
1.15667 0 0 0 0
1.16333 0 0 0 0
1.17 0 0 0 0
1.17667 0 0 0 0
1.18333 0 0 0 0
1.19 0 0 0 0
1.19667 0 0 0 0
1.20333 0 0 0 0
1.21 0 0 0 0
1.21667 0 0 0 0
1.22333 0 0 0 0
1.23 0 0 0 0
1.23667 0 0 0 0
1.24333 0 0 0 0
1.25 0 0 0 0
1.25667 0 0 0 0
1.26333 0 0 0 0
1.27 0 0 0 0
1.27667 0 0 0 0
1.28333 0 0 0 0
1.29 0 0 0 0
1.29667 0 0 0 0
1.30333 0 0 0 0
1.31 0 0 0 0
1.31667 0 0 0 0
1.32333 0 0 0 0
1.33 0 0 0 0
1.33667 0 0 0 0
1.34333 0 0 0 0
1.35 0 0 0 0
1.35667 0 0 0 0
1.36333 0 0 0 0
1.37 0 0 0 0
1.37667 0 0 0 0
1.38333 0 0 0 0
1.39 0 0 0 0
1.39667 0 0 0 0
1.40333 0 0 0 0
1.41 0 0 0 0
1.41667 0 0 0 0
1.42333 0 0 0 0
1.43 0 0 0 0
1.43667 0 0 0 0
1.44333 0 0 0 0
1.45 0 0 0 0
1.45667 0 0 0 0
1.46333 0 0 0 0
1.47 0 0 0 0
1.47667 0 0 0 0
1.48333 0 0 0 0
1.49 0 0 0 0
1.49667 0 0 0 0
1.50333 0 0 0 0
1.51 0 0 0 0
1.51667 0 0 0 0
1.52333 0 0 0 0
1.53 0 0 0 0
1.53667 0 0 0 0
1.54333 0 0 0 0
1.55 0 0 0 0
1.55667 0 0 0 0
1.56333 0 0 0 0
1.57 0 0 0 0
1.57667 0 0 0 0
1.58333 0 0 0 0
1.59 0 0 0 0
1.59667 0 0 0 0
1.60333 0 0 0 0
1.61 0 0 0 0
1.61667 0 0 0 0
1.62333 0 0 0 0
1.63 0 0 0 0
1.63667 0 0 0 0
1.64333 0 0 0 0
1.65 0 0 0 0
1.65667 0 0 0 0
1.66333 0 0 0 0
1.67 0 0 0 0
1.67667 0 0 0 0
1.68333 0 0 0 0
1.69 0 0 0 0
1.69667 0 0 0 0
1.70333 0 0 0 0
1.71 0 0 0 0
1.71667 0 0 0 0
1.72333 0 0 0 0
1.73 0 0 0 0
1.73667 0 0 0 0
1.74333 0 0 0 0
1.75 0 0 0 0
1.75667 0 0 0 0
1.76333 0 0 0 0
1.77 0 0 0 0
1.77667 0 0 0 0
1.78333 0 0 0 0
1.79 0 0 0 0
1.79667 0 0 0 0
1.80333 0 0 0 0
1.81 0 0 0 0
1.81667 0 0 0 0
1.82333 0 0 0 0
1.83 0 0 0 0
1.83667 0 0 0 0
1.84333 0 0 0 0
1.85 0 0 0 0
1.85667 0 0 0 0
1.86333 0 0 0 0
1.87 0 0 0 0
1.87667 0 0 0 0
1.88333 0 0 0 0
1.89 0 0 0 0
1.89667 0 0 0 0
1.90333 0 0 0 0
1.91 0 0 0 0
1.91667 0 0 0 0
1.92333 0 0 0 0
1.93 0 0 0 0
1.93667 0 0 0 0
1.94333 0 0 0 0
1.95 0 0 0 0
1.95667 0 0 0 0
1.96333 0 0 0 0
1.97 0 0 0 0
1.97667 0 0 0 0
1.98333 0 0 0 0
1.99 0 0 0 0
1.99667 0 0 0 0
