0.00333333 65 75 2 1
0.01 62 106 2 2
0.0166667 78 98 7 1
0.0233333 67 95 3 2
0.03 85 86 4 0
0.0366667 94 128 10 4
0.0433333 131 157 6 0
0.05 151 164 5 1
0.0566667 176 180 9 7
0.0633333 209 225 7 3
0.07 223 244 11 5
0.0766667 234 270 9 3
0.0833333 232 266 8 2
0.09 236 278 12 2
0.0966667 244 285 10 1
0.103333 219 252 4 4
0.11 231 251 4 7
0.116667 274 291 9 3
0.123333 246 285 7 2
0.13 223 289 6 4
0.136667 218 244 6 4
0.143333 233 250 7 3
0.15 206 237 2 3
0.156667 191 220 3 3
0.163333 175 225 4 1
0.17 192 235 7 2
0.176667 182 230 7 3
0.183333 195 259 6 2
0.19 200 301 6 2
0.196667 201 286 3 2
0.203333 220 246 8 1
0.21 193 237 8 2
0.216667 176 218 7 1
0.223333 171 217 4 9
0.23 181 182 5 4
0.236667 163 212 4 5
0.243333 160 171 3 6
0.25 143 174 4 3
0.256667 153 165 3 2
0.263333 144 147 3 3
0.27 145 163 1 2
0.276667 119 136 4 3
0.283333 131 144 1 2
0.29 118 126 5 4
0.296667 98 146 2 1
0.303333 114 134 5 1
0.31 99 138 5 4
0.316667 115 117 5 3
0.323333 92 99 4 6
0.33 101 125 2 1
0.336667 101 108 5 1
0.343333 94 97 7 1
0.35 86 107 6 2
0.356667 108 103 4 1
0.363333 87 116 7 2
0.37 74 113 6 2
0.376667 79 103 6 2
0.383333 83 105 5 2
0.39 88 107 3 2
0.396667 91 101 1 0
0.403333 90 92 4 1
0.41 83 90 4 3
0.416667 85 82 2 3
0.423333 92 84 3 0
0.43 74 73 4 2
0.436667 74 99 1 2
0.443333 81 73 1 2
0.45 73 62 6 0
0.456667 88 105 1 3
0.463333 99 91 3 2
0.47 92 83 3 2
0.476667 70 102 2 2
0.483333 44 72 3 4
0.49 50 63 1 1
0.496667 48 45 1 1
0.503333 41 61 0 2
0.51 32 42 1 1
0.516667 34 42 3 2
0.523333 34 44 3 1
0.53 32 48 3 0
0.536667 42 44 1 1
0.543333 32 32 1 1
0.55 36 40 0 1
0.556667 44 37 2 2
0.563333 40 36 1 0
0.57 27 30 1 2
0.576667 31 35 1 2
0.583333 40 55 1 1
0.59 35 43 1 0
0.596667 23 45 1 1
0.603333 35 32 2 2
0.61 39 33 0 2
0.616667 28 32 3 1
0.623333 33 44 1 3
0.63 18 46 3 0
0.636667 37 46 1 1
0.643333 34 33 0 2
0.65 34 39 0 1
0.656667 31 36 2 1
0.663333 2520 3487 34 37
0.67 0 0 0 0
0.676667 0 0 0 0
0.683333 0 0 0 0
0.69 0 0 0 0
0.696667 0 0 0 0
0.703333 0 0 0 0
0.71 0 0 0 0
0.716667 0 0 0 0
0.723333 0 0 0 0
0.73 0 0 0 0
0.736667 0 0 0 0
0.743333 0 0 0 0
0.75 0 0 0 0
0.756667 0 0 0 0
0.763333 0 0 0 0
0.77 0 0 0 0
0.776667 0 0 0 0
0.783333 0 0 0 0
0.79 0 0 0 0
0.796667 0 0 0 0
0.803333 0 0 0 0
0.81 0 0 0 0
0.816667 0 0 0 0
0.823333 0 0 0 0
0.83 0 0 0 0
0.836667 0 0 0 0
0.843333 0 0 0 0
0.85 0 0 0 0
0.856667 0 0 0 0
0.863333 0 0 0 0
0.87 0 0 0 0
0.876667 0 0 0 0
0.883333 0 0 0 0
0.89 0 0 0 0
0.896667 0 0 0 0
0.903333 0 0 0 0
0.91 0 0 0 0
0.916667 0 0 0 0
0.923333 0 0 0 0
0.93 0 0 0 0
0.936667 0 0 0 0
0.943333 0 0 0 0
0.95 0 0 0 0
0.956667 0 0 0 0
0.963333 0 0 0 0
0.97 0 0 0 0
0.976667 0 0 0 0
0.983333 0 0 0 0
0.99 0 0 0 0
0.996667 0 0 0 0
1.00333 0 0 0 0
1.01 0 0 0 0
1.01667 0 0 0 0
1.02333 0 0 0 0
1.03 0 0 0 0
1.03667 0 0 0 0
1.04333 0 0 0 0
1.05 0 0 0 0
1.05667 0 0 0 0
1.06333 0 0 0 0
1.07 0 0 0 0
1.07667 0 0 0 0
1.08333 0 0 0 0
1.09 0 0 0 0
1.09667 0 0 0 0
1.10333 0 0 0 0
1.11 0 0 0 0
1.11667 0 0 0 0
1.12333 0 0 0 0
1.13 0 0 0 0
1.13667 0 0 0 0
1.14333 0 0 0 0
1.15 0 0 0 0
1.15667 0 0 0 0
1.16333 0 0 0 0
1.17 0 0 0 0
1.17667 0 0 0 0
1.18333 0 0 0 0
1.19 0 0 0 0
1.19667 0 0 0 0
1.20333 0 0 0 0
1.21 0 0 0 0
1.21667 0 0 0 0
1.22333 0 0 0 0
1.23 0 0 0 0
1.23667 0 0 0 0
1.24333 0 0 0 0
1.25 0 0 0 0
1.25667 0 0 0 0
1.26333 0 0 0 0
1.27 0 0 0 0
1.27667 0 0 0 0
1.28333 0 0 0 0
1.29 0 0 0 0
1.29667 0 0 0 0
1.30333 0 0 0 0
1.31 0 0 0 0
1.31667 0 0 0 0
1.32333 0 0 0 0
1.33 0 0 0 0
1.33667 0 0 0 0
1.34333 0 0 0 0
1.35 0 0 0 0
1.35667 0 0 0 0
1.36333 0 0 0 0
1.37 0 0 0 0
1.37667 0 0 0 0
1.38333 0 0 0 0
1.39 0 0 0 0
1.39667 0 0 0 0
1.40333 0 0 0 0
1.41 0 0 0 0
1.41667 0 0 0 0
1.42333 0 0 0 0
1.43 0 0 0 0
1.43667 0 0 0 0
1.44333 0 0 0 0
1.45 0 0 0 0
1.45667 0 0 0 0
1.46333 0 0 0 0
1.47 0 0 0 0
1.47667 0 0 0 0
1.48333 0 0 0 0
1.49 0 0 0 0
1.49667 0 0 0 0
1.50333 0 0 0 0
1.51 0 0 0 0
1.51667 0 0 0 0
1.52333 0 0 0 0
1.53 0 0 0 0
1.53667 0 0 0 0
1.54333 0 0 0 0
1.55 0 0 0 0
1.55667 0 0 0 0
1.56333 0 0 0 0
1.57 0 0 0 0
1.57667 0 0 0 0
1.58333 0 0 0 0
1.59 0 0 0 0
1.59667 0 0 0 0
1.60333 0 0 0 0
1.61 0 0 0 0
1.61667 0 0 0 0
1.62333 0 0 0 0
1.63 0 0 0 0
1.63667 0 0 0 0
1.64333 0 0 0 0
1.65 0 0 0 0
1.65667 0 0 0 0
1.66333 0 0 0 0
1.67 0 0 0 0
1.67667 0 0 0 0
1.68333 0 0 0 0
1.69 0 0 0 0
1.69667 0 0 0 0
1.70333 0 0 0 0
1.71 0 0 0 0
1.71667 0 0 0 0
1.72333 0 0 0 0
1.73 0 0 0 0
1.73667 0 0 0 0
1.74333 0 0 0 0
1.75 0 0 0 0
1.75667 0 0 0 0
1.76333 0 0 0 0
1.77 0 0 0 0
1.77667 0 0 0 0
1.78333 0 0 0 0
1.79 0 0 0 0
1.79667 0 0 0 0
1.80333 0 0 0 0
1.81 0 0 0 0
1.81667 0 0 0 0
1.82333 0 0 0 0
1.83 0 0 0 0
1.83667 0 0 0 0
1.84333 0 0 0 0
1.85 0 0 0 0
1.85667 0 0 0 0
1.86333 0 0 0 0
1.87 0 0 0 0
1.87667 0 0 0 0
1.88333 0 0 0 0
1.89 0 0 0 0
1.89667 0 0 0 0
1.90333 0 0 0 0
1.91 0 0 0 0
1.91667 0 0 0 0
1.92333 0 0 0 0
1.93 0 0 0 0
1.93667 0 0 0 0
1.94333 0 0 0 0
1.95 0 0 0 0
1.95667 0 0 0 0
1.96333 0 0 0 0
1.97 0 0 0 0
1.97667 0 0 0 0
1.98333 0 0 0 0
1.99 0 0 0 0
1.99667 0 0 0 0
