0.00333333 3 0 4 154
0.01 3 1 7 195
0.0166667 1 1 13 194
0.0233333 2 1 11 196
0.03 3 0 7 215
0.0366667 5 3 12 197
0.0433333 0 2 33 224
0.05 4 1 27 248
0.0566667 2 2 39 272
0.0633333 6 4 44 272
0.07 2 2 41 268
0.0766667 2 4 37 348
0.0833333 1 3 29 352
0.09 4 8 39 306
0.0966667 0 5 35 330
0.103333 7 2 34 344
0.11 3 2 45 377
0.116667 2 2 44 388
0.123333 2 1 35 428
0.13 7 3 29 378
0.136667 1 2 24 417
0.143333 5 2 15 409
0.15 2 2 22 425
0.156667 4 3 29 416
0.163333 2 0 19 412
0.17 5 4 21 426
0.176667 8 1 25 418
0.183333 3 1 30 491
0.19 9 3 12 629
0.196667 3 1 22 622
0.203333 2 1 19 589
0.21 7 5 20 565
0.216667 3 3 23 548
0.223333 5 1 18 474
0.23 6 1 17 455
0.236667 2 5 16 403
0.243333 6 3 15 321
0.25 6 1 16 380
0.256667 5 1 5 283
0.263333 3 2 20 298
0.27 5 2 18 284
0.276667 2 2 25 288
0.283333 5 0 16 268
0.29 5 2 7 221
0.296667 2 1 14 250
0.303333 1 2 16 276
0.31 4 2 9 255
0.316667 4 5 13 214
0.323333 1 4 11 259
0.33 3 0 19 207
0.336667 0 3 17 243
0.343333 4 1 9 203
0.35 7 3 12 199
0.356667 1 1 16 200
0.363333 3 0 9 220
0.37 2 2 15 185
0.376667 1 3 17 177
0.383333 3 2 10 221
0.39 4 0 12 200
0.396667 3 2 10 169
0.403333 6 2 15 208
0.41 6 0 17 196
0.416667 6 3 12 199
0.423333 2 0 16 219
0.43 1 0 10 192
0.436667 4 1 8 191
0.443333 5 0 7 214
0.45 1 1 12 212
0.456667 4 0 14 211
0.463333 6 0 9 196
0.47 2 0 9 217
0.476667 6 1 9 180
0.483333 2 2 5 101
0.49 0 1 6 107
0.496667 0 0 6 85
0.503333 2 0 5 84
0.51 2 0 6 66
0.516667 3 0 7 74
0.523333 2 0 7 62
0.53 2 1 4 58
0.536667 0 0 3 69
0.543333 2 1 9 46
0.55 0 1 7 56
0.556667 1 2 10 48
0.563333 1 0 5 48
0.57 3 2 4 61
0.576667 3 1 4 54
0.583333 3 0 7 49
0.59 2 1 4 51
0.596667 2 1 6 44
0.603333 2 0 6 50
0.61 1 1 4 59
0.616667 3 1 5 48
0.623333 2 2 4 43
0.63 1 0 5 48
0.636667 0 0 4 66
0.643333 0 1 3 51
0.65 1 1 2 42
0.656667 0 0 6 29
0.663333 102 17 134 11787
0.67 0 0 0 0
0.676667 0 0 0 0
0.683333 0 0 0 0
0.69 0 0 0 0
0.696667 0 0 0 0
0.703333 0 0 0 0
0.71 0 0 0 0
0.716667 0 0 0 0
0.723333 0 0 0 0
0.73 0 0 0 0
0.736667 0 0 0 0
0.743333 0 0 0 0
0.75 0 0 0 0
0.756667 0 0 0 0
0.763333 0 0 0 0
0.77 0 0 0 0
0.776667 0 0 0 0
0.783333 0 0 0 0
0.79 0 0 0 0
0.796667 0 0 0 0
0.803333 0 0 0 0
0.81 0 0 0 0
0.816667 0 0 0 0
0.823333 0 0 0 0
0.83 0 0 0 0
0.836667 0 0 0 0
0.843333 0 0 0 0
0.85 0 0 0 0
0.856667 0 0 0 0
0.863333 0 0 0 0
0.87 0 0 0 0
0.876667 0 0 0 0
0.883333 0 0 0 0
0.89 0 0 0 0
0.896667 0 0 0 0
0.903333 0 0 0 0
0.91 0 0 0 0
0.916667 0 0 0 0
0.923333 0 0 0 0
0.93 0 0 0 0
0.936667 0 0 0 0
0.943333 0 0 0 0
0.95 0 0 0 0
0.956667 0 0 0 0
0.963333 0 0 0 0
0.97 0 0 0 0
0.976667 0 0 0 0
0.983333 0 0 0 0
0.99 0 0 0 0
0.996667 0 0 0 0
1.00333 0 0 0 0
1.01 0 0 0 0
1.01667 0 0 0 0
1.02333 0 0 0 0
1.03 0 0 0 0
1.03667 0 0 0 0
1.04333 0 0 0 0
1.05 0 0 0 0
1.05667 0 0 0 0
1.06333 0 0 0 0
1.07 0 0 0 0
1.07667 0 0 0 0
1.08333 0 0 0 0
1.09 0 0 0 0
1.09667 0 0 0 0
1.10333 0 0 0 0
1.11 0 0 0 0
1.11667 0 0 0 0
1.12333 0 0 0 0
1.13 0 0 0 0
1.13667 0 0 0 0
1.14333 0 0 0 0
1.15 0 0 0 0
1.15667 0 0 0 0
1.16333 0 0 0 0
1.17 0 0 0 0
1.17667 0 0 0 0
1.18333 0 0 0 0
1.19 0 0 0 0
1.19667 0 0 0 0
1.20333 0 0 0 0
1.21 0 0 0 0
1.21667 0 0 0 0
1.22333 0 0 0 0
1.23 0 0 0 0
1.23667 0 0 0 0
1.24333 0 0 0 0
1.25 0 0 0 0
1.25667 0 0 0 0
1.26333 0 0 0 0
1.27 0 0 0 0
1.27667 0 0 0 0
1.28333 0 0 0 0
1.29 0 0 0 0
1.29667 0 0 0 0
1.30333 0 0 0 0
1.31 0 0 0 0
1.31667 0 0 0 0
1.32333 0 0 0 0
1.33 0 0 0 0
1.33667 0 0 0 0
1.34333 0 0 0 0
1.35 0 0 0 0
1.35667 0 0 0 0
1.36333 0 0 0 0
1.37 0 0 0 0
1.37667 0 0 0 0
1.38333 0 0 0 0
1.39 0 0 0 0
1.39667 0 0 0 0
1.40333 0 0 0 0
1.41 0 0 0 0
1.41667 0 0 0 0
1.42333 0 0 0 0
1.43 0 0 0 0
1.43667 0 0 0 0
1.44333 0 0 0 0
1.45 0 0 0 0
1.45667 0 0 0 0
1.46333 0 0 0 0
1.47 0 0 0 0
1.47667 0 0 0 0
1.48333 0 0 0 0
1.49 0 0 0 0
1.49667 0 0 0 0
1.50333 0 0 0 0
1.51 0 0 0 0
1.51667 0 0 0 0
1.52333 0 0 0 0
1.53 0 0 0 0
1.53667 0 0 0 0
1.54333 0 0 0 0
1.55 0 0 0 0
1.55667 0 0 0 0
1.56333 0 0 0 0
1.57 0 0 0 0
1.57667 0 0 0 0
1.58333 0 0 0 0
1.59 0 0 0 0
1.59667 0 0 0 0
1.60333 0 0 0 0
1.61 0 0 0 0
1.61667 0 0 0 0
1.62333 0 0 0 0
1.63 0 0 0 0
1.63667 0 0 0 0
1.64333 0 0 0 0
1.65 0 0 0 0
1.65667 0 0 0 0
1.66333 0 0 0 0
1.67 0 0 0 0
1.67667 0 0 0 0
1.68333 0 0 0 0
1.69 0 0 0 0
1.69667 0 0 0 0
1.70333 0 0 0 0
1.71 0 0 0 0
1.71667 0 0 0 0
1.72333 0 0 0 0
1.73 0 0 0 0
1.73667 0 0 0 0
1.74333 0 0 0 0
1.75 0 0 0 0
1.75667 0 0 0 0
1.76333 0 0 0 0
1.77 0 0 0 0
1.77667 0 0 0 0
1.78333 0 0 0 0
1.79 0 0 0 0
1.79667 0 0 0 0
1.80333 0 0 0 0
1.81 0 0 0 0
1.81667 0 0 0 0
1.82333 0 0 0 0
1.83 0 0 0 0
1.83667 0 0 0 0
1.84333 0 0 0 0
1.85 0 0 0 0
1.85667 0 0 0 0
1.86333 0 0 0 0
1.87 0 0 0 0
1.87667 0 0 0 0
1.88333 0 0 0 0
1.89 0 0 0 0
1.89667 0 0 0 0
1.90333 0 0 0 0
1.91 0 0 0 0
1.91667 0 0 0 0
1.92333 0 0 0 0
1.93 0 0 0 0
1.93667 0 0 0 0
1.94333 0 0 0 0
1.95 0 0 0 0
1.95667 0 0 0 0
1.96333 0 0 0 0
1.97 0 0 0 0
1.97667 0 0 0 0
1.98333 0 0 0 0
1.99 0 0 0 0
1.99667 0 0 0 0
