0.00333333 1 23 20 1
0.01 0 42 43 7
0.0166667 7 42 46 7
0.0233333 2 35 44 1
0.03 0 41 44 4
0.0366667 2 40 41 8
0.0433333 4 47 61 10
0.05 10 52 66 15
0.0566667 10 62 85 21
0.0633333 7 65 89 27
0.07 13 66 89 26
0.0766667 6 68 104 25
0.0833333 8 96 96 20
0.09 5 73 116 17
0.0966667 6 62 73 33
0.103333 9 65 103 26
0.11 8 66 113 17
0.116667 7 62 93 24
0.123333 8 91 90 16
0.13 8 72 99 23
0.136667 7 73 96 22
0.143333 8 70 102 18
0.15 4 68 90 14
0.156667 7 71 88 20
0.163333 9 65 85 21
0.17 8 80 88 19
0.176667 8 61 82 15
0.183333 3 84 71 19
0.19 3 112 94 15
0.196667 4 92 92 16
0.203333 8 87 83 16
0.21 4 100 96 12
0.216667 4 61 64 22
0.223333 3 74 78 19
0.23 8 72 86 12
0.236667 1 65 76 14
0.243333 0 43 79 19
0.25 4 62 69 20
0.256667 3 62 53 14
0.263333 4 57 56 16
0.27 4 47 67 5
0.276667 3 39 52 18
0.283333 3 58 56 15
0.29 3 52 37 7
0.296667 3 52 55 13
0.303333 5 51 44 12
0.31 2 47 60 11
0.316667 2 57 53 15
0.323333 3 48 43 7
0.33 3 47 46 8
0.336667 4 53 53 14
0.343333 4 48 53 9
0.35 3 45 61 7
0.356667 6 54 37 15
0.363333 2 44 50 8
0.37 0 46 45 11
0.376667 2 43 38 8
0.383333 3 42 40 4
0.39 5 37 41 12
0.396667 10 47 23 7
0.403333 0 51 45 6
0.41 4 42 48 7
0.416667 2 45 47 8
0.423333 4 46 41 12
0.43 4 44 40 7
0.436667 10 35 23 5
0.443333 5 52 33 7
0.45 5 41 33 7
0.456667 6 32 37 11
0.463333 4 41 39 2
0.47 2 51 40 8
0.476667 3 40 31 9
0.483333 1 24 27 6
0.49 4 20 14 3
0.496667 0 23 22 4
0.503333 1 13 19 2
0.51 1 11 25 6
0.516667 1 17 17 3
0.523333 0 13 21 5
0.53 2 13 18 3
0.536667 1 17 13 3
0.543333 2 9 27 6
0.55 1 19 29 5
0.556667 2 7 22 5
0.563333 1 18 27 3
0.57 1 5 28 12
0.576667 3 12 19 5
0.583333 1 11 20 7
0.59 1 10 24 3
0.596667 2 6 18 7
0.603333 1 11 21 7
0.61 4 3 20 6
0.616667 1 5 18 0
0.623333 5 5 23 5
0.63 1 8 20 8
0.636667 1 12 24 7
0.643333 1 3 20 3
0.65 4 4 26 5
0.656667 4 4 19 4
0.663333 39 2254 1177 208
0.67 0 0 0 0
0.676667 0 0 0 0
0.683333 0 0 0 0
0.69 0 0 0 0
0.696667 0 0 0 0
0.703333 0 0 0 0
0.71 0 0 0 0
0.716667 0 0 0 0
0.723333 0 0 0 0
0.73 0 0 0 0
0.736667 0 0 0 0
0.743333 0 0 0 0
0.75 0 0 0 0
0.756667 0 0 0 0
0.763333 0 0 0 0
0.77 0 0 0 0
0.776667 0 0 0 0
0.783333 0 0 0 0
0.79 0 0 0 0
0.796667 0 0 0 0
0.803333 0 0 0 0
0.81 0 0 0 0
0.816667 0 0 0 0
0.823333 0 0 0 0
0.83 0 0 0 0
0.836667 0 0 0 0
0.843333 0 0 0 0
0.85 0 0 0 0
0.856667 0 0 0 0
0.863333 0 0 0 0
0.87 0 0 0 0
0.876667 0 0 0 0
0.883333 0 0 0 0
0.89 0 0 0 0
0.896667 0 0 0 0
0.903333 0 0 0 0
0.91 0 0 0 0
0.916667 0 0 0 0
0.923333 0 0 0 0
0.93 0 0 0 0
0.936667 0 0 0 0
0.943333 0 0 0 0
0.95 0 0 0 0
0.956667 0 0 0 0
0.963333 0 0 0 0
0.97 0 0 0 0
0.976667 0 0 0 0
0.983333 0 0 0 0
0.99 0 0 0 0
0.996667 0 0 0 0
1.00333 0 0 0 0
1.01 0 0 0 0
1.01667 0 0 0 0
1.02333 0 0 0 0
1.03 0 0 0 0
1.03667 0 0 0 0
1.04333 0 0 0 0
1.05 0 0 0 0
1.05667 0 0 0 0
1.06333 0 0 0 0
1.07 0 0 0 0
1.07667 0 0 0 0
1.08333 0 0 0 0
1.09 0 0 0 0
1.09667 0 0 0 0
1.10333 0 0 0 0
1.11 0 0 0 0
1.11667 0 0 0 0
1.12333 0 0 0 0
1.13 0 0 0 0
1.13667 0 0 0 0
1.14333 0 0 0 0
1.15 0 0 0 0
1.15667 0 0 0 0
1.16333 0 0 0 0
1.17 0 0 0 0
1.17667 0 0 0 0
1.18333 0 0 0 0
1.19 0 0 0 0
1.19667 0 0 0 0
1.20333 0 0 0 0
1.21 0 0 0 0
1.21667 0 0 0 0
1.22333 0 0 0 0
1.23 0 0 0 0
1.23667 0 0 0 0
1.24333 0 0 0 0
1.25 0 0 0 0
1.25667 0 0 0 0
1.26333 0 0 0 0
1.27 0 0 0 0
1.27667 0 0 0 0
1.28333 0 0 0 0
1.29 0 0 0 0
1.29667 0 0 0 0
1.30333 0 0 0 0
1.31 0 0 0 0
1.31667 0 0 0 0
1.32333 0 0 0 0
1.33 0 0 0 0
1.33667 0 0 0 0
1.34333 0 0 0 0
1.35 0 0 0 0
1.35667 0 0 0 0
1.36333 0 0 0 0
1.37 0 0 0 0
1.37667 0 0 0 0
1.38333 0 0 0 0
1.39 0 0 0 0
1.39667 0 0 0 0
1.40333 0 0 0 0
1.41 0 0 0 0
1.41667 0 0 0 0
1.42333 0 0 0 0
1.43 0 0 0 0
1.43667 0 0 0 0
1.44333 0 0 0 0
1.45 0 0 0 0
1.45667 0 0 0 0
1.46333 0 0 0 0
1.47 0 0 0 0
1.47667 0 0 0 0
1.48333 0 0 0 0
1.49 0 0 0 0
1.49667 0 0 0 0
1.50333 0 0 0 0
1.51 0 0 0 0
1.51667 0 0 0 0
1.52333 0 0 0 0
1.53 0 0 0 0
1.53667 0 0 0 0
1.54333 0 0 0 0
1.55 0 0 0 0
1.55667 0 0 0 0
1.56333 0 0 0 0
1.57 0 0 0 0
1.57667 0 0 0 0
1.58333 0 0 0 0
1.59 0 0 0 0
1.59667 0 0 0 0
1.60333 0 0 0 0
1.61 0 0 0 0
1.61667 0 0 0 0
1.62333 0 0 0 0
1.63 0 0 0 0
1.63667 0 0 0 0
1.64333 0 0 0 0
1.65 0 0 0 0
1.65667 0 0 0 0
1.66333 0 0 0 0
1.67 0 0 0 0
1.67667 0 0 0 0
1.68333 0 0 0 0
1.69 0 0 0 0
1.69667 0 0 0 0
1.70333 0 0 0 0
1.71 0 0 0 0
1.71667 0 0 0 0
1.72333 0 0 0 0
1.73 0 0 0 0
1.73667 0 0 0 0
1.74333 0 0 0 0
1.75 0 0 0 0
1.75667 0 0 0 0
1.76333 0 0 0 0
1.77 0 0 0 0
1.77667 0 0 0 0
1.78333 0 0 0 0
1.79 0 0 0 0
1.79667 0 0 0 0
1.80333 0 0 0 0
1.81 0 0 0 0
1.81667 0 0 0 0
1.82333 0 0 0 0
1.83 0 0 0 0
1.83667 0 0 0 0
1.84333 0 0 0 0
1.85 0 0 0 0
1.85667 0 0 0 0
1.86333 0 0 0 0
1.87 0 0 0 0
1.87667 0 0 0 0
1.88333 0 0 0 0
1.89 0 0 0 0
1.89667 0 0 0 0
1.90333 0 0 0 0
1.91 0 0 0 0
1.91667 0 0 0 0
1.92333 0 0 0 0
1.93 0 0 0 0
1.93667 0 0 0 0
1.94333 0 0 0 0
1.95 0 0 0 0
1.95667 0 0 0 0
1.96333 0 0 0 0
1.97 0 0 0 0
1.97667 0 0 0 0
1.98333 0 0 0 0
1.99 0 0 0 0
1.99667 0 0 0 0
