0.00333333 7 32 10 19
0.01 11 33 25 14
0.0166667 4 35 17 13
0.0233333 13 48 29 10
0.03 10 36 25 11
0.0366667 18 42 25 19
0.0433333 16 41 43 24
0.05 18 55 55 28
0.0566667 17 83 67 38
0.0633333 27 102 80 36
0.07 34 88 73 40
0.0766667 30 107 75 48
0.0833333 24 95 63 34
0.09 31 96 65 28
0.0966667 20 89 84 25
0.103333 27 103 70 58
0.11 36 91 62 47
0.116667 27 102 61 48
0.123333 43 106 47 37
0.13 31 83 61 37
0.136667 25 84 57 36
0.143333 33 95 64 25
0.15 20 92 36 36
0.156667 30 73 50 41
0.163333 25 66 47 30
0.17 20 74 45 41
0.176667 23 77 31 36
0.183333 26 82 48 45
0.19 32 85 42 45
0.196667 32 80 43 48
0.203333 21 99 29 36
0.21 21 79 40 42
0.216667 17 55 47 37
0.223333 14 71 32 38
0.23 27 77 48 28
0.236667 26 64 36 27
0.243333 18 61 27 25
0.25 12 55 25 25
0.256667 15 57 34 23
0.263333 14 63 25 35
0.27 14 62 28 25
0.276667 15 47 33 18
0.283333 19 43 22 24
0.29 22 64 25 24
0.296667 12 35 26 21
0.303333 13 48 26 23
0.31 14 52 26 22
0.316667 11 41 31 26
0.323333 13 48 29 22
0.33 12 48 28 18
0.336667 14 45 19 15
0.343333 13 40 32 11
0.35 15 43 26 24
0.356667 14 42 18 14
0.363333 13 38 21 17
0.37 14 42 18 21
0.376667 9 41 23 21
0.383333 15 40 26 23
0.39 14 45 19 17
0.396667 17 46 16 22
0.403333 15 50 14 20
0.41 10 46 26 13
0.416667 11 36 24 12
0.423333 10 40 27 19
0.43 6 40 16 16
0.436667 15 33 27 24
0.443333 9 36 18 16
0.45 16 31 24 20
0.456667 9 32 14 16
0.463333 12 32 8 14
0.47 13 39 16 19
0.476667 17 30 12 11
0.483333 8 16 10 12
0.49 7 24 23 8
0.496667 8 23 17 9
0.503333 4 19 16 12
0.51 4 20 10 9
0.516667 8 25 9 11
0.523333 5 25 8 12
0.53 7 20 15 8
0.536667 8 23 8 7
0.543333 5 15 12 8
0.55 3 20 14 8
0.556667 6 15 13 4
0.563333 5 20 9 4
0.57 10 16 10 12
0.576667 9 26 11 15
0.583333 6 15 10 7
0.59 2 19 9 7
0.596667 7 14 10 5
0.603333 8 14 6 6
0.61 2 21 7 10
0.616667 7 23 16 7
0.623333 3 22 5 7
0.63 10 21 8 6
0.636667 1 17 10 11
0.643333 7 19 10 6
0.65 7 15 10 4
0.656667 5 13 3 9
0.663333 347 1066 305 461
0.67 0 0 0 0
0.676667 0 0 0 0
0.683333 0 0 0 0
0.69 0 0 0 0
0.696667 0 0 0 0
0.703333 0 0 0 0
0.71 0 0 0 0
0.716667 0 0 0 0
0.723333 0 0 0 0
0.73 0 0 0 0
0.736667 0 0 0 0
0.743333 0 0 0 0
0.75 0 0 0 0
0.756667 0 0 0 0
0.763333 0 0 0 0
0.77 0 0 0 0
0.776667 0 0 0 0
0.783333 0 0 0 0
0.79 0 0 0 0
0.796667 0 0 0 0
0.803333 0 0 0 0
0.81 0 0 0 0
0.816667 0 0 0 0
0.823333 0 0 0 0
0.83 0 0 0 0
0.836667 0 0 0 0
0.843333 0 0 0 0
0.85 0 0 0 0
0.856667 0 0 0 0
0.863333 0 0 0 0
0.87 0 0 0 0
0.876667 0 0 0 0
0.883333 0 0 0 0
0.89 0 0 0 0
0.896667 0 0 0 0
0.903333 0 0 0 0
0.91 0 0 0 0
0.916667 0 0 0 0
0.923333 0 0 0 0
0.93 0 0 0 0
0.936667 0 0 0 0
0.943333 0 0 0 0
0.95 0 0 0 0
0.956667 0 0 0 0
0.963333 0 0 0 0
0.97 0 0 0 0
0.976667 0 0 0 0
0.983333 0 0 0 0
0.99 0 0 0 0
0.996667 0 0 0 0
1.00333 0 0 0 0
1.01 0 0 0 0
1.01667 0 0 0 0
1.02333 0 0 0 0
1.03 0 0 0 0
1.03667 0 0 0 0
1.04333 0 0 0 0
1.05 0 0 0 0
1.05667 0 0 0 0
1.06333 0 0 0 0
1.07 0 0 0 0
1.07667 0 0 0 0
1.08333 0 0 0 0
1.09 0 0 0 0
1.09667 0 0 0 0
1.10333 0 0 0 0
1.11 0 0 0 0
1.11667 0 0 0 0
1.12333 0 0 0 0
1.13 0 0 0 0
1.13667 0 0 0 0
1.14333 0 0 0 0
1.15 0 0 0 0
1.15667 0 0 0 0
1.16333 0 0 0 0
1.17 0 0 0 0
1.17667 0 0 0 0
1.18333 0 0 0 0
1.19 0 0 0 0
1.19667 0 0 0 0
1.20333 0 0 0 0
1.21 0 0 0 0
1.21667 0 0 0 0
1.22333 0 0 0 0
1.23 0 0 0 0
1.23667 0 0 0 0
1.24333 0 0 0 0
1.25 0 0 0 0
1.25667 0 0 0 0
1.26333 0 0 0 0
1.27 0 0 0 0
1.27667 0 0 0 0
1.28333 0 0 0 0
1.29 0 0 0 0
1.29667 0 0 0 0
1.30333 0 0 0 0
1.31 0 0 0 0
1.31667 0 0 0 0
1.32333 0 0 0 0
1.33 0 0 0 0
1.33667 0 0 0 0
1.34333 0 0 0 0
1.35 0 0 0 0
1.35667 0 0 0 0
1.36333 0 0 0 0
1.37 0 0 0 0
1.37667 0 0 0 0
1.38333 0 0 0 0
1.39 0 0 0 0
1.39667 0 0 0 0
1.40333 0 0 0 0
1.41 0 0 0 0
1.41667 0 0 0 0
1.42333 0 0 0 0
1.43 0 0 0 0
1.43667 0 0 0 0
1.44333 0 0 0 0
1.45 0 0 0 0
1.45667 0 0 0 0
1.46333 0 0 0 0
1.47 0 0 0 0
1.47667 0 0 0 0
1.48333 0 0 0 0
1.49 0 0 0 0
1.49667 0 0 0 0
1.50333 0 0 0 0
1.51 0 0 0 0
1.51667 0 0 0 0
1.52333 0 0 0 0
1.53 0 0 0 0
1.53667 0 0 0 0
1.54333 0 0 0 0
1.55 0 0 0 0
1.55667 0 0 0 0
1.56333 0 0 0 0
1.57 0 0 0 0
1.57667 0 0 0 0
1.58333 0 0 0 0
1.59 0 0 0 0
1.59667 0 0 0 0
1.60333 0 0 0 0
1.61 0 0 0 0
1.61667 0 0 0 0
1.62333 0 0 0 0
1.63 0 0 0 0
1.63667 0 0 0 0
1.64333 0 0 0 0
1.65 0 0 0 0
1.65667 0 0 0 0
1.66333 0 0 0 0
1.67 0 0 0 0
1.67667 0 0 0 0
1.68333 0 0 0 0
1.69 0 0 0 0
1.69667 0 0 0 0
1.70333 0 0 0 0
1.71 0 0 0 0
1.71667 0 0 0 0
1.72333 0 0 0 0
1.73 0 0 0 0
1.73667 0 0 0 0
1.74333 0 0 0 0
1.75 0 0 0 0
1.75667 0 0 0 0
1.76333 0 0 0 0
1.77 0 0 0 0
1.77667 0 0 0 0
1.78333 0 0 0 0
1.79 0 0 0 0
1.79667 0 0 0 0
1.80333 0 0 0 0
1.81 0 0 0 0
1.81667 0 0 0 0
1.82333 0 0 0 0
1.83 0 0 0 0
1.83667 0 0 0 0
1.84333 0 0 0 0
1.85 0 0 0 0
1.85667 0 0 0 0
1.86333 0 0 0 0
1.87 0 0 0 0
1.87667 0 0 0 0
1.88333 0 0 0 0
1.89 0 0 0 0
1.89667 0 0 0 0
1.90333 0 0 0 0
1.91 0 0 0 0
1.91667 0 0 0 0
1.92333 0 0 0 0
1.93 0 0 0 0
1.93667 0 0 0 0
1.94333 0 0 0 0
1.95 0 0 0 0
1.95667 0 0 0 0
1.96333 0 0 0 0
1.97 0 0 0 0
1.97667 0 0 0 0
1.98333 0 0 0 0
1.99 0 0 0 0
1.99667 0 0 0 0
