0.00333333 0 0 7 133
0.01 2 0 9 146
0.0166667 3 0 11 156
0.0233333 1 2 9 152
0.03 1 0 8 158
0.0366667 4 1 19 189
0.0433333 1 1 20 176
0.05 2 0 30 210
0.0566667 1 6 45 227
0.0633333 2 1 40 250
0.07 2 2 42 264
0.0766667 6 8 40 287
0.0833333 2 4 39 301
0.09 4 6 40 287
0.0966667 1 3 32 300
0.103333 4 4 38 303
0.11 4 3 44 348
0.116667 0 1 35 371
0.123333 2 1 38 374
0.13 3 1 35 354
0.136667 4 1 31 383
0.143333 4 1 22 401
0.15 2 3 19 398
0.156667 1 1 21 377
0.163333 0 7 25 328
0.17 4 4 24 351
0.176667 2 2 11 346
0.183333 1 2 27 416
0.19 3 3 23 489
0.196667 6 0 27 477
0.203333 4 0 18 467
0.21 6 3 27 450
0.216667 2 5 23 460
0.223333 3 1 16 411
0.23 1 1 25 384
0.236667 3 5 17 350
0.243333 8 1 20 303
0.25 6 2 18 322
0.256667 4 3 10 280
0.263333 2 1 24 270
0.27 0 2 15 280
0.276667 1 4 14 271
0.283333 2 1 20 233
0.29 2 1 11 229
0.296667 3 1 13 233
0.303333 3 1 13 218
0.31 1 1 6 226
0.316667 3 5 10 183
0.323333 2 2 15 204
0.33 2 2 16 177
0.336667 4 2 21 197
0.343333 2 1 12 178
0.35 2 1 13 176
0.356667 0 1 11 185
0.363333 2 4 6 191
0.37 3 1 13 162
0.376667 1 2 12 167
0.383333 1 4 11 185
0.39 3 0 9 162
0.396667 1 1 17 166
0.403333 2 4 14 187
0.41 1 0 17 186
0.416667 4 4 10 154
0.423333 1 0 13 170
0.43 0 1 11 183
0.436667 2 3 3 168
0.443333 0 0 8 179
0.45 2 2 10 184
0.456667 3 1 11 177
0.463333 2 1 10 162
0.47 2 0 8 176
0.476667 6 1 12 158
0.483333 2 3 9 87
0.49 3 1 11 86
0.496667 3 0 1 75
0.503333 1 1 5 72
0.51 0 0 7 63
0.516667 2 2 6 78
0.523333 0 0 7 64
0.53 1 2 8 63
0.536667 0 0 5 69
0.543333 0 2 12 59
0.55 0 1 9 48
0.556667 1 2 5 61
0.563333 1 1 7 36
0.57 1 1 9 49
0.576667 2 0 6 61
0.583333 0 0 6 58
0.59 0 0 6 49
0.596667 0 0 6 42
0.603333 2 0 2 44
0.61 0 1 6 44
0.616667 1 0 1 48
0.623333 0 0 7 57
0.63 1 2 6 49
0.636667 0 0 7 72
0.643333 0 0 3 41
0.65 0 1 0 43
0.656667 0 2 7 40
0.663333 67 17 126 8558
0.67 0 0 0 0
0.676667 0 0 0 0
0.683333 0 0 0 0
0.69 0 0 0 0
0.696667 0 0 0 0
0.703333 0 0 0 0
0.71 0 0 0 0
0.716667 0 0 0 0
0.723333 0 0 0 0
0.73 0 0 0 0
0.736667 0 0 0 0
0.743333 0 0 0 0
0.75 0 0 0 0
0.756667 0 0 0 0
0.763333 0 0 0 0
0.77 0 0 0 0
0.776667 0 0 0 0
0.783333 0 0 0 0
0.79 0 0 0 0
0.796667 0 0 0 0
0.803333 0 0 0 0
0.81 0 0 0 0
0.816667 0 0 0 0
0.823333 0 0 0 0
0.83 0 0 0 0
0.836667 0 0 0 0
0.843333 0 0 0 0
0.85 0 0 0 0
0.856667 0 0 0 0
0.863333 0 0 0 0
0.87 0 0 0 0
0.876667 0 0 0 0
0.883333 0 0 0 0
0.89 0 0 0 0
0.896667 0 0 0 0
0.903333 0 0 0 0
0.91 0 0 0 0
0.916667 0 0 0 0
0.923333 0 0 0 0
0.93 0 0 0 0
0.936667 0 0 0 0
0.943333 0 0 0 0
0.95 0 0 0 0
0.956667 0 0 0 0
0.963333 0 0 0 0
0.97 0 0 0 0
0.976667 0 0 0 0
0.983333 0 0 0 0
0.99 0 0 0 0
0.996667 0 0 0 0
1.00333 0 0 0 0
1.01 0 0 0 0
1.01667 0 0 0 0
1.02333 0 0 0 0
1.03 0 0 0 0
1.03667 0 0 0 0
1.04333 0 0 0 0
1.05 0 0 0 0
1.05667 0 0 0 0
1.06333 0 0 0 0
1.07 0 0 0 0
1.07667 0 0 0 0
1.08333 0 0 0 0
1.09 0 0 0 0
1.09667 0 0 0 0
1.10333 0 0 0 0
1.11 0 0 0 0
1.11667 0 0 0 0
1.12333 0 0 0 0
1.13 0 0 0 0
1.13667 0 0 0 0
1.14333 0 0 0 0
1.15 0 0 0 0
1.15667 0 0 0 0
1.16333 0 0 0 0
1.17 0 0 0 0
1.17667 0 0 0 0
1.18333 0 0 0 0
1.19 0 0 0 0
1.19667 0 0 0 0
1.20333 0 0 0 0
1.21 0 0 0 0
1.21667 0 0 0 0
1.22333 0 0 0 0
1.23 0 0 0 0
1.23667 0 0 0 0
1.24333 0 0 0 0
1.25 0 0 0 0
1.25667 0 0 0 0
1.26333 0 0 0 0
1.27 0 0 0 0
1.27667 0 0 0 0
1.28333 0 0 0 0
1.29 0 0 0 0
1.29667 0 0 0 0
1.30333 0 0 0 0
1.31 0 0 0 0
1.31667 0 0 0 0
1.32333 0 0 0 0
1.33 0 0 0 0
1.33667 0 0 0 0
1.34333 0 0 0 0
1.35 0 0 0 0
1.35667 0 0 0 0
1.36333 0 0 0 0
1.37 0 0 0 0
1.37667 0 0 0 0
1.38333 0 0 0 0
1.39 0 0 0 0
1.39667 0 0 0 0
1.40333 0 0 0 0
1.41 0 0 0 0
1.41667 0 0 0 0
1.42333 0 0 0 0
1.43 0 0 0 0
1.43667 0 0 0 0
1.44333 0 0 0 0
1.45 0 0 0 0
1.45667 0 0 0 0
1.46333 0 0 0 0
1.47 0 0 0 0
1.47667 0 0 0 0
1.48333 0 0 0 0
1.49 0 0 0 0
1.49667 0 0 0 0
1.50333 0 0 0 0
1.51 0 0 0 0
1.51667 0 0 0 0
1.52333 0 0 0 0
1.53 0 0 0 0
1.53667 0 0 0 0
1.54333 0 0 0 0
1.55 0 0 0 0
1.55667 0 0 0 0
1.56333 0 0 0 0
1.57 0 0 0 0
1.57667 0 0 0 0
1.58333 0 0 0 0
1.59 0 0 0 0
1.59667 0 0 0 0
1.60333 0 0 0 0
1.61 0 0 0 0
1.61667 0 0 0 0
1.62333 0 0 0 0
1.63 0 0 0 0
1.63667 0 0 0 0
1.64333 0 0 0 0
1.65 0 0 0 0
1.65667 0 0 0 0
1.66333 0 0 0 0
1.67 0 0 0 0
1.67667 0 0 0 0
1.68333 0 0 0 0
1.69 0 0 0 0
1.69667 0 0 0 0
1.70333 0 0 0 0
1.71 0 0 0 0
1.71667 0 0 0 0
1.72333 0 0 0 0
1.73 0 0 0 0
1.73667 0 0 0 0
1.74333 0 0 0 0
1.75 0 0 0 0
1.75667 0 0 0 0
1.76333 0 0 0 0
1.77 0 0 0 0
1.77667 0 0 0 0
1.78333 0 0 0 0
1.79 0 0 0 0
1.79667 0 0 0 0
1.80333 0 0 0 0
1.81 0 0 0 0
1.81667 0 0 0 0
1.82333 0 0 0 0
1.83 0 0 0 0
1.83667 0 0 0 0
1.84333 0 0 0 0
1.85 0 0 0 0
1.85667 0 0 0 0
1.86333 0 0 0 0
1.87 0 0 0 0
1.87667 0 0 0 0
1.88333 0 0 0 0
1.89 0 0 0 0
1.89667 0 0 0 0
1.90333 0 0 0 0
1.91 0 0 0 0
1.91667 0 0 0 0
1.92333 0 0 0 0
1.93 0 0 0 0
1.93667 0 0 0 0
1.94333 0 0 0 0
1.95 0 0 0 0
1.95667 0 0 0 0
1.96333 0 0 0 0
1.97 0 0 0 0
1.97667 0 0 0 0
1.98333 0 0 0 0
1.99 0 0 0 0
1.99667 0 0 0 0
