0.00333333 4 2 10 122
0.01 2 3 10 128
0.0166667 2 3 6 156
0.0233333 5 5 16 138
0.03 7 4 5 165
0.0366667 1 6 12 185
0.0433333 7 9 18 162
0.05 2 6 21 169
0.0566667 6 7 23 160
0.0633333 5 4 20 192
0.07 4 4 32 189
0.0766667 8 4 28 203
0.0833333 4 5 22 205
0.09 4 4 23 203
0.0966667 5 10 23 215
0.103333 3 1 27 223
0.11 6 6 17 235
0.116667 4 6 24 196
0.123333 9 8 25 228
0.13 3 7 12 229
0.136667 2 6 13 236
0.143333 1 5 25 245
0.15 6 9 18 245
0.156667 1 6 17 264
0.163333 4 7 13 223
0.17 5 4 18 260
0.176667 4 2 15 205
0.183333 9 9 17 283
0.19 6 9 19 367
0.196667 6 6 12 383
0.203333 6 9 11 370
0.21 5 11 21 374
0.216667 5 6 15 337
0.223333 7 7 17 354
0.23 3 9 7 298
0.236667 4 11 19 290
0.243333 0 11 13 249
0.25 9 6 12 266
0.256667 4 10 15 250
0.263333 4 8 15 213
0.27 6 10 13 224
0.276667 6 6 14 182
0.283333 5 4 15 204
0.29 3 9 12 187
0.296667 7 8 13 178
0.303333 4 6 9 194
0.31 11 11 12 180
0.316667 6 11 11 173
0.323333 5 5 13 174
0.33 4 3 14 165
0.336667 3 6 9 171
0.343333 5 11 10 186
0.35 7 6 9 168
0.356667 5 4 9 183
0.363333 3 4 15 160
0.37 5 7 8 181
0.376667 4 1 12 157
0.383333 1 5 14 149
0.39 4 6 6 168
0.396667 6 3 9 147
0.403333 4 6 11 146
0.41 2 3 6 160
0.416667 3 5 6 141
0.423333 3 6 10 167
0.43 4 7 11 152
0.436667 7 11 9 154
0.443333 9 7 11 152
0.45 5 5 9 156
0.456667 3 10 13 154
0.463333 5 7 7 165
0.47 9 10 7 166
0.476667 4 4 9 129
0.483333 3 2 9 52
0.49 0 2 4 55
0.496667 5 6 7 42
0.503333 2 3 5 49
0.51 3 2 5 45
0.516667 2 1 9 54
0.523333 2 2 6 45
0.53 2 3 4 43
0.536667 3 4 6 28
0.543333 3 1 3 33
0.55 1 5 6 25
0.556667 6 1 6 32
0.563333 1 4 10 30
0.57 2 7 8 26
0.576667 1 6 7 23
0.583333 0 0 8 23
0.59 3 4 4 37
0.596667 1 4 6 34
0.603333 0 0 2 26
0.61 4 4 7 25
0.616667 0 1 3 18
0.623333 3 3 6 17
0.63 0 3 5 27
0.636667 3 5 5 44
0.643333 1 0 3 12
0.65 1 3 8 17
0.656667 1 1 7 24
0.663333 271 315 135 10158
0.67 0 0 0 0
0.676667 0 0 0 0
0.683333 0 0 0 0
0.69 0 0 0 0
0.696667 0 0 0 0
0.703333 0 0 0 0
0.71 0 0 0 0
0.716667 0 0 0 0
0.723333 0 0 0 0
0.73 0 0 0 0
0.736667 0 0 0 0
0.743333 0 0 0 0
0.75 0 0 0 0
0.756667 0 0 0 0
0.763333 0 0 0 0
0.77 0 0 0 0
0.776667 0 0 0 0
0.783333 0 0 0 0
0.79 0 0 0 0
0.796667 0 0 0 0
0.803333 0 0 0 0
0.81 0 0 0 0
0.816667 0 0 0 0
0.823333 0 0 0 0
0.83 0 0 0 0
0.836667 0 0 0 0
0.843333 0 0 0 0
0.85 0 0 0 0
0.856667 0 0 0 0
0.863333 0 0 0 0
0.87 0 0 0 0
0.876667 0 0 0 0
0.883333 0 0 0 0
0.89 0 0 0 0
0.896667 0 0 0 0
0.903333 0 0 0 0
0.91 0 0 0 0
0.916667 0 0 0 0
0.923333 0 0 0 0
0.93 0 0 0 0
0.936667 0 0 0 0
0.943333 0 0 0 0
0.95 0 0 0 0
0.956667 0 0 0 0
0.963333 0 0 0 0
0.97 0 0 0 0
0.976667 0 0 0 0
0.983333 0 0 0 0
0.99 0 0 0 0
0.996667 0 0 0 0
1.00333 0 0 0 0
1.01 0 0 0 0
1.01667 0 0 0 0
1.02333 0 0 0 0
1.03 0 0 0 0
1.03667 0 0 0 0
1.04333 0 0 0 0
1.05 0 0 0 0
1.05667 0 0 0 0
1.06333 0 0 0 0
1.07 0 0 0 0
1.07667 0 0 0 0
1.08333 0 0 0 0
1.09 0 0 0 0
1.09667 0 0 0 0
1.10333 0 0 0 0
1.11 0 0 0 0
1.11667 0 0 0 0
1.12333 0 0 0 0
1.13 0 0 0 0
1.13667 0 0 0 0
1.14333 0 0 0 0
1.15 0 0 0 0
1.15667 0 0 0 0
1.16333 0 0 0 0
1.17 0 0 0 0
1.17667 0 0 0 0
1.18333 0 0 0 0
1.19 0 0 0 0
1.19667 0 0 0 0
1.20333 0 0 0 0
1.21 0 0 0 0
1.21667 0 0 0 0
1.22333 0 0 0 0
1.23 0 0 0 0
1.23667 0 0 0 0
1.24333 0 0 0 0
1.25 0 0 0 0
1.25667 0 0 0 0
1.26333 0 0 0 0
1.27 0 0 0 0
1.27667 0 0 0 0
1.28333 0 0 0 0
1.29 0 0 0 0
1.29667 0 0 0 0
1.30333 0 0 0 0
1.31 0 0 0 0
1.31667 0 0 0 0
1.32333 0 0 0 0
1.33 0 0 0 0
1.33667 0 0 0 0
1.34333 0 0 0 0
1.35 0 0 0 0
1.35667 0 0 0 0
1.36333 0 0 0 0
1.37 0 0 0 0
1.37667 0 0 0 0
1.38333 0 0 0 0
1.39 0 0 0 0
1.39667 0 0 0 0
1.40333 0 0 0 0
1.41 0 0 0 0
1.41667 0 0 0 0
1.42333 0 0 0 0
1.43 0 0 0 0
1.43667 0 0 0 0
1.44333 0 0 0 0
1.45 0 0 0 0
1.45667 0 0 0 0
1.46333 0 0 0 0
1.47 0 0 0 0
1.47667 0 0 0 0
1.48333 0 0 0 0
1.49 0 0 0 0
1.49667 0 0 0 0
1.50333 0 0 0 0
1.51 0 0 0 0
1.51667 0 0 0 0
1.52333 0 0 0 0
1.53 0 0 0 0
1.53667 0 0 0 0
1.54333 0 0 0 0
1.55 0 0 0 0
1.55667 0 0 0 0
1.56333 0 0 0 0
1.57 0 0 0 0
1.57667 0 0 0 0
1.58333 0 0 0 0
1.59 0 0 0 0
1.59667 0 0 0 0
1.60333 0 0 0 0
1.61 0 0 0 0
1.61667 0 0 0 0
1.62333 0 0 0 0
1.63 0 0 0 0
1.63667 0 0 0 0
1.64333 0 0 0 0
1.65 0 0 0 0
1.65667 0 0 0 0
1.66333 0 0 0 0
1.67 0 0 0 0
1.67667 0 0 0 0
1.68333 0 0 0 0
1.69 0 0 0 0
1.69667 0 0 0 0
1.70333 0 0 0 0
1.71 0 0 0 0
1.71667 0 0 0 0
1.72333 0 0 0 0
1.73 0 0 0 0
1.73667 0 0 0 0
1.74333 0 0 0 0
1.75 0 0 0 0
1.75667 0 0 0 0
1.76333 0 0 0 0
1.77 0 0 0 0
1.77667 0 0 0 0
1.78333 0 0 0 0
1.79 0 0 0 0
1.79667 0 0 0 0
1.80333 0 0 0 0
1.81 0 0 0 0
1.81667 0 0 0 0
1.82333 0 0 0 0
1.83 0 0 0 0
1.83667 0 0 0 0
1.84333 0 0 0 0
1.85 0 0 0 0
1.85667 0 0 0 0
1.86333 0 0 0 0
1.87 0 0 0 0
1.87667 0 0 0 0
1.88333 0 0 0 0
1.89 0 0 0 0
1.89667 0 0 0 0
1.90333 0 0 0 0
1.91 0 0 0 0
1.91667 0 0 0 0
1.92333 0 0 0 0
1.93 0 0 0 0
1.93667 0 0 0 0
1.94333 0 0 0 0
1.95 0 0 0 0
1.95667 0 0 0 0
1.96333 0 0 0 0
1.97 0 0 0 0
1.97667 0 0 0 0
1.98333 0 0 0 0
1.99 0 0 0 0
1.99667 0 0 0 0
