0.00333333 0 13 55 7
0.01 2 15 56 13
0.0166667 2 19 75 17
0.0233333 1 19 66 17
0.03 3 15 67 20
0.0366667 1 21 92 23
0.0433333 3 27 118 21
0.05 7 20 130 56
0.0566667 5 25 170 55
0.0633333 5 38 151 49
0.07 9 31 160 52
0.0766667 5 40 165 80
0.0833333 4 30 212 55
0.09 7 32 197 46
0.0966667 7 33 171 55
0.103333 12 37 192 52
0.11 4 46 167 43
0.116667 6 38 181 64
0.123333 1 40 180 49
0.13 2 50 188 44
0.136667 8 28 198 47
0.143333 2 43 170 46
0.15 3 46 177 37
0.156667 7 45 176 37
0.163333 1 30 133 33
0.17 6 43 167 36
0.176667 3 28 144 40
0.183333 2 38 170 47
0.19 5 57 175 33
0.196667 3 43 166 44
0.203333 2 37 145 28
0.21 3 47 161 45
0.216667 1 42 171 32
0.223333 2 36 146 29
0.23 1 51 157 29
0.236667 1 42 139 32
0.243333 4 30 138 35
0.25 3 29 142 28
0.256667 1 25 118 30
0.263333 2 22 110 41
0.27 2 24 92 34
0.276667 2 22 111 26
0.283333 3 30 97 29
0.29 3 30 94 22
0.296667 4 23 107 30
0.303333 4 20 98 26
0.31 0 25 96 28
0.316667 2 26 87 28
0.323333 4 28 117 23
0.33 2 17 95 20
0.336667 2 28 76 15
0.343333 3 18 89 20
0.35 4 17 100 24
0.356667 3 28 81 22
0.363333 1 21 76 18
0.37 2 20 76 17
0.376667 0 23 76 25
0.383333 3 20 83 20
0.39 2 20 84 19
0.396667 0 18 78 20
0.403333 2 23 71 18
0.41 2 22 72 22
0.416667 1 26 59 17
0.423333 2 14 81 22
0.43 0 24 74 19
0.436667 3 31 68 16
0.443333 1 25 82 23
0.45 3 14 82 14
0.456667 2 19 77 20
0.463333 1 19 73 15
0.47 1 25 70 18
0.476667 1 18 54 16
0.483333 1 4 37 14
0.49 2 12 45 9
0.496667 1 12 55 15
0.503333 1 10 41 5
0.51 0 14 39 8
0.516667 2 15 38 11
0.523333 1 11 42 5
0.53 2 12 34 11
0.536667 0 10 34 9
0.543333 2 5 40 9
0.55 0 9 44 7
0.556667 4 7 32 15
0.563333 1 13 36 17
0.57 0 5 40 7
0.576667 4 10 35 8
0.583333 2 11 33 9
0.59 0 10 32 9
0.596667 0 11 37 10
0.603333 1 14 35 11
0.61 2 12 41 12
0.616667 2 6 27 8
0.623333 2 7 34 7
0.63 0 6 30 9
0.636667 0 12 35 8
0.643333 2 8 28 9
0.65 0 1 36 12
0.656667 1 4 26 6
0.663333 21 857 2271 356
0.67 0 0 0 0
0.676667 0 0 0 0
0.683333 0 0 0 0
0.69 0 0 0 0
0.696667 0 0 0 0
0.703333 0 0 0 0
0.71 0 0 0 0
0.716667 0 0 0 0
0.723333 0 0 0 0
0.73 0 0 0 0
0.736667 0 0 0 0
0.743333 0 0 0 0
0.75 0 0 0 0
0.756667 0 0 0 0
0.763333 0 0 0 0
0.77 0 0 0 0
0.776667 0 0 0 0
0.783333 0 0 0 0
0.79 0 0 0 0
0.796667 0 0 0 0
0.803333 0 0 0 0
0.81 0 0 0 0
0.816667 0 0 0 0
0.823333 0 0 0 0
0.83 0 0 0 0
0.836667 0 0 0 0
0.843333 0 0 0 0
0.85 0 0 0 0
0.856667 0 0 0 0
0.863333 0 0 0 0
0.87 0 0 0 0
0.876667 0 0 0 0
0.883333 0 0 0 0
0.89 0 0 0 0
0.896667 0 0 0 0
0.903333 0 0 0 0
0.91 0 0 0 0
0.916667 0 0 0 0
0.923333 0 0 0 0
0.93 0 0 0 0
0.936667 0 0 0 0
0.943333 0 0 0 0
0.95 0 0 0 0
0.956667 0 0 0 0
0.963333 0 0 0 0
0.97 0 0 0 0
0.976667 0 0 0 0
0.983333 0 0 0 0
0.99 0 0 0 0
0.996667 0 0 0 0
1.00333 0 0 0 0
1.01 0 0 0 0
1.01667 0 0 0 0
1.02333 0 0 0 0
1.03 0 0 0 0
1.03667 0 0 0 0
1.04333 0 0 0 0
1.05 0 0 0 0
1.05667 0 0 0 0
1.06333 0 0 0 0
1.07 0 0 0 0
1.07667 0 0 0 0
1.08333 0 0 0 0
1.09 0 0 0 0
1.09667 0 0 0 0
1.10333 0 0 0 0
1.11 0 0 0 0
1.11667 0 0 0 0
1.12333 0 0 0 0
1.13 0 0 0 0
1.13667 0 0 0 0
1.14333 0 0 0 0
1.15 0 0 0 0
1.15667 0 0 0 0
1.16333 0 0 0 0
1.17 0 0 0 0
1.17667 0 0 0 0
1.18333 0 0 0 0
1.19 0 0 0 0
1.19667 0 0 0 0
1.20333 0 0 0 0
1.21 0 0 0 0
1.21667 0 0 0 0
1.22333 0 0 0 0
1.23 0 0 0 0
1.23667 0 0 0 0
1.24333 0 0 0 0
1.25 0 0 0 0
1.25667 0 0 0 0
1.26333 0 0 0 0
1.27 0 0 0 0
1.27667 0 0 0 0
1.28333 0 0 0 0
1.29 0 0 0 0
1.29667 0 0 0 0
1.30333 0 0 0 0
1.31 0 0 0 0
1.31667 0 0 0 0
1.32333 0 0 0 0
1.33 0 0 0 0
1.33667 0 0 0 0
1.34333 0 0 0 0
1.35 0 0 0 0
1.35667 0 0 0 0
1.36333 0 0 0 0
1.37 0 0 0 0
1.37667 0 0 0 0
1.38333 0 0 0 0
1.39 0 0 0 0
1.39667 0 0 0 0
1.40333 0 0 0 0
1.41 0 0 0 0
1.41667 0 0 0 0
1.42333 0 0 0 0
1.43 0 0 0 0
1.43667 0 0 0 0
1.44333 0 0 0 0
1.45 0 0 0 0
1.45667 0 0 0 0
1.46333 0 0 0 0
1.47 0 0 0 0
1.47667 0 0 0 0
1.48333 0 0 0 0
1.49 0 0 0 0
1.49667 0 0 0 0
1.50333 0 0 0 0
1.51 0 0 0 0
1.51667 0 0 0 0
1.52333 0 0 0 0
1.53 0 0 0 0
1.53667 0 0 0 0
1.54333 0 0 0 0
1.55 0 0 0 0
1.55667 0 0 0 0
1.56333 0 0 0 0
1.57 0 0 0 0
1.57667 0 0 0 0
1.58333 0 0 0 0
1.59 0 0 0 0
1.59667 0 0 0 0
1.60333 0 0 0 0
1.61 0 0 0 0
1.61667 0 0 0 0
1.62333 0 0 0 0
1.63 0 0 0 0
1.63667 0 0 0 0
1.64333 0 0 0 0
1.65 0 0 0 0
1.65667 0 0 0 0
1.66333 0 0 0 0
1.67 0 0 0 0
1.67667 0 0 0 0
1.68333 0 0 0 0
1.69 0 0 0 0
1.69667 0 0 0 0
1.70333 0 0 0 0
1.71 0 0 0 0
1.71667 0 0 0 0
1.72333 0 0 0 0
1.73 0 0 0 0
1.73667 0 0 0 0
1.74333 0 0 0 0
1.75 0 0 0 0
1.75667 0 0 0 0
1.76333 0 0 0 0
1.77 0 0 0 0
1.77667 0 0 0 0
1.78333 0 0 0 0
1.79 0 0 0 0
1.79667 0 0 0 0
1.80333 0 0 0 0
1.81 0 0 0 0
1.81667 0 0 0 0
1.82333 0 0 0 0
1.83 0 0 0 0
1.83667 0 0 0 0
1.84333 0 0 0 0
1.85 0 0 0 0
1.85667 0 0 0 0
1.86333 0 0 0 0
1.87 0 0 0 0
1.87667 0 0 0 0
1.88333 0 0 0 0
1.89 0 0 0 0
1.89667 0 0 0 0
1.90333 0 0 0 0
1.91 0 0 0 0
1.91667 0 0 0 0
1.92333 0 0 0 0
1.93 0 0 0 0
1.93667 0 0 0 0
1.94333 0 0 0 0
1.95 0 0 0 0
1.95667 0 0 0 0
1.96333 0 0 0 0
1.97 0 0 0 0
1.97667 0 0 0 0
1.98333 0 0 0 0
1.99 0 0 0 0
1.99667 0 0 0 0
