0.00333333 10 162 16 0
0.01 15 174 13 0
0.0166667 17 164 11 3
0.0233333 7 152 11 4
0.03 8 174 16 4
0.0366667 17 169 14 1
0.0433333 23 224 25 4
0.05 28 210 29 3
0.0566667 43 273 31 8
0.0633333 41 266 30 9
0.07 46 303 41 5
0.0766667 43 326 31 8
0.0833333 47 329 31 10
0.09 32 314 27 9
0.0966667 32 340 37 3
0.103333 40 310 35 9
0.11 42 318 38 7
0.116667 33 371 32 4
0.123333 48 374 37 6
0.13 33 376 39 6
0.136667 38 373 28 4
0.143333 23 386 23 4
0.15 29 397 33 2
0.156667 30 384 28 1
0.163333 36 413 31 3
0.17 23 381 36 5
0.176667 27 405 31 3
0.183333 26 430 30 6
0.19 26 564 28 2
0.196667 31 548 33 5
0.203333 22 469 41 5
0.21 25 471 26 3
0.216667 18 448 27 7
0.223333 17 446 26 8
0.23 16 352 27 3
0.236667 27 371 30 3
0.243333 27 313 21 1
0.25 19 296 21 5
0.256667 22 268 20 4
0.263333 16 289 18 3
0.27 16 249 19 3
0.276667 22 237 21 3
0.283333 22 207 17 2
0.29 12 188 18 0
0.296667 16 244 17 6
0.303333 16 212 17 1
0.31 27 177 21 4
0.316667 22 227 16 4
0.323333 22 204 19 3
0.33 21 226 12 2
0.336667 17 187 18 2
0.343333 27 195 26 3
0.35 11 176 18 2
0.356667 15 174 13 1
0.363333 15 173 19 4
0.37 16 170 21 2
0.376667 19 160 12 1
0.383333 12 173 15 4
0.39 10 153 19 3
0.396667 18 158 18 2
0.403333 6 142 14 4
0.41 11 158 14 4
0.416667 12 173 10 2
0.423333 9 153 7 1
0.43 14 177 16 4
0.436667 5 161 19 4
0.443333 11 165 12 1
0.45 13 155 10 3
0.456667 9 181 14 1
0.463333 9 179 13 2
0.47 18 174 7 3
0.476667 13 154 16 0
0.483333 11 82 6 0
0.49 8 76 14 3
0.496667 6 70 14 1
0.503333 8 67 6 1
0.51 6 62 9 2
0.516667 6 56 14 2
0.523333 8 49 7 0
0.53 6 61 2 2
0.536667 7 50 5 3
0.543333 9 49 7 1
0.55 6 52 3 2
0.556667 5 43 8 1
0.563333 7 41 7 1
0.57 11 43 3 0
0.576667 11 42 8 0
0.583333 8 53 11 6
0.59 9 43 8 1
0.596667 12 44 9 1
0.603333 5 45 5 3
0.61 9 33 6 0
0.616667 4 35 5 1
0.623333 1 40 10 1
0.63 12 37 11 2
0.636667 10 49 7 1
0.643333 7 33 4 2
0.65 6 31 11 0
0.656667 9 38 5 1
0.663333 251 9156 307 35
0.67 0 0 0 0
0.676667 0 0 0 0
0.683333 0 0 0 0
0.69 0 0 0 0
0.696667 0 0 0 0
0.703333 0 0 0 0
0.71 0 0 0 0
0.716667 0 0 0 0
0.723333 0 0 0 0
0.73 0 0 0 0
0.736667 0 0 0 0
0.743333 0 0 0 0
0.75 0 0 0 0
0.756667 0 0 0 0
0.763333 0 0 0 0
0.77 0 0 0 0
0.776667 0 0 0 0
0.783333 0 0 0 0
0.79 0 0 0 0
0.796667 0 0 0 0
0.803333 0 0 0 0
0.81 0 0 0 0
0.816667 0 0 0 0
0.823333 0 0 0 0
0.83 0 0 0 0
0.836667 0 0 0 0
0.843333 0 0 0 0
0.85 0 0 0 0
0.856667 0 0 0 0
0.863333 0 0 0 0
0.87 0 0 0 0
0.876667 0 0 0 0
0.883333 0 0 0 0
0.89 0 0 0 0
0.896667 0 0 0 0
0.903333 0 0 0 0
0.91 0 0 0 0
0.916667 0 0 0 0
0.923333 0 0 0 0
0.93 0 0 0 0
0.936667 0 0 0 0
0.943333 0 0 0 0
0.95 0 0 0 0
0.956667 0 0 0 0
0.963333 0 0 0 0
0.97 0 0 0 0
0.976667 0 0 0 0
0.983333 0 0 0 0
0.99 0 0 0 0
0.996667 0 0 0 0
1.00333 0 0 0 0
1.01 0 0 0 0
1.01667 0 0 0 0
1.02333 0 0 0 0
1.03 0 0 0 0
1.03667 0 0 0 0
1.04333 0 0 0 0
1.05 0 0 0 0
1.05667 0 0 0 0
1.06333 0 0 0 0
1.07 0 0 0 0
1.07667 0 0 0 0
1.08333 0 0 0 0
1.09 0 0 0 0
1.09667 0 0 0 0
1.10333 0 0 0 0
1.11 0 0 0 0
1.11667 0 0 0 0
1.12333 0 0 0 0
1.13 0 0 0 0
1.13667 0 0 0 0
1.14333 0 0 0 0
1.15 0 0 0 0
1.15667 0 0 0 0
1.16333 0 0 0 0
1.17 0 0 0 0
1.17667 0 0 0 0
1.18333 0 0 0 0
1.19 0 0 0 0
1.19667 0 0 0 0
1.20333 0 0 0 0
1.21 0 0 0 0
1.21667 0 0 0 0
1.22333 0 0 0 0
1.23 0 0 0 0
1.23667 0 0 0 0
1.24333 0 0 0 0
1.25 0 0 0 0
1.25667 0 0 0 0
1.26333 0 0 0 0
1.27 0 0 0 0
1.27667 0 0 0 0
1.28333 0 0 0 0
1.29 0 0 0 0
1.29667 0 0 0 0
1.30333 0 0 0 0
1.31 0 0 0 0
1.31667 0 0 0 0
1.32333 0 0 0 0
1.33 0 0 0 0
1.33667 0 0 0 0
1.34333 0 0 0 0
1.35 0 0 0 0
1.35667 0 0 0 0
1.36333 0 0 0 0
1.37 0 0 0 0
1.37667 0 0 0 0
1.38333 0 0 0 0
1.39 0 0 0 0
1.39667 0 0 0 0
1.40333 0 0 0 0
1.41 0 0 0 0
1.41667 0 0 0 0
1.42333 0 0 0 0
1.43 0 0 0 0
1.43667 0 0 0 0
1.44333 0 0 0 0
1.45 0 0 0 0
1.45667 0 0 0 0
1.46333 0 0 0 0
1.47 0 0 0 0
1.47667 0 0 0 0
1.48333 0 0 0 0
1.49 0 0 0 0
1.49667 0 0 0 0
1.50333 0 0 0 0
1.51 0 0 0 0
1.51667 0 0 0 0
1.52333 0 0 0 0
1.53 0 0 0 0
1.53667 0 0 0 0
1.54333 0 0 0 0
1.55 0 0 0 0
1.55667 0 0 0 0
1.56333 0 0 0 0
1.57 0 0 0 0
1.57667 0 0 0 0
1.58333 0 0 0 0
1.59 0 0 0 0
1.59667 0 0 0 0
1.60333 0 0 0 0
1.61 0 0 0 0
1.61667 0 0 0 0
1.62333 0 0 0 0
1.63 0 0 0 0
1.63667 0 0 0 0
1.64333 0 0 0 0
1.65 0 0 0 0
1.65667 0 0 0 0
1.66333 0 0 0 0
1.67 0 0 0 0
1.67667 0 0 0 0
1.68333 0 0 0 0
1.69 0 0 0 0
1.69667 0 0 0 0
1.70333 0 0 0 0
1.71 0 0 0 0
1.71667 0 0 0 0
1.72333 0 0 0 0
1.73 0 0 0 0
1.73667 0 0 0 0
1.74333 0 0 0 0
1.75 0 0 0 0
1.75667 0 0 0 0
1.76333 0 0 0 0
1.77 0 0 0 0
1.77667 0 0 0 0
1.78333 0 0 0 0
1.79 0 0 0 0
1.79667 0 0 0 0
1.80333 0 0 0 0
1.81 0 0 0 0
1.81667 0 0 0 0
1.82333 0 0 0 0
1.83 0 0 0 0
1.83667 0 0 0 0
1.84333 0 0 0 0
1.85 0 0 0 0
1.85667 0 0 0 0
1.86333 0 0 0 0
1.87 0 0 0 0
1.87667 0 0 0 0
1.88333 0 0 0 0
1.89 0 0 0 0
1.89667 0 0 0 0
1.90333 0 0 0 0
1.91 0 0 0 0
1.91667 0 0 0 0
1.92333 0 0 0 0
1.93 0 0 0 0
1.93667 0 0 0 0
1.94333 0 0 0 0
1.95 0 0 0 0
1.95667 0 0 0 0
1.96333 0 0 0 0
1.97 0 0 0 0
1.97667 0 0 0 0
1.98333 0 0 0 0
1.99 0 0 0 0
1.99667 0 0 0 0
