0.00333333 6 2 7 89
0.01 4 4 14 104
0.0166667 3 1 13 116
0.0233333 4 0 14 91
0.03 4 1 12 104
0.0366667 11 2 15 84
0.0433333 2 2 21 106
0.05 6 2 17 114
0.0566667 6 1 25 115
0.0633333 5 4 28 123
0.07 7 3 23 135
0.0766667 8 4 35 120
0.0833333 6 7 18 123
0.09 3 2 35 156
0.0966667 4 2 43 145
0.103333 5 5 27 153
0.11 4 3 35 133
0.116667 6 8 41 133
0.123333 7 2 32 142
0.13 3 0 27 153
0.136667 5 3 31 139
0.143333 3 3 27 136
0.15 6 2 32 149
0.156667 8 3 17 150
0.163333 4 2 24 138
0.17 5 2 19 155
0.176667 5 2 29 147
0.183333 8 3 17 158
0.19 13 4 24 160
0.196667 6 2 21 213
0.203333 7 6 22 216
0.21 2 5 22 224
0.216667 9 2 22 190
0.223333 5 1 25 172
0.23 9 1 26 174
0.236667 11 1 12 162
0.243333 6 4 15 155
0.25 4 1 25 160
0.256667 8 1 14 147
0.263333 3 1 20 137
0.27 6 1 17 139
0.276667 8 0 13 122
0.283333 5 4 22 145
0.29 5 1 12 154
0.296667 7 0 14 144
0.303333 7 1 23 127
0.31 7 2 17 119
0.316667 7 1 31 112
0.323333 7 1 13 114
0.33 9 0 15 114
0.336667 7 0 10 108
0.343333 5 1 18 103
0.35 9 2 22 115
0.356667 4 2 19 106
0.363333 4 0 11 121
0.37 6 1 18 103
0.376667 8 0 13 104
0.383333 2 0 10 94
0.39 6 2 15 109
0.396667 7 1 12 114
0.403333 4 3 17 111
0.41 7 0 14 93
0.416667 8 3 15 117
0.423333 5 1 12 112
0.43 8 3 12 101
0.436667 4 0 7 105
0.443333 5 2 11 93
0.45 4 1 14 94
0.456667 6 1 8 102
0.463333 5 2 14 115
0.47 6 3 18 117
0.476667 6 3 5 102
0.483333 2 0 7 47
0.49 2 0 11 42
0.496667 1 2 4 53
0.503333 2 3 10 19
0.51 1 1 7 25
0.516667 1 2 9 25
0.523333 4 0 6 30
0.53 1 0 11 25
0.536667 1 0 10 18
0.543333 5 1 3 24
0.55 3 1 9 18
0.556667 3 0 6 16
0.563333 3 0 5 19
0.57 2 1 4 21
0.576667 1 2 9 16
0.583333 2 0 4 25
0.59 2 0 6 13
0.596667 1 1 6 12
0.603333 4 1 7 9
0.61 0 3 8 12
0.616667 0 0 14 12
0.623333 6 1 10 13
0.63 3 0 4 13
0.636667 3 0 9 38
0.643333 4 5 2 10
0.65 2 1 7 21
0.656667 0 0 5 17
0.663333 360 20 236 6659
0.67 0 0 0 0
0.676667 0 0 0 0
0.683333 0 0 0 0
0.69 0 0 0 0
0.696667 0 0 0 0
0.703333 0 0 0 0
0.71 0 0 0 0
0.716667 0 0 0 0
0.723333 0 0 0 0
0.73 0 0 0 0
0.736667 0 0 0 0
0.743333 0 0 0 0
0.75 0 0 0 0
0.756667 0 0 0 0
0.763333 0 0 0 0
0.77 0 0 0 0
0.776667 0 0 0 0
0.783333 0 0 0 0
0.79 0 0 0 0
0.796667 0 0 0 0
0.803333 0 0 0 0
0.81 0 0 0 0
0.816667 0 0 0 0
0.823333 0 0 0 0
0.83 0 0 0 0
0.836667 0 0 0 0
0.843333 0 0 0 0
0.85 0 0 0 0
0.856667 0 0 0 0
0.863333 0 0 0 0
0.87 0 0 0 0
0.876667 0 0 0 0
0.883333 0 0 0 0
0.89 0 0 0 0
0.896667 0 0 0 0
0.903333 0 0 0 0
0.91 0 0 0 0
0.916667 0 0 0 0
0.923333 0 0 0 0
0.93 0 0 0 0
0.936667 0 0 0 0
0.943333 0 0 0 0
0.95 0 0 0 0
0.956667 0 0 0 0
0.963333 0 0 0 0
0.97 0 0 0 0
0.976667 0 0 0 0
0.983333 0 0 0 0
0.99 0 0 0 0
0.996667 0 0 0 0
1.00333 0 0 0 0
1.01 0 0 0 0
1.01667 0 0 0 0
1.02333 0 0 0 0
1.03 0 0 0 0
1.03667 0 0 0 0
1.04333 0 0 0 0
1.05 0 0 0 0
1.05667 0 0 0 0
1.06333 0 0 0 0
1.07 0 0 0 0
1.07667 0 0 0 0
1.08333 0 0 0 0
1.09 0 0 0 0
1.09667 0 0 0 0
1.10333 0 0 0 0
1.11 0 0 0 0
1.11667 0 0 0 0
1.12333 0 0 0 0
1.13 0 0 0 0
1.13667 0 0 0 0
1.14333 0 0 0 0
1.15 0 0 0 0
1.15667 0 0 0 0
1.16333 0 0 0 0
1.17 0 0 0 0
1.17667 0 0 0 0
1.18333 0 0 0 0
1.19 0 0 0 0
1.19667 0 0 0 0
1.20333 0 0 0 0
1.21 0 0 0 0
1.21667 0 0 0 0
1.22333 0 0 0 0
1.23 0 0 0 0
1.23667 0 0 0 0
1.24333 0 0 0 0
1.25 0 0 0 0
1.25667 0 0 0 0
1.26333 0 0 0 0
1.27 0 0 0 0
1.27667 0 0 0 0
1.28333 0 0 0 0
1.29 0 0 0 0
1.29667 0 0 0 0
1.30333 0 0 0 0
1.31 0 0 0 0
1.31667 0 0 0 0
1.32333 0 0 0 0
1.33 0 0 0 0
1.33667 0 0 0 0
1.34333 0 0 0 0
1.35 0 0 0 0
1.35667 0 0 0 0
1.36333 0 0 0 0
1.37 0 0 0 0
1.37667 0 0 0 0
1.38333 0 0 0 0
1.39 0 0 0 0
1.39667 0 0 0 0
1.40333 0 0 0 0
1.41 0 0 0 0
1.41667 0 0 0 0
1.42333 0 0 0 0
1.43 0 0 0 0
1.43667 0 0 0 0
1.44333 0 0 0 0
1.45 0 0 0 0
1.45667 0 0 0 0
1.46333 0 0 0 0
1.47 0 0 0 0
1.47667 0 0 0 0
1.48333 0 0 0 0
1.49 0 0 0 0
1.49667 0 0 0 0
1.50333 0 0 0 0
1.51 0 0 0 0
1.51667 0 0 0 0
1.52333 0 0 0 0
1.53 0 0 0 0
1.53667 0 0 0 0
1.54333 0 0 0 0
1.55 0 0 0 0
1.55667 0 0 0 0
1.56333 0 0 0 0
1.57 0 0 0 0
1.57667 0 0 0 0
1.58333 0 0 0 0
1.59 0 0 0 0
1.59667 0 0 0 0
1.60333 0 0 0 0
1.61 0 0 0 0
1.61667 0 0 0 0
1.62333 0 0 0 0
1.63 0 0 0 0
1.63667 0 0 0 0
1.64333 0 0 0 0
1.65 0 0 0 0
1.65667 0 0 0 0
1.66333 0 0 0 0
1.67 0 0 0 0
1.67667 0 0 0 0
1.68333 0 0 0 0
1.69 0 0 0 0
1.69667 0 0 0 0
1.70333 0 0 0 0
1.71 0 0 0 0
1.71667 0 0 0 0
1.72333 0 0 0 0
1.73 0 0 0 0
1.73667 0 0 0 0
1.74333 0 0 0 0
1.75 0 0 0 0
1.75667 0 0 0 0
1.76333 0 0 0 0
1.77 0 0 0 0
1.77667 0 0 0 0
1.78333 0 0 0 0
1.79 0 0 0 0
1.79667 0 0 0 0
1.80333 0 0 0 0
1.81 0 0 0 0
1.81667 0 0 0 0
1.82333 0 0 0 0
1.83 0 0 0 0
1.83667 0 0 0 0
1.84333 0 0 0 0
1.85 0 0 0 0
1.85667 0 0 0 0
1.86333 0 0 0 0
1.87 0 0 0 0
1.87667 0 0 0 0
1.88333 0 0 0 0
1.89 0 0 0 0
1.89667 0 0 0 0
1.90333 0 0 0 0
1.91 0 0 0 0
1.91667 0 0 0 0
1.92333 0 0 0 0
1.93 0 0 0 0
1.93667 0 0 0 0
1.94333 0 0 0 0
1.95 0 0 0 0
1.95667 0 0 0 0
1.96333 0 0 0 0
1.97 0 0 0 0
1.97667 0 0 0 0
1.98333 0 0 0 0
1.99 0 0 0 0
1.99667 0 0 0 0
