0.00333333 4 1 7 116
0.01 2 1 10 110
0.0166667 4 0 14 114
0.0233333 4 1 13 120
0.03 1 1 25 102
0.0366667 1 1 34 125
0.0433333 1 1 32 165
0.05 4 2 45 161
0.0566667 2 5 60 192
0.0633333 7 5 62 231
0.07 6 1 49 225
0.0766667 4 4 63 249
0.0833333 2 4 68 247
0.09 2 3 56 297
0.0966667 4 4 61 252
0.103333 3 6 50 251
0.11 3 5 67 271
0.116667 3 8 61 263
0.123333 3 1 44 322
0.13 4 0 53 296
0.136667 2 4 53 279
0.143333 0 3 38 255
0.15 3 5 53 257
0.156667 3 2 37 240
0.163333 2 3 40 273
0.17 6 1 49 227
0.176667 1 3 33 275
0.183333 4 2 31 255
0.19 5 2 45 349
0.196667 4 5 44 331
0.203333 0 4 29 338
0.21 3 2 33 289
0.216667 1 3 44 295
0.223333 3 1 32 286
0.23 1 5 24 288
0.236667 3 7 27 232
0.243333 4 5 35 257
0.25 3 1 24 221
0.256667 3 1 21 209
0.263333 3 2 27 187
0.27 7 2 32 199
0.276667 4 1 25 192
0.283333 1 1 33 182
0.29 2 1 28 166
0.296667 3 1 20 165
0.303333 7 3 24 185
0.31 2 2 23 150
0.316667 0 2 16 166
0.323333 0 0 23 142
0.33 0 3 31 142
0.336667 3 1 24 153
0.343333 4 2 23 134
0.35 2 0 27 149
0.356667 3 4 20 139
0.363333 0 2 24 132
0.37 2 3 17 164
0.376667 1 3 21 124
0.383333 2 2 27 127
0.39 1 3 20 149
0.396667 3 0 20 140
0.403333 2 2 9 137
0.41 2 2 16 122
0.416667 2 0 18 133
0.423333 4 1 16 113
0.43 4 0 13 121
0.436667 3 0 12 130
0.443333 6 1 15 120
0.45 0 1 24 110
0.456667 2 1 9 140
0.463333 4 2 18 133
0.47 0 0 13 136
0.476667 3 1 16 97
0.483333 2 2 16 76
0.49 0 1 16 65
0.496667 0 2 17 59
0.503333 0 0 15 48
0.51 0 0 12 59
0.516667 0 0 10 51
0.523333 1 0 20 52
0.53 0 0 16 45
0.536667 0 0 8 47
0.543333 0 0 11 38
0.55 2 3 10 57
0.556667 1 1 9 52
0.563333 0 1 11 51
0.57 2 1 8 48
0.576667 3 0 9 32
0.583333 0 2 5 46
0.59 0 0 13 50
0.596667 0 0 4 41
0.603333 1 1 15 37
0.61 2 2 16 47
0.616667 0 0 11 51
0.623333 0 2 14 47
0.63 0 2 11 41
0.636667 0 0 8 52
0.643333 3 0 9 56
0.65 2 0 15 37
0.656667 3 1 7 37
0.663333 67 16 317 5305
0.67 0 0 0 0
0.676667 0 0 0 0
0.683333 0 0 0 0
0.69 0 0 0 0
0.696667 0 0 0 0
0.703333 0 0 0 0
0.71 0 0 0 0
0.716667 0 0 0 0
0.723333 0 0 0 0
0.73 0 0 0 0
0.736667 0 0 0 0
0.743333 0 0 0 0
0.75 0 0 0 0
0.756667 0 0 0 0
0.763333 0 0 0 0
0.77 0 0 0 0
0.776667 0 0 0 0
0.783333 0 0 0 0
0.79 0 0 0 0
0.796667 0 0 0 0
0.803333 0 0 0 0
0.81 0 0 0 0
0.816667 0 0 0 0
0.823333 0 0 0 0
0.83 0 0 0 0
0.836667 0 0 0 0
0.843333 0 0 0 0
0.85 0 0 0 0
0.856667 0 0 0 0
0.863333 0 0 0 0
0.87 0 0 0 0
0.876667 0 0 0 0
0.883333 0 0 0 0
0.89 0 0 0 0
0.896667 0 0 0 0
0.903333 0 0 0 0
0.91 0 0 0 0
0.916667 0 0 0 0
0.923333 0 0 0 0
0.93 0 0 0 0
0.936667 0 0 0 0
0.943333 0 0 0 0
0.95 0 0 0 0
0.956667 0 0 0 0
0.963333 0 0 0 0
0.97 0 0 0 0
0.976667 0 0 0 0
0.983333 0 0 0 0
0.99 0 0 0 0
0.996667 0 0 0 0
1.00333 0 0 0 0
1.01 0 0 0 0
1.01667 0 0 0 0
1.02333 0 0 0 0
1.03 0 0 0 0
1.03667 0 0 0 0
1.04333 0 0 0 0
1.05 0 0 0 0
1.05667 0 0 0 0
1.06333 0 0 0 0
1.07 0 0 0 0
1.07667 0 0 0 0
1.08333 0 0 0 0
1.09 0 0 0 0
1.09667 0 0 0 0
1.10333 0 0 0 0
1.11 0 0 0 0
1.11667 0 0 0 0
1.12333 0 0 0 0
1.13 0 0 0 0
1.13667 0 0 0 0
1.14333 0 0 0 0
1.15 0 0 0 0
1.15667 0 0 0 0
1.16333 0 0 0 0
1.17 0 0 0 0
1.17667 0 0 0 0
1.18333 0 0 0 0
1.19 0 0 0 0
1.19667 0 0 0 0
1.20333 0 0 0 0
1.21 0 0 0 0
1.21667 0 0 0 0
1.22333 0 0 0 0
1.23 0 0 0 0
1.23667 0 0 0 0
1.24333 0 0 0 0
1.25 0 0 0 0
1.25667 0 0 0 0
1.26333 0 0 0 0
1.27 0 0 0 0
1.27667 0 0 0 0
1.28333 0 0 0 0
1.29 0 0 0 0
1.29667 0 0 0 0
1.30333 0 0 0 0
1.31 0 0 0 0
1.31667 0 0 0 0
1.32333 0 0 0 0
1.33 0 0 0 0
1.33667 0 0 0 0
1.34333 0 0 0 0
1.35 0 0 0 0
1.35667 0 0 0 0
1.36333 0 0 0 0
1.37 0 0 0 0
1.37667 0 0 0 0
1.38333 0 0 0 0
1.39 0 0 0 0
1.39667 0 0 0 0
1.40333 0 0 0 0
1.41 0 0 0 0
1.41667 0 0 0 0
1.42333 0 0 0 0
1.43 0 0 0 0
1.43667 0 0 0 0
1.44333 0 0 0 0
1.45 0 0 0 0
1.45667 0 0 0 0
1.46333 0 0 0 0
1.47 0 0 0 0
1.47667 0 0 0 0
1.48333 0 0 0 0
1.49 0 0 0 0
1.49667 0 0 0 0
1.50333 0 0 0 0
1.51 0 0 0 0
1.51667 0 0 0 0
1.52333 0 0 0 0
1.53 0 0 0 0
1.53667 0 0 0 0
1.54333 0 0 0 0
1.55 0 0 0 0
1.55667 0 0 0 0
1.56333 0 0 0 0
1.57 0 0 0 0
1.57667 0 0 0 0
1.58333 0 0 0 0
1.59 0 0 0 0
1.59667 0 0 0 0
1.60333 0 0 0 0
1.61 0 0 0 0
1.61667 0 0 0 0
1.62333 0 0 0 0
1.63 0 0 0 0
1.63667 0 0 0 0
1.64333 0 0 0 0
1.65 0 0 0 0
1.65667 0 0 0 0
1.66333 0 0 0 0
1.67 0 0 0 0
1.67667 0 0 0 0
1.68333 0 0 0 0
1.69 0 0 0 0
1.69667 0 0 0 0
1.70333 0 0 0 0
1.71 0 0 0 0
1.71667 0 0 0 0
1.72333 0 0 0 0
1.73 0 0 0 0
1.73667 0 0 0 0
1.74333 0 0 0 0
1.75 0 0 0 0
1.75667 0 0 0 0
1.76333 0 0 0 0
1.77 0 0 0 0
1.77667 0 0 0 0
1.78333 0 0 0 0
1.79 0 0 0 0
1.79667 0 0 0 0
1.80333 0 0 0 0
1.81 0 0 0 0
1.81667 0 0 0 0
1.82333 0 0 0 0
1.83 0 0 0 0
1.83667 0 0 0 0
1.84333 0 0 0 0
1.85 0 0 0 0
1.85667 0 0 0 0
1.86333 0 0 0 0
1.87 0 0 0 0
1.87667 0 0 0 0
1.88333 0 0 0 0
1.89 0 0 0 0
1.89667 0 0 0 0
1.90333 0 0 0 0
1.91 0 0 0 0
1.91667 0 0 0 0
1.92333 0 0 0 0
1.93 0 0 0 0
1.93667 0 0 0 0
1.94333 0 0 0 0
1.95 0 0 0 0
1.95667 0 0 0 0
1.96333 0 0 0 0
1.97 0 0 0 0
1.97667 0 0 0 0
1.98333 0 0 0 0
1.99 0 0 0 0
1.99667 0 0 0 0
