0.00333333 1 10 148 8
0.01 1 13 166 7
0.0166667 1 15 149 6
0.0233333 2 15 153 5
0.03 1 16 142 12
0.0366667 3 18 173 15
0.0433333 3 30 172 20
0.05 5 26 204 18
0.0566667 1 42 187 28
0.0633333 0 49 244 21
0.07 2 36 265 28
0.0766667 5 45 253 24
0.0833333 3 38 250 25
0.09 2 37 273 31
0.0966667 5 33 253 27
0.103333 6 33 250 25
0.11 3 44 306 23
0.116667 2 36 370 32
0.123333 7 32 315 24
0.13 2 48 314 20
0.136667 4 41 327 25
0.143333 4 34 318 22
0.15 2 31 302 29
0.156667 3 37 329 28
0.163333 4 43 311 17
0.17 4 32 318 17
0.176667 5 32 317 12
0.183333 2 33 378 15
0.19 4 30 449 16
0.196667 2 47 521 21
0.203333 4 36 438 16
0.21 2 41 409 16
0.216667 1 29 331 18
0.223333 2 35 358 11
0.23 3 29 307 12
0.236667 4 33 309 14
0.243333 3 31 299 12
0.25 1 33 261 17
0.256667 3 31 259 13
0.263333 1 26 226 15
0.27 1 30 198 17
0.276667 0 20 227 9
0.283333 1 30 214 13
0.29 2 21 194 19
0.296667 1 15 175 5
0.303333 2 28 189 13
0.31 3 24 186 13
0.316667 3 15 172 13
0.323333 3 24 165 12
0.33 4 22 142 14
0.336667 1 25 172 9
0.343333 0 18 146 12
0.35 1 28 183 8
0.356667 3 20 153 6
0.363333 1 16 167 11
0.37 0 20 177 4
0.376667 1 15 157 12
0.383333 4 17 153 18
0.39 0 14 162 8
0.396667 2 17 145 10
0.403333 5 21 138 12
0.41 1 21 129 7
0.416667 1 14 182 12
0.423333 3 7 146 7
0.43 3 19 129 7
0.436667 1 24 136 4
0.443333 0 21 142 8
0.45 0 13 134 8
0.456667 1 13 144 7
0.463333 1 21 165 7
0.47 3 14 157 4
0.476667 0 7 125 8
0.483333 0 11 88 6
0.49 1 12 73 4
0.496667 1 15 56 7
0.503333 1 11 61 6
0.51 0 8 46 8
0.516667 1 8 53 6
0.523333 0 8 35 8
0.53 0 10 57 3
0.536667 2 5 36 7
0.543333 0 13 56 4
0.55 1 7 36 9
0.556667 0 9 38 7
0.563333 0 5 31 1
0.57 0 10 38 3
0.576667 2 16 44 4
0.583333 0 12 32 4
0.59 2 10 40 8
0.596667 1 12 44 7
0.603333 1 8 41 2
0.61 0 8 32 6
0.616667 0 6 35 4
0.623333 1 11 38 3
0.63 1 11 44 4
0.636667 0 17 61 2
0.643333 0 8 39 8
0.65 2 8 26 7
0.656667 1 10 35 1
0.663333 22 540 7745 105
0.67 0 0 0 0
0.676667 0 0 0 0
0.683333 0 0 0 0
0.69 0 0 0 0
0.696667 0 0 0 0
0.703333 0 0 0 0
0.71 0 0 0 0
0.716667 0 0 0 0
0.723333 0 0 0 0
0.73 0 0 0 0
0.736667 0 0 0 0
0.743333 0 0 0 0
0.75 0 0 0 0
0.756667 0 0 0 0
0.763333 0 0 0 0
0.77 0 0 0 0
0.776667 0 0 0 0
0.783333 0 0 0 0
0.79 0 0 0 0
0.796667 0 0 0 0
0.803333 0 0 0 0
0.81 0 0 0 0
0.816667 0 0 0 0
0.823333 0 0 0 0
0.83 0 0 0 0
0.836667 0 0 0 0
0.843333 0 0 0 0
0.85 0 0 0 0
0.856667 0 0 0 0
0.863333 0 0 0 0
0.87 0 0 0 0
0.876667 0 0 0 0
0.883333 0 0 0 0
0.89 0 0 0 0
0.896667 0 0 0 0
0.903333 0 0 0 0
0.91 0 0 0 0
0.916667 0 0 0 0
0.923333 0 0 0 0
0.93 0 0 0 0
0.936667 0 0 0 0
0.943333 0 0 0 0
0.95 0 0 0 0
0.956667 0 0 0 0
0.963333 0 0 0 0
0.97 0 0 0 0
0.976667 0 0 0 0
0.983333 0 0 0 0
0.99 0 0 0 0
0.996667 0 0 0 0
1.00333 0 0 0 0
1.01 0 0 0 0
1.01667 0 0 0 0
1.02333 0 0 0 0
1.03 0 0 0 0
1.03667 0 0 0 0
1.04333 0 0 0 0
1.05 0 0 0 0
1.05667 0 0 0 0
1.06333 0 0 0 0
1.07 0 0 0 0
1.07667 0 0 0 0
1.08333 0 0 0 0
1.09 0 0 0 0
1.09667 0 0 0 0
1.10333 0 0 0 0
1.11 0 0 0 0
1.11667 0 0 0 0
1.12333 0 0 0 0
1.13 0 0 0 0
1.13667 0 0 0 0
1.14333 0 0 0 0
1.15 0 0 0 0
1.15667 0 0 0 0
1.16333 0 0 0 0
1.17 0 0 0 0
1.17667 0 0 0 0
1.18333 0 0 0 0
1.19 0 0 0 0
1.19667 0 0 0 0
1.20333 0 0 0 0
1.21 0 0 0 0
1.21667 0 0 0 0
1.22333 0 0 0 0
1.23 0 0 0 0
1.23667 0 0 0 0
1.24333 0 0 0 0
1.25 0 0 0 0
1.25667 0 0 0 0
1.26333 0 0 0 0
1.27 0 0 0 0
1.27667 0 0 0 0
1.28333 0 0 0 0
1.29 0 0 0 0
1.29667 0 0 0 0
1.30333 0 0 0 0
1.31 0 0 0 0
1.31667 0 0 0 0
1.32333 0 0 0 0
1.33 0 0 0 0
1.33667 0 0 0 0
1.34333 0 0 0 0
1.35 0 0 0 0
1.35667 0 0 0 0
1.36333 0 0 0 0
1.37 0 0 0 0
1.37667 0 0 0 0
1.38333 0 0 0 0
1.39 0 0 0 0
1.39667 0 0 0 0
1.40333 0 0 0 0
1.41 0 0 0 0
1.41667 0 0 0 0
1.42333 0 0 0 0
1.43 0 0 0 0
1.43667 0 0 0 0
1.44333 0 0 0 0
1.45 0 0 0 0
1.45667 0 0 0 0
1.46333 0 0 0 0
1.47 0 0 0 0
1.47667 0 0 0 0
1.48333 0 0 0 0
1.49 0 0 0 0
1.49667 0 0 0 0
1.50333 0 0 0 0
1.51 0 0 0 0
1.51667 0 0 0 0
1.52333 0 0 0 0
1.53 0 0 0 0
1.53667 0 0 0 0
1.54333 0 0 0 0
1.55 0 0 0 0
1.55667 0 0 0 0
1.56333 0 0 0 0
1.57 0 0 0 0
1.57667 0 0 0 0
1.58333 0 0 0 0
1.59 0 0 0 0
1.59667 0 0 0 0
1.60333 0 0 0 0
1.61 0 0 0 0
1.61667 0 0 0 0
1.62333 0 0 0 0
1.63 0 0 0 0
1.63667 0 0 0 0
1.64333 0 0 0 0
1.65 0 0 0 0
1.65667 0 0 0 0
1.66333 0 0 0 0
1.67 0 0 0 0
1.67667 0 0 0 0
1.68333 0 0 0 0
1.69 0 0 0 0
1.69667 0 0 0 0
1.70333 0 0 0 0
1.71 0 0 0 0
1.71667 0 0 0 0
1.72333 0 0 0 0
1.73 0 0 0 0
1.73667 0 0 0 0
1.74333 0 0 0 0
1.75 0 0 0 0
1.75667 0 0 0 0
1.76333 0 0 0 0
1.77 0 0 0 0
1.77667 0 0 0 0
1.78333 0 0 0 0
1.79 0 0 0 0
1.79667 0 0 0 0
1.80333 0 0 0 0
1.81 0 0 0 0
1.81667 0 0 0 0
1.82333 0 0 0 0
1.83 0 0 0 0
1.83667 0 0 0 0
1.84333 0 0 0 0
1.85 0 0 0 0
1.85667 0 0 0 0
1.86333 0 0 0 0
1.87 0 0 0 0
1.87667 0 0 0 0
1.88333 0 0 0 0
1.89 0 0 0 0
1.89667 0 0 0 0
1.90333 0 0 0 0
1.91 0 0 0 0
1.91667 0 0 0 0
1.92333 0 0 0 0
1.93 0 0 0 0
1.93667 0 0 0 0
1.94333 0 0 0 0
1.95 0 0 0 0
1.95667 0 0 0 0
1.96333 0 0 0 0
1.97 0 0 0 0
1.97667 0 0 0 0
1.98333 0 0 0 0
1.99 0 0 0 0
1.99667 0 0 0 0
