0.00333333 12 18 15 3
0.01 15 30 17 5
0.0166667 25 32 16 3
0.0233333 15 33 24 7
0.03 17 58 18 3
0.0366667 24 52 30 9
0.0433333 22 92 38 3
0.05 32 108 58 8
0.0566667 42 128 50 8
0.0633333 42 116 56 9
0.07 49 138 61 11
0.0766667 55 136 58 9
0.0833333 40 138 52 9
0.09 50 118 61 11
0.0966667 44 129 58 9
0.103333 39 139 56 11
0.11 48 136 56 15
0.116667 44 136 73 16
0.123333 45 122 56 9
0.13 30 120 46 10
0.136667 37 102 50 8
0.143333 48 112 43 8
0.15 25 91 54 12
0.156667 30 86 42 8
0.163333 32 87 44 9
0.17 48 84 43 6
0.176667 34 73 39 9
0.183333 39 81 42 11
0.19 26 69 47 11
0.196667 30 92 48 6
0.203333 33 83 34 10
0.21 31 73 43 9
0.216667 16 81 38 11
0.223333 26 82 45 12
0.23 25 70 29 6
0.236667 21 65 34 4
0.243333 23 69 37 4
0.25 26 64 30 7
0.256667 15 64 28 5
0.263333 18 49 31 4
0.27 20 35 35 10
0.276667 10 75 38 2
0.283333 13 56 35 4
0.29 22 45 25 6
0.296667 22 64 22 4
0.303333 22 47 29 6
0.31 24 51 37 6
0.316667 16 46 35 2
0.323333 18 37 25 5
0.33 14 51 26 2
0.336667 20 54 25 5
0.343333 13 40 17 4
0.35 15 43 15 4
0.356667 15 43 24 7
0.363333 17 51 20 4
0.37 14 43 17 6
0.376667 19 33 23 7
0.383333 15 41 13 3
0.39 16 37 16 3
0.396667 8 41 8 2
0.403333 15 39 15 5
0.41 17 28 23 5
0.416667 12 38 23 4
0.423333 9 33 21 2
0.43 7 45 17 4
0.436667 13 27 12 6
0.443333 15 21 17 1
0.45 11 37 8 6
0.456667 11 34 18 3
0.463333 11 33 17 0
0.47 12 30 22 4
0.476667 15 21 16 4
0.483333 14 20 13 2
0.49 11 16 20 2
0.496667 10 17 18 1
0.503333 10 24 15 3
0.51 5 21 15 1
0.516667 6 23 9 2
0.523333 6 24 8 3
0.53 12 23 12 0
0.536667 5 18 9 1
0.543333 7 14 12 6
0.55 5 14 13 2
0.556667 8 14 14 1
0.563333 9 12 12 3
0.57 10 20 19 5
0.576667 15 25 8 3
0.583333 8 8 8 6
0.59 8 7 4 2
0.596667 6 19 13 1
0.603333 8 17 12 4
0.61 5 13 11 2
0.616667 6 19 8 1
0.623333 17 10 8 5
0.63 10 14 9 4
0.636667 6 12 13 3
0.643333 6 17 6 3
0.65 10 12 6 1
0.656667 3 18 5 1
0.663333 233 586 409 41
0.67 0 0 0 0
0.676667 0 0 0 0
0.683333 0 0 0 0
0.69 0 0 0 0
0.696667 0 0 0 0
0.703333 0 0 0 0
0.71 0 0 0 0
0.716667 0 0 0 0
0.723333 0 0 0 0
0.73 0 0 0 0
0.736667 0 0 0 0
0.743333 0 0 0 0
0.75 0 0 0 0
0.756667 0 0 0 0
0.763333 0 0 0 0
0.77 0 0 0 0
0.776667 0 0 0 0
0.783333 0 0 0 0
0.79 0 0 0 0
0.796667 0 0 0 0
0.803333 0 0 0 0
0.81 0 0 0 0
0.816667 0 0 0 0
0.823333 0 0 0 0
0.83 0 0 0 0
0.836667 0 0 0 0
0.843333 0 0 0 0
0.85 0 0 0 0
0.856667 0 0 0 0
0.863333 0 0 0 0
0.87 0 0 0 0
0.876667 0 0 0 0
0.883333 0 0 0 0
0.89 0 0 0 0
0.896667 0 0 0 0
0.903333 0 0 0 0
0.91 0 0 0 0
0.916667 0 0 0 0
0.923333 0 0 0 0
0.93 0 0 0 0
0.936667 0 0 0 0
0.943333 0 0 0 0
0.95 0 0 0 0
0.956667 0 0 0 0
0.963333 0 0 0 0
0.97 0 0 0 0
0.976667 0 0 0 0
0.983333 0 0 0 0
0.99 0 0 0 0
0.996667 0 0 0 0
1.00333 0 0 0 0
1.01 0 0 0 0
1.01667 0 0 0 0
1.02333 0 0 0 0
1.03 0 0 0 0
1.03667 0 0 0 0
1.04333 0 0 0 0
1.05 0 0 0 0
1.05667 0 0 0 0
1.06333 0 0 0 0
1.07 0 0 0 0
1.07667 0 0 0 0
1.08333 0 0 0 0
1.09 0 0 0 0
1.09667 0 0 0 0
1.10333 0 0 0 0
1.11 0 0 0 0
1.11667 0 0 0 0
1.12333 0 0 0 0
1.13 0 0 0 0
1.13667 0 0 0 0
1.14333 0 0 0 0
1.15 0 0 0 0
1.15667 0 0 0 0
1.16333 0 0 0 0
1.17 0 0 0 0
1.17667 0 0 0 0
1.18333 0 0 0 0
1.19 0 0 0 0
1.19667 0 0 0 0
1.20333 0 0 0 0
1.21 0 0 0 0
1.21667 0 0 0 0
1.22333 0 0 0 0
1.23 0 0 0 0
1.23667 0 0 0 0
1.24333 0 0 0 0
1.25 0 0 0 0
1.25667 0 0 0 0
1.26333 0 0 0 0
1.27 0 0 0 0
1.27667 0 0 0 0
1.28333 0 0 0 0
1.29 0 0 0 0
1.29667 0 0 0 0
1.30333 0 0 0 0
1.31 0 0 0 0
1.31667 0 0 0 0
1.32333 0 0 0 0
1.33 0 0 0 0
1.33667 0 0 0 0
1.34333 0 0 0 0
1.35 0 0 0 0
1.35667 0 0 0 0
1.36333 0 0 0 0
1.37 0 0 0 0
1.37667 0 0 0 0
1.38333 0 0 0 0
1.39 0 0 0 0
1.39667 0 0 0 0
1.40333 0 0 0 0
1.41 0 0 0 0
1.41667 0 0 0 0
1.42333 0 0 0 0
1.43 0 0 0 0
1.43667 0 0 0 0
1.44333 0 0 0 0
1.45 0 0 0 0
1.45667 0 0 0 0
1.46333 0 0 0 0
1.47 0 0 0 0
1.47667 0 0 0 0
1.48333 0 0 0 0
1.49 0 0 0 0
1.49667 0 0 0 0
1.50333 0 0 0 0
1.51 0 0 0 0
1.51667 0 0 0 0
1.52333 0 0 0 0
1.53 0 0 0 0
1.53667 0 0 0 0
1.54333 0 0 0 0
1.55 0 0 0 0
1.55667 0 0 0 0
1.56333 0 0 0 0
1.57 0 0 0 0
1.57667 0 0 0 0
1.58333 0 0 0 0
1.59 0 0 0 0
1.59667 0 0 0 0
1.60333 0 0 0 0
1.61 0 0 0 0
1.61667 0 0 0 0
1.62333 0 0 0 0
1.63 0 0 0 0
1.63667 0 0 0 0
1.64333 0 0 0 0
1.65 0 0 0 0
1.65667 0 0 0 0
1.66333 0 0 0 0
1.67 0 0 0 0
1.67667 0 0 0 0
1.68333 0 0 0 0
1.69 0 0 0 0
1.69667 0 0 0 0
1.70333 0 0 0 0
1.71 0 0 0 0
1.71667 0 0 0 0
1.72333 0 0 0 0
1.73 0 0 0 0
1.73667 0 0 0 0
1.74333 0 0 0 0
1.75 0 0 0 0
1.75667 0 0 0 0
1.76333 0 0 0 0
1.77 0 0 0 0
1.77667 0 0 0 0
1.78333 0 0 0 0
1.79 0 0 0 0
1.79667 0 0 0 0
1.80333 0 0 0 0
1.81 0 0 0 0
1.81667 0 0 0 0
1.82333 0 0 0 0
1.83 0 0 0 0
1.83667 0 0 0 0
1.84333 0 0 0 0
1.85 0 0 0 0
1.85667 0 0 0 0
1.86333 0 0 0 0
1.87 0 0 0 0
1.87667 0 0 0 0
1.88333 0 0 0 0
1.89 0 0 0 0
1.89667 0 0 0 0
1.90333 0 0 0 0
1.91 0 0 0 0
1.91667 0 0 0 0
1.92333 0 0 0 0
1.93 0 0 0 0
1.93667 0 0 0 0
1.94333 0 0 0 0
1.95 0 0 0 0
1.95667 0 0 0 0
1.96333 0 0 0 0
1.97 0 0 0 0
1.97667 0 0 0 0
1.98333 0 0 0 0
1.99 0 0 0 0
1.99667 0 0 0 0
