0.00333333 25 54 3 4
0.01 15 64 12 0
0.0166667 36 73 11 2
0.0233333 25 75 7 5
0.03 46 84 17 6
0.0366667 43 115 22 3
0.0433333 54 141 24 5
0.05 66 172 30 6
0.0566667 80 184 35 5
0.0633333 93 225 42 15
0.07 79 253 32 12
0.0766667 80 252 29 14
0.0833333 89 244 49 16
0.09 89 242 44 15
0.0966667 95 244 42 13
0.103333 94 243 37 11
0.11 82 252 50 7
0.116667 111 225 50 13
0.123333 81 236 28 8
0.13 72 223 46 12
0.136667 78 238 29 17
0.143333 64 219 21 13
0.15 69 193 30 15
0.156667 66 198 21 11
0.163333 58 178 26 10
0.17 53 168 30 15
0.176667 76 176 35 8
0.183333 78 210 23 8
0.19 63 197 24 10
0.196667 61 190 25 11
0.203333 64 184 29 19
0.21 71 162 22 9
0.216667 48 168 16 11
0.223333 59 150 31 15
0.23 45 140 20 7
0.236667 51 144 19 6
0.243333 42 136 16 7
0.25 59 147 15 3
0.256667 47 119 15 9
0.263333 41 109 13 11
0.27 46 109 14 7
0.276667 45 126 21 7
0.283333 23 100 24 9
0.29 27 141 13 2
0.296667 35 107 9 5
0.303333 33 97 20 8
0.31 35 96 16 3
0.316667 33 91 14 9
0.323333 39 78 11 6
0.33 22 71 15 5
0.336667 33 81 10 8
0.343333 19 94 12 1
0.35 25 77 16 8
0.356667 38 74 12 3
0.363333 28 81 10 4
0.37 21 76 11 5
0.376667 34 69 13 7
0.383333 35 68 9 5
0.39 23 57 15 4
0.396667 30 67 6 2
0.403333 18 80 14 4
0.41 24 71 8 1
0.416667 26 57 10 6
0.423333 24 69 12 1
0.43 19 75 7 5
0.436667 37 77 4 3
0.443333 34 61 7 6
0.45 41 71 7 1
0.456667 27 64 14 9
0.463333 18 53 7 5
0.47 25 67 17 2
0.476667 21 42 9 4
0.483333 16 50 7 3
0.49 9 44 8 5
0.496667 16 47 11 4
0.503333 19 37 6 4
0.51 16 53 12 1
0.516667 8 38 6 2
0.523333 16 35 4 1
0.53 21 32 4 2
0.536667 14 33 2 2
0.543333 14 36 9 2
0.55 6 26 4 4
0.556667 12 27 6 3
0.563333 13 35 4 2
0.57 5 38 7 2
0.576667 9 29 4 2
0.583333 15 30 6 2
0.59 10 37 4 3
0.596667 13 37 9 2
0.603333 10 29 7 3
0.61 10 38 5 3
0.616667 10 33 3 0
0.623333 14 29 4 5
0.63 16 34 2 1
0.636667 12 42 5 4
0.643333 7 24 4 2
0.65 13 25 4 4
0.656667 3 22 7 3
0.663333 587 1807 183 73
0.67 0 0 0 0
0.676667 0 0 0 0
0.683333 0 0 0 0
0.69 0 0 0 0
0.696667 0 0 0 0
0.703333 0 0 0 0
0.71 0 0 0 0
0.716667 0 0 0 0
0.723333 0 0 0 0
0.73 0 0 0 0
0.736667 0 0 0 0
0.743333 0 0 0 0
0.75 0 0 0 0
0.756667 0 0 0 0
0.763333 0 0 0 0
0.77 0 0 0 0
0.776667 0 0 0 0
0.783333 0 0 0 0
0.79 0 0 0 0
0.796667 0 0 0 0
0.803333 0 0 0 0
0.81 0 0 0 0
0.816667 0 0 0 0
0.823333 0 0 0 0
0.83 0 0 0 0
0.836667 0 0 0 0
0.843333 0 0 0 0
0.85 0 0 0 0
0.856667 0 0 0 0
0.863333 0 0 0 0
0.87 0 0 0 0
0.876667 0 0 0 0
0.883333 0 0 0 0
0.89 0 0 0 0
0.896667 0 0 0 0
0.903333 0 0 0 0
0.91 0 0 0 0
0.916667 0 0 0 0
0.923333 0 0 0 0
0.93 0 0 0 0
0.936667 0 0 0 0
0.943333 0 0 0 0
0.95 0 0 0 0
0.956667 0 0 0 0
0.963333 0 0 0 0
0.97 0 0 0 0
0.976667 0 0 0 0
0.983333 0 0 0 0
0.99 0 0 0 0
0.996667 0 0 0 0
1.00333 0 0 0 0
1.01 0 0 0 0
1.01667 0 0 0 0
1.02333 0 0 0 0
1.03 0 0 0 0
1.03667 0 0 0 0
1.04333 0 0 0 0
1.05 0 0 0 0
1.05667 0 0 0 0
1.06333 0 0 0 0
1.07 0 0 0 0
1.07667 0 0 0 0
1.08333 0 0 0 0
1.09 0 0 0 0
1.09667 0 0 0 0
1.10333 0 0 0 0
1.11 0 0 0 0
1.11667 0 0 0 0
1.12333 0 0 0 0
1.13 0 0 0 0
1.13667 0 0 0 0
1.14333 0 0 0 0
1.15 0 0 0 0
1.15667 0 0 0 0
1.16333 0 0 0 0
1.17 0 0 0 0
1.17667 0 0 0 0
1.18333 0 0 0 0
1.19 0 0 0 0
1.19667 0 0 0 0
1.20333 0 0 0 0
1.21 0 0 0 0
1.21667 0 0 0 0
1.22333 0 0 0 0
1.23 0 0 0 0
1.23667 0 0 0 0
1.24333 0 0 0 0
1.25 0 0 0 0
1.25667 0 0 0 0
1.26333 0 0 0 0
1.27 0 0 0 0
1.27667 0 0 0 0
1.28333 0 0 0 0
1.29 0 0 0 0
1.29667 0 0 0 0
1.30333 0 0 0 0
1.31 0 0 0 0
1.31667 0 0 0 0
1.32333 0 0 0 0
1.33 0 0 0 0
1.33667 0 0 0 0
1.34333 0 0 0 0
1.35 0 0 0 0
1.35667 0 0 0 0
1.36333 0 0 0 0
1.37 0 0 0 0
1.37667 0 0 0 0
1.38333 0 0 0 0
1.39 0 0 0 0
1.39667 0 0 0 0
1.40333 0 0 0 0
1.41 0 0 0 0
1.41667 0 0 0 0
1.42333 0 0 0 0
1.43 0 0 0 0
1.43667 0 0 0 0
1.44333 0 0 0 0
1.45 0 0 0 0
1.45667 0 0 0 0
1.46333 0 0 0 0
1.47 0 0 0 0
1.47667 0 0 0 0
1.48333 0 0 0 0
1.49 0 0 0 0
1.49667 0 0 0 0
1.50333 0 0 0 0
1.51 0 0 0 0
1.51667 0 0 0 0
1.52333 0 0 0 0
1.53 0 0 0 0
1.53667 0 0 0 0
1.54333 0 0 0 0
1.55 0 0 0 0
1.55667 0 0 0 0
1.56333 0 0 0 0
1.57 0 0 0 0
1.57667 0 0 0 0
1.58333 0 0 0 0
1.59 0 0 0 0
1.59667 0 0 0 0
1.60333 0 0 0 0
1.61 0 0 0 0
1.61667 0 0 0 0
1.62333 0 0 0 0
1.63 0 0 0 0
1.63667 0 0 0 0
1.64333 0 0 0 0
1.65 0 0 0 0
1.65667 0 0 0 0
1.66333 0 0 0 0
1.67 0 0 0 0
1.67667 0 0 0 0
1.68333 0 0 0 0
1.69 0 0 0 0
1.69667 0 0 0 0
1.70333 0 0 0 0
1.71 0 0 0 0
1.71667 0 0 0 0
1.72333 0 0 0 0
1.73 0 0 0 0
1.73667 0 0 0 0
1.74333 0 0 0 0
1.75 0 0 0 0
1.75667 0 0 0 0
1.76333 0 0 0 0
1.77 0 0 0 0
1.77667 0 0 0 0
1.78333 0 0 0 0
1.79 0 0 0 0
1.79667 0 0 0 0
1.80333 0 0 0 0
1.81 0 0 0 0
1.81667 0 0 0 0
1.82333 0 0 0 0
1.83 0 0 0 0
1.83667 0 0 0 0
1.84333 0 0 0 0
1.85 0 0 0 0
1.85667 0 0 0 0
1.86333 0 0 0 0
1.87 0 0 0 0
1.87667 0 0 0 0
1.88333 0 0 0 0
1.89 0 0 0 0
1.89667 0 0 0 0
1.90333 0 0 0 0
1.91 0 0 0 0
1.91667 0 0 0 0
1.92333 0 0 0 0
1.93 0 0 0 0
1.93667 0 0 0 0
1.94333 0 0 0 0
1.95 0 0 0 0
1.95667 0 0 0 0
1.96333 0 0 0 0
1.97 0 0 0 0
1.97667 0 0 0 0
1.98333 0 0 0 0
1.99 0 0 0 0
1.99667 0 0 0 0
