0.00333333 22 49 7 6
0.01 29 54 8 10
0.0166667 31 70 11 4
0.0233333 40 82 14 8
0.03 36 72 12 10
0.0366667 29 63 13 14
0.0433333 41 122 23 5
0.05 45 130 28 11
0.0566667 67 153 31 16
0.0633333 62 160 40 16
0.07 58 179 44 13
0.0766667 88 177 30 14
0.0833333 69 207 31 12
0.09 87 190 37 15
0.0966667 61 184 34 12
0.103333 80 184 29 15
0.11 84 186 34 17
0.116667 94 196 36 25
0.123333 67 182 33 14
0.13 100 164 24 18
0.136667 60 177 19 19
0.143333 68 157 13 17
0.15 76 185 20 14
0.156667 78 145 20 15
0.163333 62 149 16 14
0.17 52 142 20 9
0.176667 71 172 21 17
0.183333 72 159 19 18
0.19 95 158 18 21
0.196667 85 171 26 24
0.203333 73 153 18 21
0.21 56 159 10 18
0.216667 42 156 25 18
0.223333 51 117 20 14
0.23 47 139 22 7
0.236667 63 103 24 11
0.243333 45 113 9 11
0.25 53 105 13 11
0.256667 42 93 11 16
0.263333 39 110 14 18
0.27 51 101 8 16
0.276667 34 90 19 7
0.283333 47 98 10 9
0.29 40 108 12 8
0.296667 31 87 19 9
0.303333 42 85 8 7
0.31 37 83 8 12
0.316667 33 97 9 9
0.323333 34 94 18 9
0.33 37 85 9 13
0.336667 30 69 14 10
0.343333 20 73 9 12
0.35 35 56 13 9
0.356667 31 66 15 8
0.363333 30 71 11 5
0.37 34 64 7 5
0.376667 33 75 11 7
0.383333 29 60 14 6
0.39 37 62 12 6
0.396667 28 70 11 8
0.403333 19 83 7 9
0.41 17 67 7 5
0.416667 39 55 12 16
0.423333 27 67 9 5
0.43 31 57 7 12
0.436667 24 68 6 9
0.443333 37 64 4 9
0.45 18 61 14 11
0.456667 31 62 10 8
0.463333 29 44 8 10
0.47 40 62 9 10
0.476667 26 40 8 4
0.483333 14 34 3 4
0.49 13 46 12 8
0.496667 22 38 9 2
0.503333 23 32 6 8
0.51 14 31 3 5
0.516667 11 36 5 8
0.523333 17 42 4 1
0.53 9 26 4 3
0.536667 16 32 2 2
0.543333 18 35 7 4
0.55 10 29 3 5
0.556667 11 33 8 3
0.563333 13 36 1 2
0.57 8 35 10 6
0.576667 19 31 4 7
0.583333 23 29 9 3
0.59 7 38 5 4
0.596667 11 24 7 4
0.603333 8 31 9 2
0.61 11 28 6 8
0.616667 19 17 5 7
0.623333 5 20 5 2
0.63 15 31 2 9
0.636667 12 29 3 2
0.643333 10 30 3 3
0.65 15 22 2 7
0.656667 9 19 4 8
0.663333 923 1637 134 250
0.67 0 0 0 0
0.676667 0 0 0 0
0.683333 0 0 0 0
0.69 0 0 0 0
0.696667 0 0 0 0
0.703333 0 0 0 0
0.71 0 0 0 0
0.716667 0 0 0 0
0.723333 0 0 0 0
0.73 0 0 0 0
0.736667 0 0 0 0
0.743333 0 0 0 0
0.75 0 0 0 0
0.756667 0 0 0 0
0.763333 0 0 0 0
0.77 0 0 0 0
0.776667 0 0 0 0
0.783333 0 0 0 0
0.79 0 0 0 0
0.796667 0 0 0 0
0.803333 0 0 0 0
0.81 0 0 0 0
0.816667 0 0 0 0
0.823333 0 0 0 0
0.83 0 0 0 0
0.836667 0 0 0 0
0.843333 0 0 0 0
0.85 0 0 0 0
0.856667 0 0 0 0
0.863333 0 0 0 0
0.87 0 0 0 0
0.876667 0 0 0 0
0.883333 0 0 0 0
0.89 0 0 0 0
0.896667 0 0 0 0
0.903333 0 0 0 0
0.91 0 0 0 0
0.916667 0 0 0 0
0.923333 0 0 0 0
0.93 0 0 0 0
0.936667 0 0 0 0
0.943333 0 0 0 0
0.95 0 0 0 0
0.956667 0 0 0 0
0.963333 0 0 0 0
0.97 0 0 0 0
0.976667 0 0 0 0
0.983333 0 0 0 0
0.99 0 0 0 0
0.996667 0 0 0 0
1.00333 0 0 0 0
1.01 0 0 0 0
1.01667 0 0 0 0
1.02333 0 0 0 0
1.03 0 0 0 0
1.03667 0 0 0 0
1.04333 0 0 0 0
1.05 0 0 0 0
1.05667 0 0 0 0
1.06333 0 0 0 0
1.07 0 0 0 0
1.07667 0 0 0 0
1.08333 0 0 0 0
1.09 0 0 0 0
1.09667 0 0 0 0
1.10333 0 0 0 0
1.11 0 0 0 0
1.11667 0 0 0 0
1.12333 0 0 0 0
1.13 0 0 0 0
1.13667 0 0 0 0
1.14333 0 0 0 0
1.15 0 0 0 0
1.15667 0 0 0 0
1.16333 0 0 0 0
1.17 0 0 0 0
1.17667 0 0 0 0
1.18333 0 0 0 0
1.19 0 0 0 0
1.19667 0 0 0 0
1.20333 0 0 0 0
1.21 0 0 0 0
1.21667 0 0 0 0
1.22333 0 0 0 0
1.23 0 0 0 0
1.23667 0 0 0 0
1.24333 0 0 0 0
1.25 0 0 0 0
1.25667 0 0 0 0
1.26333 0 0 0 0
1.27 0 0 0 0
1.27667 0 0 0 0
1.28333 0 0 0 0
1.29 0 0 0 0
1.29667 0 0 0 0
1.30333 0 0 0 0
1.31 0 0 0 0
1.31667 0 0 0 0
1.32333 0 0 0 0
1.33 0 0 0 0
1.33667 0 0 0 0
1.34333 0 0 0 0
1.35 0 0 0 0
1.35667 0 0 0 0
1.36333 0 0 0 0
1.37 0 0 0 0
1.37667 0 0 0 0
1.38333 0 0 0 0
1.39 0 0 0 0
1.39667 0 0 0 0
1.40333 0 0 0 0
1.41 0 0 0 0
1.41667 0 0 0 0
1.42333 0 0 0 0
1.43 0 0 0 0
1.43667 0 0 0 0
1.44333 0 0 0 0
1.45 0 0 0 0
1.45667 0 0 0 0
1.46333 0 0 0 0
1.47 0 0 0 0
1.47667 0 0 0 0
1.48333 0 0 0 0
1.49 0 0 0 0
1.49667 0 0 0 0
1.50333 0 0 0 0
1.51 0 0 0 0
1.51667 0 0 0 0
1.52333 0 0 0 0
1.53 0 0 0 0
1.53667 0 0 0 0
1.54333 0 0 0 0
1.55 0 0 0 0
1.55667 0 0 0 0
1.56333 0 0 0 0
1.57 0 0 0 0
1.57667 0 0 0 0
1.58333 0 0 0 0
1.59 0 0 0 0
1.59667 0 0 0 0
1.60333 0 0 0 0
1.61 0 0 0 0
1.61667 0 0 0 0
1.62333 0 0 0 0
1.63 0 0 0 0
1.63667 0 0 0 0
1.64333 0 0 0 0
1.65 0 0 0 0
1.65667 0 0 0 0
1.66333 0 0 0 0
1.67 0 0 0 0
1.67667 0 0 0 0
1.68333 0 0 0 0
1.69 0 0 0 0
1.69667 0 0 0 0
1.70333 0 0 0 0
1.71 0 0 0 0
1.71667 0 0 0 0
1.72333 0 0 0 0
1.73 0 0 0 0
1.73667 0 0 0 0
1.74333 0 0 0 0
1.75 0 0 0 0
1.75667 0 0 0 0
1.76333 0 0 0 0
1.77 0 0 0 0
1.77667 0 0 0 0
1.78333 0 0 0 0
1.79 0 0 0 0
1.79667 0 0 0 0
1.80333 0 0 0 0
1.81 0 0 0 0
1.81667 0 0 0 0
1.82333 0 0 0 0
1.83 0 0 0 0
1.83667 0 0 0 0
1.84333 0 0 0 0
1.85 0 0 0 0
1.85667 0 0 0 0
1.86333 0 0 0 0
1.87 0 0 0 0
1.87667 0 0 0 0
1.88333 0 0 0 0
1.89 0 0 0 0
1.89667 0 0 0 0
1.90333 0 0 0 0
1.91 0 0 0 0
1.91667 0 0 0 0
1.92333 0 0 0 0
1.93 0 0 0 0
1.93667 0 0 0 0
1.94333 0 0 0 0
1.95 0 0 0 0
1.95667 0 0 0 0
1.96333 0 0 0 0
1.97 0 0 0 0
1.97667 0 0 0 0
1.98333 0 0 0 0
1.99 0 0 0 0
1.99667 0 0 0 0
