0.00333333 0 4 91 17
0.01 1 3 106 15
0.0166667 0 7 108 27
0.0233333 1 5 114 26
0.03 2 5 130 22
0.0366667 1 3 133 29
0.0433333 1 12 161 51
0.05 3 11 195 67
0.0566667 4 13 204 61
0.0633333 3 14 283 82
0.07 3 18 273 86
0.0766667 6 13 317 82
0.0833333 3 16 312 70
0.09 6 12 302 71
0.0966667 1 14 287 80
0.103333 1 16 339 70
0.11 2 18 332 79
0.116667 1 11 349 80
0.123333 1 18 360 80
0.13 2 9 344 81
0.136667 1 4 333 65
0.143333 6 11 302 74
0.15 3 17 296 52
0.156667 0 10 305 46
0.163333 3 10 302 64
0.17 5 14 281 50
0.176667 4 10 287 49
0.183333 4 6 285 41
0.19 4 10 302 47
0.196667 6 14 352 53
0.203333 4 15 338 42
0.21 2 6 294 44
0.216667 8 11 289 52
0.223333 3 11 261 48
0.23 1 6 261 45
0.236667 0 5 221 47
0.243333 2 6 237 26
0.25 3 9 225 45
0.256667 2 4 218 35
0.263333 1 10 187 34
0.27 2 6 194 28
0.276667 0 5 168 30
0.283333 3 2 194 37
0.29 4 7 165 41
0.296667 0 6 158 29
0.303333 0 2 157 33
0.31 2 5 177 30
0.316667 2 4 133 34
0.323333 3 7 121 34
0.33 0 7 139 35
0.336667 0 2 130 43
0.343333 1 1 156 28
0.35 1 2 148 30
0.356667 3 8 145 22
0.363333 2 3 120 21
0.37 1 4 112 23
0.376667 1 4 109 31
0.383333 0 2 133 27
0.39 2 6 119 22
0.396667 1 8 121 16
0.403333 3 2 113 29
0.41 2 2 122 23
0.416667 0 4 120 28
0.423333 0 5 116 14
0.43 1 4 113 16
0.436667 0 1 110 14
0.443333 2 6 94 20
0.45 2 3 135 21
0.456667 1 6 122 15
0.463333 0 2 118 26
0.47 1 4 115 20
0.476667 1 6 98 23
0.483333 2 4 69 15
0.49 2 3 66 10
0.496667 2 3 55 14
0.503333 1 6 62 20
0.51 2 8 56 14
0.516667 1 7 59 10
0.523333 0 3 47 24
0.53 0 0 62 13
0.536667 1 4 51 11
0.543333 0 3 49 17
0.55 1 3 53 12
0.556667 0 1 46 10
0.563333 0 4 52 17
0.57 2 2 46 9
0.576667 2 2 42 6
0.583333 1 3 43 9
0.59 1 2 46 13
0.596667 2 2 45 10
0.603333 1 1 42 15
0.61 0 3 44 11
0.616667 1 3 41 16
0.623333 0 8 50 6
0.63 1 6 51 15
0.636667 1 1 53 7
0.643333 0 2 39 6
0.65 2 0 48 8
0.656667 0 4 38 15
0.663333 21 56 4299 360
0.67 0 0 0 0
0.676667 0 0 0 0
0.683333 0 0 0 0
0.69 0 0 0 0
0.696667 0 0 0 0
0.703333 0 0 0 0
0.71 0 0 0 0
0.716667 0 0 0 0
0.723333 0 0 0 0
0.73 0 0 0 0
0.736667 0 0 0 0
0.743333 0 0 0 0
0.75 0 0 0 0
0.756667 0 0 0 0
0.763333 0 0 0 0
0.77 0 0 0 0
0.776667 0 0 0 0
0.783333 0 0 0 0
0.79 0 0 0 0
0.796667 0 0 0 0
0.803333 0 0 0 0
0.81 0 0 0 0
0.816667 0 0 0 0
0.823333 0 0 0 0
0.83 0 0 0 0
0.836667 0 0 0 0
0.843333 0 0 0 0
0.85 0 0 0 0
0.856667 0 0 0 0
0.863333 0 0 0 0
0.87 0 0 0 0
0.876667 0 0 0 0
0.883333 0 0 0 0
0.89 0 0 0 0
0.896667 0 0 0 0
0.903333 0 0 0 0
0.91 0 0 0 0
0.916667 0 0 0 0
0.923333 0 0 0 0
0.93 0 0 0 0
0.936667 0 0 0 0
0.943333 0 0 0 0
0.95 0 0 0 0
0.956667 0 0 0 0
0.963333 0 0 0 0
0.97 0 0 0 0
0.976667 0 0 0 0
0.983333 0 0 0 0
0.99 0 0 0 0
0.996667 0 0 0 0
1.00333 0 0 0 0
1.01 0 0 0 0
1.01667 0 0 0 0
1.02333 0 0 0 0
1.03 0 0 0 0
1.03667 0 0 0 0
1.04333 0 0 0 0
1.05 0 0 0 0
1.05667 0 0 0 0
1.06333 0 0 0 0
1.07 0 0 0 0
1.07667 0 0 0 0
1.08333 0 0 0 0
1.09 0 0 0 0
1.09667 0 0 0 0
1.10333 0 0 0 0
1.11 0 0 0 0
1.11667 0 0 0 0
1.12333 0 0 0 0
1.13 0 0 0 0
1.13667 0 0 0 0
1.14333 0 0 0 0
1.15 0 0 0 0
1.15667 0 0 0 0
1.16333 0 0 0 0
1.17 0 0 0 0
1.17667 0 0 0 0
1.18333 0 0 0 0
1.19 0 0 0 0
1.19667 0 0 0 0
1.20333 0 0 0 0
1.21 0 0 0 0
1.21667 0 0 0 0
1.22333 0 0 0 0
1.23 0 0 0 0
1.23667 0 0 0 0
1.24333 0 0 0 0
1.25 0 0 0 0
1.25667 0 0 0 0
1.26333 0 0 0 0
1.27 0 0 0 0
1.27667 0 0 0 0
1.28333 0 0 0 0
1.29 0 0 0 0
1.29667 0 0 0 0
1.30333 0 0 0 0
1.31 0 0 0 0
1.31667 0 0 0 0
1.32333 0 0 0 0
1.33 0 0 0 0
1.33667 0 0 0 0
1.34333 0 0 0 0
1.35 0 0 0 0
1.35667 0 0 0 0
1.36333 0 0 0 0
1.37 0 0 0 0
1.37667 0 0 0 0
1.38333 0 0 0 0
1.39 0 0 0 0
1.39667 0 0 0 0
1.40333 0 0 0 0
1.41 0 0 0 0
1.41667 0 0 0 0
1.42333 0 0 0 0
1.43 0 0 0 0
1.43667 0 0 0 0
1.44333 0 0 0 0
1.45 0 0 0 0
1.45667 0 0 0 0
1.46333 0 0 0 0
1.47 0 0 0 0
1.47667 0 0 0 0
1.48333 0 0 0 0
1.49 0 0 0 0
1.49667 0 0 0 0
1.50333 0 0 0 0
1.51 0 0 0 0
1.51667 0 0 0 0
1.52333 0 0 0 0
1.53 0 0 0 0
1.53667 0 0 0 0
1.54333 0 0 0 0
1.55 0 0 0 0
1.55667 0 0 0 0
1.56333 0 0 0 0
1.57 0 0 0 0
1.57667 0 0 0 0
1.58333 0 0 0 0
1.59 0 0 0 0
1.59667 0 0 0 0
1.60333 0 0 0 0
1.61 0 0 0 0
1.61667 0 0 0 0
1.62333 0 0 0 0
1.63 0 0 0 0
1.63667 0 0 0 0
1.64333 0 0 0 0
1.65 0 0 0 0
1.65667 0 0 0 0
1.66333 0 0 0 0
1.67 0 0 0 0
1.67667 0 0 0 0
1.68333 0 0 0 0
1.69 0 0 0 0
1.69667 0 0 0 0
1.70333 0 0 0 0
1.71 0 0 0 0
1.71667 0 0 0 0
1.72333 0 0 0 0
1.73 0 0 0 0
1.73667 0 0 0 0
1.74333 0 0 0 0
1.75 0 0 0 0
1.75667 0 0 0 0
1.76333 0 0 0 0
1.77 0 0 0 0
1.77667 0 0 0 0
1.78333 0 0 0 0
1.79 0 0 0 0
1.79667 0 0 0 0
1.80333 0 0 0 0
1.81 0 0 0 0
1.81667 0 0 0 0
1.82333 0 0 0 0
1.83 0 0 0 0
1.83667 0 0 0 0
1.84333 0 0 0 0
1.85 0 0 0 0
1.85667 0 0 0 0
1.86333 0 0 0 0
1.87 0 0 0 0
1.87667 0 0 0 0
1.88333 0 0 0 0
1.89 0 0 0 0
1.89667 0 0 0 0
1.90333 0 0 0 0
1.91 0 0 0 0
1.91667 0 0 0 0
1.92333 0 0 0 0
1.93 0 0 0 0
1.93667 0 0 0 0
1.94333 0 0 0 0
1.95 0 0 0 0
1.95667 0 0 0 0
1.96333 0 0 0 0
1.97 0 0 0 0
1.97667 0 0 0 0
1.98333 0 0 0 0
1.99 0 0 0 0
1.99667 0 0 0 0
