0.00333333 9 32 16 1
0.01 23 46 7 2
0.0166667 19 51 5 3
0.0233333 22 42 12 6
0.03 26 46 12 4
0.0366667 31 67 26 5
0.0433333 28 96 29 5
0.05 34 129 47 5
0.0566667 55 145 37 12
0.0633333 65 153 47 10
0.07 76 154 43 12
0.0766667 60 168 35 8
0.0833333 59 163 47 14
0.09 77 172 52 9
0.0966667 67 151 34 10
0.103333 63 166 40 13
0.11 65 174 49 13
0.116667 55 143 69 7
0.123333 53 172 42 11
0.13 40 127 41 9
0.136667 50 140 31 15
0.143333 52 133 36 9
0.15 41 117 38 7
0.156667 55 120 29 7
0.163333 42 84 33 8
0.17 58 106 39 7
0.176667 47 116 33 7
0.183333 60 111 26 16
0.19 44 112 29 9
0.196667 37 119 34 11
0.203333 41 90 30 8
0.21 46 92 34 6
0.216667 36 100 23 11
0.223333 38 90 34 5
0.23 38 83 24 5
0.236667 40 83 31 9
0.243333 36 92 27 6
0.25 38 72 25 8
0.256667 33 77 22 3
0.263333 28 66 20 11
0.27 26 64 20 5
0.276667 17 71 30 4
0.283333 23 70 17 6
0.29 20 62 21 4
0.296667 31 66 23 5
0.303333 19 51 18 4
0.31 26 47 21 3
0.316667 20 65 20 5
0.323333 21 55 16 3
0.33 20 41 24 1
0.336667 22 58 18 4
0.343333 15 58 17 2
0.35 25 59 12 3
0.356667 24 57 21 1
0.363333 20 57 11 3
0.37 20 58 13 6
0.376667 25 45 14 3
0.383333 20 55 14 3
0.39 20 46 16 7
0.396667 21 45 8 4
0.403333 22 48 19 5
0.41 22 36 14 4
0.416667 14 35 10 4
0.423333 15 43 15 6
0.43 17 42 12 4
0.436667 23 46 11 5
0.443333 18 36 15 5
0.45 18 41 12 7
0.456667 9 39 14 7
0.463333 24 32 17 5
0.47 12 30 17 5
0.476667 17 30 14 6
0.483333 13 27 10 6
0.49 7 22 10 4
0.496667 15 21 12 4
0.503333 12 34 8 1
0.51 11 30 9 1
0.516667 7 23 7 2
0.523333 8 24 9 2
0.53 17 17 4 1
0.536667 5 22 8 4
0.543333 14 21 9 4
0.55 7 26 5 1
0.556667 9 21 11 2
0.563333 14 25 6 3
0.57 7 21 9 4
0.576667 17 18 3 2
0.583333 5 19 8 3
0.59 10 13 5 2
0.596667 8 24 12 0
0.603333 8 20 6 2
0.61 7 22 5 4
0.616667 7 17 8 1
0.623333 14 15 3 2
0.63 12 17 7 5
0.636667 10 23 7 2
0.643333 8 17 3 3
0.65 12 18 4 6
0.656667 4 20 7 4
0.663333 387 795 249 62
0.67 0 0 0 0
0.676667 0 0 0 0
0.683333 0 0 0 0
0.69 0 0 0 0
0.696667 0 0 0 0
0.703333 0 0 0 0
0.71 0 0 0 0
0.716667 0 0 0 0
0.723333 0 0 0 0
0.73 0 0 0 0
0.736667 0 0 0 0
0.743333 0 0 0 0
0.75 0 0 0 0
0.756667 0 0 0 0
0.763333 0 0 0 0
0.77 0 0 0 0
0.776667 0 0 0 0
0.783333 0 0 0 0
0.79 0 0 0 0
0.796667 0 0 0 0
0.803333 0 0 0 0
0.81 0 0 0 0
0.816667 0 0 0 0
0.823333 0 0 0 0
0.83 0 0 0 0
0.836667 0 0 0 0
0.843333 0 0 0 0
0.85 0 0 0 0
0.856667 0 0 0 0
0.863333 0 0 0 0
0.87 0 0 0 0
0.876667 0 0 0 0
0.883333 0 0 0 0
0.89 0 0 0 0
0.896667 0 0 0 0
0.903333 0 0 0 0
0.91 0 0 0 0
0.916667 0 0 0 0
0.923333 0 0 0 0
0.93 0 0 0 0
0.936667 0 0 0 0
0.943333 0 0 0 0
0.95 0 0 0 0
0.956667 0 0 0 0
0.963333 0 0 0 0
0.97 0 0 0 0
0.976667 0 0 0 0
0.983333 0 0 0 0
0.99 0 0 0 0
0.996667 0 0 0 0
1.00333 0 0 0 0
1.01 0 0 0 0
1.01667 0 0 0 0
1.02333 0 0 0 0
1.03 0 0 0 0
1.03667 0 0 0 0
1.04333 0 0 0 0
1.05 0 0 0 0
1.05667 0 0 0 0
1.06333 0 0 0 0
1.07 0 0 0 0
1.07667 0 0 0 0
1.08333 0 0 0 0
1.09 0 0 0 0
1.09667 0 0 0 0
1.10333 0 0 0 0
1.11 0 0 0 0
1.11667 0 0 0 0
1.12333 0 0 0 0
1.13 0 0 0 0
1.13667 0 0 0 0
1.14333 0 0 0 0
1.15 0 0 0 0
1.15667 0 0 0 0
1.16333 0 0 0 0
1.17 0 0 0 0
1.17667 0 0 0 0
1.18333 0 0 0 0
1.19 0 0 0 0
1.19667 0 0 0 0
1.20333 0 0 0 0
1.21 0 0 0 0
1.21667 0 0 0 0
1.22333 0 0 0 0
1.23 0 0 0 0
1.23667 0 0 0 0
1.24333 0 0 0 0
1.25 0 0 0 0
1.25667 0 0 0 0
1.26333 0 0 0 0
1.27 0 0 0 0
1.27667 0 0 0 0
1.28333 0 0 0 0
1.29 0 0 0 0
1.29667 0 0 0 0
1.30333 0 0 0 0
1.31 0 0 0 0
1.31667 0 0 0 0
1.32333 0 0 0 0
1.33 0 0 0 0
1.33667 0 0 0 0
1.34333 0 0 0 0
1.35 0 0 0 0
1.35667 0 0 0 0
1.36333 0 0 0 0
1.37 0 0 0 0
1.37667 0 0 0 0
1.38333 0 0 0 0
1.39 0 0 0 0
1.39667 0 0 0 0
1.40333 0 0 0 0
1.41 0 0 0 0
1.41667 0 0 0 0
1.42333 0 0 0 0
1.43 0 0 0 0
1.43667 0 0 0 0
1.44333 0 0 0 0
1.45 0 0 0 0
1.45667 0 0 0 0
1.46333 0 0 0 0
1.47 0 0 0 0
1.47667 0 0 0 0
1.48333 0 0 0 0
1.49 0 0 0 0
1.49667 0 0 0 0
1.50333 0 0 0 0
1.51 0 0 0 0
1.51667 0 0 0 0
1.52333 0 0 0 0
1.53 0 0 0 0
1.53667 0 0 0 0
1.54333 0 0 0 0
1.55 0 0 0 0
1.55667 0 0 0 0
1.56333 0 0 0 0
1.57 0 0 0 0
1.57667 0 0 0 0
1.58333 0 0 0 0
1.59 0 0 0 0
1.59667 0 0 0 0
1.60333 0 0 0 0
1.61 0 0 0 0
1.61667 0 0 0 0
1.62333 0 0 0 0
1.63 0 0 0 0
1.63667 0 0 0 0
1.64333 0 0 0 0
1.65 0 0 0 0
1.65667 0 0 0 0
1.66333 0 0 0 0
1.67 0 0 0 0
1.67667 0 0 0 0
1.68333 0 0 0 0
1.69 0 0 0 0
1.69667 0 0 0 0
1.70333 0 0 0 0
1.71 0 0 0 0
1.71667 0 0 0 0
1.72333 0 0 0 0
1.73 0 0 0 0
1.73667 0 0 0 0
1.74333 0 0 0 0
1.75 0 0 0 0
1.75667 0 0 0 0
1.76333 0 0 0 0
1.77 0 0 0 0
1.77667 0 0 0 0
1.78333 0 0 0 0
1.79 0 0 0 0
1.79667 0 0 0 0
1.80333 0 0 0 0
1.81 0 0 0 0
1.81667 0 0 0 0
1.82333 0 0 0 0
1.83 0 0 0 0
1.83667 0 0 0 0
1.84333 0 0 0 0
1.85 0 0 0 0
1.85667 0 0 0 0
1.86333 0 0 0 0
1.87 0 0 0 0
1.87667 0 0 0 0
1.88333 0 0 0 0
1.89 0 0 0 0
1.89667 0 0 0 0
1.90333 0 0 0 0
1.91 0 0 0 0
1.91667 0 0 0 0
1.92333 0 0 0 0
1.93 0 0 0 0
1.93667 0 0 0 0
1.94333 0 0 0 0
1.95 0 0 0 0
1.95667 0 0 0 0
1.96333 0 0 0 0
1.97 0 0 0 0
1.97667 0 0 0 0
1.98333 0 0 0 0
1.99 0 0 0 0
1.99667 0 0 0 0
