0.00333333 10 158 8 1
0.01 16 143 10 3
0.0166667 16 160 14 1
0.0233333 13 169 12 2
0.03 19 183 11 2
0.0366667 16 178 16 3
0.0433333 26 197 20 5
0.05 29 226 25 1
0.0566667 49 254 29 7
0.0633333 51 307 43 9
0.07 54 365 42 0
0.0766667 52 332 33 6
0.0833333 45 393 40 7
0.09 33 359 27 6
0.0966667 43 343 40 4
0.103333 47 384 30 7
0.11 56 368 40 4
0.116667 43 436 34 7
0.123333 50 416 33 4
0.13 36 383 28 2
0.136667 56 419 40 5
0.143333 47 437 30 2
0.15 42 423 30 1
0.156667 35 382 23 1
0.163333 38 388 36 2
0.17 35 358 28 5
0.176667 45 402 31 3
0.183333 30 419 26 4
0.19 30 541 31 2
0.196667 33 572 28 1
0.203333 25 510 32 2
0.21 26 457 31 3
0.216667 36 417 29 4
0.223333 23 393 23 3
0.23 24 355 24 2
0.236667 25 323 25 6
0.243333 31 331 20 1
0.25 17 324 14 2
0.256667 33 316 18 1
0.263333 27 277 22 2
0.27 17 247 19 1
0.276667 25 243 22 4
0.283333 15 206 26 2
0.29 18 247 15 3
0.296667 20 237 20 5
0.303333 20 219 17 2
0.31 26 193 24 3
0.316667 15 211 10 3
0.323333 25 182 19 4
0.33 18 209 19 1
0.336667 21 179 22 4
0.343333 25 188 22 0
0.35 16 195 20 1
0.356667 13 188 16 1
0.363333 16 182 10 3
0.37 24 167 15 4
0.376667 18 177 14 1
0.383333 14 178 20 3
0.39 20 167 9 7
0.396667 15 173 14 2
0.403333 13 154 10 2
0.41 13 173 16 1
0.416667 8 171 8 2
0.423333 16 171 12 1
0.43 11 152 14 1
0.436667 10 156 15 2
0.443333 10 181 11 2
0.45 15 159 14 4
0.456667 9 156 8 1
0.463333 10 198 18 1
0.47 6 189 9 1
0.476667 13 144 11 0
0.483333 10 91 7 0
0.49 6 93 12 3
0.496667 12 67 14 4
0.503333 10 63 9 1
0.51 9 60 10 2
0.516667 3 52 17 0
0.523333 12 58 8 0
0.53 8 67 11 0
0.536667 2 47 8 3
0.543333 13 55 4 1
0.55 9 56 6 2
0.556667 10 46 4 1
0.563333 4 45 9 1
0.57 6 78 4 1
0.576667 13 58 6 0
0.583333 7 59 11 2
0.59 5 51 6 1
0.596667 7 55 12 0
0.603333 6 50 4 2
0.61 10 43 5 0
0.616667 6 36 7 0
0.623333 1 50 7 0
0.63 10 49 7 1
0.636667 10 71 6 3
0.643333 15 41 4 2
0.65 7 39 7 0
0.656667 7 38 5 0
0.663333 240 8194 333 21
0.67 0 0 0 0
0.676667 0 0 0 0
0.683333 0 0 0 0
0.69 0 0 0 0
0.696667 0 0 0 0
0.703333 0 0 0 0
0.71 0 0 0 0
0.716667 0 0 0 0
0.723333 0 0 0 0
0.73 0 0 0 0
0.736667 0 0 0 0
0.743333 0 0 0 0
0.75 0 0 0 0
0.756667 0 0 0 0
0.763333 0 0 0 0
0.77 0 0 0 0
0.776667 0 0 0 0
0.783333 0 0 0 0
0.79 0 0 0 0
0.796667 0 0 0 0
0.803333 0 0 0 0
0.81 0 0 0 0
0.816667 0 0 0 0
0.823333 0 0 0 0
0.83 0 0 0 0
0.836667 0 0 0 0
0.843333 0 0 0 0
0.85 0 0 0 0
0.856667 0 0 0 0
0.863333 0 0 0 0
0.87 0 0 0 0
0.876667 0 0 0 0
0.883333 0 0 0 0
0.89 0 0 0 0
0.896667 0 0 0 0
0.903333 0 0 0 0
0.91 0 0 0 0
0.916667 0 0 0 0
0.923333 0 0 0 0
0.93 0 0 0 0
0.936667 0 0 0 0
0.943333 0 0 0 0
0.95 0 0 0 0
0.956667 0 0 0 0
0.963333 0 0 0 0
0.97 0 0 0 0
0.976667 0 0 0 0
0.983333 0 0 0 0
0.99 0 0 0 0
0.996667 0 0 0 0
1.00333 0 0 0 0
1.01 0 0 0 0
1.01667 0 0 0 0
1.02333 0 0 0 0
1.03 0 0 0 0
1.03667 0 0 0 0
1.04333 0 0 0 0
1.05 0 0 0 0
1.05667 0 0 0 0
1.06333 0 0 0 0
1.07 0 0 0 0
1.07667 0 0 0 0
1.08333 0 0 0 0
1.09 0 0 0 0
1.09667 0 0 0 0
1.10333 0 0 0 0
1.11 0 0 0 0
1.11667 0 0 0 0
1.12333 0 0 0 0
1.13 0 0 0 0
1.13667 0 0 0 0
1.14333 0 0 0 0
1.15 0 0 0 0
1.15667 0 0 0 0
1.16333 0 0 0 0
1.17 0 0 0 0
1.17667 0 0 0 0
1.18333 0 0 0 0
1.19 0 0 0 0
1.19667 0 0 0 0
1.20333 0 0 0 0
1.21 0 0 0 0
1.21667 0 0 0 0
1.22333 0 0 0 0
1.23 0 0 0 0
1.23667 0 0 0 0
1.24333 0 0 0 0
1.25 0 0 0 0
1.25667 0 0 0 0
1.26333 0 0 0 0
1.27 0 0 0 0
1.27667 0 0 0 0
1.28333 0 0 0 0
1.29 0 0 0 0
1.29667 0 0 0 0
1.30333 0 0 0 0
1.31 0 0 0 0
1.31667 0 0 0 0
1.32333 0 0 0 0
1.33 0 0 0 0
1.33667 0 0 0 0
1.34333 0 0 0 0
1.35 0 0 0 0
1.35667 0 0 0 0
1.36333 0 0 0 0
1.37 0 0 0 0
1.37667 0 0 0 0
1.38333 0 0 0 0
1.39 0 0 0 0
1.39667 0 0 0 0
1.40333 0 0 0 0
1.41 0 0 0 0
1.41667 0 0 0 0
1.42333 0 0 0 0
1.43 0 0 0 0
1.43667 0 0 0 0
1.44333 0 0 0 0
1.45 0 0 0 0
1.45667 0 0 0 0
1.46333 0 0 0 0
1.47 0 0 0 0
1.47667 0 0 0 0
1.48333 0 0 0 0
1.49 0 0 0 0
1.49667 0 0 0 0
1.50333 0 0 0 0
1.51 0 0 0 0
1.51667 0 0 0 0
1.52333 0 0 0 0
1.53 0 0 0 0
1.53667 0 0 0 0
1.54333 0 0 0 0
1.55 0 0 0 0
1.55667 0 0 0 0
1.56333 0 0 0 0
1.57 0 0 0 0
1.57667 0 0 0 0
1.58333 0 0 0 0
1.59 0 0 0 0
1.59667 0 0 0 0
1.60333 0 0 0 0
1.61 0 0 0 0
1.61667 0 0 0 0
1.62333 0 0 0 0
1.63 0 0 0 0
1.63667 0 0 0 0
1.64333 0 0 0 0
1.65 0 0 0 0
1.65667 0 0 0 0
1.66333 0 0 0 0
1.67 0 0 0 0
1.67667 0 0 0 0
1.68333 0 0 0 0
1.69 0 0 0 0
1.69667 0 0 0 0
1.70333 0 0 0 0
1.71 0 0 0 0
1.71667 0 0 0 0
1.72333 0 0 0 0
1.73 0 0 0 0
1.73667 0 0 0 0
1.74333 0 0 0 0
1.75 0 0 0 0
1.75667 0 0 0 0
1.76333 0 0 0 0
1.77 0 0 0 0
1.77667 0 0 0 0
1.78333 0 0 0 0
1.79 0 0 0 0
1.79667 0 0 0 0
1.80333 0 0 0 0
1.81 0 0 0 0
1.81667 0 0 0 0
1.82333 0 0 0 0
1.83 0 0 0 0
1.83667 0 0 0 0
1.84333 0 0 0 0
1.85 0 0 0 0
1.85667 0 0 0 0
1.86333 0 0 0 0
1.87 0 0 0 0
1.87667 0 0 0 0
1.88333 0 0 0 0
1.89 0 0 0 0
1.89667 0 0 0 0
1.90333 0 0 0 0
1.91 0 0 0 0
1.91667 0 0 0 0
1.92333 0 0 0 0
1.93 0 0 0 0
1.93667 0 0 0 0
1.94333 0 0 0 0
1.95 0 0 0 0
1.95667 0 0 0 0
1.96333 0 0 0 0
1.97 0 0 0 0
1.97667 0 0 0 0
1.98333 0 0 0 0
1.99 0 0 0 0
1.99667 0 0 0 0
