0.00333333 42 41 2 1
0.01 52 42 0 0
0.0166667 42 50 0 0
0.0233333 42 40 2 0
0.03 59 32 3 3
0.0366667 59 55 1 0
0.0433333 50 48 3 2
0.05 79 65 0 1
0.0566667 70 44 1 1
0.0633333 79 78 2 1
0.07 101 58 7 2
0.0766667 90 65 3 0
0.0833333 92 78 1 0
0.09 116 61 2 1
0.0966667 134 67 1 2
0.103333 107 71 3 1
0.11 108 70 3 1
0.116667 108 89 1 2
0.123333 129 77 4 0
0.13 111 81 3 0
0.136667 110 74 0 0
0.143333 111 75 5 1
0.15 105 66 2 0
0.156667 97 82 2 2
0.163333 109 85 1 3
0.17 107 66 1 0
0.176667 98 60 3 1
0.183333 113 88 2 0
0.19 92 118 3 0
0.196667 95 96 1 2
0.203333 115 92 2 1
0.21 96 83 2 1
0.216667 98 111 2 1
0.223333 104 85 3 0
0.23 82 102 0 1
0.236667 80 85 0 0
0.243333 111 62 2 3
0.25 78 78 0 0
0.256667 78 66 3 0
0.263333 76 63 3 2
0.27 71 53 0 2
0.276667 73 50 2 1
0.283333 83 73 2 0
0.29 69 40 1 1
0.296667 85 62 1 0
0.303333 76 43 4 0
0.31 59 53 1 1
0.316667 77 55 1 0
0.323333 67 51 0 0
0.33 67 50 2 2
0.336667 63 56 2 1
0.343333 63 45 1 2
0.35 60 41 1 3
0.356667 59 43 3 1
0.363333 72 55 1 1
0.37 58 56 1 1
0.376667 66 43 2 0
0.383333 59 47 0 0
0.39 63 52 1 1
0.396667 58 38 0 0
0.403333 50 52 0 0
0.41 61 43 2 2
0.416667 56 49 2 1
0.423333 54 51 0 0
0.43 61 60 1 3
0.436667 62 49 0 0
0.443333 60 60 2 0
0.45 66 57 0 0
0.456667 59 49 1 0
0.463333 57 55 1 0
0.47 72 53 3 0
0.476667 70 34 0 0
0.483333 32 13 0 2
0.49 34 21 1 2
0.496667 26 20 0 0
0.503333 33 15 2 0
0.51 41 15 0 0
0.516667 25 17 0 1
0.523333 35 13 0 0
0.53 27 15 0 0
0.536667 39 8 0 1
0.543333 33 10 0 1
0.55 28 15 0 1
0.556667 29 9 3 0
0.563333 27 10 1 0
0.57 22 8 1 0
0.576667 34 7 0 0
0.583333 41 5 0 0
0.59 31 11 2 0
0.596667 31 7 0 0
0.603333 33 4 0 1
0.61 43 11 0 0
0.616667 31 3 1 0
0.623333 26 3 2 0
0.63 23 5 1 0
0.636667 34 3 0 1
0.643333 23 10 1 2
0.65 33 6 1 0
0.656667 24 2 1 1
0.663333 1929 2430 12 17
0.67 0 0 0 0
0.676667 0 0 0 0
0.683333 0 0 0 0
0.69 0 0 0 0
0.696667 0 0 0 0
0.703333 0 0 0 0
0.71 0 0 0 0
0.716667 0 0 0 0
0.723333 0 0 0 0
0.73 0 0 0 0
0.736667 0 0 0 0
0.743333 0 0 0 0
0.75 0 0 0 0
0.756667 0 0 0 0
0.763333 0 0 0 0
0.77 0 0 0 0
0.776667 0 0 0 0
0.783333 0 0 0 0
0.79 0 0 0 0
0.796667 0 0 0 0
0.803333 0 0 0 0
0.81 0 0 0 0
0.816667 0 0 0 0
0.823333 0 0 0 0
0.83 0 0 0 0
0.836667 0 0 0 0
0.843333 0 0 0 0
0.85 0 0 0 0
0.856667 0 0 0 0
0.863333 0 0 0 0
0.87 0 0 0 0
0.876667 0 0 0 0
0.883333 0 0 0 0
0.89 0 0 0 0
0.896667 0 0 0 0
0.903333 0 0 0 0
0.91 0 0 0 0
0.916667 0 0 0 0
0.923333 0 0 0 0
0.93 0 0 0 0
0.936667 0 0 0 0
0.943333 0 0 0 0
0.95 0 0 0 0
0.956667 0 0 0 0
0.963333 0 0 0 0
0.97 0 0 0 0
0.976667 0 0 0 0
0.983333 0 0 0 0
0.99 0 0 0 0
0.996667 0 0 0 0
1.00333 0 0 0 0
1.01 0 0 0 0
1.01667 0 0 0 0
1.02333 0 0 0 0
1.03 0 0 0 0
1.03667 0 0 0 0
1.04333 0 0 0 0
1.05 0 0 0 0
1.05667 0 0 0 0
1.06333 0 0 0 0
1.07 0 0 0 0
1.07667 0 0 0 0
1.08333 0 0 0 0
1.09 0 0 0 0
1.09667 0 0 0 0
1.10333 0 0 0 0
1.11 0 0 0 0
1.11667 0 0 0 0
1.12333 0 0 0 0
1.13 0 0 0 0
1.13667 0 0 0 0
1.14333 0 0 0 0
1.15 0 0 0 0
1.15667 0 0 0 0
1.16333 0 0 0 0
1.17 0 0 0 0
1.17667 0 0 0 0
1.18333 0 0 0 0
1.19 0 0 0 0
1.19667 0 0 0 0
1.20333 0 0 0 0
1.21 0 0 0 0
1.21667 0 0 0 0
1.22333 0 0 0 0
1.23 0 0 0 0
1.23667 0 0 0 0
1.24333 0 0 0 0
1.25 0 0 0 0
1.25667 0 0 0 0
1.26333 0 0 0 0
1.27 0 0 0 0
1.27667 0 0 0 0
1.28333 0 0 0 0
1.29 0 0 0 0
1.29667 0 0 0 0
1.30333 0 0 0 0
1.31 0 0 0 0
1.31667 0 0 0 0
1.32333 0 0 0 0
1.33 0 0 0 0
1.33667 0 0 0 0
1.34333 0 0 0 0
1.35 0 0 0 0
1.35667 0 0 0 0
1.36333 0 0 0 0
1.37 0 0 0 0
1.37667 0 0 0 0
1.38333 0 0 0 0
1.39 0 0 0 0
1.39667 0 0 0 0
1.40333 0 0 0 0
1.41 0 0 0 0
1.41667 0 0 0 0
1.42333 0 0 0 0
1.43 0 0 0 0
1.43667 0 0 0 0
1.44333 0 0 0 0
1.45 0 0 0 0
1.45667 0 0 0 0
1.46333 0 0 0 0
1.47 0 0 0 0
1.47667 0 0 0 0
1.48333 0 0 0 0
1.49 0 0 0 0
1.49667 0 0 0 0
1.50333 0 0 0 0
1.51 0 0 0 0
1.51667 0 0 0 0
1.52333 0 0 0 0
1.53 0 0 0 0
1.53667 0 0 0 0
1.54333 0 0 0 0
1.55 0 0 0 0
1.55667 0 0 0 0
1.56333 0 0 0 0
1.57 0 0 0 0
1.57667 0 0 0 0
1.58333 0 0 0 0
1.59 0 0 0 0
1.59667 0 0 0 0
1.60333 0 0 0 0
1.61 0 0 0 0
1.61667 0 0 0 0
1.62333 0 0 0 0
1.63 0 0 0 0
1.63667 0 0 0 0
1.64333 0 0 0 0
1.65 0 0 0 0
1.65667 0 0 0 0
1.66333 0 0 0 0
1.67 0 0 0 0
1.67667 0 0 0 0
1.68333 0 0 0 0
1.69 0 0 0 0
1.69667 0 0 0 0
1.70333 0 0 0 0
1.71 0 0 0 0
1.71667 0 0 0 0
1.72333 0 0 0 0
1.73 0 0 0 0
1.73667 0 0 0 0
1.74333 0 0 0 0
1.75 0 0 0 0
1.75667 0 0 0 0
1.76333 0 0 0 0
1.77 0 0 0 0
1.77667 0 0 0 0
1.78333 0 0 0 0
1.79 0 0 0 0
1.79667 0 0 0 0
1.80333 0 0 0 0
1.81 0 0 0 0
1.81667 0 0 0 0
1.82333 0 0 0 0
1.83 0 0 0 0
1.83667 0 0 0 0
1.84333 0 0 0 0
1.85 0 0 0 0
1.85667 0 0 0 0
1.86333 0 0 0 0
1.87 0 0 0 0
1.87667 0 0 0 0
1.88333 0 0 0 0
1.89 0 0 0 0
1.89667 0 0 0 0
1.90333 0 0 0 0
1.91 0 0 0 0
1.91667 0 0 0 0
1.92333 0 0 0 0
1.93 0 0 0 0
1.93667 0 0 0 0
1.94333 0 0 0 0
1.95 0 0 0 0
1.95667 0 0 0 0
1.96333 0 0 0 0
1.97 0 0 0 0
1.97667 0 0 0 0
1.98333 0 0 0 0
1.99 0 0 0 0
1.99667 0 0 0 0
