0.00333333 191 8 1 2
0.01 218 14 1 3
0.0166667 214 14 1 3
0.0233333 197 23 2 5
0.03 232 17 2 5
0.0366667 227 22 2 8
0.0433333 242 30 2 8
0.05 241 42 1 4
0.0566667 307 41 2 8
0.0633333 295 43 4 8
0.07 282 44 4 6
0.0766667 363 42 3 2
0.0833333 322 47 1 3
0.09 339 41 1 7
0.0966667 317 44 1 3
0.103333 313 42 4 11
0.11 334 41 4 5
0.116667 324 44 3 7
0.123333 370 40 0 10
0.13 367 34 3 8
0.136667 411 38 1 4
0.143333 367 35 0 9
0.15 447 35 3 6
0.156667 391 34 2 3
0.163333 446 30 0 3
0.17 387 30 4 3
0.176667 400 30 2 7
0.183333 555 36 2 5
0.19 806 45 0 8
0.196667 800 32 1 15
0.203333 680 32 1 8
0.21 597 45 1 5
0.216667 495 34 4 12
0.223333 458 34 1 11
0.23 429 28 2 7
0.236667 369 35 1 9
0.243333 326 29 2 10
0.25 330 34 0 10
0.256667 310 23 0 4
0.263333 302 28 3 6
0.27 260 19 3 10
0.276667 278 22 2 5
0.283333 270 23 5 5
0.29 241 19 2 8
0.296667 243 24 0 9
0.303333 221 24 3 6
0.31 220 21 0 10
0.316667 238 19 0 8
0.323333 235 16 1 3
0.33 237 29 1 5
0.336667 218 26 1 2
0.343333 212 18 2 8
0.35 237 16 2 1
0.356667 214 17 4 5
0.363333 228 20 1 8
0.37 206 26 2 8
0.376667 222 16 1 7
0.383333 213 15 1 5
0.39 205 10 1 3
0.396667 237 11 1 2
0.403333 208 16 2 7
0.41 227 19 1 7
0.416667 217 18 2 6
0.423333 232 23 1 5
0.43 218 22 1 4
0.436667 203 15 2 8
0.443333 216 11 2 8
0.45 204 20 0 2
0.456667 217 12 0 4
0.463333 215 23 1 6
0.47 227 11 1 6
0.476667 193 16 2 4
0.483333 103 6 1 1
0.49 86 16 1 3
0.496667 64 17 0 0
0.503333 42 15 1 4
0.51 69 12 0 0
0.516667 51 11 2 3
0.523333 50 12 0 4
0.53 53 6 0 2
0.536667 55 5 0 0
0.543333 45 5 0 2
0.55 54 13 1 3
0.556667 29 5 0 3
0.563333 40 10 1 2
0.57 47 14 1 2
0.576667 30 8 0 4
0.583333 40 8 1 3
0.59 33 8 1 3
0.596667 35 11 2 0
0.603333 29 7 1 3
0.61 38 7 4 1
0.616667 28 12 0 2
0.623333 22 9 1 3
0.63 38 7 0 1
0.636667 66 11 0 0
0.643333 17 5 0 1
0.65 22 12 0 1
0.656667 18 10 1 2
0.663333 15481 368 14 327
0.67 0 0 0 0
0.676667 0 0 0 0
0.683333 0 0 0 0
0.69 0 0 0 0
0.696667 0 0 0 0
0.703333 0 0 0 0
0.71 0 0 0 0
0.716667 0 0 0 0
0.723333 0 0 0 0
0.73 0 0 0 0
0.736667 0 0 0 0
0.743333 0 0 0 0
0.75 0 0 0 0
0.756667 0 0 0 0
0.763333 0 0 0 0
0.77 0 0 0 0
0.776667 0 0 0 0
0.783333 0 0 0 0
0.79 0 0 0 0
0.796667 0 0 0 0
0.803333 0 0 0 0
0.81 0 0 0 0
0.816667 0 0 0 0
0.823333 0 0 0 0
0.83 0 0 0 0
0.836667 0 0 0 0
0.843333 0 0 0 0
0.85 0 0 0 0
0.856667 0 0 0 0
0.863333 0 0 0 0
0.87 0 0 0 0
0.876667 0 0 0 0
0.883333 0 0 0 0
0.89 0 0 0 0
0.896667 0 0 0 0
0.903333 0 0 0 0
0.91 0 0 0 0
0.916667 0 0 0 0
0.923333 0 0 0 0
0.93 0 0 0 0
0.936667 0 0 0 0
0.943333 0 0 0 0
0.95 0 0 0 0
0.956667 0 0 0 0
0.963333 0 0 0 0
0.97 0 0 0 0
0.976667 0 0 0 0
0.983333 0 0 0 0
0.99 0 0 0 0
0.996667 0 0 0 0
1.00333 0 0 0 0
1.01 0 0 0 0
1.01667 0 0 0 0
1.02333 0 0 0 0
1.03 0 0 0 0
1.03667 0 0 0 0
1.04333 0 0 0 0
1.05 0 0 0 0
1.05667 0 0 0 0
1.06333 0 0 0 0
1.07 0 0 0 0
1.07667 0 0 0 0
1.08333 0 0 0 0
1.09 0 0 0 0
1.09667 0 0 0 0
1.10333 0 0 0 0
1.11 0 0 0 0
1.11667 0 0 0 0
1.12333 0 0 0 0
1.13 0 0 0 0
1.13667 0 0 0 0
1.14333 0 0 0 0
1.15 0 0 0 0
1.15667 0 0 0 0
1.16333 0 0 0 0
1.17 0 0 0 0
1.17667 0 0 0 0
1.18333 0 0 0 0
1.19 0 0 0 0
1.19667 0 0 0 0
1.20333 0 0 0 0
1.21 0 0 0 0
1.21667 0 0 0 0
1.22333 0 0 0 0
1.23 0 0 0 0
1.23667 0 0 0 0
1.24333 0 0 0 0
1.25 0 0 0 0
1.25667 0 0 0 0
1.26333 0 0 0 0
1.27 0 0 0 0
1.27667 0 0 0 0
1.28333 0 0 0 0
1.29 0 0 0 0
1.29667 0 0 0 0
1.30333 0 0 0 0
1.31 0 0 0 0
1.31667 0 0 0 0
1.32333 0 0 0 0
1.33 0 0 0 0
1.33667 0 0 0 0
1.34333 0 0 0 0
1.35 0 0 0 0
1.35667 0 0 0 0
1.36333 0 0 0 0
1.37 0 0 0 0
1.37667 0 0 0 0
1.38333 0 0 0 0
1.39 0 0 0 0
1.39667 0 0 0 0
1.40333 0 0 0 0
1.41 0 0 0 0
1.41667 0 0 0 0
1.42333 0 0 0 0
1.43 0 0 0 0
1.43667 0 0 0 0
1.44333 0 0 0 0
1.45 0 0 0 0
1.45667 0 0 0 0
1.46333 0 0 0 0
1.47 0 0 0 0
1.47667 0 0 0 0
1.48333 0 0 0 0
1.49 0 0 0 0
1.49667 0 0 0 0
1.50333 0 0 0 0
1.51 0 0 0 0
1.51667 0 0 0 0
1.52333 0 0 0 0
1.53 0 0 0 0
1.53667 0 0 0 0
1.54333 0 0 0 0
1.55 0 0 0 0
1.55667 0 0 0 0
1.56333 0 0 0 0
1.57 0 0 0 0
1.57667 0 0 0 0
1.58333 0 0 0 0
1.59 0 0 0 0
1.59667 0 0 0 0
1.60333 0 0 0 0
1.61 0 0 0 0
1.61667 0 0 0 0
1.62333 0 0 0 0
1.63 0 0 0 0
1.63667 0 0 0 0
1.64333 0 0 0 0
1.65 0 0 0 0
1.65667 0 0 0 0
1.66333 0 0 0 0
1.67 0 0 0 0
1.67667 0 0 0 0
1.68333 0 0 0 0
1.69 0 0 0 0
1.69667 0 0 0 0
1.70333 0 0 0 0
1.71 0 0 0 0
1.71667 0 0 0 0
1.72333 0 0 0 0
1.73 0 0 0 0
1.73667 0 0 0 0
1.74333 0 0 0 0
1.75 0 0 0 0
1.75667 0 0 0 0
1.76333 0 0 0 0
1.77 0 0 0 0
1.77667 0 0 0 0
1.78333 0 0 0 0
1.79 0 0 0 0
1.79667 0 0 0 0
1.80333 0 0 0 0
1.81 0 0 0 0
1.81667 0 0 0 0
1.82333 0 0 0 0
1.83 0 0 0 0
1.83667 0 0 0 0
1.84333 0 0 0 0
1.85 0 0 0 0
1.85667 0 0 0 0
1.86333 0 0 0 0
1.87 0 0 0 0
1.87667 0 0 0 0
1.88333 0 0 0 0
1.89 0 0 0 0
1.89667 0 0 0 0
1.90333 0 0 0 0
1.91 0 0 0 0
1.91667 0 0 0 0
1.92333 0 0 0 0
1.93 0 0 0 0
1.93667 0 0 0 0
1.94333 0 0 0 0
1.95 0 0 0 0
1.95667 0 0 0 0
1.96333 0 0 0 0
1.97 0 0 0 0
1.97667 0 0 0 0
1.98333 0 0 0 0
1.99 0 0 0 0
1.99667 0 0 0 0
