0.00333333 8 81 11 3
0.01 9 90 12 2
0.0166667 8 73 10 3
0.0233333 5 85 10 3
0.03 12 94 20 3
0.0366667 17 106 22 7
0.0433333 21 114 38 6
0.05 9 137 30 11
0.0566667 20 151 33 14
0.0633333 26 162 42 7
0.07 29 188 54 12
0.0766667 20 193 41 15
0.0833333 23 179 59 15
0.09 29 197 61 13
0.0966667 27 214 39 12
0.103333 33 196 47 10
0.11 25 201 60 13
0.116667 24 232 43 5
0.123333 20 207 43 16
0.13 17 209 37 12
0.136667 22 186 46 15
0.143333 19 244 43 15
0.15 26 191 49 5
0.156667 25 213 29 11
0.163333 23 202 32 9
0.17 25 177 32 12
0.176667 21 182 30 13
0.183333 26 250 43 8
0.19 21 285 39 16
0.196667 27 319 47 8
0.203333 26 240 42 13
0.21 25 218 43 17
0.216667 18 210 29 5
0.223333 22 186 21 10
0.23 19 209 41 14
0.236667 12 176 32 9
0.243333 6 152 27 8
0.25 17 167 23 5
0.256667 18 147 31 3
0.263333 20 141 28 9
0.27 12 144 23 7
0.276667 15 134 31 5
0.283333 12 126 23 5
0.29 16 130 22 7
0.296667 18 114 18 5
0.303333 18 125 19 8
0.31 17 115 28 4
0.316667 15 119 18 8
0.323333 14 122 20 12
0.33 13 114 15 4
0.336667 18 101 16 3
0.343333 15 114 16 8
0.35 12 101 19 11
0.356667 10 95 16 6
0.363333 10 89 18 7
0.37 13 86 16 5
0.376667 13 79 15 4
0.383333 11 89 25 5
0.39 10 92 19 3
0.396667 8 85 23 3
0.403333 8 104 21 8
0.41 7 76 14 2
0.416667 6 102 23 4
0.423333 18 82 13 6
0.43 7 78 14 8
0.436667 9 99 16 5
0.443333 12 93 22 3
0.45 11 100 15 5
0.456667 9 76 12 8
0.463333 10 100 23 3
0.47 10 84 21 6
0.476667 9 87 18 9
0.483333 5 39 14 2
0.49 5 43 13 5
0.496667 10 47 7 4
0.503333 7 39 12 4
0.51 4 46 8 2
0.516667 3 52 11 5
0.523333 2 29 15 1
0.53 6 27 8 3
0.536667 8 38 8 3
0.543333 7 15 11 4
0.55 5 27 14 0
0.556667 8 28 10 2
0.563333 8 29 9 5
0.57 5 22 6 2
0.576667 5 35 13 3
0.583333 6 24 17 4
0.59 5 13 6 1
0.596667 7 18 8 5
0.603333 7 22 10 7
0.61 4 26 11 2
0.616667 5 18 9 4
0.623333 9 25 10 5
0.63 6 32 8 3
0.636667 5 39 9 2
0.643333 5 22 9 3
0.65 7 15 10 4
0.656667 6 23 7 5
0.663333 237 4511 343 103
0.67 0 0 0 0
0.676667 0 0 0 0
0.683333 0 0 0 0
0.69 0 0 0 0
0.696667 0 0 0 0
0.703333 0 0 0 0
0.71 0 0 0 0
0.716667 0 0 0 0
0.723333 0 0 0 0
0.73 0 0 0 0
0.736667 0 0 0 0
0.743333 0 0 0 0
0.75 0 0 0 0
0.756667 0 0 0 0
0.763333 0 0 0 0
0.77 0 0 0 0
0.776667 0 0 0 0
0.783333 0 0 0 0
0.79 0 0 0 0
0.796667 0 0 0 0
0.803333 0 0 0 0
0.81 0 0 0 0
0.816667 0 0 0 0
0.823333 0 0 0 0
0.83 0 0 0 0
0.836667 0 0 0 0
0.843333 0 0 0 0
0.85 0 0 0 0
0.856667 0 0 0 0
0.863333 0 0 0 0
0.87 0 0 0 0
0.876667 0 0 0 0
0.883333 0 0 0 0
0.89 0 0 0 0
0.896667 0 0 0 0
0.903333 0 0 0 0
0.91 0 0 0 0
0.916667 0 0 0 0
0.923333 0 0 0 0
0.93 0 0 0 0
0.936667 0 0 0 0
0.943333 0 0 0 0
0.95 0 0 0 0
0.956667 0 0 0 0
0.963333 0 0 0 0
0.97 0 0 0 0
0.976667 0 0 0 0
0.983333 0 0 0 0
0.99 0 0 0 0
0.996667 0 0 0 0
1.00333 0 0 0 0
1.01 0 0 0 0
1.01667 0 0 0 0
1.02333 0 0 0 0
1.03 0 0 0 0
1.03667 0 0 0 0
1.04333 0 0 0 0
1.05 0 0 0 0
1.05667 0 0 0 0
1.06333 0 0 0 0
1.07 0 0 0 0
1.07667 0 0 0 0
1.08333 0 0 0 0
1.09 0 0 0 0
1.09667 0 0 0 0
1.10333 0 0 0 0
1.11 0 0 0 0
1.11667 0 0 0 0
1.12333 0 0 0 0
1.13 0 0 0 0
1.13667 0 0 0 0
1.14333 0 0 0 0
1.15 0 0 0 0
1.15667 0 0 0 0
1.16333 0 0 0 0
1.17 0 0 0 0
1.17667 0 0 0 0
1.18333 0 0 0 0
1.19 0 0 0 0
1.19667 0 0 0 0
1.20333 0 0 0 0
1.21 0 0 0 0
1.21667 0 0 0 0
1.22333 0 0 0 0
1.23 0 0 0 0
1.23667 0 0 0 0
1.24333 0 0 0 0
1.25 0 0 0 0
1.25667 0 0 0 0
1.26333 0 0 0 0
1.27 0 0 0 0
1.27667 0 0 0 0
1.28333 0 0 0 0
1.29 0 0 0 0
1.29667 0 0 0 0
1.30333 0 0 0 0
1.31 0 0 0 0
1.31667 0 0 0 0
1.32333 0 0 0 0
1.33 0 0 0 0
1.33667 0 0 0 0
1.34333 0 0 0 0
1.35 0 0 0 0
1.35667 0 0 0 0
1.36333 0 0 0 0
1.37 0 0 0 0
1.37667 0 0 0 0
1.38333 0 0 0 0
1.39 0 0 0 0
1.39667 0 0 0 0
1.40333 0 0 0 0
1.41 0 0 0 0
1.41667 0 0 0 0
1.42333 0 0 0 0
1.43 0 0 0 0
1.43667 0 0 0 0
1.44333 0 0 0 0
1.45 0 0 0 0
1.45667 0 0 0 0
1.46333 0 0 0 0
1.47 0 0 0 0
1.47667 0 0 0 0
1.48333 0 0 0 0
1.49 0 0 0 0
1.49667 0 0 0 0
1.50333 0 0 0 0
1.51 0 0 0 0
1.51667 0 0 0 0
1.52333 0 0 0 0
1.53 0 0 0 0
1.53667 0 0 0 0
1.54333 0 0 0 0
1.55 0 0 0 0
1.55667 0 0 0 0
1.56333 0 0 0 0
1.57 0 0 0 0
1.57667 0 0 0 0
1.58333 0 0 0 0
1.59 0 0 0 0
1.59667 0 0 0 0
1.60333 0 0 0 0
1.61 0 0 0 0
1.61667 0 0 0 0
1.62333 0 0 0 0
1.63 0 0 0 0
1.63667 0 0 0 0
1.64333 0 0 0 0
1.65 0 0 0 0
1.65667 0 0 0 0
1.66333 0 0 0 0
1.67 0 0 0 0
1.67667 0 0 0 0
1.68333 0 0 0 0
1.69 0 0 0 0
1.69667 0 0 0 0
1.70333 0 0 0 0
1.71 0 0 0 0
1.71667 0 0 0 0
1.72333 0 0 0 0
1.73 0 0 0 0
1.73667 0 0 0 0
1.74333 0 0 0 0
1.75 0 0 0 0
1.75667 0 0 0 0
1.76333 0 0 0 0
1.77 0 0 0 0
1.77667 0 0 0 0
1.78333 0 0 0 0
1.79 0 0 0 0
1.79667 0 0 0 0
1.80333 0 0 0 0
1.81 0 0 0 0
1.81667 0 0 0 0
1.82333 0 0 0 0
1.83 0 0 0 0
1.83667 0 0 0 0
1.84333 0 0 0 0
1.85 0 0 0 0
1.85667 0 0 0 0
1.86333 0 0 0 0
1.87 0 0 0 0
1.87667 0 0 0 0
1.88333 0 0 0 0
1.89 0 0 0 0
1.89667 0 0 0 0
1.90333 0 0 0 0
1.91 0 0 0 0
1.91667 0 0 0 0
1.92333 0 0 0 0
1.93 0 0 0 0
1.93667 0 0 0 0
1.94333 0 0 0 0
1.95 0 0 0 0
1.95667 0 0 0 0
1.96333 0 0 0 0
1.97 0 0 0 0
1.97667 0 0 0 0
1.98333 0 0 0 0
1.99 0 0 0 0
1.99667 0 0 0 0
