0.00333333 0 14 93 14
0.01 1 10 101 11
0.0166667 1 10 118 20
0.0233333 0 12 113 15
0.03 1 10 112 22
0.0366667 2 11 141 22
0.0433333 1 10 138 29
0.05 1 14 168 38
0.0566667 1 10 162 41
0.0633333 1 13 186 35
0.07 5 12 213 51
0.0766667 2 21 223 49
0.0833333 2 19 216 52
0.09 0 20 226 44
0.0966667 0 22 215 46
0.103333 1 17 232 57
0.11 3 19 235 50
0.116667 1 17 234 57
0.123333 1 22 259 41
0.13 2 20 267 34
0.136667 2 17 244 37
0.143333 5 22 231 57
0.15 1 26 247 39
0.156667 0 18 243 45
0.163333 0 16 238 28
0.17 2 22 237 32
0.176667 1 19 218 34
0.183333 1 17 249 46
0.19 0 17 287 47
0.196667 0 24 274 36
0.203333 1 16 290 25
0.21 1 22 247 24
0.216667 3 25 251 32
0.223333 2 18 295 33
0.23 3 16 243 22
0.236667 3 16 232 28
0.243333 0 14 212 27
0.25 0 17 214 18
0.256667 1 24 196 20
0.263333 0 22 198 34
0.27 1 12 163 22
0.276667 0 14 175 25
0.283333 1 17 172 25
0.29 2 14 147 18
0.296667 1 10 197 20
0.303333 0 14 163 26
0.31 0 19 152 22
0.316667 3 16 168 20
0.323333 1 10 148 21
0.33 0 18 148 18
0.336667 0 18 131 14
0.343333 0 12 133 15
0.35 0 11 128 14
0.356667 0 12 152 6
0.363333 2 16 123 25
0.37 3 10 142 16
0.376667 0 14 139 24
0.383333 2 12 134 18
0.39 0 11 115 17
0.396667 4 16 116 23
0.403333 1 21 111 18
0.41 0 15 136 19
0.416667 0 12 98 11
0.423333 2 14 125 17
0.43 1 14 122 15
0.436667 2 18 138 17
0.443333 1 12 121 16
0.45 1 19 122 18
0.456667 0 17 111 13
0.463333 0 11 114 16
0.47 0 16 135 20
0.476667 0 9 108 7
0.483333 1 4 70 10
0.49 0 7 73 7
0.496667 0 6 57 12
0.503333 0 6 45 13
0.51 0 2 50 14
0.516667 1 10 39 10
0.523333 1 3 51 11
0.53 0 2 56 12
0.536667 0 4 40 9
0.543333 0 4 34 12
0.55 0 6 51 12
0.556667 0 4 45 12
0.563333 0 3 35 8
0.57 0 7 36 9
0.576667 0 3 43 7
0.583333 1 8 39 13
0.59 0 7 37 7
0.596667 0 7 42 10
0.603333 1 6 32 4
0.61 2 7 33 12
0.616667 1 2 41 6
0.623333 0 5 34 11
0.63 0 2 36 10
0.636667 0 6 52 10
0.643333 0 5 23 10
0.65 0 9 35 6
0.656667 0 3 32 10
0.663333 5 510 5614 291
0.67 0 0 0 0
0.676667 0 0 0 0
0.683333 0 0 0 0
0.69 0 0 0 0
0.696667 0 0 0 0
0.703333 0 0 0 0
0.71 0 0 0 0
0.716667 0 0 0 0
0.723333 0 0 0 0
0.73 0 0 0 0
0.736667 0 0 0 0
0.743333 0 0 0 0
0.75 0 0 0 0
0.756667 0 0 0 0
0.763333 0 0 0 0
0.77 0 0 0 0
0.776667 0 0 0 0
0.783333 0 0 0 0
0.79 0 0 0 0
0.796667 0 0 0 0
0.803333 0 0 0 0
0.81 0 0 0 0
0.816667 0 0 0 0
0.823333 0 0 0 0
0.83 0 0 0 0
0.836667 0 0 0 0
0.843333 0 0 0 0
0.85 0 0 0 0
0.856667 0 0 0 0
0.863333 0 0 0 0
0.87 0 0 0 0
0.876667 0 0 0 0
0.883333 0 0 0 0
0.89 0 0 0 0
0.896667 0 0 0 0
0.903333 0 0 0 0
0.91 0 0 0 0
0.916667 0 0 0 0
0.923333 0 0 0 0
0.93 0 0 0 0
0.936667 0 0 0 0
0.943333 0 0 0 0
0.95 0 0 0 0
0.956667 0 0 0 0
0.963333 0 0 0 0
0.97 0 0 0 0
0.976667 0 0 0 0
0.983333 0 0 0 0
0.99 0 0 0 0
0.996667 0 0 0 0
1.00333 0 0 0 0
1.01 0 0 0 0
1.01667 0 0 0 0
1.02333 0 0 0 0
1.03 0 0 0 0
1.03667 0 0 0 0
1.04333 0 0 0 0
1.05 0 0 0 0
1.05667 0 0 0 0
1.06333 0 0 0 0
1.07 0 0 0 0
1.07667 0 0 0 0
1.08333 0 0 0 0
1.09 0 0 0 0
1.09667 0 0 0 0
1.10333 0 0 0 0
1.11 0 0 0 0
1.11667 0 0 0 0
1.12333 0 0 0 0
1.13 0 0 0 0
1.13667 0 0 0 0
1.14333 0 0 0 0
1.15 0 0 0 0
1.15667 0 0 0 0
1.16333 0 0 0 0
1.17 0 0 0 0
1.17667 0 0 0 0
1.18333 0 0 0 0
1.19 0 0 0 0
1.19667 0 0 0 0
1.20333 0 0 0 0
1.21 0 0 0 0
1.21667 0 0 0 0
1.22333 0 0 0 0
1.23 0 0 0 0
1.23667 0 0 0 0
1.24333 0 0 0 0
1.25 0 0 0 0
1.25667 0 0 0 0
1.26333 0 0 0 0
1.27 0 0 0 0
1.27667 0 0 0 0
1.28333 0 0 0 0
1.29 0 0 0 0
1.29667 0 0 0 0
1.30333 0 0 0 0
1.31 0 0 0 0
1.31667 0 0 0 0
1.32333 0 0 0 0
1.33 0 0 0 0
1.33667 0 0 0 0
1.34333 0 0 0 0
1.35 0 0 0 0
1.35667 0 0 0 0
1.36333 0 0 0 0
1.37 0 0 0 0
1.37667 0 0 0 0
1.38333 0 0 0 0
1.39 0 0 0 0
1.39667 0 0 0 0
1.40333 0 0 0 0
1.41 0 0 0 0
1.41667 0 0 0 0
1.42333 0 0 0 0
1.43 0 0 0 0
1.43667 0 0 0 0
1.44333 0 0 0 0
1.45 0 0 0 0
1.45667 0 0 0 0
1.46333 0 0 0 0
1.47 0 0 0 0
1.47667 0 0 0 0
1.48333 0 0 0 0
1.49 0 0 0 0
1.49667 0 0 0 0
1.50333 0 0 0 0
1.51 0 0 0 0
1.51667 0 0 0 0
1.52333 0 0 0 0
1.53 0 0 0 0
1.53667 0 0 0 0
1.54333 0 0 0 0
1.55 0 0 0 0
1.55667 0 0 0 0
1.56333 0 0 0 0
1.57 0 0 0 0
1.57667 0 0 0 0
1.58333 0 0 0 0
1.59 0 0 0 0
1.59667 0 0 0 0
1.60333 0 0 0 0
1.61 0 0 0 0
1.61667 0 0 0 0
1.62333 0 0 0 0
1.63 0 0 0 0
1.63667 0 0 0 0
1.64333 0 0 0 0
1.65 0 0 0 0
1.65667 0 0 0 0
1.66333 0 0 0 0
1.67 0 0 0 0
1.67667 0 0 0 0
1.68333 0 0 0 0
1.69 0 0 0 0
1.69667 0 0 0 0
1.70333 0 0 0 0
1.71 0 0 0 0
1.71667 0 0 0 0
1.72333 0 0 0 0
1.73 0 0 0 0
1.73667 0 0 0 0
1.74333 0 0 0 0
1.75 0 0 0 0
1.75667 0 0 0 0
1.76333 0 0 0 0
1.77 0 0 0 0
1.77667 0 0 0 0
1.78333 0 0 0 0
1.79 0 0 0 0
1.79667 0 0 0 0
1.80333 0 0 0 0
1.81 0 0 0 0
1.81667 0 0 0 0
1.82333 0 0 0 0
1.83 0 0 0 0
1.83667 0 0 0 0
1.84333 0 0 0 0
1.85 0 0 0 0
1.85667 0 0 0 0
1.86333 0 0 0 0
1.87 0 0 0 0
1.87667 0 0 0 0
1.88333 0 0 0 0
1.89 0 0 0 0
1.89667 0 0 0 0
1.90333 0 0 0 0
1.91 0 0 0 0
1.91667 0 0 0 0
1.92333 0 0 0 0
1.93 0 0 0 0
1.93667 0 0 0 0
1.94333 0 0 0 0
1.95 0 0 0 0
1.95667 0 0 0 0
1.96333 0 0 0 0
1.97 0 0 0 0
1.97667 0 0 0 0
1.98333 0 0 0 0
1.99 0 0 0 0
1.99667 0 0 0 0
