0.00333333 0 3 43 34
0.01 0 2 47 50
0.0166667 1 3 42 52
0.0233333 0 1 61 61
0.03 0 0 46 53
0.0366667 0 3 69 62
0.0433333 0 4 93 83
0.05 1 7 102 109
0.0566667 2 11 127 135
0.0633333 1 8 125 148
0.07 1 7 152 156
0.0766667 1 5 135 171
0.0833333 1 8 137 161
0.09 1 9 146 157
0.0966667 4 8 148 129
0.103333 3 9 155 152
0.11 2 11 161 174
0.116667 0 6 166 148
0.123333 2 8 130 151
0.13 0 10 131 129
0.136667 0 5 110 141
0.143333 0 6 123 112
0.15 2 8 128 118
0.156667 1 8 113 122
0.163333 1 9 126 104
0.17 0 9 126 122
0.176667 1 7 110 108
0.183333 2 5 121 122
0.19 1 11 122 123
0.196667 1 7 119 111
0.203333 0 3 122 100
0.21 2 3 107 98
0.216667 2 5 118 100
0.223333 1 14 109 95
0.23 1 6 104 80
0.236667 1 5 86 89
0.243333 1 11 82 92
0.25 0 7 90 89
0.256667 1 5 80 65
0.263333 0 7 78 80
0.27 1 6 75 69
0.276667 0 5 82 69
0.283333 1 3 66 74
0.29 0 4 67 60
0.296667 1 6 60 73
0.303333 2 5 65 67
0.31 2 2 78 59
0.316667 0 5 59 61
0.323333 1 8 53 63
0.33 0 5 58 64
0.336667 0 2 60 62
0.343333 0 3 52 61
0.35 0 3 53 45
0.356667 1 3 62 40
0.363333 0 3 47 48
0.37 0 1 49 56
0.376667 0 2 51 40
0.383333 1 2 50 70
0.39 1 5 49 46
0.396667 0 8 61 50
0.403333 0 2 58 48
0.41 0 6 45 48
0.416667 1 6 51 36
0.423333 0 0 51 44
0.43 0 7 55 41
0.436667 0 4 32 38
0.443333 0 2 58 46
0.45 0 4 34 35
0.456667 1 1 44 47
0.463333 3 0 41 32
0.47 0 2 51 33
0.476667 0 3 38 33
0.483333 1 1 30 28
0.49 0 2 27 22
0.496667 1 0 31 29
0.503333 0 2 29 31
0.51 0 4 27 24
0.516667 0 3 22 31
0.523333 0 2 33 31
0.53 1 2 26 24
0.536667 0 4 22 26
0.543333 1 1 23 26
0.55 0 0 19 15
0.556667 0 1 18 29
0.563333 0 3 18 24
0.57 0 4 26 23
0.576667 1 3 15 18
0.583333 1 2 28 27
0.59 2 3 18 32
0.596667 0 2 25 27
0.603333 1 2 29 16
0.61 0 2 21 18
0.616667 0 3 13 18
0.623333 1 0 14 24
0.63 0 4 20 22
0.636667 1 1 28 17
0.643333 1 1 24 19
0.65 0 3 19 18
0.656667 0 0 15 23
0.663333 1 57 1175 994
0.67 0 0 0 0
0.676667 0 0 0 0
0.683333 0 0 0 0
0.69 0 0 0 0
0.696667 0 0 0 0
0.703333 0 0 0 0
0.71 0 0 0 0
0.716667 0 0 0 0
0.723333 0 0 0 0
0.73 0 0 0 0
0.736667 0 0 0 0
0.743333 0 0 0 0
0.75 0 0 0 0
0.756667 0 0 0 0
0.763333 0 0 0 0
0.77 0 0 0 0
0.776667 0 0 0 0
0.783333 0 0 0 0
0.79 0 0 0 0
0.796667 0 0 0 0
0.803333 0 0 0 0
0.81 0 0 0 0
0.816667 0 0 0 0
0.823333 0 0 0 0
0.83 0 0 0 0
0.836667 0 0 0 0
0.843333 0 0 0 0
0.85 0 0 0 0
0.856667 0 0 0 0
0.863333 0 0 0 0
0.87 0 0 0 0
0.876667 0 0 0 0
0.883333 0 0 0 0
0.89 0 0 0 0
0.896667 0 0 0 0
0.903333 0 0 0 0
0.91 0 0 0 0
0.916667 0 0 0 0
0.923333 0 0 0 0
0.93 0 0 0 0
0.936667 0 0 0 0
0.943333 0 0 0 0
0.95 0 0 0 0
0.956667 0 0 0 0
0.963333 0 0 0 0
0.97 0 0 0 0
0.976667 0 0 0 0
0.983333 0 0 0 0
0.99 0 0 0 0
0.996667 0 0 0 0
1.00333 0 0 0 0
1.01 0 0 0 0
1.01667 0 0 0 0
1.02333 0 0 0 0
1.03 0 0 0 0
1.03667 0 0 0 0
1.04333 0 0 0 0
1.05 0 0 0 0
1.05667 0 0 0 0
1.06333 0 0 0 0
1.07 0 0 0 0
1.07667 0 0 0 0
1.08333 0 0 0 0
1.09 0 0 0 0
1.09667 0 0 0 0
1.10333 0 0 0 0
1.11 0 0 0 0
1.11667 0 0 0 0
1.12333 0 0 0 0
1.13 0 0 0 0
1.13667 0 0 0 0
1.14333 0 0 0 0
1.15 0 0 0 0
1.15667 0 0 0 0
1.16333 0 0 0 0
1.17 0 0 0 0
1.17667 0 0 0 0
1.18333 0 0 0 0
1.19 0 0 0 0
1.19667 0 0 0 0
1.20333 0 0 0 0
1.21 0 0 0 0
1.21667 0 0 0 0
1.22333 0 0 0 0
1.23 0 0 0 0
1.23667 0 0 0 0
1.24333 0 0 0 0
1.25 0 0 0 0
1.25667 0 0 0 0
1.26333 0 0 0 0
1.27 0 0 0 0
1.27667 0 0 0 0
1.28333 0 0 0 0
1.29 0 0 0 0
1.29667 0 0 0 0
1.30333 0 0 0 0
1.31 0 0 0 0
1.31667 0 0 0 0
1.32333 0 0 0 0
1.33 0 0 0 0
1.33667 0 0 0 0
1.34333 0 0 0 0
1.35 0 0 0 0
1.35667 0 0 0 0
1.36333 0 0 0 0
1.37 0 0 0 0
1.37667 0 0 0 0
1.38333 0 0 0 0
1.39 0 0 0 0
1.39667 0 0 0 0
1.40333 0 0 0 0
1.41 0 0 0 0
1.41667 0 0 0 0
1.42333 0 0 0 0
1.43 0 0 0 0
1.43667 0 0 0 0
1.44333 0 0 0 0
1.45 0 0 0 0
1.45667 0 0 0 0
1.46333 0 0 0 0
1.47 0 0 0 0
1.47667 0 0 0 0
1.48333 0 0 0 0
1.49 0 0 0 0
1.49667 0 0 0 0
1.50333 0 0 0 0
1.51 0 0 0 0
1.51667 0 0 0 0
1.52333 0 0 0 0
1.53 0 0 0 0
1.53667 0 0 0 0
1.54333 0 0 0 0
1.55 0 0 0 0
1.55667 0 0 0 0
1.56333 0 0 0 0
1.57 0 0 0 0
1.57667 0 0 0 0
1.58333 0 0 0 0
1.59 0 0 0 0
1.59667 0 0 0 0
1.60333 0 0 0 0
1.61 0 0 0 0
1.61667 0 0 0 0
1.62333 0 0 0 0
1.63 0 0 0 0
1.63667 0 0 0 0
1.64333 0 0 0 0
1.65 0 0 0 0
1.65667 0 0 0 0
1.66333 0 0 0 0
1.67 0 0 0 0
1.67667 0 0 0 0
1.68333 0 0 0 0
1.69 0 0 0 0
1.69667 0 0 0 0
1.70333 0 0 0 0
1.71 0 0 0 0
1.71667 0 0 0 0
1.72333 0 0 0 0
1.73 0 0 0 0
1.73667 0 0 0 0
1.74333 0 0 0 0
1.75 0 0 0 0
1.75667 0 0 0 0
1.76333 0 0 0 0
1.77 0 0 0 0
1.77667 0 0 0 0
1.78333 0 0 0 0
1.79 0 0 0 0
1.79667 0 0 0 0
1.80333 0 0 0 0
1.81 0 0 0 0
1.81667 0 0 0 0
1.82333 0 0 0 0
1.83 0 0 0 0
1.83667 0 0 0 0
1.84333 0 0 0 0
1.85 0 0 0 0
1.85667 0 0 0 0
1.86333 0 0 0 0
1.87 0 0 0 0
1.87667 0 0 0 0
1.88333 0 0 0 0
1.89 0 0 0 0
1.89667 0 0 0 0
1.90333 0 0 0 0
1.91 0 0 0 0
1.91667 0 0 0 0
1.92333 0 0 0 0
1.93 0 0 0 0
1.93667 0 0 0 0
1.94333 0 0 0 0
1.95 0 0 0 0
1.95667 0 0 0 0
1.96333 0 0 0 0
1.97 0 0 0 0
1.97667 0 0 0 0
1.98333 0 0 0 0
1.99 0 0 0 0
1.99667 0 0 0 0
