0.00333333 48 43 1 2
0.01 49 58 2 2
0.0166667 63 62 3 1
0.0233333 51 42 1 1
0.03 72 73 3 1
0.0366667 87 66 3 1
0.0433333 110 88 6 0
0.05 142 111 6 1
0.0566667 169 151 4 2
0.0633333 188 132 8 2
0.07 185 201 10 1
0.0766667 204 161 8 2
0.0833333 215 169 10 4
0.09 222 206 8 5
0.0966667 243 173 11 1
0.103333 205 172 4 2
0.11 218 164 7 1
0.116667 199 158 8 1
0.123333 222 182 10 4
0.13 201 176 5 4
0.136667 206 154 9 2
0.143333 180 162 3 2
0.15 183 136 4 3
0.156667 198 146 2 2
0.163333 156 133 4 3
0.17 136 137 6 0
0.176667 159 132 7 2
0.183333 159 136 6 4
0.19 178 153 4 4
0.196667 166 129 4 0
0.203333 144 168 2 3
0.21 156 165 2 4
0.216667 156 131 6 0
0.223333 126 129 4 5
0.23 125 116 7 2
0.236667 135 114 6 0
0.243333 134 96 9 2
0.25 114 118 4 0
0.256667 107 87 5 5
0.263333 98 94 2 3
0.27 91 84 5 2
0.276667 119 89 6 3
0.283333 104 87 6 0
0.29 98 73 3 0
0.296667 93 86 3 4
0.303333 112 99 2 0
0.31 97 86 5 2
0.316667 86 74 5 2
0.323333 91 66 2 2
0.33 80 67 3 1
0.336667 76 70 4 0
0.343333 71 65 3 1
0.35 74 74 4 1
0.356667 65 71 5 1
0.363333 68 68 4 3
0.37 75 58 3 1
0.376667 67 67 1 0
0.383333 58 51 2 0
0.39 59 55 1 1
0.396667 47 53 7 0
0.403333 68 56 5 0
0.41 52 46 6 1
0.416667 64 48 5 0
0.423333 65 53 3 0
0.43 68 45 3 0
0.436667 51 55 2 2
0.443333 69 47 2 0
0.45 56 46 2 0
0.456667 54 57 5 1
0.463333 51 48 5 2
0.47 46 49 4 1
0.476667 39 49 3 0
0.483333 44 38 2 1
0.49 41 37 2 0
0.496667 42 32 1 1
0.503333 50 29 1 0
0.51 42 29 1 0
0.516667 36 28 3 0
0.523333 34 25 1 0
0.53 32 17 3 1
0.536667 39 23 0 1
0.543333 42 24 3 0
0.55 40 21 1 0
0.556667 37 19 1 0
0.563333 28 27 1 1
0.57 37 20 3 1
0.576667 29 22 1 0
0.583333 34 37 1 1
0.59 30 29 4 0
0.596667 29 26 0 0
0.603333 31 24 5 0
0.61 35 18 3 1
0.616667 25 19 1 1
0.623333 37 26 5 0
0.63 27 27 1 1
0.636667 30 35 0 0
0.643333 20 18 2 0
0.65 36 19 1 0
0.656667 30 16 2 0
0.663333 1660 1562 46 19
0.67 0 0 0 0
0.676667 0 0 0 0
0.683333 0 0 0 0
0.69 0 0 0 0
0.696667 0 0 0 0
0.703333 0 0 0 0
0.71 0 0 0 0
0.716667 0 0 0 0
0.723333 0 0 0 0
0.73 0 0 0 0
0.736667 0 0 0 0
0.743333 0 0 0 0
0.75 0 0 0 0
0.756667 0 0 0 0
0.763333 0 0 0 0
0.77 0 0 0 0
0.776667 0 0 0 0
0.783333 0 0 0 0
0.79 0 0 0 0
0.796667 0 0 0 0
0.803333 0 0 0 0
0.81 0 0 0 0
0.816667 0 0 0 0
0.823333 0 0 0 0
0.83 0 0 0 0
0.836667 0 0 0 0
0.843333 0 0 0 0
0.85 0 0 0 0
0.856667 0 0 0 0
0.863333 0 0 0 0
0.87 0 0 0 0
0.876667 0 0 0 0
0.883333 0 0 0 0
0.89 0 0 0 0
0.896667 0 0 0 0
0.903333 0 0 0 0
0.91 0 0 0 0
0.916667 0 0 0 0
0.923333 0 0 0 0
0.93 0 0 0 0
0.936667 0 0 0 0
0.943333 0 0 0 0
0.95 0 0 0 0
0.956667 0 0 0 0
0.963333 0 0 0 0
0.97 0 0 0 0
0.976667 0 0 0 0
0.983333 0 0 0 0
0.99 0 0 0 0
0.996667 0 0 0 0
1.00333 0 0 0 0
1.01 0 0 0 0
1.01667 0 0 0 0
1.02333 0 0 0 0
1.03 0 0 0 0
1.03667 0 0 0 0
1.04333 0 0 0 0
1.05 0 0 0 0
1.05667 0 0 0 0
1.06333 0 0 0 0
1.07 0 0 0 0
1.07667 0 0 0 0
1.08333 0 0 0 0
1.09 0 0 0 0
1.09667 0 0 0 0
1.10333 0 0 0 0
1.11 0 0 0 0
1.11667 0 0 0 0
1.12333 0 0 0 0
1.13 0 0 0 0
1.13667 0 0 0 0
1.14333 0 0 0 0
1.15 0 0 0 0
1.15667 0 0 0 0
1.16333 0 0 0 0
1.17 0 0 0 0
1.17667 0 0 0 0
1.18333 0 0 0 0
1.19 0 0 0 0
1.19667 0 0 0 0
1.20333 0 0 0 0
1.21 0 0 0 0
1.21667 0 0 0 0
1.22333 0 0 0 0
1.23 0 0 0 0
1.23667 0 0 0 0
1.24333 0 0 0 0
1.25 0 0 0 0
1.25667 0 0 0 0
1.26333 0 0 0 0
1.27 0 0 0 0
1.27667 0 0 0 0
1.28333 0 0 0 0
1.29 0 0 0 0
1.29667 0 0 0 0
1.30333 0 0 0 0
1.31 0 0 0 0
1.31667 0 0 0 0
1.32333 0 0 0 0
1.33 0 0 0 0
1.33667 0 0 0 0
1.34333 0 0 0 0
1.35 0 0 0 0
1.35667 0 0 0 0
1.36333 0 0 0 0
1.37 0 0 0 0
1.37667 0 0 0 0
1.38333 0 0 0 0
1.39 0 0 0 0
1.39667 0 0 0 0
1.40333 0 0 0 0
1.41 0 0 0 0
1.41667 0 0 0 0
1.42333 0 0 0 0
1.43 0 0 0 0
1.43667 0 0 0 0
1.44333 0 0 0 0
1.45 0 0 0 0
1.45667 0 0 0 0
1.46333 0 0 0 0
1.47 0 0 0 0
1.47667 0 0 0 0
1.48333 0 0 0 0
1.49 0 0 0 0
1.49667 0 0 0 0
1.50333 0 0 0 0
1.51 0 0 0 0
1.51667 0 0 0 0
1.52333 0 0 0 0
1.53 0 0 0 0
1.53667 0 0 0 0
1.54333 0 0 0 0
1.55 0 0 0 0
1.55667 0 0 0 0
1.56333 0 0 0 0
1.57 0 0 0 0
1.57667 0 0 0 0
1.58333 0 0 0 0
1.59 0 0 0 0
1.59667 0 0 0 0
1.60333 0 0 0 0
1.61 0 0 0 0
1.61667 0 0 0 0
1.62333 0 0 0 0
1.63 0 0 0 0
1.63667 0 0 0 0
1.64333 0 0 0 0
1.65 0 0 0 0
1.65667 0 0 0 0
1.66333 0 0 0 0
1.67 0 0 0 0
1.67667 0 0 0 0
1.68333 0 0 0 0
1.69 0 0 0 0
1.69667 0 0 0 0
1.70333 0 0 0 0
1.71 0 0 0 0
1.71667 0 0 0 0
1.72333 0 0 0 0
1.73 0 0 0 0
1.73667 0 0 0 0
1.74333 0 0 0 0
1.75 0 0 0 0
1.75667 0 0 0 0
1.76333 0 0 0 0
1.77 0 0 0 0
1.77667 0 0 0 0
1.78333 0 0 0 0
1.79 0 0 0 0
1.79667 0 0 0 0
1.80333 0 0 0 0
1.81 0 0 0 0
1.81667 0 0 0 0
1.82333 0 0 0 0
1.83 0 0 0 0
1.83667 0 0 0 0
1.84333 0 0 0 0
1.85 0 0 0 0
1.85667 0 0 0 0
1.86333 0 0 0 0
1.87 0 0 0 0
1.87667 0 0 0 0
1.88333 0 0 0 0
1.89 0 0 0 0
1.89667 0 0 0 0
1.90333 0 0 0 0
1.91 0 0 0 0
1.91667 0 0 0 0
1.92333 0 0 0 0
1.93 0 0 0 0
1.93667 0 0 0 0
1.94333 0 0 0 0
1.95 0 0 0 0
1.95667 0 0 0 0
1.96333 0 0 0 0
1.97 0 0 0 0
1.97667 0 0 0 0
1.98333 0 0 0 0
1.99 0 0 0 0
1.99667 0 0 0 0
