0.00333333 44 29 7 0
0.01 34 38 3 1
0.0166667 51 42 5 0
0.0233333 76 48 2 1
0.03 78 52 3 1
0.0366667 87 72 2 2
0.0433333 123 72 4 0
0.05 165 131 4 5
0.0566667 175 127 7 0
0.0633333 190 124 8 4
0.07 170 183 11 2
0.0766667 187 147 12 3
0.0833333 195 160 10 2
0.09 198 162 8 1
0.0966667 197 162 9 0
0.103333 175 157 11 5
0.11 176 163 10 4
0.116667 227 143 9 2
0.123333 181 139 17 4
0.13 156 141 18 2
0.136667 184 129 7 1
0.143333 173 118 7 3
0.15 151 122 3 2
0.156667 137 117 12 3
0.163333 143 112 11 1
0.17 143 118 5 2
0.176667 159 95 14 1
0.183333 140 98 14 1
0.19 137 114 6 0
0.196667 160 103 8 1
0.203333 128 84 4 1
0.21 141 91 3 3
0.216667 107 73 4 1
0.223333 111 89 4 1
0.23 123 91 6 1
0.236667 100 78 9 4
0.243333 97 79 13 0
0.25 116 58 10 2
0.256667 96 64 11 3
0.263333 80 68 5 1
0.27 102 72 4 2
0.276667 73 69 4 2
0.283333 90 86 7 2
0.29 106 68 9 2
0.296667 73 58 3 0
0.303333 88 56 3 3
0.31 79 69 4 0
0.316667 53 62 6 2
0.323333 71 48 6 1
0.33 77 62 3 2
0.336667 70 58 7 3
0.343333 69 47 3 1
0.35 63 50 4 0
0.356667 69 57 6 1
0.363333 55 42 4 0
0.37 60 33 4 1
0.376667 53 47 4 0
0.383333 61 49 3 1
0.39 53 42 3 1
0.396667 53 40 3 1
0.403333 69 45 7 1
0.41 51 46 9 2
0.416667 54 34 4 2
0.423333 57 45 2 0
0.43 47 37 5 1
0.436667 61 33 6 0
0.443333 56 38 6 0
0.45 59 36 3 0
0.456667 44 36 5 0
0.463333 48 34 1 2
0.47 53 47 2 1
0.476667 39 33 4 0
0.483333 40 24 2 0
0.49 37 30 3 1
0.496667 36 23 0 0
0.503333 38 29 8 0
0.51 23 28 3 0
0.516667 42 18 3 0
0.523333 25 17 3 1
0.53 29 20 5 1
0.536667 32 28 5 0
0.543333 33 25 3 1
0.55 21 21 2 1
0.556667 20 22 2 0
0.563333 25 21 1 0
0.57 23 20 5 1
0.576667 19 17 4 1
0.583333 27 30 0 2
0.59 24 15 3 0
0.596667 31 23 2 1
0.603333 24 20 3 1
0.61 20 16 2 1
0.616667 26 27 3 0
0.623333 30 17 2 1
0.63 30 16 1 2
0.636667 32 17 5 1
0.643333 25 22 3 2
0.65 23 20 2 4
0.656667 22 20 5 0
0.663333 1335 834 58 12
0.67 0 0 0 0
0.676667 0 0 0 0
0.683333 0 0 0 0
0.69 0 0 0 0
0.696667 0 0 0 0
0.703333 0 0 0 0
0.71 0 0 0 0
0.716667 0 0 0 0
0.723333 0 0 0 0
0.73 0 0 0 0
0.736667 0 0 0 0
0.743333 0 0 0 0
0.75 0 0 0 0
0.756667 0 0 0 0
0.763333 0 0 0 0
0.77 0 0 0 0
0.776667 0 0 0 0
0.783333 0 0 0 0
0.79 0 0 0 0
0.796667 0 0 0 0
0.803333 0 0 0 0
0.81 0 0 0 0
0.816667 0 0 0 0
0.823333 0 0 0 0
0.83 0 0 0 0
0.836667 0 0 0 0
0.843333 0 0 0 0
0.85 0 0 0 0
0.856667 0 0 0 0
0.863333 0 0 0 0
0.87 0 0 0 0
0.876667 0 0 0 0
0.883333 0 0 0 0
0.89 0 0 0 0
0.896667 0 0 0 0
0.903333 0 0 0 0
0.91 0 0 0 0
0.916667 0 0 0 0
0.923333 0 0 0 0
0.93 0 0 0 0
0.936667 0 0 0 0
0.943333 0 0 0 0
0.95 0 0 0 0
0.956667 0 0 0 0
0.963333 0 0 0 0
0.97 0 0 0 0
0.976667 0 0 0 0
0.983333 0 0 0 0
0.99 0 0 0 0
0.996667 0 0 0 0
1.00333 0 0 0 0
1.01 0 0 0 0
1.01667 0 0 0 0
1.02333 0 0 0 0
1.03 0 0 0 0
1.03667 0 0 0 0
1.04333 0 0 0 0
1.05 0 0 0 0
1.05667 0 0 0 0
1.06333 0 0 0 0
1.07 0 0 0 0
1.07667 0 0 0 0
1.08333 0 0 0 0
1.09 0 0 0 0
1.09667 0 0 0 0
1.10333 0 0 0 0
1.11 0 0 0 0
1.11667 0 0 0 0
1.12333 0 0 0 0
1.13 0 0 0 0
1.13667 0 0 0 0
1.14333 0 0 0 0
1.15 0 0 0 0
1.15667 0 0 0 0
1.16333 0 0 0 0
1.17 0 0 0 0
1.17667 0 0 0 0
1.18333 0 0 0 0
1.19 0 0 0 0
1.19667 0 0 0 0
1.20333 0 0 0 0
1.21 0 0 0 0
1.21667 0 0 0 0
1.22333 0 0 0 0
1.23 0 0 0 0
1.23667 0 0 0 0
1.24333 0 0 0 0
1.25 0 0 0 0
1.25667 0 0 0 0
1.26333 0 0 0 0
1.27 0 0 0 0
1.27667 0 0 0 0
1.28333 0 0 0 0
1.29 0 0 0 0
1.29667 0 0 0 0
1.30333 0 0 0 0
1.31 0 0 0 0
1.31667 0 0 0 0
1.32333 0 0 0 0
1.33 0 0 0 0
1.33667 0 0 0 0
1.34333 0 0 0 0
1.35 0 0 0 0
1.35667 0 0 0 0
1.36333 0 0 0 0
1.37 0 0 0 0
1.37667 0 0 0 0
1.38333 0 0 0 0
1.39 0 0 0 0
1.39667 0 0 0 0
1.40333 0 0 0 0
1.41 0 0 0 0
1.41667 0 0 0 0
1.42333 0 0 0 0
1.43 0 0 0 0
1.43667 0 0 0 0
1.44333 0 0 0 0
1.45 0 0 0 0
1.45667 0 0 0 0
1.46333 0 0 0 0
1.47 0 0 0 0
1.47667 0 0 0 0
1.48333 0 0 0 0
1.49 0 0 0 0
1.49667 0 0 0 0
1.50333 0 0 0 0
1.51 0 0 0 0
1.51667 0 0 0 0
1.52333 0 0 0 0
1.53 0 0 0 0
1.53667 0 0 0 0
1.54333 0 0 0 0
1.55 0 0 0 0
1.55667 0 0 0 0
1.56333 0 0 0 0
1.57 0 0 0 0
1.57667 0 0 0 0
1.58333 0 0 0 0
1.59 0 0 0 0
1.59667 0 0 0 0
1.60333 0 0 0 0
1.61 0 0 0 0
1.61667 0 0 0 0
1.62333 0 0 0 0
1.63 0 0 0 0
1.63667 0 0 0 0
1.64333 0 0 0 0
1.65 0 0 0 0
1.65667 0 0 0 0
1.66333 0 0 0 0
1.67 0 0 0 0
1.67667 0 0 0 0
1.68333 0 0 0 0
1.69 0 0 0 0
1.69667 0 0 0 0
1.70333 0 0 0 0
1.71 0 0 0 0
1.71667 0 0 0 0
1.72333 0 0 0 0
1.73 0 0 0 0
1.73667 0 0 0 0
1.74333 0 0 0 0
1.75 0 0 0 0
1.75667 0 0 0 0
1.76333 0 0 0 0
1.77 0 0 0 0
1.77667 0 0 0 0
1.78333 0 0 0 0
1.79 0 0 0 0
1.79667 0 0 0 0
1.80333 0 0 0 0
1.81 0 0 0 0
1.81667 0 0 0 0
1.82333 0 0 0 0
1.83 0 0 0 0
1.83667 0 0 0 0
1.84333 0 0 0 0
1.85 0 0 0 0
1.85667 0 0 0 0
1.86333 0 0 0 0
1.87 0 0 0 0
1.87667 0 0 0 0
1.88333 0 0 0 0
1.89 0 0 0 0
1.89667 0 0 0 0
1.90333 0 0 0 0
1.91 0 0 0 0
1.91667 0 0 0 0
1.92333 0 0 0 0
1.93 0 0 0 0
1.93667 0 0 0 0
1.94333 0 0 0 0
1.95 0 0 0 0
1.95667 0 0 0 0
1.96333 0 0 0 0
1.97 0 0 0 0
1.97667 0 0 0 0
1.98333 0 0 0 0
1.99 0 0 0 0
1.99667 0 0 0 0
