0.00333333 31 108 3 6
0.01 31 137 3 2
0.0166667 27 156 10 2
0.0233333 33 147 10 2
0.03 46 173 12 2
0.0366667 28 193 9 5
0.0433333 48 217 15 3
0.05 64 263 14 7
0.0566667 78 274 25 11
0.0633333 83 305 18 6
0.07 93 308 27 5
0.0766667 103 367 25 7
0.0833333 92 361 42 12
0.09 91 424 19 6
0.0966667 86 407 21 1
0.103333 93 366 12 9
0.11 92 417 18 7
0.116667 80 412 16 7
0.123333 80 395 21 6
0.13 85 449 20 12
0.136667 74 414 23 7
0.143333 76 430 15 6
0.15 85 409 19 8
0.156667 91 415 12 5
0.163333 74 367 14 5
0.17 78 363 18 10
0.176667 68 392 24 10
0.183333 71 415 22 6
0.19 76 534 21 3
0.196667 66 471 16 10
0.203333 81 470 12 7
0.21 76 445 17 8
0.216667 67 429 17 3
0.223333 69 435 9 5
0.23 59 386 18 5
0.236667 53 348 14 6
0.243333 51 355 7 6
0.25 56 316 13 8
0.256667 55 307 16 3
0.263333 58 262 13 11
0.27 50 247 11 7
0.276667 53 280 5 3
0.283333 47 220 8 4
0.29 43 247 11 6
0.296667 37 210 6 1
0.303333 40 203 10 4
0.31 37 208 8 4
0.316667 42 183 8 3
0.323333 48 191 6 6
0.33 27 181 8 5
0.336667 35 187 5 3
0.343333 36 170 8 11
0.35 41 173 11 11
0.356667 28 180 9 3
0.363333 36 164 9 4
0.37 35 161 7 3
0.376667 34 164 10 3
0.383333 35 158 10 1
0.39 29 129 7 3
0.396667 29 145 7 4
0.403333 29 144 3 2
0.41 28 154 4 4
0.416667 24 150 7 4
0.423333 43 167 10 2
0.43 25 148 13 3
0.436667 40 150 5 5
0.443333 29 150 7 4
0.45 32 178 5 3
0.456667 29 157 3 5
0.463333 27 158 9 2
0.47 34 145 3 3
0.476667 18 137 7 6
0.483333 14 89 4 7
0.49 22 71 4 3
0.496667 24 70 5 2
0.503333 16 73 4 3
0.51 12 78 7 2
0.516667 17 69 2 3
0.523333 21 76 4 0
0.53 14 77 1 1
0.536667 21 56 3 3
0.543333 19 56 3 1
0.55 16 55 6 0
0.556667 22 55 4 5
0.563333 18 51 3 1
0.57 12 53 5 2
0.576667 20 59 8 2
0.583333 13 57 1 0
0.59 13 51 2 3
0.596667 14 55 2 3
0.603333 20 54 4 3
0.61 12 51 1 2
0.616667 16 43 0 6
0.623333 14 52 2 1
0.63 15 65 2 0
0.636667 21 72 2 0
0.643333 6 38 1 3
0.65 15 49 4 3
0.656667 10 41 7 2
0.663333 863 7096 120 77
0.67 0 0 0 0
0.676667 0 0 0 0
0.683333 0 0 0 0
0.69 0 0 0 0
0.696667 0 0 0 0
0.703333 0 0 0 0
0.71 0 0 0 0
0.716667 0 0 0 0
0.723333 0 0 0 0
0.73 0 0 0 0
0.736667 0 0 0 0
0.743333 0 0 0 0
0.75 0 0 0 0
0.756667 0 0 0 0
0.763333 0 0 0 0
0.77 0 0 0 0
0.776667 0 0 0 0
0.783333 0 0 0 0
0.79 0 0 0 0
0.796667 0 0 0 0
0.803333 0 0 0 0
0.81 0 0 0 0
0.816667 0 0 0 0
0.823333 0 0 0 0
0.83 0 0 0 0
0.836667 0 0 0 0
0.843333 0 0 0 0
0.85 0 0 0 0
0.856667 0 0 0 0
0.863333 0 0 0 0
0.87 0 0 0 0
0.876667 0 0 0 0
0.883333 0 0 0 0
0.89 0 0 0 0
0.896667 0 0 0 0
0.903333 0 0 0 0
0.91 0 0 0 0
0.916667 0 0 0 0
0.923333 0 0 0 0
0.93 0 0 0 0
0.936667 0 0 0 0
0.943333 0 0 0 0
0.95 0 0 0 0
0.956667 0 0 0 0
0.963333 0 0 0 0
0.97 0 0 0 0
0.976667 0 0 0 0
0.983333 0 0 0 0
0.99 0 0 0 0
0.996667 0 0 0 0
1.00333 0 0 0 0
1.01 0 0 0 0
1.01667 0 0 0 0
1.02333 0 0 0 0
1.03 0 0 0 0
1.03667 0 0 0 0
1.04333 0 0 0 0
1.05 0 0 0 0
1.05667 0 0 0 0
1.06333 0 0 0 0
1.07 0 0 0 0
1.07667 0 0 0 0
1.08333 0 0 0 0
1.09 0 0 0 0
1.09667 0 0 0 0
1.10333 0 0 0 0
1.11 0 0 0 0
1.11667 0 0 0 0
1.12333 0 0 0 0
1.13 0 0 0 0
1.13667 0 0 0 0
1.14333 0 0 0 0
1.15 0 0 0 0
1.15667 0 0 0 0
1.16333 0 0 0 0
1.17 0 0 0 0
1.17667 0 0 0 0
1.18333 0 0 0 0
1.19 0 0 0 0
1.19667 0 0 0 0
1.20333 0 0 0 0
1.21 0 0 0 0
1.21667 0 0 0 0
1.22333 0 0 0 0
1.23 0 0 0 0
1.23667 0 0 0 0
1.24333 0 0 0 0
1.25 0 0 0 0
1.25667 0 0 0 0
1.26333 0 0 0 0
1.27 0 0 0 0
1.27667 0 0 0 0
1.28333 0 0 0 0
1.29 0 0 0 0
1.29667 0 0 0 0
1.30333 0 0 0 0
1.31 0 0 0 0
1.31667 0 0 0 0
1.32333 0 0 0 0
1.33 0 0 0 0
1.33667 0 0 0 0
1.34333 0 0 0 0
1.35 0 0 0 0
1.35667 0 0 0 0
1.36333 0 0 0 0
1.37 0 0 0 0
1.37667 0 0 0 0
1.38333 0 0 0 0
1.39 0 0 0 0
1.39667 0 0 0 0
1.40333 0 0 0 0
1.41 0 0 0 0
1.41667 0 0 0 0
1.42333 0 0 0 0
1.43 0 0 0 0
1.43667 0 0 0 0
1.44333 0 0 0 0
1.45 0 0 0 0
1.45667 0 0 0 0
1.46333 0 0 0 0
1.47 0 0 0 0
1.47667 0 0 0 0
1.48333 0 0 0 0
1.49 0 0 0 0
1.49667 0 0 0 0
1.50333 0 0 0 0
1.51 0 0 0 0
1.51667 0 0 0 0
1.52333 0 0 0 0
1.53 0 0 0 0
1.53667 0 0 0 0
1.54333 0 0 0 0
1.55 0 0 0 0
1.55667 0 0 0 0
1.56333 0 0 0 0
1.57 0 0 0 0
1.57667 0 0 0 0
1.58333 0 0 0 0
1.59 0 0 0 0
1.59667 0 0 0 0
1.60333 0 0 0 0
1.61 0 0 0 0
1.61667 0 0 0 0
1.62333 0 0 0 0
1.63 0 0 0 0
1.63667 0 0 0 0
1.64333 0 0 0 0
1.65 0 0 0 0
1.65667 0 0 0 0
1.66333 0 0 0 0
1.67 0 0 0 0
1.67667 0 0 0 0
1.68333 0 0 0 0
1.69 0 0 0 0
1.69667 0 0 0 0
1.70333 0 0 0 0
1.71 0 0 0 0
1.71667 0 0 0 0
1.72333 0 0 0 0
1.73 0 0 0 0
1.73667 0 0 0 0
1.74333 0 0 0 0
1.75 0 0 0 0
1.75667 0 0 0 0
1.76333 0 0 0 0
1.77 0 0 0 0
1.77667 0 0 0 0
1.78333 0 0 0 0
1.79 0 0 0 0
1.79667 0 0 0 0
1.80333 0 0 0 0
1.81 0 0 0 0
1.81667 0 0 0 0
1.82333 0 0 0 0
1.83 0 0 0 0
1.83667 0 0 0 0
1.84333 0 0 0 0
1.85 0 0 0 0
1.85667 0 0 0 0
1.86333 0 0 0 0
1.87 0 0 0 0
1.87667 0 0 0 0
1.88333 0 0 0 0
1.89 0 0 0 0
1.89667 0 0 0 0
1.90333 0 0 0 0
1.91 0 0 0 0
1.91667 0 0 0 0
1.92333 0 0 0 0
1.93 0 0 0 0
1.93667 0 0 0 0
1.94333 0 0 0 0
1.95 0 0 0 0
1.95667 0 0 0 0
1.96333 0 0 0 0
1.97 0 0 0 0
1.97667 0 0 0 0
1.98333 0 0 0 0
1.99 0 0 0 0
1.99667 0 0 0 0
