0.00333333 12 3 9 19
0.01 7 6 11 32
0.0166667 9 7 17 31
0.0233333 7 4 18 37
0.03 8 13 20 26
0.0366667 14 8 23 39
0.0433333 14 12 35 36
0.05 18 10 45 51
0.0566667 12 14 50 49
0.0633333 9 16 53 44
0.07 15 30 64 53
0.0766667 14 18 55 54
0.0833333 18 17 67 53
0.09 22 20 54 72
0.0966667 18 17 54 57
0.103333 8 22 55 51
0.11 15 15 53 59
0.116667 11 27 40 66
0.123333 21 21 57 70
0.13 10 13 47 58
0.136667 30 15 42 55
0.143333 13 18 36 61
0.15 11 15 42 41
0.156667 15 11 31 56
0.163333 13 13 42 56
0.17 17 13 36 50
0.176667 12 11 41 53
0.183333 25 12 37 89
0.19 23 12 35 96
0.196667 17 14 26 71
0.203333 18 16 30 83
0.21 14 10 29 73
0.216667 19 11 32 59
0.223333 20 7 26 60
0.23 13 18 33 49
0.236667 16 14 36 44
0.243333 15 16 28 54
0.25 14 10 29 64
0.256667 17 9 29 46
0.263333 13 10 29 53
0.27 17 12 27 36
0.276667 16 12 23 47
0.283333 9 13 23 43
0.29 17 11 25 43
0.296667 15 11 37 54
0.303333 16 11 21 35
0.31 18 12 32 44
0.316667 17 10 21 54
0.323333 13 10 23 32
0.33 17 11 26 41
0.336667 12 7 23 39
0.343333 12 6 18 41
0.35 18 9 25 32
0.356667 9 5 25 41
0.363333 11 9 25 35
0.37 9 8 19 30
0.376667 6 5 22 40
0.383333 10 3 22 34
0.39 5 4 21 51
0.396667 14 4 14 38
0.403333 19 9 21 36
0.41 13 9 18 39
0.416667 10 3 21 45
0.423333 13 6 18 36
0.43 19 8 12 41
0.436667 9 9 10 30
0.443333 6 4 21 33
0.45 19 11 15 32
0.456667 12 8 19 37
0.463333 18 8 20 49
0.47 10 8 10 25
0.476667 17 10 12 33
0.483333 5 4 20 14
0.49 9 5 5 16
0.496667 4 3 19 13
0.503333 7 6 11 11
0.51 8 6 8 17
0.516667 5 4 9 14
0.523333 4 5 14 8
0.53 6 2 9 16
0.536667 5 2 13 13
0.543333 4 3 13 11
0.55 3 9 12 10
0.556667 3 6 6 10
0.563333 2 2 10 5
0.57 7 7 11 9
0.576667 3 6 10 12
0.583333 5 4 7 7
0.59 2 11 7 7
0.596667 3 3 13 8
0.603333 3 5 9 6
0.61 4 2 7 12
0.616667 5 7 11 4
0.623333 5 5 7 5
0.63 0 3 6 4
0.636667 3 4 8 10
0.643333 5 7 15 8
0.65 3 3 10 7
0.656667 0 1 10 2
0.663333 745 116 251 1864
0.67 0 0 0 0
0.676667 0 0 0 0
0.683333 0 0 0 0
0.69 0 0 0 0
0.696667 0 0 0 0
0.703333 0 0 0 0
0.71 0 0 0 0
0.716667 0 0 0 0
0.723333 0 0 0 0
0.73 0 0 0 0
0.736667 0 0 0 0
0.743333 0 0 0 0
0.75 0 0 0 0
0.756667 0 0 0 0
0.763333 0 0 0 0
0.77 0 0 0 0
0.776667 0 0 0 0
0.783333 0 0 0 0
0.79 0 0 0 0
0.796667 0 0 0 0
0.803333 0 0 0 0
0.81 0 0 0 0
0.816667 0 0 0 0
0.823333 0 0 0 0
0.83 0 0 0 0
0.836667 0 0 0 0
0.843333 0 0 0 0
0.85 0 0 0 0
0.856667 0 0 0 0
0.863333 0 0 0 0
0.87 0 0 0 0
0.876667 0 0 0 0
0.883333 0 0 0 0
0.89 0 0 0 0
0.896667 0 0 0 0
0.903333 0 0 0 0
0.91 0 0 0 0
0.916667 0 0 0 0
0.923333 0 0 0 0
0.93 0 0 0 0
0.936667 0 0 0 0
0.943333 0 0 0 0
0.95 0 0 0 0
0.956667 0 0 0 0
0.963333 0 0 0 0
0.97 0 0 0 0
0.976667 0 0 0 0
0.983333 0 0 0 0
0.99 0 0 0 0
0.996667 0 0 0 0
1.00333 0 0 0 0
1.01 0 0 0 0
1.01667 0 0 0 0
1.02333 0 0 0 0
1.03 0 0 0 0
1.03667 0 0 0 0
1.04333 0 0 0 0
1.05 0 0 0 0
1.05667 0 0 0 0
1.06333 0 0 0 0
1.07 0 0 0 0
1.07667 0 0 0 0
1.08333 0 0 0 0
1.09 0 0 0 0
1.09667 0 0 0 0
1.10333 0 0 0 0
1.11 0 0 0 0
1.11667 0 0 0 0
1.12333 0 0 0 0
1.13 0 0 0 0
1.13667 0 0 0 0
1.14333 0 0 0 0
1.15 0 0 0 0
1.15667 0 0 0 0
1.16333 0 0 0 0
1.17 0 0 0 0
1.17667 0 0 0 0
1.18333 0 0 0 0
1.19 0 0 0 0
1.19667 0 0 0 0
1.20333 0 0 0 0
1.21 0 0 0 0
1.21667 0 0 0 0
1.22333 0 0 0 0
1.23 0 0 0 0
1.23667 0 0 0 0
1.24333 0 0 0 0
1.25 0 0 0 0
1.25667 0 0 0 0
1.26333 0 0 0 0
1.27 0 0 0 0
1.27667 0 0 0 0
1.28333 0 0 0 0
1.29 0 0 0 0
1.29667 0 0 0 0
1.30333 0 0 0 0
1.31 0 0 0 0
1.31667 0 0 0 0
1.32333 0 0 0 0
1.33 0 0 0 0
1.33667 0 0 0 0
1.34333 0 0 0 0
1.35 0 0 0 0
1.35667 0 0 0 0
1.36333 0 0 0 0
1.37 0 0 0 0
1.37667 0 0 0 0
1.38333 0 0 0 0
1.39 0 0 0 0
1.39667 0 0 0 0
1.40333 0 0 0 0
1.41 0 0 0 0
1.41667 0 0 0 0
1.42333 0 0 0 0
1.43 0 0 0 0
1.43667 0 0 0 0
1.44333 0 0 0 0
1.45 0 0 0 0
1.45667 0 0 0 0
1.46333 0 0 0 0
1.47 0 0 0 0
1.47667 0 0 0 0
1.48333 0 0 0 0
1.49 0 0 0 0
1.49667 0 0 0 0
1.50333 0 0 0 0
1.51 0 0 0 0
1.51667 0 0 0 0
1.52333 0 0 0 0
1.53 0 0 0 0
1.53667 0 0 0 0
1.54333 0 0 0 0
1.55 0 0 0 0
1.55667 0 0 0 0
1.56333 0 0 0 0
1.57 0 0 0 0
1.57667 0 0 0 0
1.58333 0 0 0 0
1.59 0 0 0 0
1.59667 0 0 0 0
1.60333 0 0 0 0
1.61 0 0 0 0
1.61667 0 0 0 0
1.62333 0 0 0 0
1.63 0 0 0 0
1.63667 0 0 0 0
1.64333 0 0 0 0
1.65 0 0 0 0
1.65667 0 0 0 0
1.66333 0 0 0 0
1.67 0 0 0 0
1.67667 0 0 0 0
1.68333 0 0 0 0
1.69 0 0 0 0
1.69667 0 0 0 0
1.70333 0 0 0 0
1.71 0 0 0 0
1.71667 0 0 0 0
1.72333 0 0 0 0
1.73 0 0 0 0
1.73667 0 0 0 0
1.74333 0 0 0 0
1.75 0 0 0 0
1.75667 0 0 0 0
1.76333 0 0 0 0
1.77 0 0 0 0
1.77667 0 0 0 0
1.78333 0 0 0 0
1.79 0 0 0 0
1.79667 0 0 0 0
1.80333 0 0 0 0
1.81 0 0 0 0
1.81667 0 0 0 0
1.82333 0 0 0 0
1.83 0 0 0 0
1.83667 0 0 0 0
1.84333 0 0 0 0
1.85 0 0 0 0
1.85667 0 0 0 0
1.86333 0 0 0 0
1.87 0 0 0 0
1.87667 0 0 0 0
1.88333 0 0 0 0
1.89 0 0 0 0
1.89667 0 0 0 0
1.90333 0 0 0 0
1.91 0 0 0 0
1.91667 0 0 0 0
1.92333 0 0 0 0
1.93 0 0 0 0
1.93667 0 0 0 0
1.94333 0 0 0 0
1.95 0 0 0 0
1.95667 0 0 0 0
1.96333 0 0 0 0
1.97 0 0 0 0
1.97667 0 0 0 0
1.98333 0 0 0 0
1.99 0 0 0 0
1.99667 0 0 0 0
