0.00333333 9 45 10 5
0.01 6 48 11 10
0.0166667 10 58 9 11
0.0233333 5 50 15 14
0.03 4 48 21 12
0.0366667 5 43 15 13
0.0433333 11 62 20 14
0.05 14 67 20 13
0.0566667 16 75 35 18
0.0633333 12 81 34 16
0.07 24 92 34 23
0.0766667 16 86 37 22
0.0833333 16 84 43 26
0.09 18 85 30 25
0.0966667 18 74 37 25
0.103333 29 104 39 19
0.11 18 79 35 23
0.116667 21 82 30 19
0.123333 15 84 14 23
0.13 25 85 31 21
0.136667 12 87 27 27
0.143333 20 97 30 18
0.15 14 73 34 16
0.156667 23 82 19 25
0.163333 23 90 20 18
0.17 19 78 26 25
0.176667 15 98 20 20
0.183333 12 110 30 17
0.19 25 138 25 31
0.196667 21 140 19 28
0.203333 15 95 26 29
0.21 22 88 22 22
0.216667 16 100 30 22
0.223333 20 84 16 24
0.23 21 96 15 19
0.236667 18 76 28 24
0.243333 16 81 11 15
0.25 14 70 17 11
0.256667 8 84 21 20
0.263333 12 92 20 20
0.27 18 70 19 15
0.276667 23 66 18 17
0.283333 9 61 20 21
0.29 17 64 19 14
0.296667 19 70 14 11
0.303333 9 66 10 13
0.31 9 78 18 19
0.316667 14 79 19 17
0.323333 15 63 18 12
0.33 13 73 13 12
0.336667 13 75 13 13
0.343333 12 48 15 16
0.35 7 63 8 18
0.356667 11 47 14 10
0.363333 9 71 11 14
0.37 10 54 19 22
0.376667 9 66 13 15
0.383333 7 44 9 16
0.39 15 62 5 14
0.396667 4 48 11 15
0.403333 7 51 9 23
0.41 9 61 10 11
0.416667 8 58 7 11
0.423333 18 64 10 14
0.43 12 55 13 19
0.436667 12 47 8 16
0.443333 15 52 9 14
0.45 13 43 11 15
0.456667 7 59 11 18
0.463333 10 55 6 16
0.47 16 63 13 11
0.476667 16 53 7 11
0.483333 5 32 6 3
0.49 7 21 15 8
0.496667 6 22 8 8
0.503333 8 23 5 9
0.51 9 19 11 6
0.516667 7 24 4 9
0.523333 4 11 5 6
0.53 2 9 5 5
0.536667 6 22 10 9
0.543333 6 10 6 9
0.55 7 12 7 5
0.556667 6 11 6 9
0.563333 1 12 10 6
0.57 4 6 5 6
0.576667 9 10 5 10
0.583333 8 10 10 4
0.59 4 5 7 9
0.596667 5 12 8 3
0.603333 6 7 8 4
0.61 3 7 7 5
0.616667 4 4 9 6
0.623333 5 5 8 3
0.63 10 9 6 7
0.636667 8 14 9 5
0.643333 5 5 11 10
0.65 7 6 9 8
0.656667 4 3 7 3
0.663333 546 3211 241 569
0.67 0 0 0 0
0.676667 0 0 0 0
0.683333 0 0 0 0
0.69 0 0 0 0
0.696667 0 0 0 0
0.703333 0 0 0 0
0.71 0 0 0 0
0.716667 0 0 0 0
0.723333 0 0 0 0
0.73 0 0 0 0
0.736667 0 0 0 0
0.743333 0 0 0 0
0.75 0 0 0 0
0.756667 0 0 0 0
0.763333 0 0 0 0
0.77 0 0 0 0
0.776667 0 0 0 0
0.783333 0 0 0 0
0.79 0 0 0 0
0.796667 0 0 0 0
0.803333 0 0 0 0
0.81 0 0 0 0
0.816667 0 0 0 0
0.823333 0 0 0 0
0.83 0 0 0 0
0.836667 0 0 0 0
0.843333 0 0 0 0
0.85 0 0 0 0
0.856667 0 0 0 0
0.863333 0 0 0 0
0.87 0 0 0 0
0.876667 0 0 0 0
0.883333 0 0 0 0
0.89 0 0 0 0
0.896667 0 0 0 0
0.903333 0 0 0 0
0.91 0 0 0 0
0.916667 0 0 0 0
0.923333 0 0 0 0
0.93 0 0 0 0
0.936667 0 0 0 0
0.943333 0 0 0 0
0.95 0 0 0 0
0.956667 0 0 0 0
0.963333 0 0 0 0
0.97 0 0 0 0
0.976667 0 0 0 0
0.983333 0 0 0 0
0.99 0 0 0 0
0.996667 0 0 0 0
1.00333 0 0 0 0
1.01 0 0 0 0
1.01667 0 0 0 0
1.02333 0 0 0 0
1.03 0 0 0 0
1.03667 0 0 0 0
1.04333 0 0 0 0
1.05 0 0 0 0
1.05667 0 0 0 0
1.06333 0 0 0 0
1.07 0 0 0 0
1.07667 0 0 0 0
1.08333 0 0 0 0
1.09 0 0 0 0
1.09667 0 0 0 0
1.10333 0 0 0 0
1.11 0 0 0 0
1.11667 0 0 0 0
1.12333 0 0 0 0
1.13 0 0 0 0
1.13667 0 0 0 0
1.14333 0 0 0 0
1.15 0 0 0 0
1.15667 0 0 0 0
1.16333 0 0 0 0
1.17 0 0 0 0
1.17667 0 0 0 0
1.18333 0 0 0 0
1.19 0 0 0 0
1.19667 0 0 0 0
1.20333 0 0 0 0
1.21 0 0 0 0
1.21667 0 0 0 0
1.22333 0 0 0 0
1.23 0 0 0 0
1.23667 0 0 0 0
1.24333 0 0 0 0
1.25 0 0 0 0
1.25667 0 0 0 0
1.26333 0 0 0 0
1.27 0 0 0 0
1.27667 0 0 0 0
1.28333 0 0 0 0
1.29 0 0 0 0
1.29667 0 0 0 0
1.30333 0 0 0 0
1.31 0 0 0 0
1.31667 0 0 0 0
1.32333 0 0 0 0
1.33 0 0 0 0
1.33667 0 0 0 0
1.34333 0 0 0 0
1.35 0 0 0 0
1.35667 0 0 0 0
1.36333 0 0 0 0
1.37 0 0 0 0
1.37667 0 0 0 0
1.38333 0 0 0 0
1.39 0 0 0 0
1.39667 0 0 0 0
1.40333 0 0 0 0
1.41 0 0 0 0
1.41667 0 0 0 0
1.42333 0 0 0 0
1.43 0 0 0 0
1.43667 0 0 0 0
1.44333 0 0 0 0
1.45 0 0 0 0
1.45667 0 0 0 0
1.46333 0 0 0 0
1.47 0 0 0 0
1.47667 0 0 0 0
1.48333 0 0 0 0
1.49 0 0 0 0
1.49667 0 0 0 0
1.50333 0 0 0 0
1.51 0 0 0 0
1.51667 0 0 0 0
1.52333 0 0 0 0
1.53 0 0 0 0
1.53667 0 0 0 0
1.54333 0 0 0 0
1.55 0 0 0 0
1.55667 0 0 0 0
1.56333 0 0 0 0
1.57 0 0 0 0
1.57667 0 0 0 0
1.58333 0 0 0 0
1.59 0 0 0 0
1.59667 0 0 0 0
1.60333 0 0 0 0
1.61 0 0 0 0
1.61667 0 0 0 0
1.62333 0 0 0 0
1.63 0 0 0 0
1.63667 0 0 0 0
1.64333 0 0 0 0
1.65 0 0 0 0
1.65667 0 0 0 0
1.66333 0 0 0 0
1.67 0 0 0 0
1.67667 0 0 0 0
1.68333 0 0 0 0
1.69 0 0 0 0
1.69667 0 0 0 0
1.70333 0 0 0 0
1.71 0 0 0 0
1.71667 0 0 0 0
1.72333 0 0 0 0
1.73 0 0 0 0
1.73667 0 0 0 0
1.74333 0 0 0 0
1.75 0 0 0 0
1.75667 0 0 0 0
1.76333 0 0 0 0
1.77 0 0 0 0
1.77667 0 0 0 0
1.78333 0 0 0 0
1.79 0 0 0 0
1.79667 0 0 0 0
1.80333 0 0 0 0
1.81 0 0 0 0
1.81667 0 0 0 0
1.82333 0 0 0 0
1.83 0 0 0 0
1.83667 0 0 0 0
1.84333 0 0 0 0
1.85 0 0 0 0
1.85667 0 0 0 0
1.86333 0 0 0 0
1.87 0 0 0 0
1.87667 0 0 0 0
1.88333 0 0 0 0
1.89 0 0 0 0
1.89667 0 0 0 0
1.90333 0 0 0 0
1.91 0 0 0 0
1.91667 0 0 0 0
1.92333 0 0 0 0
1.93 0 0 0 0
1.93667 0 0 0 0
1.94333 0 0 0 0
1.95 0 0 0 0
1.95667 0 0 0 0
1.96333 0 0 0 0
1.97 0 0 0 0
1.97667 0 0 0 0
1.98333 0 0 0 0
1.99 0 0 0 0
1.99667 0 0 0 0
