0.00333333 1 4 23 71
0.01 1 3 34 96
0.0166667 0 2 35 93
0.0233333 1 2 32 104
0.03 1 3 36 117
0.0366667 1 6 35 149
0.0433333 1 2 64 121
0.05 2 4 88 224
0.0566667 1 5 103 200
0.0633333 0 6 96 266
0.07 4 10 103 244
0.0766667 2 3 104 267
0.0833333 0 13 112 275
0.09 8 9 94 277
0.0966667 5 7 103 258
0.103333 3 6 106 246
0.11 1 5 84 288
0.116667 4 2 122 289
0.123333 4 11 87 307
0.13 4 15 86 277
0.136667 7 8 82 253
0.143333 3 10 71 276
0.15 1 8 79 249
0.156667 1 6 70 256
0.163333 1 6 86 241
0.17 2 3 74 211
0.176667 2 10 72 262
0.183333 1 3 57 277
0.19 1 8 57 301
0.196667 2 5 53 251
0.203333 3 8 74 245
0.21 1 7 62 223
0.216667 4 6 63 226
0.223333 2 7 59 236
0.23 0 7 53 224
0.236667 2 4 51 191
0.243333 1 7 56 187
0.25 1 5 52 190
0.256667 4 10 46 167
0.263333 0 6 50 176
0.27 1 6 54 175
0.276667 3 5 46 142
0.283333 2 5 39 168
0.29 1 6 48 155
0.296667 0 3 27 138
0.303333 0 4 38 134
0.31 2 0 40 142
0.316667 1 4 39 109
0.323333 1 10 41 113
0.33 1 6 43 123
0.336667 0 2 38 124
0.343333 0 1 33 127
0.35 1 0 27 96
0.356667 2 3 28 114
0.363333 2 4 26 90
0.37 0 5 37 112
0.376667 0 3 31 107
0.383333 1 3 41 98
0.39 2 4 23 98
0.396667 1 4 25 101
0.403333 2 8 29 81
0.41 2 4 30 84
0.416667 1 5 27 95
0.423333 1 0 23 93
0.43 2 4 25 94
0.436667 0 5 27 111
0.443333 2 3 32 83
0.45 2 2 29 84
0.456667 1 8 27 86
0.463333 0 2 22 84
0.47 1 7 32 85
0.476667 2 5 18 84
0.483333 0 4 26 51
0.49 0 1 16 47
0.496667 1 4 15 51
0.503333 0 1 17 52
0.51 1 4 18 52
0.516667 0 5 20 51
0.523333 0 1 16 53
0.53 0 3 15 48
0.536667 0 2 21 41
0.543333 0 1 23 37
0.55 2 1 19 27
0.556667 1 5 15 52
0.563333 1 3 19 39
0.57 2 1 17 40
0.576667 2 1 14 37
0.583333 0 4 13 33
0.59 3 2 11 53
0.596667 0 2 12 46
0.603333 0 0 13 37
0.61 0 1 10 42
0.616667 0 0 7 50
0.623333 0 4 15 25
0.63 0 1 13 38
0.636667 0 4 15 46
0.643333 1 0 6 37
0.65 0 1 14 49
0.656667 1 1 7 41
0.663333 17 65 567 3154
0.67 0 0 0 0
0.676667 0 0 0 0
0.683333 0 0 0 0
0.69 0 0 0 0
0.696667 0 0 0 0
0.703333 0 0 0 0
0.71 0 0 0 0
0.716667 0 0 0 0
0.723333 0 0 0 0
0.73 0 0 0 0
0.736667 0 0 0 0
0.743333 0 0 0 0
0.75 0 0 0 0
0.756667 0 0 0 0
0.763333 0 0 0 0
0.77 0 0 0 0
0.776667 0 0 0 0
0.783333 0 0 0 0
0.79 0 0 0 0
0.796667 0 0 0 0
0.803333 0 0 0 0
0.81 0 0 0 0
0.816667 0 0 0 0
0.823333 0 0 0 0
0.83 0 0 0 0
0.836667 0 0 0 0
0.843333 0 0 0 0
0.85 0 0 0 0
0.856667 0 0 0 0
0.863333 0 0 0 0
0.87 0 0 0 0
0.876667 0 0 0 0
0.883333 0 0 0 0
0.89 0 0 0 0
0.896667 0 0 0 0
0.903333 0 0 0 0
0.91 0 0 0 0
0.916667 0 0 0 0
0.923333 0 0 0 0
0.93 0 0 0 0
0.936667 0 0 0 0
0.943333 0 0 0 0
0.95 0 0 0 0
0.956667 0 0 0 0
0.963333 0 0 0 0
0.97 0 0 0 0
0.976667 0 0 0 0
0.983333 0 0 0 0
0.99 0 0 0 0
0.996667 0 0 0 0
1.00333 0 0 0 0
1.01 0 0 0 0
1.01667 0 0 0 0
1.02333 0 0 0 0
1.03 0 0 0 0
1.03667 0 0 0 0
1.04333 0 0 0 0
1.05 0 0 0 0
1.05667 0 0 0 0
1.06333 0 0 0 0
1.07 0 0 0 0
1.07667 0 0 0 0
1.08333 0 0 0 0
1.09 0 0 0 0
1.09667 0 0 0 0
1.10333 0 0 0 0
1.11 0 0 0 0
1.11667 0 0 0 0
1.12333 0 0 0 0
1.13 0 0 0 0
1.13667 0 0 0 0
1.14333 0 0 0 0
1.15 0 0 0 0
1.15667 0 0 0 0
1.16333 0 0 0 0
1.17 0 0 0 0
1.17667 0 0 0 0
1.18333 0 0 0 0
1.19 0 0 0 0
1.19667 0 0 0 0
1.20333 0 0 0 0
1.21 0 0 0 0
1.21667 0 0 0 0
1.22333 0 0 0 0
1.23 0 0 0 0
1.23667 0 0 0 0
1.24333 0 0 0 0
1.25 0 0 0 0
1.25667 0 0 0 0
1.26333 0 0 0 0
1.27 0 0 0 0
1.27667 0 0 0 0
1.28333 0 0 0 0
1.29 0 0 0 0
1.29667 0 0 0 0
1.30333 0 0 0 0
1.31 0 0 0 0
1.31667 0 0 0 0
1.32333 0 0 0 0
1.33 0 0 0 0
1.33667 0 0 0 0
1.34333 0 0 0 0
1.35 0 0 0 0
1.35667 0 0 0 0
1.36333 0 0 0 0
1.37 0 0 0 0
1.37667 0 0 0 0
1.38333 0 0 0 0
1.39 0 0 0 0
1.39667 0 0 0 0
1.40333 0 0 0 0
1.41 0 0 0 0
1.41667 0 0 0 0
1.42333 0 0 0 0
1.43 0 0 0 0
1.43667 0 0 0 0
1.44333 0 0 0 0
1.45 0 0 0 0
1.45667 0 0 0 0
1.46333 0 0 0 0
1.47 0 0 0 0
1.47667 0 0 0 0
1.48333 0 0 0 0
1.49 0 0 0 0
1.49667 0 0 0 0
1.50333 0 0 0 0
1.51 0 0 0 0
1.51667 0 0 0 0
1.52333 0 0 0 0
1.53 0 0 0 0
1.53667 0 0 0 0
1.54333 0 0 0 0
1.55 0 0 0 0
1.55667 0 0 0 0
1.56333 0 0 0 0
1.57 0 0 0 0
1.57667 0 0 0 0
1.58333 0 0 0 0
1.59 0 0 0 0
1.59667 0 0 0 0
1.60333 0 0 0 0
1.61 0 0 0 0
1.61667 0 0 0 0
1.62333 0 0 0 0
1.63 0 0 0 0
1.63667 0 0 0 0
1.64333 0 0 0 0
1.65 0 0 0 0
1.65667 0 0 0 0
1.66333 0 0 0 0
1.67 0 0 0 0
1.67667 0 0 0 0
1.68333 0 0 0 0
1.69 0 0 0 0
1.69667 0 0 0 0
1.70333 0 0 0 0
1.71 0 0 0 0
1.71667 0 0 0 0
1.72333 0 0 0 0
1.73 0 0 0 0
1.73667 0 0 0 0
1.74333 0 0 0 0
1.75 0 0 0 0
1.75667 0 0 0 0
1.76333 0 0 0 0
1.77 0 0 0 0
1.77667 0 0 0 0
1.78333 0 0 0 0
1.79 0 0 0 0
1.79667 0 0 0 0
1.80333 0 0 0 0
1.81 0 0 0 0
1.81667 0 0 0 0
1.82333 0 0 0 0
1.83 0 0 0 0
1.83667 0 0 0 0
1.84333 0 0 0 0
1.85 0 0 0 0
1.85667 0 0 0 0
1.86333 0 0 0 0
1.87 0 0 0 0
1.87667 0 0 0 0
1.88333 0 0 0 0
1.89 0 0 0 0
1.89667 0 0 0 0
1.90333 0 0 0 0
1.91 0 0 0 0
1.91667 0 0 0 0
1.92333 0 0 0 0
1.93 0 0 0 0
1.93667 0 0 0 0
1.94333 0 0 0 0
1.95 0 0 0 0
1.95667 0 0 0 0
1.96333 0 0 0 0
1.97 0 0 0 0
1.97667 0 0 0 0
1.98333 0 0 0 0
1.99 0 0 0 0
1.99667 0 0 0 0
