0.00333333 2 8 72 26
0.01 2 7 69 27
0.0166667 2 7 102 29
0.0233333 2 11 123 29
0.03 5 13 111 46
0.0366667 1 15 145 49
0.0433333 4 12 158 57
0.05 3 25 205 82
0.0566667 7 18 231 110
0.0633333 6 21 292 96
0.07 4 22 254 103
0.0766667 7 41 306 117
0.0833333 5 41 332 109
0.09 5 19 340 112
0.0966667 7 27 315 130
0.103333 3 23 339 117
0.11 9 29 305 127
0.116667 9 24 286 101
0.123333 4 25 313 92
0.13 4 28 331 112
0.136667 5 20 310 98
0.143333 3 17 270 94
0.15 7 29 230 77
0.156667 2 22 284 77
0.163333 3 23 239 70
0.17 1 18 230 74
0.176667 2 22 238 77
0.183333 6 24 229 70
0.19 3 18 271 95
0.196667 6 32 234 79
0.203333 1 14 213 70
0.21 4 24 231 66
0.216667 10 19 204 74
0.223333 2 7 224 62
0.23 5 21 215 65
0.236667 1 20 206 47
0.243333 2 11 181 71
0.25 3 14 172 63
0.256667 3 15 154 35
0.263333 2 19 157 58
0.27 0 14 136 57
0.276667 3 10 132 44
0.283333 4 15 162 51
0.29 1 5 138 59
0.296667 2 14 117 49
0.303333 1 8 110 32
0.31 5 16 123 36
0.316667 3 14 129 40
0.323333 5 15 126 40
0.33 3 11 108 20
0.336667 2 9 108 33
0.343333 5 15 106 43
0.35 1 17 103 36
0.356667 2 8 82 28
0.363333 3 12 96 22
0.37 3 9 115 41
0.376667 1 11 109 33
0.383333 3 9 95 42
0.39 1 8 87 28
0.396667 4 10 101 26
0.403333 1 12 101 32
0.41 4 8 88 31
0.416667 3 9 97 21
0.423333 0 9 90 30
0.43 0 13 84 29
0.436667 2 11 97 17
0.443333 3 11 78 36
0.45 3 11 74 20
0.456667 3 9 95 25
0.463333 2 14 82 32
0.47 2 7 87 31
0.476667 1 6 65 18
0.483333 0 9 56 22
0.49 3 9 58 18
0.496667 4 5 52 11
0.503333 2 4 47 25
0.51 0 5 40 14
0.516667 1 8 51 17
0.523333 1 3 43 16
0.53 2 7 40 17
0.536667 1 4 39 14
0.543333 4 6 31 12
0.55 0 3 38 17
0.556667 0 4 38 19
0.563333 1 10 30 13
0.57 1 3 29 22
0.576667 2 7 43 18
0.583333 2 4 30 16
0.59 2 5 35 14
0.596667 0 3 41 13
0.603333 3 6 38 17
0.61 1 6 51 13
0.616667 0 4 39 10
0.623333 0 2 33 17
0.63 1 4 37 17
0.636667 0 8 42 12
0.643333 2 2 26 17
0.65 2 6 28 12
0.656667 0 7 38 13
0.663333 20 178 2708 555
0.67 0 0 0 0
0.676667 0 0 0 0
0.683333 0 0 0 0
0.69 0 0 0 0
0.696667 0 0 0 0
0.703333 0 0 0 0
0.71 0 0 0 0
0.716667 0 0 0 0
0.723333 0 0 0 0
0.73 0 0 0 0
0.736667 0 0 0 0
0.743333 0 0 0 0
0.75 0 0 0 0
0.756667 0 0 0 0
0.763333 0 0 0 0
0.77 0 0 0 0
0.776667 0 0 0 0
0.783333 0 0 0 0
0.79 0 0 0 0
0.796667 0 0 0 0
0.803333 0 0 0 0
0.81 0 0 0 0
0.816667 0 0 0 0
0.823333 0 0 0 0
0.83 0 0 0 0
0.836667 0 0 0 0
0.843333 0 0 0 0
0.85 0 0 0 0
0.856667 0 0 0 0
0.863333 0 0 0 0
0.87 0 0 0 0
0.876667 0 0 0 0
0.883333 0 0 0 0
0.89 0 0 0 0
0.896667 0 0 0 0
0.903333 0 0 0 0
0.91 0 0 0 0
0.916667 0 0 0 0
0.923333 0 0 0 0
0.93 0 0 0 0
0.936667 0 0 0 0
0.943333 0 0 0 0
0.95 0 0 0 0
0.956667 0 0 0 0
0.963333 0 0 0 0
0.97 0 0 0 0
0.976667 0 0 0 0
0.983333 0 0 0 0
0.99 0 0 0 0
0.996667 0 0 0 0
1.00333 0 0 0 0
1.01 0 0 0 0
1.01667 0 0 0 0
1.02333 0 0 0 0
1.03 0 0 0 0
1.03667 0 0 0 0
1.04333 0 0 0 0
1.05 0 0 0 0
1.05667 0 0 0 0
1.06333 0 0 0 0
1.07 0 0 0 0
1.07667 0 0 0 0
1.08333 0 0 0 0
1.09 0 0 0 0
1.09667 0 0 0 0
1.10333 0 0 0 0
1.11 0 0 0 0
1.11667 0 0 0 0
1.12333 0 0 0 0
1.13 0 0 0 0
1.13667 0 0 0 0
1.14333 0 0 0 0
1.15 0 0 0 0
1.15667 0 0 0 0
1.16333 0 0 0 0
1.17 0 0 0 0
1.17667 0 0 0 0
1.18333 0 0 0 0
1.19 0 0 0 0
1.19667 0 0 0 0
1.20333 0 0 0 0
1.21 0 0 0 0
1.21667 0 0 0 0
1.22333 0 0 0 0
1.23 0 0 0 0
1.23667 0 0 0 0
1.24333 0 0 0 0
1.25 0 0 0 0
1.25667 0 0 0 0
1.26333 0 0 0 0
1.27 0 0 0 0
1.27667 0 0 0 0
1.28333 0 0 0 0
1.29 0 0 0 0
1.29667 0 0 0 0
1.30333 0 0 0 0
1.31 0 0 0 0
1.31667 0 0 0 0
1.32333 0 0 0 0
1.33 0 0 0 0
1.33667 0 0 0 0
1.34333 0 0 0 0
1.35 0 0 0 0
1.35667 0 0 0 0
1.36333 0 0 0 0
1.37 0 0 0 0
1.37667 0 0 0 0
1.38333 0 0 0 0
1.39 0 0 0 0
1.39667 0 0 0 0
1.40333 0 0 0 0
1.41 0 0 0 0
1.41667 0 0 0 0
1.42333 0 0 0 0
1.43 0 0 0 0
1.43667 0 0 0 0
1.44333 0 0 0 0
1.45 0 0 0 0
1.45667 0 0 0 0
1.46333 0 0 0 0
1.47 0 0 0 0
1.47667 0 0 0 0
1.48333 0 0 0 0
1.49 0 0 0 0
1.49667 0 0 0 0
1.50333 0 0 0 0
1.51 0 0 0 0
1.51667 0 0 0 0
1.52333 0 0 0 0
1.53 0 0 0 0
1.53667 0 0 0 0
1.54333 0 0 0 0
1.55 0 0 0 0
1.55667 0 0 0 0
1.56333 0 0 0 0
1.57 0 0 0 0
1.57667 0 0 0 0
1.58333 0 0 0 0
1.59 0 0 0 0
1.59667 0 0 0 0
1.60333 0 0 0 0
1.61 0 0 0 0
1.61667 0 0 0 0
1.62333 0 0 0 0
1.63 0 0 0 0
1.63667 0 0 0 0
1.64333 0 0 0 0
1.65 0 0 0 0
1.65667 0 0 0 0
1.66333 0 0 0 0
1.67 0 0 0 0
1.67667 0 0 0 0
1.68333 0 0 0 0
1.69 0 0 0 0
1.69667 0 0 0 0
1.70333 0 0 0 0
1.71 0 0 0 0
1.71667 0 0 0 0
1.72333 0 0 0 0
1.73 0 0 0 0
1.73667 0 0 0 0
1.74333 0 0 0 0
1.75 0 0 0 0
1.75667 0 0 0 0
1.76333 0 0 0 0
1.77 0 0 0 0
1.77667 0 0 0 0
1.78333 0 0 0 0
1.79 0 0 0 0
1.79667 0 0 0 0
1.80333 0 0 0 0
1.81 0 0 0 0
1.81667 0 0 0 0
1.82333 0 0 0 0
1.83 0 0 0 0
1.83667 0 0 0 0
1.84333 0 0 0 0
1.85 0 0 0 0
1.85667 0 0 0 0
1.86333 0 0 0 0
1.87 0 0 0 0
1.87667 0 0 0 0
1.88333 0 0 0 0
1.89 0 0 0 0
1.89667 0 0 0 0
1.90333 0 0 0 0
1.91 0 0 0 0
1.91667 0 0 0 0
1.92333 0 0 0 0
1.93 0 0 0 0
1.93667 0 0 0 0
1.94333 0 0 0 0
1.95 0 0 0 0
1.95667 0 0 0 0
1.96333 0 0 0 0
1.97 0 0 0 0
1.97667 0 0 0 0
1.98333 0 0 0 0
1.99 0 0 0 0
1.99667 0 0 0 0
