0.00333333 7 21 16 24
0.01 13 26 22 22
0.0166667 14 23 13 17
0.0233333 14 27 20 21
0.03 13 26 25 23
0.0366667 13 26 23 29
0.0433333 19 37 35 27
0.05 18 45 36 29
0.0566667 18 44 65 41
0.0633333 23 43 61 31
0.07 24 57 73 35
0.0766667 28 73 67 54
0.0833333 24 62 71 33
0.09 24 75 63 39
0.0966667 22 61 62 42
0.103333 18 62 61 53
0.11 27 67 60 54
0.116667 19 70 61 57
0.123333 17 61 50 50
0.13 30 67 47 55
0.136667 25 59 45 59
0.143333 29 61 47 33
0.15 14 57 36 48
0.156667 30 50 51 52
0.163333 31 52 40 31
0.17 27 47 46 39
0.176667 22 45 27 39
0.183333 19 37 52 63
0.19 48 47 36 78
0.196667 28 52 26 74
0.203333 37 71 26 51
0.21 30 54 45 45
0.216667 22 51 30 50
0.223333 32 56 28 46
0.23 20 56 35 29
0.236667 18 51 24 38
0.243333 25 46 26 35
0.25 20 50 30 28
0.256667 17 37 22 28
0.263333 16 41 25 31
0.27 17 35 24 31
0.276667 18 39 25 25
0.283333 20 24 20 40
0.29 18 42 25 24
0.296667 16 35 26 23
0.303333 16 32 32 25
0.31 21 27 20 22
0.316667 16 31 25 26
0.323333 14 28 24 42
0.33 15 33 19 22
0.336667 13 33 13 18
0.343333 7 22 26 29
0.35 30 29 21 22
0.356667 22 32 16 30
0.363333 11 30 18 33
0.37 11 34 18 22
0.376667 17 25 26 26
0.383333 13 26 19 23
0.39 14 25 23 20
0.396667 23 35 18 19
0.403333 13 32 21 22
0.41 11 26 20 21
0.416667 16 34 25 28
0.423333 20 21 16 32
0.43 10 29 11 24
0.436667 16 16 29 26
0.443333 8 17 19 29
0.45 12 28 15 25
0.456667 7 22 17 31
0.463333 14 29 12 25
0.47 17 14 18 21
0.476667 13 24 12 28
0.483333 9 18 10 17
0.49 11 12 15 17
0.496667 8 13 17 16
0.503333 7 16 12 17
0.51 11 12 10 13
0.516667 7 23 11 20
0.523333 7 17 18 10
0.53 7 22 12 7
0.536667 8 11 7 10
0.543333 3 9 12 9
0.55 7 9 14 11
0.556667 11 13 14 15
0.563333 5 17 10 10
0.57 6 9 6 9
0.576667 3 15 9 9
0.583333 4 11 8 6
0.59 10 17 10 5
0.596667 10 12 4 6
0.603333 6 16 3 8
0.61 7 15 3 17
0.616667 9 14 8 9
0.623333 7 12 7 11
0.63 7 23 7 9
0.636667 4 11 8 8
0.643333 3 11 6 6
0.65 2 13 7 9
0.656667 3 13 8 10
0.663333 558 716 244 933
0.67 0 0 0 0
0.676667 0 0 0 0
0.683333 0 0 0 0
0.69 0 0 0 0
0.696667 0 0 0 0
0.703333 0 0 0 0
0.71 0 0 0 0
0.716667 0 0 0 0
0.723333 0 0 0 0
0.73 0 0 0 0
0.736667 0 0 0 0
0.743333 0 0 0 0
0.75 0 0 0 0
0.756667 0 0 0 0
0.763333 0 0 0 0
0.77 0 0 0 0
0.776667 0 0 0 0
0.783333 0 0 0 0
0.79 0 0 0 0
0.796667 0 0 0 0
0.803333 0 0 0 0
0.81 0 0 0 0
0.816667 0 0 0 0
0.823333 0 0 0 0
0.83 0 0 0 0
0.836667 0 0 0 0
0.843333 0 0 0 0
0.85 0 0 0 0
0.856667 0 0 0 0
0.863333 0 0 0 0
0.87 0 0 0 0
0.876667 0 0 0 0
0.883333 0 0 0 0
0.89 0 0 0 0
0.896667 0 0 0 0
0.903333 0 0 0 0
0.91 0 0 0 0
0.916667 0 0 0 0
0.923333 0 0 0 0
0.93 0 0 0 0
0.936667 0 0 0 0
0.943333 0 0 0 0
0.95 0 0 0 0
0.956667 0 0 0 0
0.963333 0 0 0 0
0.97 0 0 0 0
0.976667 0 0 0 0
0.983333 0 0 0 0
0.99 0 0 0 0
0.996667 0 0 0 0
1.00333 0 0 0 0
1.01 0 0 0 0
1.01667 0 0 0 0
1.02333 0 0 0 0
1.03 0 0 0 0
1.03667 0 0 0 0
1.04333 0 0 0 0
1.05 0 0 0 0
1.05667 0 0 0 0
1.06333 0 0 0 0
1.07 0 0 0 0
1.07667 0 0 0 0
1.08333 0 0 0 0
1.09 0 0 0 0
1.09667 0 0 0 0
1.10333 0 0 0 0
1.11 0 0 0 0
1.11667 0 0 0 0
1.12333 0 0 0 0
1.13 0 0 0 0
1.13667 0 0 0 0
1.14333 0 0 0 0
1.15 0 0 0 0
1.15667 0 0 0 0
1.16333 0 0 0 0
1.17 0 0 0 0
1.17667 0 0 0 0
1.18333 0 0 0 0
1.19 0 0 0 0
1.19667 0 0 0 0
1.20333 0 0 0 0
1.21 0 0 0 0
1.21667 0 0 0 0
1.22333 0 0 0 0
1.23 0 0 0 0
1.23667 0 0 0 0
1.24333 0 0 0 0
1.25 0 0 0 0
1.25667 0 0 0 0
1.26333 0 0 0 0
1.27 0 0 0 0
1.27667 0 0 0 0
1.28333 0 0 0 0
1.29 0 0 0 0
1.29667 0 0 0 0
1.30333 0 0 0 0
1.31 0 0 0 0
1.31667 0 0 0 0
1.32333 0 0 0 0
1.33 0 0 0 0
1.33667 0 0 0 0
1.34333 0 0 0 0
1.35 0 0 0 0
1.35667 0 0 0 0
1.36333 0 0 0 0
1.37 0 0 0 0
1.37667 0 0 0 0
1.38333 0 0 0 0
1.39 0 0 0 0
1.39667 0 0 0 0
1.40333 0 0 0 0
1.41 0 0 0 0
1.41667 0 0 0 0
1.42333 0 0 0 0
1.43 0 0 0 0
1.43667 0 0 0 0
1.44333 0 0 0 0
1.45 0 0 0 0
1.45667 0 0 0 0
1.46333 0 0 0 0
1.47 0 0 0 0
1.47667 0 0 0 0
1.48333 0 0 0 0
1.49 0 0 0 0
1.49667 0 0 0 0
1.50333 0 0 0 0
1.51 0 0 0 0
1.51667 0 0 0 0
1.52333 0 0 0 0
1.53 0 0 0 0
1.53667 0 0 0 0
1.54333 0 0 0 0
1.55 0 0 0 0
1.55667 0 0 0 0
1.56333 0 0 0 0
1.57 0 0 0 0
1.57667 0 0 0 0
1.58333 0 0 0 0
1.59 0 0 0 0
1.59667 0 0 0 0
1.60333 0 0 0 0
1.61 0 0 0 0
1.61667 0 0 0 0
1.62333 0 0 0 0
1.63 0 0 0 0
1.63667 0 0 0 0
1.64333 0 0 0 0
1.65 0 0 0 0
1.65667 0 0 0 0
1.66333 0 0 0 0
1.67 0 0 0 0
1.67667 0 0 0 0
1.68333 0 0 0 0
1.69 0 0 0 0
1.69667 0 0 0 0
1.70333 0 0 0 0
1.71 0 0 0 0
1.71667 0 0 0 0
1.72333 0 0 0 0
1.73 0 0 0 0
1.73667 0 0 0 0
1.74333 0 0 0 0
1.75 0 0 0 0
1.75667 0 0 0 0
1.76333 0 0 0 0
1.77 0 0 0 0
1.77667 0 0 0 0
1.78333 0 0 0 0
1.79 0 0 0 0
1.79667 0 0 0 0
1.80333 0 0 0 0
1.81 0 0 0 0
1.81667 0 0 0 0
1.82333 0 0 0 0
1.83 0 0 0 0
1.83667 0 0 0 0
1.84333 0 0 0 0
1.85 0 0 0 0
1.85667 0 0 0 0
1.86333 0 0 0 0
1.87 0 0 0 0
1.87667 0 0 0 0
1.88333 0 0 0 0
1.89 0 0 0 0
1.89667 0 0 0 0
1.90333 0 0 0 0
1.91 0 0 0 0
1.91667 0 0 0 0
1.92333 0 0 0 0
1.93 0 0 0 0
1.93667 0 0 0 0
1.94333 0 0 0 0
1.95 0 0 0 0
1.95667 0 0 0 0
1.96333 0 0 0 0
1.97 0 0 0 0
1.97667 0 0 0 0
1.98333 0 0 0 0
1.99 0 0 0 0
1.99667 0 0 0 0
