0.00333333 14 117 17 4
0.01 11 96 9 2
0.0166667 16 123 15 1
0.0233333 9 122 19 3
0.03 16 132 11 2
0.0366667 22 137 20 3
0.0433333 20 173 33 7
0.05 31 213 30 3
0.0566667 44 265 37 8
0.0633333 41 283 46 10
0.07 45 295 57 5
0.0766667 41 281 42 8
0.0833333 45 330 45 6
0.09 50 312 46 9
0.0966667 33 307 57 7
0.103333 43 313 46 12
0.11 52 328 49 8
0.116667 37 362 49 7
0.123333 40 339 47 5
0.13 31 325 33 2
0.136667 40 323 42 5
0.143333 38 304 36 4
0.15 30 326 39 1
0.156667 37 289 42 8
0.163333 26 275 50 6
0.17 30 295 43 5
0.176667 40 342 31 7
0.183333 18 341 31 7
0.19 31 387 36 7
0.196667 33 376 51 3
0.203333 26 349 42 4
0.21 27 347 38 5
0.216667 27 319 32 10
0.223333 30 328 30 4
0.23 23 293 36 4
0.236667 20 279 42 3
0.243333 29 220 26 1
0.25 15 225 27 4
0.256667 22 220 25 3
0.263333 23 210 32 5
0.27 15 188 34 1
0.276667 26 203 31 5
0.283333 21 176 28 2
0.29 18 160 23 4
0.296667 16 201 19 4
0.303333 19 173 22 2
0.31 23 161 32 2
0.316667 17 157 19 3
0.323333 22 153 20 5
0.33 12 175 18 1
0.336667 13 130 29 3
0.343333 23 156 20 2
0.35 10 133 30 1
0.356667 14 125 27 3
0.363333 16 140 19 4
0.37 18 130 20 1
0.376667 11 127 12 2
0.383333 9 148 20 2
0.39 10 128 22 8
0.396667 16 120 19 2
0.403333 10 122 12 0
0.41 13 125 19 2
0.416667 12 133 16 2
0.423333 9 122 11 0
0.43 9 107 13 2
0.436667 8 115 19 1
0.443333 14 122 15 4
0.45 9 124 21 5
0.456667 9 120 11 1
0.463333 11 133 26 2
0.47 8 134 13 1
0.476667 8 104 13 1
0.483333 10 75 10 1
0.49 7 75 17 3
0.496667 11 55 12 4
0.503333 8 46 12 2
0.51 4 67 9 2
0.516667 3 47 15 0
0.523333 8 47 8 0
0.53 10 58 13 2
0.536667 6 46 9 3
0.543333 12 44 8 1
0.55 7 54 8 2
0.556667 5 56 6 2
0.563333 4 45 11 2
0.57 5 57 11 0
0.576667 9 43 7 0
0.583333 2 50 10 1
0.59 7 37 10 1
0.596667 8 51 11 1
0.603333 6 46 7 2
0.61 7 35 4 0
0.616667 4 44 8 2
0.623333 1 51 8 0
0.63 8 46 10 1
0.636667 10 51 7 5
0.643333 8 37 8 2
0.65 6 46 14 2
0.656667 8 32 8 0
0.663333 215 5164 428 28
0.67 0 0 0 0
0.676667 0 0 0 0
0.683333 0 0 0 0
0.69 0 0 0 0
0.696667 0 0 0 0
0.703333 0 0 0 0
0.71 0 0 0 0
0.716667 0 0 0 0
0.723333 0 0 0 0
0.73 0 0 0 0
0.736667 0 0 0 0
0.743333 0 0 0 0
0.75 0 0 0 0
0.756667 0 0 0 0
0.763333 0 0 0 0
0.77 0 0 0 0
0.776667 0 0 0 0
0.783333 0 0 0 0
0.79 0 0 0 0
0.796667 0 0 0 0
0.803333 0 0 0 0
0.81 0 0 0 0
0.816667 0 0 0 0
0.823333 0 0 0 0
0.83 0 0 0 0
0.836667 0 0 0 0
0.843333 0 0 0 0
0.85 0 0 0 0
0.856667 0 0 0 0
0.863333 0 0 0 0
0.87 0 0 0 0
0.876667 0 0 0 0
0.883333 0 0 0 0
0.89 0 0 0 0
0.896667 0 0 0 0
0.903333 0 0 0 0
0.91 0 0 0 0
0.916667 0 0 0 0
0.923333 0 0 0 0
0.93 0 0 0 0
0.936667 0 0 0 0
0.943333 0 0 0 0
0.95 0 0 0 0
0.956667 0 0 0 0
0.963333 0 0 0 0
0.97 0 0 0 0
0.976667 0 0 0 0
0.983333 0 0 0 0
0.99 0 0 0 0
0.996667 0 0 0 0
1.00333 0 0 0 0
1.01 0 0 0 0
1.01667 0 0 0 0
1.02333 0 0 0 0
1.03 0 0 0 0
1.03667 0 0 0 0
1.04333 0 0 0 0
1.05 0 0 0 0
1.05667 0 0 0 0
1.06333 0 0 0 0
1.07 0 0 0 0
1.07667 0 0 0 0
1.08333 0 0 0 0
1.09 0 0 0 0
1.09667 0 0 0 0
1.10333 0 0 0 0
1.11 0 0 0 0
1.11667 0 0 0 0
1.12333 0 0 0 0
1.13 0 0 0 0
1.13667 0 0 0 0
1.14333 0 0 0 0
1.15 0 0 0 0
1.15667 0 0 0 0
1.16333 0 0 0 0
1.17 0 0 0 0
1.17667 0 0 0 0
1.18333 0 0 0 0
1.19 0 0 0 0
1.19667 0 0 0 0
1.20333 0 0 0 0
1.21 0 0 0 0
1.21667 0 0 0 0
1.22333 0 0 0 0
1.23 0 0 0 0
1.23667 0 0 0 0
1.24333 0 0 0 0
1.25 0 0 0 0
1.25667 0 0 0 0
1.26333 0 0 0 0
1.27 0 0 0 0
1.27667 0 0 0 0
1.28333 0 0 0 0
1.29 0 0 0 0
1.29667 0 0 0 0
1.30333 0 0 0 0
1.31 0 0 0 0
1.31667 0 0 0 0
1.32333 0 0 0 0
1.33 0 0 0 0
1.33667 0 0 0 0
1.34333 0 0 0 0
1.35 0 0 0 0
1.35667 0 0 0 0
1.36333 0 0 0 0
1.37 0 0 0 0
1.37667 0 0 0 0
1.38333 0 0 0 0
1.39 0 0 0 0
1.39667 0 0 0 0
1.40333 0 0 0 0
1.41 0 0 0 0
1.41667 0 0 0 0
1.42333 0 0 0 0
1.43 0 0 0 0
1.43667 0 0 0 0
1.44333 0 0 0 0
1.45 0 0 0 0
1.45667 0 0 0 0
1.46333 0 0 0 0
1.47 0 0 0 0
1.47667 0 0 0 0
1.48333 0 0 0 0
1.49 0 0 0 0
1.49667 0 0 0 0
1.50333 0 0 0 0
1.51 0 0 0 0
1.51667 0 0 0 0
1.52333 0 0 0 0
1.53 0 0 0 0
1.53667 0 0 0 0
1.54333 0 0 0 0
1.55 0 0 0 0
1.55667 0 0 0 0
1.56333 0 0 0 0
1.57 0 0 0 0
1.57667 0 0 0 0
1.58333 0 0 0 0
1.59 0 0 0 0
1.59667 0 0 0 0
1.60333 0 0 0 0
1.61 0 0 0 0
1.61667 0 0 0 0
1.62333 0 0 0 0
1.63 0 0 0 0
1.63667 0 0 0 0
1.64333 0 0 0 0
1.65 0 0 0 0
1.65667 0 0 0 0
1.66333 0 0 0 0
1.67 0 0 0 0
1.67667 0 0 0 0
1.68333 0 0 0 0
1.69 0 0 0 0
1.69667 0 0 0 0
1.70333 0 0 0 0
1.71 0 0 0 0
1.71667 0 0 0 0
1.72333 0 0 0 0
1.73 0 0 0 0
1.73667 0 0 0 0
1.74333 0 0 0 0
1.75 0 0 0 0
1.75667 0 0 0 0
1.76333 0 0 0 0
1.77 0 0 0 0
1.77667 0 0 0 0
1.78333 0 0 0 0
1.79 0 0 0 0
1.79667 0 0 0 0
1.80333 0 0 0 0
1.81 0 0 0 0
1.81667 0 0 0 0
1.82333 0 0 0 0
1.83 0 0 0 0
1.83667 0 0 0 0
1.84333 0 0 0 0
1.85 0 0 0 0
1.85667 0 0 0 0
1.86333 0 0 0 0
1.87 0 0 0 0
1.87667 0 0 0 0
1.88333 0 0 0 0
1.89 0 0 0 0
1.89667 0 0 0 0
1.90333 0 0 0 0
1.91 0 0 0 0
1.91667 0 0 0 0
1.92333 0 0 0 0
1.93 0 0 0 0
1.93667 0 0 0 0
1.94333 0 0 0 0
1.95 0 0 0 0
1.95667 0 0 0 0
1.96333 0 0 0 0
1.97 0 0 0 0
1.97667 0 0 0 0
1.98333 0 0 0 0
1.99 0 0 0 0
1.99667 0 0 0 0
