0.00333333 142 13 0 1
0.01 162 6 3 3
0.0166667 145 15 0 3
0.0233333 157 10 0 1
0.03 151 13 0 2
0.0366667 170 21 3 3
0.0433333 171 26 2 2
0.05 206 29 0 2
0.0566667 205 36 0 2
0.0633333 237 36 0 0
0.07 251 45 1 3
0.0766667 292 42 1 3
0.0833333 271 34 0 2
0.09 300 42 3 1
0.0966667 303 45 1 3
0.103333 325 41 1 3
0.11 311 49 2 1
0.116667 348 39 0 1
0.123333 368 33 2 3
0.13 357 24 2 2
0.136667 362 30 1 3
0.143333 313 21 0 4
0.15 322 33 2 3
0.156667 313 28 0 0
0.163333 329 29 2 2
0.17 346 33 2 3
0.176667 339 22 1 0
0.183333 368 25 1 2
0.19 472 27 0 2
0.196667 457 27 1 3
0.203333 485 24 0 4
0.21 407 20 0 2
0.216667 407 22 2 2
0.223333 382 23 2 2
0.23 364 26 3 3
0.236667 343 23 2 2
0.243333 340 20 0 3
0.25 283 21 2 6
0.256667 269 21 1 1
0.263333 250 22 0 1
0.27 240 21 2 2
0.276667 232 18 2 1
0.283333 253 20 2 3
0.29 251 20 0 0
0.296667 216 25 3 2
0.303333 227 17 0 4
0.31 174 21 2 0
0.316667 195 18 1 2
0.323333 169 20 1 4
0.33 183 17 0 0
0.336667 183 17 1 0
0.343333 172 23 0 3
0.35 180 12 2 3
0.356667 166 25 4 3
0.363333 171 16 1 3
0.37 197 17 2 1
0.376667 176 16 1 3
0.383333 150 12 1 1
0.39 179 21 0 1
0.396667 162 6 0 4
0.403333 166 15 3 1
0.41 156 15 1 1
0.416667 167 21 1 3
0.423333 147 11 0 3
0.43 149 17 1 1
0.436667 154 14 0 4
0.443333 121 13 1 2
0.45 165 12 2 0
0.456667 171 12 0 1
0.463333 183 11 0 1
0.47 159 10 2 0
0.476667 136 17 0 2
0.483333 86 11 0 1
0.49 67 17 1 0
0.496667 63 8 0 0
0.503333 58 6 0 0
0.51 75 9 1 1
0.516667 53 9 0 3
0.523333 53 10 0 1
0.53 54 6 0 2
0.536667 69 12 1 1
0.543333 61 8 0 1
0.55 49 9 0 1
0.556667 55 5 0 0
0.563333 63 9 0 2
0.57 65 10 0 0
0.576667 48 6 0 1
0.583333 56 8 2 3
0.59 48 4 0 1
0.596667 41 6 2 1
0.603333 61 4 0 0
0.61 40 6 2 1
0.616667 39 7 1 1
0.623333 48 5 0 2
0.63 49 6 0 1
0.636667 71 9 0 1
0.643333 47 7 1 0
0.65 34 8 1 1
0.656667 39 4 1 1
0.663333 7874 219 16 68
0.67 0 0 0 0
0.676667 0 0 0 0
0.683333 0 0 0 0
0.69 0 0 0 0
0.696667 0 0 0 0
0.703333 0 0 0 0
0.71 0 0 0 0
0.716667 0 0 0 0
0.723333 0 0 0 0
0.73 0 0 0 0
0.736667 0 0 0 0
0.743333 0 0 0 0
0.75 0 0 0 0
0.756667 0 0 0 0
0.763333 0 0 0 0
0.77 0 0 0 0
0.776667 0 0 0 0
0.783333 0 0 0 0
0.79 0 0 0 0
0.796667 0 0 0 0
0.803333 0 0 0 0
0.81 0 0 0 0
0.816667 0 0 0 0
0.823333 0 0 0 0
0.83 0 0 0 0
0.836667 0 0 0 0
0.843333 0 0 0 0
0.85 0 0 0 0
0.856667 0 0 0 0
0.863333 0 0 0 0
0.87 0 0 0 0
0.876667 0 0 0 0
0.883333 0 0 0 0
0.89 0 0 0 0
0.896667 0 0 0 0
0.903333 0 0 0 0
0.91 0 0 0 0
0.916667 0 0 0 0
0.923333 0 0 0 0
0.93 0 0 0 0
0.936667 0 0 0 0
0.943333 0 0 0 0
0.95 0 0 0 0
0.956667 0 0 0 0
0.963333 0 0 0 0
0.97 0 0 0 0
0.976667 0 0 0 0
0.983333 0 0 0 0
0.99 0 0 0 0
0.996667 0 0 0 0
1.00333 0 0 0 0
1.01 0 0 0 0
1.01667 0 0 0 0
1.02333 0 0 0 0
1.03 0 0 0 0
1.03667 0 0 0 0
1.04333 0 0 0 0
1.05 0 0 0 0
1.05667 0 0 0 0
1.06333 0 0 0 0
1.07 0 0 0 0
1.07667 0 0 0 0
1.08333 0 0 0 0
1.09 0 0 0 0
1.09667 0 0 0 0
1.10333 0 0 0 0
1.11 0 0 0 0
1.11667 0 0 0 0
1.12333 0 0 0 0
1.13 0 0 0 0
1.13667 0 0 0 0
1.14333 0 0 0 0
1.15 0 0 0 0
1.15667 0 0 0 0
1.16333 0 0 0 0
1.17 0 0 0 0
1.17667 0 0 0 0
1.18333 0 0 0 0
1.19 0 0 0 0
1.19667 0 0 0 0
1.20333 0 0 0 0
1.21 0 0 0 0
1.21667 0 0 0 0
1.22333 0 0 0 0
1.23 0 0 0 0
1.23667 0 0 0 0
1.24333 0 0 0 0
1.25 0 0 0 0
1.25667 0 0 0 0
1.26333 0 0 0 0
1.27 0 0 0 0
1.27667 0 0 0 0
1.28333 0 0 0 0
1.29 0 0 0 0
1.29667 0 0 0 0
1.30333 0 0 0 0
1.31 0 0 0 0
1.31667 0 0 0 0
1.32333 0 0 0 0
1.33 0 0 0 0
1.33667 0 0 0 0
1.34333 0 0 0 0
1.35 0 0 0 0
1.35667 0 0 0 0
1.36333 0 0 0 0
1.37 0 0 0 0
1.37667 0 0 0 0
1.38333 0 0 0 0
1.39 0 0 0 0
1.39667 0 0 0 0
1.40333 0 0 0 0
1.41 0 0 0 0
1.41667 0 0 0 0
1.42333 0 0 0 0
1.43 0 0 0 0
1.43667 0 0 0 0
1.44333 0 0 0 0
1.45 0 0 0 0
1.45667 0 0 0 0
1.46333 0 0 0 0
1.47 0 0 0 0
1.47667 0 0 0 0
1.48333 0 0 0 0
1.49 0 0 0 0
1.49667 0 0 0 0
1.50333 0 0 0 0
1.51 0 0 0 0
1.51667 0 0 0 0
1.52333 0 0 0 0
1.53 0 0 0 0
1.53667 0 0 0 0
1.54333 0 0 0 0
1.55 0 0 0 0
1.55667 0 0 0 0
1.56333 0 0 0 0
1.57 0 0 0 0
1.57667 0 0 0 0
1.58333 0 0 0 0
1.59 0 0 0 0
1.59667 0 0 0 0
1.60333 0 0 0 0
1.61 0 0 0 0
1.61667 0 0 0 0
1.62333 0 0 0 0
1.63 0 0 0 0
1.63667 0 0 0 0
1.64333 0 0 0 0
1.65 0 0 0 0
1.65667 0 0 0 0
1.66333 0 0 0 0
1.67 0 0 0 0
1.67667 0 0 0 0
1.68333 0 0 0 0
1.69 0 0 0 0
1.69667 0 0 0 0
1.70333 0 0 0 0
1.71 0 0 0 0
1.71667 0 0 0 0
1.72333 0 0 0 0
1.73 0 0 0 0
1.73667 0 0 0 0
1.74333 0 0 0 0
1.75 0 0 0 0
1.75667 0 0 0 0
1.76333 0 0 0 0
1.77 0 0 0 0
1.77667 0 0 0 0
1.78333 0 0 0 0
1.79 0 0 0 0
1.79667 0 0 0 0
1.80333 0 0 0 0
1.81 0 0 0 0
1.81667 0 0 0 0
1.82333 0 0 0 0
1.83 0 0 0 0
1.83667 0 0 0 0
1.84333 0 0 0 0
1.85 0 0 0 0
1.85667 0 0 0 0
1.86333 0 0 0 0
1.87 0 0 0 0
1.87667 0 0 0 0
1.88333 0 0 0 0
1.89 0 0 0 0
1.89667 0 0 0 0
1.90333 0 0 0 0
1.91 0 0 0 0
1.91667 0 0 0 0
1.92333 0 0 0 0
1.93 0 0 0 0
1.93667 0 0 0 0
1.94333 0 0 0 0
1.95 0 0 0 0
1.95667 0 0 0 0
1.96333 0 0 0 0
1.97 0 0 0 0
1.97667 0 0 0 0
1.98333 0 0 0 0
1.99 0 0 0 0
1.99667 0 0 0 0
