0.00333333 107 64 2 2
0.01 127 60 3 2
0.0166667 115 61 0 0
0.0233333 125 70 0 4
0.03 131 87 0 2
0.0366667 149 81 1 2
0.0433333 170 111 0 1
0.05 218 132 5 3
0.0566667 247 150 2 2
0.0633333 252 144 2 8
0.07 238 157 3 3
0.0766667 302 205 1 7
0.0833333 300 196 8 4
0.09 332 167 11 4
0.0966667 315 204 5 3
0.103333 314 160 5 9
0.11 335 142 7 11
0.116667 371 197 4 5
0.123333 348 205 4 5
0.13 345 219 9 1
0.136667 317 164 5 4
0.143333 343 158 4 12
0.15 291 162 2 3
0.156667 345 165 6 4
0.163333 309 153 4 2
0.17 289 161 10 6
0.176667 279 159 6 0
0.183333 325 165 4 9
0.19 376 191 2 10
0.196667 376 194 1 7
0.203333 356 156 6 6
0.21 336 150 3 6
0.216667 301 150 1 6
0.223333 313 140 3 3
0.23 259 123 7 4
0.236667 257 144 7 4
0.243333 252 115 0 3
0.25 225 112 3 8
0.256667 231 119 3 6
0.263333 229 104 1 6
0.27 193 108 2 2
0.276667 201 116 2 3
0.283333 207 115 2 2
0.29 194 98 2 4
0.296667 177 107 1 1
0.303333 165 97 1 0
0.31 174 100 7 0
0.316667 170 84 2 6
0.323333 153 79 3 4
0.33 147 90 3 5
0.336667 127 87 3 0
0.343333 149 87 1 4
0.35 144 80 3 2
0.356667 168 70 7 0
0.363333 127 73 1 2
0.37 143 85 3 1
0.376667 122 87 3 4
0.383333 120 57 6 0
0.39 130 85 2 3
0.396667 131 71 2 2
0.403333 157 51 3 2
0.41 136 67 3 1
0.416667 119 68 1 2
0.423333 137 69 2 1
0.43 117 49 1 1
0.436667 140 56 2 6
0.443333 139 64 0 3
0.45 140 57 1 2
0.456667 137 74 2 1
0.463333 122 65 2 1
0.47 115 66 1 2
0.476667 100 55 3 2
0.483333 63 51 4 2
0.49 69 49 2 2
0.496667 61 36 3 2
0.503333 51 47 2 1
0.51 55 41 1 0
0.516667 48 31 1 2
0.523333 45 30 3 3
0.53 47 38 1 2
0.536667 55 32 3 1
0.543333 58 25 1 1
0.55 45 30 1 4
0.556667 45 26 1 0
0.563333 58 18 1 1
0.57 40 32 0 1
0.576667 37 25 3 2
0.583333 52 44 0 1
0.59 39 33 1 1
0.596667 35 30 1 2
0.603333 46 27 1 0
0.61 43 24 1 1
0.616667 39 33 2 4
0.623333 38 33 1 2
0.63 39 35 0 1
0.636667 52 41 2 1
0.643333 57 31 1 2
0.65 39 36 0 2
0.656667 27 23 3 4
0.663333 5571 2198 21 87
0.67 0 0 0 0
0.676667 0 0 0 0
0.683333 0 0 0 0
0.69 0 0 0 0
0.696667 0 0 0 0
0.703333 0 0 0 0
0.71 0 0 0 0
0.716667 0 0 0 0
0.723333 0 0 0 0
0.73 0 0 0 0
0.736667 0 0 0 0
0.743333 0 0 0 0
0.75 0 0 0 0
0.756667 0 0 0 0
0.763333 0 0 0 0
0.77 0 0 0 0
0.776667 0 0 0 0
0.783333 0 0 0 0
0.79 0 0 0 0
0.796667 0 0 0 0
0.803333 0 0 0 0
0.81 0 0 0 0
0.816667 0 0 0 0
0.823333 0 0 0 0
0.83 0 0 0 0
0.836667 0 0 0 0
0.843333 0 0 0 0
0.85 0 0 0 0
0.856667 0 0 0 0
0.863333 0 0 0 0
0.87 0 0 0 0
0.876667 0 0 0 0
0.883333 0 0 0 0
0.89 0 0 0 0
0.896667 0 0 0 0
0.903333 0 0 0 0
0.91 0 0 0 0
0.916667 0 0 0 0
0.923333 0 0 0 0
0.93 0 0 0 0
0.936667 0 0 0 0
0.943333 0 0 0 0
0.95 0 0 0 0
0.956667 0 0 0 0
0.963333 0 0 0 0
0.97 0 0 0 0
0.976667 0 0 0 0
0.983333 0 0 0 0
0.99 0 0 0 0
0.996667 0 0 0 0
1.00333 0 0 0 0
1.01 0 0 0 0
1.01667 0 0 0 0
1.02333 0 0 0 0
1.03 0 0 0 0
1.03667 0 0 0 0
1.04333 0 0 0 0
1.05 0 0 0 0
1.05667 0 0 0 0
1.06333 0 0 0 0
1.07 0 0 0 0
1.07667 0 0 0 0
1.08333 0 0 0 0
1.09 0 0 0 0
1.09667 0 0 0 0
1.10333 0 0 0 0
1.11 0 0 0 0
1.11667 0 0 0 0
1.12333 0 0 0 0
1.13 0 0 0 0
1.13667 0 0 0 0
1.14333 0 0 0 0
1.15 0 0 0 0
1.15667 0 0 0 0
1.16333 0 0 0 0
1.17 0 0 0 0
1.17667 0 0 0 0
1.18333 0 0 0 0
1.19 0 0 0 0
1.19667 0 0 0 0
1.20333 0 0 0 0
1.21 0 0 0 0
1.21667 0 0 0 0
1.22333 0 0 0 0
1.23 0 0 0 0
1.23667 0 0 0 0
1.24333 0 0 0 0
1.25 0 0 0 0
1.25667 0 0 0 0
1.26333 0 0 0 0
1.27 0 0 0 0
1.27667 0 0 0 0
1.28333 0 0 0 0
1.29 0 0 0 0
1.29667 0 0 0 0
1.30333 0 0 0 0
1.31 0 0 0 0
1.31667 0 0 0 0
1.32333 0 0 0 0
1.33 0 0 0 0
1.33667 0 0 0 0
1.34333 0 0 0 0
1.35 0 0 0 0
1.35667 0 0 0 0
1.36333 0 0 0 0
1.37 0 0 0 0
1.37667 0 0 0 0
1.38333 0 0 0 0
1.39 0 0 0 0
1.39667 0 0 0 0
1.40333 0 0 0 0
1.41 0 0 0 0
1.41667 0 0 0 0
1.42333 0 0 0 0
1.43 0 0 0 0
1.43667 0 0 0 0
1.44333 0 0 0 0
1.45 0 0 0 0
1.45667 0 0 0 0
1.46333 0 0 0 0
1.47 0 0 0 0
1.47667 0 0 0 0
1.48333 0 0 0 0
1.49 0 0 0 0
1.49667 0 0 0 0
1.50333 0 0 0 0
1.51 0 0 0 0
1.51667 0 0 0 0
1.52333 0 0 0 0
1.53 0 0 0 0
1.53667 0 0 0 0
1.54333 0 0 0 0
1.55 0 0 0 0
1.55667 0 0 0 0
1.56333 0 0 0 0
1.57 0 0 0 0
1.57667 0 0 0 0
1.58333 0 0 0 0
1.59 0 0 0 0
1.59667 0 0 0 0
1.60333 0 0 0 0
1.61 0 0 0 0
1.61667 0 0 0 0
1.62333 0 0 0 0
1.63 0 0 0 0
1.63667 0 0 0 0
1.64333 0 0 0 0
1.65 0 0 0 0
1.65667 0 0 0 0
1.66333 0 0 0 0
1.67 0 0 0 0
1.67667 0 0 0 0
1.68333 0 0 0 0
1.69 0 0 0 0
1.69667 0 0 0 0
1.70333 0 0 0 0
1.71 0 0 0 0
1.71667 0 0 0 0
1.72333 0 0 0 0
1.73 0 0 0 0
1.73667 0 0 0 0
1.74333 0 0 0 0
1.75 0 0 0 0
1.75667 0 0 0 0
1.76333 0 0 0 0
1.77 0 0 0 0
1.77667 0 0 0 0
1.78333 0 0 0 0
1.79 0 0 0 0
1.79667 0 0 0 0
1.80333 0 0 0 0
1.81 0 0 0 0
1.81667 0 0 0 0
1.82333 0 0 0 0
1.83 0 0 0 0
1.83667 0 0 0 0
1.84333 0 0 0 0
1.85 0 0 0 0
1.85667 0 0 0 0
1.86333 0 0 0 0
1.87 0 0 0 0
1.87667 0 0 0 0
1.88333 0 0 0 0
1.89 0 0 0 0
1.89667 0 0 0 0
1.90333 0 0 0 0
1.91 0 0 0 0
1.91667 0 0 0 0
1.92333 0 0 0 0
1.93 0 0 0 0
1.93667 0 0 0 0
1.94333 0 0 0 0
1.95 0 0 0 0
1.95667 0 0 0 0
1.96333 0 0 0 0
1.97 0 0 0 0
1.97667 0 0 0 0
1.98333 0 0 0 0
1.99 0 0 0 0
1.99667 0 0 0 0
