0.00333333 149 30 2 2
0.01 157 39 1 4
0.0166667 179 35 2 1
0.0233333 191 30 2 0
0.03 177 41 1 3
0.0366667 223 36 3 1
0.0433333 212 59 0 2
0.05 266 97 6 8
0.0566667 266 99 6 1
0.0633333 330 100 5 3
0.07 329 124 10 4
0.0766667 351 137 6 7
0.0833333 374 114 3 5
0.09 376 121 4 3
0.0966667 383 126 3 5
0.103333 386 110 3 7
0.11 397 113 7 2
0.116667 431 144 3 2
0.123333 476 122 4 5
0.13 419 118 6 4
0.136667 440 91 6 4
0.143333 421 95 1 8
0.15 427 103 3 3
0.156667 390 87 2 2
0.163333 427 86 5 7
0.17 443 83 4 4
0.176667 403 84 0 6
0.183333 502 90 1 4
0.19 613 79 4 12
0.196667 584 91 4 6
0.203333 552 87 6 4
0.21 521 88 3 7
0.216667 476 74 0 5
0.223333 403 83 7 2
0.23 398 71 3 9
0.236667 373 86 1 3
0.243333 327 64 2 7
0.25 329 65 5 6
0.256667 300 64 3 5
0.263333 272 67 1 3
0.27 283 64 1 1
0.276667 245 68 2 3
0.283333 262 53 3 5
0.29 253 65 0 2
0.296667 231 49 1 2
0.303333 243 53 3 5
0.31 230 47 3 5
0.316667 201 41 1 2
0.323333 210 61 3 5
0.33 190 49 2 1
0.336667 206 47 5 1
0.343333 194 53 1 2
0.35 195 37 5 4
0.356667 207 37 3 4
0.363333 215 28 2 3
0.37 188 49 3 8
0.376667 185 43 3 2
0.383333 175 42 2 1
0.39 176 36 3 2
0.396667 183 34 0 4
0.403333 211 35 3 3
0.41 180 38 3 1
0.416667 171 41 1 3
0.423333 164 45 4 4
0.43 181 39 0 7
0.436667 168 40 0 6
0.443333 194 28 0 5
0.45 183 37 2 3
0.456667 175 39 1 2
0.463333 178 27 0 2
0.47 195 48 0 1
0.476667 156 32 2 4
0.483333 83 36 2 1
0.49 87 27 2 3
0.496667 73 21 1 2
0.503333 72 23 1 1
0.51 65 21 3 5
0.516667 74 27 3 3
0.523333 71 15 1 1
0.53 62 15 0 4
0.536667 72 20 0 0
0.543333 62 12 2 1
0.55 47 19 2 0
0.556667 61 21 0 2
0.563333 42 20 3 3
0.57 50 26 0 2
0.576667 66 12 2 2
0.583333 71 24 2 2
0.59 53 19 0 1
0.596667 51 15 0 1
0.603333 56 18 1 1
0.61 40 16 4 5
0.616667 56 23 1 3
0.623333 56 14 1 0
0.63 52 24 0 0
0.636667 87 21 0 3
0.643333 47 21 0 1
0.65 46 26 0 1
0.656667 36 13 4 3
0.663333 9216 932 17 117
0.67 0 0 0 0
0.676667 0 0 0 0
0.683333 0 0 0 0
0.69 0 0 0 0
0.696667 0 0 0 0
0.703333 0 0 0 0
0.71 0 0 0 0
0.716667 0 0 0 0
0.723333 0 0 0 0
0.73 0 0 0 0
0.736667 0 0 0 0
0.743333 0 0 0 0
0.75 0 0 0 0
0.756667 0 0 0 0
0.763333 0 0 0 0
0.77 0 0 0 0
0.776667 0 0 0 0
0.783333 0 0 0 0
0.79 0 0 0 0
0.796667 0 0 0 0
0.803333 0 0 0 0
0.81 0 0 0 0
0.816667 0 0 0 0
0.823333 0 0 0 0
0.83 0 0 0 0
0.836667 0 0 0 0
0.843333 0 0 0 0
0.85 0 0 0 0
0.856667 0 0 0 0
0.863333 0 0 0 0
0.87 0 0 0 0
0.876667 0 0 0 0
0.883333 0 0 0 0
0.89 0 0 0 0
0.896667 0 0 0 0
0.903333 0 0 0 0
0.91 0 0 0 0
0.916667 0 0 0 0
0.923333 0 0 0 0
0.93 0 0 0 0
0.936667 0 0 0 0
0.943333 0 0 0 0
0.95 0 0 0 0
0.956667 0 0 0 0
0.963333 0 0 0 0
0.97 0 0 0 0
0.976667 0 0 0 0
0.983333 0 0 0 0
0.99 0 0 0 0
0.996667 0 0 0 0
1.00333 0 0 0 0
1.01 0 0 0 0
1.01667 0 0 0 0
1.02333 0 0 0 0
1.03 0 0 0 0
1.03667 0 0 0 0
1.04333 0 0 0 0
1.05 0 0 0 0
1.05667 0 0 0 0
1.06333 0 0 0 0
1.07 0 0 0 0
1.07667 0 0 0 0
1.08333 0 0 0 0
1.09 0 0 0 0
1.09667 0 0 0 0
1.10333 0 0 0 0
1.11 0 0 0 0
1.11667 0 0 0 0
1.12333 0 0 0 0
1.13 0 0 0 0
1.13667 0 0 0 0
1.14333 0 0 0 0
1.15 0 0 0 0
1.15667 0 0 0 0
1.16333 0 0 0 0
1.17 0 0 0 0
1.17667 0 0 0 0
1.18333 0 0 0 0
1.19 0 0 0 0
1.19667 0 0 0 0
1.20333 0 0 0 0
1.21 0 0 0 0
1.21667 0 0 0 0
1.22333 0 0 0 0
1.23 0 0 0 0
1.23667 0 0 0 0
1.24333 0 0 0 0
1.25 0 0 0 0
1.25667 0 0 0 0
1.26333 0 0 0 0
1.27 0 0 0 0
1.27667 0 0 0 0
1.28333 0 0 0 0
1.29 0 0 0 0
1.29667 0 0 0 0
1.30333 0 0 0 0
1.31 0 0 0 0
1.31667 0 0 0 0
1.32333 0 0 0 0
1.33 0 0 0 0
1.33667 0 0 0 0
1.34333 0 0 0 0
1.35 0 0 0 0
1.35667 0 0 0 0
1.36333 0 0 0 0
1.37 0 0 0 0
1.37667 0 0 0 0
1.38333 0 0 0 0
1.39 0 0 0 0
1.39667 0 0 0 0
1.40333 0 0 0 0
1.41 0 0 0 0
1.41667 0 0 0 0
1.42333 0 0 0 0
1.43 0 0 0 0
1.43667 0 0 0 0
1.44333 0 0 0 0
1.45 0 0 0 0
1.45667 0 0 0 0
1.46333 0 0 0 0
1.47 0 0 0 0
1.47667 0 0 0 0
1.48333 0 0 0 0
1.49 0 0 0 0
1.49667 0 0 0 0
1.50333 0 0 0 0
1.51 0 0 0 0
1.51667 0 0 0 0
1.52333 0 0 0 0
1.53 0 0 0 0
1.53667 0 0 0 0
1.54333 0 0 0 0
1.55 0 0 0 0
1.55667 0 0 0 0
1.56333 0 0 0 0
1.57 0 0 0 0
1.57667 0 0 0 0
1.58333 0 0 0 0
1.59 0 0 0 0
1.59667 0 0 0 0
1.60333 0 0 0 0
1.61 0 0 0 0
1.61667 0 0 0 0
1.62333 0 0 0 0
1.63 0 0 0 0
1.63667 0 0 0 0
1.64333 0 0 0 0
1.65 0 0 0 0
1.65667 0 0 0 0
1.66333 0 0 0 0
1.67 0 0 0 0
1.67667 0 0 0 0
1.68333 0 0 0 0
1.69 0 0 0 0
1.69667 0 0 0 0
1.70333 0 0 0 0
1.71 0 0 0 0
1.71667 0 0 0 0
1.72333 0 0 0 0
1.73 0 0 0 0
1.73667 0 0 0 0
1.74333 0 0 0 0
1.75 0 0 0 0
1.75667 0 0 0 0
1.76333 0 0 0 0
1.77 0 0 0 0
1.77667 0 0 0 0
1.78333 0 0 0 0
1.79 0 0 0 0
1.79667 0 0 0 0
1.80333 0 0 0 0
1.81 0 0 0 0
1.81667 0 0 0 0
1.82333 0 0 0 0
1.83 0 0 0 0
1.83667 0 0 0 0
1.84333 0 0 0 0
1.85 0 0 0 0
1.85667 0 0 0 0
1.86333 0 0 0 0
1.87 0 0 0 0
1.87667 0 0 0 0
1.88333 0 0 0 0
1.89 0 0 0 0
1.89667 0 0 0 0
1.90333 0 0 0 0
1.91 0 0 0 0
1.91667 0 0 0 0
1.92333 0 0 0 0
1.93 0 0 0 0
1.93667 0 0 0 0
1.94333 0 0 0 0
1.95 0 0 0 0
1.95667 0 0 0 0
1.96333 0 0 0 0
1.97 0 0 0 0
1.97667 0 0 0 0
1.98333 0 0 0 0
1.99 0 0 0 0
1.99667 0 0 0 0
