0.00333333 2 4 184 16
0.01 2 6 175 16
0.0166667 1 7 189 14
0.0233333 2 11 184 15
0.03 1 10 189 20
0.0366667 2 7 218 29
0.0433333 3 17 229 40
0.05 4 9 290 49
0.0566667 5 21 333 45
0.0633333 1 22 382 40
0.07 3 21 366 71
0.0766667 5 27 417 69
0.0833333 8 20 460 72
0.09 3 35 412 60
0.0966667 3 21 467 67
0.103333 6 28 455 60
0.11 6 24 483 61
0.116667 3 28 459 49
0.123333 5 13 458 56
0.13 4 28 484 52
0.136667 5 22 532 46
0.143333 6 17 454 43
0.15 3 16 489 32
0.156667 1 22 469 33
0.163333 4 16 474 45
0.17 7 21 456 33
0.176667 7 19 440 39
0.183333 3 20 547 34
0.19 4 25 662 27
0.196667 6 19 610 34
0.203333 4 18 552 38
0.21 3 17 545 29
0.216667 4 14 488 31
0.223333 7 9 486 35
0.23 2 13 443 34
0.236667 0 18 402 24
0.243333 1 13 343 32
0.25 4 12 351 36
0.256667 4 12 328 20
0.263333 2 20 290 37
0.27 0 12 267 32
0.276667 2 12 289 23
0.283333 1 5 277 25
0.29 0 11 267 37
0.296667 0 8 259 15
0.303333 1 17 225 25
0.31 1 13 265 20
0.316667 0 7 237 18
0.323333 1 21 206 16
0.33 1 8 198 16
0.336667 1 10 187 12
0.343333 2 2 227 25
0.35 2 11 205 22
0.356667 1 10 181 24
0.363333 0 5 201 15
0.37 2 11 182 20
0.376667 1 5 214 12
0.383333 0 7 230 24
0.39 2 13 192 23
0.396667 1 7 170 13
0.403333 1 9 189 21
0.41 2 2 180 20
0.416667 2 7 188 20
0.423333 1 10 172 23
0.43 0 4 183 10
0.436667 2 4 207 12
0.443333 1 8 201 18
0.45 1 7 191 17
0.456667 0 6 190 14
0.463333 1 7 164 22
0.47 2 7 186 22
0.476667 2 9 157 14
0.483333 2 6 111 17
0.49 1 5 101 9
0.496667 1 4 99 16
0.503333 0 6 84 12
0.51 1 11 72 11
0.516667 1 6 73 9
0.523333 2 4 75 7
0.53 1 6 82 6
0.536667 0 4 64 11
0.543333 0 4 76 7
0.55 1 2 67 8
0.556667 2 5 58 13
0.563333 2 13 67 9
0.57 1 1 54 8
0.576667 4 7 53 9
0.583333 2 6 69 9
0.59 2 6 59 6
0.596667 1 4 57 6
0.603333 2 8 48 5
0.61 1 6 64 6
0.616667 2 5 56 9
0.623333 0 3 59 7
0.63 2 0 63 6
0.636667 2 2 82 8
0.643333 0 10 40 8
0.65 2 7 47 11
0.656667 0 1 59 10
0.663333 13 140 8913 245
0.67 0 0 0 0
0.676667 0 0 0 0
0.683333 0 0 0 0
0.69 0 0 0 0
0.696667 0 0 0 0
0.703333 0 0 0 0
0.71 0 0 0 0
0.716667 0 0 0 0
0.723333 0 0 0 0
0.73 0 0 0 0
0.736667 0 0 0 0
0.743333 0 0 0 0
0.75 0 0 0 0
0.756667 0 0 0 0
0.763333 0 0 0 0
0.77 0 0 0 0
0.776667 0 0 0 0
0.783333 0 0 0 0
0.79 0 0 0 0
0.796667 0 0 0 0
0.803333 0 0 0 0
0.81 0 0 0 0
0.816667 0 0 0 0
0.823333 0 0 0 0
0.83 0 0 0 0
0.836667 0 0 0 0
0.843333 0 0 0 0
0.85 0 0 0 0
0.856667 0 0 0 0
0.863333 0 0 0 0
0.87 0 0 0 0
0.876667 0 0 0 0
0.883333 0 0 0 0
0.89 0 0 0 0
0.896667 0 0 0 0
0.903333 0 0 0 0
0.91 0 0 0 0
0.916667 0 0 0 0
0.923333 0 0 0 0
0.93 0 0 0 0
0.936667 0 0 0 0
0.943333 0 0 0 0
0.95 0 0 0 0
0.956667 0 0 0 0
0.963333 0 0 0 0
0.97 0 0 0 0
0.976667 0 0 0 0
0.983333 0 0 0 0
0.99 0 0 0 0
0.996667 0 0 0 0
1.00333 0 0 0 0
1.01 0 0 0 0
1.01667 0 0 0 0
1.02333 0 0 0 0
1.03 0 0 0 0
1.03667 0 0 0 0
1.04333 0 0 0 0
1.05 0 0 0 0
1.05667 0 0 0 0
1.06333 0 0 0 0
1.07 0 0 0 0
1.07667 0 0 0 0
1.08333 0 0 0 0
1.09 0 0 0 0
1.09667 0 0 0 0
1.10333 0 0 0 0
1.11 0 0 0 0
1.11667 0 0 0 0
1.12333 0 0 0 0
1.13 0 0 0 0
1.13667 0 0 0 0
1.14333 0 0 0 0
1.15 0 0 0 0
1.15667 0 0 0 0
1.16333 0 0 0 0
1.17 0 0 0 0
1.17667 0 0 0 0
1.18333 0 0 0 0
1.19 0 0 0 0
1.19667 0 0 0 0
1.20333 0 0 0 0
1.21 0 0 0 0
1.21667 0 0 0 0
1.22333 0 0 0 0
1.23 0 0 0 0
1.23667 0 0 0 0
1.24333 0 0 0 0
1.25 0 0 0 0
1.25667 0 0 0 0
1.26333 0 0 0 0
1.27 0 0 0 0
1.27667 0 0 0 0
1.28333 0 0 0 0
1.29 0 0 0 0
1.29667 0 0 0 0
1.30333 0 0 0 0
1.31 0 0 0 0
1.31667 0 0 0 0
1.32333 0 0 0 0
1.33 0 0 0 0
1.33667 0 0 0 0
1.34333 0 0 0 0
1.35 0 0 0 0
1.35667 0 0 0 0
1.36333 0 0 0 0
1.37 0 0 0 0
1.37667 0 0 0 0
1.38333 0 0 0 0
1.39 0 0 0 0
1.39667 0 0 0 0
1.40333 0 0 0 0
1.41 0 0 0 0
1.41667 0 0 0 0
1.42333 0 0 0 0
1.43 0 0 0 0
1.43667 0 0 0 0
1.44333 0 0 0 0
1.45 0 0 0 0
1.45667 0 0 0 0
1.46333 0 0 0 0
1.47 0 0 0 0
1.47667 0 0 0 0
1.48333 0 0 0 0
1.49 0 0 0 0
1.49667 0 0 0 0
1.50333 0 0 0 0
1.51 0 0 0 0
1.51667 0 0 0 0
1.52333 0 0 0 0
1.53 0 0 0 0
1.53667 0 0 0 0
1.54333 0 0 0 0
1.55 0 0 0 0
1.55667 0 0 0 0
1.56333 0 0 0 0
1.57 0 0 0 0
1.57667 0 0 0 0
1.58333 0 0 0 0
1.59 0 0 0 0
1.59667 0 0 0 0
1.60333 0 0 0 0
1.61 0 0 0 0
1.61667 0 0 0 0
1.62333 0 0 0 0
1.63 0 0 0 0
1.63667 0 0 0 0
1.64333 0 0 0 0
1.65 0 0 0 0
1.65667 0 0 0 0
1.66333 0 0 0 0
1.67 0 0 0 0
1.67667 0 0 0 0
1.68333 0 0 0 0
1.69 0 0 0 0
1.69667 0 0 0 0
1.70333 0 0 0 0
1.71 0 0 0 0
1.71667 0 0 0 0
1.72333 0 0 0 0
1.73 0 0 0 0
1.73667 0 0 0 0
1.74333 0 0 0 0
1.75 0 0 0 0
1.75667 0 0 0 0
1.76333 0 0 0 0
1.77 0 0 0 0
1.77667 0 0 0 0
1.78333 0 0 0 0
1.79 0 0 0 0
1.79667 0 0 0 0
1.80333 0 0 0 0
1.81 0 0 0 0
1.81667 0 0 0 0
1.82333 0 0 0 0
1.83 0 0 0 0
1.83667 0 0 0 0
1.84333 0 0 0 0
1.85 0 0 0 0
1.85667 0 0 0 0
1.86333 0 0 0 0
1.87 0 0 0 0
1.87667 0 0 0 0
1.88333 0 0 0 0
1.89 0 0 0 0
1.89667 0 0 0 0
1.90333 0 0 0 0
1.91 0 0 0 0
1.91667 0 0 0 0
1.92333 0 0 0 0
1.93 0 0 0 0
1.93667 0 0 0 0
1.94333 0 0 0 0
1.95 0 0 0 0
1.95667 0 0 0 0
1.96333 0 0 0 0
1.97 0 0 0 0
1.97667 0 0 0 0
1.98333 0 0 0 0
1.99 0 0 0 0
1.99667 0 0 0 0
