0.00333333 50 127 5 1
0.01 55 132 2 0
0.0166667 47 127 2 0
0.0233333 49 132 3 1
0.03 72 154 3 2
0.0366667 71 149 8 1
0.0433333 87 154 3 2
0.05 108 211 4 1
0.0566667 103 225 8 5
0.0633333 141 259 6 1
0.07 178 288 17 5
0.0766667 168 302 13 3
0.0833333 165 335 11 3
0.09 164 333 9 1
0.0966667 179 338 10 4
0.103333 163 314 4 8
0.11 161 351 6 5
0.116667 161 318 7 4
0.123333 165 355 8 3
0.13 171 336 8 4
0.136667 151 308 4 2
0.143333 136 329 8 3
0.15 157 337 3 2
0.156667 126 320 5 2
0.163333 122 312 5 2
0.17 145 296 8 3
0.176667 115 329 5 4
0.183333 137 351 7 4
0.19 142 458 5 2
0.196667 140 431 7 4
0.203333 137 423 3 7
0.21 140 334 6 2
0.216667 130 346 11 2
0.223333 125 324 4 5
0.23 108 280 8 6
0.236667 103 285 5 3
0.243333 114 259 6 3
0.25 107 225 5 2
0.256667 112 233 0 1
0.263333 101 221 4 3
0.27 107 228 3 5
0.276667 81 184 3 3
0.283333 71 217 7 3
0.29 72 185 7 3
0.296667 76 192 0 2
0.303333 88 192 5 0
0.31 74 183 2 3
0.316667 78 163 6 1
0.323333 63 141 5 2
0.33 77 149 5 3
0.336667 86 150 4 2
0.343333 56 139 4 3
0.35 66 168 4 4
0.356667 75 148 3 2
0.363333 63 159 7 2
0.37 51 139 6 2
0.376667 58 136 4 0
0.383333 66 140 4 3
0.39 60 136 2 3
0.396667 52 137 1 0
0.403333 62 116 3 1
0.41 47 128 2 2
0.416667 72 120 4 2
0.423333 76 135 2 2
0.43 58 134 6 2
0.436667 52 135 6 1
0.443333 66 137 1 0
0.45 62 120 4 0
0.456667 65 138 2 1
0.463333 73 134 7 1
0.47 64 123 5 1
0.476667 51 118 2 1
0.483333 35 81 3 2
0.49 38 88 4 2
0.496667 51 58 1 1
0.503333 37 59 2 2
0.51 22 64 1 0
0.516667 28 54 2 0
0.523333 25 57 2 0
0.53 26 49 2 0
0.536667 38 54 2 3
0.543333 23 52 2 0
0.55 27 37 0 0
0.556667 33 44 3 1
0.563333 39 34 1 0
0.57 34 46 1 1
0.576667 20 42 2 0
0.583333 35 60 0 0
0.59 30 44 2 0
0.596667 20 48 2 0
0.603333 24 58 0 2
0.61 35 48 1 0
0.616667 26 30 2 1
0.623333 26 46 4 0
0.63 24 51 2 1
0.636667 26 65 1 2
0.643333 28 39 1 2
0.65 30 29 1 2
0.656667 27 38 2 1
0.663333 1698 6457 45 33
0.67 0 0 0 0
0.676667 0 0 0 0
0.683333 0 0 0 0
0.69 0 0 0 0
0.696667 0 0 0 0
0.703333 0 0 0 0
0.71 0 0 0 0
0.716667 0 0 0 0
0.723333 0 0 0 0
0.73 0 0 0 0
0.736667 0 0 0 0
0.743333 0 0 0 0
0.75 0 0 0 0
0.756667 0 0 0 0
0.763333 0 0 0 0
0.77 0 0 0 0
0.776667 0 0 0 0
0.783333 0 0 0 0
0.79 0 0 0 0
0.796667 0 0 0 0
0.803333 0 0 0 0
0.81 0 0 0 0
0.816667 0 0 0 0
0.823333 0 0 0 0
0.83 0 0 0 0
0.836667 0 0 0 0
0.843333 0 0 0 0
0.85 0 0 0 0
0.856667 0 0 0 0
0.863333 0 0 0 0
0.87 0 0 0 0
0.876667 0 0 0 0
0.883333 0 0 0 0
0.89 0 0 0 0
0.896667 0 0 0 0
0.903333 0 0 0 0
0.91 0 0 0 0
0.916667 0 0 0 0
0.923333 0 0 0 0
0.93 0 0 0 0
0.936667 0 0 0 0
0.943333 0 0 0 0
0.95 0 0 0 0
0.956667 0 0 0 0
0.963333 0 0 0 0
0.97 0 0 0 0
0.976667 0 0 0 0
0.983333 0 0 0 0
0.99 0 0 0 0
0.996667 0 0 0 0
1.00333 0 0 0 0
1.01 0 0 0 0
1.01667 0 0 0 0
1.02333 0 0 0 0
1.03 0 0 0 0
1.03667 0 0 0 0
1.04333 0 0 0 0
1.05 0 0 0 0
1.05667 0 0 0 0
1.06333 0 0 0 0
1.07 0 0 0 0
1.07667 0 0 0 0
1.08333 0 0 0 0
1.09 0 0 0 0
1.09667 0 0 0 0
1.10333 0 0 0 0
1.11 0 0 0 0
1.11667 0 0 0 0
1.12333 0 0 0 0
1.13 0 0 0 0
1.13667 0 0 0 0
1.14333 0 0 0 0
1.15 0 0 0 0
1.15667 0 0 0 0
1.16333 0 0 0 0
1.17 0 0 0 0
1.17667 0 0 0 0
1.18333 0 0 0 0
1.19 0 0 0 0
1.19667 0 0 0 0
1.20333 0 0 0 0
1.21 0 0 0 0
1.21667 0 0 0 0
1.22333 0 0 0 0
1.23 0 0 0 0
1.23667 0 0 0 0
1.24333 0 0 0 0
1.25 0 0 0 0
1.25667 0 0 0 0
1.26333 0 0 0 0
1.27 0 0 0 0
1.27667 0 0 0 0
1.28333 0 0 0 0
1.29 0 0 0 0
1.29667 0 0 0 0
1.30333 0 0 0 0
1.31 0 0 0 0
1.31667 0 0 0 0
1.32333 0 0 0 0
1.33 0 0 0 0
1.33667 0 0 0 0
1.34333 0 0 0 0
1.35 0 0 0 0
1.35667 0 0 0 0
1.36333 0 0 0 0
1.37 0 0 0 0
1.37667 0 0 0 0
1.38333 0 0 0 0
1.39 0 0 0 0
1.39667 0 0 0 0
1.40333 0 0 0 0
1.41 0 0 0 0
1.41667 0 0 0 0
1.42333 0 0 0 0
1.43 0 0 0 0
1.43667 0 0 0 0
1.44333 0 0 0 0
1.45 0 0 0 0
1.45667 0 0 0 0
1.46333 0 0 0 0
1.47 0 0 0 0
1.47667 0 0 0 0
1.48333 0 0 0 0
1.49 0 0 0 0
1.49667 0 0 0 0
1.50333 0 0 0 0
1.51 0 0 0 0
1.51667 0 0 0 0
1.52333 0 0 0 0
1.53 0 0 0 0
1.53667 0 0 0 0
1.54333 0 0 0 0
1.55 0 0 0 0
1.55667 0 0 0 0
1.56333 0 0 0 0
1.57 0 0 0 0
1.57667 0 0 0 0
1.58333 0 0 0 0
1.59 0 0 0 0
1.59667 0 0 0 0
1.60333 0 0 0 0
1.61 0 0 0 0
1.61667 0 0 0 0
1.62333 0 0 0 0
1.63 0 0 0 0
1.63667 0 0 0 0
1.64333 0 0 0 0
1.65 0 0 0 0
1.65667 0 0 0 0
1.66333 0 0 0 0
1.67 0 0 0 0
1.67667 0 0 0 0
1.68333 0 0 0 0
1.69 0 0 0 0
1.69667 0 0 0 0
1.70333 0 0 0 0
1.71 0 0 0 0
1.71667 0 0 0 0
1.72333 0 0 0 0
1.73 0 0 0 0
1.73667 0 0 0 0
1.74333 0 0 0 0
1.75 0 0 0 0
1.75667 0 0 0 0
1.76333 0 0 0 0
1.77 0 0 0 0
1.77667 0 0 0 0
1.78333 0 0 0 0
1.79 0 0 0 0
1.79667 0 0 0 0
1.80333 0 0 0 0
1.81 0 0 0 0
1.81667 0 0 0 0
1.82333 0 0 0 0
1.83 0 0 0 0
1.83667 0 0 0 0
1.84333 0 0 0 0
1.85 0 0 0 0
1.85667 0 0 0 0
1.86333 0 0 0 0
1.87 0 0 0 0
1.87667 0 0 0 0
1.88333 0 0 0 0
1.89 0 0 0 0
1.89667 0 0 0 0
1.90333 0 0 0 0
1.91 0 0 0 0
1.91667 0 0 0 0
1.92333 0 0 0 0
1.93 0 0 0 0
1.93667 0 0 0 0
1.94333 0 0 0 0
1.95 0 0 0 0
1.95667 0 0 0 0
1.96333 0 0 0 0
1.97 0 0 0 0
1.97667 0 0 0 0
1.98333 0 0 0 0
1.99 0 0 0 0
1.99667 0 0 0 0
