0.00333333 7 90 16 0
0.01 8 83 12 1
0.0166667 12 86 16 0
0.0233333 9 95 21 0
0.03 12 87 19 2
0.0366667 15 91 27 0
0.0433333 28 128 22 1
0.05 25 133 25 1
0.0566667 22 166 25 2
0.0633333 34 167 30 2
0.07 32 143 23 1
0.0766667 32 166 31 3
0.0833333 37 162 37 3
0.09 40 211 27 2
0.0966667 33 174 39 2
0.103333 48 197 32 4
0.11 30 163 21 3
0.116667 31 180 33 2
0.123333 38 166 28 2
0.13 26 183 33 2
0.136667 26 186 38 2
0.143333 21 198 35 1
0.15 24 184 40 1
0.156667 19 196 30 3
0.163333 16 170 24 3
0.17 25 164 32 4
0.176667 26 168 35 0
0.183333 15 169 32 0
0.19 24 176 51 4
0.196667 17 177 45 1
0.203333 16 215 38 1
0.21 22 194 29 1
0.216667 13 174 45 0
0.223333 27 191 30 2
0.23 13 188 28 1
0.236667 26 170 36 0
0.243333 16 152 31 1
0.25 16 152 19 1
0.256667 11 144 24 2
0.263333 15 137 24 1
0.27 14 139 31 1
0.276667 15 115 33 3
0.283333 12 128 17 2
0.29 15 133 30 3
0.296667 16 125 24 1
0.303333 19 116 22 2
0.31 22 113 32 0
0.316667 19 127 26 0
0.323333 17 109 20 2
0.33 15 103 11 0
0.336667 11 110 27 0
0.343333 24 127 24 0
0.35 16 113 19 1
0.356667 12 119 29 0
0.363333 12 111 32 1
0.37 16 109 28 1
0.376667 12 95 16 2
0.383333 11 103 20 1
0.39 9 116 18 1
0.396667 10 105 27 2
0.403333 15 119 16 0
0.41 12 98 24 0
0.416667 12 93 16 0
0.423333 12 113 20 0
0.43 7 94 16 1
0.436667 13 104 23 0
0.443333 8 79 25 0
0.45 11 94 19 0
0.456667 15 105 19 2
0.463333 14 89 25 1
0.47 12 92 28 0
0.476667 5 81 17 1
0.483333 8 46 15 1
0.49 8 56 11 0
0.496667 7 46 10 0
0.503333 10 34 7 0
0.51 7 47 13 0
0.516667 4 51 12 0
0.523333 10 47 6 0
0.53 10 54 7 0
0.536667 9 54 9 0
0.543333 11 33 8 1
0.55 7 36 9 0
0.556667 7 56 10 0
0.563333 6 39 5 0
0.57 8 45 11 1
0.576667 9 46 5 0
0.583333 5 49 7 0
0.59 7 38 4 0
0.596667 6 33 7 1
0.603333 6 41 0 0
0.61 9 39 5 0
0.616667 8 34 4 2
0.623333 8 36 3 0
0.63 5 38 6 2
0.636667 2 42 4 2
0.643333 7 41 1 0
0.65 4 25 2 0
0.656667 6 26 0 0
0.663333 177 3750 1134 6
0.67 0 0 0 0
0.676667 0 0 0 0
0.683333 0 0 0 0
0.69 0 0 0 0
0.696667 0 0 0 0
0.703333 0 0 0 0
0.71 0 0 0 0
0.716667 0 0 0 0
0.723333 0 0 0 0
0.73 0 0 0 0
0.736667 0 0 0 0
0.743333 0 0 0 0
0.75 0 0 0 0
0.756667 0 0 0 0
0.763333 0 0 0 0
0.77 0 0 0 0
0.776667 0 0 0 0
0.783333 0 0 0 0
0.79 0 0 0 0
0.796667 0 0 0 0
0.803333 0 0 0 0
0.81 0 0 0 0
0.816667 0 0 0 0
0.823333 0 0 0 0
0.83 0 0 0 0
0.836667 0 0 0 0
0.843333 0 0 0 0
0.85 0 0 0 0
0.856667 0 0 0 0
0.863333 0 0 0 0
0.87 0 0 0 0
0.876667 0 0 0 0
0.883333 0 0 0 0
0.89 0 0 0 0
0.896667 0 0 0 0
0.903333 0 0 0 0
0.91 0 0 0 0
0.916667 0 0 0 0
0.923333 0 0 0 0
0.93 0 0 0 0
0.936667 0 0 0 0
0.943333 0 0 0 0
0.95 0 0 0 0
0.956667 0 0 0 0
0.963333 0 0 0 0
0.97 0 0 0 0
0.976667 0 0 0 0
0.983333 0 0 0 0
0.99 0 0 0 0
0.996667 0 0 0 0
1.00333 0 0 0 0
1.01 0 0 0 0
1.01667 0 0 0 0
1.02333 0 0 0 0
1.03 0 0 0 0
1.03667 0 0 0 0
1.04333 0 0 0 0
1.05 0 0 0 0
1.05667 0 0 0 0
1.06333 0 0 0 0
1.07 0 0 0 0
1.07667 0 0 0 0
1.08333 0 0 0 0
1.09 0 0 0 0
1.09667 0 0 0 0
1.10333 0 0 0 0
1.11 0 0 0 0
1.11667 0 0 0 0
1.12333 0 0 0 0
1.13 0 0 0 0
1.13667 0 0 0 0
1.14333 0 0 0 0
1.15 0 0 0 0
1.15667 0 0 0 0
1.16333 0 0 0 0
1.17 0 0 0 0
1.17667 0 0 0 0
1.18333 0 0 0 0
1.19 0 0 0 0
1.19667 0 0 0 0
1.20333 0 0 0 0
1.21 0 0 0 0
1.21667 0 0 0 0
1.22333 0 0 0 0
1.23 0 0 0 0
1.23667 0 0 0 0
1.24333 0 0 0 0
1.25 0 0 0 0
1.25667 0 0 0 0
1.26333 0 0 0 0
1.27 0 0 0 0
1.27667 0 0 0 0
1.28333 0 0 0 0
1.29 0 0 0 0
1.29667 0 0 0 0
1.30333 0 0 0 0
1.31 0 0 0 0
1.31667 0 0 0 0
1.32333 0 0 0 0
1.33 0 0 0 0
1.33667 0 0 0 0
1.34333 0 0 0 0
1.35 0 0 0 0
1.35667 0 0 0 0
1.36333 0 0 0 0
1.37 0 0 0 0
1.37667 0 0 0 0
1.38333 0 0 0 0
1.39 0 0 0 0
1.39667 0 0 0 0
1.40333 0 0 0 0
1.41 0 0 0 0
1.41667 0 0 0 0
1.42333 0 0 0 0
1.43 0 0 0 0
1.43667 0 0 0 0
1.44333 0 0 0 0
1.45 0 0 0 0
1.45667 0 0 0 0
1.46333 0 0 0 0
1.47 0 0 0 0
1.47667 0 0 0 0
1.48333 0 0 0 0
1.49 0 0 0 0
1.49667 0 0 0 0
1.50333 0 0 0 0
1.51 0 0 0 0
1.51667 0 0 0 0
1.52333 0 0 0 0
1.53 0 0 0 0
1.53667 0 0 0 0
1.54333 0 0 0 0
1.55 0 0 0 0
1.55667 0 0 0 0
1.56333 0 0 0 0
1.57 0 0 0 0
1.57667 0 0 0 0
1.58333 0 0 0 0
1.59 0 0 0 0
1.59667 0 0 0 0
1.60333 0 0 0 0
1.61 0 0 0 0
1.61667 0 0 0 0
1.62333 0 0 0 0
1.63 0 0 0 0
1.63667 0 0 0 0
1.64333 0 0 0 0
1.65 0 0 0 0
1.65667 0 0 0 0
1.66333 0 0 0 0
1.67 0 0 0 0
1.67667 0 0 0 0
1.68333 0 0 0 0
1.69 0 0 0 0
1.69667 0 0 0 0
1.70333 0 0 0 0
1.71 0 0 0 0
1.71667 0 0 0 0
1.72333 0 0 0 0
1.73 0 0 0 0
1.73667 0 0 0 0
1.74333 0 0 0 0
1.75 0 0 0 0
1.75667 0 0 0 0
1.76333 0 0 0 0
1.77 0 0 0 0
1.77667 0 0 0 0
1.78333 0 0 0 0
1.79 0 0 0 0
1.79667 0 0 0 0
1.80333 0 0 0 0
1.81 0 0 0 0
1.81667 0 0 0 0
1.82333 0 0 0 0
1.83 0 0 0 0
1.83667 0 0 0 0
1.84333 0 0 0 0
1.85 0 0 0 0
1.85667 0 0 0 0
1.86333 0 0 0 0
1.87 0 0 0 0
1.87667 0 0 0 0
1.88333 0 0 0 0
1.89 0 0 0 0
1.89667 0 0 0 0
1.90333 0 0 0 0
1.91 0 0 0 0
1.91667 0 0 0 0
1.92333 0 0 0 0
1.93 0 0 0 0
1.93667 0 0 0 0
1.94333 0 0 0 0
1.95 0 0 0 0
1.95667 0 0 0 0
1.96333 0 0 0 0
1.97 0 0 0 0
1.97667 0 0 0 0
1.98333 0 0 0 0
1.99 0 0 0 0
1.99667 0 0 0 0
