0.00333333 134 43 1 1
0.01 163 36 0 3
0.0166667 151 43 2 0
0.0233333 168 37 2 3
0.03 182 42 2 2
0.0366667 194 50 1 0
0.0433333 217 90 3 1
0.05 286 80 3 4
0.0566667 282 90 1 1
0.0633333 311 95 2 7
0.07 305 113 0 1
0.0766667 354 116 1 6
0.0833333 385 130 2 6
0.09 391 115 7 1
0.0966667 372 129 2 2
0.103333 438 113 2 8
0.11 411 101 3 4
0.116667 386 111 3 6
0.123333 412 107 2 3
0.13 443 116 4 0
0.136667 407 106 4 2
0.143333 431 114 0 5
0.15 397 84 0 2
0.156667 417 96 4 2
0.163333 420 81 0 5
0.17 400 87 5 2
0.176667 386 99 2 3
0.183333 455 96 1 5
0.19 515 102 2 9
0.196667 521 116 2 6
0.203333 468 102 6 6
0.21 473 98 2 6
0.216667 445 93 2 2
0.223333 384 88 4 1
0.23 363 70 2 3
0.236667 342 97 4 6
0.243333 291 69 1 1
0.25 355 90 4 5
0.256667 311 67 1 3
0.263333 261 55 3 5
0.27 300 75 2 0
0.276667 239 67 4 1
0.283333 253 70 2 4
0.29 226 58 1 2
0.296667 257 58 1 2
0.303333 250 53 1 0
0.31 207 62 3 2
0.316667 189 44 0 3
0.323333 241 61 2 3
0.33 203 70 3 4
0.336667 190 62 4 1
0.343333 193 59 0 3
0.35 168 44 1 2
0.356667 185 44 1 1
0.363333 181 44 1 1
0.37 208 48 2 1
0.376667 196 41 2 2
0.383333 154 48 5 0
0.39 176 44 5 0
0.396667 155 30 3 2
0.403333 183 40 2 0
0.41 149 52 1 1
0.416667 150 47 1 1
0.423333 140 50 1 1
0.43 153 41 1 3
0.436667 147 46 1 1
0.443333 166 42 0 4
0.45 172 36 1 0
0.456667 169 48 1 1
0.463333 173 31 2 1
0.47 156 39 1 2
0.476667 130 38 2 3
0.483333 88 28 1 3
0.49 98 14 2 2
0.496667 68 17 1 1
0.503333 66 21 2 3
0.51 73 23 1 0
0.516667 73 25 2 0
0.523333 65 19 2 1
0.53 64 19 1 1
0.536667 69 20 2 0
0.543333 64 18 1 0
0.55 68 22 2 4
0.556667 71 15 2 0
0.563333 58 12 1 0
0.57 64 24 0 0
0.576667 54 21 2 1
0.583333 60 24 0 0
0.59 62 26 0 0
0.596667 53 20 0 2
0.603333 58 21 0 0
0.61 48 18 2 1
0.616667 60 22 3 4
0.623333 43 19 0 2
0.63 58 25 0 0
0.636667 64 25 2 1
0.643333 42 24 0 2
0.65 53 24 1 1
0.656667 48 20 2 2
0.663333 7991 1173 12 75
0.67 0 0 0 0
0.676667 0 0 0 0
0.683333 0 0 0 0
0.69 0 0 0 0
0.696667 0 0 0 0
0.703333 0 0 0 0
0.71 0 0 0 0
0.716667 0 0 0 0
0.723333 0 0 0 0
0.73 0 0 0 0
0.736667 0 0 0 0
0.743333 0 0 0 0
0.75 0 0 0 0
0.756667 0 0 0 0
0.763333 0 0 0 0
0.77 0 0 0 0
0.776667 0 0 0 0
0.783333 0 0 0 0
0.79 0 0 0 0
0.796667 0 0 0 0
0.803333 0 0 0 0
0.81 0 0 0 0
0.816667 0 0 0 0
0.823333 0 0 0 0
0.83 0 0 0 0
0.836667 0 0 0 0
0.843333 0 0 0 0
0.85 0 0 0 0
0.856667 0 0 0 0
0.863333 0 0 0 0
0.87 0 0 0 0
0.876667 0 0 0 0
0.883333 0 0 0 0
0.89 0 0 0 0
0.896667 0 0 0 0
0.903333 0 0 0 0
0.91 0 0 0 0
0.916667 0 0 0 0
0.923333 0 0 0 0
0.93 0 0 0 0
0.936667 0 0 0 0
0.943333 0 0 0 0
0.95 0 0 0 0
0.956667 0 0 0 0
0.963333 0 0 0 0
0.97 0 0 0 0
0.976667 0 0 0 0
0.983333 0 0 0 0
0.99 0 0 0 0
0.996667 0 0 0 0
1.00333 0 0 0 0
1.01 0 0 0 0
1.01667 0 0 0 0
1.02333 0 0 0 0
1.03 0 0 0 0
1.03667 0 0 0 0
1.04333 0 0 0 0
1.05 0 0 0 0
1.05667 0 0 0 0
1.06333 0 0 0 0
1.07 0 0 0 0
1.07667 0 0 0 0
1.08333 0 0 0 0
1.09 0 0 0 0
1.09667 0 0 0 0
1.10333 0 0 0 0
1.11 0 0 0 0
1.11667 0 0 0 0
1.12333 0 0 0 0
1.13 0 0 0 0
1.13667 0 0 0 0
1.14333 0 0 0 0
1.15 0 0 0 0
1.15667 0 0 0 0
1.16333 0 0 0 0
1.17 0 0 0 0
1.17667 0 0 0 0
1.18333 0 0 0 0
1.19 0 0 0 0
1.19667 0 0 0 0
1.20333 0 0 0 0
1.21 0 0 0 0
1.21667 0 0 0 0
1.22333 0 0 0 0
1.23 0 0 0 0
1.23667 0 0 0 0
1.24333 0 0 0 0
1.25 0 0 0 0
1.25667 0 0 0 0
1.26333 0 0 0 0
1.27 0 0 0 0
1.27667 0 0 0 0
1.28333 0 0 0 0
1.29 0 0 0 0
1.29667 0 0 0 0
1.30333 0 0 0 0
1.31 0 0 0 0
1.31667 0 0 0 0
1.32333 0 0 0 0
1.33 0 0 0 0
1.33667 0 0 0 0
1.34333 0 0 0 0
1.35 0 0 0 0
1.35667 0 0 0 0
1.36333 0 0 0 0
1.37 0 0 0 0
1.37667 0 0 0 0
1.38333 0 0 0 0
1.39 0 0 0 0
1.39667 0 0 0 0
1.40333 0 0 0 0
1.41 0 0 0 0
1.41667 0 0 0 0
1.42333 0 0 0 0
1.43 0 0 0 0
1.43667 0 0 0 0
1.44333 0 0 0 0
1.45 0 0 0 0
1.45667 0 0 0 0
1.46333 0 0 0 0
1.47 0 0 0 0
1.47667 0 0 0 0
1.48333 0 0 0 0
1.49 0 0 0 0
1.49667 0 0 0 0
1.50333 0 0 0 0
1.51 0 0 0 0
1.51667 0 0 0 0
1.52333 0 0 0 0
1.53 0 0 0 0
1.53667 0 0 0 0
1.54333 0 0 0 0
1.55 0 0 0 0
1.55667 0 0 0 0
1.56333 0 0 0 0
1.57 0 0 0 0
1.57667 0 0 0 0
1.58333 0 0 0 0
1.59 0 0 0 0
1.59667 0 0 0 0
1.60333 0 0 0 0
1.61 0 0 0 0
1.61667 0 0 0 0
1.62333 0 0 0 0
1.63 0 0 0 0
1.63667 0 0 0 0
1.64333 0 0 0 0
1.65 0 0 0 0
1.65667 0 0 0 0
1.66333 0 0 0 0
1.67 0 0 0 0
1.67667 0 0 0 0
1.68333 0 0 0 0
1.69 0 0 0 0
1.69667 0 0 0 0
1.70333 0 0 0 0
1.71 0 0 0 0
1.71667 0 0 0 0
1.72333 0 0 0 0
1.73 0 0 0 0
1.73667 0 0 0 0
1.74333 0 0 0 0
1.75 0 0 0 0
1.75667 0 0 0 0
1.76333 0 0 0 0
1.77 0 0 0 0
1.77667 0 0 0 0
1.78333 0 0 0 0
1.79 0 0 0 0
1.79667 0 0 0 0
1.80333 0 0 0 0
1.81 0 0 0 0
1.81667 0 0 0 0
1.82333 0 0 0 0
1.83 0 0 0 0
1.83667 0 0 0 0
1.84333 0 0 0 0
1.85 0 0 0 0
1.85667 0 0 0 0
1.86333 0 0 0 0
1.87 0 0 0 0
1.87667 0 0 0 0
1.88333 0 0 0 0
1.89 0 0 0 0
1.89667 0 0 0 0
1.90333 0 0 0 0
1.91 0 0 0 0
1.91667 0 0 0 0
1.92333 0 0 0 0
1.93 0 0 0 0
1.93667 0 0 0 0
1.94333 0 0 0 0
1.95 0 0 0 0
1.95667 0 0 0 0
1.96333 0 0 0 0
1.97 0 0 0 0
1.97667 0 0 0 0
1.98333 0 0 0 0
1.99 0 0 0 0
1.99667 0 0 0 0
