0.00333333 9 45 11 11
0.01 16 63 12 9
0.0166667 11 54 17 6
0.0233333 13 59 20 8
0.03 19 58 22 10
0.0366667 19 51 19 9
0.0433333 21 88 40 14
0.05 29 123 43 19
0.0566667 30 137 36 18
0.0633333 38 138 47 23
0.07 48 142 45 15
0.0766667 36 175 62 25
0.0833333 46 158 47 26
0.09 57 156 64 20
0.0966667 38 153 42 15
0.103333 39 154 47 29
0.11 40 162 57 25
0.116667 34 162 52 23
0.123333 45 160 48 31
0.13 49 162 42 29
0.136667 43 162 48 19
0.143333 45 129 28 14
0.15 36 150 40 19
0.156667 36 131 38 16
0.163333 38 136 32 22
0.17 37 141 24 19
0.176667 39 148 27 22
0.183333 41 138 29 27
0.19 49 139 36 21
0.196667 45 139 27 16
0.203333 39 153 32 20
0.21 39 118 28 15
0.216667 29 127 32 15
0.223333 26 97 29 22
0.23 33 108 24 15
0.236667 35 111 26 12
0.243333 31 77 26 17
0.25 38 95 22 9
0.256667 23 85 24 8
0.263333 22 107 26 17
0.27 28 91 23 9
0.276667 27 88 22 11
0.283333 24 74 16 11
0.29 27 89 20 9
0.296667 17 71 20 11
0.303333 22 88 18 14
0.31 11 63 17 12
0.316667 23 72 24 8
0.323333 26 70 20 12
0.33 19 86 15 10
0.336667 18 71 23 10
0.343333 24 58 15 10
0.35 16 60 16 16
0.356667 17 57 20 5
0.363333 17 50 16 7
0.37 29 68 16 13
0.376667 21 65 19 19
0.383333 17 54 13 14
0.39 17 57 15 10
0.396667 17 58 23 9
0.403333 16 66 13 11
0.41 11 56 17 11
0.416667 18 58 13 14
0.423333 13 50 18 5
0.43 13 59 14 12
0.436667 17 49 18 12
0.443333 24 59 16 12
0.45 17 41 9 13
0.456667 17 60 12 11
0.463333 18 45 14 7
0.47 17 52 15 9
0.476667 4 36 11 15
0.483333 13 38 11 8
0.49 5 40 15 5
0.496667 16 41 11 6
0.503333 11 29 10 4
0.51 14 29 7 9
0.516667 7 26 9 9
0.523333 12 32 4 5
0.53 11 23 4 2
0.536667 8 30 9 4
0.543333 10 30 9 6
0.55 5 17 8 8
0.556667 8 33 6 7
0.563333 12 27 4 5
0.57 9 28 9 8
0.576667 12 30 12 6
0.583333 11 30 10 1
0.59 8 21 4 2
0.596667 12 25 7 2
0.603333 9 22 10 6
0.61 6 23 4 6
0.616667 8 27 9 4
0.623333 11 18 5 3
0.63 5 24 8 5
0.636667 6 25 7 5
0.643333 6 23 7 1
0.65 8 24 5 8
0.656667 4 20 6 7
0.663333 459 1631 213 252
0.67 0 0 0 0
0.676667 0 0 0 0
0.683333 0 0 0 0
0.69 0 0 0 0
0.696667 0 0 0 0
0.703333 0 0 0 0
0.71 0 0 0 0
0.716667 0 0 0 0
0.723333 0 0 0 0
0.73 0 0 0 0
0.736667 0 0 0 0
0.743333 0 0 0 0
0.75 0 0 0 0
0.756667 0 0 0 0
0.763333 0 0 0 0
0.77 0 0 0 0
0.776667 0 0 0 0
0.783333 0 0 0 0
0.79 0 0 0 0
0.796667 0 0 0 0
0.803333 0 0 0 0
0.81 0 0 0 0
0.816667 0 0 0 0
0.823333 0 0 0 0
0.83 0 0 0 0
0.836667 0 0 0 0
0.843333 0 0 0 0
0.85 0 0 0 0
0.856667 0 0 0 0
0.863333 0 0 0 0
0.87 0 0 0 0
0.876667 0 0 0 0
0.883333 0 0 0 0
0.89 0 0 0 0
0.896667 0 0 0 0
0.903333 0 0 0 0
0.91 0 0 0 0
0.916667 0 0 0 0
0.923333 0 0 0 0
0.93 0 0 0 0
0.936667 0 0 0 0
0.943333 0 0 0 0
0.95 0 0 0 0
0.956667 0 0 0 0
0.963333 0 0 0 0
0.97 0 0 0 0
0.976667 0 0 0 0
0.983333 0 0 0 0
0.99 0 0 0 0
0.996667 0 0 0 0
1.00333 0 0 0 0
1.01 0 0 0 0
1.01667 0 0 0 0
1.02333 0 0 0 0
1.03 0 0 0 0
1.03667 0 0 0 0
1.04333 0 0 0 0
1.05 0 0 0 0
1.05667 0 0 0 0
1.06333 0 0 0 0
1.07 0 0 0 0
1.07667 0 0 0 0
1.08333 0 0 0 0
1.09 0 0 0 0
1.09667 0 0 0 0
1.10333 0 0 0 0
1.11 0 0 0 0
1.11667 0 0 0 0
1.12333 0 0 0 0
1.13 0 0 0 0
1.13667 0 0 0 0
1.14333 0 0 0 0
1.15 0 0 0 0
1.15667 0 0 0 0
1.16333 0 0 0 0
1.17 0 0 0 0
1.17667 0 0 0 0
1.18333 0 0 0 0
1.19 0 0 0 0
1.19667 0 0 0 0
1.20333 0 0 0 0
1.21 0 0 0 0
1.21667 0 0 0 0
1.22333 0 0 0 0
1.23 0 0 0 0
1.23667 0 0 0 0
1.24333 0 0 0 0
1.25 0 0 0 0
1.25667 0 0 0 0
1.26333 0 0 0 0
1.27 0 0 0 0
1.27667 0 0 0 0
1.28333 0 0 0 0
1.29 0 0 0 0
1.29667 0 0 0 0
1.30333 0 0 0 0
1.31 0 0 0 0
1.31667 0 0 0 0
1.32333 0 0 0 0
1.33 0 0 0 0
1.33667 0 0 0 0
1.34333 0 0 0 0
1.35 0 0 0 0
1.35667 0 0 0 0
1.36333 0 0 0 0
1.37 0 0 0 0
1.37667 0 0 0 0
1.38333 0 0 0 0
1.39 0 0 0 0
1.39667 0 0 0 0
1.40333 0 0 0 0
1.41 0 0 0 0
1.41667 0 0 0 0
1.42333 0 0 0 0
1.43 0 0 0 0
1.43667 0 0 0 0
1.44333 0 0 0 0
1.45 0 0 0 0
1.45667 0 0 0 0
1.46333 0 0 0 0
1.47 0 0 0 0
1.47667 0 0 0 0
1.48333 0 0 0 0
1.49 0 0 0 0
1.49667 0 0 0 0
1.50333 0 0 0 0
1.51 0 0 0 0
1.51667 0 0 0 0
1.52333 0 0 0 0
1.53 0 0 0 0
1.53667 0 0 0 0
1.54333 0 0 0 0
1.55 0 0 0 0
1.55667 0 0 0 0
1.56333 0 0 0 0
1.57 0 0 0 0
1.57667 0 0 0 0
1.58333 0 0 0 0
1.59 0 0 0 0
1.59667 0 0 0 0
1.60333 0 0 0 0
1.61 0 0 0 0
1.61667 0 0 0 0
1.62333 0 0 0 0
1.63 0 0 0 0
1.63667 0 0 0 0
1.64333 0 0 0 0
1.65 0 0 0 0
1.65667 0 0 0 0
1.66333 0 0 0 0
1.67 0 0 0 0
1.67667 0 0 0 0
1.68333 0 0 0 0
1.69 0 0 0 0
1.69667 0 0 0 0
1.70333 0 0 0 0
1.71 0 0 0 0
1.71667 0 0 0 0
1.72333 0 0 0 0
1.73 0 0 0 0
1.73667 0 0 0 0
1.74333 0 0 0 0
1.75 0 0 0 0
1.75667 0 0 0 0
1.76333 0 0 0 0
1.77 0 0 0 0
1.77667 0 0 0 0
1.78333 0 0 0 0
1.79 0 0 0 0
1.79667 0 0 0 0
1.80333 0 0 0 0
1.81 0 0 0 0
1.81667 0 0 0 0
1.82333 0 0 0 0
1.83 0 0 0 0
1.83667 0 0 0 0
1.84333 0 0 0 0
1.85 0 0 0 0
1.85667 0 0 0 0
1.86333 0 0 0 0
1.87 0 0 0 0
1.87667 0 0 0 0
1.88333 0 0 0 0
1.89 0 0 0 0
1.89667 0 0 0 0
1.90333 0 0 0 0
1.91 0 0 0 0
1.91667 0 0 0 0
1.92333 0 0 0 0
1.93 0 0 0 0
1.93667 0 0 0 0
1.94333 0 0 0 0
1.95 0 0 0 0
1.95667 0 0 0 0
1.96333 0 0 0 0
1.97 0 0 0 0
1.97667 0 0 0 0
1.98333 0 0 0 0
1.99 0 0 0 0
1.99667 0 0 0 0
