0.00333333 0 5 41 34
0.01 2 4 48 52
0.0166667 1 5 64 62
0.0233333 1 5 73 61
0.03 1 3 49 62
0.0366667 0 6 77 89
0.0433333 4 7 105 101
0.05 0 5 120 146
0.0566667 2 8 158 162
0.0633333 5 6 178 199
0.07 3 14 167 189
0.0766667 4 9 191 192
0.0833333 3 12 160 182
0.09 3 6 171 202
0.0966667 4 9 188 190
0.103333 3 11 160 181
0.11 2 15 193 190
0.116667 3 9 202 186
0.123333 1 13 163 185
0.13 3 18 170 151
0.136667 4 6 147 149
0.143333 3 6 167 153
0.15 2 12 142 151
0.156667 4 9 157 148
0.163333 1 12 146 130
0.17 3 10 114 129
0.176667 5 10 159 156
0.183333 0 6 148 134
0.19 2 11 138 153
0.196667 0 13 132 146
0.203333 1 6 140 145
0.21 4 6 132 107
0.216667 3 7 122 109
0.223333 1 14 106 151
0.23 2 8 115 77
0.236667 2 11 110 112
0.243333 1 12 102 85
0.25 1 8 100 81
0.256667 1 4 104 82
0.263333 0 7 90 92
0.27 3 7 81 88
0.276667 1 6 90 72
0.283333 1 7 90 81
0.29 0 11 79 91
0.296667 1 7 71 75
0.303333 0 6 80 73
0.31 4 6 84 76
0.316667 1 3 83 67
0.323333 1 10 75 73
0.33 1 5 73 56
0.336667 0 1 69 81
0.343333 2 4 49 65
0.35 0 5 50 57
0.356667 0 6 78 81
0.363333 0 2 58 76
0.37 1 3 50 44
0.376667 0 3 52 58
0.383333 2 7 52 58
0.39 1 8 63 49
0.396667 3 9 46 67
0.403333 0 5 51 43
0.41 1 4 49 48
0.416667 1 6 50 47
0.423333 0 3 46 45
0.43 0 8 44 43
0.436667 1 6 51 60
0.443333 1 4 57 61
0.45 2 5 48 56
0.456667 1 5 53 62
0.463333 2 3 49 52
0.47 0 4 47 48
0.476667 0 3 35 48
0.483333 0 3 38 36
0.49 1 2 35 41
0.496667 3 3 20 34
0.503333 0 4 30 31
0.51 1 2 34 28
0.516667 0 2 29 32
0.523333 0 5 40 33
0.53 1 1 34 26
0.536667 0 2 29 30
0.543333 2 3 32 25
0.55 0 0 21 22
0.556667 1 1 30 26
0.563333 1 4 27 21
0.57 1 7 22 25
0.576667 1 2 20 20
0.583333 2 3 27 32
0.59 2 6 24 23
0.596667 0 3 19 20
0.603333 0 3 24 21
0.61 0 3 21 27
0.616667 0 6 16 26
0.623333 0 2 17 18
0.63 0 3 22 13
0.636667 1 4 26 24
0.643333 0 0 14 25
0.65 1 1 13 24
0.656667 0 0 18 26
0.663333 9 85 1336 1234
0.67 0 0 0 0
0.676667 0 0 0 0
0.683333 0 0 0 0
0.69 0 0 0 0
0.696667 0 0 0 0
0.703333 0 0 0 0
0.71 0 0 0 0
0.716667 0 0 0 0
0.723333 0 0 0 0
0.73 0 0 0 0
0.736667 0 0 0 0
0.743333 0 0 0 0
0.75 0 0 0 0
0.756667 0 0 0 0
0.763333 0 0 0 0
0.77 0 0 0 0
0.776667 0 0 0 0
0.783333 0 0 0 0
0.79 0 0 0 0
0.796667 0 0 0 0
0.803333 0 0 0 0
0.81 0 0 0 0
0.816667 0 0 0 0
0.823333 0 0 0 0
0.83 0 0 0 0
0.836667 0 0 0 0
0.843333 0 0 0 0
0.85 0 0 0 0
0.856667 0 0 0 0
0.863333 0 0 0 0
0.87 0 0 0 0
0.876667 0 0 0 0
0.883333 0 0 0 0
0.89 0 0 0 0
0.896667 0 0 0 0
0.903333 0 0 0 0
0.91 0 0 0 0
0.916667 0 0 0 0
0.923333 0 0 0 0
0.93 0 0 0 0
0.936667 0 0 0 0
0.943333 0 0 0 0
0.95 0 0 0 0
0.956667 0 0 0 0
0.963333 0 0 0 0
0.97 0 0 0 0
0.976667 0 0 0 0
0.983333 0 0 0 0
0.99 0 0 0 0
0.996667 0 0 0 0
1.00333 0 0 0 0
1.01 0 0 0 0
1.01667 0 0 0 0
1.02333 0 0 0 0
1.03 0 0 0 0
1.03667 0 0 0 0
1.04333 0 0 0 0
1.05 0 0 0 0
1.05667 0 0 0 0
1.06333 0 0 0 0
1.07 0 0 0 0
1.07667 0 0 0 0
1.08333 0 0 0 0
1.09 0 0 0 0
1.09667 0 0 0 0
1.10333 0 0 0 0
1.11 0 0 0 0
1.11667 0 0 0 0
1.12333 0 0 0 0
1.13 0 0 0 0
1.13667 0 0 0 0
1.14333 0 0 0 0
1.15 0 0 0 0
1.15667 0 0 0 0
1.16333 0 0 0 0
1.17 0 0 0 0
1.17667 0 0 0 0
1.18333 0 0 0 0
1.19 0 0 0 0
1.19667 0 0 0 0
1.20333 0 0 0 0
1.21 0 0 0 0
1.21667 0 0 0 0
1.22333 0 0 0 0
1.23 0 0 0 0
1.23667 0 0 0 0
1.24333 0 0 0 0
1.25 0 0 0 0
1.25667 0 0 0 0
1.26333 0 0 0 0
1.27 0 0 0 0
1.27667 0 0 0 0
1.28333 0 0 0 0
1.29 0 0 0 0
1.29667 0 0 0 0
1.30333 0 0 0 0
1.31 0 0 0 0
1.31667 0 0 0 0
1.32333 0 0 0 0
1.33 0 0 0 0
1.33667 0 0 0 0
1.34333 0 0 0 0
1.35 0 0 0 0
1.35667 0 0 0 0
1.36333 0 0 0 0
1.37 0 0 0 0
1.37667 0 0 0 0
1.38333 0 0 0 0
1.39 0 0 0 0
1.39667 0 0 0 0
1.40333 0 0 0 0
1.41 0 0 0 0
1.41667 0 0 0 0
1.42333 0 0 0 0
1.43 0 0 0 0
1.43667 0 0 0 0
1.44333 0 0 0 0
1.45 0 0 0 0
1.45667 0 0 0 0
1.46333 0 0 0 0
1.47 0 0 0 0
1.47667 0 0 0 0
1.48333 0 0 0 0
1.49 0 0 0 0
1.49667 0 0 0 0
1.50333 0 0 0 0
1.51 0 0 0 0
1.51667 0 0 0 0
1.52333 0 0 0 0
1.53 0 0 0 0
1.53667 0 0 0 0
1.54333 0 0 0 0
1.55 0 0 0 0
1.55667 0 0 0 0
1.56333 0 0 0 0
1.57 0 0 0 0
1.57667 0 0 0 0
1.58333 0 0 0 0
1.59 0 0 0 0
1.59667 0 0 0 0
1.60333 0 0 0 0
1.61 0 0 0 0
1.61667 0 0 0 0
1.62333 0 0 0 0
1.63 0 0 0 0
1.63667 0 0 0 0
1.64333 0 0 0 0
1.65 0 0 0 0
1.65667 0 0 0 0
1.66333 0 0 0 0
1.67 0 0 0 0
1.67667 0 0 0 0
1.68333 0 0 0 0
1.69 0 0 0 0
1.69667 0 0 0 0
1.70333 0 0 0 0
1.71 0 0 0 0
1.71667 0 0 0 0
1.72333 0 0 0 0
1.73 0 0 0 0
1.73667 0 0 0 0
1.74333 0 0 0 0
1.75 0 0 0 0
1.75667 0 0 0 0
1.76333 0 0 0 0
1.77 0 0 0 0
1.77667 0 0 0 0
1.78333 0 0 0 0
1.79 0 0 0 0
1.79667 0 0 0 0
1.80333 0 0 0 0
1.81 0 0 0 0
1.81667 0 0 0 0
1.82333 0 0 0 0
1.83 0 0 0 0
1.83667 0 0 0 0
1.84333 0 0 0 0
1.85 0 0 0 0
1.85667 0 0 0 0
1.86333 0 0 0 0
1.87 0 0 0 0
1.87667 0 0 0 0
1.88333 0 0 0 0
1.89 0 0 0 0
1.89667 0 0 0 0
1.90333 0 0 0 0
1.91 0 0 0 0
1.91667 0 0 0 0
1.92333 0 0 0 0
1.93 0 0 0 0
1.93667 0 0 0 0
1.94333 0 0 0 0
1.95 0 0 0 0
1.95667 0 0 0 0
1.96333 0 0 0 0
1.97 0 0 0 0
1.97667 0 0 0 0
1.98333 0 0 0 0
1.99 0 0 0 0
1.99667 0 0 0 0
