0.00333333 6 48 42 1
0.01 5 47 51 5
0.0166667 4 49 57 4
0.0233333 5 50 44 8
0.03 11 55 48 6
0.0366667 9 63 65 4
0.0433333 11 72 83 9
0.05 24 98 96 13
0.0566667 6 105 123 18
0.0633333 18 104 107 28
0.07 17 119 137 14
0.0766667 18 138 154 23
0.0833333 24 119 153 21
0.09 17 136 147 13
0.0966667 17 129 131 23
0.103333 23 124 141 17
0.11 18 121 152 19
0.116667 20 122 167 20
0.123333 14 117 137 18
0.13 17 128 162 13
0.136667 10 116 135 17
0.143333 10 100 139 18
0.15 15 81 145 15
0.156667 9 86 140 8
0.163333 10 114 155 12
0.17 11 108 112 8
0.176667 13 111 125 22
0.183333 8 121 135 11
0.19 12 111 162 18
0.196667 14 120 129 13
0.203333 8 97 145 5
0.21 8 117 120 10
0.216667 7 99 116 11
0.223333 16 76 105 8
0.23 11 91 108 13
0.236667 8 82 96 11
0.243333 12 84 88 5
0.25 9 63 99 3
0.256667 6 74 85 15
0.263333 10 63 81 9
0.27 7 74 69 6
0.276667 6 64 79 9
0.283333 8 63 82 7
0.29 7 64 85 6
0.296667 3 61 60 5
0.303333 7 59 50 6
0.31 4 63 69 7
0.316667 4 63 66 9
0.323333 3 67 66 10
0.33 2 53 46 11
0.336667 3 55 73 8
0.343333 4 49 56 5
0.35 4 43 56 3
0.356667 4 49 53 11
0.363333 10 47 68 4
0.37 3 52 67 8
0.376667 3 35 63 9
0.383333 5 50 63 3
0.39 4 32 65 7
0.396667 9 36 61 8
0.403333 5 47 49 3
0.41 8 38 54 5
0.416667 6 49 51 4
0.423333 7 38 45 6
0.43 8 49 32 3
0.436667 3 45 44 1
0.443333 4 35 60 4
0.45 5 27 54 5
0.456667 2 47 48 6
0.463333 8 36 61 5
0.47 3 36 43 6
0.476667 2 36 56 6
0.483333 5 36 28 2
0.49 3 32 26 4
0.496667 5 31 36 6
0.503333 3 30 31 1
0.51 3 20 24 1
0.516667 5 26 29 3
0.523333 3 26 20 3
0.53 3 24 25 1
0.536667 5 18 21 1
0.543333 3 22 19 2
0.55 2 22 20 1
0.556667 2 23 16 2
0.563333 6 19 31 2
0.57 4 19 25 3
0.576667 1 22 31 4
0.583333 3 20 27 1
0.59 2 15 14 5
0.596667 2 22 14 7
0.603333 2 21 24 2
0.61 3 25 16 4
0.616667 4 20 19 0
0.623333 3 19 14 3
0.63 3 16 14 2
0.636667 5 21 21 3
0.643333 3 14 11 1
0.65 1 16 28 2
0.656667 0 19 12 0
0.663333 82 1270 1633 68
0.67 0 0 0 0
0.676667 0 0 0 0
0.683333 0 0 0 0
0.69 0 0 0 0
0.696667 0 0 0 0
0.703333 0 0 0 0
0.71 0 0 0 0
0.716667 0 0 0 0
0.723333 0 0 0 0
0.73 0 0 0 0
0.736667 0 0 0 0
0.743333 0 0 0 0
0.75 0 0 0 0
0.756667 0 0 0 0
0.763333 0 0 0 0
0.77 0 0 0 0
0.776667 0 0 0 0
0.783333 0 0 0 0
0.79 0 0 0 0
0.796667 0 0 0 0
0.803333 0 0 0 0
0.81 0 0 0 0
0.816667 0 0 0 0
0.823333 0 0 0 0
0.83 0 0 0 0
0.836667 0 0 0 0
0.843333 0 0 0 0
0.85 0 0 0 0
0.856667 0 0 0 0
0.863333 0 0 0 0
0.87 0 0 0 0
0.876667 0 0 0 0
0.883333 0 0 0 0
0.89 0 0 0 0
0.896667 0 0 0 0
0.903333 0 0 0 0
0.91 0 0 0 0
0.916667 0 0 0 0
0.923333 0 0 0 0
0.93 0 0 0 0
0.936667 0 0 0 0
0.943333 0 0 0 0
0.95 0 0 0 0
0.956667 0 0 0 0
0.963333 0 0 0 0
0.97 0 0 0 0
0.976667 0 0 0 0
0.983333 0 0 0 0
0.99 0 0 0 0
0.996667 0 0 0 0
1.00333 0 0 0 0
1.01 0 0 0 0
1.01667 0 0 0 0
1.02333 0 0 0 0
1.03 0 0 0 0
1.03667 0 0 0 0
1.04333 0 0 0 0
1.05 0 0 0 0
1.05667 0 0 0 0
1.06333 0 0 0 0
1.07 0 0 0 0
1.07667 0 0 0 0
1.08333 0 0 0 0
1.09 0 0 0 0
1.09667 0 0 0 0
1.10333 0 0 0 0
1.11 0 0 0 0
1.11667 0 0 0 0
1.12333 0 0 0 0
1.13 0 0 0 0
1.13667 0 0 0 0
1.14333 0 0 0 0
1.15 0 0 0 0
1.15667 0 0 0 0
1.16333 0 0 0 0
1.17 0 0 0 0
1.17667 0 0 0 0
1.18333 0 0 0 0
1.19 0 0 0 0
1.19667 0 0 0 0
1.20333 0 0 0 0
1.21 0 0 0 0
1.21667 0 0 0 0
1.22333 0 0 0 0
1.23 0 0 0 0
1.23667 0 0 0 0
1.24333 0 0 0 0
1.25 0 0 0 0
1.25667 0 0 0 0
1.26333 0 0 0 0
1.27 0 0 0 0
1.27667 0 0 0 0
1.28333 0 0 0 0
1.29 0 0 0 0
1.29667 0 0 0 0
1.30333 0 0 0 0
1.31 0 0 0 0
1.31667 0 0 0 0
1.32333 0 0 0 0
1.33 0 0 0 0
1.33667 0 0 0 0
1.34333 0 0 0 0
1.35 0 0 0 0
1.35667 0 0 0 0
1.36333 0 0 0 0
1.37 0 0 0 0
1.37667 0 0 0 0
1.38333 0 0 0 0
1.39 0 0 0 0
1.39667 0 0 0 0
1.40333 0 0 0 0
1.41 0 0 0 0
1.41667 0 0 0 0
1.42333 0 0 0 0
1.43 0 0 0 0
1.43667 0 0 0 0
1.44333 0 0 0 0
1.45 0 0 0 0
1.45667 0 0 0 0
1.46333 0 0 0 0
1.47 0 0 0 0
1.47667 0 0 0 0
1.48333 0 0 0 0
1.49 0 0 0 0
1.49667 0 0 0 0
1.50333 0 0 0 0
1.51 0 0 0 0
1.51667 0 0 0 0
1.52333 0 0 0 0
1.53 0 0 0 0
1.53667 0 0 0 0
1.54333 0 0 0 0
1.55 0 0 0 0
1.55667 0 0 0 0
1.56333 0 0 0 0
1.57 0 0 0 0
1.57667 0 0 0 0
1.58333 0 0 0 0
1.59 0 0 0 0
1.59667 0 0 0 0
1.60333 0 0 0 0
1.61 0 0 0 0
1.61667 0 0 0 0
1.62333 0 0 0 0
1.63 0 0 0 0
1.63667 0 0 0 0
1.64333 0 0 0 0
1.65 0 0 0 0
1.65667 0 0 0 0
1.66333 0 0 0 0
1.67 0 0 0 0
1.67667 0 0 0 0
1.68333 0 0 0 0
1.69 0 0 0 0
1.69667 0 0 0 0
1.70333 0 0 0 0
1.71 0 0 0 0
1.71667 0 0 0 0
1.72333 0 0 0 0
1.73 0 0 0 0
1.73667 0 0 0 0
1.74333 0 0 0 0
1.75 0 0 0 0
1.75667 0 0 0 0
1.76333 0 0 0 0
1.77 0 0 0 0
1.77667 0 0 0 0
1.78333 0 0 0 0
1.79 0 0 0 0
1.79667 0 0 0 0
1.80333 0 0 0 0
1.81 0 0 0 0
1.81667 0 0 0 0
1.82333 0 0 0 0
1.83 0 0 0 0
1.83667 0 0 0 0
1.84333 0 0 0 0
1.85 0 0 0 0
1.85667 0 0 0 0
1.86333 0 0 0 0
1.87 0 0 0 0
1.87667 0 0 0 0
1.88333 0 0 0 0
1.89 0 0 0 0
1.89667 0 0 0 0
1.90333 0 0 0 0
1.91 0 0 0 0
1.91667 0 0 0 0
1.92333 0 0 0 0
1.93 0 0 0 0
1.93667 0 0 0 0
1.94333 0 0 0 0
1.95 0 0 0 0
1.95667 0 0 0 0
1.96333 0 0 0 0
1.97 0 0 0 0
1.97667 0 0 0 0
1.98333 0 0 0 0
1.99 0 0 0 0
1.99667 0 0 0 0
