0.00333333 2 4 35 62
0.01 1 8 39 60
0.0166667 0 6 31 68
0.0233333 0 5 48 65
0.03 0 7 44 78
0.0366667 1 12 49 94
0.0433333 3 7 77 112
0.05 0 14 92 153
0.0566667 4 17 131 165
0.0633333 5 8 140 173
0.07 4 15 134 195
0.0766667 3 17 136 220
0.0833333 4 29 154 205
0.09 6 21 133 225
0.0966667 5 17 153 207
0.103333 4 16 179 206
0.11 1 40 128 214
0.116667 2 18 138 217
0.123333 3 15 138 216
0.13 7 21 131 195
0.136667 5 18 128 212
0.143333 4 18 119 196
0.15 6 15 118 180
0.156667 3 15 128 166
0.163333 5 12 97 198
0.17 3 14 93 170
0.176667 6 8 93 179
0.183333 4 19 112 198
0.19 5 15 113 205
0.196667 3 18 97 206
0.203333 1 19 79 161
0.21 4 12 99 179
0.216667 4 15 90 176
0.223333 1 17 77 156
0.23 2 10 83 145
0.236667 3 9 75 137
0.243333 4 16 82 139
0.25 3 7 77 153
0.256667 1 9 66 122
0.263333 3 12 60 119
0.27 5 11 64 112
0.276667 4 3 65 111
0.283333 1 12 45 101
0.29 2 11 35 109
0.296667 0 8 65 116
0.303333 5 7 60 114
0.31 3 10 62 95
0.316667 1 12 54 111
0.323333 2 14 36 88
0.33 4 7 46 91
0.336667 3 8 45 79
0.343333 3 6 50 78
0.35 3 3 47 86
0.356667 0 5 54 73
0.363333 3 7 53 61
0.37 3 6 45 70
0.376667 3 8 42 67
0.383333 1 10 33 75
0.39 2 11 37 75
0.396667 5 2 46 70
0.403333 2 13 42 67
0.41 1 10 54 72
0.416667 3 11 42 63
0.423333 3 4 31 65
0.43 2 4 35 72
0.436667 1 4 33 69
0.443333 2 6 45 78
0.45 1 6 40 72
0.456667 2 11 36 52
0.463333 2 5 36 73
0.47 1 9 36 61
0.476667 0 3 37 66
0.483333 1 3 32 32
0.49 1 6 20 43
0.496667 1 6 42 51
0.503333 2 6 25 40
0.51 2 8 24 46
0.516667 0 9 29 36
0.523333 3 4 28 49
0.53 2 5 18 37
0.536667 1 1 18 30
0.543333 1 2 13 40
0.55 2 3 13 28
0.556667 0 3 19 29
0.563333 1 8 29 39
0.57 4 5 20 30
0.576667 3 7 20 36
0.583333 0 6 23 36
0.59 3 1 20 32
0.596667 2 3 21 21
0.603333 2 5 14 21
0.61 0 1 17 35
0.616667 2 1 17 36
0.623333 4 4 13 32
0.63 0 3 17 23
0.636667 1 4 19 33
0.643333 1 2 14 34
0.65 1 2 10 24
0.656667 2 2 15 24
0.663333 40 155 740 2118
0.67 0 0 0 0
0.676667 0 0 0 0
0.683333 0 0 0 0
0.69 0 0 0 0
0.696667 0 0 0 0
0.703333 0 0 0 0
0.71 0 0 0 0
0.716667 0 0 0 0
0.723333 0 0 0 0
0.73 0 0 0 0
0.736667 0 0 0 0
0.743333 0 0 0 0
0.75 0 0 0 0
0.756667 0 0 0 0
0.763333 0 0 0 0
0.77 0 0 0 0
0.776667 0 0 0 0
0.783333 0 0 0 0
0.79 0 0 0 0
0.796667 0 0 0 0
0.803333 0 0 0 0
0.81 0 0 0 0
0.816667 0 0 0 0
0.823333 0 0 0 0
0.83 0 0 0 0
0.836667 0 0 0 0
0.843333 0 0 0 0
0.85 0 0 0 0
0.856667 0 0 0 0
0.863333 0 0 0 0
0.87 0 0 0 0
0.876667 0 0 0 0
0.883333 0 0 0 0
0.89 0 0 0 0
0.896667 0 0 0 0
0.903333 0 0 0 0
0.91 0 0 0 0
0.916667 0 0 0 0
0.923333 0 0 0 0
0.93 0 0 0 0
0.936667 0 0 0 0
0.943333 0 0 0 0
0.95 0 0 0 0
0.956667 0 0 0 0
0.963333 0 0 0 0
0.97 0 0 0 0
0.976667 0 0 0 0
0.983333 0 0 0 0
0.99 0 0 0 0
0.996667 0 0 0 0
1.00333 0 0 0 0
1.01 0 0 0 0
1.01667 0 0 0 0
1.02333 0 0 0 0
1.03 0 0 0 0
1.03667 0 0 0 0
1.04333 0 0 0 0
1.05 0 0 0 0
1.05667 0 0 0 0
1.06333 0 0 0 0
1.07 0 0 0 0
1.07667 0 0 0 0
1.08333 0 0 0 0
1.09 0 0 0 0
1.09667 0 0 0 0
1.10333 0 0 0 0
1.11 0 0 0 0
1.11667 0 0 0 0
1.12333 0 0 0 0
1.13 0 0 0 0
1.13667 0 0 0 0
1.14333 0 0 0 0
1.15 0 0 0 0
1.15667 0 0 0 0
1.16333 0 0 0 0
1.17 0 0 0 0
1.17667 0 0 0 0
1.18333 0 0 0 0
1.19 0 0 0 0
1.19667 0 0 0 0
1.20333 0 0 0 0
1.21 0 0 0 0
1.21667 0 0 0 0
1.22333 0 0 0 0
1.23 0 0 0 0
1.23667 0 0 0 0
1.24333 0 0 0 0
1.25 0 0 0 0
1.25667 0 0 0 0
1.26333 0 0 0 0
1.27 0 0 0 0
1.27667 0 0 0 0
1.28333 0 0 0 0
1.29 0 0 0 0
1.29667 0 0 0 0
1.30333 0 0 0 0
1.31 0 0 0 0
1.31667 0 0 0 0
1.32333 0 0 0 0
1.33 0 0 0 0
1.33667 0 0 0 0
1.34333 0 0 0 0
1.35 0 0 0 0
1.35667 0 0 0 0
1.36333 0 0 0 0
1.37 0 0 0 0
1.37667 0 0 0 0
1.38333 0 0 0 0
1.39 0 0 0 0
1.39667 0 0 0 0
1.40333 0 0 0 0
1.41 0 0 0 0
1.41667 0 0 0 0
1.42333 0 0 0 0
1.43 0 0 0 0
1.43667 0 0 0 0
1.44333 0 0 0 0
1.45 0 0 0 0
1.45667 0 0 0 0
1.46333 0 0 0 0
1.47 0 0 0 0
1.47667 0 0 0 0
1.48333 0 0 0 0
1.49 0 0 0 0
1.49667 0 0 0 0
1.50333 0 0 0 0
1.51 0 0 0 0
1.51667 0 0 0 0
1.52333 0 0 0 0
1.53 0 0 0 0
1.53667 0 0 0 0
1.54333 0 0 0 0
1.55 0 0 0 0
1.55667 0 0 0 0
1.56333 0 0 0 0
1.57 0 0 0 0
1.57667 0 0 0 0
1.58333 0 0 0 0
1.59 0 0 0 0
1.59667 0 0 0 0
1.60333 0 0 0 0
1.61 0 0 0 0
1.61667 0 0 0 0
1.62333 0 0 0 0
1.63 0 0 0 0
1.63667 0 0 0 0
1.64333 0 0 0 0
1.65 0 0 0 0
1.65667 0 0 0 0
1.66333 0 0 0 0
1.67 0 0 0 0
1.67667 0 0 0 0
1.68333 0 0 0 0
1.69 0 0 0 0
1.69667 0 0 0 0
1.70333 0 0 0 0
1.71 0 0 0 0
1.71667 0 0 0 0
1.72333 0 0 0 0
1.73 0 0 0 0
1.73667 0 0 0 0
1.74333 0 0 0 0
1.75 0 0 0 0
1.75667 0 0 0 0
1.76333 0 0 0 0
1.77 0 0 0 0
1.77667 0 0 0 0
1.78333 0 0 0 0
1.79 0 0 0 0
1.79667 0 0 0 0
1.80333 0 0 0 0
1.81 0 0 0 0
1.81667 0 0 0 0
1.82333 0 0 0 0
1.83 0 0 0 0
1.83667 0 0 0 0
1.84333 0 0 0 0
1.85 0 0 0 0
1.85667 0 0 0 0
1.86333 0 0 0 0
1.87 0 0 0 0
1.87667 0 0 0 0
1.88333 0 0 0 0
1.89 0 0 0 0
1.89667 0 0 0 0
1.90333 0 0 0 0
1.91 0 0 0 0
1.91667 0 0 0 0
1.92333 0 0 0 0
1.93 0 0 0 0
1.93667 0 0 0 0
1.94333 0 0 0 0
1.95 0 0 0 0
1.95667 0 0 0 0
1.96333 0 0 0 0
1.97 0 0 0 0
1.97667 0 0 0 0
1.98333 0 0 0 0
1.99 0 0 0 0
1.99667 0 0 0 0
