0.00333333 6 3 15 86
0.01 10 1 18 107
0.0166667 5 2 20 98
0.0233333 11 4 18 89
0.03 11 6 20 93
0.0366667 8 6 31 107
0.0433333 11 5 43 117
0.05 11 8 40 139
0.0566667 5 8 63 165
0.0633333 9 14 70 154
0.07 10 11 65 148
0.0766667 12 11 70 186
0.0833333 10 13 56 183
0.09 7 10 82 171
0.0966667 8 9 70 169
0.103333 3 13 71 177
0.11 8 11 76 173
0.116667 11 7 66 184
0.123333 7 10 66 183
0.13 17 14 52 196
0.136667 10 13 58 197
0.143333 7 8 60 179
0.15 12 10 44 182
0.156667 9 6 57 211
0.163333 13 9 41 200
0.17 11 9 36 185
0.176667 6 12 34 213
0.183333 6 11 39 243
0.19 17 6 38 349
0.196667 16 14 30 288
0.203333 15 12 42 253
0.21 19 9 42 242
0.216667 4 5 35 225
0.223333 14 12 38 205
0.23 10 5 38 202
0.236667 6 9 39 205
0.243333 11 6 32 175
0.25 13 7 23 179
0.256667 8 6 33 130
0.263333 11 10 40 159
0.27 8 7 27 176
0.276667 7 4 33 147
0.283333 9 5 27 149
0.29 7 5 31 132
0.296667 6 5 35 122
0.303333 5 9 18 108
0.31 7 10 31 130
0.316667 8 3 26 120
0.323333 5 12 26 112
0.33 4 5 17 111
0.336667 4 5 30 109
0.343333 6 8 29 114
0.35 9 1 26 103
0.356667 5 5 24 85
0.363333 5 5 31 91
0.37 6 7 27 91
0.376667 8 10 26 111
0.383333 8 4 19 103
0.39 7 3 19 123
0.396667 7 4 29 100
0.403333 7 9 20 103
0.41 8 9 9 121
0.416667 12 8 15 84
0.423333 6 3 18 114
0.43 7 5 15 87
0.436667 10 7 22 112
0.443333 6 4 19 95
0.45 8 11 22 84
0.456667 10 3 18 102
0.463333 14 5 21 109
0.47 12 1 18 116
0.476667 4 4 22 78
0.483333 2 4 23 44
0.49 7 2 28 40
0.496667 5 2 17 27
0.503333 4 3 14 17
0.51 2 2 11 25
0.516667 4 6 11 27
0.523333 1 2 16 24
0.53 0 3 7 28
0.536667 0 2 9 22
0.543333 6 4 13 19
0.55 5 2 13 13
0.556667 4 3 13 23
0.563333 3 2 8 22
0.57 6 3 11 17
0.576667 4 3 13 18
0.583333 4 2 9 15
0.59 4 1 9 11
0.596667 2 3 7 11
0.603333 2 2 17 12
0.61 4 4 14 18
0.616667 1 2 11 17
0.623333 2 2 4 14
0.63 0 4 10 17
0.636667 8 3 11 35
0.643333 2 4 8 14
0.65 3 6 9 15
0.656667 0 3 6 13
0.663333 431 121 352 6065
0.67 0 0 0 0
0.676667 0 0 0 0
0.683333 0 0 0 0
0.69 0 0 0 0
0.696667 0 0 0 0
0.703333 0 0 0 0
0.71 0 0 0 0
0.716667 0 0 0 0
0.723333 0 0 0 0
0.73 0 0 0 0
0.736667 0 0 0 0
0.743333 0 0 0 0
0.75 0 0 0 0
0.756667 0 0 0 0
0.763333 0 0 0 0
0.77 0 0 0 0
0.776667 0 0 0 0
0.783333 0 0 0 0
0.79 0 0 0 0
0.796667 0 0 0 0
0.803333 0 0 0 0
0.81 0 0 0 0
0.816667 0 0 0 0
0.823333 0 0 0 0
0.83 0 0 0 0
0.836667 0 0 0 0
0.843333 0 0 0 0
0.85 0 0 0 0
0.856667 0 0 0 0
0.863333 0 0 0 0
0.87 0 0 0 0
0.876667 0 0 0 0
0.883333 0 0 0 0
0.89 0 0 0 0
0.896667 0 0 0 0
0.903333 0 0 0 0
0.91 0 0 0 0
0.916667 0 0 0 0
0.923333 0 0 0 0
0.93 0 0 0 0
0.936667 0 0 0 0
0.943333 0 0 0 0
0.95 0 0 0 0
0.956667 0 0 0 0
0.963333 0 0 0 0
0.97 0 0 0 0
0.976667 0 0 0 0
0.983333 0 0 0 0
0.99 0 0 0 0
0.996667 0 0 0 0
1.00333 0 0 0 0
1.01 0 0 0 0
1.01667 0 0 0 0
1.02333 0 0 0 0
1.03 0 0 0 0
1.03667 0 0 0 0
1.04333 0 0 0 0
1.05 0 0 0 0
1.05667 0 0 0 0
1.06333 0 0 0 0
1.07 0 0 0 0
1.07667 0 0 0 0
1.08333 0 0 0 0
1.09 0 0 0 0
1.09667 0 0 0 0
1.10333 0 0 0 0
1.11 0 0 0 0
1.11667 0 0 0 0
1.12333 0 0 0 0
1.13 0 0 0 0
1.13667 0 0 0 0
1.14333 0 0 0 0
1.15 0 0 0 0
1.15667 0 0 0 0
1.16333 0 0 0 0
1.17 0 0 0 0
1.17667 0 0 0 0
1.18333 0 0 0 0
1.19 0 0 0 0
1.19667 0 0 0 0
1.20333 0 0 0 0
1.21 0 0 0 0
1.21667 0 0 0 0
1.22333 0 0 0 0
1.23 0 0 0 0
1.23667 0 0 0 0
1.24333 0 0 0 0
1.25 0 0 0 0
1.25667 0 0 0 0
1.26333 0 0 0 0
1.27 0 0 0 0
1.27667 0 0 0 0
1.28333 0 0 0 0
1.29 0 0 0 0
1.29667 0 0 0 0
1.30333 0 0 0 0
1.31 0 0 0 0
1.31667 0 0 0 0
1.32333 0 0 0 0
1.33 0 0 0 0
1.33667 0 0 0 0
1.34333 0 0 0 0
1.35 0 0 0 0
1.35667 0 0 0 0
1.36333 0 0 0 0
1.37 0 0 0 0
1.37667 0 0 0 0
1.38333 0 0 0 0
1.39 0 0 0 0
1.39667 0 0 0 0
1.40333 0 0 0 0
1.41 0 0 0 0
1.41667 0 0 0 0
1.42333 0 0 0 0
1.43 0 0 0 0
1.43667 0 0 0 0
1.44333 0 0 0 0
1.45 0 0 0 0
1.45667 0 0 0 0
1.46333 0 0 0 0
1.47 0 0 0 0
1.47667 0 0 0 0
1.48333 0 0 0 0
1.49 0 0 0 0
1.49667 0 0 0 0
1.50333 0 0 0 0
1.51 0 0 0 0
1.51667 0 0 0 0
1.52333 0 0 0 0
1.53 0 0 0 0
1.53667 0 0 0 0
1.54333 0 0 0 0
1.55 0 0 0 0
1.55667 0 0 0 0
1.56333 0 0 0 0
1.57 0 0 0 0
1.57667 0 0 0 0
1.58333 0 0 0 0
1.59 0 0 0 0
1.59667 0 0 0 0
1.60333 0 0 0 0
1.61 0 0 0 0
1.61667 0 0 0 0
1.62333 0 0 0 0
1.63 0 0 0 0
1.63667 0 0 0 0
1.64333 0 0 0 0
1.65 0 0 0 0
1.65667 0 0 0 0
1.66333 0 0 0 0
1.67 0 0 0 0
1.67667 0 0 0 0
1.68333 0 0 0 0
1.69 0 0 0 0
1.69667 0 0 0 0
1.70333 0 0 0 0
1.71 0 0 0 0
1.71667 0 0 0 0
1.72333 0 0 0 0
1.73 0 0 0 0
1.73667 0 0 0 0
1.74333 0 0 0 0
1.75 0 0 0 0
1.75667 0 0 0 0
1.76333 0 0 0 0
1.77 0 0 0 0
1.77667 0 0 0 0
1.78333 0 0 0 0
1.79 0 0 0 0
1.79667 0 0 0 0
1.80333 0 0 0 0
1.81 0 0 0 0
1.81667 0 0 0 0
1.82333 0 0 0 0
1.83 0 0 0 0
1.83667 0 0 0 0
1.84333 0 0 0 0
1.85 0 0 0 0
1.85667 0 0 0 0
1.86333 0 0 0 0
1.87 0 0 0 0
1.87667 0 0 0 0
1.88333 0 0 0 0
1.89 0 0 0 0
1.89667 0 0 0 0
1.90333 0 0 0 0
1.91 0 0 0 0
1.91667 0 0 0 0
1.92333 0 0 0 0
1.93 0 0 0 0
1.93667 0 0 0 0
1.94333 0 0 0 0
1.95 0 0 0 0
1.95667 0 0 0 0
1.96333 0 0 0 0
1.97 0 0 0 0
1.97667 0 0 0 0
1.98333 0 0 0 0
1.99 0 0 0 0
1.99667 0 0 0 0
