0.00333333 31 73 5 3
0.01 47 62 4 0
0.0166667 53 90 7 2
0.0233333 43 101 5 3
0.03 56 114 7 5
0.0366667 62 128 13 5
0.0433333 68 164 16 6
0.05 92 201 18 5
0.0566667 111 215 26 4
0.0633333 106 301 16 9
0.07 147 298 14 7
0.0766667 122 276 22 10
0.0833333 130 297 39 13
0.09 152 302 33 7
0.0966667 153 331 23 7
0.103333 143 285 19 5
0.11 148 311 33 9
0.116667 123 281 23 10
0.123333 114 310 27 5
0.13 118 304 12 7
0.136667 108 269 20 13
0.143333 119 257 20 8
0.15 121 272 14 7
0.156667 98 261 19 4
0.163333 93 232 17 7
0.17 89 210 16 9
0.176667 121 237 17 4
0.183333 108 259 15 5
0.19 93 275 16 9
0.196667 111 249 11 4
0.203333 93 229 18 7
0.21 102 228 13 4
0.216667 83 211 15 11
0.223333 100 191 19 9
0.23 72 184 12 6
0.236667 88 210 11 7
0.243333 72 179 13 6
0.25 81 170 7 2
0.256667 63 151 12 3
0.263333 48 142 9 5
0.27 68 158 11 7
0.276667 70 139 13 8
0.283333 59 152 14 5
0.29 64 136 6 4
0.296667 67 118 4 5
0.303333 46 128 4 7
0.31 57 127 13 7
0.316667 42 103 6 4
0.323333 58 103 12 2
0.33 51 111 8 4
0.336667 60 93 9 5
0.343333 45 127 7 3
0.35 40 100 6 9
0.356667 42 96 3 2
0.363333 48 113 6 1
0.37 31 78 8 3
0.376667 45 90 12 6
0.383333 44 96 8 3
0.39 39 77 7 1
0.396667 45 85 8 4
0.403333 45 98 9 4
0.41 52 91 6 1
0.416667 33 97 7 7
0.423333 38 75 8 1
0.43 27 83 8 4
0.436667 36 91 5 4
0.443333 46 78 11 3
0.45 49 81 4 1
0.456667 40 85 7 3
0.463333 33 98 1 5
0.47 35 95 5 2
0.476667 34 79 6 0
0.483333 27 50 2 3
0.49 22 51 5 3
0.496667 27 52 6 0
0.503333 26 54 6 7
0.51 16 46 7 0
0.516667 22 49 4 2
0.523333 13 37 3 1
0.53 19 43 6 1
0.536667 25 36 0 1
0.543333 18 37 6 2
0.55 15 42 1 2
0.556667 25 28 7 0
0.563333 18 35 3 1
0.57 17 42 5 1
0.576667 13 39 4 1
0.583333 19 40 7 1
0.59 19 31 3 3
0.596667 15 34 2 3
0.603333 14 32 4 3
0.61 15 32 2 3
0.616667 13 32 7 2
0.623333 15 33 4 5
0.63 22 37 1 0
0.636667 16 38 7 1
0.643333 13 35 3 0
0.65 20 28 4 3
0.656667 11 40 4 2
0.663333 981 2573 118 46
0.67 0 0 0 0
0.676667 0 0 0 0
0.683333 0 0 0 0
0.69 0 0 0 0
0.696667 0 0 0 0
0.703333 0 0 0 0
0.71 0 0 0 0
0.716667 0 0 0 0
0.723333 0 0 0 0
0.73 0 0 0 0
0.736667 0 0 0 0
0.743333 0 0 0 0
0.75 0 0 0 0
0.756667 0 0 0 0
0.763333 0 0 0 0
0.77 0 0 0 0
0.776667 0 0 0 0
0.783333 0 0 0 0
0.79 0 0 0 0
0.796667 0 0 0 0
0.803333 0 0 0 0
0.81 0 0 0 0
0.816667 0 0 0 0
0.823333 0 0 0 0
0.83 0 0 0 0
0.836667 0 0 0 0
0.843333 0 0 0 0
0.85 0 0 0 0
0.856667 0 0 0 0
0.863333 0 0 0 0
0.87 0 0 0 0
0.876667 0 0 0 0
0.883333 0 0 0 0
0.89 0 0 0 0
0.896667 0 0 0 0
0.903333 0 0 0 0
0.91 0 0 0 0
0.916667 0 0 0 0
0.923333 0 0 0 0
0.93 0 0 0 0
0.936667 0 0 0 0
0.943333 0 0 0 0
0.95 0 0 0 0
0.956667 0 0 0 0
0.963333 0 0 0 0
0.97 0 0 0 0
0.976667 0 0 0 0
0.983333 0 0 0 0
0.99 0 0 0 0
0.996667 0 0 0 0
1.00333 0 0 0 0
1.01 0 0 0 0
1.01667 0 0 0 0
1.02333 0 0 0 0
1.03 0 0 0 0
1.03667 0 0 0 0
1.04333 0 0 0 0
1.05 0 0 0 0
1.05667 0 0 0 0
1.06333 0 0 0 0
1.07 0 0 0 0
1.07667 0 0 0 0
1.08333 0 0 0 0
1.09 0 0 0 0
1.09667 0 0 0 0
1.10333 0 0 0 0
1.11 0 0 0 0
1.11667 0 0 0 0
1.12333 0 0 0 0
1.13 0 0 0 0
1.13667 0 0 0 0
1.14333 0 0 0 0
1.15 0 0 0 0
1.15667 0 0 0 0
1.16333 0 0 0 0
1.17 0 0 0 0
1.17667 0 0 0 0
1.18333 0 0 0 0
1.19 0 0 0 0
1.19667 0 0 0 0
1.20333 0 0 0 0
1.21 0 0 0 0
1.21667 0 0 0 0
1.22333 0 0 0 0
1.23 0 0 0 0
1.23667 0 0 0 0
1.24333 0 0 0 0
1.25 0 0 0 0
1.25667 0 0 0 0
1.26333 0 0 0 0
1.27 0 0 0 0
1.27667 0 0 0 0
1.28333 0 0 0 0
1.29 0 0 0 0
1.29667 0 0 0 0
1.30333 0 0 0 0
1.31 0 0 0 0
1.31667 0 0 0 0
1.32333 0 0 0 0
1.33 0 0 0 0
1.33667 0 0 0 0
1.34333 0 0 0 0
1.35 0 0 0 0
1.35667 0 0 0 0
1.36333 0 0 0 0
1.37 0 0 0 0
1.37667 0 0 0 0
1.38333 0 0 0 0
1.39 0 0 0 0
1.39667 0 0 0 0
1.40333 0 0 0 0
1.41 0 0 0 0
1.41667 0 0 0 0
1.42333 0 0 0 0
1.43 0 0 0 0
1.43667 0 0 0 0
1.44333 0 0 0 0
1.45 0 0 0 0
1.45667 0 0 0 0
1.46333 0 0 0 0
1.47 0 0 0 0
1.47667 0 0 0 0
1.48333 0 0 0 0
1.49 0 0 0 0
1.49667 0 0 0 0
1.50333 0 0 0 0
1.51 0 0 0 0
1.51667 0 0 0 0
1.52333 0 0 0 0
1.53 0 0 0 0
1.53667 0 0 0 0
1.54333 0 0 0 0
1.55 0 0 0 0
1.55667 0 0 0 0
1.56333 0 0 0 0
1.57 0 0 0 0
1.57667 0 0 0 0
1.58333 0 0 0 0
1.59 0 0 0 0
1.59667 0 0 0 0
1.60333 0 0 0 0
1.61 0 0 0 0
1.61667 0 0 0 0
1.62333 0 0 0 0
1.63 0 0 0 0
1.63667 0 0 0 0
1.64333 0 0 0 0
1.65 0 0 0 0
1.65667 0 0 0 0
1.66333 0 0 0 0
1.67 0 0 0 0
1.67667 0 0 0 0
1.68333 0 0 0 0
1.69 0 0 0 0
1.69667 0 0 0 0
1.70333 0 0 0 0
1.71 0 0 0 0
1.71667 0 0 0 0
1.72333 0 0 0 0
1.73 0 0 0 0
1.73667 0 0 0 0
1.74333 0 0 0 0
1.75 0 0 0 0
1.75667 0 0 0 0
1.76333 0 0 0 0
1.77 0 0 0 0
1.77667 0 0 0 0
1.78333 0 0 0 0
1.79 0 0 0 0
1.79667 0 0 0 0
1.80333 0 0 0 0
1.81 0 0 0 0
1.81667 0 0 0 0
1.82333 0 0 0 0
1.83 0 0 0 0
1.83667 0 0 0 0
1.84333 0 0 0 0
1.85 0 0 0 0
1.85667 0 0 0 0
1.86333 0 0 0 0
1.87 0 0 0 0
1.87667 0 0 0 0
1.88333 0 0 0 0
1.89 0 0 0 0
1.89667 0 0 0 0
1.90333 0 0 0 0
1.91 0 0 0 0
1.91667 0 0 0 0
1.92333 0 0 0 0
1.93 0 0 0 0
1.93667 0 0 0 0
1.94333 0 0 0 0
1.95 0 0 0 0
1.95667 0 0 0 0
1.96333 0 0 0 0
1.97 0 0 0 0
1.97667 0 0 0 0
1.98333 0 0 0 0
1.99 0 0 0 0
1.99667 0 0 0 0
