0.00333333 36 62 1 1
0.01 35 74 3 0
0.0166667 32 76 2 0
0.0233333 44 58 2 0
0.03 44 50 2 0
0.0366667 50 77 1 0
0.0433333 59 81 0 0
0.05 67 83 2 1
0.0566667 71 107 1 3
0.0633333 92 109 3 2
0.07 110 116 3 1
0.0766667 89 114 6 1
0.0833333 90 126 7 2
0.09 103 120 3 1
0.0966667 91 118 5 1
0.103333 111 117 3 1
0.11 106 127 4 0
0.116667 113 124 2 3
0.123333 91 112 2 1
0.13 100 135 3 2
0.136667 91 128 2 1
0.143333 71 110 5 0
0.15 73 108 3 2
0.156667 72 127 6 0
0.163333 81 127 2 0
0.17 65 113 4 1
0.176667 70 133 4 1
0.183333 75 146 6 2
0.19 77 215 8 1
0.196667 76 185 6 1
0.203333 73 157 2 1
0.21 75 152 3 1
0.216667 77 128 1 0
0.223333 78 140 4 1
0.23 86 137 0 2
0.236667 52 116 7 0
0.243333 58 118 3 1
0.25 88 112 1 0
0.256667 60 124 3 1
0.263333 71 103 3 1
0.27 63 96 3 1
0.276667 39 109 2 1
0.283333 67 75 1 0
0.29 49 87 4 0
0.296667 54 81 6 2
0.303333 46 88 0 1
0.31 50 91 1 3
0.316667 48 75 2 1
0.323333 41 76 5 1
0.33 54 82 2 1
0.336667 50 79 4 0
0.343333 57 78 2 0
0.35 40 77 1 1
0.356667 41 74 2 1
0.363333 35 69 1 0
0.37 38 67 0 0
0.376667 31 88 2 0
0.383333 44 58 0 1
0.39 54 85 1 1
0.396667 44 76 2 0
0.403333 28 86 3 1
0.41 32 67 4 0
0.416667 40 61 3 1
0.423333 35 83 3 0
0.43 31 64 2 1
0.436667 49 65 3 0
0.443333 28 95 1 1
0.45 36 61 3 2
0.456667 41 68 1 1
0.463333 37 67 3 1
0.47 33 89 2 0
0.476667 30 55 1 0
0.483333 25 33 3 0
0.49 32 26 2 1
0.496667 34 33 1 3
0.503333 26 21 2 1
0.51 30 10 1 0
0.516667 29 12 3 0
0.523333 26 21 3 0
0.53 24 16 1 0
0.536667 17 19 0 1
0.543333 21 11 0 0
0.55 29 21 2 0
0.556667 20 11 0 1
0.563333 17 16 1 1
0.57 24 18 2 1
0.576667 30 11 0 0
0.583333 15 12 4 0
0.59 17 11 1 0
0.596667 22 11 2 0
0.603333 16 10 1 0
0.61 21 7 1 0
0.616667 17 8 1 0
0.623333 21 7 1 0
0.63 30 9 1 1
0.636667 32 10 3 0
0.643333 10 8 1 0
0.65 15 10 2 0
0.656667 23 12 2 0
0.663333 1073 3722 35 9
0.67 0 0 0 0
0.676667 0 0 0 0
0.683333 0 0 0 0
0.69 0 0 0 0
0.696667 0 0 0 0
0.703333 0 0 0 0
0.71 0 0 0 0
0.716667 0 0 0 0
0.723333 0 0 0 0
0.73 0 0 0 0
0.736667 0 0 0 0
0.743333 0 0 0 0
0.75 0 0 0 0
0.756667 0 0 0 0
0.763333 0 0 0 0
0.77 0 0 0 0
0.776667 0 0 0 0
0.783333 0 0 0 0
0.79 0 0 0 0
0.796667 0 0 0 0
0.803333 0 0 0 0
0.81 0 0 0 0
0.816667 0 0 0 0
0.823333 0 0 0 0
0.83 0 0 0 0
0.836667 0 0 0 0
0.843333 0 0 0 0
0.85 0 0 0 0
0.856667 0 0 0 0
0.863333 0 0 0 0
0.87 0 0 0 0
0.876667 0 0 0 0
0.883333 0 0 0 0
0.89 0 0 0 0
0.896667 0 0 0 0
0.903333 0 0 0 0
0.91 0 0 0 0
0.916667 0 0 0 0
0.923333 0 0 0 0
0.93 0 0 0 0
0.936667 0 0 0 0
0.943333 0 0 0 0
0.95 0 0 0 0
0.956667 0 0 0 0
0.963333 0 0 0 0
0.97 0 0 0 0
0.976667 0 0 0 0
0.983333 0 0 0 0
0.99 0 0 0 0
0.996667 0 0 0 0
1.00333 0 0 0 0
1.01 0 0 0 0
1.01667 0 0 0 0
1.02333 0 0 0 0
1.03 0 0 0 0
1.03667 0 0 0 0
1.04333 0 0 0 0
1.05 0 0 0 0
1.05667 0 0 0 0
1.06333 0 0 0 0
1.07 0 0 0 0
1.07667 0 0 0 0
1.08333 0 0 0 0
1.09 0 0 0 0
1.09667 0 0 0 0
1.10333 0 0 0 0
1.11 0 0 0 0
1.11667 0 0 0 0
1.12333 0 0 0 0
1.13 0 0 0 0
1.13667 0 0 0 0
1.14333 0 0 0 0
1.15 0 0 0 0
1.15667 0 0 0 0
1.16333 0 0 0 0
1.17 0 0 0 0
1.17667 0 0 0 0
1.18333 0 0 0 0
1.19 0 0 0 0
1.19667 0 0 0 0
1.20333 0 0 0 0
1.21 0 0 0 0
1.21667 0 0 0 0
1.22333 0 0 0 0
1.23 0 0 0 0
1.23667 0 0 0 0
1.24333 0 0 0 0
1.25 0 0 0 0
1.25667 0 0 0 0
1.26333 0 0 0 0
1.27 0 0 0 0
1.27667 0 0 0 0
1.28333 0 0 0 0
1.29 0 0 0 0
1.29667 0 0 0 0
1.30333 0 0 0 0
1.31 0 0 0 0
1.31667 0 0 0 0
1.32333 0 0 0 0
1.33 0 0 0 0
1.33667 0 0 0 0
1.34333 0 0 0 0
1.35 0 0 0 0
1.35667 0 0 0 0
1.36333 0 0 0 0
1.37 0 0 0 0
1.37667 0 0 0 0
1.38333 0 0 0 0
1.39 0 0 0 0
1.39667 0 0 0 0
1.40333 0 0 0 0
1.41 0 0 0 0
1.41667 0 0 0 0
1.42333 0 0 0 0
1.43 0 0 0 0
1.43667 0 0 0 0
1.44333 0 0 0 0
1.45 0 0 0 0
1.45667 0 0 0 0
1.46333 0 0 0 0
1.47 0 0 0 0
1.47667 0 0 0 0
1.48333 0 0 0 0
1.49 0 0 0 0
1.49667 0 0 0 0
1.50333 0 0 0 0
1.51 0 0 0 0
1.51667 0 0 0 0
1.52333 0 0 0 0
1.53 0 0 0 0
1.53667 0 0 0 0
1.54333 0 0 0 0
1.55 0 0 0 0
1.55667 0 0 0 0
1.56333 0 0 0 0
1.57 0 0 0 0
1.57667 0 0 0 0
1.58333 0 0 0 0
1.59 0 0 0 0
1.59667 0 0 0 0
1.60333 0 0 0 0
1.61 0 0 0 0
1.61667 0 0 0 0
1.62333 0 0 0 0
1.63 0 0 0 0
1.63667 0 0 0 0
1.64333 0 0 0 0
1.65 0 0 0 0
1.65667 0 0 0 0
1.66333 0 0 0 0
1.67 0 0 0 0
1.67667 0 0 0 0
1.68333 0 0 0 0
1.69 0 0 0 0
1.69667 0 0 0 0
1.70333 0 0 0 0
1.71 0 0 0 0
1.71667 0 0 0 0
1.72333 0 0 0 0
1.73 0 0 0 0
1.73667 0 0 0 0
1.74333 0 0 0 0
1.75 0 0 0 0
1.75667 0 0 0 0
1.76333 0 0 0 0
1.77 0 0 0 0
1.77667 0 0 0 0
1.78333 0 0 0 0
1.79 0 0 0 0
1.79667 0 0 0 0
1.80333 0 0 0 0
1.81 0 0 0 0
1.81667 0 0 0 0
1.82333 0 0 0 0
1.83 0 0 0 0
1.83667 0 0 0 0
1.84333 0 0 0 0
1.85 0 0 0 0
1.85667 0 0 0 0
1.86333 0 0 0 0
1.87 0 0 0 0
1.87667 0 0 0 0
1.88333 0 0 0 0
1.89 0 0 0 0
1.89667 0 0 0 0
1.90333 0 0 0 0
1.91 0 0 0 0
1.91667 0 0 0 0
1.92333 0 0 0 0
1.93 0 0 0 0
1.93667 0 0 0 0
1.94333 0 0 0 0
1.95 0 0 0 0
1.95667 0 0 0 0
1.96333 0 0 0 0
1.97 0 0 0 0
1.97667 0 0 0 0
1.98333 0 0 0 0
1.99 0 0 0 0
1.99667 0 0 0 0
