0.00333333 12 42 7 1
0.01 23 59 2 0
0.0166667 36 63 12 1
0.0233333 35 75 12 1
0.03 35 55 7 4
0.0366667 53 99 6 0
0.0433333 65 110 11 0
0.05 76 139 12 1
0.0566667 92 203 23 2
0.0633333 97 196 15 2
0.07 93 194 27 0
0.0766667 124 206 21 6
0.0833333 119 213 29 0
0.09 103 215 19 3
0.0966667 106 198 23 1
0.103333 113 214 17 5
0.11 114 175 10 1
0.116667 101 237 21 3
0.123333 73 221 30 1
0.13 92 195 29 3
0.136667 85 157 18 3
0.143333 78 161 23 0
0.15 67 173 16 3
0.156667 70 165 23 3
0.163333 74 156 18 3
0.17 70 163 8 1
0.176667 58 139 18 1
0.183333 63 179 17 3
0.19 73 148 24 2
0.196667 69 163 20 1
0.203333 54 155 23 3
0.21 65 137 18 3
0.216667 54 148 22 1
0.223333 52 134 15 1
0.23 52 123 14 1
0.236667 50 148 19 3
0.243333 56 120 12 0
0.25 53 116 14 1
0.256667 47 129 13 0
0.263333 61 99 22 2
0.27 47 95 8 3
0.276667 52 106 15 3
0.283333 40 77 15 2
0.29 46 84 8 1
0.296667 42 108 9 2
0.303333 32 106 10 3
0.31 31 95 7 0
0.316667 31 67 8 0
0.323333 37 72 13 1
0.33 36 78 11 2
0.336667 34 75 5 0
0.343333 44 63 9 2
0.35 34 83 9 3
0.356667 26 82 12 0
0.363333 32 65 4 0
0.37 36 83 12 1
0.376667 37 73 7 1
0.383333 31 80 8 3
0.39 25 81 10 2
0.396667 29 69 7 3
0.403333 27 66 7 1
0.41 44 71 8 1
0.416667 30 62 20 1
0.423333 27 72 5 1
0.43 25 58 8 1
0.436667 22 55 11 2
0.443333 31 61 6 0
0.45 28 60 7 1
0.456667 22 68 10 2
0.463333 26 60 8 0
0.47 32 55 13 1
0.476667 25 47 8 1
0.483333 21 33 5 1
0.49 19 41 3 0
0.496667 18 32 5 0
0.503333 16 38 11 3
0.51 23 32 7 0
0.516667 25 25 4 2
0.523333 15 28 7 1
0.53 21 32 4 0
0.536667 17 40 6 2
0.543333 13 27 5 1
0.55 16 24 1 0
0.556667 11 40 7 0
0.563333 15 30 5 0
0.57 15 28 4 0
0.576667 9 36 10 1
0.583333 13 20 1 1
0.59 10 24 5 0
0.596667 16 35 5 1
0.603333 12 30 4 0
0.61 11 27 5 0
0.616667 7 30 6 1
0.623333 16 24 4 0
0.63 16 21 8 1
0.636667 10 30 4 0
0.643333 13 29 3 0
0.65 14 16 3 1
0.656667 12 27 4 0
0.663333 489 1650 240 7
0.67 0 0 0 0
0.676667 0 0 0 0
0.683333 0 0 0 0
0.69 0 0 0 0
0.696667 0 0 0 0
0.703333 0 0 0 0
0.71 0 0 0 0
0.716667 0 0 0 0
0.723333 0 0 0 0
0.73 0 0 0 0
0.736667 0 0 0 0
0.743333 0 0 0 0
0.75 0 0 0 0
0.756667 0 0 0 0
0.763333 0 0 0 0
0.77 0 0 0 0
0.776667 0 0 0 0
0.783333 0 0 0 0
0.79 0 0 0 0
0.796667 0 0 0 0
0.803333 0 0 0 0
0.81 0 0 0 0
0.816667 0 0 0 0
0.823333 0 0 0 0
0.83 0 0 0 0
0.836667 0 0 0 0
0.843333 0 0 0 0
0.85 0 0 0 0
0.856667 0 0 0 0
0.863333 0 0 0 0
0.87 0 0 0 0
0.876667 0 0 0 0
0.883333 0 0 0 0
0.89 0 0 0 0
0.896667 0 0 0 0
0.903333 0 0 0 0
0.91 0 0 0 0
0.916667 0 0 0 0
0.923333 0 0 0 0
0.93 0 0 0 0
0.936667 0 0 0 0
0.943333 0 0 0 0
0.95 0 0 0 0
0.956667 0 0 0 0
0.963333 0 0 0 0
0.97 0 0 0 0
0.976667 0 0 0 0
0.983333 0 0 0 0
0.99 0 0 0 0
0.996667 0 0 0 0
1.00333 0 0 0 0
1.01 0 0 0 0
1.01667 0 0 0 0
1.02333 0 0 0 0
1.03 0 0 0 0
1.03667 0 0 0 0
1.04333 0 0 0 0
1.05 0 0 0 0
1.05667 0 0 0 0
1.06333 0 0 0 0
1.07 0 0 0 0
1.07667 0 0 0 0
1.08333 0 0 0 0
1.09 0 0 0 0
1.09667 0 0 0 0
1.10333 0 0 0 0
1.11 0 0 0 0
1.11667 0 0 0 0
1.12333 0 0 0 0
1.13 0 0 0 0
1.13667 0 0 0 0
1.14333 0 0 0 0
1.15 0 0 0 0
1.15667 0 0 0 0
1.16333 0 0 0 0
1.17 0 0 0 0
1.17667 0 0 0 0
1.18333 0 0 0 0
1.19 0 0 0 0
1.19667 0 0 0 0
1.20333 0 0 0 0
1.21 0 0 0 0
1.21667 0 0 0 0
1.22333 0 0 0 0
1.23 0 0 0 0
1.23667 0 0 0 0
1.24333 0 0 0 0
1.25 0 0 0 0
1.25667 0 0 0 0
1.26333 0 0 0 0
1.27 0 0 0 0
1.27667 0 0 0 0
1.28333 0 0 0 0
1.29 0 0 0 0
1.29667 0 0 0 0
1.30333 0 0 0 0
1.31 0 0 0 0
1.31667 0 0 0 0
1.32333 0 0 0 0
1.33 0 0 0 0
1.33667 0 0 0 0
1.34333 0 0 0 0
1.35 0 0 0 0
1.35667 0 0 0 0
1.36333 0 0 0 0
1.37 0 0 0 0
1.37667 0 0 0 0
1.38333 0 0 0 0
1.39 0 0 0 0
1.39667 0 0 0 0
1.40333 0 0 0 0
1.41 0 0 0 0
1.41667 0 0 0 0
1.42333 0 0 0 0
1.43 0 0 0 0
1.43667 0 0 0 0
1.44333 0 0 0 0
1.45 0 0 0 0
1.45667 0 0 0 0
1.46333 0 0 0 0
1.47 0 0 0 0
1.47667 0 0 0 0
1.48333 0 0 0 0
1.49 0 0 0 0
1.49667 0 0 0 0
1.50333 0 0 0 0
1.51 0 0 0 0
1.51667 0 0 0 0
1.52333 0 0 0 0
1.53 0 0 0 0
1.53667 0 0 0 0
1.54333 0 0 0 0
1.55 0 0 0 0
1.55667 0 0 0 0
1.56333 0 0 0 0
1.57 0 0 0 0
1.57667 0 0 0 0
1.58333 0 0 0 0
1.59 0 0 0 0
1.59667 0 0 0 0
1.60333 0 0 0 0
1.61 0 0 0 0
1.61667 0 0 0 0
1.62333 0 0 0 0
1.63 0 0 0 0
1.63667 0 0 0 0
1.64333 0 0 0 0
1.65 0 0 0 0
1.65667 0 0 0 0
1.66333 0 0 0 0
1.67 0 0 0 0
1.67667 0 0 0 0
1.68333 0 0 0 0
1.69 0 0 0 0
1.69667 0 0 0 0
1.70333 0 0 0 0
1.71 0 0 0 0
1.71667 0 0 0 0
1.72333 0 0 0 0
1.73 0 0 0 0
1.73667 0 0 0 0
1.74333 0 0 0 0
1.75 0 0 0 0
1.75667 0 0 0 0
1.76333 0 0 0 0
1.77 0 0 0 0
1.77667 0 0 0 0
1.78333 0 0 0 0
1.79 0 0 0 0
1.79667 0 0 0 0
1.80333 0 0 0 0
1.81 0 0 0 0
1.81667 0 0 0 0
1.82333 0 0 0 0
1.83 0 0 0 0
1.83667 0 0 0 0
1.84333 0 0 0 0
1.85 0 0 0 0
1.85667 0 0 0 0
1.86333 0 0 0 0
1.87 0 0 0 0
1.87667 0 0 0 0
1.88333 0 0 0 0
1.89 0 0 0 0
1.89667 0 0 0 0
1.90333 0 0 0 0
1.91 0 0 0 0
1.91667 0 0 0 0
1.92333 0 0 0 0
1.93 0 0 0 0
1.93667 0 0 0 0
1.94333 0 0 0 0
1.95 0 0 0 0
1.95667 0 0 0 0
1.96333 0 0 0 0
1.97 0 0 0 0
1.97667 0 0 0 0
1.98333 0 0 0 0
1.99 0 0 0 0
1.99667 0 0 0 0
