0.00333333 134 10 1 2
0.01 138 18 1 3
0.0166667 149 12 2 4
0.0233333 133 15 0 2
0.03 140 10 0 2
0.0366667 157 20 3 6
0.0433333 185 26 0 4
0.05 169 26 1 0
0.0566667 226 35 5 3
0.0633333 229 41 2 2
0.07 266 45 0 2
0.0766667 302 36 2 6
0.0833333 263 29 2 2
0.09 310 37 1 2
0.0966667 281 59 2 5
0.103333 309 46 1 2
0.11 294 41 4 2
0.116667 346 32 2 1
0.123333 353 33 1 3
0.13 319 34 2 3
0.136667 343 38 2 3
0.143333 316 33 1 5
0.15 335 25 4 3
0.156667 319 26 0 3
0.163333 325 30 1 4
0.17 300 25 3 4
0.176667 329 34 2 3
0.183333 343 30 2 3
0.19 473 21 1 2
0.196667 444 29 1 1
0.203333 445 33 1 3
0.21 394 25 2 2
0.216667 369 35 2 3
0.223333 335 25 3 4
0.23 381 21 2 5
0.236667 308 27 1 4
0.243333 349 24 0 5
0.25 292 21 4 3
0.256667 278 23 0 5
0.263333 243 22 0 0
0.27 260 33 1 3
0.276667 244 22 4 5
0.283333 218 20 2 4
0.29 229 17 2 0
0.296667 222 26 1 1
0.303333 211 11 1 5
0.31 187 13 2 3
0.316667 203 22 0 3
0.323333 187 18 2 6
0.33 187 23 0 3
0.336667 177 18 1 2
0.343333 167 23 1 2
0.35 191 6 1 6
0.356667 158 12 3 3
0.363333 161 15 2 2
0.37 182 19 2 1
0.376667 153 15 1 1
0.383333 160 14 1 4
0.39 181 10 1 3
0.396667 163 9 0 1
0.403333 165 13 1 2
0.41 145 11 0 2
0.416667 154 18 1 2
0.423333 140 14 0 2
0.43 165 11 3 2
0.436667 163 10 1 1
0.443333 157 10 0 4
0.45 172 10 2 0
0.456667 161 9 1 0
0.463333 154 11 0 1
0.47 165 13 5 1
0.476667 129 11 0 2
0.483333 75 13 0 1
0.49 86 9 2 1
0.496667 77 13 0 0
0.503333 68 10 1 0
0.51 67 7 1 0
0.516667 62 7 0 0
0.523333 44 15 0 0
0.53 54 9 0 2
0.536667 59 7 1 3
0.543333 45 9 0 1
0.55 59 9 0 0
0.556667 55 8 0 0
0.563333 49 7 0 1
0.57 58 8 0 1
0.576667 44 9 0 1
0.583333 48 10 0 1
0.59 50 6 0 2
0.596667 48 4 2 1
0.603333 45 6 0 3
0.61 49 8 0 1
0.616667 59 10 0 2
0.623333 51 4 0 0
0.63 59 10 0 1
0.636667 61 7 1 1
0.643333 55 8 1 0
0.65 35 9 1 3
0.656667 39 5 0 1
0.663333 7764 197 8 78
0.67 0 0 0 0
0.676667 0 0 0 0
0.683333 0 0 0 0
0.69 0 0 0 0
0.696667 0 0 0 0
0.703333 0 0 0 0
0.71 0 0 0 0
0.716667 0 0 0 0
0.723333 0 0 0 0
0.73 0 0 0 0
0.736667 0 0 0 0
0.743333 0 0 0 0
0.75 0 0 0 0
0.756667 0 0 0 0
0.763333 0 0 0 0
0.77 0 0 0 0
0.776667 0 0 0 0
0.783333 0 0 0 0
0.79 0 0 0 0
0.796667 0 0 0 0
0.803333 0 0 0 0
0.81 0 0 0 0
0.816667 0 0 0 0
0.823333 0 0 0 0
0.83 0 0 0 0
0.836667 0 0 0 0
0.843333 0 0 0 0
0.85 0 0 0 0
0.856667 0 0 0 0
0.863333 0 0 0 0
0.87 0 0 0 0
0.876667 0 0 0 0
0.883333 0 0 0 0
0.89 0 0 0 0
0.896667 0 0 0 0
0.903333 0 0 0 0
0.91 0 0 0 0
0.916667 0 0 0 0
0.923333 0 0 0 0
0.93 0 0 0 0
0.936667 0 0 0 0
0.943333 0 0 0 0
0.95 0 0 0 0
0.956667 0 0 0 0
0.963333 0 0 0 0
0.97 0 0 0 0
0.976667 0 0 0 0
0.983333 0 0 0 0
0.99 0 0 0 0
0.996667 0 0 0 0
1.00333 0 0 0 0
1.01 0 0 0 0
1.01667 0 0 0 0
1.02333 0 0 0 0
1.03 0 0 0 0
1.03667 0 0 0 0
1.04333 0 0 0 0
1.05 0 0 0 0
1.05667 0 0 0 0
1.06333 0 0 0 0
1.07 0 0 0 0
1.07667 0 0 0 0
1.08333 0 0 0 0
1.09 0 0 0 0
1.09667 0 0 0 0
1.10333 0 0 0 0
1.11 0 0 0 0
1.11667 0 0 0 0
1.12333 0 0 0 0
1.13 0 0 0 0
1.13667 0 0 0 0
1.14333 0 0 0 0
1.15 0 0 0 0
1.15667 0 0 0 0
1.16333 0 0 0 0
1.17 0 0 0 0
1.17667 0 0 0 0
1.18333 0 0 0 0
1.19 0 0 0 0
1.19667 0 0 0 0
1.20333 0 0 0 0
1.21 0 0 0 0
1.21667 0 0 0 0
1.22333 0 0 0 0
1.23 0 0 0 0
1.23667 0 0 0 0
1.24333 0 0 0 0
1.25 0 0 0 0
1.25667 0 0 0 0
1.26333 0 0 0 0
1.27 0 0 0 0
1.27667 0 0 0 0
1.28333 0 0 0 0
1.29 0 0 0 0
1.29667 0 0 0 0
1.30333 0 0 0 0
1.31 0 0 0 0
1.31667 0 0 0 0
1.32333 0 0 0 0
1.33 0 0 0 0
1.33667 0 0 0 0
1.34333 0 0 0 0
1.35 0 0 0 0
1.35667 0 0 0 0
1.36333 0 0 0 0
1.37 0 0 0 0
1.37667 0 0 0 0
1.38333 0 0 0 0
1.39 0 0 0 0
1.39667 0 0 0 0
1.40333 0 0 0 0
1.41 0 0 0 0
1.41667 0 0 0 0
1.42333 0 0 0 0
1.43 0 0 0 0
1.43667 0 0 0 0
1.44333 0 0 0 0
1.45 0 0 0 0
1.45667 0 0 0 0
1.46333 0 0 0 0
1.47 0 0 0 0
1.47667 0 0 0 0
1.48333 0 0 0 0
1.49 0 0 0 0
1.49667 0 0 0 0
1.50333 0 0 0 0
1.51 0 0 0 0
1.51667 0 0 0 0
1.52333 0 0 0 0
1.53 0 0 0 0
1.53667 0 0 0 0
1.54333 0 0 0 0
1.55 0 0 0 0
1.55667 0 0 0 0
1.56333 0 0 0 0
1.57 0 0 0 0
1.57667 0 0 0 0
1.58333 0 0 0 0
1.59 0 0 0 0
1.59667 0 0 0 0
1.60333 0 0 0 0
1.61 0 0 0 0
1.61667 0 0 0 0
1.62333 0 0 0 0
1.63 0 0 0 0
1.63667 0 0 0 0
1.64333 0 0 0 0
1.65 0 0 0 0
1.65667 0 0 0 0
1.66333 0 0 0 0
1.67 0 0 0 0
1.67667 0 0 0 0
1.68333 0 0 0 0
1.69 0 0 0 0
1.69667 0 0 0 0
1.70333 0 0 0 0
1.71 0 0 0 0
1.71667 0 0 0 0
1.72333 0 0 0 0
1.73 0 0 0 0
1.73667 0 0 0 0
1.74333 0 0 0 0
1.75 0 0 0 0
1.75667 0 0 0 0
1.76333 0 0 0 0
1.77 0 0 0 0
1.77667 0 0 0 0
1.78333 0 0 0 0
1.79 0 0 0 0
1.79667 0 0 0 0
1.80333 0 0 0 0
1.81 0 0 0 0
1.81667 0 0 0 0
1.82333 0 0 0 0
1.83 0 0 0 0
1.83667 0 0 0 0
1.84333 0 0 0 0
1.85 0 0 0 0
1.85667 0 0 0 0
1.86333 0 0 0 0
1.87 0 0 0 0
1.87667 0 0 0 0
1.88333 0 0 0 0
1.89 0 0 0 0
1.89667 0 0 0 0
1.90333 0 0 0 0
1.91 0 0 0 0
1.91667 0 0 0 0
1.92333 0 0 0 0
1.93 0 0 0 0
1.93667 0 0 0 0
1.94333 0 0 0 0
1.95 0 0 0 0
1.95667 0 0 0 0
1.96333 0 0 0 0
1.97 0 0 0 0
1.97667 0 0 0 0
1.98333 0 0 0 0
1.99 0 0 0 0
1.99667 0 0 0 0
