0.00333333 32 71 1 0
0.01 36 60 1 1
0.0166667 42 67 0 1
0.0233333 45 51 3 0
0.03 51 46 2 0
0.0366667 72 79 1 2
0.0433333 70 76 2 0
0.05 86 83 2 3
0.0566667 86 101 4 1
0.0633333 103 109 2 1
0.07 106 108 4 0
0.0766667 107 121 2 2
0.0833333 116 124 6 2
0.09 114 118 4 0
0.0966667 120 122 4 0
0.103333 112 126 1 2
0.11 129 127 2 0
0.116667 122 132 1 3
0.123333 136 119 5 1
0.13 117 130 5 1
0.136667 113 119 2 0
0.143333 98 131 4 1
0.15 98 133 2 2
0.156667 97 127 0 1
0.163333 87 133 4 0
0.17 89 116 3 1
0.176667 89 126 2 2
0.183333 90 156 2 0
0.19 104 213 4 1
0.196667 90 184 5 1
0.203333 95 152 5 0
0.21 98 150 1 0
0.216667 97 130 2 2
0.223333 94 133 1 0
0.23 90 156 0 1
0.236667 76 123 0 0
0.243333 81 123 1 0
0.25 98 107 1 1
0.256667 85 115 4 0
0.263333 79 110 2 0
0.27 84 90 2 1
0.276667 59 103 2 1
0.283333 70 87 2 0
0.29 59 88 1 0
0.296667 74 98 3 1
0.303333 58 79 3 0
0.31 77 96 2 1
0.316667 52 68 1 0
0.323333 49 66 2 2
0.33 67 71 0 1
0.336667 60 67 1 1
0.343333 69 68 2 0
0.35 56 74 2 2
0.356667 61 61 1 2
0.363333 45 63 3 0
0.37 58 66 2 0
0.376667 57 83 3 0
0.383333 59 63 1 1
0.39 54 73 1 2
0.396667 56 79 0 0
0.403333 44 83 1 0
0.41 44 60 3 2
0.416667 45 61 3 0
0.423333 38 83 0 0
0.43 52 63 3 1
0.436667 54 81 4 0
0.443333 46 95 1 0
0.45 52 87 4 0
0.456667 52 59 1 0
0.463333 46 65 0 0
0.47 53 79 4 1
0.476667 43 51 0 0
0.483333 30 18 0 0
0.49 36 23 1 0
0.496667 45 30 1 0
0.503333 27 17 1 1
0.51 33 17 1 0
0.516667 32 12 2 0
0.523333 31 23 3 0
0.53 26 15 0 1
0.536667 25 16 0 0
0.543333 27 11 2 0
0.55 28 25 1 0
0.556667 25 10 1 1
0.563333 22 12 1 2
0.57 26 20 1 0
0.576667 39 13 1 0
0.583333 23 9 0 0
0.59 28 17 1 0
0.596667 24 12 1 0
0.603333 26 9 1 0
0.61 36 10 1 0
0.616667 25 6 2 0
0.623333 27 3 1 0
0.63 30 10 2 0
0.636667 41 15 1 1
0.643333 13 8 2 1
0.65 21 9 1 0
0.656667 24 8 0 1
0.663333 1517 3776 31 8
0.67 0 0 0 0
0.676667 0 0 0 0
0.683333 0 0 0 0
0.69 0 0 0 0
0.696667 0 0 0 0
0.703333 0 0 0 0
0.71 0 0 0 0
0.716667 0 0 0 0
0.723333 0 0 0 0
0.73 0 0 0 0
0.736667 0 0 0 0
0.743333 0 0 0 0
0.75 0 0 0 0
0.756667 0 0 0 0
0.763333 0 0 0 0
0.77 0 0 0 0
0.776667 0 0 0 0
0.783333 0 0 0 0
0.79 0 0 0 0
0.796667 0 0 0 0
0.803333 0 0 0 0
0.81 0 0 0 0
0.816667 0 0 0 0
0.823333 0 0 0 0
0.83 0 0 0 0
0.836667 0 0 0 0
0.843333 0 0 0 0
0.85 0 0 0 0
0.856667 0 0 0 0
0.863333 0 0 0 0
0.87 0 0 0 0
0.876667 0 0 0 0
0.883333 0 0 0 0
0.89 0 0 0 0
0.896667 0 0 0 0
0.903333 0 0 0 0
0.91 0 0 0 0
0.916667 0 0 0 0
0.923333 0 0 0 0
0.93 0 0 0 0
0.936667 0 0 0 0
0.943333 0 0 0 0
0.95 0 0 0 0
0.956667 0 0 0 0
0.963333 0 0 0 0
0.97 0 0 0 0
0.976667 0 0 0 0
0.983333 0 0 0 0
0.99 0 0 0 0
0.996667 0 0 0 0
1.00333 0 0 0 0
1.01 0 0 0 0
1.01667 0 0 0 0
1.02333 0 0 0 0
1.03 0 0 0 0
1.03667 0 0 0 0
1.04333 0 0 0 0
1.05 0 0 0 0
1.05667 0 0 0 0
1.06333 0 0 0 0
1.07 0 0 0 0
1.07667 0 0 0 0
1.08333 0 0 0 0
1.09 0 0 0 0
1.09667 0 0 0 0
1.10333 0 0 0 0
1.11 0 0 0 0
1.11667 0 0 0 0
1.12333 0 0 0 0
1.13 0 0 0 0
1.13667 0 0 0 0
1.14333 0 0 0 0
1.15 0 0 0 0
1.15667 0 0 0 0
1.16333 0 0 0 0
1.17 0 0 0 0
1.17667 0 0 0 0
1.18333 0 0 0 0
1.19 0 0 0 0
1.19667 0 0 0 0
1.20333 0 0 0 0
1.21 0 0 0 0
1.21667 0 0 0 0
1.22333 0 0 0 0
1.23 0 0 0 0
1.23667 0 0 0 0
1.24333 0 0 0 0
1.25 0 0 0 0
1.25667 0 0 0 0
1.26333 0 0 0 0
1.27 0 0 0 0
1.27667 0 0 0 0
1.28333 0 0 0 0
1.29 0 0 0 0
1.29667 0 0 0 0
1.30333 0 0 0 0
1.31 0 0 0 0
1.31667 0 0 0 0
1.32333 0 0 0 0
1.33 0 0 0 0
1.33667 0 0 0 0
1.34333 0 0 0 0
1.35 0 0 0 0
1.35667 0 0 0 0
1.36333 0 0 0 0
1.37 0 0 0 0
1.37667 0 0 0 0
1.38333 0 0 0 0
1.39 0 0 0 0
1.39667 0 0 0 0
1.40333 0 0 0 0
1.41 0 0 0 0
1.41667 0 0 0 0
1.42333 0 0 0 0
1.43 0 0 0 0
1.43667 0 0 0 0
1.44333 0 0 0 0
1.45 0 0 0 0
1.45667 0 0 0 0
1.46333 0 0 0 0
1.47 0 0 0 0
1.47667 0 0 0 0
1.48333 0 0 0 0
1.49 0 0 0 0
1.49667 0 0 0 0
1.50333 0 0 0 0
1.51 0 0 0 0
1.51667 0 0 0 0
1.52333 0 0 0 0
1.53 0 0 0 0
1.53667 0 0 0 0
1.54333 0 0 0 0
1.55 0 0 0 0
1.55667 0 0 0 0
1.56333 0 0 0 0
1.57 0 0 0 0
1.57667 0 0 0 0
1.58333 0 0 0 0
1.59 0 0 0 0
1.59667 0 0 0 0
1.60333 0 0 0 0
1.61 0 0 0 0
1.61667 0 0 0 0
1.62333 0 0 0 0
1.63 0 0 0 0
1.63667 0 0 0 0
1.64333 0 0 0 0
1.65 0 0 0 0
1.65667 0 0 0 0
1.66333 0 0 0 0
1.67 0 0 0 0
1.67667 0 0 0 0
1.68333 0 0 0 0
1.69 0 0 0 0
1.69667 0 0 0 0
1.70333 0 0 0 0
1.71 0 0 0 0
1.71667 0 0 0 0
1.72333 0 0 0 0
1.73 0 0 0 0
1.73667 0 0 0 0
1.74333 0 0 0 0
1.75 0 0 0 0
1.75667 0 0 0 0
1.76333 0 0 0 0
1.77 0 0 0 0
1.77667 0 0 0 0
1.78333 0 0 0 0
1.79 0 0 0 0
1.79667 0 0 0 0
1.80333 0 0 0 0
1.81 0 0 0 0
1.81667 0 0 0 0
1.82333 0 0 0 0
1.83 0 0 0 0
1.83667 0 0 0 0
1.84333 0 0 0 0
1.85 0 0 0 0
1.85667 0 0 0 0
1.86333 0 0 0 0
1.87 0 0 0 0
1.87667 0 0 0 0
1.88333 0 0 0 0
1.89 0 0 0 0
1.89667 0 0 0 0
1.90333 0 0 0 0
1.91 0 0 0 0
1.91667 0 0 0 0
1.92333 0 0 0 0
1.93 0 0 0 0
1.93667 0 0 0 0
1.94333 0 0 0 0
1.95 0 0 0 0
1.95667 0 0 0 0
1.96333 0 0 0 0
1.97 0 0 0 0
1.97667 0 0 0 0
1.98333 0 0 0 0
1.99 0 0 0 0
1.99667 0 0 0 0
