0.00333333 142 21 2 3
0.01 176 27 1 1
0.0166667 179 28 2 0
0.0233333 182 33 1 3
0.03 178 50 1 2
0.0366667 209 43 0 0
0.0433333 226 56 5 0
0.05 294 82 4 3
0.0566667 301 79 1 2
0.0633333 363 91 3 7
0.07 351 95 4 0
0.0766667 369 109 1 0
0.0833333 415 98 1 5
0.09 408 124 4 2
0.0966667 400 110 4 3
0.103333 449 97 6 7
0.11 420 107 1 5
0.116667 444 99 4 3
0.123333 503 82 3 5
0.13 482 104 5 2
0.136667 449 71 3 4
0.143333 446 72 2 4
0.15 427 88 3 3
0.156667 440 62 6 2
0.163333 453 75 6 3
0.17 445 62 3 2
0.176667 426 79 2 4
0.183333 488 76 5 4
0.19 582 73 8 9
0.196667 575 84 3 4
0.203333 560 67 3 2
0.21 537 57 2 3
0.216667 456 65 1 3
0.223333 455 78 5 1
0.23 404 58 2 4
0.236667 384 75 1 3
0.243333 348 59 2 4
0.25 362 55 1 5
0.256667 304 59 2 3
0.263333 289 62 3 3
0.27 308 54 3 1
0.276667 255 40 2 2
0.283333 258 45 2 3
0.29 239 47 1 5
0.296667 240 43 0 3
0.303333 252 44 4 3
0.31 204 51 4 5
0.316667 202 41 4 4
0.323333 221 38 4 0
0.33 225 43 2 2
0.336667 215 38 3 2
0.343333 187 37 1 2
0.35 200 30 0 3
0.356667 178 45 1 2
0.363333 219 34 1 0
0.37 203 46 3 1
0.376667 170 32 2 0
0.383333 179 35 1 1
0.39 166 22 3 6
0.396667 186 25 0 0
0.403333 207 34 2 2
0.41 177 35 1 2
0.416667 164 34 1 3
0.423333 154 23 2 1
0.43 160 32 4 1
0.436667 168 17 1 3
0.443333 172 27 0 4
0.45 190 28 3 1
0.456667 202 31 0 1
0.463333 201 32 1 2
0.47 198 27 1 1
0.476667 169 25 1 3
0.483333 89 29 3 2
0.49 91 17 1 2
0.496667 90 29 2 1
0.503333 94 20 3 1
0.51 71 21 1 2
0.516667 92 27 2 2
0.523333 71 15 1 2
0.53 64 16 1 3
0.536667 60 17 0 0
0.543333 50 14 2 0
0.55 55 11 0 1
0.556667 65 15 3 2
0.563333 43 15 2 3
0.57 69 19 0 1
0.576667 74 15 2 1
0.583333 68 24 1 2
0.59 66 13 0 2
0.596667 56 17 1 2
0.603333 56 20 1 0
0.61 46 17 3 3
0.616667 61 18 3 2
0.623333 44 14 0 2
0.63 51 16 0 1
0.636667 74 26 0 3
0.643333 42 13 1 0
0.65 57 23 3 0
0.656667 43 6 3 1
0.663333 8807 670 19 68
0.67 0 0 0 0
0.676667 0 0 0 0
0.683333 0 0 0 0
0.69 0 0 0 0
0.696667 0 0 0 0
0.703333 0 0 0 0
0.71 0 0 0 0
0.716667 0 0 0 0
0.723333 0 0 0 0
0.73 0 0 0 0
0.736667 0 0 0 0
0.743333 0 0 0 0
0.75 0 0 0 0
0.756667 0 0 0 0
0.763333 0 0 0 0
0.77 0 0 0 0
0.776667 0 0 0 0
0.783333 0 0 0 0
0.79 0 0 0 0
0.796667 0 0 0 0
0.803333 0 0 0 0
0.81 0 0 0 0
0.816667 0 0 0 0
0.823333 0 0 0 0
0.83 0 0 0 0
0.836667 0 0 0 0
0.843333 0 0 0 0
0.85 0 0 0 0
0.856667 0 0 0 0
0.863333 0 0 0 0
0.87 0 0 0 0
0.876667 0 0 0 0
0.883333 0 0 0 0
0.89 0 0 0 0
0.896667 0 0 0 0
0.903333 0 0 0 0
0.91 0 0 0 0
0.916667 0 0 0 0
0.923333 0 0 0 0
0.93 0 0 0 0
0.936667 0 0 0 0
0.943333 0 0 0 0
0.95 0 0 0 0
0.956667 0 0 0 0
0.963333 0 0 0 0
0.97 0 0 0 0
0.976667 0 0 0 0
0.983333 0 0 0 0
0.99 0 0 0 0
0.996667 0 0 0 0
1.00333 0 0 0 0
1.01 0 0 0 0
1.01667 0 0 0 0
1.02333 0 0 0 0
1.03 0 0 0 0
1.03667 0 0 0 0
1.04333 0 0 0 0
1.05 0 0 0 0
1.05667 0 0 0 0
1.06333 0 0 0 0
1.07 0 0 0 0
1.07667 0 0 0 0
1.08333 0 0 0 0
1.09 0 0 0 0
1.09667 0 0 0 0
1.10333 0 0 0 0
1.11 0 0 0 0
1.11667 0 0 0 0
1.12333 0 0 0 0
1.13 0 0 0 0
1.13667 0 0 0 0
1.14333 0 0 0 0
1.15 0 0 0 0
1.15667 0 0 0 0
1.16333 0 0 0 0
1.17 0 0 0 0
1.17667 0 0 0 0
1.18333 0 0 0 0
1.19 0 0 0 0
1.19667 0 0 0 0
1.20333 0 0 0 0
1.21 0 0 0 0
1.21667 0 0 0 0
1.22333 0 0 0 0
1.23 0 0 0 0
1.23667 0 0 0 0
1.24333 0 0 0 0
1.25 0 0 0 0
1.25667 0 0 0 0
1.26333 0 0 0 0
1.27 0 0 0 0
1.27667 0 0 0 0
1.28333 0 0 0 0
1.29 0 0 0 0
1.29667 0 0 0 0
1.30333 0 0 0 0
1.31 0 0 0 0
1.31667 0 0 0 0
1.32333 0 0 0 0
1.33 0 0 0 0
1.33667 0 0 0 0
1.34333 0 0 0 0
1.35 0 0 0 0
1.35667 0 0 0 0
1.36333 0 0 0 0
1.37 0 0 0 0
1.37667 0 0 0 0
1.38333 0 0 0 0
1.39 0 0 0 0
1.39667 0 0 0 0
1.40333 0 0 0 0
1.41 0 0 0 0
1.41667 0 0 0 0
1.42333 0 0 0 0
1.43 0 0 0 0
1.43667 0 0 0 0
1.44333 0 0 0 0
1.45 0 0 0 0
1.45667 0 0 0 0
1.46333 0 0 0 0
1.47 0 0 0 0
1.47667 0 0 0 0
1.48333 0 0 0 0
1.49 0 0 0 0
1.49667 0 0 0 0
1.50333 0 0 0 0
1.51 0 0 0 0
1.51667 0 0 0 0
1.52333 0 0 0 0
1.53 0 0 0 0
1.53667 0 0 0 0
1.54333 0 0 0 0
1.55 0 0 0 0
1.55667 0 0 0 0
1.56333 0 0 0 0
1.57 0 0 0 0
1.57667 0 0 0 0
1.58333 0 0 0 0
1.59 0 0 0 0
1.59667 0 0 0 0
1.60333 0 0 0 0
1.61 0 0 0 0
1.61667 0 0 0 0
1.62333 0 0 0 0
1.63 0 0 0 0
1.63667 0 0 0 0
1.64333 0 0 0 0
1.65 0 0 0 0
1.65667 0 0 0 0
1.66333 0 0 0 0
1.67 0 0 0 0
1.67667 0 0 0 0
1.68333 0 0 0 0
1.69 0 0 0 0
1.69667 0 0 0 0
1.70333 0 0 0 0
1.71 0 0 0 0
1.71667 0 0 0 0
1.72333 0 0 0 0
1.73 0 0 0 0
1.73667 0 0 0 0
1.74333 0 0 0 0
1.75 0 0 0 0
1.75667 0 0 0 0
1.76333 0 0 0 0
1.77 0 0 0 0
1.77667 0 0 0 0
1.78333 0 0 0 0
1.79 0 0 0 0
1.79667 0 0 0 0
1.80333 0 0 0 0
1.81 0 0 0 0
1.81667 0 0 0 0
1.82333 0 0 0 0
1.83 0 0 0 0
1.83667 0 0 0 0
1.84333 0 0 0 0
1.85 0 0 0 0
1.85667 0 0 0 0
1.86333 0 0 0 0
1.87 0 0 0 0
1.87667 0 0 0 0
1.88333 0 0 0 0
1.89 0 0 0 0
1.89667 0 0 0 0
1.90333 0 0 0 0
1.91 0 0 0 0
1.91667 0 0 0 0
1.92333 0 0 0 0
1.93 0 0 0 0
1.93667 0 0 0 0
1.94333 0 0 0 0
1.95 0 0 0 0
1.95667 0 0 0 0
1.96333 0 0 0 0
1.97 0 0 0 0
1.97667 0 0 0 0
1.98333 0 0 0 0
1.99 0 0 0 0
1.99667 0 0 0 0
