0.00333333 20 56 17 1
0.01 30 62 10 1
0.0166667 25 75 15 0
0.0233333 32 74 9 1
0.03 30 86 12 3
0.0366667 50 99 13 1
0.0433333 61 159 12 4
0.05 61 194 16 6
0.0566667 99 207 19 3
0.0633333 102 272 24 7
0.07 122 245 29 6
0.0766667 100 297 40 1
0.0833333 117 250 42 10
0.09 105 261 30 6
0.0966667 95 257 36 7
0.103333 103 253 35 9
0.11 105 269 32 4
0.116667 97 275 35 7
0.123333 95 238 32 4
0.13 70 240 27 9
0.136667 71 227 25 9
0.143333 85 237 27 3
0.15 74 252 25 8
0.156667 68 240 23 7
0.163333 65 206 23 3
0.17 70 242 26 3
0.176667 69 209 29 6
0.183333 59 214 29 7
0.19 68 208 28 1
0.196667 63 228 29 3
0.203333 74 226 22 8
0.21 53 183 19 8
0.216667 45 185 18 4
0.223333 61 168 21 7
0.23 55 176 17 1
0.236667 48 181 13 7
0.243333 62 137 19 2
0.25 46 154 19 3
0.256667 30 149 18 2
0.263333 48 139 16 6
0.27 37 141 9 7
0.276667 38 120 14 3
0.283333 47 131 10 2
0.29 29 122 12 2
0.296667 29 123 9 3
0.303333 41 91 11 5
0.31 46 128 20 1
0.316667 41 100 13 2
0.323333 27 101 10 2
0.33 42 110 17 3
0.336667 31 98 15 1
0.343333 36 89 8 2
0.35 28 108 14 0
0.356667 31 88 11 1
0.363333 34 87 9 1
0.37 30 74 15 1
0.376667 28 72 11 4
0.383333 22 78 7 3
0.39 28 78 10 2
0.396667 37 63 12 2
0.403333 25 91 12 0
0.41 21 72 16 2
0.416667 26 65 9 2
0.423333 25 67 9 2
0.43 23 69 17 1
0.436667 26 65 14 1
0.443333 19 64 10 1
0.45 23 68 16 1
0.456667 26 65 15 2
0.463333 29 73 14 3
0.47 22 72 9 1
0.476667 22 59 8 4
0.483333 8 47 3 2
0.49 22 59 8 3
0.496667 14 42 4 2
0.503333 13 43 8 2
0.51 18 34 10 0
0.516667 16 32 10 0
0.523333 13 34 7 3
0.53 17 42 6 0
0.536667 16 27 4 3
0.543333 9 47 13 1
0.55 17 34 4 0
0.556667 15 37 4 1
0.563333 14 42 7 1
0.57 10 32 7 0
0.576667 12 43 11 1
0.583333 14 44 12 3
0.59 9 38 5 2
0.596667 19 38 3 0
0.603333 9 35 10 1
0.61 11 28 4 3
0.616667 10 27 9 3
0.623333 12 28 8 1
0.63 4 27 2 3
0.636667 12 29 6 4
0.643333 7 33 8 3
0.65 12 32 6 1
0.656667 12 43 8 0
0.663333 467 2205 216 18
0.67 0 0 0 0
0.676667 0 0 0 0
0.683333 0 0 0 0
0.69 0 0 0 0
0.696667 0 0 0 0
0.703333 0 0 0 0
0.71 0 0 0 0
0.716667 0 0 0 0
0.723333 0 0 0 0
0.73 0 0 0 0
0.736667 0 0 0 0
0.743333 0 0 0 0
0.75 0 0 0 0
0.756667 0 0 0 0
0.763333 0 0 0 0
0.77 0 0 0 0
0.776667 0 0 0 0
0.783333 0 0 0 0
0.79 0 0 0 0
0.796667 0 0 0 0
0.803333 0 0 0 0
0.81 0 0 0 0
0.816667 0 0 0 0
0.823333 0 0 0 0
0.83 0 0 0 0
0.836667 0 0 0 0
0.843333 0 0 0 0
0.85 0 0 0 0
0.856667 0 0 0 0
0.863333 0 0 0 0
0.87 0 0 0 0
0.876667 0 0 0 0
0.883333 0 0 0 0
0.89 0 0 0 0
0.896667 0 0 0 0
0.903333 0 0 0 0
0.91 0 0 0 0
0.916667 0 0 0 0
0.923333 0 0 0 0
0.93 0 0 0 0
0.936667 0 0 0 0
0.943333 0 0 0 0
0.95 0 0 0 0
0.956667 0 0 0 0
0.963333 0 0 0 0
0.97 0 0 0 0
0.976667 0 0 0 0
0.983333 0 0 0 0
0.99 0 0 0 0
0.996667 0 0 0 0
1.00333 0 0 0 0
1.01 0 0 0 0
1.01667 0 0 0 0
1.02333 0 0 0 0
1.03 0 0 0 0
1.03667 0 0 0 0
1.04333 0 0 0 0
1.05 0 0 0 0
1.05667 0 0 0 0
1.06333 0 0 0 0
1.07 0 0 0 0
1.07667 0 0 0 0
1.08333 0 0 0 0
1.09 0 0 0 0
1.09667 0 0 0 0
1.10333 0 0 0 0
1.11 0 0 0 0
1.11667 0 0 0 0
1.12333 0 0 0 0
1.13 0 0 0 0
1.13667 0 0 0 0
1.14333 0 0 0 0
1.15 0 0 0 0
1.15667 0 0 0 0
1.16333 0 0 0 0
1.17 0 0 0 0
1.17667 0 0 0 0
1.18333 0 0 0 0
1.19 0 0 0 0
1.19667 0 0 0 0
1.20333 0 0 0 0
1.21 0 0 0 0
1.21667 0 0 0 0
1.22333 0 0 0 0
1.23 0 0 0 0
1.23667 0 0 0 0
1.24333 0 0 0 0
1.25 0 0 0 0
1.25667 0 0 0 0
1.26333 0 0 0 0
1.27 0 0 0 0
1.27667 0 0 0 0
1.28333 0 0 0 0
1.29 0 0 0 0
1.29667 0 0 0 0
1.30333 0 0 0 0
1.31 0 0 0 0
1.31667 0 0 0 0
1.32333 0 0 0 0
1.33 0 0 0 0
1.33667 0 0 0 0
1.34333 0 0 0 0
1.35 0 0 0 0
1.35667 0 0 0 0
1.36333 0 0 0 0
1.37 0 0 0 0
1.37667 0 0 0 0
1.38333 0 0 0 0
1.39 0 0 0 0
1.39667 0 0 0 0
1.40333 0 0 0 0
1.41 0 0 0 0
1.41667 0 0 0 0
1.42333 0 0 0 0
1.43 0 0 0 0
1.43667 0 0 0 0
1.44333 0 0 0 0
1.45 0 0 0 0
1.45667 0 0 0 0
1.46333 0 0 0 0
1.47 0 0 0 0
1.47667 0 0 0 0
1.48333 0 0 0 0
1.49 0 0 0 0
1.49667 0 0 0 0
1.50333 0 0 0 0
1.51 0 0 0 0
1.51667 0 0 0 0
1.52333 0 0 0 0
1.53 0 0 0 0
1.53667 0 0 0 0
1.54333 0 0 0 0
1.55 0 0 0 0
1.55667 0 0 0 0
1.56333 0 0 0 0
1.57 0 0 0 0
1.57667 0 0 0 0
1.58333 0 0 0 0
1.59 0 0 0 0
1.59667 0 0 0 0
1.60333 0 0 0 0
1.61 0 0 0 0
1.61667 0 0 0 0
1.62333 0 0 0 0
1.63 0 0 0 0
1.63667 0 0 0 0
1.64333 0 0 0 0
1.65 0 0 0 0
1.65667 0 0 0 0
1.66333 0 0 0 0
1.67 0 0 0 0
1.67667 0 0 0 0
1.68333 0 0 0 0
1.69 0 0 0 0
1.69667 0 0 0 0
1.70333 0 0 0 0
1.71 0 0 0 0
1.71667 0 0 0 0
1.72333 0 0 0 0
1.73 0 0 0 0
1.73667 0 0 0 0
1.74333 0 0 0 0
1.75 0 0 0 0
1.75667 0 0 0 0
1.76333 0 0 0 0
1.77 0 0 0 0
1.77667 0 0 0 0
1.78333 0 0 0 0
1.79 0 0 0 0
1.79667 0 0 0 0
1.80333 0 0 0 0
1.81 0 0 0 0
1.81667 0 0 0 0
1.82333 0 0 0 0
1.83 0 0 0 0
1.83667 0 0 0 0
1.84333 0 0 0 0
1.85 0 0 0 0
1.85667 0 0 0 0
1.86333 0 0 0 0
1.87 0 0 0 0
1.87667 0 0 0 0
1.88333 0 0 0 0
1.89 0 0 0 0
1.89667 0 0 0 0
1.90333 0 0 0 0
1.91 0 0 0 0
1.91667 0 0 0 0
1.92333 0 0 0 0
1.93 0 0 0 0
1.93667 0 0 0 0
1.94333 0 0 0 0
1.95 0 0 0 0
1.95667 0 0 0 0
1.96333 0 0 0 0
1.97 0 0 0 0
1.97667 0 0 0 0
1.98333 0 0 0 0
1.99 0 0 0 0
1.99667 0 0 0 0
