0.00333333 0 6 63 11
0.01 2 15 94 17
0.0166667 6 11 105 18
0.0233333 4 17 93 17
0.03 2 14 113 15
0.0366667 4 16 129 21
0.0433333 2 26 144 29
0.05 7 33 237 40
0.0566667 9 25 245 70
0.0633333 7 31 272 57
0.07 8 37 287 63
0.0766667 4 43 261 76
0.0833333 14 35 333 67
0.09 6 34 318 54
0.0966667 8 27 294 62
0.103333 9 39 335 46
0.11 8 33 287 53
0.116667 4 38 325 49
0.123333 5 32 337 54
0.13 4 28 287 55
0.136667 3 24 279 51
0.143333 11 18 269 47
0.15 9 22 254 30
0.156667 3 23 268 33
0.163333 5 27 265 44
0.17 3 28 243 34
0.176667 3 20 257 31
0.183333 6 23 263 37
0.19 2 22 300 43
0.196667 5 31 268 39
0.203333 6 21 295 29
0.21 7 27 266 35
0.216667 6 15 246 33
0.223333 6 18 223 32
0.23 3 20 209 26
0.236667 2 15 177 28
0.243333 6 19 215 31
0.25 6 15 179 20
0.256667 2 17 174 23
0.263333 2 17 141 28
0.27 5 11 181 19
0.276667 2 12 159 23
0.283333 3 7 152 25
0.29 3 13 153 11
0.296667 2 9 148 17
0.303333 2 13 163 18
0.31 5 11 128 19
0.316667 2 9 125 16
0.323333 2 16 132 25
0.33 2 15 109 18
0.336667 3 11 112 15
0.343333 4 11 131 24
0.35 0 10 122 17
0.356667 3 14 129 18
0.363333 4 7 104 11
0.37 2 12 101 19
0.376667 4 12 114 16
0.383333 2 11 111 17
0.39 1 10 86 13
0.396667 6 7 97 17
0.403333 2 8 92 13
0.41 3 7 99 14
0.416667 3 6 97 17
0.423333 5 8 98 14
0.43 3 11 97 16
0.436667 4 8 107 10
0.443333 3 13 80 22
0.45 1 7 96 20
0.456667 5 11 101 18
0.463333 2 11 82 6
0.47 4 13 88 17
0.476667 4 9 60 11
0.483333 3 10 60 14
0.49 1 3 58 11
0.496667 1 9 59 14
0.503333 1 12 63 14
0.51 2 5 47 6
0.516667 1 8 63 15
0.523333 2 3 50 9
0.53 2 4 51 7
0.536667 4 3 51 8
0.543333 1 3 45 5
0.55 1 5 51 6
0.556667 1 6 45 9
0.563333 3 9 43 9
0.57 2 5 45 8
0.576667 6 10 40 12
0.583333 1 10 48 11
0.59 0 6 47 6
0.596667 1 2 29 13
0.603333 3 5 41 5
0.61 0 7 35 9
0.616667 3 5 33 5
0.623333 2 9 33 7
0.63 1 7 29 4
0.636667 1 4 46 9
0.643333 1 6 39 5
0.65 2 2 36 14
0.656667 2 9 31 6
0.663333 28 129 3099 270
0.67 0 0 0 0
0.676667 0 0 0 0
0.683333 0 0 0 0
0.69 0 0 0 0
0.696667 0 0 0 0
0.703333 0 0 0 0
0.71 0 0 0 0
0.716667 0 0 0 0
0.723333 0 0 0 0
0.73 0 0 0 0
0.736667 0 0 0 0
0.743333 0 0 0 0
0.75 0 0 0 0
0.756667 0 0 0 0
0.763333 0 0 0 0
0.77 0 0 0 0
0.776667 0 0 0 0
0.783333 0 0 0 0
0.79 0 0 0 0
0.796667 0 0 0 0
0.803333 0 0 0 0
0.81 0 0 0 0
0.816667 0 0 0 0
0.823333 0 0 0 0
0.83 0 0 0 0
0.836667 0 0 0 0
0.843333 0 0 0 0
0.85 0 0 0 0
0.856667 0 0 0 0
0.863333 0 0 0 0
0.87 0 0 0 0
0.876667 0 0 0 0
0.883333 0 0 0 0
0.89 0 0 0 0
0.896667 0 0 0 0
0.903333 0 0 0 0
0.91 0 0 0 0
0.916667 0 0 0 0
0.923333 0 0 0 0
0.93 0 0 0 0
0.936667 0 0 0 0
0.943333 0 0 0 0
0.95 0 0 0 0
0.956667 0 0 0 0
0.963333 0 0 0 0
0.97 0 0 0 0
0.976667 0 0 0 0
0.983333 0 0 0 0
0.99 0 0 0 0
0.996667 0 0 0 0
1.00333 0 0 0 0
1.01 0 0 0 0
1.01667 0 0 0 0
1.02333 0 0 0 0
1.03 0 0 0 0
1.03667 0 0 0 0
1.04333 0 0 0 0
1.05 0 0 0 0
1.05667 0 0 0 0
1.06333 0 0 0 0
1.07 0 0 0 0
1.07667 0 0 0 0
1.08333 0 0 0 0
1.09 0 0 0 0
1.09667 0 0 0 0
1.10333 0 0 0 0
1.11 0 0 0 0
1.11667 0 0 0 0
1.12333 0 0 0 0
1.13 0 0 0 0
1.13667 0 0 0 0
1.14333 0 0 0 0
1.15 0 0 0 0
1.15667 0 0 0 0
1.16333 0 0 0 0
1.17 0 0 0 0
1.17667 0 0 0 0
1.18333 0 0 0 0
1.19 0 0 0 0
1.19667 0 0 0 0
1.20333 0 0 0 0
1.21 0 0 0 0
1.21667 0 0 0 0
1.22333 0 0 0 0
1.23 0 0 0 0
1.23667 0 0 0 0
1.24333 0 0 0 0
1.25 0 0 0 0
1.25667 0 0 0 0
1.26333 0 0 0 0
1.27 0 0 0 0
1.27667 0 0 0 0
1.28333 0 0 0 0
1.29 0 0 0 0
1.29667 0 0 0 0
1.30333 0 0 0 0
1.31 0 0 0 0
1.31667 0 0 0 0
1.32333 0 0 0 0
1.33 0 0 0 0
1.33667 0 0 0 0
1.34333 0 0 0 0
1.35 0 0 0 0
1.35667 0 0 0 0
1.36333 0 0 0 0
1.37 0 0 0 0
1.37667 0 0 0 0
1.38333 0 0 0 0
1.39 0 0 0 0
1.39667 0 0 0 0
1.40333 0 0 0 0
1.41 0 0 0 0
1.41667 0 0 0 0
1.42333 0 0 0 0
1.43 0 0 0 0
1.43667 0 0 0 0
1.44333 0 0 0 0
1.45 0 0 0 0
1.45667 0 0 0 0
1.46333 0 0 0 0
1.47 0 0 0 0
1.47667 0 0 0 0
1.48333 0 0 0 0
1.49 0 0 0 0
1.49667 0 0 0 0
1.50333 0 0 0 0
1.51 0 0 0 0
1.51667 0 0 0 0
1.52333 0 0 0 0
1.53 0 0 0 0
1.53667 0 0 0 0
1.54333 0 0 0 0
1.55 0 0 0 0
1.55667 0 0 0 0
1.56333 0 0 0 0
1.57 0 0 0 0
1.57667 0 0 0 0
1.58333 0 0 0 0
1.59 0 0 0 0
1.59667 0 0 0 0
1.60333 0 0 0 0
1.61 0 0 0 0
1.61667 0 0 0 0
1.62333 0 0 0 0
1.63 0 0 0 0
1.63667 0 0 0 0
1.64333 0 0 0 0
1.65 0 0 0 0
1.65667 0 0 0 0
1.66333 0 0 0 0
1.67 0 0 0 0
1.67667 0 0 0 0
1.68333 0 0 0 0
1.69 0 0 0 0
1.69667 0 0 0 0
1.70333 0 0 0 0
1.71 0 0 0 0
1.71667 0 0 0 0
1.72333 0 0 0 0
1.73 0 0 0 0
1.73667 0 0 0 0
1.74333 0 0 0 0
1.75 0 0 0 0
1.75667 0 0 0 0
1.76333 0 0 0 0
1.77 0 0 0 0
1.77667 0 0 0 0
1.78333 0 0 0 0
1.79 0 0 0 0
1.79667 0 0 0 0
1.80333 0 0 0 0
1.81 0 0 0 0
1.81667 0 0 0 0
1.82333 0 0 0 0
1.83 0 0 0 0
1.83667 0 0 0 0
1.84333 0 0 0 0
1.85 0 0 0 0
1.85667 0 0 0 0
1.86333 0 0 0 0
1.87 0 0 0 0
1.87667 0 0 0 0
1.88333 0 0 0 0
1.89 0 0 0 0
1.89667 0 0 0 0
1.90333 0 0 0 0
1.91 0 0 0 0
1.91667 0 0 0 0
1.92333 0 0 0 0
1.93 0 0 0 0
1.93667 0 0 0 0
1.94333 0 0 0 0
1.95 0 0 0 0
1.95667 0 0 0 0
1.96333 0 0 0 0
1.97 0 0 0 0
1.97667 0 0 0 0
1.98333 0 0 0 0
1.99 0 0 0 0
1.99667 0 0 0 0
