0.00333333 1 3 92 7
0.01 0 3 97 10
0.0166667 2 3 102 10
0.0233333 2 2 127 7
0.03 2 2 100 10
0.0366667 1 7 128 2
0.0433333 0 5 133 24
0.05 1 8 153 15
0.0566667 2 11 150 21
0.0633333 1 11 155 28
0.07 0 9 159 35
0.0766667 2 11 165 28
0.0833333 3 11 175 38
0.09 2 10 205 31
0.0966667 1 9 172 31
0.103333 0 5 180 23
0.11 2 15 219 39
0.116667 3 14 206 41
0.123333 3 12 218 23
0.13 1 11 214 30
0.136667 2 2 207 21
0.143333 4 12 199 22
0.15 2 15 199 17
0.156667 3 4 180 16
0.163333 0 7 209 19
0.17 2 5 184 12
0.176667 2 7 175 21
0.183333 1 5 201 21
0.19 4 8 190 21
0.196667 2 7 230 15
0.203333 0 8 224 20
0.21 4 5 209 16
0.216667 2 3 273 20
0.223333 3 6 213 23
0.23 0 2 231 15
0.236667 2 6 213 15
0.243333 4 6 212 12
0.25 1 9 203 13
0.256667 2 4 186 17
0.263333 0 5 186 11
0.27 1 3 186 13
0.276667 3 2 169 9
0.283333 0 1 152 19
0.29 1 4 157 19
0.296667 0 5 154 16
0.303333 2 4 159 13
0.31 1 4 138 15
0.316667 1 4 150 14
0.323333 0 2 152 11
0.33 2 8 172 14
0.336667 1 3 121 17
0.343333 3 1 147 10
0.35 1 0 141 14
0.356667 1 5 132 11
0.363333 1 3 120 13
0.37 6 8 125 10
0.376667 1 5 123 12
0.383333 3 1 135 8
0.39 0 3 113 11
0.396667 0 6 131 12
0.403333 2 2 121 8
0.41 1 3 125 14
0.416667 3 4 130 17
0.423333 3 3 122 12
0.43 1 7 121 6
0.436667 0 5 140 10
0.443333 2 4 105 7
0.45 0 3 140 8
0.456667 0 4 117 8
0.463333 0 5 123 13
0.47 0 1 107 9
0.476667 0 3 99 15
0.483333 1 3 66 7
0.49 0 4 62 5
0.496667 0 3 53 2
0.503333 1 1 41 6
0.51 0 0 60 9
0.516667 0 2 54 3
0.523333 1 0 52 14
0.53 2 6 45 7
0.536667 0 0 54 12
0.543333 0 4 51 7
0.55 0 2 45 12
0.556667 0 3 38 5
0.563333 2 3 35 7
0.57 1 1 50 2
0.576667 2 3 35 3
0.583333 1 6 48 5
0.59 0 0 54 11
0.596667 1 3 35 4
0.603333 0 0 41 1
0.61 1 0 32 16
0.616667 0 0 33 5
0.623333 1 2 25 2
0.63 2 6 43 9
0.636667 1 3 44 8
0.643333 2 5 32 4
0.65 3 3 28 2
0.656667 0 2 29 6
0.663333 10 54 5971 175
0.67 0 0 0 0
0.676667 0 0 0 0
0.683333 0 0 0 0
0.69 0 0 0 0
0.696667 0 0 0 0
0.703333 0 0 0 0
0.71 0 0 0 0
0.716667 0 0 0 0
0.723333 0 0 0 0
0.73 0 0 0 0
0.736667 0 0 0 0
0.743333 0 0 0 0
0.75 0 0 0 0
0.756667 0 0 0 0
0.763333 0 0 0 0
0.77 0 0 0 0
0.776667 0 0 0 0
0.783333 0 0 0 0
0.79 0 0 0 0
0.796667 0 0 0 0
0.803333 0 0 0 0
0.81 0 0 0 0
0.816667 0 0 0 0
0.823333 0 0 0 0
0.83 0 0 0 0
0.836667 0 0 0 0
0.843333 0 0 0 0
0.85 0 0 0 0
0.856667 0 0 0 0
0.863333 0 0 0 0
0.87 0 0 0 0
0.876667 0 0 0 0
0.883333 0 0 0 0
0.89 0 0 0 0
0.896667 0 0 0 0
0.903333 0 0 0 0
0.91 0 0 0 0
0.916667 0 0 0 0
0.923333 0 0 0 0
0.93 0 0 0 0
0.936667 0 0 0 0
0.943333 0 0 0 0
0.95 0 0 0 0
0.956667 0 0 0 0
0.963333 0 0 0 0
0.97 0 0 0 0
0.976667 0 0 0 0
0.983333 0 0 0 0
0.99 0 0 0 0
0.996667 0 0 0 0
1.00333 0 0 0 0
1.01 0 0 0 0
1.01667 0 0 0 0
1.02333 0 0 0 0
1.03 0 0 0 0
1.03667 0 0 0 0
1.04333 0 0 0 0
1.05 0 0 0 0
1.05667 0 0 0 0
1.06333 0 0 0 0
1.07 0 0 0 0
1.07667 0 0 0 0
1.08333 0 0 0 0
1.09 0 0 0 0
1.09667 0 0 0 0
1.10333 0 0 0 0
1.11 0 0 0 0
1.11667 0 0 0 0
1.12333 0 0 0 0
1.13 0 0 0 0
1.13667 0 0 0 0
1.14333 0 0 0 0
1.15 0 0 0 0
1.15667 0 0 0 0
1.16333 0 0 0 0
1.17 0 0 0 0
1.17667 0 0 0 0
1.18333 0 0 0 0
1.19 0 0 0 0
1.19667 0 0 0 0
1.20333 0 0 0 0
1.21 0 0 0 0
1.21667 0 0 0 0
1.22333 0 0 0 0
1.23 0 0 0 0
1.23667 0 0 0 0
1.24333 0 0 0 0
1.25 0 0 0 0
1.25667 0 0 0 0
1.26333 0 0 0 0
1.27 0 0 0 0
1.27667 0 0 0 0
1.28333 0 0 0 0
1.29 0 0 0 0
1.29667 0 0 0 0
1.30333 0 0 0 0
1.31 0 0 0 0
1.31667 0 0 0 0
1.32333 0 0 0 0
1.33 0 0 0 0
1.33667 0 0 0 0
1.34333 0 0 0 0
1.35 0 0 0 0
1.35667 0 0 0 0
1.36333 0 0 0 0
1.37 0 0 0 0
1.37667 0 0 0 0
1.38333 0 0 0 0
1.39 0 0 0 0
1.39667 0 0 0 0
1.40333 0 0 0 0
1.41 0 0 0 0
1.41667 0 0 0 0
1.42333 0 0 0 0
1.43 0 0 0 0
1.43667 0 0 0 0
1.44333 0 0 0 0
1.45 0 0 0 0
1.45667 0 0 0 0
1.46333 0 0 0 0
1.47 0 0 0 0
1.47667 0 0 0 0
1.48333 0 0 0 0
1.49 0 0 0 0
1.49667 0 0 0 0
1.50333 0 0 0 0
1.51 0 0 0 0
1.51667 0 0 0 0
1.52333 0 0 0 0
1.53 0 0 0 0
1.53667 0 0 0 0
1.54333 0 0 0 0
1.55 0 0 0 0
1.55667 0 0 0 0
1.56333 0 0 0 0
1.57 0 0 0 0
1.57667 0 0 0 0
1.58333 0 0 0 0
1.59 0 0 0 0
1.59667 0 0 0 0
1.60333 0 0 0 0
1.61 0 0 0 0
1.61667 0 0 0 0
1.62333 0 0 0 0
1.63 0 0 0 0
1.63667 0 0 0 0
1.64333 0 0 0 0
1.65 0 0 0 0
1.65667 0 0 0 0
1.66333 0 0 0 0
1.67 0 0 0 0
1.67667 0 0 0 0
1.68333 0 0 0 0
1.69 0 0 0 0
1.69667 0 0 0 0
1.70333 0 0 0 0
1.71 0 0 0 0
1.71667 0 0 0 0
1.72333 0 0 0 0
1.73 0 0 0 0
1.73667 0 0 0 0
1.74333 0 0 0 0
1.75 0 0 0 0
1.75667 0 0 0 0
1.76333 0 0 0 0
1.77 0 0 0 0
1.77667 0 0 0 0
1.78333 0 0 0 0
1.79 0 0 0 0
1.79667 0 0 0 0
1.80333 0 0 0 0
1.81 0 0 0 0
1.81667 0 0 0 0
1.82333 0 0 0 0
1.83 0 0 0 0
1.83667 0 0 0 0
1.84333 0 0 0 0
1.85 0 0 0 0
1.85667 0 0 0 0
1.86333 0 0 0 0
1.87 0 0 0 0
1.87667 0 0 0 0
1.88333 0 0 0 0
1.89 0 0 0 0
1.89667 0 0 0 0
1.90333 0 0 0 0
1.91 0 0 0 0
1.91667 0 0 0 0
1.92333 0 0 0 0
1.93 0 0 0 0
1.93667 0 0 0 0
1.94333 0 0 0 0
1.95 0 0 0 0
1.95667 0 0 0 0
1.96333 0 0 0 0
1.97 0 0 0 0
1.97667 0 0 0 0
1.98333 0 0 0 0
1.99 0 0 0 0
1.99667 0 0 0 0
