0.00333333 8 4 14 25
0.01 4 3 28 34
0.0166667 4 10 25 37
0.0233333 10 10 21 25
0.03 2 12 40 35
0.0366667 6 15 35 50
0.0433333 6 13 65 59
0.05 10 20 96 64
0.0566667 8 20 114 55
0.0633333 13 21 89 75
0.07 13 22 106 79
0.0766667 12 26 105 69
0.0833333 16 26 118 79
0.09 17 29 80 80
0.0966667 23 24 95 68
0.103333 14 22 119 94
0.11 12 20 98 79
0.116667 16 19 113 102
0.123333 12 27 99 108
0.13 17 30 88 96
0.136667 15 20 86 66
0.143333 14 25 80 91
0.15 7 14 77 70
0.156667 7 23 84 78
0.163333 10 22 70 72
0.17 17 22 70 72
0.176667 4 23 70 71
0.183333 14 15 71 86
0.19 17 14 82 92
0.196667 16 22 68 77
0.203333 8 14 62 103
0.21 7 18 52 71
0.216667 12 21 51 90
0.223333 11 13 60 69
0.23 8 15 61 68
0.236667 13 18 61 53
0.243333 12 15 61 60
0.25 8 13 43 68
0.256667 9 11 52 69
0.263333 10 15 48 52
0.27 11 12 40 51
0.276667 8 18 39 41
0.283333 7 15 40 45
0.29 9 10 58 39
0.296667 8 11 53 56
0.303333 9 13 33 57
0.31 6 9 48 37
0.316667 5 10 39 35
0.323333 10 9 52 44
0.33 9 13 40 42
0.336667 6 6 28 49
0.343333 6 8 32 51
0.35 3 4 28 37
0.356667 8 10 34 52
0.363333 8 11 41 25
0.37 9 12 42 38
0.376667 8 8 40 36
0.383333 4 5 37 41
0.39 7 9 23 35
0.396667 5 7 23 42
0.403333 5 9 28 36
0.41 5 6 33 35
0.416667 14 5 26 30
0.423333 6 8 34 30
0.43 5 6 22 31
0.436667 7 1 20 34
0.443333 12 5 23 33
0.45 11 9 24 30
0.456667 5 6 23 33
0.463333 7 9 36 37
0.47 4 16 26 31
0.476667 8 9 28 31
0.483333 5 6 24 21
0.49 0 13 16 20
0.496667 2 8 22 23
0.503333 6 5 17 14
0.51 3 4 7 20
0.516667 3 6 17 19
0.523333 4 11 17 11
0.53 2 2 11 19
0.536667 2 4 11 10
0.543333 4 4 15 15
0.55 3 13 10 13
0.556667 5 10 11 11
0.563333 5 5 18 10
0.57 4 7 19 18
0.576667 5 5 15 9
0.583333 5 3 8 20
0.59 6 9 9 17
0.596667 3 4 22 10
0.603333 4 4 17 12
0.61 4 3 17 15
0.616667 3 4 8 14
0.623333 6 6 9 12
0.63 4 5 11 14
0.636667 4 4 15 12
0.643333 3 8 19 12
0.65 5 2 13 17
0.656667 5 5 23 7
0.663333 182 144 510 1142
0.67 0 0 0 0
0.676667 0 0 0 0
0.683333 0 0 0 0
0.69 0 0 0 0
0.696667 0 0 0 0
0.703333 0 0 0 0
0.71 0 0 0 0
0.716667 0 0 0 0
0.723333 0 0 0 0
0.73 0 0 0 0
0.736667 0 0 0 0
0.743333 0 0 0 0
0.75 0 0 0 0
0.756667 0 0 0 0
0.763333 0 0 0 0
0.77 0 0 0 0
0.776667 0 0 0 0
0.783333 0 0 0 0
0.79 0 0 0 0
0.796667 0 0 0 0
0.803333 0 0 0 0
0.81 0 0 0 0
0.816667 0 0 0 0
0.823333 0 0 0 0
0.83 0 0 0 0
0.836667 0 0 0 0
0.843333 0 0 0 0
0.85 0 0 0 0
0.856667 0 0 0 0
0.863333 0 0 0 0
0.87 0 0 0 0
0.876667 0 0 0 0
0.883333 0 0 0 0
0.89 0 0 0 0
0.896667 0 0 0 0
0.903333 0 0 0 0
0.91 0 0 0 0
0.916667 0 0 0 0
0.923333 0 0 0 0
0.93 0 0 0 0
0.936667 0 0 0 0
0.943333 0 0 0 0
0.95 0 0 0 0
0.956667 0 0 0 0
0.963333 0 0 0 0
0.97 0 0 0 0
0.976667 0 0 0 0
0.983333 0 0 0 0
0.99 0 0 0 0
0.996667 0 0 0 0
1.00333 0 0 0 0
1.01 0 0 0 0
1.01667 0 0 0 0
1.02333 0 0 0 0
1.03 0 0 0 0
1.03667 0 0 0 0
1.04333 0 0 0 0
1.05 0 0 0 0
1.05667 0 0 0 0
1.06333 0 0 0 0
1.07 0 0 0 0
1.07667 0 0 0 0
1.08333 0 0 0 0
1.09 0 0 0 0
1.09667 0 0 0 0
1.10333 0 0 0 0
1.11 0 0 0 0
1.11667 0 0 0 0
1.12333 0 0 0 0
1.13 0 0 0 0
1.13667 0 0 0 0
1.14333 0 0 0 0
1.15 0 0 0 0
1.15667 0 0 0 0
1.16333 0 0 0 0
1.17 0 0 0 0
1.17667 0 0 0 0
1.18333 0 0 0 0
1.19 0 0 0 0
1.19667 0 0 0 0
1.20333 0 0 0 0
1.21 0 0 0 0
1.21667 0 0 0 0
1.22333 0 0 0 0
1.23 0 0 0 0
1.23667 0 0 0 0
1.24333 0 0 0 0
1.25 0 0 0 0
1.25667 0 0 0 0
1.26333 0 0 0 0
1.27 0 0 0 0
1.27667 0 0 0 0
1.28333 0 0 0 0
1.29 0 0 0 0
1.29667 0 0 0 0
1.30333 0 0 0 0
1.31 0 0 0 0
1.31667 0 0 0 0
1.32333 0 0 0 0
1.33 0 0 0 0
1.33667 0 0 0 0
1.34333 0 0 0 0
1.35 0 0 0 0
1.35667 0 0 0 0
1.36333 0 0 0 0
1.37 0 0 0 0
1.37667 0 0 0 0
1.38333 0 0 0 0
1.39 0 0 0 0
1.39667 0 0 0 0
1.40333 0 0 0 0
1.41 0 0 0 0
1.41667 0 0 0 0
1.42333 0 0 0 0
1.43 0 0 0 0
1.43667 0 0 0 0
1.44333 0 0 0 0
1.45 0 0 0 0
1.45667 0 0 0 0
1.46333 0 0 0 0
1.47 0 0 0 0
1.47667 0 0 0 0
1.48333 0 0 0 0
1.49 0 0 0 0
1.49667 0 0 0 0
1.50333 0 0 0 0
1.51 0 0 0 0
1.51667 0 0 0 0
1.52333 0 0 0 0
1.53 0 0 0 0
1.53667 0 0 0 0
1.54333 0 0 0 0
1.55 0 0 0 0
1.55667 0 0 0 0
1.56333 0 0 0 0
1.57 0 0 0 0
1.57667 0 0 0 0
1.58333 0 0 0 0
1.59 0 0 0 0
1.59667 0 0 0 0
1.60333 0 0 0 0
1.61 0 0 0 0
1.61667 0 0 0 0
1.62333 0 0 0 0
1.63 0 0 0 0
1.63667 0 0 0 0
1.64333 0 0 0 0
1.65 0 0 0 0
1.65667 0 0 0 0
1.66333 0 0 0 0
1.67 0 0 0 0
1.67667 0 0 0 0
1.68333 0 0 0 0
1.69 0 0 0 0
1.69667 0 0 0 0
1.70333 0 0 0 0
1.71 0 0 0 0
1.71667 0 0 0 0
1.72333 0 0 0 0
1.73 0 0 0 0
1.73667 0 0 0 0
1.74333 0 0 0 0
1.75 0 0 0 0
1.75667 0 0 0 0
1.76333 0 0 0 0
1.77 0 0 0 0
1.77667 0 0 0 0
1.78333 0 0 0 0
1.79 0 0 0 0
1.79667 0 0 0 0
1.80333 0 0 0 0
1.81 0 0 0 0
1.81667 0 0 0 0
1.82333 0 0 0 0
1.83 0 0 0 0
1.83667 0 0 0 0
1.84333 0 0 0 0
1.85 0 0 0 0
1.85667 0 0 0 0
1.86333 0 0 0 0
1.87 0 0 0 0
1.87667 0 0 0 0
1.88333 0 0 0 0
1.89 0 0 0 0
1.89667 0 0 0 0
1.90333 0 0 0 0
1.91 0 0 0 0
1.91667 0 0 0 0
1.92333 0 0 0 0
1.93 0 0 0 0
1.93667 0 0 0 0
1.94333 0 0 0 0
1.95 0 0 0 0
1.95667 0 0 0 0
1.96333 0 0 0 0
1.97 0 0 0 0
1.97667 0 0 0 0
1.98333 0 0 0 0
1.99 0 0 0 0
1.99667 0 0 0 0
