0.00333333 17 60 11 6
0.01 6 74 8 4
0.0166667 33 87 13 2
0.0233333 19 110 17 3
0.03 39 88 25 5
0.0366667 24 120 19 5
0.0433333 39 160 30 7
0.05 43 200 31 11
0.0566667 62 206 33 12
0.0633333 64 245 31 8
0.07 68 267 46 14
0.0766667 58 278 38 12
0.0833333 66 301 59 14
0.09 58 309 47 17
0.0966667 56 271 37 11
0.103333 75 266 31 15
0.11 57 270 31 16
0.116667 66 323 32 13
0.123333 62 294 33 7
0.13 59 272 35 16
0.136667 46 300 33 15
0.143333 52 255 30 9
0.15 68 261 33 11
0.156667 68 237 22 8
0.163333 49 232 23 9
0.17 55 243 33 15
0.176667 40 232 32 11
0.183333 66 264 30 12
0.19 44 241 29 7
0.196667 52 270 23 12
0.203333 54 241 24 8
0.21 48 242 27 10
0.216667 38 232 21 7
0.223333 32 231 20 17
0.23 39 210 27 10
0.236667 41 203 25 15
0.243333 33 173 19 13
0.25 36 179 23 7
0.256667 31 163 14 5
0.263333 36 165 24 9
0.27 30 147 26 3
0.276667 35 150 17 5
0.283333 33 150 13 9
0.29 30 145 9 4
0.296667 33 138 13 6
0.303333 27 141 19 10
0.31 30 103 17 8
0.316667 36 138 17 15
0.323333 30 120 8 6
0.33 38 111 12 5
0.336667 19 106 8 7
0.343333 25 91 14 3
0.35 21 104 13 11
0.356667 24 100 11 0
0.363333 22 100 19 3
0.37 33 97 7 8
0.376667 25 91 16 6
0.383333 19 92 10 1
0.39 22 101 16 6
0.396667 18 83 10 3
0.403333 21 85 8 6
0.41 21 108 13 4
0.416667 19 85 16 7
0.423333 24 91 12 5
0.43 14 101 9 4
0.436667 33 94 8 6
0.443333 21 102 7 7
0.45 19 87 9 6
0.456667 16 85 11 5
0.463333 25 80 16 2
0.47 21 86 8 2
0.476667 20 69 9 3
0.483333 16 56 8 4
0.49 8 55 9 3
0.496667 16 48 5 5
0.503333 14 36 8 3
0.51 7 61 7 4
0.516667 12 42 5 3
0.523333 13 40 8 2
0.53 10 35 2 3
0.536667 17 40 4 4
0.543333 18 41 4 0
0.55 12 33 9 3
0.556667 11 38 14 5
0.563333 18 35 5 2
0.57 5 40 7 2
0.576667 13 35 6 7
0.583333 13 49 10 4
0.59 15 51 7 5
0.596667 6 31 9 5
0.603333 19 39 8 3
0.61 12 35 4 5
0.616667 9 31 2 5
0.623333 14 30 7 2
0.63 8 42 5 0
0.636667 14 45 4 3
0.643333 7 30 1 2
0.65 8 36 6 4
0.656667 5 33 6 6
0.663333 532 3170 171 113
0.67 0 0 0 0
0.676667 0 0 0 0
0.683333 0 0 0 0
0.69 0 0 0 0
0.696667 0 0 0 0
0.703333 0 0 0 0
0.71 0 0 0 0
0.716667 0 0 0 0
0.723333 0 0 0 0
0.73 0 0 0 0
0.736667 0 0 0 0
0.743333 0 0 0 0
0.75 0 0 0 0
0.756667 0 0 0 0
0.763333 0 0 0 0
0.77 0 0 0 0
0.776667 0 0 0 0
0.783333 0 0 0 0
0.79 0 0 0 0
0.796667 0 0 0 0
0.803333 0 0 0 0
0.81 0 0 0 0
0.816667 0 0 0 0
0.823333 0 0 0 0
0.83 0 0 0 0
0.836667 0 0 0 0
0.843333 0 0 0 0
0.85 0 0 0 0
0.856667 0 0 0 0
0.863333 0 0 0 0
0.87 0 0 0 0
0.876667 0 0 0 0
0.883333 0 0 0 0
0.89 0 0 0 0
0.896667 0 0 0 0
0.903333 0 0 0 0
0.91 0 0 0 0
0.916667 0 0 0 0
0.923333 0 0 0 0
0.93 0 0 0 0
0.936667 0 0 0 0
0.943333 0 0 0 0
0.95 0 0 0 0
0.956667 0 0 0 0
0.963333 0 0 0 0
0.97 0 0 0 0
0.976667 0 0 0 0
0.983333 0 0 0 0
0.99 0 0 0 0
0.996667 0 0 0 0
1.00333 0 0 0 0
1.01 0 0 0 0
1.01667 0 0 0 0
1.02333 0 0 0 0
1.03 0 0 0 0
1.03667 0 0 0 0
1.04333 0 0 0 0
1.05 0 0 0 0
1.05667 0 0 0 0
1.06333 0 0 0 0
1.07 0 0 0 0
1.07667 0 0 0 0
1.08333 0 0 0 0
1.09 0 0 0 0
1.09667 0 0 0 0
1.10333 0 0 0 0
1.11 0 0 0 0
1.11667 0 0 0 0
1.12333 0 0 0 0
1.13 0 0 0 0
1.13667 0 0 0 0
1.14333 0 0 0 0
1.15 0 0 0 0
1.15667 0 0 0 0
1.16333 0 0 0 0
1.17 0 0 0 0
1.17667 0 0 0 0
1.18333 0 0 0 0
1.19 0 0 0 0
1.19667 0 0 0 0
1.20333 0 0 0 0
1.21 0 0 0 0
1.21667 0 0 0 0
1.22333 0 0 0 0
1.23 0 0 0 0
1.23667 0 0 0 0
1.24333 0 0 0 0
1.25 0 0 0 0
1.25667 0 0 0 0
1.26333 0 0 0 0
1.27 0 0 0 0
1.27667 0 0 0 0
1.28333 0 0 0 0
1.29 0 0 0 0
1.29667 0 0 0 0
1.30333 0 0 0 0
1.31 0 0 0 0
1.31667 0 0 0 0
1.32333 0 0 0 0
1.33 0 0 0 0
1.33667 0 0 0 0
1.34333 0 0 0 0
1.35 0 0 0 0
1.35667 0 0 0 0
1.36333 0 0 0 0
1.37 0 0 0 0
1.37667 0 0 0 0
1.38333 0 0 0 0
1.39 0 0 0 0
1.39667 0 0 0 0
1.40333 0 0 0 0
1.41 0 0 0 0
1.41667 0 0 0 0
1.42333 0 0 0 0
1.43 0 0 0 0
1.43667 0 0 0 0
1.44333 0 0 0 0
1.45 0 0 0 0
1.45667 0 0 0 0
1.46333 0 0 0 0
1.47 0 0 0 0
1.47667 0 0 0 0
1.48333 0 0 0 0
1.49 0 0 0 0
1.49667 0 0 0 0
1.50333 0 0 0 0
1.51 0 0 0 0
1.51667 0 0 0 0
1.52333 0 0 0 0
1.53 0 0 0 0
1.53667 0 0 0 0
1.54333 0 0 0 0
1.55 0 0 0 0
1.55667 0 0 0 0
1.56333 0 0 0 0
1.57 0 0 0 0
1.57667 0 0 0 0
1.58333 0 0 0 0
1.59 0 0 0 0
1.59667 0 0 0 0
1.60333 0 0 0 0
1.61 0 0 0 0
1.61667 0 0 0 0
1.62333 0 0 0 0
1.63 0 0 0 0
1.63667 0 0 0 0
1.64333 0 0 0 0
1.65 0 0 0 0
1.65667 0 0 0 0
1.66333 0 0 0 0
1.67 0 0 0 0
1.67667 0 0 0 0
1.68333 0 0 0 0
1.69 0 0 0 0
1.69667 0 0 0 0
1.70333 0 0 0 0
1.71 0 0 0 0
1.71667 0 0 0 0
1.72333 0 0 0 0
1.73 0 0 0 0
1.73667 0 0 0 0
1.74333 0 0 0 0
1.75 0 0 0 0
1.75667 0 0 0 0
1.76333 0 0 0 0
1.77 0 0 0 0
1.77667 0 0 0 0
1.78333 0 0 0 0
1.79 0 0 0 0
1.79667 0 0 0 0
1.80333 0 0 0 0
1.81 0 0 0 0
1.81667 0 0 0 0
1.82333 0 0 0 0
1.83 0 0 0 0
1.83667 0 0 0 0
1.84333 0 0 0 0
1.85 0 0 0 0
1.85667 0 0 0 0
1.86333 0 0 0 0
1.87 0 0 0 0
1.87667 0 0 0 0
1.88333 0 0 0 0
1.89 0 0 0 0
1.89667 0 0 0 0
1.90333 0 0 0 0
1.91 0 0 0 0
1.91667 0 0 0 0
1.92333 0 0 0 0
1.93 0 0 0 0
1.93667 0 0 0 0
1.94333 0 0 0 0
1.95 0 0 0 0
1.95667 0 0 0 0
1.96333 0 0 0 0
1.97 0 0 0 0
1.97667 0 0 0 0
1.98333 0 0 0 0
1.99 0 0 0 0
1.99667 0 0 0 0
