0.00333333 1 0 16 64
0.01 6 3 31 70
0.0166667 4 3 32 69
0.0233333 10 6 33 75
0.03 4 4 39 67
0.0366667 6 5 44 85
0.0433333 6 9 52 79
0.05 9 13 70 113
0.0566667 7 15 99 134
0.0633333 6 10 101 126
0.07 10 16 91 124
0.0766667 5 25 81 139
0.0833333 7 14 91 167
0.09 8 8 77 158
0.0966667 11 16 100 137
0.103333 9 19 93 153
0.11 12 14 101 148
0.116667 8 15 83 164
0.123333 10 16 91 158
0.13 7 10 75 161
0.136667 11 20 80 157
0.143333 5 8 81 135
0.15 9 15 65 141
0.156667 6 6 78 139
0.163333 5 10 55 137
0.17 13 9 49 121
0.176667 11 11 57 143
0.183333 10 10 61 182
0.19 18 11 64 218
0.196667 12 17 57 166
0.203333 12 13 59 196
0.21 16 10 45 164
0.216667 16 7 56 160
0.223333 17 11 55 141
0.23 11 11 50 124
0.236667 5 11 54 110
0.243333 10 9 47 131
0.25 16 8 41 144
0.256667 9 11 46 122
0.263333 11 11 38 109
0.27 3 7 46 110
0.276667 7 10 42 99
0.283333 7 8 35 101
0.29 10 8 51 94
0.296667 11 6 35 104
0.303333 5 3 40 84
0.31 12 9 50 100
0.316667 6 3 48 78
0.323333 8 8 38 111
0.33 4 12 22 80
0.336667 4 11 34 79
0.343333 6 11 28 82
0.35 4 9 39 70
0.356667 7 10 33 72
0.363333 9 7 26 76
0.37 9 4 30 75
0.376667 5 7 21 65
0.383333 6 5 21 77
0.39 7 5 24 82
0.396667 6 5 28 68
0.403333 8 3 34 72
0.41 9 6 23 66
0.416667 9 6 19 63
0.423333 7 6 21 68
0.43 3 6 22 62
0.436667 8 3 22 70
0.443333 10 5 24 81
0.45 5 4 23 74
0.456667 2 2 19 70
0.463333 10 3 25 74
0.47 4 3 28 65
0.476667 11 12 16 76
0.483333 2 2 19 33
0.49 5 1 21 30
0.496667 5 4 16 38
0.503333 2 4 16 27
0.51 5 3 17 27
0.516667 4 1 17 31
0.523333 2 0 8 25
0.53 3 1 10 22
0.536667 4 5 18 24
0.543333 3 2 16 17
0.55 4 1 9 25
0.556667 5 4 13 19
0.563333 4 2 19 31
0.57 2 2 10 26
0.576667 3 4 7 23
0.583333 7 3 12 21
0.59 5 4 12 24
0.596667 1 8 15 21
0.603333 3 4 14 15
0.61 4 4 19 19
0.616667 1 3 9 16
0.623333 6 5 7 16
0.63 3 8 19 19
0.636667 1 4 9 36
0.643333 3 4 10 16
0.65 2 1 13 19
0.656667 0 7 12 16
0.663333 274 107 405 3134
0.67 0 0 0 0
0.676667 0 0 0 0
0.683333 0 0 0 0
0.69 0 0 0 0
0.696667 0 0 0 0
0.703333 0 0 0 0
0.71 0 0 0 0
0.716667 0 0 0 0
0.723333 0 0 0 0
0.73 0 0 0 0
0.736667 0 0 0 0
0.743333 0 0 0 0
0.75 0 0 0 0
0.756667 0 0 0 0
0.763333 0 0 0 0
0.77 0 0 0 0
0.776667 0 0 0 0
0.783333 0 0 0 0
0.79 0 0 0 0
0.796667 0 0 0 0
0.803333 0 0 0 0
0.81 0 0 0 0
0.816667 0 0 0 0
0.823333 0 0 0 0
0.83 0 0 0 0
0.836667 0 0 0 0
0.843333 0 0 0 0
0.85 0 0 0 0
0.856667 0 0 0 0
0.863333 0 0 0 0
0.87 0 0 0 0
0.876667 0 0 0 0
0.883333 0 0 0 0
0.89 0 0 0 0
0.896667 0 0 0 0
0.903333 0 0 0 0
0.91 0 0 0 0
0.916667 0 0 0 0
0.923333 0 0 0 0
0.93 0 0 0 0
0.936667 0 0 0 0
0.943333 0 0 0 0
0.95 0 0 0 0
0.956667 0 0 0 0
0.963333 0 0 0 0
0.97 0 0 0 0
0.976667 0 0 0 0
0.983333 0 0 0 0
0.99 0 0 0 0
0.996667 0 0 0 0
1.00333 0 0 0 0
1.01 0 0 0 0
1.01667 0 0 0 0
1.02333 0 0 0 0
1.03 0 0 0 0
1.03667 0 0 0 0
1.04333 0 0 0 0
1.05 0 0 0 0
1.05667 0 0 0 0
1.06333 0 0 0 0
1.07 0 0 0 0
1.07667 0 0 0 0
1.08333 0 0 0 0
1.09 0 0 0 0
1.09667 0 0 0 0
1.10333 0 0 0 0
1.11 0 0 0 0
1.11667 0 0 0 0
1.12333 0 0 0 0
1.13 0 0 0 0
1.13667 0 0 0 0
1.14333 0 0 0 0
1.15 0 0 0 0
1.15667 0 0 0 0
1.16333 0 0 0 0
1.17 0 0 0 0
1.17667 0 0 0 0
1.18333 0 0 0 0
1.19 0 0 0 0
1.19667 0 0 0 0
1.20333 0 0 0 0
1.21 0 0 0 0
1.21667 0 0 0 0
1.22333 0 0 0 0
1.23 0 0 0 0
1.23667 0 0 0 0
1.24333 0 0 0 0
1.25 0 0 0 0
1.25667 0 0 0 0
1.26333 0 0 0 0
1.27 0 0 0 0
1.27667 0 0 0 0
1.28333 0 0 0 0
1.29 0 0 0 0
1.29667 0 0 0 0
1.30333 0 0 0 0
1.31 0 0 0 0
1.31667 0 0 0 0
1.32333 0 0 0 0
1.33 0 0 0 0
1.33667 0 0 0 0
1.34333 0 0 0 0
1.35 0 0 0 0
1.35667 0 0 0 0
1.36333 0 0 0 0
1.37 0 0 0 0
1.37667 0 0 0 0
1.38333 0 0 0 0
1.39 0 0 0 0
1.39667 0 0 0 0
1.40333 0 0 0 0
1.41 0 0 0 0
1.41667 0 0 0 0
1.42333 0 0 0 0
1.43 0 0 0 0
1.43667 0 0 0 0
1.44333 0 0 0 0
1.45 0 0 0 0
1.45667 0 0 0 0
1.46333 0 0 0 0
1.47 0 0 0 0
1.47667 0 0 0 0
1.48333 0 0 0 0
1.49 0 0 0 0
1.49667 0 0 0 0
1.50333 0 0 0 0
1.51 0 0 0 0
1.51667 0 0 0 0
1.52333 0 0 0 0
1.53 0 0 0 0
1.53667 0 0 0 0
1.54333 0 0 0 0
1.55 0 0 0 0
1.55667 0 0 0 0
1.56333 0 0 0 0
1.57 0 0 0 0
1.57667 0 0 0 0
1.58333 0 0 0 0
1.59 0 0 0 0
1.59667 0 0 0 0
1.60333 0 0 0 0
1.61 0 0 0 0
1.61667 0 0 0 0
1.62333 0 0 0 0
1.63 0 0 0 0
1.63667 0 0 0 0
1.64333 0 0 0 0
1.65 0 0 0 0
1.65667 0 0 0 0
1.66333 0 0 0 0
1.67 0 0 0 0
1.67667 0 0 0 0
1.68333 0 0 0 0
1.69 0 0 0 0
1.69667 0 0 0 0
1.70333 0 0 0 0
1.71 0 0 0 0
1.71667 0 0 0 0
1.72333 0 0 0 0
1.73 0 0 0 0
1.73667 0 0 0 0
1.74333 0 0 0 0
1.75 0 0 0 0
1.75667 0 0 0 0
1.76333 0 0 0 0
1.77 0 0 0 0
1.77667 0 0 0 0
1.78333 0 0 0 0
1.79 0 0 0 0
1.79667 0 0 0 0
1.80333 0 0 0 0
1.81 0 0 0 0
1.81667 0 0 0 0
1.82333 0 0 0 0
1.83 0 0 0 0
1.83667 0 0 0 0
1.84333 0 0 0 0
1.85 0 0 0 0
1.85667 0 0 0 0
1.86333 0 0 0 0
1.87 0 0 0 0
1.87667 0 0 0 0
1.88333 0 0 0 0
1.89 0 0 0 0
1.89667 0 0 0 0
1.90333 0 0 0 0
1.91 0 0 0 0
1.91667 0 0 0 0
1.92333 0 0 0 0
1.93 0 0 0 0
1.93667 0 0 0 0
1.94333 0 0 0 0
1.95 0 0 0 0
1.95667 0 0 0 0
1.96333 0 0 0 0
1.97 0 0 0 0
1.97667 0 0 0 0
1.98333 0 0 0 0
1.99 0 0 0 0
1.99667 0 0 0 0
