0.00333333 131 26 0 2
0.01 120 31 0 1
0.0166667 119 41 0 1
0.0233333 123 37 0 1
0.03 139 41 1 1
0.0366667 132 35 1 4
0.0433333 153 38 1 2
0.05 167 48 2 0
0.0566667 184 63 3 1
0.0633333 180 60 1 1
0.07 194 53 0 0
0.0766667 226 60 2 6
0.0833333 253 61 2 1
0.09 254 77 2 1
0.0966667 252 77 0 1
0.103333 282 56 1 1
0.11 260 76 1 4
0.116667 298 77 0 2
0.123333 282 80 6 4
0.13 314 61 1 4
0.136667 313 71 1 2
0.143333 277 82 0 3
0.15 291 63 0 2
0.156667 309 103 0 1
0.163333 279 69 1 1
0.17 286 63 1 3
0.176667 271 66 1 1
0.183333 357 59 0 4
0.19 396 67 1 4
0.196667 340 74 0 4
0.203333 326 69 2 4
0.21 357 79 1 4
0.216667 342 66 3 0
0.223333 332 68 4 4
0.23 288 50 2 2
0.236667 290 55 0 3
0.243333 287 63 3 3
0.25 250 68 2 3
0.256667 251 58 0 3
0.263333 217 58 2 2
0.27 225 45 1 1
0.276667 199 53 2 4
0.283333 230 45 1 5
0.29 212 60 0 3
0.296667 206 42 0 0
0.303333 186 36 0 1
0.31 192 43 1 2
0.316667 180 35 2 1
0.323333 182 38 1 3
0.33 169 45 0 0
0.336667 151 38 3 1
0.343333 156 35 1 4
0.35 161 36 1 3
0.356667 139 34 1 1
0.363333 153 41 0 2
0.37 139 37 0 1
0.376667 161 38 1 2
0.383333 157 38 0 1
0.39 178 29 1 2
0.396667 144 37 2 4
0.403333 151 33 4 2
0.41 125 32 0 0
0.416667 148 28 0 3
0.423333 122 30 1 2
0.43 139 30 1 0
0.436667 142 33 1 2
0.443333 134 30 0 3
0.45 133 36 0 3
0.456667 132 33 0 3
0.463333 137 42 1 2
0.47 146 35 0 1
0.476667 124 20 3 3
0.483333 81 23 0 1
0.49 76 25 0 1
0.496667 57 15 1 1
0.503333 74 19 0 1
0.51 72 18 0 1
0.516667 49 15 0 0
0.523333 59 17 1 0
0.53 54 19 0 2
0.536667 57 12 1 2
0.543333 60 26 1 1
0.55 58 13 0 2
0.556667 53 11 1 0
0.563333 45 16 0 1
0.57 47 16 0 1
0.576667 48 23 0 0
0.583333 40 20 0 0
0.59 59 17 0 1
0.596667 40 16 0 1
0.603333 36 11 0 2
0.61 41 20 1 2
0.616667 39 8 1 0
0.623333 32 11 0 1
0.63 27 13 0 0
0.636667 65 11 2 1
0.643333 37 17 1 2
0.65 39 10 0 2
0.656667 35 11 0 1
0.663333 6940 1238 6 82
0.67 0 0 0 0
0.676667 0 0 0 0
0.683333 0 0 0 0
0.69 0 0 0 0
0.696667 0 0 0 0
0.703333 0 0 0 0
0.71 0 0 0 0
0.716667 0 0 0 0
0.723333 0 0 0 0
0.73 0 0 0 0
0.736667 0 0 0 0
0.743333 0 0 0 0
0.75 0 0 0 0
0.756667 0 0 0 0
0.763333 0 0 0 0
0.77 0 0 0 0
0.776667 0 0 0 0
0.783333 0 0 0 0
0.79 0 0 0 0
0.796667 0 0 0 0
0.803333 0 0 0 0
0.81 0 0 0 0
0.816667 0 0 0 0
0.823333 0 0 0 0
0.83 0 0 0 0
0.836667 0 0 0 0
0.843333 0 0 0 0
0.85 0 0 0 0
0.856667 0 0 0 0
0.863333 0 0 0 0
0.87 0 0 0 0
0.876667 0 0 0 0
0.883333 0 0 0 0
0.89 0 0 0 0
0.896667 0 0 0 0
0.903333 0 0 0 0
0.91 0 0 0 0
0.916667 0 0 0 0
0.923333 0 0 0 0
0.93 0 0 0 0
0.936667 0 0 0 0
0.943333 0 0 0 0
0.95 0 0 0 0
0.956667 0 0 0 0
0.963333 0 0 0 0
0.97 0 0 0 0
0.976667 0 0 0 0
0.983333 0 0 0 0
0.99 0 0 0 0
0.996667 0 0 0 0
1.00333 0 0 0 0
1.01 0 0 0 0
1.01667 0 0 0 0
1.02333 0 0 0 0
1.03 0 0 0 0
1.03667 0 0 0 0
1.04333 0 0 0 0
1.05 0 0 0 0
1.05667 0 0 0 0
1.06333 0 0 0 0
1.07 0 0 0 0
1.07667 0 0 0 0
1.08333 0 0 0 0
1.09 0 0 0 0
1.09667 0 0 0 0
1.10333 0 0 0 0
1.11 0 0 0 0
1.11667 0 0 0 0
1.12333 0 0 0 0
1.13 0 0 0 0
1.13667 0 0 0 0
1.14333 0 0 0 0
1.15 0 0 0 0
1.15667 0 0 0 0
1.16333 0 0 0 0
1.17 0 0 0 0
1.17667 0 0 0 0
1.18333 0 0 0 0
1.19 0 0 0 0
1.19667 0 0 0 0
1.20333 0 0 0 0
1.21 0 0 0 0
1.21667 0 0 0 0
1.22333 0 0 0 0
1.23 0 0 0 0
1.23667 0 0 0 0
1.24333 0 0 0 0
1.25 0 0 0 0
1.25667 0 0 0 0
1.26333 0 0 0 0
1.27 0 0 0 0
1.27667 0 0 0 0
1.28333 0 0 0 0
1.29 0 0 0 0
1.29667 0 0 0 0
1.30333 0 0 0 0
1.31 0 0 0 0
1.31667 0 0 0 0
1.32333 0 0 0 0
1.33 0 0 0 0
1.33667 0 0 0 0
1.34333 0 0 0 0
1.35 0 0 0 0
1.35667 0 0 0 0
1.36333 0 0 0 0
1.37 0 0 0 0
1.37667 0 0 0 0
1.38333 0 0 0 0
1.39 0 0 0 0
1.39667 0 0 0 0
1.40333 0 0 0 0
1.41 0 0 0 0
1.41667 0 0 0 0
1.42333 0 0 0 0
1.43 0 0 0 0
1.43667 0 0 0 0
1.44333 0 0 0 0
1.45 0 0 0 0
1.45667 0 0 0 0
1.46333 0 0 0 0
1.47 0 0 0 0
1.47667 0 0 0 0
1.48333 0 0 0 0
1.49 0 0 0 0
1.49667 0 0 0 0
1.50333 0 0 0 0
1.51 0 0 0 0
1.51667 0 0 0 0
1.52333 0 0 0 0
1.53 0 0 0 0
1.53667 0 0 0 0
1.54333 0 0 0 0
1.55 0 0 0 0
1.55667 0 0 0 0
1.56333 0 0 0 0
1.57 0 0 0 0
1.57667 0 0 0 0
1.58333 0 0 0 0
1.59 0 0 0 0
1.59667 0 0 0 0
1.60333 0 0 0 0
1.61 0 0 0 0
1.61667 0 0 0 0
1.62333 0 0 0 0
1.63 0 0 0 0
1.63667 0 0 0 0
1.64333 0 0 0 0
1.65 0 0 0 0
1.65667 0 0 0 0
1.66333 0 0 0 0
1.67 0 0 0 0
1.67667 0 0 0 0
1.68333 0 0 0 0
1.69 0 0 0 0
1.69667 0 0 0 0
1.70333 0 0 0 0
1.71 0 0 0 0
1.71667 0 0 0 0
1.72333 0 0 0 0
1.73 0 0 0 0
1.73667 0 0 0 0
1.74333 0 0 0 0
1.75 0 0 0 0
1.75667 0 0 0 0
1.76333 0 0 0 0
1.77 0 0 0 0
1.77667 0 0 0 0
1.78333 0 0 0 0
1.79 0 0 0 0
1.79667 0 0 0 0
1.80333 0 0 0 0
1.81 0 0 0 0
1.81667 0 0 0 0
1.82333 0 0 0 0
1.83 0 0 0 0
1.83667 0 0 0 0
1.84333 0 0 0 0
1.85 0 0 0 0
1.85667 0 0 0 0
1.86333 0 0 0 0
1.87 0 0 0 0
1.87667 0 0 0 0
1.88333 0 0 0 0
1.89 0 0 0 0
1.89667 0 0 0 0
1.90333 0 0 0 0
1.91 0 0 0 0
1.91667 0 0 0 0
1.92333 0 0 0 0
1.93 0 0 0 0
1.93667 0 0 0 0
1.94333 0 0 0 0
1.95 0 0 0 0
1.95667 0 0 0 0
1.96333 0 0 0 0
1.97 0 0 0 0
1.97667 0 0 0 0
1.98333 0 0 0 0
1.99 0 0 0 0
1.99667 0 0 0 0
