0.00333333 7 40 14 12
0.01 10 37 24 17
0.0166667 11 39 29 11
0.0233333 7 45 29 21
0.03 17 42 32 13
0.0366667 11 58 31 18
0.0433333 15 64 46 24
0.05 14 78 76 27
0.0566667 23 94 71 39
0.0633333 20 95 80 27
0.07 27 114 74 32
0.0766667 22 83 73 32
0.0833333 20 110 76 37
0.09 25 112 78 33
0.0966667 16 95 96 34
0.103333 26 113 79 30
0.11 22 111 93 27
0.116667 25 116 85 35
0.123333 31 115 64 35
0.13 23 114 72 35
0.136667 14 101 57 26
0.143333 22 96 61 36
0.15 21 92 54 25
0.156667 22 126 49 33
0.163333 16 71 48 32
0.17 17 96 54 39
0.176667 25 104 52 25
0.183333 22 112 67 26
0.19 22 121 61 32
0.196667 13 102 49 34
0.203333 11 118 47 29
0.21 32 103 45 24
0.216667 18 73 44 23
0.223333 18 80 38 27
0.23 20 88 53 31
0.236667 19 65 33 27
0.243333 14 74 27 24
0.25 12 77 41 21
0.256667 10 59 60 9
0.263333 17 68 47 28
0.27 8 72 38 15
0.276667 17 64 30 9
0.283333 12 67 29 18
0.29 8 70 31 14
0.296667 10 63 29 17
0.303333 15 61 26 20
0.31 13 56 32 12
0.316667 11 55 43 17
0.323333 8 61 35 9
0.33 15 57 26 15
0.336667 9 52 36 10
0.343333 15 43 25 10
0.35 12 52 25 28
0.356667 12 46 21 13
0.363333 12 51 24 9
0.37 15 44 28 13
0.376667 11 39 30 14
0.383333 7 52 23 14
0.39 16 44 14 17
0.396667 10 38 17 12
0.403333 7 49 18 10
0.41 9 37 25 11
0.416667 15 43 16 12
0.423333 5 50 23 12
0.43 8 45 19 8
0.436667 12 34 29 20
0.443333 9 51 21 16
0.45 12 40 23 14
0.456667 4 48 15 15
0.463333 12 39 19 15
0.47 8 38 20 21
0.476667 3 35 12 11
0.483333 8 23 13 12
0.49 2 27 15 10
0.496667 12 25 20 7
0.503333 10 25 14 9
0.51 3 18 13 5
0.516667 5 24 15 6
0.523333 5 21 9 7
0.53 9 20 12 13
0.536667 7 31 13 5
0.543333 8 24 14 9
0.55 2 23 9 3
0.556667 4 18 14 8
0.563333 6 22 14 7
0.57 3 15 14 9
0.576667 11 24 17 10
0.583333 6 17 10 6
0.59 5 23 12 6
0.596667 4 14 14 6
0.603333 4 12 9 8
0.61 7 26 11 7
0.616667 6 18 15 6
0.623333 10 22 10 4
0.63 3 25 10 5
0.636667 2 20 13 9
0.643333 7 18 14 5
0.65 5 17 8 6
0.656667 4 20 4 6
0.663333 228 1315 412 323
0.67 0 0 0 0
0.676667 0 0 0 0
0.683333 0 0 0 0
0.69 0 0 0 0
0.696667 0 0 0 0
0.703333 0 0 0 0
0.71 0 0 0 0
0.716667 0 0 0 0
0.723333 0 0 0 0
0.73 0 0 0 0
0.736667 0 0 0 0
0.743333 0 0 0 0
0.75 0 0 0 0
0.756667 0 0 0 0
0.763333 0 0 0 0
0.77 0 0 0 0
0.776667 0 0 0 0
0.783333 0 0 0 0
0.79 0 0 0 0
0.796667 0 0 0 0
0.803333 0 0 0 0
0.81 0 0 0 0
0.816667 0 0 0 0
0.823333 0 0 0 0
0.83 0 0 0 0
0.836667 0 0 0 0
0.843333 0 0 0 0
0.85 0 0 0 0
0.856667 0 0 0 0
0.863333 0 0 0 0
0.87 0 0 0 0
0.876667 0 0 0 0
0.883333 0 0 0 0
0.89 0 0 0 0
0.896667 0 0 0 0
0.903333 0 0 0 0
0.91 0 0 0 0
0.916667 0 0 0 0
0.923333 0 0 0 0
0.93 0 0 0 0
0.936667 0 0 0 0
0.943333 0 0 0 0
0.95 0 0 0 0
0.956667 0 0 0 0
0.963333 0 0 0 0
0.97 0 0 0 0
0.976667 0 0 0 0
0.983333 0 0 0 0
0.99 0 0 0 0
0.996667 0 0 0 0
1.00333 0 0 0 0
1.01 0 0 0 0
1.01667 0 0 0 0
1.02333 0 0 0 0
1.03 0 0 0 0
1.03667 0 0 0 0
1.04333 0 0 0 0
1.05 0 0 0 0
1.05667 0 0 0 0
1.06333 0 0 0 0
1.07 0 0 0 0
1.07667 0 0 0 0
1.08333 0 0 0 0
1.09 0 0 0 0
1.09667 0 0 0 0
1.10333 0 0 0 0
1.11 0 0 0 0
1.11667 0 0 0 0
1.12333 0 0 0 0
1.13 0 0 0 0
1.13667 0 0 0 0
1.14333 0 0 0 0
1.15 0 0 0 0
1.15667 0 0 0 0
1.16333 0 0 0 0
1.17 0 0 0 0
1.17667 0 0 0 0
1.18333 0 0 0 0
1.19 0 0 0 0
1.19667 0 0 0 0
1.20333 0 0 0 0
1.21 0 0 0 0
1.21667 0 0 0 0
1.22333 0 0 0 0
1.23 0 0 0 0
1.23667 0 0 0 0
1.24333 0 0 0 0
1.25 0 0 0 0
1.25667 0 0 0 0
1.26333 0 0 0 0
1.27 0 0 0 0
1.27667 0 0 0 0
1.28333 0 0 0 0
1.29 0 0 0 0
1.29667 0 0 0 0
1.30333 0 0 0 0
1.31 0 0 0 0
1.31667 0 0 0 0
1.32333 0 0 0 0
1.33 0 0 0 0
1.33667 0 0 0 0
1.34333 0 0 0 0
1.35 0 0 0 0
1.35667 0 0 0 0
1.36333 0 0 0 0
1.37 0 0 0 0
1.37667 0 0 0 0
1.38333 0 0 0 0
1.39 0 0 0 0
1.39667 0 0 0 0
1.40333 0 0 0 0
1.41 0 0 0 0
1.41667 0 0 0 0
1.42333 0 0 0 0
1.43 0 0 0 0
1.43667 0 0 0 0
1.44333 0 0 0 0
1.45 0 0 0 0
1.45667 0 0 0 0
1.46333 0 0 0 0
1.47 0 0 0 0
1.47667 0 0 0 0
1.48333 0 0 0 0
1.49 0 0 0 0
1.49667 0 0 0 0
1.50333 0 0 0 0
1.51 0 0 0 0
1.51667 0 0 0 0
1.52333 0 0 0 0
1.53 0 0 0 0
1.53667 0 0 0 0
1.54333 0 0 0 0
1.55 0 0 0 0
1.55667 0 0 0 0
1.56333 0 0 0 0
1.57 0 0 0 0
1.57667 0 0 0 0
1.58333 0 0 0 0
1.59 0 0 0 0
1.59667 0 0 0 0
1.60333 0 0 0 0
1.61 0 0 0 0
1.61667 0 0 0 0
1.62333 0 0 0 0
1.63 0 0 0 0
1.63667 0 0 0 0
1.64333 0 0 0 0
1.65 0 0 0 0
1.65667 0 0 0 0
1.66333 0 0 0 0
1.67 0 0 0 0
1.67667 0 0 0 0
1.68333 0 0 0 0
1.69 0 0 0 0
1.69667 0 0 0 0
1.70333 0 0 0 0
1.71 0 0 0 0
1.71667 0 0 0 0
1.72333 0 0 0 0
1.73 0 0 0 0
1.73667 0 0 0 0
1.74333 0 0 0 0
1.75 0 0 0 0
1.75667 0 0 0 0
1.76333 0 0 0 0
1.77 0 0 0 0
1.77667 0 0 0 0
1.78333 0 0 0 0
1.79 0 0 0 0
1.79667 0 0 0 0
1.80333 0 0 0 0
1.81 0 0 0 0
1.81667 0 0 0 0
1.82333 0 0 0 0
1.83 0 0 0 0
1.83667 0 0 0 0
1.84333 0 0 0 0
1.85 0 0 0 0
1.85667 0 0 0 0
1.86333 0 0 0 0
1.87 0 0 0 0
1.87667 0 0 0 0
1.88333 0 0 0 0
1.89 0 0 0 0
1.89667 0 0 0 0
1.90333 0 0 0 0
1.91 0 0 0 0
1.91667 0 0 0 0
1.92333 0 0 0 0
1.93 0 0 0 0
1.93667 0 0 0 0
1.94333 0 0 0 0
1.95 0 0 0 0
1.95667 0 0 0 0
1.96333 0 0 0 0
1.97 0 0 0 0
1.97667 0 0 0 0
1.98333 0 0 0 0
1.99 0 0 0 0
1.99667 0 0 0 0
