0.00333333 11 18 16 2
0.01 13 24 21 2
0.0166667 13 34 12 5
0.0233333 20 26 26 6
0.03 19 49 21 4
0.0366667 17 49 34 8
0.0433333 18 68 48 7
0.05 38 89 52 11
0.0566667 32 103 49 14
0.0633333 35 94 51 11
0.07 41 108 64 13
0.0766667 42 127 51 6
0.0833333 41 117 56 14
0.09 53 97 67 17
0.0966667 40 113 58 9
0.103333 44 99 63 17
0.11 47 103 48 13
0.116667 47 115 71 15
0.123333 36 96 65 9
0.13 34 78 57 13
0.136667 30 79 48 8
0.143333 35 100 48 9
0.15 25 81 45 12
0.156667 31 76 39 11
0.163333 28 82 57 17
0.17 39 69 57 10
0.176667 25 68 37 8
0.183333 40 66 43 12
0.19 23 64 52 12
0.196667 30 79 51 7
0.203333 22 62 45 7
0.21 28 64 38 13
0.216667 24 67 39 15
0.223333 28 62 44 6
0.23 29 45 35 9
0.236667 18 50 41 3
0.243333 23 58 36 6
0.25 16 46 39 6
0.256667 19 45 34 5
0.263333 18 41 31 9
0.27 23 38 27 6
0.276667 15 61 40 4
0.283333 17 52 34 8
0.29 15 42 31 8
0.296667 17 39 26 6
0.303333 13 36 34 2
0.31 26 44 36 5
0.316667 9 42 24 3
0.323333 19 47 23 6
0.33 9 41 23 5
0.336667 15 33 24 7
0.343333 6 32 18 7
0.35 13 38 26 6
0.356667 15 36 22 7
0.363333 5 37 16 3
0.37 19 39 17 5
0.376667 9 25 18 2
0.383333 14 34 21 3
0.39 17 39 19 3
0.396667 17 34 15 2
0.403333 14 25 24 6
0.41 14 21 22 5
0.416667 15 34 17 3
0.423333 7 26 18 3
0.43 9 28 18 5
0.436667 11 32 18 7
0.443333 16 25 18 1
0.45 14 29 14 6
0.456667 12 23 20 5
0.463333 17 28 13 5
0.47 10 22 15 4
0.476667 15 21 11 5
0.483333 11 22 13 6
0.49 7 13 15 4
0.496667 10 17 18 4
0.503333 6 25 18 0
0.51 8 17 20 0
0.516667 10 11 13 5
0.523333 4 19 13 3
0.53 10 13 11 2
0.536667 7 20 14 3
0.543333 7 17 14 5
0.55 5 10 10 3
0.556667 4 9 13 2
0.563333 9 13 9 3
0.57 10 12 16 4
0.576667 10 14 9 2
0.583333 7 6 5 6
0.59 6 7 4 2
0.596667 5 13 16 2
0.603333 3 18 11 4
0.61 3 8 8 4
0.616667 10 11 6 4
0.623333 10 15 7 3
0.63 9 14 7 4
0.636667 7 9 5 1
0.643333 6 9 6 1
0.65 8 15 5 3
0.656667 4 16 7 6
0.663333 233 450 380 63
0.67 0 0 0 0
0.676667 0 0 0 0
0.683333 0 0 0 0
0.69 0 0 0 0
0.696667 0 0 0 0
0.703333 0 0 0 0
0.71 0 0 0 0
0.716667 0 0 0 0
0.723333 0 0 0 0
0.73 0 0 0 0
0.736667 0 0 0 0
0.743333 0 0 0 0
0.75 0 0 0 0
0.756667 0 0 0 0
0.763333 0 0 0 0
0.77 0 0 0 0
0.776667 0 0 0 0
0.783333 0 0 0 0
0.79 0 0 0 0
0.796667 0 0 0 0
0.803333 0 0 0 0
0.81 0 0 0 0
0.816667 0 0 0 0
0.823333 0 0 0 0
0.83 0 0 0 0
0.836667 0 0 0 0
0.843333 0 0 0 0
0.85 0 0 0 0
0.856667 0 0 0 0
0.863333 0 0 0 0
0.87 0 0 0 0
0.876667 0 0 0 0
0.883333 0 0 0 0
0.89 0 0 0 0
0.896667 0 0 0 0
0.903333 0 0 0 0
0.91 0 0 0 0
0.916667 0 0 0 0
0.923333 0 0 0 0
0.93 0 0 0 0
0.936667 0 0 0 0
0.943333 0 0 0 0
0.95 0 0 0 0
0.956667 0 0 0 0
0.963333 0 0 0 0
0.97 0 0 0 0
0.976667 0 0 0 0
0.983333 0 0 0 0
0.99 0 0 0 0
0.996667 0 0 0 0
1.00333 0 0 0 0
1.01 0 0 0 0
1.01667 0 0 0 0
1.02333 0 0 0 0
1.03 0 0 0 0
1.03667 0 0 0 0
1.04333 0 0 0 0
1.05 0 0 0 0
1.05667 0 0 0 0
1.06333 0 0 0 0
1.07 0 0 0 0
1.07667 0 0 0 0
1.08333 0 0 0 0
1.09 0 0 0 0
1.09667 0 0 0 0
1.10333 0 0 0 0
1.11 0 0 0 0
1.11667 0 0 0 0
1.12333 0 0 0 0
1.13 0 0 0 0
1.13667 0 0 0 0
1.14333 0 0 0 0
1.15 0 0 0 0
1.15667 0 0 0 0
1.16333 0 0 0 0
1.17 0 0 0 0
1.17667 0 0 0 0
1.18333 0 0 0 0
1.19 0 0 0 0
1.19667 0 0 0 0
1.20333 0 0 0 0
1.21 0 0 0 0
1.21667 0 0 0 0
1.22333 0 0 0 0
1.23 0 0 0 0
1.23667 0 0 0 0
1.24333 0 0 0 0
1.25 0 0 0 0
1.25667 0 0 0 0
1.26333 0 0 0 0
1.27 0 0 0 0
1.27667 0 0 0 0
1.28333 0 0 0 0
1.29 0 0 0 0
1.29667 0 0 0 0
1.30333 0 0 0 0
1.31 0 0 0 0
1.31667 0 0 0 0
1.32333 0 0 0 0
1.33 0 0 0 0
1.33667 0 0 0 0
1.34333 0 0 0 0
1.35 0 0 0 0
1.35667 0 0 0 0
1.36333 0 0 0 0
1.37 0 0 0 0
1.37667 0 0 0 0
1.38333 0 0 0 0
1.39 0 0 0 0
1.39667 0 0 0 0
1.40333 0 0 0 0
1.41 0 0 0 0
1.41667 0 0 0 0
1.42333 0 0 0 0
1.43 0 0 0 0
1.43667 0 0 0 0
1.44333 0 0 0 0
1.45 0 0 0 0
1.45667 0 0 0 0
1.46333 0 0 0 0
1.47 0 0 0 0
1.47667 0 0 0 0
1.48333 0 0 0 0
1.49 0 0 0 0
1.49667 0 0 0 0
1.50333 0 0 0 0
1.51 0 0 0 0
1.51667 0 0 0 0
1.52333 0 0 0 0
1.53 0 0 0 0
1.53667 0 0 0 0
1.54333 0 0 0 0
1.55 0 0 0 0
1.55667 0 0 0 0
1.56333 0 0 0 0
1.57 0 0 0 0
1.57667 0 0 0 0
1.58333 0 0 0 0
1.59 0 0 0 0
1.59667 0 0 0 0
1.60333 0 0 0 0
1.61 0 0 0 0
1.61667 0 0 0 0
1.62333 0 0 0 0
1.63 0 0 0 0
1.63667 0 0 0 0
1.64333 0 0 0 0
1.65 0 0 0 0
1.65667 0 0 0 0
1.66333 0 0 0 0
1.67 0 0 0 0
1.67667 0 0 0 0
1.68333 0 0 0 0
1.69 0 0 0 0
1.69667 0 0 0 0
1.70333 0 0 0 0
1.71 0 0 0 0
1.71667 0 0 0 0
1.72333 0 0 0 0
1.73 0 0 0 0
1.73667 0 0 0 0
1.74333 0 0 0 0
1.75 0 0 0 0
1.75667 0 0 0 0
1.76333 0 0 0 0
1.77 0 0 0 0
1.77667 0 0 0 0
1.78333 0 0 0 0
1.79 0 0 0 0
1.79667 0 0 0 0
1.80333 0 0 0 0
1.81 0 0 0 0
1.81667 0 0 0 0
1.82333 0 0 0 0
1.83 0 0 0 0
1.83667 0 0 0 0
1.84333 0 0 0 0
1.85 0 0 0 0
1.85667 0 0 0 0
1.86333 0 0 0 0
1.87 0 0 0 0
1.87667 0 0 0 0
1.88333 0 0 0 0
1.89 0 0 0 0
1.89667 0 0 0 0
1.90333 0 0 0 0
1.91 0 0 0 0
1.91667 0 0 0 0
1.92333 0 0 0 0
1.93 0 0 0 0
1.93667 0 0 0 0
1.94333 0 0 0 0
1.95 0 0 0 0
1.95667 0 0 0 0
1.96333 0 0 0 0
1.97 0 0 0 0
1.97667 0 0 0 0
1.98333 0 0 0 0
1.99 0 0 0 0
1.99667 0 0 0 0
