0.00333333 0 2 176 13
0.01 1 4 179 10
0.0166667 1 3 191 20
0.0233333 1 4 181 21
0.03 1 2 172 16
0.0366667 2 4 198 26
0.0433333 1 3 210 40
0.05 2 6 296 40
0.0566667 5 8 276 67
0.0633333 2 10 306 66
0.07 3 12 326 66
0.0766667 0 7 338 60
0.0833333 3 14 375 56
0.09 0 10 386 70
0.0966667 3 11 388 53
0.103333 2 12 324 54
0.11 1 15 373 73
0.116667 3 5 385 56
0.123333 1 13 407 50
0.13 1 12 406 56
0.136667 1 4 381 43
0.143333 2 6 422 38
0.15 3 11 435 41
0.156667 0 10 447 40
0.163333 0 14 408 54
0.17 1 6 407 41
0.176667 1 8 389 38
0.183333 1 11 512 33
0.19 0 11 677 31
0.196667 1 7 636 38
0.203333 0 7 598 25
0.21 3 8 549 32
0.216667 4 5 515 37
0.223333 2 4 450 31
0.23 1 13 404 29
0.236667 1 10 406 32
0.243333 3 3 352 31
0.25 4 10 345 28
0.256667 2 6 317 26
0.263333 4 7 293 23
0.27 1 7 284 34
0.276667 0 4 247 30
0.283333 1 4 280 18
0.29 0 8 250 27
0.296667 1 7 247 19
0.303333 2 4 222 28
0.31 1 4 259 33
0.316667 3 3 239 19
0.323333 2 5 217 27
0.33 0 4 254 27
0.336667 2 1 197 28
0.343333 3 3 180 20
0.35 2 4 202 22
0.356667 1 3 218 16
0.363333 0 3 200 21
0.37 1 5 179 18
0.376667 1 3 185 15
0.383333 0 2 175 16
0.39 0 0 188 19
0.396667 0 5 197 27
0.403333 1 5 185 20
0.41 0 5 178 25
0.416667 1 4 169 15
0.423333 1 3 204 18
0.43 0 2 193 31
0.436667 0 2 186 25
0.443333 1 4 149 18
0.45 1 2 193 17
0.456667 2 2 204 22
0.463333 0 2 183 17
0.47 3 5 191 22
0.476667 0 2 164 9
0.483333 1 5 99 10
0.49 0 3 90 13
0.496667 0 1 71 20
0.503333 1 3 70 10
0.51 1 4 68 12
0.516667 0 5 68 8
0.523333 1 1 63 9
0.53 0 2 53 10
0.536667 0 1 58 11
0.543333 0 2 57 12
0.55 0 3 53 10
0.556667 1 3 51 10
0.563333 1 5 47 7
0.57 0 1 61 8
0.576667 3 1 51 12
0.583333 0 2 52 4
0.59 1 1 54 8
0.596667 0 1 39 7
0.603333 0 3 42 4
0.61 1 2 40 15
0.616667 0 2 43 10
0.623333 0 1 45 5
0.63 1 1 45 7
0.636667 2 0 76 8
0.643333 1 6 39 5
0.65 1 2 43 15
0.656667 0 3 40 7
0.663333 4 57 10851 290
0.67 0 0 0 0
0.676667 0 0 0 0
0.683333 0 0 0 0
0.69 0 0 0 0
0.696667 0 0 0 0
0.703333 0 0 0 0
0.71 0 0 0 0
0.716667 0 0 0 0
0.723333 0 0 0 0
0.73 0 0 0 0
0.736667 0 0 0 0
0.743333 0 0 0 0
0.75 0 0 0 0
0.756667 0 0 0 0
0.763333 0 0 0 0
0.77 0 0 0 0
0.776667 0 0 0 0
0.783333 0 0 0 0
0.79 0 0 0 0
0.796667 0 0 0 0
0.803333 0 0 0 0
0.81 0 0 0 0
0.816667 0 0 0 0
0.823333 0 0 0 0
0.83 0 0 0 0
0.836667 0 0 0 0
0.843333 0 0 0 0
0.85 0 0 0 0
0.856667 0 0 0 0
0.863333 0 0 0 0
0.87 0 0 0 0
0.876667 0 0 0 0
0.883333 0 0 0 0
0.89 0 0 0 0
0.896667 0 0 0 0
0.903333 0 0 0 0
0.91 0 0 0 0
0.916667 0 0 0 0
0.923333 0 0 0 0
0.93 0 0 0 0
0.936667 0 0 0 0
0.943333 0 0 0 0
0.95 0 0 0 0
0.956667 0 0 0 0
0.963333 0 0 0 0
0.97 0 0 0 0
0.976667 0 0 0 0
0.983333 0 0 0 0
0.99 0 0 0 0
0.996667 0 0 0 0
1.00333 0 0 0 0
1.01 0 0 0 0
1.01667 0 0 0 0
1.02333 0 0 0 0
1.03 0 0 0 0
1.03667 0 0 0 0
1.04333 0 0 0 0
1.05 0 0 0 0
1.05667 0 0 0 0
1.06333 0 0 0 0
1.07 0 0 0 0
1.07667 0 0 0 0
1.08333 0 0 0 0
1.09 0 0 0 0
1.09667 0 0 0 0
1.10333 0 0 0 0
1.11 0 0 0 0
1.11667 0 0 0 0
1.12333 0 0 0 0
1.13 0 0 0 0
1.13667 0 0 0 0
1.14333 0 0 0 0
1.15 0 0 0 0
1.15667 0 0 0 0
1.16333 0 0 0 0
1.17 0 0 0 0
1.17667 0 0 0 0
1.18333 0 0 0 0
1.19 0 0 0 0
1.19667 0 0 0 0
1.20333 0 0 0 0
1.21 0 0 0 0
1.21667 0 0 0 0
1.22333 0 0 0 0
1.23 0 0 0 0
1.23667 0 0 0 0
1.24333 0 0 0 0
1.25 0 0 0 0
1.25667 0 0 0 0
1.26333 0 0 0 0
1.27 0 0 0 0
1.27667 0 0 0 0
1.28333 0 0 0 0
1.29 0 0 0 0
1.29667 0 0 0 0
1.30333 0 0 0 0
1.31 0 0 0 0
1.31667 0 0 0 0
1.32333 0 0 0 0
1.33 0 0 0 0
1.33667 0 0 0 0
1.34333 0 0 0 0
1.35 0 0 0 0
1.35667 0 0 0 0
1.36333 0 0 0 0
1.37 0 0 0 0
1.37667 0 0 0 0
1.38333 0 0 0 0
1.39 0 0 0 0
1.39667 0 0 0 0
1.40333 0 0 0 0
1.41 0 0 0 0
1.41667 0 0 0 0
1.42333 0 0 0 0
1.43 0 0 0 0
1.43667 0 0 0 0
1.44333 0 0 0 0
1.45 0 0 0 0
1.45667 0 0 0 0
1.46333 0 0 0 0
1.47 0 0 0 0
1.47667 0 0 0 0
1.48333 0 0 0 0
1.49 0 0 0 0
1.49667 0 0 0 0
1.50333 0 0 0 0
1.51 0 0 0 0
1.51667 0 0 0 0
1.52333 0 0 0 0
1.53 0 0 0 0
1.53667 0 0 0 0
1.54333 0 0 0 0
1.55 0 0 0 0
1.55667 0 0 0 0
1.56333 0 0 0 0
1.57 0 0 0 0
1.57667 0 0 0 0
1.58333 0 0 0 0
1.59 0 0 0 0
1.59667 0 0 0 0
1.60333 0 0 0 0
1.61 0 0 0 0
1.61667 0 0 0 0
1.62333 0 0 0 0
1.63 0 0 0 0
1.63667 0 0 0 0
1.64333 0 0 0 0
1.65 0 0 0 0
1.65667 0 0 0 0
1.66333 0 0 0 0
1.67 0 0 0 0
1.67667 0 0 0 0
1.68333 0 0 0 0
1.69 0 0 0 0
1.69667 0 0 0 0
1.70333 0 0 0 0
1.71 0 0 0 0
1.71667 0 0 0 0
1.72333 0 0 0 0
1.73 0 0 0 0
1.73667 0 0 0 0
1.74333 0 0 0 0
1.75 0 0 0 0
1.75667 0 0 0 0
1.76333 0 0 0 0
1.77 0 0 0 0
1.77667 0 0 0 0
1.78333 0 0 0 0
1.79 0 0 0 0
1.79667 0 0 0 0
1.80333 0 0 0 0
1.81 0 0 0 0
1.81667 0 0 0 0
1.82333 0 0 0 0
1.83 0 0 0 0
1.83667 0 0 0 0
1.84333 0 0 0 0
1.85 0 0 0 0
1.85667 0 0 0 0
1.86333 0 0 0 0
1.87 0 0 0 0
1.87667 0 0 0 0
1.88333 0 0 0 0
1.89 0 0 0 0
1.89667 0 0 0 0
1.90333 0 0 0 0
1.91 0 0 0 0
1.91667 0 0 0 0
1.92333 0 0 0 0
1.93 0 0 0 0
1.93667 0 0 0 0
1.94333 0 0 0 0
1.95 0 0 0 0
1.95667 0 0 0 0
1.96333 0 0 0 0
1.97 0 0 0 0
1.97667 0 0 0 0
1.98333 0 0 0 0
1.99 0 0 0 0
1.99667 0 0 0 0
