0.00333333 32 77 10 3
0.01 38 113 5 1
0.0166667 45 139 6 0
0.0233333 42 123 6 3
0.03 47 135 4 5
0.0366667 54 152 8 2
0.0433333 71 194 14 1
0.05 105 227 14 4
0.0566667 101 259 20 3
0.0633333 124 293 9 3
0.07 157 307 19 1
0.0766667 144 306 19 2
0.0833333 140 354 23 2
0.09 131 386 18 4
0.0966667 124 345 25 8
0.103333 140 336 10 6
0.11 152 363 26 3
0.116667 141 320 17 4
0.123333 117 376 15 4
0.13 129 328 7 3
0.136667 113 306 9 6
0.143333 99 323 17 1
0.15 94 354 16 1
0.156667 94 329 14 5
0.163333 97 319 11 2
0.17 87 335 15 5
0.176667 86 286 12 2
0.183333 96 322 10 0
0.19 79 359 11 4
0.196667 88 347 10 2
0.203333 100 374 15 4
0.21 83 287 8 3
0.216667 77 287 18 2
0.223333 74 289 9 4
0.23 78 267 15 1
0.236667 68 258 18 3
0.243333 74 256 13 2
0.25 83 265 10 1
0.256667 68 227 5 3
0.263333 63 208 5 3
0.27 66 195 6 3
0.276667 65 193 9 3
0.283333 61 195 4 1
0.29 49 166 10 2
0.296667 52 181 7 3
0.303333 53 157 9 0
0.31 47 172 9 1
0.316667 49 152 8 1
0.323333 57 139 6 4
0.33 36 157 8 0
0.336667 45 131 7 1
0.343333 58 130 6 6
0.35 29 126 9 0
0.356667 31 152 8 4
0.363333 38 138 11 0
0.37 52 129 7 2
0.376667 41 119 4 2
0.383333 33 101 5 1
0.39 36 130 7 0
0.396667 49 112 5 1
0.403333 41 127 9 0
0.41 37 110 8 1
0.416667 36 112 9 1
0.423333 48 118 9 1
0.43 34 116 9 2
0.436667 36 115 2 2
0.443333 33 103 7 2
0.45 29 115 7 2
0.456667 24 120 8 1
0.463333 37 119 13 1
0.47 36 98 5 3
0.476667 36 116 4 1
0.483333 20 68 2 1
0.49 25 79 5 1
0.496667 19 58 4 3
0.503333 28 63 4 3
0.51 19 60 5 0
0.516667 19 49 8 0
0.523333 26 61 4 1
0.53 17 54 1 0
0.536667 18 60 1 1
0.543333 22 47 11 0
0.55 17 30 3 1
0.556667 15 48 2 2
0.563333 16 52 3 3
0.57 25 48 4 1
0.576667 22 53 4 0
0.583333 20 40 6 1
0.59 19 56 3 1
0.596667 14 49 3 1
0.603333 23 56 3 1
0.61 16 49 3 3
0.616667 17 41 1 3
0.623333 17 43 2 1
0.63 20 44 1 2
0.636667 13 58 2 0
0.643333 21 37 8 1
0.65 8 44 2 0
0.656667 12 45 2 1
0.663333 821 4299 101 19
0.67 0 0 0 0
0.676667 0 0 0 0
0.683333 0 0 0 0
0.69 0 0 0 0
0.696667 0 0 0 0
0.703333 0 0 0 0
0.71 0 0 0 0
0.716667 0 0 0 0
0.723333 0 0 0 0
0.73 0 0 0 0
0.736667 0 0 0 0
0.743333 0 0 0 0
0.75 0 0 0 0
0.756667 0 0 0 0
0.763333 0 0 0 0
0.77 0 0 0 0
0.776667 0 0 0 0
0.783333 0 0 0 0
0.79 0 0 0 0
0.796667 0 0 0 0
0.803333 0 0 0 0
0.81 0 0 0 0
0.816667 0 0 0 0
0.823333 0 0 0 0
0.83 0 0 0 0
0.836667 0 0 0 0
0.843333 0 0 0 0
0.85 0 0 0 0
0.856667 0 0 0 0
0.863333 0 0 0 0
0.87 0 0 0 0
0.876667 0 0 0 0
0.883333 0 0 0 0
0.89 0 0 0 0
0.896667 0 0 0 0
0.903333 0 0 0 0
0.91 0 0 0 0
0.916667 0 0 0 0
0.923333 0 0 0 0
0.93 0 0 0 0
0.936667 0 0 0 0
0.943333 0 0 0 0
0.95 0 0 0 0
0.956667 0 0 0 0
0.963333 0 0 0 0
0.97 0 0 0 0
0.976667 0 0 0 0
0.983333 0 0 0 0
0.99 0 0 0 0
0.996667 0 0 0 0
1.00333 0 0 0 0
1.01 0 0 0 0
1.01667 0 0 0 0
1.02333 0 0 0 0
1.03 0 0 0 0
1.03667 0 0 0 0
1.04333 0 0 0 0
1.05 0 0 0 0
1.05667 0 0 0 0
1.06333 0 0 0 0
1.07 0 0 0 0
1.07667 0 0 0 0
1.08333 0 0 0 0
1.09 0 0 0 0
1.09667 0 0 0 0
1.10333 0 0 0 0
1.11 0 0 0 0
1.11667 0 0 0 0
1.12333 0 0 0 0
1.13 0 0 0 0
1.13667 0 0 0 0
1.14333 0 0 0 0
1.15 0 0 0 0
1.15667 0 0 0 0
1.16333 0 0 0 0
1.17 0 0 0 0
1.17667 0 0 0 0
1.18333 0 0 0 0
1.19 0 0 0 0
1.19667 0 0 0 0
1.20333 0 0 0 0
1.21 0 0 0 0
1.21667 0 0 0 0
1.22333 0 0 0 0
1.23 0 0 0 0
1.23667 0 0 0 0
1.24333 0 0 0 0
1.25 0 0 0 0
1.25667 0 0 0 0
1.26333 0 0 0 0
1.27 0 0 0 0
1.27667 0 0 0 0
1.28333 0 0 0 0
1.29 0 0 0 0
1.29667 0 0 0 0
1.30333 0 0 0 0
1.31 0 0 0 0
1.31667 0 0 0 0
1.32333 0 0 0 0
1.33 0 0 0 0
1.33667 0 0 0 0
1.34333 0 0 0 0
1.35 0 0 0 0
1.35667 0 0 0 0
1.36333 0 0 0 0
1.37 0 0 0 0
1.37667 0 0 0 0
1.38333 0 0 0 0
1.39 0 0 0 0
1.39667 0 0 0 0
1.40333 0 0 0 0
1.41 0 0 0 0
1.41667 0 0 0 0
1.42333 0 0 0 0
1.43 0 0 0 0
1.43667 0 0 0 0
1.44333 0 0 0 0
1.45 0 0 0 0
1.45667 0 0 0 0
1.46333 0 0 0 0
1.47 0 0 0 0
1.47667 0 0 0 0
1.48333 0 0 0 0
1.49 0 0 0 0
1.49667 0 0 0 0
1.50333 0 0 0 0
1.51 0 0 0 0
1.51667 0 0 0 0
1.52333 0 0 0 0
1.53 0 0 0 0
1.53667 0 0 0 0
1.54333 0 0 0 0
1.55 0 0 0 0
1.55667 0 0 0 0
1.56333 0 0 0 0
1.57 0 0 0 0
1.57667 0 0 0 0
1.58333 0 0 0 0
1.59 0 0 0 0
1.59667 0 0 0 0
1.60333 0 0 0 0
1.61 0 0 0 0
1.61667 0 0 0 0
1.62333 0 0 0 0
1.63 0 0 0 0
1.63667 0 0 0 0
1.64333 0 0 0 0
1.65 0 0 0 0
1.65667 0 0 0 0
1.66333 0 0 0 0
1.67 0 0 0 0
1.67667 0 0 0 0
1.68333 0 0 0 0
1.69 0 0 0 0
1.69667 0 0 0 0
1.70333 0 0 0 0
1.71 0 0 0 0
1.71667 0 0 0 0
1.72333 0 0 0 0
1.73 0 0 0 0
1.73667 0 0 0 0
1.74333 0 0 0 0
1.75 0 0 0 0
1.75667 0 0 0 0
1.76333 0 0 0 0
1.77 0 0 0 0
1.77667 0 0 0 0
1.78333 0 0 0 0
1.79 0 0 0 0
1.79667 0 0 0 0
1.80333 0 0 0 0
1.81 0 0 0 0
1.81667 0 0 0 0
1.82333 0 0 0 0
1.83 0 0 0 0
1.83667 0 0 0 0
1.84333 0 0 0 0
1.85 0 0 0 0
1.85667 0 0 0 0
1.86333 0 0 0 0
1.87 0 0 0 0
1.87667 0 0 0 0
1.88333 0 0 0 0
1.89 0 0 0 0
1.89667 0 0 0 0
1.90333 0 0 0 0
1.91 0 0 0 0
1.91667 0 0 0 0
1.92333 0 0 0 0
1.93 0 0 0 0
1.93667 0 0 0 0
1.94333 0 0 0 0
1.95 0 0 0 0
1.95667 0 0 0 0
1.96333 0 0 0 0
1.97 0 0 0 0
1.97667 0 0 0 0
1.98333 0 0 0 0
1.99 0 0 0 0
1.99667 0 0 0 0
