0.00333333 1 13 129 5
0.01 0 22 113 3
0.0166667 0 19 101 11
0.0233333 1 16 101 12
0.03 3 16 134 9
0.0366667 1 26 143 9
0.0433333 0 20 141 12
0.05 1 25 139 18
0.0566667 2 27 171 20
0.0633333 2 24 159 22
0.07 2 23 187 32
0.0766667 2 21 180 26
0.0833333 0 30 180 18
0.09 5 33 174 28
0.0966667 7 27 174 20
0.103333 0 25 200 15
0.11 6 25 182 18
0.116667 2 26 201 26
0.123333 2 29 214 22
0.13 2 30 220 20
0.136667 0 37 234 21
0.143333 4 37 207 31
0.15 0 31 201 19
0.156667 0 21 223 14
0.163333 1 27 205 16
0.17 3 28 221 14
0.176667 0 33 209 20
0.183333 3 28 197 12
0.19 3 43 234 17
0.196667 2 36 246 18
0.203333 1 31 235 12
0.21 2 35 272 14
0.216667 2 29 255 15
0.223333 0 33 258 17
0.23 4 40 230 17
0.236667 2 24 223 15
0.243333 2 35 208 15
0.25 0 37 211 9
0.256667 3 30 201 12
0.263333 1 32 202 13
0.27 1 20 191 10
0.276667 1 31 166 16
0.283333 0 19 175 6
0.29 3 29 188 16
0.296667 2 19 169 15
0.303333 2 27 161 18
0.31 1 21 184 14
0.316667 2 17 170 7
0.323333 0 32 145 15
0.33 3 35 157 7
0.336667 1 21 137 9
0.343333 1 17 158 17
0.35 1 17 146 12
0.356667 1 37 118 10
0.363333 2 24 141 10
0.37 0 18 142 9
0.376667 0 21 141 9
0.383333 0 22 125 11
0.39 0 24 140 15
0.396667 1 24 138 9
0.403333 0 25 145 10
0.41 1 20 137 8
0.416667 1 18 131 12
0.423333 2 27 136 4
0.43 0 20 123 10
0.436667 1 31 133 13
0.443333 2 23 158 9
0.45 1 24 132 8
0.456667 1 25 128 7
0.463333 2 26 153 9
0.47 1 16 126 8
0.476667 0 14 117 8
0.483333 1 15 73 6
0.49 1 20 64 5
0.496667 1 9 56 3
0.503333 0 11 49 4
0.51 0 8 53 5
0.516667 0 6 53 5
0.523333 0 5 43 8
0.53 0 5 36 11
0.536667 0 8 54 3
0.543333 0 11 44 5
0.55 1 5 46 7
0.556667 0 7 38 3
0.563333 0 8 41 5
0.57 0 7 45 4
0.576667 0 8 39 5
0.583333 0 9 49 6
0.59 0 2 36 8
0.596667 0 3 36 6
0.603333 0 2 52 5
0.61 1 8 36 10
0.616667 2 4 33 13
0.623333 0 3 36 7
0.63 0 5 35 3
0.636667 1 5 55 3
0.643333 0 0 33 2
0.65 2 3 27 4
0.656667 1 1 31 3
0.663333 12 1174 7076 147
0.67 0 0 0 0
0.676667 0 0 0 0
0.683333 0 0 0 0
0.69 0 0 0 0
0.696667 0 0 0 0
0.703333 0 0 0 0
0.71 0 0 0 0
0.716667 0 0 0 0
0.723333 0 0 0 0
0.73 0 0 0 0
0.736667 0 0 0 0
0.743333 0 0 0 0
0.75 0 0 0 0
0.756667 0 0 0 0
0.763333 0 0 0 0
0.77 0 0 0 0
0.776667 0 0 0 0
0.783333 0 0 0 0
0.79 0 0 0 0
0.796667 0 0 0 0
0.803333 0 0 0 0
0.81 0 0 0 0
0.816667 0 0 0 0
0.823333 0 0 0 0
0.83 0 0 0 0
0.836667 0 0 0 0
0.843333 0 0 0 0
0.85 0 0 0 0
0.856667 0 0 0 0
0.863333 0 0 0 0
0.87 0 0 0 0
0.876667 0 0 0 0
0.883333 0 0 0 0
0.89 0 0 0 0
0.896667 0 0 0 0
0.903333 0 0 0 0
0.91 0 0 0 0
0.916667 0 0 0 0
0.923333 0 0 0 0
0.93 0 0 0 0
0.936667 0 0 0 0
0.943333 0 0 0 0
0.95 0 0 0 0
0.956667 0 0 0 0
0.963333 0 0 0 0
0.97 0 0 0 0
0.976667 0 0 0 0
0.983333 0 0 0 0
0.99 0 0 0 0
0.996667 0 0 0 0
1.00333 0 0 0 0
1.01 0 0 0 0
1.01667 0 0 0 0
1.02333 0 0 0 0
1.03 0 0 0 0
1.03667 0 0 0 0
1.04333 0 0 0 0
1.05 0 0 0 0
1.05667 0 0 0 0
1.06333 0 0 0 0
1.07 0 0 0 0
1.07667 0 0 0 0
1.08333 0 0 0 0
1.09 0 0 0 0
1.09667 0 0 0 0
1.10333 0 0 0 0
1.11 0 0 0 0
1.11667 0 0 0 0
1.12333 0 0 0 0
1.13 0 0 0 0
1.13667 0 0 0 0
1.14333 0 0 0 0
1.15 0 0 0 0
1.15667 0 0 0 0
1.16333 0 0 0 0
1.17 0 0 0 0
1.17667 0 0 0 0
1.18333 0 0 0 0
1.19 0 0 0 0
1.19667 0 0 0 0
1.20333 0 0 0 0
1.21 0 0 0 0
1.21667 0 0 0 0
1.22333 0 0 0 0
1.23 0 0 0 0
1.23667 0 0 0 0
1.24333 0 0 0 0
1.25 0 0 0 0
1.25667 0 0 0 0
1.26333 0 0 0 0
1.27 0 0 0 0
1.27667 0 0 0 0
1.28333 0 0 0 0
1.29 0 0 0 0
1.29667 0 0 0 0
1.30333 0 0 0 0
1.31 0 0 0 0
1.31667 0 0 0 0
1.32333 0 0 0 0
1.33 0 0 0 0
1.33667 0 0 0 0
1.34333 0 0 0 0
1.35 0 0 0 0
1.35667 0 0 0 0
1.36333 0 0 0 0
1.37 0 0 0 0
1.37667 0 0 0 0
1.38333 0 0 0 0
1.39 0 0 0 0
1.39667 0 0 0 0
1.40333 0 0 0 0
1.41 0 0 0 0
1.41667 0 0 0 0
1.42333 0 0 0 0
1.43 0 0 0 0
1.43667 0 0 0 0
1.44333 0 0 0 0
1.45 0 0 0 0
1.45667 0 0 0 0
1.46333 0 0 0 0
1.47 0 0 0 0
1.47667 0 0 0 0
1.48333 0 0 0 0
1.49 0 0 0 0
1.49667 0 0 0 0
1.50333 0 0 0 0
1.51 0 0 0 0
1.51667 0 0 0 0
1.52333 0 0 0 0
1.53 0 0 0 0
1.53667 0 0 0 0
1.54333 0 0 0 0
1.55 0 0 0 0
1.55667 0 0 0 0
1.56333 0 0 0 0
1.57 0 0 0 0
1.57667 0 0 0 0
1.58333 0 0 0 0
1.59 0 0 0 0
1.59667 0 0 0 0
1.60333 0 0 0 0
1.61 0 0 0 0
1.61667 0 0 0 0
1.62333 0 0 0 0
1.63 0 0 0 0
1.63667 0 0 0 0
1.64333 0 0 0 0
1.65 0 0 0 0
1.65667 0 0 0 0
1.66333 0 0 0 0
1.67 0 0 0 0
1.67667 0 0 0 0
1.68333 0 0 0 0
1.69 0 0 0 0
1.69667 0 0 0 0
1.70333 0 0 0 0
1.71 0 0 0 0
1.71667 0 0 0 0
1.72333 0 0 0 0
1.73 0 0 0 0
1.73667 0 0 0 0
1.74333 0 0 0 0
1.75 0 0 0 0
1.75667 0 0 0 0
1.76333 0 0 0 0
1.77 0 0 0 0
1.77667 0 0 0 0
1.78333 0 0 0 0
1.79 0 0 0 0
1.79667 0 0 0 0
1.80333 0 0 0 0
1.81 0 0 0 0
1.81667 0 0 0 0
1.82333 0 0 0 0
1.83 0 0 0 0
1.83667 0 0 0 0
1.84333 0 0 0 0
1.85 0 0 0 0
1.85667 0 0 0 0
1.86333 0 0 0 0
1.87 0 0 0 0
1.87667 0 0 0 0
1.88333 0 0 0 0
1.89 0 0 0 0
1.89667 0 0 0 0
1.90333 0 0 0 0
1.91 0 0 0 0
1.91667 0 0 0 0
1.92333 0 0 0 0
1.93 0 0 0 0
1.93667 0 0 0 0
1.94333 0 0 0 0
1.95 0 0 0 0
1.95667 0 0 0 0
1.96333 0 0 0 0
1.97 0 0 0 0
1.97667 0 0 0 0
1.98333 0 0 0 0
1.99 0 0 0 0
1.99667 0 0 0 0
