0.00333333 138 26 2 8
0.01 139 29 1 3
0.0166667 152 35 0 2
0.0233333 134 30 1 4
0.03 150 38 0 4
0.0366667 134 21 1 2
0.0433333 177 40 0 1
0.05 167 41 2 3
0.0566667 199 45 1 4
0.0633333 184 47 0 1
0.07 188 46 3 2
0.0766667 201 46 2 4
0.0833333 209 63 1 5
0.09 218 49 0 7
0.0966667 228 53 0 1
0.103333 213 45 2 4
0.11 214 50 1 5
0.116667 214 65 1 5
0.123333 244 60 2 5
0.13 254 47 0 4
0.136667 238 57 0 2
0.143333 246 40 1 6
0.15 255 47 0 3
0.156667 278 65 2 6
0.163333 256 52 1 6
0.17 275 49 0 4
0.176667 242 56 1 1
0.183333 304 50 0 4
0.19 402 56 1 4
0.196667 395 61 0 8
0.203333 367 52 2 6
0.21 405 57 0 5
0.216667 346 54 0 2
0.223333 334 43 1 4
0.23 294 60 2 0
0.236667 281 47 3 3
0.243333 260 51 1 4
0.25 230 50 0 6
0.256667 235 36 0 4
0.263333 228 53 0 7
0.27 222 40 1 2
0.276667 186 46 0 3
0.283333 215 40 1 6
0.29 189 46 0 3
0.296667 186 44 1 5
0.303333 180 40 1 2
0.31 174 37 1 3
0.316667 172 36 2 0
0.323333 170 42 2 6
0.33 153 35 1 3
0.336667 165 34 0 2
0.343333 177 35 1 4
0.35 168 27 1 3
0.356667 181 31 1 7
0.363333 174 30 0 6
0.37 147 32 1 6
0.376667 163 28 1 5
0.383333 146 28 1 4
0.39 145 39 0 5
0.396667 136 39 0 1
0.403333 128 29 3 5
0.41 162 36 0 2
0.416667 155 25 3 2
0.423333 149 31 1 5
0.43 162 30 1 8
0.436667 161 37 1 7
0.443333 167 28 1 6
0.45 158 38 1 7
0.456667 153 29 0 3
0.463333 159 30 1 3
0.47 161 31 1 7
0.476667 133 31 0 1
0.483333 53 15 0 4
0.49 44 17 2 4
0.496667 57 18 0 2
0.503333 44 11 0 2
0.51 36 22 0 0
0.516667 40 16 0 3
0.523333 32 17 1 1
0.53 36 18 1 1
0.536667 34 10 0 2
0.543333 22 13 0 1
0.55 36 17 0 1
0.556667 38 11 1 0
0.563333 25 17 0 3
0.57 24 13 0 0
0.576667 30 18 0 0
0.583333 27 25 0 2
0.59 31 16 0 1
0.596667 31 11 0 1
0.603333 28 12 0 3
0.61 25 12 0 1
0.616667 20 6 0 0
0.623333 24 9 0 1
0.63 33 20 0 0
0.636667 49 18 1 1
0.643333 13 14 0 2
0.65 32 10 0 2
0.656667 8 12 0 0
0.663333 10141 1344 3 258
0.67 0 0 0 0
0.676667 0 0 0 0
0.683333 0 0 0 0
0.69 0 0 0 0
0.696667 0 0 0 0
0.703333 0 0 0 0
0.71 0 0 0 0
0.716667 0 0 0 0
0.723333 0 0 0 0
0.73 0 0 0 0
0.736667 0 0 0 0
0.743333 0 0 0 0
0.75 0 0 0 0
0.756667 0 0 0 0
0.763333 0 0 0 0
0.77 0 0 0 0
0.776667 0 0 0 0
0.783333 0 0 0 0
0.79 0 0 0 0
0.796667 0 0 0 0
0.803333 0 0 0 0
0.81 0 0 0 0
0.816667 0 0 0 0
0.823333 0 0 0 0
0.83 0 0 0 0
0.836667 0 0 0 0
0.843333 0 0 0 0
0.85 0 0 0 0
0.856667 0 0 0 0
0.863333 0 0 0 0
0.87 0 0 0 0
0.876667 0 0 0 0
0.883333 0 0 0 0
0.89 0 0 0 0
0.896667 0 0 0 0
0.903333 0 0 0 0
0.91 0 0 0 0
0.916667 0 0 0 0
0.923333 0 0 0 0
0.93 0 0 0 0
0.936667 0 0 0 0
0.943333 0 0 0 0
0.95 0 0 0 0
0.956667 0 0 0 0
0.963333 0 0 0 0
0.97 0 0 0 0
0.976667 0 0 0 0
0.983333 0 0 0 0
0.99 0 0 0 0
0.996667 0 0 0 0
1.00333 0 0 0 0
1.01 0 0 0 0
1.01667 0 0 0 0
1.02333 0 0 0 0
1.03 0 0 0 0
1.03667 0 0 0 0
1.04333 0 0 0 0
1.05 0 0 0 0
1.05667 0 0 0 0
1.06333 0 0 0 0
1.07 0 0 0 0
1.07667 0 0 0 0
1.08333 0 0 0 0
1.09 0 0 0 0
1.09667 0 0 0 0
1.10333 0 0 0 0
1.11 0 0 0 0
1.11667 0 0 0 0
1.12333 0 0 0 0
1.13 0 0 0 0
1.13667 0 0 0 0
1.14333 0 0 0 0
1.15 0 0 0 0
1.15667 0 0 0 0
1.16333 0 0 0 0
1.17 0 0 0 0
1.17667 0 0 0 0
1.18333 0 0 0 0
1.19 0 0 0 0
1.19667 0 0 0 0
1.20333 0 0 0 0
1.21 0 0 0 0
1.21667 0 0 0 0
1.22333 0 0 0 0
1.23 0 0 0 0
1.23667 0 0 0 0
1.24333 0 0 0 0
1.25 0 0 0 0
1.25667 0 0 0 0
1.26333 0 0 0 0
1.27 0 0 0 0
1.27667 0 0 0 0
1.28333 0 0 0 0
1.29 0 0 0 0
1.29667 0 0 0 0
1.30333 0 0 0 0
1.31 0 0 0 0
1.31667 0 0 0 0
1.32333 0 0 0 0
1.33 0 0 0 0
1.33667 0 0 0 0
1.34333 0 0 0 0
1.35 0 0 0 0
1.35667 0 0 0 0
1.36333 0 0 0 0
1.37 0 0 0 0
1.37667 0 0 0 0
1.38333 0 0 0 0
1.39 0 0 0 0
1.39667 0 0 0 0
1.40333 0 0 0 0
1.41 0 0 0 0
1.41667 0 0 0 0
1.42333 0 0 0 0
1.43 0 0 0 0
1.43667 0 0 0 0
1.44333 0 0 0 0
1.45 0 0 0 0
1.45667 0 0 0 0
1.46333 0 0 0 0
1.47 0 0 0 0
1.47667 0 0 0 0
1.48333 0 0 0 0
1.49 0 0 0 0
1.49667 0 0 0 0
1.50333 0 0 0 0
1.51 0 0 0 0
1.51667 0 0 0 0
1.52333 0 0 0 0
1.53 0 0 0 0
1.53667 0 0 0 0
1.54333 0 0 0 0
1.55 0 0 0 0
1.55667 0 0 0 0
1.56333 0 0 0 0
1.57 0 0 0 0
1.57667 0 0 0 0
1.58333 0 0 0 0
1.59 0 0 0 0
1.59667 0 0 0 0
1.60333 0 0 0 0
1.61 0 0 0 0
1.61667 0 0 0 0
1.62333 0 0 0 0
1.63 0 0 0 0
1.63667 0 0 0 0
1.64333 0 0 0 0
1.65 0 0 0 0
1.65667 0 0 0 0
1.66333 0 0 0 0
1.67 0 0 0 0
1.67667 0 0 0 0
1.68333 0 0 0 0
1.69 0 0 0 0
1.69667 0 0 0 0
1.70333 0 0 0 0
1.71 0 0 0 0
1.71667 0 0 0 0
1.72333 0 0 0 0
1.73 0 0 0 0
1.73667 0 0 0 0
1.74333 0 0 0 0
1.75 0 0 0 0
1.75667 0 0 0 0
1.76333 0 0 0 0
1.77 0 0 0 0
1.77667 0 0 0 0
1.78333 0 0 0 0
1.79 0 0 0 0
1.79667 0 0 0 0
1.80333 0 0 0 0
1.81 0 0 0 0
1.81667 0 0 0 0
1.82333 0 0 0 0
1.83 0 0 0 0
1.83667 0 0 0 0
1.84333 0 0 0 0
1.85 0 0 0 0
1.85667 0 0 0 0
1.86333 0 0 0 0
1.87 0 0 0 0
1.87667 0 0 0 0
1.88333 0 0 0 0
1.89 0 0 0 0
1.89667 0 0 0 0
1.90333 0 0 0 0
1.91 0 0 0 0
1.91667 0 0 0 0
1.92333 0 0 0 0
1.93 0 0 0 0
1.93667 0 0 0 0
1.94333 0 0 0 0
1.95 0 0 0 0
1.95667 0 0 0 0
1.96333 0 0 0 0
1.97 0 0 0 0
1.97667 0 0 0 0
1.98333 0 0 0 0
1.99 0 0 0 0
1.99667 0 0 0 0
