0.00333333 4 3 21 39
0.01 3 3 33 33
0.0166667 3 3 20 43
0.0233333 5 9 22 30
0.03 3 3 31 41
0.0366667 7 11 36 36
0.0433333 1 8 60 53
0.05 8 14 92 82
0.0566667 7 13 95 56
0.0633333 9 13 106 73
0.07 4 18 108 76
0.0766667 9 20 100 95
0.0833333 8 16 119 82
0.09 7 19 78 81
0.0966667 4 17 103 90
0.103333 10 16 126 111
0.11 7 12 92 90
0.116667 10 18 111 103
0.123333 7 16 84 100
0.13 6 8 95 86
0.136667 7 11 80 81
0.143333 6 8 76 81
0.15 8 14 72 100
0.156667 9 12 69 90
0.163333 6 7 61 83
0.17 11 14 75 70
0.176667 6 16 57 84
0.183333 5 8 74 81
0.19 3 10 72 105
0.196667 11 21 72 112
0.203333 4 13 55 92
0.21 5 11 66 88
0.216667 11 12 45 91
0.223333 10 4 53 82
0.23 5 9 55 65
0.236667 8 11 66 59
0.243333 6 9 62 77
0.25 6 9 48 54
0.256667 6 6 50 60
0.263333 2 8 59 66
0.27 5 7 60 55
0.276667 10 13 51 54
0.283333 8 4 45 49
0.29 4 7 36 58
0.296667 6 5 56 56
0.303333 12 8 40 51
0.31 9 7 51 52
0.316667 5 7 36 49
0.323333 3 3 43 44
0.33 3 6 36 38
0.336667 4 6 45 53
0.343333 4 1 31 44
0.35 3 2 26 30
0.356667 6 6 38 44
0.363333 6 10 39 45
0.37 7 4 33 40
0.376667 3 6 28 41
0.383333 5 3 36 40
0.39 4 8 29 51
0.396667 4 7 34 36
0.403333 4 9 40 37
0.41 2 7 32 39
0.416667 2 1 27 51
0.423333 6 5 26 36
0.43 4 7 27 35
0.436667 4 2 34 35
0.443333 5 5 27 39
0.45 5 5 34 38
0.456667 3 6 25 38
0.463333 7 4 29 39
0.47 3 5 32 38
0.476667 2 5 27 31
0.483333 3 5 31 19
0.49 0 4 22 24
0.496667 0 6 20 27
0.503333 3 5 16 27
0.51 3 2 17 18
0.516667 1 5 25 22
0.523333 1 5 23 18
0.53 4 0 18 18
0.536667 1 2 16 11
0.543333 1 4 19 26
0.55 2 5 19 23
0.556667 4 7 22 21
0.563333 4 1 9 16
0.57 2 5 13 19
0.576667 2 4 16 11
0.583333 0 1 16 12
0.59 0 8 12 9
0.596667 0 4 15 13
0.603333 1 4 20 17
0.61 4 3 15 22
0.616667 3 2 10 23
0.623333 0 7 16 15
0.63 2 3 15 23
0.636667 2 3 18 11
0.643333 3 5 13 14
0.65 1 0 22 14
0.656667 3 3 9 11
0.663333 116 72 620 1227
0.67 0 0 0 0
0.676667 0 0 0 0
0.683333 0 0 0 0
0.69 0 0 0 0
0.696667 0 0 0 0
0.703333 0 0 0 0
0.71 0 0 0 0
0.716667 0 0 0 0
0.723333 0 0 0 0
0.73 0 0 0 0
0.736667 0 0 0 0
0.743333 0 0 0 0
0.75 0 0 0 0
0.756667 0 0 0 0
0.763333 0 0 0 0
0.77 0 0 0 0
0.776667 0 0 0 0
0.783333 0 0 0 0
0.79 0 0 0 0
0.796667 0 0 0 0
0.803333 0 0 0 0
0.81 0 0 0 0
0.816667 0 0 0 0
0.823333 0 0 0 0
0.83 0 0 0 0
0.836667 0 0 0 0
0.843333 0 0 0 0
0.85 0 0 0 0
0.856667 0 0 0 0
0.863333 0 0 0 0
0.87 0 0 0 0
0.876667 0 0 0 0
0.883333 0 0 0 0
0.89 0 0 0 0
0.896667 0 0 0 0
0.903333 0 0 0 0
0.91 0 0 0 0
0.916667 0 0 0 0
0.923333 0 0 0 0
0.93 0 0 0 0
0.936667 0 0 0 0
0.943333 0 0 0 0
0.95 0 0 0 0
0.956667 0 0 0 0
0.963333 0 0 0 0
0.97 0 0 0 0
0.976667 0 0 0 0
0.983333 0 0 0 0
0.99 0 0 0 0
0.996667 0 0 0 0
1.00333 0 0 0 0
1.01 0 0 0 0
1.01667 0 0 0 0
1.02333 0 0 0 0
1.03 0 0 0 0
1.03667 0 0 0 0
1.04333 0 0 0 0
1.05 0 0 0 0
1.05667 0 0 0 0
1.06333 0 0 0 0
1.07 0 0 0 0
1.07667 0 0 0 0
1.08333 0 0 0 0
1.09 0 0 0 0
1.09667 0 0 0 0
1.10333 0 0 0 0
1.11 0 0 0 0
1.11667 0 0 0 0
1.12333 0 0 0 0
1.13 0 0 0 0
1.13667 0 0 0 0
1.14333 0 0 0 0
1.15 0 0 0 0
1.15667 0 0 0 0
1.16333 0 0 0 0
1.17 0 0 0 0
1.17667 0 0 0 0
1.18333 0 0 0 0
1.19 0 0 0 0
1.19667 0 0 0 0
1.20333 0 0 0 0
1.21 0 0 0 0
1.21667 0 0 0 0
1.22333 0 0 0 0
1.23 0 0 0 0
1.23667 0 0 0 0
1.24333 0 0 0 0
1.25 0 0 0 0
1.25667 0 0 0 0
1.26333 0 0 0 0
1.27 0 0 0 0
1.27667 0 0 0 0
1.28333 0 0 0 0
1.29 0 0 0 0
1.29667 0 0 0 0
1.30333 0 0 0 0
1.31 0 0 0 0
1.31667 0 0 0 0
1.32333 0 0 0 0
1.33 0 0 0 0
1.33667 0 0 0 0
1.34333 0 0 0 0
1.35 0 0 0 0
1.35667 0 0 0 0
1.36333 0 0 0 0
1.37 0 0 0 0
1.37667 0 0 0 0
1.38333 0 0 0 0
1.39 0 0 0 0
1.39667 0 0 0 0
1.40333 0 0 0 0
1.41 0 0 0 0
1.41667 0 0 0 0
1.42333 0 0 0 0
1.43 0 0 0 0
1.43667 0 0 0 0
1.44333 0 0 0 0
1.45 0 0 0 0
1.45667 0 0 0 0
1.46333 0 0 0 0
1.47 0 0 0 0
1.47667 0 0 0 0
1.48333 0 0 0 0
1.49 0 0 0 0
1.49667 0 0 0 0
1.50333 0 0 0 0
1.51 0 0 0 0
1.51667 0 0 0 0
1.52333 0 0 0 0
1.53 0 0 0 0
1.53667 0 0 0 0
1.54333 0 0 0 0
1.55 0 0 0 0
1.55667 0 0 0 0
1.56333 0 0 0 0
1.57 0 0 0 0
1.57667 0 0 0 0
1.58333 0 0 0 0
1.59 0 0 0 0
1.59667 0 0 0 0
1.60333 0 0 0 0
1.61 0 0 0 0
1.61667 0 0 0 0
1.62333 0 0 0 0
1.63 0 0 0 0
1.63667 0 0 0 0
1.64333 0 0 0 0
1.65 0 0 0 0
1.65667 0 0 0 0
1.66333 0 0 0 0
1.67 0 0 0 0
1.67667 0 0 0 0
1.68333 0 0 0 0
1.69 0 0 0 0
1.69667 0 0 0 0
1.70333 0 0 0 0
1.71 0 0 0 0
1.71667 0 0 0 0
1.72333 0 0 0 0
1.73 0 0 0 0
1.73667 0 0 0 0
1.74333 0 0 0 0
1.75 0 0 0 0
1.75667 0 0 0 0
1.76333 0 0 0 0
1.77 0 0 0 0
1.77667 0 0 0 0
1.78333 0 0 0 0
1.79 0 0 0 0
1.79667 0 0 0 0
1.80333 0 0 0 0
1.81 0 0 0 0
1.81667 0 0 0 0
1.82333 0 0 0 0
1.83 0 0 0 0
1.83667 0 0 0 0
1.84333 0 0 0 0
1.85 0 0 0 0
1.85667 0 0 0 0
1.86333 0 0 0 0
1.87 0 0 0 0
1.87667 0 0 0 0
1.88333 0 0 0 0
1.89 0 0 0 0
1.89667 0 0 0 0
1.90333 0 0 0 0
1.91 0 0 0 0
1.91667 0 0 0 0
1.92333 0 0 0 0
1.93 0 0 0 0
1.93667 0 0 0 0
1.94333 0 0 0 0
1.95 0 0 0 0
1.95667 0 0 0 0
1.96333 0 0 0 0
1.97 0 0 0 0
1.97667 0 0 0 0
1.98333 0 0 0 0
1.99 0 0 0 0
1.99667 0 0 0 0
