0.00333333 63 37 3 1
0.01 93 53 3 1
0.0166667 91 41 4 2
0.0233333 104 59 3 2
0.03 112 63 5 1
0.0366667 92 78 8 2
0.0433333 127 79 4 1
0.05 186 115 4 6
0.0566667 173 154 5 6
0.0633333 216 135 7 7
0.07 249 164 6 5
0.0766667 267 153 9 2
0.0833333 275 157 3 8
0.09 238 180 10 2
0.0966667 260 163 7 5
0.103333 291 126 15 6
0.11 285 154 12 7
0.116667 290 143 14 5
0.123333 266 153 12 6
0.13 275 164 17 7
0.136667 282 136 8 2
0.143333 294 159 6 4
0.15 257 126 9 4
0.156667 242 126 8 2
0.163333 243 115 8 3
0.17 267 121 4 3
0.176667 260 127 5 7
0.183333 264 129 9 4
0.19 309 118 11 8
0.196667 270 114 3 1
0.203333 241 103 7 9
0.21 245 100 6 6
0.216667 244 102 6 8
0.223333 212 111 12 8
0.23 197 113 5 3
0.236667 193 91 5 5
0.243333 203 77 3 8
0.25 188 92 6 2
0.256667 151 89 5 8
0.263333 153 70 6 1
0.27 135 78 4 3
0.276667 171 78 4 2
0.283333 143 61 6 3
0.29 133 68 2 7
0.296667 152 59 2 2
0.303333 139 67 3 1
0.31 133 59 2 6
0.316667 116 63 2 4
0.323333 141 63 3 3
0.33 140 57 8 5
0.336667 118 52 6 3
0.343333 106 49 2 3
0.35 100 54 6 1
0.356667 94 50 2 0
0.363333 105 61 2 0
0.37 87 59 3 4
0.376667 112 53 4 1
0.383333 80 46 0 3
0.39 99 45 6 1
0.396667 91 37 0 1
0.403333 93 56 3 1
0.41 112 59 3 5
0.416667 82 47 2 3
0.423333 86 47 3 2
0.43 92 46 5 1
0.436667 77 40 0 3
0.443333 92 44 2 2
0.45 91 35 4 7
0.456667 85 44 2 3
0.463333 90 38 2 3
0.47 101 39 1 2
0.476667 65 37 1 3
0.483333 54 36 3 4
0.49 54 35 8 4
0.496667 57 34 5 2
0.503333 61 34 2 4
0.51 52 29 3 2
0.516667 49 29 5 3
0.523333 54 30 6 3
0.53 45 29 3 1
0.536667 58 29 2 2
0.543333 46 17 2 1
0.55 33 22 1 2
0.556667 44 23 6 1
0.563333 31 19 4 3
0.57 32 18 3 2
0.576667 42 29 2 2
0.583333 29 32 2 2
0.59 38 13 0 2
0.596667 45 17 0 2
0.603333 21 22 3 1
0.61 36 19 4 4
0.616667 44 16 4 2
0.623333 51 18 0 1
0.63 40 20 1 1
0.636667 43 20 0 3
0.643333 30 23 2 0
0.65 31 21 0 3
0.656667 31 20 4 3
0.663333 3493 1038 39 61
0.67 0 0 0 0
0.676667 0 0 0 0
0.683333 0 0 0 0
0.69 0 0 0 0
0.696667 0 0 0 0
0.703333 0 0 0 0
0.71 0 0 0 0
0.716667 0 0 0 0
0.723333 0 0 0 0
0.73 0 0 0 0
0.736667 0 0 0 0
0.743333 0 0 0 0
0.75 0 0 0 0
0.756667 0 0 0 0
0.763333 0 0 0 0
0.77 0 0 0 0
0.776667 0 0 0 0
0.783333 0 0 0 0
0.79 0 0 0 0
0.796667 0 0 0 0
0.803333 0 0 0 0
0.81 0 0 0 0
0.816667 0 0 0 0
0.823333 0 0 0 0
0.83 0 0 0 0
0.836667 0 0 0 0
0.843333 0 0 0 0
0.85 0 0 0 0
0.856667 0 0 0 0
0.863333 0 0 0 0
0.87 0 0 0 0
0.876667 0 0 0 0
0.883333 0 0 0 0
0.89 0 0 0 0
0.896667 0 0 0 0
0.903333 0 0 0 0
0.91 0 0 0 0
0.916667 0 0 0 0
0.923333 0 0 0 0
0.93 0 0 0 0
0.936667 0 0 0 0
0.943333 0 0 0 0
0.95 0 0 0 0
0.956667 0 0 0 0
0.963333 0 0 0 0
0.97 0 0 0 0
0.976667 0 0 0 0
0.983333 0 0 0 0
0.99 0 0 0 0
0.996667 0 0 0 0
1.00333 0 0 0 0
1.01 0 0 0 0
1.01667 0 0 0 0
1.02333 0 0 0 0
1.03 0 0 0 0
1.03667 0 0 0 0
1.04333 0 0 0 0
1.05 0 0 0 0
1.05667 0 0 0 0
1.06333 0 0 0 0
1.07 0 0 0 0
1.07667 0 0 0 0
1.08333 0 0 0 0
1.09 0 0 0 0
1.09667 0 0 0 0
1.10333 0 0 0 0
1.11 0 0 0 0
1.11667 0 0 0 0
1.12333 0 0 0 0
1.13 0 0 0 0
1.13667 0 0 0 0
1.14333 0 0 0 0
1.15 0 0 0 0
1.15667 0 0 0 0
1.16333 0 0 0 0
1.17 0 0 0 0
1.17667 0 0 0 0
1.18333 0 0 0 0
1.19 0 0 0 0
1.19667 0 0 0 0
1.20333 0 0 0 0
1.21 0 0 0 0
1.21667 0 0 0 0
1.22333 0 0 0 0
1.23 0 0 0 0
1.23667 0 0 0 0
1.24333 0 0 0 0
1.25 0 0 0 0
1.25667 0 0 0 0
1.26333 0 0 0 0
1.27 0 0 0 0
1.27667 0 0 0 0
1.28333 0 0 0 0
1.29 0 0 0 0
1.29667 0 0 0 0
1.30333 0 0 0 0
1.31 0 0 0 0
1.31667 0 0 0 0
1.32333 0 0 0 0
1.33 0 0 0 0
1.33667 0 0 0 0
1.34333 0 0 0 0
1.35 0 0 0 0
1.35667 0 0 0 0
1.36333 0 0 0 0
1.37 0 0 0 0
1.37667 0 0 0 0
1.38333 0 0 0 0
1.39 0 0 0 0
1.39667 0 0 0 0
1.40333 0 0 0 0
1.41 0 0 0 0
1.41667 0 0 0 0
1.42333 0 0 0 0
1.43 0 0 0 0
1.43667 0 0 0 0
1.44333 0 0 0 0
1.45 0 0 0 0
1.45667 0 0 0 0
1.46333 0 0 0 0
1.47 0 0 0 0
1.47667 0 0 0 0
1.48333 0 0 0 0
1.49 0 0 0 0
1.49667 0 0 0 0
1.50333 0 0 0 0
1.51 0 0 0 0
1.51667 0 0 0 0
1.52333 0 0 0 0
1.53 0 0 0 0
1.53667 0 0 0 0
1.54333 0 0 0 0
1.55 0 0 0 0
1.55667 0 0 0 0
1.56333 0 0 0 0
1.57 0 0 0 0
1.57667 0 0 0 0
1.58333 0 0 0 0
1.59 0 0 0 0
1.59667 0 0 0 0
1.60333 0 0 0 0
1.61 0 0 0 0
1.61667 0 0 0 0
1.62333 0 0 0 0
1.63 0 0 0 0
1.63667 0 0 0 0
1.64333 0 0 0 0
1.65 0 0 0 0
1.65667 0 0 0 0
1.66333 0 0 0 0
1.67 0 0 0 0
1.67667 0 0 0 0
1.68333 0 0 0 0
1.69 0 0 0 0
1.69667 0 0 0 0
1.70333 0 0 0 0
1.71 0 0 0 0
1.71667 0 0 0 0
1.72333 0 0 0 0
1.73 0 0 0 0
1.73667 0 0 0 0
1.74333 0 0 0 0
1.75 0 0 0 0
1.75667 0 0 0 0
1.76333 0 0 0 0
1.77 0 0 0 0
1.77667 0 0 0 0
1.78333 0 0 0 0
1.79 0 0 0 0
1.79667 0 0 0 0
1.80333 0 0 0 0
1.81 0 0 0 0
1.81667 0 0 0 0
1.82333 0 0 0 0
1.83 0 0 0 0
1.83667 0 0 0 0
1.84333 0 0 0 0
1.85 0 0 0 0
1.85667 0 0 0 0
1.86333 0 0 0 0
1.87 0 0 0 0
1.87667 0 0 0 0
1.88333 0 0 0 0
1.89 0 0 0 0
1.89667 0 0 0 0
1.90333 0 0 0 0
1.91 0 0 0 0
1.91667 0 0 0 0
1.92333 0 0 0 0
1.93 0 0 0 0
1.93667 0 0 0 0
1.94333 0 0 0 0
1.95 0 0 0 0
1.95667 0 0 0 0
1.96333 0 0 0 0
1.97 0 0 0 0
1.97667 0 0 0 0
1.98333 0 0 0 0
1.99 0 0 0 0
1.99667 0 0 0 0
