0.00333333 8 5 14 24
0.01 7 11 18 28
0.0166667 7 9 23 29
0.0233333 7 10 19 27
0.03 11 8 25 32
0.0366667 9 7 25 39
0.0433333 16 11 41 46
0.05 16 16 45 54
0.0566667 17 22 57 45
0.0633333 7 18 59 64
0.07 14 33 57 45
0.0766667 18 16 57 69
0.0833333 24 20 68 63
0.09 19 22 56 59
0.0966667 19 29 65 72
0.103333 12 32 72 62
0.11 18 20 67 60
0.116667 15 33 57 77
0.123333 13 27 56 68
0.13 13 32 49 79
0.136667 27 22 42 62
0.143333 19 14 46 72
0.15 10 18 41 42
0.156667 15 17 40 78
0.163333 9 13 35 58
0.17 18 17 38 49
0.176667 15 15 35 58
0.183333 24 12 32 87
0.19 29 10 38 113
0.196667 17 15 28 82
0.203333 25 16 30 72
0.21 15 12 30 80
0.216667 20 15 33 65
0.223333 18 15 24 62
0.23 12 21 27 47
0.236667 13 13 25 51
0.243333 12 13 28 59
0.25 14 11 27 58
0.256667 16 11 28 47
0.263333 22 14 31 48
0.27 16 12 26 62
0.276667 16 16 30 49
0.283333 11 12 29 46
0.29 12 16 28 51
0.296667 12 6 32 59
0.303333 17 11 24 51
0.31 18 10 27 56
0.316667 18 5 25 36
0.323333 16 6 27 36
0.33 11 16 23 34
0.336667 13 10 25 35
0.343333 9 6 18 36
0.35 5 7 29 34
0.356667 10 9 28 42
0.363333 15 12 23 37
0.37 8 13 28 24
0.376667 17 7 22 35
0.383333 9 5 28 36
0.39 10 11 20 44
0.396667 11 6 13 36
0.403333 20 9 23 49
0.41 13 10 18 36
0.416667 16 9 20 35
0.423333 13 8 22 31
0.43 18 11 21 39
0.436667 6 9 20 36
0.443333 12 5 22 45
0.45 16 9 16 38
0.456667 15 6 19 35
0.463333 7 10 16 39
0.47 7 6 13 46
0.476667 18 10 11 29
0.483333 6 6 14 10
0.49 6 6 9 21
0.496667 7 4 17 12
0.503333 9 12 12 7
0.51 5 2 8 15
0.516667 6 8 12 13
0.523333 3 6 15 8
0.53 8 6 5 13
0.536667 2 2 12 10
0.543333 5 5 11 10
0.55 6 5 10 14
0.556667 4 7 9 10
0.563333 4 2 8 7
0.57 10 3 14 12
0.576667 5 3 6 9
0.583333 6 2 9 7
0.59 5 9 8 9
0.596667 7 5 14 8
0.603333 4 5 11 7
0.61 2 3 7 8
0.616667 2 7 7 2
0.623333 4 6 5 3
0.63 3 8 5 3
0.636667 3 6 10 7
0.643333 4 4 11 6
0.65 3 6 7 3
0.656667 0 3 9 3
0.663333 703 154 292 1934
0.67 0 0 0 0
0.676667 0 0 0 0
0.683333 0 0 0 0
0.69 0 0 0 0
0.696667 0 0 0 0
0.703333 0 0 0 0
0.71 0 0 0 0
0.716667 0 0 0 0
0.723333 0 0 0 0
0.73 0 0 0 0
0.736667 0 0 0 0
0.743333 0 0 0 0
0.75 0 0 0 0
0.756667 0 0 0 0
0.763333 0 0 0 0
0.77 0 0 0 0
0.776667 0 0 0 0
0.783333 0 0 0 0
0.79 0 0 0 0
0.796667 0 0 0 0
0.803333 0 0 0 0
0.81 0 0 0 0
0.816667 0 0 0 0
0.823333 0 0 0 0
0.83 0 0 0 0
0.836667 0 0 0 0
0.843333 0 0 0 0
0.85 0 0 0 0
0.856667 0 0 0 0
0.863333 0 0 0 0
0.87 0 0 0 0
0.876667 0 0 0 0
0.883333 0 0 0 0
0.89 0 0 0 0
0.896667 0 0 0 0
0.903333 0 0 0 0
0.91 0 0 0 0
0.916667 0 0 0 0
0.923333 0 0 0 0
0.93 0 0 0 0
0.936667 0 0 0 0
0.943333 0 0 0 0
0.95 0 0 0 0
0.956667 0 0 0 0
0.963333 0 0 0 0
0.97 0 0 0 0
0.976667 0 0 0 0
0.983333 0 0 0 0
0.99 0 0 0 0
0.996667 0 0 0 0
1.00333 0 0 0 0
1.01 0 0 0 0
1.01667 0 0 0 0
1.02333 0 0 0 0
1.03 0 0 0 0
1.03667 0 0 0 0
1.04333 0 0 0 0
1.05 0 0 0 0
1.05667 0 0 0 0
1.06333 0 0 0 0
1.07 0 0 0 0
1.07667 0 0 0 0
1.08333 0 0 0 0
1.09 0 0 0 0
1.09667 0 0 0 0
1.10333 0 0 0 0
1.11 0 0 0 0
1.11667 0 0 0 0
1.12333 0 0 0 0
1.13 0 0 0 0
1.13667 0 0 0 0
1.14333 0 0 0 0
1.15 0 0 0 0
1.15667 0 0 0 0
1.16333 0 0 0 0
1.17 0 0 0 0
1.17667 0 0 0 0
1.18333 0 0 0 0
1.19 0 0 0 0
1.19667 0 0 0 0
1.20333 0 0 0 0
1.21 0 0 0 0
1.21667 0 0 0 0
1.22333 0 0 0 0
1.23 0 0 0 0
1.23667 0 0 0 0
1.24333 0 0 0 0
1.25 0 0 0 0
1.25667 0 0 0 0
1.26333 0 0 0 0
1.27 0 0 0 0
1.27667 0 0 0 0
1.28333 0 0 0 0
1.29 0 0 0 0
1.29667 0 0 0 0
1.30333 0 0 0 0
1.31 0 0 0 0
1.31667 0 0 0 0
1.32333 0 0 0 0
1.33 0 0 0 0
1.33667 0 0 0 0
1.34333 0 0 0 0
1.35 0 0 0 0
1.35667 0 0 0 0
1.36333 0 0 0 0
1.37 0 0 0 0
1.37667 0 0 0 0
1.38333 0 0 0 0
1.39 0 0 0 0
1.39667 0 0 0 0
1.40333 0 0 0 0
1.41 0 0 0 0
1.41667 0 0 0 0
1.42333 0 0 0 0
1.43 0 0 0 0
1.43667 0 0 0 0
1.44333 0 0 0 0
1.45 0 0 0 0
1.45667 0 0 0 0
1.46333 0 0 0 0
1.47 0 0 0 0
1.47667 0 0 0 0
1.48333 0 0 0 0
1.49 0 0 0 0
1.49667 0 0 0 0
1.50333 0 0 0 0
1.51 0 0 0 0
1.51667 0 0 0 0
1.52333 0 0 0 0
1.53 0 0 0 0
1.53667 0 0 0 0
1.54333 0 0 0 0
1.55 0 0 0 0
1.55667 0 0 0 0
1.56333 0 0 0 0
1.57 0 0 0 0
1.57667 0 0 0 0
1.58333 0 0 0 0
1.59 0 0 0 0
1.59667 0 0 0 0
1.60333 0 0 0 0
1.61 0 0 0 0
1.61667 0 0 0 0
1.62333 0 0 0 0
1.63 0 0 0 0
1.63667 0 0 0 0
1.64333 0 0 0 0
1.65 0 0 0 0
1.65667 0 0 0 0
1.66333 0 0 0 0
1.67 0 0 0 0
1.67667 0 0 0 0
1.68333 0 0 0 0
1.69 0 0 0 0
1.69667 0 0 0 0
1.70333 0 0 0 0
1.71 0 0 0 0
1.71667 0 0 0 0
1.72333 0 0 0 0
1.73 0 0 0 0
1.73667 0 0 0 0
1.74333 0 0 0 0
1.75 0 0 0 0
1.75667 0 0 0 0
1.76333 0 0 0 0
1.77 0 0 0 0
1.77667 0 0 0 0
1.78333 0 0 0 0
1.79 0 0 0 0
1.79667 0 0 0 0
1.80333 0 0 0 0
1.81 0 0 0 0
1.81667 0 0 0 0
1.82333 0 0 0 0
1.83 0 0 0 0
1.83667 0 0 0 0
1.84333 0 0 0 0
1.85 0 0 0 0
1.85667 0 0 0 0
1.86333 0 0 0 0
1.87 0 0 0 0
1.87667 0 0 0 0
1.88333 0 0 0 0
1.89 0 0 0 0
1.89667 0 0 0 0
1.90333 0 0 0 0
1.91 0 0 0 0
1.91667 0 0 0 0
1.92333 0 0 0 0
1.93 0 0 0 0
1.93667 0 0 0 0
1.94333 0 0 0 0
1.95 0 0 0 0
1.95667 0 0 0 0
1.96333 0 0 0 0
1.97 0 0 0 0
1.97667 0 0 0 0
1.98333 0 0 0 0
1.99 0 0 0 0
1.99667 0 0 0 0
