0.00333333 3 18 51 16
0.01 2 19 24 16
0.0166667 3 29 53 21
0.0233333 3 20 48 22
0.03 2 21 69 27
0.0366667 5 26 63 27
0.0433333 4 29 93 33
0.05 4 19 89 50
0.0566667 9 24 154 60
0.0633333 9 36 119 53
0.07 5 39 132 54
0.0766667 4 47 142 75
0.0833333 7 27 145 45
0.09 5 33 129 67
0.0966667 6 34 144 65
0.103333 8 47 165 56
0.11 4 40 139 71
0.116667 5 42 154 65
0.123333 4 48 154 45
0.13 3 62 151 55
0.136667 4 36 139 56
0.143333 5 47 121 41
0.15 8 45 131 52
0.156667 4 41 112 36
0.163333 2 36 117 56
0.17 5 55 107 38
0.176667 1 44 107 38
0.183333 9 34 88 48
0.19 7 62 113 33
0.196667 3 45 111 58
0.203333 2 45 90 50
0.21 4 52 111 40
0.216667 6 41 92 42
0.223333 1 42 100 46
0.23 4 45 97 44
0.236667 3 46 97 54
0.243333 1 27 97 40
0.25 7 33 106 37
0.256667 1 28 86 38
0.263333 4 36 76 39
0.27 4 27 68 28
0.276667 5 26 90 33
0.283333 3 30 77 38
0.29 5 24 73 27
0.296667 4 31 51 32
0.303333 4 24 59 17
0.31 2 30 65 37
0.316667 2 27 62 28
0.323333 0 28 69 28
0.33 4 18 53 30
0.336667 3 21 63 21
0.343333 4 24 63 21
0.35 3 24 57 20
0.356667 3 27 61 25
0.363333 1 24 61 23
0.37 1 23 55 24
0.376667 3 36 51 18
0.383333 2 21 54 17
0.39 2 25 55 27
0.396667 3 25 41 21
0.403333 2 25 57 15
0.41 3 28 39 29
0.416667 2 33 47 23
0.423333 4 19 54 18
0.43 1 15 60 22
0.436667 4 22 53 15
0.443333 3 26 45 15
0.45 5 15 62 23
0.456667 4 22 56 21
0.463333 2 29 51 18
0.47 5 26 52 18
0.476667 2 24 39 17
0.483333 1 12 33 16
0.49 0 15 24 11
0.496667 2 12 43 14
0.503333 0 12 34 14
0.51 3 9 28 20
0.516667 2 8 30 9
0.523333 4 12 34 6
0.53 2 11 24 6
0.536667 1 15 37 14
0.543333 1 10 30 8
0.55 0 12 41 12
0.556667 4 6 22 15
0.563333 0 12 25 9
0.57 1 6 31 11
0.576667 2 13 27 16
0.583333 1 9 23 10
0.59 0 7 24 14
0.596667 1 14 28 12
0.603333 1 12 26 10
0.61 2 8 26 13
0.616667 1 8 18 11
0.623333 0 4 31 9
0.63 2 4 22 12
0.636667 3 7 28 9
0.643333 3 4 26 14
0.65 1 9 26 13
0.656667 1 5 22 11
0.663333 45 940 1296 486
0.67 0 0 0 0
0.676667 0 0 0 0
0.683333 0 0 0 0
0.69 0 0 0 0
0.696667 0 0 0 0
0.703333 0 0 0 0
0.71 0 0 0 0
0.716667 0 0 0 0
0.723333 0 0 0 0
0.73 0 0 0 0
0.736667 0 0 0 0
0.743333 0 0 0 0
0.75 0 0 0 0
0.756667 0 0 0 0
0.763333 0 0 0 0
0.77 0 0 0 0
0.776667 0 0 0 0
0.783333 0 0 0 0
0.79 0 0 0 0
0.796667 0 0 0 0
0.803333 0 0 0 0
0.81 0 0 0 0
0.816667 0 0 0 0
0.823333 0 0 0 0
0.83 0 0 0 0
0.836667 0 0 0 0
0.843333 0 0 0 0
0.85 0 0 0 0
0.856667 0 0 0 0
0.863333 0 0 0 0
0.87 0 0 0 0
0.876667 0 0 0 0
0.883333 0 0 0 0
0.89 0 0 0 0
0.896667 0 0 0 0
0.903333 0 0 0 0
0.91 0 0 0 0
0.916667 0 0 0 0
0.923333 0 0 0 0
0.93 0 0 0 0
0.936667 0 0 0 0
0.943333 0 0 0 0
0.95 0 0 0 0
0.956667 0 0 0 0
0.963333 0 0 0 0
0.97 0 0 0 0
0.976667 0 0 0 0
0.983333 0 0 0 0
0.99 0 0 0 0
0.996667 0 0 0 0
1.00333 0 0 0 0
1.01 0 0 0 0
1.01667 0 0 0 0
1.02333 0 0 0 0
1.03 0 0 0 0
1.03667 0 0 0 0
1.04333 0 0 0 0
1.05 0 0 0 0
1.05667 0 0 0 0
1.06333 0 0 0 0
1.07 0 0 0 0
1.07667 0 0 0 0
1.08333 0 0 0 0
1.09 0 0 0 0
1.09667 0 0 0 0
1.10333 0 0 0 0
1.11 0 0 0 0
1.11667 0 0 0 0
1.12333 0 0 0 0
1.13 0 0 0 0
1.13667 0 0 0 0
1.14333 0 0 0 0
1.15 0 0 0 0
1.15667 0 0 0 0
1.16333 0 0 0 0
1.17 0 0 0 0
1.17667 0 0 0 0
1.18333 0 0 0 0
1.19 0 0 0 0
1.19667 0 0 0 0
1.20333 0 0 0 0
1.21 0 0 0 0
1.21667 0 0 0 0
1.22333 0 0 0 0
1.23 0 0 0 0
1.23667 0 0 0 0
1.24333 0 0 0 0
1.25 0 0 0 0
1.25667 0 0 0 0
1.26333 0 0 0 0
1.27 0 0 0 0
1.27667 0 0 0 0
1.28333 0 0 0 0
1.29 0 0 0 0
1.29667 0 0 0 0
1.30333 0 0 0 0
1.31 0 0 0 0
1.31667 0 0 0 0
1.32333 0 0 0 0
1.33 0 0 0 0
1.33667 0 0 0 0
1.34333 0 0 0 0
1.35 0 0 0 0
1.35667 0 0 0 0
1.36333 0 0 0 0
1.37 0 0 0 0
1.37667 0 0 0 0
1.38333 0 0 0 0
1.39 0 0 0 0
1.39667 0 0 0 0
1.40333 0 0 0 0
1.41 0 0 0 0
1.41667 0 0 0 0
1.42333 0 0 0 0
1.43 0 0 0 0
1.43667 0 0 0 0
1.44333 0 0 0 0
1.45 0 0 0 0
1.45667 0 0 0 0
1.46333 0 0 0 0
1.47 0 0 0 0
1.47667 0 0 0 0
1.48333 0 0 0 0
1.49 0 0 0 0
1.49667 0 0 0 0
1.50333 0 0 0 0
1.51 0 0 0 0
1.51667 0 0 0 0
1.52333 0 0 0 0
1.53 0 0 0 0
1.53667 0 0 0 0
1.54333 0 0 0 0
1.55 0 0 0 0
1.55667 0 0 0 0
1.56333 0 0 0 0
1.57 0 0 0 0
1.57667 0 0 0 0
1.58333 0 0 0 0
1.59 0 0 0 0
1.59667 0 0 0 0
1.60333 0 0 0 0
1.61 0 0 0 0
1.61667 0 0 0 0
1.62333 0 0 0 0
1.63 0 0 0 0
1.63667 0 0 0 0
1.64333 0 0 0 0
1.65 0 0 0 0
1.65667 0 0 0 0
1.66333 0 0 0 0
1.67 0 0 0 0
1.67667 0 0 0 0
1.68333 0 0 0 0
1.69 0 0 0 0
1.69667 0 0 0 0
1.70333 0 0 0 0
1.71 0 0 0 0
1.71667 0 0 0 0
1.72333 0 0 0 0
1.73 0 0 0 0
1.73667 0 0 0 0
1.74333 0 0 0 0
1.75 0 0 0 0
1.75667 0 0 0 0
1.76333 0 0 0 0
1.77 0 0 0 0
1.77667 0 0 0 0
1.78333 0 0 0 0
1.79 0 0 0 0
1.79667 0 0 0 0
1.80333 0 0 0 0
1.81 0 0 0 0
1.81667 0 0 0 0
1.82333 0 0 0 0
1.83 0 0 0 0
1.83667 0 0 0 0
1.84333 0 0 0 0
1.85 0 0 0 0
1.85667 0 0 0 0
1.86333 0 0 0 0
1.87 0 0 0 0
1.87667 0 0 0 0
1.88333 0 0 0 0
1.89 0 0 0 0
1.89667 0 0 0 0
1.90333 0 0 0 0
1.91 0 0 0 0
1.91667 0 0 0 0
1.92333 0 0 0 0
1.93 0 0 0 0
1.93667 0 0 0 0
1.94333 0 0 0 0
1.95 0 0 0 0
1.95667 0 0 0 0
1.96333 0 0 0 0
1.97 0 0 0 0
1.97667 0 0 0 0
1.98333 0 0 0 0
1.99 0 0 0 0
1.99667 0 0 0 0
