0.00333333 12 18 6 13
0.01 13 18 11 10
0.0166667 10 15 15 6
0.0233333 20 15 20 11
0.03 13 28 16 6
0.0366667 16 40 21 16
0.0433333 22 48 34 12
0.05 31 42 41 18
0.0566667 28 54 50 18
0.0633333 33 65 43 26
0.07 40 76 58 16
0.0766667 44 78 41 23
0.0833333 25 84 60 15
0.09 31 72 58 29
0.0966667 32 91 57 28
0.103333 32 81 47 25
0.11 41 69 55 28
0.116667 22 83 68 21
0.123333 40 74 55 30
0.13 41 79 57 30
0.136667 34 61 50 22
0.143333 40 62 38 22
0.15 35 61 38 23
0.156667 37 52 34 27
0.163333 29 57 44 22
0.17 35 44 40 19
0.176667 38 51 51 16
0.183333 30 47 36 30
0.19 30 49 41 30
0.196667 36 47 29 29
0.203333 32 48 44 24
0.21 22 47 25 22
0.216667 27 48 29 22
0.223333 31 45 25 15
0.23 22 33 34 13
0.236667 26 41 42 9
0.243333 19 39 27 18
0.25 27 35 39 19
0.256667 21 20 21 13
0.263333 20 23 31 19
0.27 17 39 25 14
0.276667 17 22 30 14
0.283333 21 38 22 14
0.29 18 29 25 13
0.296667 19 34 16 13
0.303333 11 29 20 12
0.31 12 27 13 18
0.316667 20 28 12 13
0.323333 18 39 21 13
0.33 18 32 21 15
0.336667 20 25 26 14
0.343333 22 31 15 15
0.35 19 21 22 11
0.356667 20 27 20 11
0.363333 11 26 18 8
0.37 15 29 18 10
0.376667 14 21 21 9
0.383333 16 17 18 13
0.39 22 23 17 12
0.396667 17 23 14 13
0.403333 14 17 18 13
0.41 10 27 14 10
0.416667 15 26 14 5
0.423333 14 25 11 7
0.43 19 24 14 10
0.436667 16 22 9 3
0.443333 17 20 13 8
0.45 19 20 10 9
0.456667 19 14 17 17
0.463333 11 15 10 9
0.47 13 19 15 13
0.476667 16 18 12 9
0.483333 12 14 9 6
0.49 11 12 14 8
0.496667 13 20 12 8
0.503333 13 11 10 2
0.51 4 12 5 7
0.516667 10 12 14 3
0.523333 6 10 9 5
0.53 7 9 15 8
0.536667 7 7 9 5
0.543333 6 12 12 6
0.55 4 13 11 1
0.556667 10 10 13 5
0.563333 8 16 8 6
0.57 5 11 0 7
0.576667 7 17 6 7
0.583333 9 12 13 9
0.59 8 13 7 5
0.596667 5 7 9 5
0.603333 15 16 11 4
0.61 8 11 11 15
0.616667 12 10 6 5
0.623333 6 7 11 10
0.63 7 16 11 7
0.636667 11 8 8 8
0.643333 4 5 9 8
0.65 6 10 7 11
0.656667 7 12 7 6
0.663333 398 363 259 282
0.67 0 0 0 0
0.676667 0 0 0 0
0.683333 0 0 0 0
0.69 0 0 0 0
0.696667 0 0 0 0
0.703333 0 0 0 0
0.71 0 0 0 0
0.716667 0 0 0 0
0.723333 0 0 0 0
0.73 0 0 0 0
0.736667 0 0 0 0
0.743333 0 0 0 0
0.75 0 0 0 0
0.756667 0 0 0 0
0.763333 0 0 0 0
0.77 0 0 0 0
0.776667 0 0 0 0
0.783333 0 0 0 0
0.79 0 0 0 0
0.796667 0 0 0 0
0.803333 0 0 0 0
0.81 0 0 0 0
0.816667 0 0 0 0
0.823333 0 0 0 0
0.83 0 0 0 0
0.836667 0 0 0 0
0.843333 0 0 0 0
0.85 0 0 0 0
0.856667 0 0 0 0
0.863333 0 0 0 0
0.87 0 0 0 0
0.876667 0 0 0 0
0.883333 0 0 0 0
0.89 0 0 0 0
0.896667 0 0 0 0
0.903333 0 0 0 0
0.91 0 0 0 0
0.916667 0 0 0 0
0.923333 0 0 0 0
0.93 0 0 0 0
0.936667 0 0 0 0
0.943333 0 0 0 0
0.95 0 0 0 0
0.956667 0 0 0 0
0.963333 0 0 0 0
0.97 0 0 0 0
0.976667 0 0 0 0
0.983333 0 0 0 0
0.99 0 0 0 0
0.996667 0 0 0 0
1.00333 0 0 0 0
1.01 0 0 0 0
1.01667 0 0 0 0
1.02333 0 0 0 0
1.03 0 0 0 0
1.03667 0 0 0 0
1.04333 0 0 0 0
1.05 0 0 0 0
1.05667 0 0 0 0
1.06333 0 0 0 0
1.07 0 0 0 0
1.07667 0 0 0 0
1.08333 0 0 0 0
1.09 0 0 0 0
1.09667 0 0 0 0
1.10333 0 0 0 0
1.11 0 0 0 0
1.11667 0 0 0 0
1.12333 0 0 0 0
1.13 0 0 0 0
1.13667 0 0 0 0
1.14333 0 0 0 0
1.15 0 0 0 0
1.15667 0 0 0 0
1.16333 0 0 0 0
1.17 0 0 0 0
1.17667 0 0 0 0
1.18333 0 0 0 0
1.19 0 0 0 0
1.19667 0 0 0 0
1.20333 0 0 0 0
1.21 0 0 0 0
1.21667 0 0 0 0
1.22333 0 0 0 0
1.23 0 0 0 0
1.23667 0 0 0 0
1.24333 0 0 0 0
1.25 0 0 0 0
1.25667 0 0 0 0
1.26333 0 0 0 0
1.27 0 0 0 0
1.27667 0 0 0 0
1.28333 0 0 0 0
1.29 0 0 0 0
1.29667 0 0 0 0
1.30333 0 0 0 0
1.31 0 0 0 0
1.31667 0 0 0 0
1.32333 0 0 0 0
1.33 0 0 0 0
1.33667 0 0 0 0
1.34333 0 0 0 0
1.35 0 0 0 0
1.35667 0 0 0 0
1.36333 0 0 0 0
1.37 0 0 0 0
1.37667 0 0 0 0
1.38333 0 0 0 0
1.39 0 0 0 0
1.39667 0 0 0 0
1.40333 0 0 0 0
1.41 0 0 0 0
1.41667 0 0 0 0
1.42333 0 0 0 0
1.43 0 0 0 0
1.43667 0 0 0 0
1.44333 0 0 0 0
1.45 0 0 0 0
1.45667 0 0 0 0
1.46333 0 0 0 0
1.47 0 0 0 0
1.47667 0 0 0 0
1.48333 0 0 0 0
1.49 0 0 0 0
1.49667 0 0 0 0
1.50333 0 0 0 0
1.51 0 0 0 0
1.51667 0 0 0 0
1.52333 0 0 0 0
1.53 0 0 0 0
1.53667 0 0 0 0
1.54333 0 0 0 0
1.55 0 0 0 0
1.55667 0 0 0 0
1.56333 0 0 0 0
1.57 0 0 0 0
1.57667 0 0 0 0
1.58333 0 0 0 0
1.59 0 0 0 0
1.59667 0 0 0 0
1.60333 0 0 0 0
1.61 0 0 0 0
1.61667 0 0 0 0
1.62333 0 0 0 0
1.63 0 0 0 0
1.63667 0 0 0 0
1.64333 0 0 0 0
1.65 0 0 0 0
1.65667 0 0 0 0
1.66333 0 0 0 0
1.67 0 0 0 0
1.67667 0 0 0 0
1.68333 0 0 0 0
1.69 0 0 0 0
1.69667 0 0 0 0
1.70333 0 0 0 0
1.71 0 0 0 0
1.71667 0 0 0 0
1.72333 0 0 0 0
1.73 0 0 0 0
1.73667 0 0 0 0
1.74333 0 0 0 0
1.75 0 0 0 0
1.75667 0 0 0 0
1.76333 0 0 0 0
1.77 0 0 0 0
1.77667 0 0 0 0
1.78333 0 0 0 0
1.79 0 0 0 0
1.79667 0 0 0 0
1.80333 0 0 0 0
1.81 0 0 0 0
1.81667 0 0 0 0
1.82333 0 0 0 0
1.83 0 0 0 0
1.83667 0 0 0 0
1.84333 0 0 0 0
1.85 0 0 0 0
1.85667 0 0 0 0
1.86333 0 0 0 0
1.87 0 0 0 0
1.87667 0 0 0 0
1.88333 0 0 0 0
1.89 0 0 0 0
1.89667 0 0 0 0
1.90333 0 0 0 0
1.91 0 0 0 0
1.91667 0 0 0 0
1.92333 0 0 0 0
1.93 0 0 0 0
1.93667 0 0 0 0
1.94333 0 0 0 0
1.95 0 0 0 0
1.95667 0 0 0 0
1.96333 0 0 0 0
1.97 0 0 0 0
1.97667 0 0 0 0
1.98333 0 0 0 0
1.99 0 0 0 0
1.99667 0 0 0 0
