0.00333333 4 25 24 5
0.01 5 33 51 9
0.0166667 3 40 57 12
0.0233333 4 48 55 4
0.03 5 42 49 6
0.0366667 11 54 63 11
0.0433333 12 61 93 21
0.05 20 72 126 28
0.0566667 18 84 139 22
0.0633333 17 101 156 25
0.07 14 82 155 32
0.0766667 20 89 169 37
0.0833333 14 99 152 30
0.09 13 114 173 27
0.0966667 16 101 145 38
0.103333 19 103 166 30
0.11 16 104 177 27
0.116667 16 98 153 29
0.123333 19 97 145 27
0.13 9 110 143 22
0.136667 11 90 140 35
0.143333 18 113 156 27
0.15 13 88 140 20
0.156667 4 92 132 28
0.163333 9 91 129 27
0.17 13 82 127 22
0.176667 9 87 119 30
0.183333 10 85 114 18
0.19 11 87 121 22
0.196667 15 100 133 25
0.203333 16 94 109 23
0.21 11 84 100 20
0.216667 12 89 107 20
0.223333 10 71 108 19
0.23 8 79 106 19
0.236667 11 71 78 17
0.243333 5 66 85 10
0.25 8 53 80 17
0.256667 11 66 78 11
0.263333 4 69 71 11
0.27 6 45 81 15
0.276667 6 56 89 23
0.283333 6 45 78 14
0.29 5 43 65 5
0.296667 5 52 68 13
0.303333 10 34 63 14
0.31 6 56 66 8
0.316667 10 47 56 14
0.323333 5 46 60 16
0.33 13 34 67 15
0.336667 5 49 59 16
0.343333 8 35 52 14
0.35 4 30 73 15
0.356667 4 41 48 21
0.363333 4 49 62 11
0.37 5 35 53 9
0.376667 9 48 50 10
0.383333 6 32 55 6
0.39 3 35 39 13
0.396667 6 29 54 8
0.403333 3 42 46 5
0.41 3 34 48 13
0.416667 6 34 41 12
0.423333 8 43 44 7
0.43 5 42 40 5
0.436667 7 35 56 3
0.443333 6 38 41 7
0.45 5 32 52 6
0.456667 6 39 33 10
0.463333 7 27 42 6
0.47 4 31 52 14
0.476667 1 24 46 13
0.483333 4 24 26 9
0.49 2 22 25 13
0.496667 3 20 17 7
0.503333 4 25 25 9
0.51 1 17 26 3
0.516667 5 17 30 7
0.523333 7 18 23 5
0.53 1 21 21 4
0.536667 3 14 25 3
0.543333 3 14 33 5
0.55 2 18 23 6
0.556667 1 18 21 9
0.563333 5 18 19 9
0.57 2 14 15 2
0.576667 2 15 23 3
0.583333 4 16 22 1
0.59 2 21 18 11
0.596667 3 18 20 1
0.603333 4 12 22 5
0.61 2 23 20 4
0.616667 4 22 17 3
0.623333 2 14 20 4
0.63 5 13 22 6
0.636667 1 22 14 7
0.643333 4 8 18 4
0.65 2 13 16 3
0.656667 2 12 23 1
0.663333 76 988 1125 170
0.67 0 0 0 0
0.676667 0 0 0 0
0.683333 0 0 0 0
0.69 0 0 0 0
0.696667 0 0 0 0
0.703333 0 0 0 0
0.71 0 0 0 0
0.716667 0 0 0 0
0.723333 0 0 0 0
0.73 0 0 0 0
0.736667 0 0 0 0
0.743333 0 0 0 0
0.75 0 0 0 0
0.756667 0 0 0 0
0.763333 0 0 0 0
0.77 0 0 0 0
0.776667 0 0 0 0
0.783333 0 0 0 0
0.79 0 0 0 0
0.796667 0 0 0 0
0.803333 0 0 0 0
0.81 0 0 0 0
0.816667 0 0 0 0
0.823333 0 0 0 0
0.83 0 0 0 0
0.836667 0 0 0 0
0.843333 0 0 0 0
0.85 0 0 0 0
0.856667 0 0 0 0
0.863333 0 0 0 0
0.87 0 0 0 0
0.876667 0 0 0 0
0.883333 0 0 0 0
0.89 0 0 0 0
0.896667 0 0 0 0
0.903333 0 0 0 0
0.91 0 0 0 0
0.916667 0 0 0 0
0.923333 0 0 0 0
0.93 0 0 0 0
0.936667 0 0 0 0
0.943333 0 0 0 0
0.95 0 0 0 0
0.956667 0 0 0 0
0.963333 0 0 0 0
0.97 0 0 0 0
0.976667 0 0 0 0
0.983333 0 0 0 0
0.99 0 0 0 0
0.996667 0 0 0 0
1.00333 0 0 0 0
1.01 0 0 0 0
1.01667 0 0 0 0
1.02333 0 0 0 0
1.03 0 0 0 0
1.03667 0 0 0 0
1.04333 0 0 0 0
1.05 0 0 0 0
1.05667 0 0 0 0
1.06333 0 0 0 0
1.07 0 0 0 0
1.07667 0 0 0 0
1.08333 0 0 0 0
1.09 0 0 0 0
1.09667 0 0 0 0
1.10333 0 0 0 0
1.11 0 0 0 0
1.11667 0 0 0 0
1.12333 0 0 0 0
1.13 0 0 0 0
1.13667 0 0 0 0
1.14333 0 0 0 0
1.15 0 0 0 0
1.15667 0 0 0 0
1.16333 0 0 0 0
1.17 0 0 0 0
1.17667 0 0 0 0
1.18333 0 0 0 0
1.19 0 0 0 0
1.19667 0 0 0 0
1.20333 0 0 0 0
1.21 0 0 0 0
1.21667 0 0 0 0
1.22333 0 0 0 0
1.23 0 0 0 0
1.23667 0 0 0 0
1.24333 0 0 0 0
1.25 0 0 0 0
1.25667 0 0 0 0
1.26333 0 0 0 0
1.27 0 0 0 0
1.27667 0 0 0 0
1.28333 0 0 0 0
1.29 0 0 0 0
1.29667 0 0 0 0
1.30333 0 0 0 0
1.31 0 0 0 0
1.31667 0 0 0 0
1.32333 0 0 0 0
1.33 0 0 0 0
1.33667 0 0 0 0
1.34333 0 0 0 0
1.35 0 0 0 0
1.35667 0 0 0 0
1.36333 0 0 0 0
1.37 0 0 0 0
1.37667 0 0 0 0
1.38333 0 0 0 0
1.39 0 0 0 0
1.39667 0 0 0 0
1.40333 0 0 0 0
1.41 0 0 0 0
1.41667 0 0 0 0
1.42333 0 0 0 0
1.43 0 0 0 0
1.43667 0 0 0 0
1.44333 0 0 0 0
1.45 0 0 0 0
1.45667 0 0 0 0
1.46333 0 0 0 0
1.47 0 0 0 0
1.47667 0 0 0 0
1.48333 0 0 0 0
1.49 0 0 0 0
1.49667 0 0 0 0
1.50333 0 0 0 0
1.51 0 0 0 0
1.51667 0 0 0 0
1.52333 0 0 0 0
1.53 0 0 0 0
1.53667 0 0 0 0
1.54333 0 0 0 0
1.55 0 0 0 0
1.55667 0 0 0 0
1.56333 0 0 0 0
1.57 0 0 0 0
1.57667 0 0 0 0
1.58333 0 0 0 0
1.59 0 0 0 0
1.59667 0 0 0 0
1.60333 0 0 0 0
1.61 0 0 0 0
1.61667 0 0 0 0
1.62333 0 0 0 0
1.63 0 0 0 0
1.63667 0 0 0 0
1.64333 0 0 0 0
1.65 0 0 0 0
1.65667 0 0 0 0
1.66333 0 0 0 0
1.67 0 0 0 0
1.67667 0 0 0 0
1.68333 0 0 0 0
1.69 0 0 0 0
1.69667 0 0 0 0
1.70333 0 0 0 0
1.71 0 0 0 0
1.71667 0 0 0 0
1.72333 0 0 0 0
1.73 0 0 0 0
1.73667 0 0 0 0
1.74333 0 0 0 0
1.75 0 0 0 0
1.75667 0 0 0 0
1.76333 0 0 0 0
1.77 0 0 0 0
1.77667 0 0 0 0
1.78333 0 0 0 0
1.79 0 0 0 0
1.79667 0 0 0 0
1.80333 0 0 0 0
1.81 0 0 0 0
1.81667 0 0 0 0
1.82333 0 0 0 0
1.83 0 0 0 0
1.83667 0 0 0 0
1.84333 0 0 0 0
1.85 0 0 0 0
1.85667 0 0 0 0
1.86333 0 0 0 0
1.87 0 0 0 0
1.87667 0 0 0 0
1.88333 0 0 0 0
1.89 0 0 0 0
1.89667 0 0 0 0
1.90333 0 0 0 0
1.91 0 0 0 0
1.91667 0 0 0 0
1.92333 0 0 0 0
1.93 0 0 0 0
1.93667 0 0 0 0
1.94333 0 0 0 0
1.95 0 0 0 0
1.95667 0 0 0 0
1.96333 0 0 0 0
1.97 0 0 0 0
1.97667 0 0 0 0
1.98333 0 0 0 0
1.99 0 0 0 0
1.99667 0 0 0 0
