0.00333333 7 30 41 5
0.01 5 37 28 4
0.0166667 5 54 44 8
0.0233333 8 35 54 8
0.03 10 37 45 8
0.0366667 14 43 56 9
0.0433333 15 69 78 14
0.05 22 66 91 17
0.0566667 20 102 105 23
0.0633333 37 105 124 22
0.07 31 124 140 24
0.0766667 19 118 175 31
0.0833333 30 122 141 27
0.09 18 148 139 27
0.0966667 29 125 135 29
0.103333 25 106 131 21
0.11 23 113 131 17
0.116667 16 110 146 21
0.123333 20 124 118 13
0.13 26 119 163 15
0.136667 28 89 123 22
0.143333 19 93 126 10
0.15 24 98 108 18
0.156667 22 91 102 14
0.163333 11 82 103 10
0.17 27 85 95 21
0.176667 18 89 116 16
0.183333 15 97 91 16
0.19 22 72 110 14
0.196667 20 95 97 20
0.203333 16 84 94 13
0.21 18 86 96 10
0.216667 13 72 89 11
0.223333 17 75 86 16
0.23 12 76 91 8
0.236667 10 60 75 11
0.243333 15 61 82 7
0.25 19 75 61 11
0.256667 7 57 81 12
0.263333 9 63 58 9
0.27 16 55 73 12
0.276667 9 59 64 6
0.283333 6 43 47 7
0.29 13 54 57 4
0.296667 7 53 51 19
0.303333 8 50 49 5
0.31 10 58 55 6
0.316667 6 56 44 8
0.323333 7 43 65 11
0.33 11 40 56 11
0.336667 13 52 51 9
0.343333 6 35 45 10
0.35 5 33 55 3
0.356667 6 41 40 11
0.363333 9 36 43 9
0.37 6 34 38 10
0.376667 8 28 42 11
0.383333 13 40 33 11
0.39 5 34 47 7
0.396667 11 40 33 5
0.403333 11 31 46 5
0.41 7 33 43 5
0.416667 9 31 41 6
0.423333 8 30 46 4
0.43 5 31 32 4
0.436667 6 28 44 6
0.443333 6 27 37 6
0.45 7 28 41 8
0.456667 8 29 41 10
0.463333 7 37 34 4
0.47 4 28 32 9
0.476667 9 24 37 2
0.483333 6 17 30 11
0.49 1 22 29 10
0.496667 4 17 20 3
0.503333 8 16 21 2
0.51 2 13 31 1
0.516667 2 19 12 7
0.523333 6 21 12 3
0.53 3 21 16 3
0.536667 4 20 16 7
0.543333 4 12 26 6
0.55 2 14 28 0
0.556667 4 13 21 3
0.563333 5 13 18 5
0.57 1 19 23 2
0.576667 4 12 19 3
0.583333 5 19 14 5
0.59 2 14 11 4
0.596667 9 27 28 5
0.603333 4 10 17 3
0.61 2 15 17 2
0.616667 2 13 18 5
0.623333 3 13 12 3
0.63 5 8 14 1
0.636667 4 17 16 2
0.643333 3 17 18 4
0.65 4 18 21 4
0.656667 2 11 20 0
0.663333 106 637 956 98
0.67 0 0 0 0
0.676667 0 0 0 0
0.683333 0 0 0 0
0.69 0 0 0 0
0.696667 0 0 0 0
0.703333 0 0 0 0
0.71 0 0 0 0
0.716667 0 0 0 0
0.723333 0 0 0 0
0.73 0 0 0 0
0.736667 0 0 0 0
0.743333 0 0 0 0
0.75 0 0 0 0
0.756667 0 0 0 0
0.763333 0 0 0 0
0.77 0 0 0 0
0.776667 0 0 0 0
0.783333 0 0 0 0
0.79 0 0 0 0
0.796667 0 0 0 0
0.803333 0 0 0 0
0.81 0 0 0 0
0.816667 0 0 0 0
0.823333 0 0 0 0
0.83 0 0 0 0
0.836667 0 0 0 0
0.843333 0 0 0 0
0.85 0 0 0 0
0.856667 0 0 0 0
0.863333 0 0 0 0
0.87 0 0 0 0
0.876667 0 0 0 0
0.883333 0 0 0 0
0.89 0 0 0 0
0.896667 0 0 0 0
0.903333 0 0 0 0
0.91 0 0 0 0
0.916667 0 0 0 0
0.923333 0 0 0 0
0.93 0 0 0 0
0.936667 0 0 0 0
0.943333 0 0 0 0
0.95 0 0 0 0
0.956667 0 0 0 0
0.963333 0 0 0 0
0.97 0 0 0 0
0.976667 0 0 0 0
0.983333 0 0 0 0
0.99 0 0 0 0
0.996667 0 0 0 0
1.00333 0 0 0 0
1.01 0 0 0 0
1.01667 0 0 0 0
1.02333 0 0 0 0
1.03 0 0 0 0
1.03667 0 0 0 0
1.04333 0 0 0 0
1.05 0 0 0 0
1.05667 0 0 0 0
1.06333 0 0 0 0
1.07 0 0 0 0
1.07667 0 0 0 0
1.08333 0 0 0 0
1.09 0 0 0 0
1.09667 0 0 0 0
1.10333 0 0 0 0
1.11 0 0 0 0
1.11667 0 0 0 0
1.12333 0 0 0 0
1.13 0 0 0 0
1.13667 0 0 0 0
1.14333 0 0 0 0
1.15 0 0 0 0
1.15667 0 0 0 0
1.16333 0 0 0 0
1.17 0 0 0 0
1.17667 0 0 0 0
1.18333 0 0 0 0
1.19 0 0 0 0
1.19667 0 0 0 0
1.20333 0 0 0 0
1.21 0 0 0 0
1.21667 0 0 0 0
1.22333 0 0 0 0
1.23 0 0 0 0
1.23667 0 0 0 0
1.24333 0 0 0 0
1.25 0 0 0 0
1.25667 0 0 0 0
1.26333 0 0 0 0
1.27 0 0 0 0
1.27667 0 0 0 0
1.28333 0 0 0 0
1.29 0 0 0 0
1.29667 0 0 0 0
1.30333 0 0 0 0
1.31 0 0 0 0
1.31667 0 0 0 0
1.32333 0 0 0 0
1.33 0 0 0 0
1.33667 0 0 0 0
1.34333 0 0 0 0
1.35 0 0 0 0
1.35667 0 0 0 0
1.36333 0 0 0 0
1.37 0 0 0 0
1.37667 0 0 0 0
1.38333 0 0 0 0
1.39 0 0 0 0
1.39667 0 0 0 0
1.40333 0 0 0 0
1.41 0 0 0 0
1.41667 0 0 0 0
1.42333 0 0 0 0
1.43 0 0 0 0
1.43667 0 0 0 0
1.44333 0 0 0 0
1.45 0 0 0 0
1.45667 0 0 0 0
1.46333 0 0 0 0
1.47 0 0 0 0
1.47667 0 0 0 0
1.48333 0 0 0 0
1.49 0 0 0 0
1.49667 0 0 0 0
1.50333 0 0 0 0
1.51 0 0 0 0
1.51667 0 0 0 0
1.52333 0 0 0 0
1.53 0 0 0 0
1.53667 0 0 0 0
1.54333 0 0 0 0
1.55 0 0 0 0
1.55667 0 0 0 0
1.56333 0 0 0 0
1.57 0 0 0 0
1.57667 0 0 0 0
1.58333 0 0 0 0
1.59 0 0 0 0
1.59667 0 0 0 0
1.60333 0 0 0 0
1.61 0 0 0 0
1.61667 0 0 0 0
1.62333 0 0 0 0
1.63 0 0 0 0
1.63667 0 0 0 0
1.64333 0 0 0 0
1.65 0 0 0 0
1.65667 0 0 0 0
1.66333 0 0 0 0
1.67 0 0 0 0
1.67667 0 0 0 0
1.68333 0 0 0 0
1.69 0 0 0 0
1.69667 0 0 0 0
1.70333 0 0 0 0
1.71 0 0 0 0
1.71667 0 0 0 0
1.72333 0 0 0 0
1.73 0 0 0 0
1.73667 0 0 0 0
1.74333 0 0 0 0
1.75 0 0 0 0
1.75667 0 0 0 0
1.76333 0 0 0 0
1.77 0 0 0 0
1.77667 0 0 0 0
1.78333 0 0 0 0
1.79 0 0 0 0
1.79667 0 0 0 0
1.80333 0 0 0 0
1.81 0 0 0 0
1.81667 0 0 0 0
1.82333 0 0 0 0
1.83 0 0 0 0
1.83667 0 0 0 0
1.84333 0 0 0 0
1.85 0 0 0 0
1.85667 0 0 0 0
1.86333 0 0 0 0
1.87 0 0 0 0
1.87667 0 0 0 0
1.88333 0 0 0 0
1.89 0 0 0 0
1.89667 0 0 0 0
1.90333 0 0 0 0
1.91 0 0 0 0
1.91667 0 0 0 0
1.92333 0 0 0 0
1.93 0 0 0 0
1.93667 0 0 0 0
1.94333 0 0 0 0
1.95 0 0 0 0
1.95667 0 0 0 0
1.96333 0 0 0 0
1.97 0 0 0 0
1.97667 0 0 0 0
1.98333 0 0 0 0
1.99 0 0 0 0
1.99667 0 0 0 0
