0.00333333 7 10 6 17
0.01 2 10 23 32
0.0166667 7 12 22 20
0.0233333 14 14 24 28
0.03 7 18 37 23
0.0366667 6 15 40 33
0.0433333 12 20 62 29
0.05 14 32 74 38
0.0566667 14 39 81 43
0.0633333 13 51 92 42
0.07 10 44 110 49
0.0766667 20 44 116 49
0.0833333 19 36 112 55
0.09 15 44 94 52
0.0966667 20 50 98 55
0.103333 18 42 98 71
0.11 19 37 107 51
0.116667 24 44 107 61
0.123333 25 38 107 59
0.13 18 33 77 50
0.136667 18 28 82 46
0.143333 27 42 97 39
0.15 17 30 81 56
0.156667 19 29 72 53
0.163333 19 37 67 49
0.17 18 25 69 53
0.176667 12 33 70 44
0.183333 13 29 56 64
0.19 19 30 66 33
0.196667 22 30 66 56
0.203333 13 30 55 55
0.21 7 18 43 52
0.216667 18 29 60 43
0.223333 16 23 46 29
0.23 11 22 52 37
0.236667 12 22 56 40
0.243333 14 18 55 33
0.25 9 24 45 33
0.256667 8 16 43 35
0.263333 12 22 44 38
0.27 4 26 50 34
0.276667 9 25 50 21
0.283333 12 21 53 26
0.29 6 17 59 26
0.296667 14 18 42 28
0.303333 10 15 32 31
0.31 8 15 41 32
0.316667 9 16 36 25
0.323333 12 13 36 29
0.33 11 14 46 23
0.336667 9 17 27 28
0.343333 9 13 45 29
0.35 7 10 33 24
0.356667 6 15 32 23
0.363333 6 19 33 17
0.37 12 13 35 20
0.376667 16 19 27 23
0.383333 12 8 20 23
0.39 10 15 34 20
0.396667 9 9 29 24
0.403333 5 18 22 27
0.41 4 15 23 17
0.416667 7 13 27 23
0.423333 7 11 29 15
0.43 10 24 22 18
0.436667 8 9 30 23
0.443333 13 9 22 16
0.45 10 12 32 26
0.456667 3 9 22 26
0.463333 3 12 25 17
0.47 5 15 25 18
0.476667 9 14 25 19
0.483333 1 14 18 11
0.49 5 16 15 10
0.496667 2 11 21 17
0.503333 7 12 21 7
0.51 3 7 13 19
0.516667 4 12 17 13
0.523333 3 7 18 12
0.53 3 4 15 9
0.536667 3 7 20 7
0.543333 1 6 14 12
0.55 6 10 5 7
0.556667 4 10 17 8
0.563333 3 5 16 8
0.57 3 13 12 17
0.576667 6 9 10 9
0.583333 5 3 10 17
0.59 5 14 10 12
0.596667 8 8 13 7
0.603333 5 4 15 8
0.61 5 5 8 19
0.616667 7 8 13 10
0.623333 3 6 10 8
0.63 4 3 9 9
0.636667 2 8 11 12
0.643333 5 5 10 9
0.65 3 7 13 10
0.656667 3 5 9 6
0.663333 220 186 466 562
0.67 0 0 0 0
0.676667 0 0 0 0
0.683333 0 0 0 0
0.69 0 0 0 0
0.696667 0 0 0 0
0.703333 0 0 0 0
0.71 0 0 0 0
0.716667 0 0 0 0
0.723333 0 0 0 0
0.73 0 0 0 0
0.736667 0 0 0 0
0.743333 0 0 0 0
0.75 0 0 0 0
0.756667 0 0 0 0
0.763333 0 0 0 0
0.77 0 0 0 0
0.776667 0 0 0 0
0.783333 0 0 0 0
0.79 0 0 0 0
0.796667 0 0 0 0
0.803333 0 0 0 0
0.81 0 0 0 0
0.816667 0 0 0 0
0.823333 0 0 0 0
0.83 0 0 0 0
0.836667 0 0 0 0
0.843333 0 0 0 0
0.85 0 0 0 0
0.856667 0 0 0 0
0.863333 0 0 0 0
0.87 0 0 0 0
0.876667 0 0 0 0
0.883333 0 0 0 0
0.89 0 0 0 0
0.896667 0 0 0 0
0.903333 0 0 0 0
0.91 0 0 0 0
0.916667 0 0 0 0
0.923333 0 0 0 0
0.93 0 0 0 0
0.936667 0 0 0 0
0.943333 0 0 0 0
0.95 0 0 0 0
0.956667 0 0 0 0
0.963333 0 0 0 0
0.97 0 0 0 0
0.976667 0 0 0 0
0.983333 0 0 0 0
0.99 0 0 0 0
0.996667 0 0 0 0
1.00333 0 0 0 0
1.01 0 0 0 0
1.01667 0 0 0 0
1.02333 0 0 0 0
1.03 0 0 0 0
1.03667 0 0 0 0
1.04333 0 0 0 0
1.05 0 0 0 0
1.05667 0 0 0 0
1.06333 0 0 0 0
1.07 0 0 0 0
1.07667 0 0 0 0
1.08333 0 0 0 0
1.09 0 0 0 0
1.09667 0 0 0 0
1.10333 0 0 0 0
1.11 0 0 0 0
1.11667 0 0 0 0
1.12333 0 0 0 0
1.13 0 0 0 0
1.13667 0 0 0 0
1.14333 0 0 0 0
1.15 0 0 0 0
1.15667 0 0 0 0
1.16333 0 0 0 0
1.17 0 0 0 0
1.17667 0 0 0 0
1.18333 0 0 0 0
1.19 0 0 0 0
1.19667 0 0 0 0
1.20333 0 0 0 0
1.21 0 0 0 0
1.21667 0 0 0 0
1.22333 0 0 0 0
1.23 0 0 0 0
1.23667 0 0 0 0
1.24333 0 0 0 0
1.25 0 0 0 0
1.25667 0 0 0 0
1.26333 0 0 0 0
1.27 0 0 0 0
1.27667 0 0 0 0
1.28333 0 0 0 0
1.29 0 0 0 0
1.29667 0 0 0 0
1.30333 0 0 0 0
1.31 0 0 0 0
1.31667 0 0 0 0
1.32333 0 0 0 0
1.33 0 0 0 0
1.33667 0 0 0 0
1.34333 0 0 0 0
1.35 0 0 0 0
1.35667 0 0 0 0
1.36333 0 0 0 0
1.37 0 0 0 0
1.37667 0 0 0 0
1.38333 0 0 0 0
1.39 0 0 0 0
1.39667 0 0 0 0
1.40333 0 0 0 0
1.41 0 0 0 0
1.41667 0 0 0 0
1.42333 0 0 0 0
1.43 0 0 0 0
1.43667 0 0 0 0
1.44333 0 0 0 0
1.45 0 0 0 0
1.45667 0 0 0 0
1.46333 0 0 0 0
1.47 0 0 0 0
1.47667 0 0 0 0
1.48333 0 0 0 0
1.49 0 0 0 0
1.49667 0 0 0 0
1.50333 0 0 0 0
1.51 0 0 0 0
1.51667 0 0 0 0
1.52333 0 0 0 0
1.53 0 0 0 0
1.53667 0 0 0 0
1.54333 0 0 0 0
1.55 0 0 0 0
1.55667 0 0 0 0
1.56333 0 0 0 0
1.57 0 0 0 0
1.57667 0 0 0 0
1.58333 0 0 0 0
1.59 0 0 0 0
1.59667 0 0 0 0
1.60333 0 0 0 0
1.61 0 0 0 0
1.61667 0 0 0 0
1.62333 0 0 0 0
1.63 0 0 0 0
1.63667 0 0 0 0
1.64333 0 0 0 0
1.65 0 0 0 0
1.65667 0 0 0 0
1.66333 0 0 0 0
1.67 0 0 0 0
1.67667 0 0 0 0
1.68333 0 0 0 0
1.69 0 0 0 0
1.69667 0 0 0 0
1.70333 0 0 0 0
1.71 0 0 0 0
1.71667 0 0 0 0
1.72333 0 0 0 0
1.73 0 0 0 0
1.73667 0 0 0 0
1.74333 0 0 0 0
1.75 0 0 0 0
1.75667 0 0 0 0
1.76333 0 0 0 0
1.77 0 0 0 0
1.77667 0 0 0 0
1.78333 0 0 0 0
1.79 0 0 0 0
1.79667 0 0 0 0
1.80333 0 0 0 0
1.81 0 0 0 0
1.81667 0 0 0 0
1.82333 0 0 0 0
1.83 0 0 0 0
1.83667 0 0 0 0
1.84333 0 0 0 0
1.85 0 0 0 0
1.85667 0 0 0 0
1.86333 0 0 0 0
1.87 0 0 0 0
1.87667 0 0 0 0
1.88333 0 0 0 0
1.89 0 0 0 0
1.89667 0 0 0 0
1.90333 0 0 0 0
1.91 0 0 0 0
1.91667 0 0 0 0
1.92333 0 0 0 0
1.93 0 0 0 0
1.93667 0 0 0 0
1.94333 0 0 0 0
1.95 0 0 0 0
1.95667 0 0 0 0
1.96333 0 0 0 0
1.97 0 0 0 0
1.97667 0 0 0 0
1.98333 0 0 0 0
1.99 0 0 0 0
1.99667 0 0 0 0
