0.00333333 0 0 26 51
0.01 0 1 20 40
0.0166667 3 1 19 52
0.0233333 0 3 23 66
0.03 1 2 40 65
0.0366667 1 3 43 79
0.0433333 2 5 53 104
0.05 0 6 72 136
0.0566667 2 5 75 155
0.0633333 2 6 97 142
0.07 0 6 101 156
0.0766667 2 3 102 145
0.0833333 1 4 72 174
0.09 0 3 90 206
0.0966667 1 8 89 189
0.103333 2 6 79 194
0.11 1 6 93 184
0.116667 1 2 109 206
0.123333 1 3 86 185
0.13 2 3 68 165
0.136667 0 5 67 197
0.143333 2 0 82 130
0.15 1 2 64 146
0.156667 0 2 73 136
0.163333 2 5 82 138
0.17 1 3 74 135
0.176667 4 3 72 145
0.183333 3 4 66 126
0.19 1 1 66 156
0.196667 1 4 54 151
0.203333 0 0 65 105
0.21 0 4 56 153
0.216667 1 4 65 109
0.223333 0 3 62 101
0.23 1 1 55 110
0.236667 0 2 62 107
0.243333 1 5 64 103
0.25 0 3 52 93
0.256667 1 3 44 98
0.263333 0 3 47 87
0.27 1 2 51 102
0.276667 1 1 46 90
0.283333 1 2 40 81
0.29 0 4 46 88
0.296667 1 3 43 76
0.303333 0 1 47 88
0.31 0 3 34 68
0.316667 0 3 36 65
0.323333 1 4 41 64
0.33 1 3 42 77
0.336667 1 1 37 74
0.343333 1 2 28 68
0.35 1 1 39 71
0.356667 0 2 39 59
0.363333 1 3 41 68
0.37 1 0 28 61
0.376667 0 2 38 44
0.383333 1 0 45 67
0.39 1 2 34 65
0.396667 1 1 25 71
0.403333 0 1 30 67
0.41 1 1 28 47
0.416667 0 2 42 48
0.423333 0 2 31 60
0.43 0 4 37 56
0.436667 0 5 26 67
0.443333 1 1 36 53
0.45 3 2 27 72
0.456667 0 2 21 43
0.463333 1 0 29 41
0.47 0 2 18 57
0.476667 0 1 25 47
0.483333 1 3 29 41
0.49 0 0 20 43
0.496667 1 1 22 32
0.503333 1 1 14 40
0.51 0 3 19 33
0.516667 0 0 17 36
0.523333 0 2 9 35
0.53 0 1 17 29
0.536667 1 1 17 28
0.543333 1 1 10 37
0.55 0 1 15 25
0.556667 0 2 13 28
0.563333 0 1 16 21
0.57 2 2 15 30
0.576667 1 2 13 30
0.583333 0 1 10 25
0.59 0 2 8 33
0.596667 0 1 17 29
0.603333 0 2 16 25
0.61 0 4 19 30
0.616667 0 1 16 25
0.623333 0 1 16 30
0.63 0 2 11 25
0.636667 0 0 11 31
0.643333 0 0 12 30
0.65 0 3 9 24
0.656667 0 1 15 24
0.663333 7 20 631 1430
0.67 0 0 0 0
0.676667 0 0 0 0
0.683333 0 0 0 0
0.69 0 0 0 0
0.696667 0 0 0 0
0.703333 0 0 0 0
0.71 0 0 0 0
0.716667 0 0 0 0
0.723333 0 0 0 0
0.73 0 0 0 0
0.736667 0 0 0 0
0.743333 0 0 0 0
0.75 0 0 0 0
0.756667 0 0 0 0
0.763333 0 0 0 0
0.77 0 0 0 0
0.776667 0 0 0 0
0.783333 0 0 0 0
0.79 0 0 0 0
0.796667 0 0 0 0
0.803333 0 0 0 0
0.81 0 0 0 0
0.816667 0 0 0 0
0.823333 0 0 0 0
0.83 0 0 0 0
0.836667 0 0 0 0
0.843333 0 0 0 0
0.85 0 0 0 0
0.856667 0 0 0 0
0.863333 0 0 0 0
0.87 0 0 0 0
0.876667 0 0 0 0
0.883333 0 0 0 0
0.89 0 0 0 0
0.896667 0 0 0 0
0.903333 0 0 0 0
0.91 0 0 0 0
0.916667 0 0 0 0
0.923333 0 0 0 0
0.93 0 0 0 0
0.936667 0 0 0 0
0.943333 0 0 0 0
0.95 0 0 0 0
0.956667 0 0 0 0
0.963333 0 0 0 0
0.97 0 0 0 0
0.976667 0 0 0 0
0.983333 0 0 0 0
0.99 0 0 0 0
0.996667 0 0 0 0
1.00333 0 0 0 0
1.01 0 0 0 0
1.01667 0 0 0 0
1.02333 0 0 0 0
1.03 0 0 0 0
1.03667 0 0 0 0
1.04333 0 0 0 0
1.05 0 0 0 0
1.05667 0 0 0 0
1.06333 0 0 0 0
1.07 0 0 0 0
1.07667 0 0 0 0
1.08333 0 0 0 0
1.09 0 0 0 0
1.09667 0 0 0 0
1.10333 0 0 0 0
1.11 0 0 0 0
1.11667 0 0 0 0
1.12333 0 0 0 0
1.13 0 0 0 0
1.13667 0 0 0 0
1.14333 0 0 0 0
1.15 0 0 0 0
1.15667 0 0 0 0
1.16333 0 0 0 0
1.17 0 0 0 0
1.17667 0 0 0 0
1.18333 0 0 0 0
1.19 0 0 0 0
1.19667 0 0 0 0
1.20333 0 0 0 0
1.21 0 0 0 0
1.21667 0 0 0 0
1.22333 0 0 0 0
1.23 0 0 0 0
1.23667 0 0 0 0
1.24333 0 0 0 0
1.25 0 0 0 0
1.25667 0 0 0 0
1.26333 0 0 0 0
1.27 0 0 0 0
1.27667 0 0 0 0
1.28333 0 0 0 0
1.29 0 0 0 0
1.29667 0 0 0 0
1.30333 0 0 0 0
1.31 0 0 0 0
1.31667 0 0 0 0
1.32333 0 0 0 0
1.33 0 0 0 0
1.33667 0 0 0 0
1.34333 0 0 0 0
1.35 0 0 0 0
1.35667 0 0 0 0
1.36333 0 0 0 0
1.37 0 0 0 0
1.37667 0 0 0 0
1.38333 0 0 0 0
1.39 0 0 0 0
1.39667 0 0 0 0
1.40333 0 0 0 0
1.41 0 0 0 0
1.41667 0 0 0 0
1.42333 0 0 0 0
1.43 0 0 0 0
1.43667 0 0 0 0
1.44333 0 0 0 0
1.45 0 0 0 0
1.45667 0 0 0 0
1.46333 0 0 0 0
1.47 0 0 0 0
1.47667 0 0 0 0
1.48333 0 0 0 0
1.49 0 0 0 0
1.49667 0 0 0 0
1.50333 0 0 0 0
1.51 0 0 0 0
1.51667 0 0 0 0
1.52333 0 0 0 0
1.53 0 0 0 0
1.53667 0 0 0 0
1.54333 0 0 0 0
1.55 0 0 0 0
1.55667 0 0 0 0
1.56333 0 0 0 0
1.57 0 0 0 0
1.57667 0 0 0 0
1.58333 0 0 0 0
1.59 0 0 0 0
1.59667 0 0 0 0
1.60333 0 0 0 0
1.61 0 0 0 0
1.61667 0 0 0 0
1.62333 0 0 0 0
1.63 0 0 0 0
1.63667 0 0 0 0
1.64333 0 0 0 0
1.65 0 0 0 0
1.65667 0 0 0 0
1.66333 0 0 0 0
1.67 0 0 0 0
1.67667 0 0 0 0
1.68333 0 0 0 0
1.69 0 0 0 0
1.69667 0 0 0 0
1.70333 0 0 0 0
1.71 0 0 0 0
1.71667 0 0 0 0
1.72333 0 0 0 0
1.73 0 0 0 0
1.73667 0 0 0 0
1.74333 0 0 0 0
1.75 0 0 0 0
1.75667 0 0 0 0
1.76333 0 0 0 0
1.77 0 0 0 0
1.77667 0 0 0 0
1.78333 0 0 0 0
1.79 0 0 0 0
1.79667 0 0 0 0
1.80333 0 0 0 0
1.81 0 0 0 0
1.81667 0 0 0 0
1.82333 0 0 0 0
1.83 0 0 0 0
1.83667 0 0 0 0
1.84333 0 0 0 0
1.85 0 0 0 0
1.85667 0 0 0 0
1.86333 0 0 0 0
1.87 0 0 0 0
1.87667 0 0 0 0
1.88333 0 0 0 0
1.89 0 0 0 0
1.89667 0 0 0 0
1.90333 0 0 0 0
1.91 0 0 0 0
1.91667 0 0 0 0
1.92333 0 0 0 0
1.93 0 0 0 0
1.93667 0 0 0 0
1.94333 0 0 0 0
1.95 0 0 0 0
1.95667 0 0 0 0
1.96333 0 0 0 0
1.97 0 0 0 0
1.97667 0 0 0 0
1.98333 0 0 0 0
1.99 0 0 0 0
1.99667 0 0 0 0
