0.00333333 18 56 11 7
0.01 17 53 12 8
0.0166667 19 58 20 3
0.0233333 17 65 11 9
0.03 17 69 18 8
0.0366667 15 78 20 9
0.0433333 35 85 35 7
0.05 37 131 38 9
0.0566667 48 149 46 20
0.0633333 55 164 52 17
0.07 52 184 51 15
0.0766667 45 205 66 21
0.0833333 58 178 58 24
0.09 39 191 55 22
0.0966667 44 202 45 18
0.103333 48 188 48 25
0.11 41 184 59 14
0.116667 54 194 54 20
0.123333 46 202 47 21
0.13 65 193 45 25
0.136667 36 178 44 20
0.143333 46 145 27 17
0.15 51 195 44 13
0.156667 54 158 36 11
0.163333 56 138 36 20
0.17 37 164 30 20
0.176667 34 153 40 11
0.183333 42 153 34 16
0.19 51 143 37 21
0.196667 51 173 42 13
0.203333 36 160 31 12
0.21 43 145 35 18
0.216667 27 146 36 16
0.223333 34 113 32 22
0.23 32 130 28 15
0.236667 44 114 27 14
0.243333 29 110 29 9
0.25 40 94 19 9
0.256667 27 93 13 6
0.263333 24 99 22 8
0.27 28 113 16 8
0.276667 25 97 15 9
0.283333 29 88 21 17
0.29 27 81 18 3
0.296667 19 86 20 8
0.303333 15 85 14 17
0.31 28 64 25 6
0.316667 31 77 18 12
0.323333 26 79 23 10
0.33 27 82 18 8
0.336667 22 74 21 6
0.343333 18 71 12 5
0.35 20 61 15 13
0.356667 24 75 15 6
0.363333 26 54 14 5
0.37 27 64 11 10
0.376667 20 68 16 13
0.383333 14 54 14 10
0.39 14 53 20 8
0.396667 16 55 12 5
0.403333 5 63 11 9
0.41 13 56 13 10
0.416667 14 52 17 9
0.423333 13 53 15 6
0.43 22 56 13 9
0.436667 19 65 17 5
0.443333 13 66 10 10
0.45 24 50 12 6
0.456667 18 47 15 12
0.463333 19 47 20 7
0.47 23 55 22 7
0.476667 13 41 14 13
0.483333 15 49 11 9
0.49 6 43 9 5
0.496667 21 38 5 4
0.503333 20 28 8 7
0.51 11 32 8 9
0.516667 8 23 7 8
0.523333 10 28 8 3
0.53 9 24 6 2
0.536667 12 23 12 3
0.543333 10 32 11 4
0.55 8 26 10 6
0.556667 7 34 14 6
0.563333 13 29 6 3
0.57 7 33 12 8
0.576667 17 28 6 4
0.583333 10 32 10 3
0.59 9 36 9 6
0.596667 6 25 10 6
0.603333 6 25 11 4
0.61 9 21 7 4
0.616667 12 17 6 2
0.623333 7 22 8 6
0.63 6 25 5 0
0.636667 4 30 7 2
0.643333 4 27 4 2
0.65 9 33 6 6
0.656667 7 23 4 9
0.663333 462 1584 234 161
0.67 0 0 0 0
0.676667 0 0 0 0
0.683333 0 0 0 0
0.69 0 0 0 0
0.696667 0 0 0 0
0.703333 0 0 0 0
0.71 0 0 0 0
0.716667 0 0 0 0
0.723333 0 0 0 0
0.73 0 0 0 0
0.736667 0 0 0 0
0.743333 0 0 0 0
0.75 0 0 0 0
0.756667 0 0 0 0
0.763333 0 0 0 0
0.77 0 0 0 0
0.776667 0 0 0 0
0.783333 0 0 0 0
0.79 0 0 0 0
0.796667 0 0 0 0
0.803333 0 0 0 0
0.81 0 0 0 0
0.816667 0 0 0 0
0.823333 0 0 0 0
0.83 0 0 0 0
0.836667 0 0 0 0
0.843333 0 0 0 0
0.85 0 0 0 0
0.856667 0 0 0 0
0.863333 0 0 0 0
0.87 0 0 0 0
0.876667 0 0 0 0
0.883333 0 0 0 0
0.89 0 0 0 0
0.896667 0 0 0 0
0.903333 0 0 0 0
0.91 0 0 0 0
0.916667 0 0 0 0
0.923333 0 0 0 0
0.93 0 0 0 0
0.936667 0 0 0 0
0.943333 0 0 0 0
0.95 0 0 0 0
0.956667 0 0 0 0
0.963333 0 0 0 0
0.97 0 0 0 0
0.976667 0 0 0 0
0.983333 0 0 0 0
0.99 0 0 0 0
0.996667 0 0 0 0
1.00333 0 0 0 0
1.01 0 0 0 0
1.01667 0 0 0 0
1.02333 0 0 0 0
1.03 0 0 0 0
1.03667 0 0 0 0
1.04333 0 0 0 0
1.05 0 0 0 0
1.05667 0 0 0 0
1.06333 0 0 0 0
1.07 0 0 0 0
1.07667 0 0 0 0
1.08333 0 0 0 0
1.09 0 0 0 0
1.09667 0 0 0 0
1.10333 0 0 0 0
1.11 0 0 0 0
1.11667 0 0 0 0
1.12333 0 0 0 0
1.13 0 0 0 0
1.13667 0 0 0 0
1.14333 0 0 0 0
1.15 0 0 0 0
1.15667 0 0 0 0
1.16333 0 0 0 0
1.17 0 0 0 0
1.17667 0 0 0 0
1.18333 0 0 0 0
1.19 0 0 0 0
1.19667 0 0 0 0
1.20333 0 0 0 0
1.21 0 0 0 0
1.21667 0 0 0 0
1.22333 0 0 0 0
1.23 0 0 0 0
1.23667 0 0 0 0
1.24333 0 0 0 0
1.25 0 0 0 0
1.25667 0 0 0 0
1.26333 0 0 0 0
1.27 0 0 0 0
1.27667 0 0 0 0
1.28333 0 0 0 0
1.29 0 0 0 0
1.29667 0 0 0 0
1.30333 0 0 0 0
1.31 0 0 0 0
1.31667 0 0 0 0
1.32333 0 0 0 0
1.33 0 0 0 0
1.33667 0 0 0 0
1.34333 0 0 0 0
1.35 0 0 0 0
1.35667 0 0 0 0
1.36333 0 0 0 0
1.37 0 0 0 0
1.37667 0 0 0 0
1.38333 0 0 0 0
1.39 0 0 0 0
1.39667 0 0 0 0
1.40333 0 0 0 0
1.41 0 0 0 0
1.41667 0 0 0 0
1.42333 0 0 0 0
1.43 0 0 0 0
1.43667 0 0 0 0
1.44333 0 0 0 0
1.45 0 0 0 0
1.45667 0 0 0 0
1.46333 0 0 0 0
1.47 0 0 0 0
1.47667 0 0 0 0
1.48333 0 0 0 0
1.49 0 0 0 0
1.49667 0 0 0 0
1.50333 0 0 0 0
1.51 0 0 0 0
1.51667 0 0 0 0
1.52333 0 0 0 0
1.53 0 0 0 0
1.53667 0 0 0 0
1.54333 0 0 0 0
1.55 0 0 0 0
1.55667 0 0 0 0
1.56333 0 0 0 0
1.57 0 0 0 0
1.57667 0 0 0 0
1.58333 0 0 0 0
1.59 0 0 0 0
1.59667 0 0 0 0
1.60333 0 0 0 0
1.61 0 0 0 0
1.61667 0 0 0 0
1.62333 0 0 0 0
1.63 0 0 0 0
1.63667 0 0 0 0
1.64333 0 0 0 0
1.65 0 0 0 0
1.65667 0 0 0 0
1.66333 0 0 0 0
1.67 0 0 0 0
1.67667 0 0 0 0
1.68333 0 0 0 0
1.69 0 0 0 0
1.69667 0 0 0 0
1.70333 0 0 0 0
1.71 0 0 0 0
1.71667 0 0 0 0
1.72333 0 0 0 0
1.73 0 0 0 0
1.73667 0 0 0 0
1.74333 0 0 0 0
1.75 0 0 0 0
1.75667 0 0 0 0
1.76333 0 0 0 0
1.77 0 0 0 0
1.77667 0 0 0 0
1.78333 0 0 0 0
1.79 0 0 0 0
1.79667 0 0 0 0
1.80333 0 0 0 0
1.81 0 0 0 0
1.81667 0 0 0 0
1.82333 0 0 0 0
1.83 0 0 0 0
1.83667 0 0 0 0
1.84333 0 0 0 0
1.85 0 0 0 0
1.85667 0 0 0 0
1.86333 0 0 0 0
1.87 0 0 0 0
1.87667 0 0 0 0
1.88333 0 0 0 0
1.89 0 0 0 0
1.89667 0 0 0 0
1.90333 0 0 0 0
1.91 0 0 0 0
1.91667 0 0 0 0
1.92333 0 0 0 0
1.93 0 0 0 0
1.93667 0 0 0 0
1.94333 0 0 0 0
1.95 0 0 0 0
1.95667 0 0 0 0
1.96333 0 0 0 0
1.97 0 0 0 0
1.97667 0 0 0 0
1.98333 0 0 0 0
1.99 0 0 0 0
1.99667 0 0 0 0
