0.00333333 22 32 8 2
0.01 20 43 5 2
0.0166667 35 50 12 2
0.0233333 24 66 17 1
0.03 30 67 8 4
0.0366667 45 88 15 3
0.0433333 65 110 23 0
0.05 75 130 23 8
0.0566667 99 169 35 7
0.0633333 87 179 26 9
0.07 94 214 33 12
0.0766667 82 223 46 5
0.0833333 99 209 33 7
0.09 80 233 37 8
0.0966667 90 195 25 4
0.103333 88 187 43 8
0.11 90 200 33 8
0.116667 90 189 43 6
0.123333 67 181 38 3
0.13 60 210 34 5
0.136667 66 174 22 4
0.143333 69 159 36 8
0.15 69 137 32 5
0.156667 76 172 19 7
0.163333 56 129 27 1
0.17 61 137 35 8
0.176667 71 162 26 10
0.183333 47 145 40 9
0.19 62 138 32 5
0.196667 57 138 35 0
0.203333 67 127 26 8
0.21 60 121 18 5
0.216667 46 119 15 8
0.223333 44 113 19 5
0.23 57 119 28 2
0.236667 51 109 20 6
0.243333 41 101 18 6
0.25 34 92 16 0
0.256667 33 121 25 2
0.263333 49 106 26 5
0.27 29 88 17 7
0.276667 28 97 18 3
0.283333 33 68 11 3
0.29 37 75 21 1
0.296667 34 77 11 1
0.303333 30 73 3 5
0.31 35 82 18 3
0.316667 34 68 16 3
0.323333 36 63 9 0
0.33 27 76 18 3
0.336667 29 81 12 1
0.343333 29 67 15 0
0.35 27 63 9 4
0.356667 36 57 10 1
0.363333 38 65 12 0
0.37 25 46 17 5
0.376667 32 52 16 3
0.383333 33 59 10 0
0.39 20 37 9 3
0.396667 28 52 12 2
0.403333 26 58 16 0
0.41 25 60 12 3
0.416667 22 39 13 4
0.423333 17 45 16 3
0.43 25 57 10 2
0.436667 16 39 8 5
0.443333 19 51 14 1
0.45 26 40 5 0
0.456667 25 39 15 4
0.463333 25 57 10 3
0.47 14 41 11 3
0.476667 20 42 10 4
0.483333 24 24 7 2
0.49 19 31 8 2
0.496667 8 30 4 1
0.503333 23 25 11 1
0.51 11 26 10 0
0.516667 15 19 9 0
0.523333 12 20 3 1
0.53 19 24 7 0
0.536667 15 23 9 1
0.543333 15 41 8 2
0.55 8 36 6 2
0.556667 12 17 8 0
0.563333 11 36 6 1
0.57 13 18 12 0
0.576667 11 25 16 2
0.583333 17 32 4 3
0.59 12 31 4 2
0.596667 7 23 4 2
0.603333 6 26 8 4
0.61 17 28 3 3
0.616667 6 24 11 1
0.623333 11 24 6 2
0.63 13 20 4 4
0.636667 11 18 6 3
0.643333 10 28 3 2
0.65 6 27 6 3
0.656667 12 38 7 1
0.663333 462 1204 210 23
0.67 0 0 0 0
0.676667 0 0 0 0
0.683333 0 0 0 0
0.69 0 0 0 0
0.696667 0 0 0 0
0.703333 0 0 0 0
0.71 0 0 0 0
0.716667 0 0 0 0
0.723333 0 0 0 0
0.73 0 0 0 0
0.736667 0 0 0 0
0.743333 0 0 0 0
0.75 0 0 0 0
0.756667 0 0 0 0
0.763333 0 0 0 0
0.77 0 0 0 0
0.776667 0 0 0 0
0.783333 0 0 0 0
0.79 0 0 0 0
0.796667 0 0 0 0
0.803333 0 0 0 0
0.81 0 0 0 0
0.816667 0 0 0 0
0.823333 0 0 0 0
0.83 0 0 0 0
0.836667 0 0 0 0
0.843333 0 0 0 0
0.85 0 0 0 0
0.856667 0 0 0 0
0.863333 0 0 0 0
0.87 0 0 0 0
0.876667 0 0 0 0
0.883333 0 0 0 0
0.89 0 0 0 0
0.896667 0 0 0 0
0.903333 0 0 0 0
0.91 0 0 0 0
0.916667 0 0 0 0
0.923333 0 0 0 0
0.93 0 0 0 0
0.936667 0 0 0 0
0.943333 0 0 0 0
0.95 0 0 0 0
0.956667 0 0 0 0
0.963333 0 0 0 0
0.97 0 0 0 0
0.976667 0 0 0 0
0.983333 0 0 0 0
0.99 0 0 0 0
0.996667 0 0 0 0
1.00333 0 0 0 0
1.01 0 0 0 0
1.01667 0 0 0 0
1.02333 0 0 0 0
1.03 0 0 0 0
1.03667 0 0 0 0
1.04333 0 0 0 0
1.05 0 0 0 0
1.05667 0 0 0 0
1.06333 0 0 0 0
1.07 0 0 0 0
1.07667 0 0 0 0
1.08333 0 0 0 0
1.09 0 0 0 0
1.09667 0 0 0 0
1.10333 0 0 0 0
1.11 0 0 0 0
1.11667 0 0 0 0
1.12333 0 0 0 0
1.13 0 0 0 0
1.13667 0 0 0 0
1.14333 0 0 0 0
1.15 0 0 0 0
1.15667 0 0 0 0
1.16333 0 0 0 0
1.17 0 0 0 0
1.17667 0 0 0 0
1.18333 0 0 0 0
1.19 0 0 0 0
1.19667 0 0 0 0
1.20333 0 0 0 0
1.21 0 0 0 0
1.21667 0 0 0 0
1.22333 0 0 0 0
1.23 0 0 0 0
1.23667 0 0 0 0
1.24333 0 0 0 0
1.25 0 0 0 0
1.25667 0 0 0 0
1.26333 0 0 0 0
1.27 0 0 0 0
1.27667 0 0 0 0
1.28333 0 0 0 0
1.29 0 0 0 0
1.29667 0 0 0 0
1.30333 0 0 0 0
1.31 0 0 0 0
1.31667 0 0 0 0
1.32333 0 0 0 0
1.33 0 0 0 0
1.33667 0 0 0 0
1.34333 0 0 0 0
1.35 0 0 0 0
1.35667 0 0 0 0
1.36333 0 0 0 0
1.37 0 0 0 0
1.37667 0 0 0 0
1.38333 0 0 0 0
1.39 0 0 0 0
1.39667 0 0 0 0
1.40333 0 0 0 0
1.41 0 0 0 0
1.41667 0 0 0 0
1.42333 0 0 0 0
1.43 0 0 0 0
1.43667 0 0 0 0
1.44333 0 0 0 0
1.45 0 0 0 0
1.45667 0 0 0 0
1.46333 0 0 0 0
1.47 0 0 0 0
1.47667 0 0 0 0
1.48333 0 0 0 0
1.49 0 0 0 0
1.49667 0 0 0 0
1.50333 0 0 0 0
1.51 0 0 0 0
1.51667 0 0 0 0
1.52333 0 0 0 0
1.53 0 0 0 0
1.53667 0 0 0 0
1.54333 0 0 0 0
1.55 0 0 0 0
1.55667 0 0 0 0
1.56333 0 0 0 0
1.57 0 0 0 0
1.57667 0 0 0 0
1.58333 0 0 0 0
1.59 0 0 0 0
1.59667 0 0 0 0
1.60333 0 0 0 0
1.61 0 0 0 0
1.61667 0 0 0 0
1.62333 0 0 0 0
1.63 0 0 0 0
1.63667 0 0 0 0
1.64333 0 0 0 0
1.65 0 0 0 0
1.65667 0 0 0 0
1.66333 0 0 0 0
1.67 0 0 0 0
1.67667 0 0 0 0
1.68333 0 0 0 0
1.69 0 0 0 0
1.69667 0 0 0 0
1.70333 0 0 0 0
1.71 0 0 0 0
1.71667 0 0 0 0
1.72333 0 0 0 0
1.73 0 0 0 0
1.73667 0 0 0 0
1.74333 0 0 0 0
1.75 0 0 0 0
1.75667 0 0 0 0
1.76333 0 0 0 0
1.77 0 0 0 0
1.77667 0 0 0 0
1.78333 0 0 0 0
1.79 0 0 0 0
1.79667 0 0 0 0
1.80333 0 0 0 0
1.81 0 0 0 0
1.81667 0 0 0 0
1.82333 0 0 0 0
1.83 0 0 0 0
1.83667 0 0 0 0
1.84333 0 0 0 0
1.85 0 0 0 0
1.85667 0 0 0 0
1.86333 0 0 0 0
1.87 0 0 0 0
1.87667 0 0 0 0
1.88333 0 0 0 0
1.89 0 0 0 0
1.89667 0 0 0 0
1.90333 0 0 0 0
1.91 0 0 0 0
1.91667 0 0 0 0
1.92333 0 0 0 0
1.93 0 0 0 0
1.93667 0 0 0 0
1.94333 0 0 0 0
1.95 0 0 0 0
1.95667 0 0 0 0
1.96333 0 0 0 0
1.97 0 0 0 0
1.97667 0 0 0 0
1.98333 0 0 0 0
1.99 0 0 0 0
1.99667 0 0 0 0
