0.00333333 4 10 32 14
0.01 3 10 39 22
0.0166667 3 20 46 16
0.0233333 8 13 51 21
0.03 6 31 53 26
0.0366667 6 30 70 31
0.0433333 8 34 100 33
0.05 7 36 135 61
0.0566667 23 49 142 66
0.0633333 17 50 173 58
0.07 22 80 192 71
0.0766667 15 55 181 63
0.0833333 15 65 192 84
0.09 9 46 161 64
0.0966667 10 59 162 78
0.103333 16 64 172 69
0.11 14 50 159 63
0.116667 14 60 195 69
0.123333 12 41 151 60
0.13 16 52 143 61
0.136667 11 48 152 71
0.143333 12 52 124 54
0.15 11 50 140 58
0.156667 11 44 142 44
0.163333 13 46 128 62
0.17 13 41 106 52
0.176667 12 36 129 59
0.183333 10 39 106 49
0.19 11 48 122 52
0.196667 7 47 115 55
0.203333 6 43 111 46
0.21 7 35 115 56
0.216667 11 42 95 44
0.223333 8 30 89 36
0.23 12 47 100 39
0.236667 13 34 90 44
0.243333 6 33 85 38
0.25 9 29 85 43
0.256667 9 27 68 31
0.263333 8 28 79 44
0.27 3 33 74 35
0.276667 5 30 72 39
0.283333 8 27 66 34
0.29 5 28 76 28
0.296667 6 29 77 36
0.303333 9 21 77 31
0.31 7 26 51 28
0.316667 5 27 54 28
0.323333 8 23 59 26
0.33 3 24 49 26
0.336667 6 26 54 32
0.343333 9 22 49 29
0.35 5 21 50 20
0.356667 8 20 61 30
0.363333 3 16 46 31
0.37 5 28 45 17
0.376667 4 28 44 28
0.383333 3 21 50 16
0.39 3 18 54 20
0.396667 7 11 47 26
0.403333 4 17 46 20
0.41 2 16 46 9
0.416667 7 18 43 32
0.423333 2 24 44 15
0.43 3 16 42 24
0.436667 6 15 44 22
0.443333 2 10 38 24
0.45 4 15 41 13
0.456667 5 12 33 20
0.463333 5 17 34 21
0.47 6 12 38 20
0.476667 3 16 33 16
0.483333 7 9 32 14
0.49 5 20 27 7
0.496667 4 10 27 6
0.503333 6 13 32 9
0.51 3 10 30 12
0.516667 3 12 32 14
0.523333 5 11 29 14
0.53 5 9 23 11
0.536667 5 9 24 13
0.543333 1 7 23 10
0.55 2 14 31 9
0.556667 4 11 25 11
0.563333 2 18 20 14
0.57 1 14 18 10
0.576667 4 11 29 13
0.583333 6 11 23 15
0.59 5 14 20 9
0.596667 3 7 22 10
0.603333 2 12 12 7
0.61 3 9 18 12
0.616667 3 10 24 10
0.623333 5 10 20 7
0.63 3 11 14 10
0.636667 2 13 14 14
0.643333 1 12 19 5
0.65 5 7 19 8
0.656667 3 13 16 9
0.663333 76 390 926 475
0.67 0 0 0 0
0.676667 0 0 0 0
0.683333 0 0 0 0
0.69 0 0 0 0
0.696667 0 0 0 0
0.703333 0 0 0 0
0.71 0 0 0 0
0.716667 0 0 0 0
0.723333 0 0 0 0
0.73 0 0 0 0
0.736667 0 0 0 0
0.743333 0 0 0 0
0.75 0 0 0 0
0.756667 0 0 0 0
0.763333 0 0 0 0
0.77 0 0 0 0
0.776667 0 0 0 0
0.783333 0 0 0 0
0.79 0 0 0 0
0.796667 0 0 0 0
0.803333 0 0 0 0
0.81 0 0 0 0
0.816667 0 0 0 0
0.823333 0 0 0 0
0.83 0 0 0 0
0.836667 0 0 0 0
0.843333 0 0 0 0
0.85 0 0 0 0
0.856667 0 0 0 0
0.863333 0 0 0 0
0.87 0 0 0 0
0.876667 0 0 0 0
0.883333 0 0 0 0
0.89 0 0 0 0
0.896667 0 0 0 0
0.903333 0 0 0 0
0.91 0 0 0 0
0.916667 0 0 0 0
0.923333 0 0 0 0
0.93 0 0 0 0
0.936667 0 0 0 0
0.943333 0 0 0 0
0.95 0 0 0 0
0.956667 0 0 0 0
0.963333 0 0 0 0
0.97 0 0 0 0
0.976667 0 0 0 0
0.983333 0 0 0 0
0.99 0 0 0 0
0.996667 0 0 0 0
1.00333 0 0 0 0
1.01 0 0 0 0
1.01667 0 0 0 0
1.02333 0 0 0 0
1.03 0 0 0 0
1.03667 0 0 0 0
1.04333 0 0 0 0
1.05 0 0 0 0
1.05667 0 0 0 0
1.06333 0 0 0 0
1.07 0 0 0 0
1.07667 0 0 0 0
1.08333 0 0 0 0
1.09 0 0 0 0
1.09667 0 0 0 0
1.10333 0 0 0 0
1.11 0 0 0 0
1.11667 0 0 0 0
1.12333 0 0 0 0
1.13 0 0 0 0
1.13667 0 0 0 0
1.14333 0 0 0 0
1.15 0 0 0 0
1.15667 0 0 0 0
1.16333 0 0 0 0
1.17 0 0 0 0
1.17667 0 0 0 0
1.18333 0 0 0 0
1.19 0 0 0 0
1.19667 0 0 0 0
1.20333 0 0 0 0
1.21 0 0 0 0
1.21667 0 0 0 0
1.22333 0 0 0 0
1.23 0 0 0 0
1.23667 0 0 0 0
1.24333 0 0 0 0
1.25 0 0 0 0
1.25667 0 0 0 0
1.26333 0 0 0 0
1.27 0 0 0 0
1.27667 0 0 0 0
1.28333 0 0 0 0
1.29 0 0 0 0
1.29667 0 0 0 0
1.30333 0 0 0 0
1.31 0 0 0 0
1.31667 0 0 0 0
1.32333 0 0 0 0
1.33 0 0 0 0
1.33667 0 0 0 0
1.34333 0 0 0 0
1.35 0 0 0 0
1.35667 0 0 0 0
1.36333 0 0 0 0
1.37 0 0 0 0
1.37667 0 0 0 0
1.38333 0 0 0 0
1.39 0 0 0 0
1.39667 0 0 0 0
1.40333 0 0 0 0
1.41 0 0 0 0
1.41667 0 0 0 0
1.42333 0 0 0 0
1.43 0 0 0 0
1.43667 0 0 0 0
1.44333 0 0 0 0
1.45 0 0 0 0
1.45667 0 0 0 0
1.46333 0 0 0 0
1.47 0 0 0 0
1.47667 0 0 0 0
1.48333 0 0 0 0
1.49 0 0 0 0
1.49667 0 0 0 0
1.50333 0 0 0 0
1.51 0 0 0 0
1.51667 0 0 0 0
1.52333 0 0 0 0
1.53 0 0 0 0
1.53667 0 0 0 0
1.54333 0 0 0 0
1.55 0 0 0 0
1.55667 0 0 0 0
1.56333 0 0 0 0
1.57 0 0 0 0
1.57667 0 0 0 0
1.58333 0 0 0 0
1.59 0 0 0 0
1.59667 0 0 0 0
1.60333 0 0 0 0
1.61 0 0 0 0
1.61667 0 0 0 0
1.62333 0 0 0 0
1.63 0 0 0 0
1.63667 0 0 0 0
1.64333 0 0 0 0
1.65 0 0 0 0
1.65667 0 0 0 0
1.66333 0 0 0 0
1.67 0 0 0 0
1.67667 0 0 0 0
1.68333 0 0 0 0
1.69 0 0 0 0
1.69667 0 0 0 0
1.70333 0 0 0 0
1.71 0 0 0 0
1.71667 0 0 0 0
1.72333 0 0 0 0
1.73 0 0 0 0
1.73667 0 0 0 0
1.74333 0 0 0 0
1.75 0 0 0 0
1.75667 0 0 0 0
1.76333 0 0 0 0
1.77 0 0 0 0
1.77667 0 0 0 0
1.78333 0 0 0 0
1.79 0 0 0 0
1.79667 0 0 0 0
1.80333 0 0 0 0
1.81 0 0 0 0
1.81667 0 0 0 0
1.82333 0 0 0 0
1.83 0 0 0 0
1.83667 0 0 0 0
1.84333 0 0 0 0
1.85 0 0 0 0
1.85667 0 0 0 0
1.86333 0 0 0 0
1.87 0 0 0 0
1.87667 0 0 0 0
1.88333 0 0 0 0
1.89 0 0 0 0
1.89667 0 0 0 0
1.90333 0 0 0 0
1.91 0 0 0 0
1.91667 0 0 0 0
1.92333 0 0 0 0
1.93 0 0 0 0
1.93667 0 0 0 0
1.94333 0 0 0 0
1.95 0 0 0 0
1.95667 0 0 0 0
1.96333 0 0 0 0
1.97 0 0 0 0
1.97667 0 0 0 0
1.98333 0 0 0 0
1.99 0 0 0 0
1.99667 0 0 0 0
