0.00333333 6 14 9 31
0.01 9 10 26 35
0.0166667 12 4 29 50
0.0233333 7 6 23 49
0.03 7 11 25 38
0.0366667 14 22 38 59
0.0433333 14 20 51 66
0.05 8 22 72 61
0.0566667 12 22 72 81
0.0633333 9 34 82 87
0.07 10 36 87 77
0.0766667 18 33 92 87
0.0833333 18 25 85 103
0.09 15 28 87 79
0.0966667 13 33 82 80
0.103333 9 29 94 99
0.11 16 34 86 90
0.116667 8 41 75 97
0.123333 8 30 71 100
0.13 18 25 76 105
0.136667 15 32 71 97
0.143333 10 33 62 87
0.15 15 27 62 109
0.156667 11 26 66 101
0.163333 17 24 54 69
0.17 15 27 48 80
0.176667 14 25 55 93
0.183333 10 24 51 108
0.19 30 29 43 143
0.196667 16 33 51 111
0.203333 27 34 37 103
0.21 12 22 55 88
0.216667 8 19 43 108
0.223333 21 23 46 83
0.23 12 19 42 72
0.236667 7 26 57 85
0.243333 13 19 52 71
0.25 13 28 47 73
0.256667 9 16 40 61
0.263333 15 18 38 68
0.27 12 18 39 67
0.276667 11 14 39 59
0.283333 14 12 41 72
0.29 9 20 51 58
0.296667 8 14 45 61
0.303333 11 25 27 63
0.31 17 21 30 62
0.316667 11 13 33 56
0.323333 8 20 46 50
0.33 12 20 28 48
0.336667 12 18 25 49
0.343333 7 10 33 58
0.35 10 20 28 55
0.356667 6 23 28 60
0.363333 7 21 35 50
0.37 7 14 26 46
0.376667 10 10 30 53
0.383333 10 15 21 50
0.39 4 16 31 34
0.396667 14 16 22 52
0.403333 7 12 26 45
0.41 10 14 30 39
0.416667 7 22 19 41
0.423333 9 8 28 55
0.43 8 11 23 41
0.436667 12 11 16 40
0.443333 3 9 24 58
0.45 6 7 22 55
0.456667 9 6 21 36
0.463333 13 14 22 34
0.47 10 6 17 55
0.476667 6 11 21 48
0.483333 8 10 16 22
0.49 6 6 14 23
0.496667 6 7 22 24
0.503333 4 11 13 16
0.51 6 6 18 21
0.516667 6 8 11 17
0.523333 2 5 21 16
0.53 1 8 10 14
0.536667 3 5 11 11
0.543333 0 6 13 19
0.55 6 2 16 12
0.556667 6 8 14 20
0.563333 3 5 12 21
0.57 5 6 9 14
0.576667 0 16 13 14
0.583333 5 10 11 12
0.59 13 8 20 16
0.596667 6 10 9 11
0.603333 3 7 8 15
0.61 5 9 9 16
0.616667 6 7 8 18
0.623333 5 5 14 10
0.63 6 9 7 10
0.636667 5 8 12 14
0.643333 3 5 14 10
0.65 5 10 7 9
0.656667 7 5 15 10
0.663333 342 323 387 1867
0.67 0 0 0 0
0.676667 0 0 0 0
0.683333 0 0 0 0
0.69 0 0 0 0
0.696667 0 0 0 0
0.703333 0 0 0 0
0.71 0 0 0 0
0.716667 0 0 0 0
0.723333 0 0 0 0
0.73 0 0 0 0
0.736667 0 0 0 0
0.743333 0 0 0 0
0.75 0 0 0 0
0.756667 0 0 0 0
0.763333 0 0 0 0
0.77 0 0 0 0
0.776667 0 0 0 0
0.783333 0 0 0 0
0.79 0 0 0 0
0.796667 0 0 0 0
0.803333 0 0 0 0
0.81 0 0 0 0
0.816667 0 0 0 0
0.823333 0 0 0 0
0.83 0 0 0 0
0.836667 0 0 0 0
0.843333 0 0 0 0
0.85 0 0 0 0
0.856667 0 0 0 0
0.863333 0 0 0 0
0.87 0 0 0 0
0.876667 0 0 0 0
0.883333 0 0 0 0
0.89 0 0 0 0
0.896667 0 0 0 0
0.903333 0 0 0 0
0.91 0 0 0 0
0.916667 0 0 0 0
0.923333 0 0 0 0
0.93 0 0 0 0
0.936667 0 0 0 0
0.943333 0 0 0 0
0.95 0 0 0 0
0.956667 0 0 0 0
0.963333 0 0 0 0
0.97 0 0 0 0
0.976667 0 0 0 0
0.983333 0 0 0 0
0.99 0 0 0 0
0.996667 0 0 0 0
1.00333 0 0 0 0
1.01 0 0 0 0
1.01667 0 0 0 0
1.02333 0 0 0 0
1.03 0 0 0 0
1.03667 0 0 0 0
1.04333 0 0 0 0
1.05 0 0 0 0
1.05667 0 0 0 0
1.06333 0 0 0 0
1.07 0 0 0 0
1.07667 0 0 0 0
1.08333 0 0 0 0
1.09 0 0 0 0
1.09667 0 0 0 0
1.10333 0 0 0 0
1.11 0 0 0 0
1.11667 0 0 0 0
1.12333 0 0 0 0
1.13 0 0 0 0
1.13667 0 0 0 0
1.14333 0 0 0 0
1.15 0 0 0 0
1.15667 0 0 0 0
1.16333 0 0 0 0
1.17 0 0 0 0
1.17667 0 0 0 0
1.18333 0 0 0 0
1.19 0 0 0 0
1.19667 0 0 0 0
1.20333 0 0 0 0
1.21 0 0 0 0
1.21667 0 0 0 0
1.22333 0 0 0 0
1.23 0 0 0 0
1.23667 0 0 0 0
1.24333 0 0 0 0
1.25 0 0 0 0
1.25667 0 0 0 0
1.26333 0 0 0 0
1.27 0 0 0 0
1.27667 0 0 0 0
1.28333 0 0 0 0
1.29 0 0 0 0
1.29667 0 0 0 0
1.30333 0 0 0 0
1.31 0 0 0 0
1.31667 0 0 0 0
1.32333 0 0 0 0
1.33 0 0 0 0
1.33667 0 0 0 0
1.34333 0 0 0 0
1.35 0 0 0 0
1.35667 0 0 0 0
1.36333 0 0 0 0
1.37 0 0 0 0
1.37667 0 0 0 0
1.38333 0 0 0 0
1.39 0 0 0 0
1.39667 0 0 0 0
1.40333 0 0 0 0
1.41 0 0 0 0
1.41667 0 0 0 0
1.42333 0 0 0 0
1.43 0 0 0 0
1.43667 0 0 0 0
1.44333 0 0 0 0
1.45 0 0 0 0
1.45667 0 0 0 0
1.46333 0 0 0 0
1.47 0 0 0 0
1.47667 0 0 0 0
1.48333 0 0 0 0
1.49 0 0 0 0
1.49667 0 0 0 0
1.50333 0 0 0 0
1.51 0 0 0 0
1.51667 0 0 0 0
1.52333 0 0 0 0
1.53 0 0 0 0
1.53667 0 0 0 0
1.54333 0 0 0 0
1.55 0 0 0 0
1.55667 0 0 0 0
1.56333 0 0 0 0
1.57 0 0 0 0
1.57667 0 0 0 0
1.58333 0 0 0 0
1.59 0 0 0 0
1.59667 0 0 0 0
1.60333 0 0 0 0
1.61 0 0 0 0
1.61667 0 0 0 0
1.62333 0 0 0 0
1.63 0 0 0 0
1.63667 0 0 0 0
1.64333 0 0 0 0
1.65 0 0 0 0
1.65667 0 0 0 0
1.66333 0 0 0 0
1.67 0 0 0 0
1.67667 0 0 0 0
1.68333 0 0 0 0
1.69 0 0 0 0
1.69667 0 0 0 0
1.70333 0 0 0 0
1.71 0 0 0 0
1.71667 0 0 0 0
1.72333 0 0 0 0
1.73 0 0 0 0
1.73667 0 0 0 0
1.74333 0 0 0 0
1.75 0 0 0 0
1.75667 0 0 0 0
1.76333 0 0 0 0
1.77 0 0 0 0
1.77667 0 0 0 0
1.78333 0 0 0 0
1.79 0 0 0 0
1.79667 0 0 0 0
1.80333 0 0 0 0
1.81 0 0 0 0
1.81667 0 0 0 0
1.82333 0 0 0 0
1.83 0 0 0 0
1.83667 0 0 0 0
1.84333 0 0 0 0
1.85 0 0 0 0
1.85667 0 0 0 0
1.86333 0 0 0 0
1.87 0 0 0 0
1.87667 0 0 0 0
1.88333 0 0 0 0
1.89 0 0 0 0
1.89667 0 0 0 0
1.90333 0 0 0 0
1.91 0 0 0 0
1.91667 0 0 0 0
1.92333 0 0 0 0
1.93 0 0 0 0
1.93667 0 0 0 0
1.94333 0 0 0 0
1.95 0 0 0 0
1.95667 0 0 0 0
1.96333 0 0 0 0
1.97 0 0 0 0
1.97667 0 0 0 0
1.98333 0 0 0 0
1.99 0 0 0 0
1.99667 0 0 0 0
