0.00333333 0 2 33 25
0.01 2 1 47 47
0.0166667 2 4 49 49
0.0233333 3 7 59 52
0.03 2 7 56 54
0.0366667 1 11 77 86
0.0433333 0 9 89 78
0.05 1 5 128 93
0.0566667 4 11 140 106
0.0633333 5 8 169 102
0.07 3 12 171 124
0.0766667 4 10 175 129
0.0833333 7 12 185 152
0.09 3 11 164 119
0.0966667 4 12 174 133
0.103333 7 13 164 121
0.11 10 3 171 124
0.116667 3 8 165 145
0.123333 4 13 145 139
0.13 4 6 152 137
0.136667 1 7 143 114
0.143333 5 10 155 125
0.15 0 12 132 111
0.156667 3 7 138 103
0.163333 2 10 112 100
0.17 1 8 141 116
0.176667 5 15 129 114
0.183333 4 4 123 107
0.19 4 14 152 146
0.196667 4 8 141 126
0.203333 6 12 105 109
0.21 4 7 129 119
0.216667 3 5 101 110
0.223333 5 3 97 105
0.23 1 10 107 98
0.236667 5 7 90 88
0.243333 3 8 96 75
0.25 4 5 97 87
0.256667 3 4 82 73
0.263333 3 4 89 76
0.27 0 5 82 82
0.276667 8 8 104 87
0.283333 1 5 73 62
0.29 5 3 65 77
0.296667 0 5 66 57
0.303333 3 8 76 68
0.31 2 3 76 59
0.316667 2 5 66 55
0.323333 2 5 67 58
0.33 1 2 68 54
0.336667 1 4 58 60
0.343333 0 6 66 50
0.35 2 4 51 56
0.356667 3 3 62 57
0.363333 2 3 59 42
0.37 5 4 53 54
0.376667 2 2 59 34
0.383333 2 4 45 47
0.39 5 3 42 48
0.396667 1 6 57 41
0.403333 1 3 56 43
0.41 2 3 47 44
0.416667 2 4 52 47
0.423333 3 5 46 37
0.43 0 1 50 41
0.436667 1 3 42 31
0.443333 4 1 60 33
0.45 2 7 63 48
0.456667 2 2 55 41
0.463333 2 1 47 37
0.47 2 6 54 40
0.476667 3 4 39 35
0.483333 1 2 27 25
0.49 4 2 34 40
0.496667 1 2 21 30
0.503333 1 4 32 22
0.51 1 2 35 23
0.516667 0 2 20 21
0.523333 1 1 20 30
0.53 1 2 36 25
0.536667 1 1 28 23
0.543333 0 1 21 23
0.55 1 4 25 19
0.556667 2 3 24 22
0.563333 1 4 24 25
0.57 2 2 23 17
0.576667 1 1 20 13
0.583333 3 2 21 25
0.59 1 2 23 20
0.596667 1 2 23 22
0.603333 0 1 24 23
0.61 0 1 26 21
0.616667 1 1 25 21
0.623333 1 4 27 22
0.63 1 2 27 18
0.636667 1 0 31 23
0.643333 0 3 23 20
0.65 0 1 29 16
0.656667 1 4 20 15
0.663333 37 39 1142 1076
0.67 0 0 0 0
0.676667 0 0 0 0
0.683333 0 0 0 0
0.69 0 0 0 0
0.696667 0 0 0 0
0.703333 0 0 0 0
0.71 0 0 0 0
0.716667 0 0 0 0
0.723333 0 0 0 0
0.73 0 0 0 0
0.736667 0 0 0 0
0.743333 0 0 0 0
0.75 0 0 0 0
0.756667 0 0 0 0
0.763333 0 0 0 0
0.77 0 0 0 0
0.776667 0 0 0 0
0.783333 0 0 0 0
0.79 0 0 0 0
0.796667 0 0 0 0
0.803333 0 0 0 0
0.81 0 0 0 0
0.816667 0 0 0 0
0.823333 0 0 0 0
0.83 0 0 0 0
0.836667 0 0 0 0
0.843333 0 0 0 0
0.85 0 0 0 0
0.856667 0 0 0 0
0.863333 0 0 0 0
0.87 0 0 0 0
0.876667 0 0 0 0
0.883333 0 0 0 0
0.89 0 0 0 0
0.896667 0 0 0 0
0.903333 0 0 0 0
0.91 0 0 0 0
0.916667 0 0 0 0
0.923333 0 0 0 0
0.93 0 0 0 0
0.936667 0 0 0 0
0.943333 0 0 0 0
0.95 0 0 0 0
0.956667 0 0 0 0
0.963333 0 0 0 0
0.97 0 0 0 0
0.976667 0 0 0 0
0.983333 0 0 0 0
0.99 0 0 0 0
0.996667 0 0 0 0
1.00333 0 0 0 0
1.01 0 0 0 0
1.01667 0 0 0 0
1.02333 0 0 0 0
1.03 0 0 0 0
1.03667 0 0 0 0
1.04333 0 0 0 0
1.05 0 0 0 0
1.05667 0 0 0 0
1.06333 0 0 0 0
1.07 0 0 0 0
1.07667 0 0 0 0
1.08333 0 0 0 0
1.09 0 0 0 0
1.09667 0 0 0 0
1.10333 0 0 0 0
1.11 0 0 0 0
1.11667 0 0 0 0
1.12333 0 0 0 0
1.13 0 0 0 0
1.13667 0 0 0 0
1.14333 0 0 0 0
1.15 0 0 0 0
1.15667 0 0 0 0
1.16333 0 0 0 0
1.17 0 0 0 0
1.17667 0 0 0 0
1.18333 0 0 0 0
1.19 0 0 0 0
1.19667 0 0 0 0
1.20333 0 0 0 0
1.21 0 0 0 0
1.21667 0 0 0 0
1.22333 0 0 0 0
1.23 0 0 0 0
1.23667 0 0 0 0
1.24333 0 0 0 0
1.25 0 0 0 0
1.25667 0 0 0 0
1.26333 0 0 0 0
1.27 0 0 0 0
1.27667 0 0 0 0
1.28333 0 0 0 0
1.29 0 0 0 0
1.29667 0 0 0 0
1.30333 0 0 0 0
1.31 0 0 0 0
1.31667 0 0 0 0
1.32333 0 0 0 0
1.33 0 0 0 0
1.33667 0 0 0 0
1.34333 0 0 0 0
1.35 0 0 0 0
1.35667 0 0 0 0
1.36333 0 0 0 0
1.37 0 0 0 0
1.37667 0 0 0 0
1.38333 0 0 0 0
1.39 0 0 0 0
1.39667 0 0 0 0
1.40333 0 0 0 0
1.41 0 0 0 0
1.41667 0 0 0 0
1.42333 0 0 0 0
1.43 0 0 0 0
1.43667 0 0 0 0
1.44333 0 0 0 0
1.45 0 0 0 0
1.45667 0 0 0 0
1.46333 0 0 0 0
1.47 0 0 0 0
1.47667 0 0 0 0
1.48333 0 0 0 0
1.49 0 0 0 0
1.49667 0 0 0 0
1.50333 0 0 0 0
1.51 0 0 0 0
1.51667 0 0 0 0
1.52333 0 0 0 0
1.53 0 0 0 0
1.53667 0 0 0 0
1.54333 0 0 0 0
1.55 0 0 0 0
1.55667 0 0 0 0
1.56333 0 0 0 0
1.57 0 0 0 0
1.57667 0 0 0 0
1.58333 0 0 0 0
1.59 0 0 0 0
1.59667 0 0 0 0
1.60333 0 0 0 0
1.61 0 0 0 0
1.61667 0 0 0 0
1.62333 0 0 0 0
1.63 0 0 0 0
1.63667 0 0 0 0
1.64333 0 0 0 0
1.65 0 0 0 0
1.65667 0 0 0 0
1.66333 0 0 0 0
1.67 0 0 0 0
1.67667 0 0 0 0
1.68333 0 0 0 0
1.69 0 0 0 0
1.69667 0 0 0 0
1.70333 0 0 0 0
1.71 0 0 0 0
1.71667 0 0 0 0
1.72333 0 0 0 0
1.73 0 0 0 0
1.73667 0 0 0 0
1.74333 0 0 0 0
1.75 0 0 0 0
1.75667 0 0 0 0
1.76333 0 0 0 0
1.77 0 0 0 0
1.77667 0 0 0 0
1.78333 0 0 0 0
1.79 0 0 0 0
1.79667 0 0 0 0
1.80333 0 0 0 0
1.81 0 0 0 0
1.81667 0 0 0 0
1.82333 0 0 0 0
1.83 0 0 0 0
1.83667 0 0 0 0
1.84333 0 0 0 0
1.85 0 0 0 0
1.85667 0 0 0 0
1.86333 0 0 0 0
1.87 0 0 0 0
1.87667 0 0 0 0
1.88333 0 0 0 0
1.89 0 0 0 0
1.89667 0 0 0 0
1.90333 0 0 0 0
1.91 0 0 0 0
1.91667 0 0 0 0
1.92333 0 0 0 0
1.93 0 0 0 0
1.93667 0 0 0 0
1.94333 0 0 0 0
1.95 0 0 0 0
1.95667 0 0 0 0
1.96333 0 0 0 0
1.97 0 0 0 0
1.97667 0 0 0 0
1.98333 0 0 0 0
1.99 0 0 0 0
1.99667 0 0 0 0
