0.00333333 25 118 5 4
0.01 40 119 2 8
0.0166667 42 126 1 10
0.0233333 32 106 3 3
0.03 25 126 5 11
0.0366667 51 136 3 8
0.0433333 51 139 7 3
0.05 58 163 6 4
0.0566667 41 169 5 12
0.0633333 51 186 7 12
0.07 46 159 14 14
0.0766667 53 178 10 9
0.0833333 63 205 9 9
0.09 52 184 8 10
0.0966667 61 187 6 10
0.103333 60 159 9 10
0.11 55 184 10 8
0.116667 73 183 4 12
0.123333 58 204 11 7
0.13 52 188 10 17
0.136667 75 189 5 18
0.143333 47 208 2 10
0.15 75 198 7 12
0.156667 60 192 8 11
0.163333 72 190 5 8
0.17 59 178 4 10
0.176667 55 205 5 9
0.183333 54 197 4 11
0.19 71 209 5 14
0.196667 75 259 13 15
0.203333 81 253 4 11
0.21 80 294 4 11
0.216667 78 265 5 12
0.223333 66 246 7 11
0.23 59 244 8 13
0.236667 66 200 3 19
0.243333 47 231 7 11
0.25 67 238 4 10
0.256667 61 219 3 8
0.263333 60 226 6 3
0.27 63 197 5 9
0.276667 49 178 9 12
0.283333 50 180 5 10
0.29 50 211 3 7
0.296667 44 154 3 8
0.303333 62 163 4 8
0.31 52 175 4 9
0.316667 54 156 4 8
0.323333 43 149 6 10
0.33 43 138 4 14
0.336667 42 154 5 8
0.343333 32 167 3 4
0.35 54 149 4 7
0.356667 52 136 2 5
0.363333 44 140 4 11
0.37 35 128 6 10
0.376667 43 160 4 13
0.383333 52 152 5 7
0.39 52 142 4 15
0.396667 49 125 6 5
0.403333 40 131 1 10
0.41 56 147 1 9
0.416667 53 148 6 12
0.423333 46 132 0 5
0.43 49 113 4 8
0.436667 44 122 1 6
0.443333 46 150 4 9
0.45 44 149 2 8
0.456667 54 138 4 13
0.463333 42 147 4 16
0.47 53 134 3 11
0.476667 42 119 4 10
0.483333 25 48 2 4
0.49 22 57 3 6
0.496667 23 44 1 2
0.503333 18 38 4 9
0.51 20 29 1 3
0.516667 14 27 1 2
0.523333 12 33 2 6
0.53 16 38 2 4
0.536667 14 38 1 3
0.543333 11 35 3 3
0.55 15 21 1 1
0.556667 10 26 3 5
0.563333 9 35 4 6
0.57 5 24 3 1
0.576667 7 24 2 1
0.583333 10 29 2 2
0.59 9 33 1 1
0.596667 8 27 1 4
0.603333 5 26 3 1
0.61 7 17 3 4
0.616667 6 19 4 2
0.623333 6 26 2 2
0.63 6 24 1 3
0.636667 12 34 0 1
0.643333 3 22 1 1
0.65 2 18 1 1
0.656667 6 15 2 1
0.663333 2535 8769 55 559
0.67 0 0 0 0
0.676667 0 0 0 0
0.683333 0 0 0 0
0.69 0 0 0 0
0.696667 0 0 0 0
0.703333 0 0 0 0
0.71 0 0 0 0
0.716667 0 0 0 0
0.723333 0 0 0 0
0.73 0 0 0 0
0.736667 0 0 0 0
0.743333 0 0 0 0
0.75 0 0 0 0
0.756667 0 0 0 0
0.763333 0 0 0 0
0.77 0 0 0 0
0.776667 0 0 0 0
0.783333 0 0 0 0
0.79 0 0 0 0
0.796667 0 0 0 0
0.803333 0 0 0 0
0.81 0 0 0 0
0.816667 0 0 0 0
0.823333 0 0 0 0
0.83 0 0 0 0
0.836667 0 0 0 0
0.843333 0 0 0 0
0.85 0 0 0 0
0.856667 0 0 0 0
0.863333 0 0 0 0
0.87 0 0 0 0
0.876667 0 0 0 0
0.883333 0 0 0 0
0.89 0 0 0 0
0.896667 0 0 0 0
0.903333 0 0 0 0
0.91 0 0 0 0
0.916667 0 0 0 0
0.923333 0 0 0 0
0.93 0 0 0 0
0.936667 0 0 0 0
0.943333 0 0 0 0
0.95 0 0 0 0
0.956667 0 0 0 0
0.963333 0 0 0 0
0.97 0 0 0 0
0.976667 0 0 0 0
0.983333 0 0 0 0
0.99 0 0 0 0
0.996667 0 0 0 0
1.00333 0 0 0 0
1.01 0 0 0 0
1.01667 0 0 0 0
1.02333 0 0 0 0
1.03 0 0 0 0
1.03667 0 0 0 0
1.04333 0 0 0 0
1.05 0 0 0 0
1.05667 0 0 0 0
1.06333 0 0 0 0
1.07 0 0 0 0
1.07667 0 0 0 0
1.08333 0 0 0 0
1.09 0 0 0 0
1.09667 0 0 0 0
1.10333 0 0 0 0
1.11 0 0 0 0
1.11667 0 0 0 0
1.12333 0 0 0 0
1.13 0 0 0 0
1.13667 0 0 0 0
1.14333 0 0 0 0
1.15 0 0 0 0
1.15667 0 0 0 0
1.16333 0 0 0 0
1.17 0 0 0 0
1.17667 0 0 0 0
1.18333 0 0 0 0
1.19 0 0 0 0
1.19667 0 0 0 0
1.20333 0 0 0 0
1.21 0 0 0 0
1.21667 0 0 0 0
1.22333 0 0 0 0
1.23 0 0 0 0
1.23667 0 0 0 0
1.24333 0 0 0 0
1.25 0 0 0 0
1.25667 0 0 0 0
1.26333 0 0 0 0
1.27 0 0 0 0
1.27667 0 0 0 0
1.28333 0 0 0 0
1.29 0 0 0 0
1.29667 0 0 0 0
1.30333 0 0 0 0
1.31 0 0 0 0
1.31667 0 0 0 0
1.32333 0 0 0 0
1.33 0 0 0 0
1.33667 0 0 0 0
1.34333 0 0 0 0
1.35 0 0 0 0
1.35667 0 0 0 0
1.36333 0 0 0 0
1.37 0 0 0 0
1.37667 0 0 0 0
1.38333 0 0 0 0
1.39 0 0 0 0
1.39667 0 0 0 0
1.40333 0 0 0 0
1.41 0 0 0 0
1.41667 0 0 0 0
1.42333 0 0 0 0
1.43 0 0 0 0
1.43667 0 0 0 0
1.44333 0 0 0 0
1.45 0 0 0 0
1.45667 0 0 0 0
1.46333 0 0 0 0
1.47 0 0 0 0
1.47667 0 0 0 0
1.48333 0 0 0 0
1.49 0 0 0 0
1.49667 0 0 0 0
1.50333 0 0 0 0
1.51 0 0 0 0
1.51667 0 0 0 0
1.52333 0 0 0 0
1.53 0 0 0 0
1.53667 0 0 0 0
1.54333 0 0 0 0
1.55 0 0 0 0
1.55667 0 0 0 0
1.56333 0 0 0 0
1.57 0 0 0 0
1.57667 0 0 0 0
1.58333 0 0 0 0
1.59 0 0 0 0
1.59667 0 0 0 0
1.60333 0 0 0 0
1.61 0 0 0 0
1.61667 0 0 0 0
1.62333 0 0 0 0
1.63 0 0 0 0
1.63667 0 0 0 0
1.64333 0 0 0 0
1.65 0 0 0 0
1.65667 0 0 0 0
1.66333 0 0 0 0
1.67 0 0 0 0
1.67667 0 0 0 0
1.68333 0 0 0 0
1.69 0 0 0 0
1.69667 0 0 0 0
1.70333 0 0 0 0
1.71 0 0 0 0
1.71667 0 0 0 0
1.72333 0 0 0 0
1.73 0 0 0 0
1.73667 0 0 0 0
1.74333 0 0 0 0
1.75 0 0 0 0
1.75667 0 0 0 0
1.76333 0 0 0 0
1.77 0 0 0 0
1.77667 0 0 0 0
1.78333 0 0 0 0
1.79 0 0 0 0
1.79667 0 0 0 0
1.80333 0 0 0 0
1.81 0 0 0 0
1.81667 0 0 0 0
1.82333 0 0 0 0
1.83 0 0 0 0
1.83667 0 0 0 0
1.84333 0 0 0 0
1.85 0 0 0 0
1.85667 0 0 0 0
1.86333 0 0 0 0
1.87 0 0 0 0
1.87667 0 0 0 0
1.88333 0 0 0 0
1.89 0 0 0 0
1.89667 0 0 0 0
1.90333 0 0 0 0
1.91 0 0 0 0
1.91667 0 0 0 0
1.92333 0 0 0 0
1.93 0 0 0 0
1.93667 0 0 0 0
1.94333 0 0 0 0
1.95 0 0 0 0
1.95667 0 0 0 0
1.96333 0 0 0 0
1.97 0 0 0 0
1.97667 0 0 0 0
1.98333 0 0 0 0
1.99 0 0 0 0
1.99667 0 0 0 0
