0.00333333 0 0 90 21
0.01 1 5 103 21
0.0166667 0 2 142 46
0.0233333 0 3 115 40
0.03 1 5 152 29
0.0366667 1 7 136 39
0.0433333 2 7 183 76
0.05 4 16 221 80
0.0566667 6 11 236 83
0.0633333 3 15 304 106
0.07 1 10 321 118
0.0766667 3 7 307 94
0.0833333 2 7 352 112
0.09 7 19 345 97
0.0966667 1 12 329 84
0.103333 2 18 342 91
0.11 3 18 312 101
0.116667 1 15 379 99
0.123333 2 14 342 98
0.13 3 8 345 91
0.136667 2 6 343 74
0.143333 6 11 362 87
0.15 5 16 326 73
0.156667 0 12 350 70
0.163333 3 11 324 75
0.17 2 10 289 66
0.176667 3 9 286 79
0.183333 6 7 312 68
0.19 3 7 361 74
0.196667 2 10 361 55
0.203333 3 16 311 56
0.21 1 11 328 53
0.216667 5 5 304 69
0.223333 3 9 269 68
0.23 1 12 269 49
0.236667 0 2 245 56
0.243333 2 5 245 40
0.25 2 7 231 60
0.256667 2 6 228 40
0.263333 1 6 191 49
0.27 1 6 194 46
0.276667 0 10 191 42
0.283333 1 4 182 47
0.29 2 7 177 46
0.296667 1 9 170 48
0.303333 0 4 145 35
0.31 2 8 176 45
0.316667 2 4 135 29
0.323333 0 12 153 33
0.33 0 8 134 48
0.336667 2 5 134 42
0.343333 1 3 141 34
0.35 0 7 147 40
0.356667 3 3 134 25
0.363333 0 3 113 26
0.37 0 4 121 27
0.376667 0 2 111 26
0.383333 2 3 103 21
0.39 2 4 106 35
0.396667 1 2 125 34
0.403333 1 2 111 24
0.41 2 4 129 35
0.416667 2 3 120 36
0.423333 0 3 112 23
0.43 2 4 116 28
0.436667 0 4 116 29
0.443333 1 8 102 28
0.45 0 2 114 34
0.456667 2 6 136 32
0.463333 0 3 121 20
0.47 1 5 105 24
0.476667 2 6 107 19
0.483333 1 4 66 12
0.49 0 1 66 16
0.496667 1 2 62 22
0.503333 0 6 57 19
0.51 0 5 57 15
0.516667 1 4 54 14
0.523333 0 3 42 20
0.53 0 1 54 16
0.536667 1 2 55 20
0.543333 0 0 55 15
0.55 1 1 48 9
0.556667 0 2 40 10
0.563333 0 3 61 14
0.57 1 3 42 12
0.576667 4 2 42 9
0.583333 0 2 37 15
0.59 0 5 39 11
0.596667 2 2 40 8
0.603333 0 1 37 16
0.61 0 2 41 11
0.616667 1 4 38 16
0.623333 1 4 46 13
0.63 1 3 38 12
0.636667 0 3 58 9
0.643333 1 4 27 7
0.65 1 2 46 16
0.656667 0 3 37 12
0.663333 11 59 4218 489
0.67 0 0 0 0
0.676667 0 0 0 0
0.683333 0 0 0 0
0.69 0 0 0 0
0.696667 0 0 0 0
0.703333 0 0 0 0
0.71 0 0 0 0
0.716667 0 0 0 0
0.723333 0 0 0 0
0.73 0 0 0 0
0.736667 0 0 0 0
0.743333 0 0 0 0
0.75 0 0 0 0
0.756667 0 0 0 0
0.763333 0 0 0 0
0.77 0 0 0 0
0.776667 0 0 0 0
0.783333 0 0 0 0
0.79 0 0 0 0
0.796667 0 0 0 0
0.803333 0 0 0 0
0.81 0 0 0 0
0.816667 0 0 0 0
0.823333 0 0 0 0
0.83 0 0 0 0
0.836667 0 0 0 0
0.843333 0 0 0 0
0.85 0 0 0 0
0.856667 0 0 0 0
0.863333 0 0 0 0
0.87 0 0 0 0
0.876667 0 0 0 0
0.883333 0 0 0 0
0.89 0 0 0 0
0.896667 0 0 0 0
0.903333 0 0 0 0
0.91 0 0 0 0
0.916667 0 0 0 0
0.923333 0 0 0 0
0.93 0 0 0 0
0.936667 0 0 0 0
0.943333 0 0 0 0
0.95 0 0 0 0
0.956667 0 0 0 0
0.963333 0 0 0 0
0.97 0 0 0 0
0.976667 0 0 0 0
0.983333 0 0 0 0
0.99 0 0 0 0
0.996667 0 0 0 0
1.00333 0 0 0 0
1.01 0 0 0 0
1.01667 0 0 0 0
1.02333 0 0 0 0
1.03 0 0 0 0
1.03667 0 0 0 0
1.04333 0 0 0 0
1.05 0 0 0 0
1.05667 0 0 0 0
1.06333 0 0 0 0
1.07 0 0 0 0
1.07667 0 0 0 0
1.08333 0 0 0 0
1.09 0 0 0 0
1.09667 0 0 0 0
1.10333 0 0 0 0
1.11 0 0 0 0
1.11667 0 0 0 0
1.12333 0 0 0 0
1.13 0 0 0 0
1.13667 0 0 0 0
1.14333 0 0 0 0
1.15 0 0 0 0
1.15667 0 0 0 0
1.16333 0 0 0 0
1.17 0 0 0 0
1.17667 0 0 0 0
1.18333 0 0 0 0
1.19 0 0 0 0
1.19667 0 0 0 0
1.20333 0 0 0 0
1.21 0 0 0 0
1.21667 0 0 0 0
1.22333 0 0 0 0
1.23 0 0 0 0
1.23667 0 0 0 0
1.24333 0 0 0 0
1.25 0 0 0 0
1.25667 0 0 0 0
1.26333 0 0 0 0
1.27 0 0 0 0
1.27667 0 0 0 0
1.28333 0 0 0 0
1.29 0 0 0 0
1.29667 0 0 0 0
1.30333 0 0 0 0
1.31 0 0 0 0
1.31667 0 0 0 0
1.32333 0 0 0 0
1.33 0 0 0 0
1.33667 0 0 0 0
1.34333 0 0 0 0
1.35 0 0 0 0
1.35667 0 0 0 0
1.36333 0 0 0 0
1.37 0 0 0 0
1.37667 0 0 0 0
1.38333 0 0 0 0
1.39 0 0 0 0
1.39667 0 0 0 0
1.40333 0 0 0 0
1.41 0 0 0 0
1.41667 0 0 0 0
1.42333 0 0 0 0
1.43 0 0 0 0
1.43667 0 0 0 0
1.44333 0 0 0 0
1.45 0 0 0 0
1.45667 0 0 0 0
1.46333 0 0 0 0
1.47 0 0 0 0
1.47667 0 0 0 0
1.48333 0 0 0 0
1.49 0 0 0 0
1.49667 0 0 0 0
1.50333 0 0 0 0
1.51 0 0 0 0
1.51667 0 0 0 0
1.52333 0 0 0 0
1.53 0 0 0 0
1.53667 0 0 0 0
1.54333 0 0 0 0
1.55 0 0 0 0
1.55667 0 0 0 0
1.56333 0 0 0 0
1.57 0 0 0 0
1.57667 0 0 0 0
1.58333 0 0 0 0
1.59 0 0 0 0
1.59667 0 0 0 0
1.60333 0 0 0 0
1.61 0 0 0 0
1.61667 0 0 0 0
1.62333 0 0 0 0
1.63 0 0 0 0
1.63667 0 0 0 0
1.64333 0 0 0 0
1.65 0 0 0 0
1.65667 0 0 0 0
1.66333 0 0 0 0
1.67 0 0 0 0
1.67667 0 0 0 0
1.68333 0 0 0 0
1.69 0 0 0 0
1.69667 0 0 0 0
1.70333 0 0 0 0
1.71 0 0 0 0
1.71667 0 0 0 0
1.72333 0 0 0 0
1.73 0 0 0 0
1.73667 0 0 0 0
1.74333 0 0 0 0
1.75 0 0 0 0
1.75667 0 0 0 0
1.76333 0 0 0 0
1.77 0 0 0 0
1.77667 0 0 0 0
1.78333 0 0 0 0
1.79 0 0 0 0
1.79667 0 0 0 0
1.80333 0 0 0 0
1.81 0 0 0 0
1.81667 0 0 0 0
1.82333 0 0 0 0
1.83 0 0 0 0
1.83667 0 0 0 0
1.84333 0 0 0 0
1.85 0 0 0 0
1.85667 0 0 0 0
1.86333 0 0 0 0
1.87 0 0 0 0
1.87667 0 0 0 0
1.88333 0 0 0 0
1.89 0 0 0 0
1.89667 0 0 0 0
1.90333 0 0 0 0
1.91 0 0 0 0
1.91667 0 0 0 0
1.92333 0 0 0 0
1.93 0 0 0 0
1.93667 0 0 0 0
1.94333 0 0 0 0
1.95 0 0 0 0
1.95667 0 0 0 0
1.96333 0 0 0 0
1.97 0 0 0 0
1.97667 0 0 0 0
1.98333 0 0 0 0
1.99 0 0 0 0
1.99667 0 0 0 0
