0.00333333 109 31 1 6
0.01 125 32 3 8
0.0166667 122 39 1 7
0.0233333 130 34 3 6
0.03 133 38 2 4
0.0366667 122 46 4 4
0.0433333 150 43 5 7
0.05 166 69 6 7
0.0566667 154 98 7 6
0.0633333 169 88 6 6
0.07 211 87 4 10
0.0766667 214 93 2 10
0.0833333 217 89 6 11
0.09 224 111 5 5
0.0966667 185 92 8 6
0.103333 226 88 6 13
0.11 223 99 11 8
0.116667 236 97 2 6
0.123333 255 95 2 8
0.13 245 88 7 13
0.136667 260 98 4 10
0.143333 274 85 3 12
0.15 258 66 7 9
0.156667 224 71 4 10
0.163333 234 67 0 9
0.17 260 71 3 8
0.176667 265 65 6 10
0.183333 338 70 2 9
0.19 468 58 2 13
0.196667 414 68 2 16
0.203333 362 73 4 9
0.21 334 83 2 12
0.216667 272 80 3 13
0.223333 303 87 7 14
0.23 253 53 2 12
0.236667 238 58 5 7
0.243333 239 65 2 12
0.25 238 66 3 7
0.256667 197 58 1 8
0.263333 175 61 0 13
0.27 197 46 3 8
0.276667 191 49 5 6
0.283333 162 50 3 7
0.29 162 59 2 8
0.296667 208 49 1 9
0.303333 148 51 3 2
0.31 155 41 4 4
0.316667 165 39 2 9
0.323333 141 35 4 8
0.33 147 43 0 9
0.336667 130 28 4 5
0.343333 133 39 2 5
0.35 123 34 1 1
0.356667 131 46 3 6
0.363333 144 36 4 3
0.37 126 39 4 8
0.376667 134 32 2 12
0.383333 149 47 2 6
0.39 129 40 1 6
0.396667 117 29 1 5
0.403333 127 28 3 9
0.41 123 30 2 6
0.416667 130 33 2 5
0.423333 123 35 7 5
0.43 109 38 2 7
0.436667 115 42 1 8
0.443333 125 25 0 9
0.45 149 38 2 5
0.456667 123 31 2 5
0.463333 137 36 3 13
0.47 141 41 3 6
0.476667 92 36 1 5
0.483333 47 23 1 1
0.49 55 23 2 9
0.496667 46 16 3 1
0.503333 33 27 3 6
0.51 32 18 2 2
0.516667 19 30 1 3
0.523333 31 22 1 5
0.53 27 17 1 1
0.536667 31 17 1 6
0.543333 17 21 0 1
0.55 25 19 2 4
0.556667 33 14 0 4
0.563333 30 22 3 3
0.57 18 18 2 4
0.576667 29 21 1 2
0.583333 25 26 1 5
0.59 22 14 2 0
0.596667 14 15 3 2
0.603333 19 17 1 3
0.61 30 22 3 2
0.616667 21 22 1 2
0.623333 28 17 0 4
0.63 29 13 0 2
0.636667 36 21 2 3
0.643333 14 19 0 1
0.65 16 23 1 3
0.656667 11 16 0 0
0.663333 8248 885 26 398
0.67 0 0 0 0
0.676667 0 0 0 0
0.683333 0 0 0 0
0.69 0 0 0 0
0.696667 0 0 0 0
0.703333 0 0 0 0
0.71 0 0 0 0
0.716667 0 0 0 0
0.723333 0 0 0 0
0.73 0 0 0 0
0.736667 0 0 0 0
0.743333 0 0 0 0
0.75 0 0 0 0
0.756667 0 0 0 0
0.763333 0 0 0 0
0.77 0 0 0 0
0.776667 0 0 0 0
0.783333 0 0 0 0
0.79 0 0 0 0
0.796667 0 0 0 0
0.803333 0 0 0 0
0.81 0 0 0 0
0.816667 0 0 0 0
0.823333 0 0 0 0
0.83 0 0 0 0
0.836667 0 0 0 0
0.843333 0 0 0 0
0.85 0 0 0 0
0.856667 0 0 0 0
0.863333 0 0 0 0
0.87 0 0 0 0
0.876667 0 0 0 0
0.883333 0 0 0 0
0.89 0 0 0 0
0.896667 0 0 0 0
0.903333 0 0 0 0
0.91 0 0 0 0
0.916667 0 0 0 0
0.923333 0 0 0 0
0.93 0 0 0 0
0.936667 0 0 0 0
0.943333 0 0 0 0
0.95 0 0 0 0
0.956667 0 0 0 0
0.963333 0 0 0 0
0.97 0 0 0 0
0.976667 0 0 0 0
0.983333 0 0 0 0
0.99 0 0 0 0
0.996667 0 0 0 0
1.00333 0 0 0 0
1.01 0 0 0 0
1.01667 0 0 0 0
1.02333 0 0 0 0
1.03 0 0 0 0
1.03667 0 0 0 0
1.04333 0 0 0 0
1.05 0 0 0 0
1.05667 0 0 0 0
1.06333 0 0 0 0
1.07 0 0 0 0
1.07667 0 0 0 0
1.08333 0 0 0 0
1.09 0 0 0 0
1.09667 0 0 0 0
1.10333 0 0 0 0
1.11 0 0 0 0
1.11667 0 0 0 0
1.12333 0 0 0 0
1.13 0 0 0 0
1.13667 0 0 0 0
1.14333 0 0 0 0
1.15 0 0 0 0
1.15667 0 0 0 0
1.16333 0 0 0 0
1.17 0 0 0 0
1.17667 0 0 0 0
1.18333 0 0 0 0
1.19 0 0 0 0
1.19667 0 0 0 0
1.20333 0 0 0 0
1.21 0 0 0 0
1.21667 0 0 0 0
1.22333 0 0 0 0
1.23 0 0 0 0
1.23667 0 0 0 0
1.24333 0 0 0 0
1.25 0 0 0 0
1.25667 0 0 0 0
1.26333 0 0 0 0
1.27 0 0 0 0
1.27667 0 0 0 0
1.28333 0 0 0 0
1.29 0 0 0 0
1.29667 0 0 0 0
1.30333 0 0 0 0
1.31 0 0 0 0
1.31667 0 0 0 0
1.32333 0 0 0 0
1.33 0 0 0 0
1.33667 0 0 0 0
1.34333 0 0 0 0
1.35 0 0 0 0
1.35667 0 0 0 0
1.36333 0 0 0 0
1.37 0 0 0 0
1.37667 0 0 0 0
1.38333 0 0 0 0
1.39 0 0 0 0
1.39667 0 0 0 0
1.40333 0 0 0 0
1.41 0 0 0 0
1.41667 0 0 0 0
1.42333 0 0 0 0
1.43 0 0 0 0
1.43667 0 0 0 0
1.44333 0 0 0 0
1.45 0 0 0 0
1.45667 0 0 0 0
1.46333 0 0 0 0
1.47 0 0 0 0
1.47667 0 0 0 0
1.48333 0 0 0 0
1.49 0 0 0 0
1.49667 0 0 0 0
1.50333 0 0 0 0
1.51 0 0 0 0
1.51667 0 0 0 0
1.52333 0 0 0 0
1.53 0 0 0 0
1.53667 0 0 0 0
1.54333 0 0 0 0
1.55 0 0 0 0
1.55667 0 0 0 0
1.56333 0 0 0 0
1.57 0 0 0 0
1.57667 0 0 0 0
1.58333 0 0 0 0
1.59 0 0 0 0
1.59667 0 0 0 0
1.60333 0 0 0 0
1.61 0 0 0 0
1.61667 0 0 0 0
1.62333 0 0 0 0
1.63 0 0 0 0
1.63667 0 0 0 0
1.64333 0 0 0 0
1.65 0 0 0 0
1.65667 0 0 0 0
1.66333 0 0 0 0
1.67 0 0 0 0
1.67667 0 0 0 0
1.68333 0 0 0 0
1.69 0 0 0 0
1.69667 0 0 0 0
1.70333 0 0 0 0
1.71 0 0 0 0
1.71667 0 0 0 0
1.72333 0 0 0 0
1.73 0 0 0 0
1.73667 0 0 0 0
1.74333 0 0 0 0
1.75 0 0 0 0
1.75667 0 0 0 0
1.76333 0 0 0 0
1.77 0 0 0 0
1.77667 0 0 0 0
1.78333 0 0 0 0
1.79 0 0 0 0
1.79667 0 0 0 0
1.80333 0 0 0 0
1.81 0 0 0 0
1.81667 0 0 0 0
1.82333 0 0 0 0
1.83 0 0 0 0
1.83667 0 0 0 0
1.84333 0 0 0 0
1.85 0 0 0 0
1.85667 0 0 0 0
1.86333 0 0 0 0
1.87 0 0 0 0
1.87667 0 0 0 0
1.88333 0 0 0 0
1.89 0 0 0 0
1.89667 0 0 0 0
1.90333 0 0 0 0
1.91 0 0 0 0
1.91667 0 0 0 0
1.92333 0 0 0 0
1.93 0 0 0 0
1.93667 0 0 0 0
1.94333 0 0 0 0
1.95 0 0 0 0
1.95667 0 0 0 0
1.96333 0 0 0 0
1.97 0 0 0 0
1.97667 0 0 0 0
1.98333 0 0 0 0
1.99 0 0 0 0
1.99667 0 0 0 0
