0.00333333 16 34 10 3
0.01 22 49 8 2
0.0166667 25 67 11 0
0.0233333 32 70 14 2
0.03 27 69 6 3
0.0366667 37 97 13 2
0.0433333 56 127 23 1
0.05 65 158 25 6
0.0566667 102 184 25 4
0.0633333 84 210 32 10
0.07 112 216 28 9
0.0766667 85 239 43 6
0.0833333 96 224 43 13
0.09 73 232 33 6
0.0966667 79 210 45 7
0.103333 92 224 46 8
0.11 86 229 34 6
0.116667 84 201 43 6
0.123333 67 194 28 4
0.13 72 222 27 9
0.136667 72 202 25 6
0.143333 59 191 33 4
0.15 52 149 34 4
0.156667 66 178 25 4
0.163333 56 136 33 4
0.17 54 155 34 5
0.176667 65 176 29 7
0.183333 59 145 41 10
0.19 51 146 32 2
0.196667 49 171 39 2
0.203333 56 133 25 6
0.21 53 143 23 7
0.216667 35 138 21 5
0.223333 48 116 29 4
0.23 52 119 28 1
0.236667 39 120 24 6
0.243333 43 97 26 2
0.25 36 124 20 4
0.256667 30 126 19 3
0.263333 41 113 18 4
0.27 28 107 15 7
0.276667 29 103 19 1
0.283333 20 88 13 2
0.29 32 95 23 2
0.296667 22 96 16 2
0.303333 37 90 14 4
0.31 44 112 18 2
0.316667 29 78 19 1
0.323333 27 78 9 2
0.33 29 87 12 3
0.336667 26 79 19 0
0.343333 26 69 11 1
0.35 23 78 13 1
0.356667 28 56 8 1
0.363333 32 63 16 0
0.37 22 64 19 3
0.376667 25 52 19 5
0.383333 22 58 9 3
0.39 19 50 5 1
0.396667 32 60 11 1
0.403333 22 71 14 0
0.41 22 53 17 1
0.416667 15 46 13 2
0.423333 8 55 10 3
0.43 17 63 14 1
0.436667 20 53 7 3
0.443333 12 53 9 0
0.45 32 58 11 0
0.456667 19 54 19 3
0.463333 27 48 12 2
0.47 21 52 12 3
0.476667 26 52 9 3
0.483333 17 29 5 2
0.49 13 44 10 4
0.496667 10 28 6 1
0.503333 16 34 11 1
0.51 21 31 8 0
0.516667 15 20 12 0
0.523333 14 30 7 0
0.53 17 28 5 0
0.536667 13 25 11 1
0.543333 10 39 15 4
0.55 11 34 8 0
0.556667 8 26 11 1
0.563333 18 38 6 3
0.57 11 20 8 1
0.576667 11 29 17 2
0.583333 14 29 9 1
0.59 9 30 6 2
0.596667 13 23 7 0
0.603333 8 25 11 2
0.61 16 30 3 2
0.616667 8 27 12 1
0.623333 11 32 9 3
0.63 13 25 5 4
0.636667 9 13 9 3
0.643333 9 20 8 1
0.65 6 36 9 0
0.656667 11 45 7 0
0.663333 394 1421 257 18
0.67 0 0 0 0
0.676667 0 0 0 0
0.683333 0 0 0 0
0.69 0 0 0 0
0.696667 0 0 0 0
0.703333 0 0 0 0
0.71 0 0 0 0
0.716667 0 0 0 0
0.723333 0 0 0 0
0.73 0 0 0 0
0.736667 0 0 0 0
0.743333 0 0 0 0
0.75 0 0 0 0
0.756667 0 0 0 0
0.763333 0 0 0 0
0.77 0 0 0 0
0.776667 0 0 0 0
0.783333 0 0 0 0
0.79 0 0 0 0
0.796667 0 0 0 0
0.803333 0 0 0 0
0.81 0 0 0 0
0.816667 0 0 0 0
0.823333 0 0 0 0
0.83 0 0 0 0
0.836667 0 0 0 0
0.843333 0 0 0 0
0.85 0 0 0 0
0.856667 0 0 0 0
0.863333 0 0 0 0
0.87 0 0 0 0
0.876667 0 0 0 0
0.883333 0 0 0 0
0.89 0 0 0 0
0.896667 0 0 0 0
0.903333 0 0 0 0
0.91 0 0 0 0
0.916667 0 0 0 0
0.923333 0 0 0 0
0.93 0 0 0 0
0.936667 0 0 0 0
0.943333 0 0 0 0
0.95 0 0 0 0
0.956667 0 0 0 0
0.963333 0 0 0 0
0.97 0 0 0 0
0.976667 0 0 0 0
0.983333 0 0 0 0
0.99 0 0 0 0
0.996667 0 0 0 0
1.00333 0 0 0 0
1.01 0 0 0 0
1.01667 0 0 0 0
1.02333 0 0 0 0
1.03 0 0 0 0
1.03667 0 0 0 0
1.04333 0 0 0 0
1.05 0 0 0 0
1.05667 0 0 0 0
1.06333 0 0 0 0
1.07 0 0 0 0
1.07667 0 0 0 0
1.08333 0 0 0 0
1.09 0 0 0 0
1.09667 0 0 0 0
1.10333 0 0 0 0
1.11 0 0 0 0
1.11667 0 0 0 0
1.12333 0 0 0 0
1.13 0 0 0 0
1.13667 0 0 0 0
1.14333 0 0 0 0
1.15 0 0 0 0
1.15667 0 0 0 0
1.16333 0 0 0 0
1.17 0 0 0 0
1.17667 0 0 0 0
1.18333 0 0 0 0
1.19 0 0 0 0
1.19667 0 0 0 0
1.20333 0 0 0 0
1.21 0 0 0 0
1.21667 0 0 0 0
1.22333 0 0 0 0
1.23 0 0 0 0
1.23667 0 0 0 0
1.24333 0 0 0 0
1.25 0 0 0 0
1.25667 0 0 0 0
1.26333 0 0 0 0
1.27 0 0 0 0
1.27667 0 0 0 0
1.28333 0 0 0 0
1.29 0 0 0 0
1.29667 0 0 0 0
1.30333 0 0 0 0
1.31 0 0 0 0
1.31667 0 0 0 0
1.32333 0 0 0 0
1.33 0 0 0 0
1.33667 0 0 0 0
1.34333 0 0 0 0
1.35 0 0 0 0
1.35667 0 0 0 0
1.36333 0 0 0 0
1.37 0 0 0 0
1.37667 0 0 0 0
1.38333 0 0 0 0
1.39 0 0 0 0
1.39667 0 0 0 0
1.40333 0 0 0 0
1.41 0 0 0 0
1.41667 0 0 0 0
1.42333 0 0 0 0
1.43 0 0 0 0
1.43667 0 0 0 0
1.44333 0 0 0 0
1.45 0 0 0 0
1.45667 0 0 0 0
1.46333 0 0 0 0
1.47 0 0 0 0
1.47667 0 0 0 0
1.48333 0 0 0 0
1.49 0 0 0 0
1.49667 0 0 0 0
1.50333 0 0 0 0
1.51 0 0 0 0
1.51667 0 0 0 0
1.52333 0 0 0 0
1.53 0 0 0 0
1.53667 0 0 0 0
1.54333 0 0 0 0
1.55 0 0 0 0
1.55667 0 0 0 0
1.56333 0 0 0 0
1.57 0 0 0 0
1.57667 0 0 0 0
1.58333 0 0 0 0
1.59 0 0 0 0
1.59667 0 0 0 0
1.60333 0 0 0 0
1.61 0 0 0 0
1.61667 0 0 0 0
1.62333 0 0 0 0
1.63 0 0 0 0
1.63667 0 0 0 0
1.64333 0 0 0 0
1.65 0 0 0 0
1.65667 0 0 0 0
1.66333 0 0 0 0
1.67 0 0 0 0
1.67667 0 0 0 0
1.68333 0 0 0 0
1.69 0 0 0 0
1.69667 0 0 0 0
1.70333 0 0 0 0
1.71 0 0 0 0
1.71667 0 0 0 0
1.72333 0 0 0 0
1.73 0 0 0 0
1.73667 0 0 0 0
1.74333 0 0 0 0
1.75 0 0 0 0
1.75667 0 0 0 0
1.76333 0 0 0 0
1.77 0 0 0 0
1.77667 0 0 0 0
1.78333 0 0 0 0
1.79 0 0 0 0
1.79667 0 0 0 0
1.80333 0 0 0 0
1.81 0 0 0 0
1.81667 0 0 0 0
1.82333 0 0 0 0
1.83 0 0 0 0
1.83667 0 0 0 0
1.84333 0 0 0 0
1.85 0 0 0 0
1.85667 0 0 0 0
1.86333 0 0 0 0
1.87 0 0 0 0
1.87667 0 0 0 0
1.88333 0 0 0 0
1.89 0 0 0 0
1.89667 0 0 0 0
1.90333 0 0 0 0
1.91 0 0 0 0
1.91667 0 0 0 0
1.92333 0 0 0 0
1.93 0 0 0 0
1.93667 0 0 0 0
1.94333 0 0 0 0
1.95 0 0 0 0
1.95667 0 0 0 0
1.96333 0 0 0 0
1.97 0 0 0 0
1.97667 0 0 0 0
1.98333 0 0 0 0
1.99 0 0 0 0
1.99667 0 0 0 0
