0.00333333 10 69 6 10
0.01 21 49 11 17
0.0166667 11 66 8 21
0.0233333 18 61 5 14
0.03 8 63 8 19
0.0366667 10 84 10 12
0.0433333 21 75 16 8
0.05 23 91 19 9
0.0566667 30 111 27 20
0.0633333 25 98 27 16
0.07 31 108 32 28
0.0766667 32 131 25 19
0.0833333 25 119 30 19
0.09 32 106 23 21
0.0966667 29 103 28 22
0.103333 29 119 28 20
0.11 33 141 24 22
0.116667 44 120 30 32
0.123333 29 125 21 19
0.13 46 132 22 32
0.136667 32 122 17 23
0.143333 32 132 23 20
0.15 27 137 24 21
0.156667 33 122 19 25
0.163333 40 110 14 18
0.17 34 121 17 24
0.176667 33 135 19 19
0.183333 33 151 17 16
0.19 52 144 24 35
0.196667 38 165 13 25
0.203333 33 153 20 26
0.21 47 153 16 18
0.216667 34 130 12 16
0.223333 30 123 23 29
0.23 32 113 14 17
0.236667 39 123 13 24
0.243333 35 127 9 14
0.25 36 116 13 15
0.256667 19 112 21 15
0.263333 26 107 12 18
0.27 27 96 9 18
0.276667 44 95 10 10
0.283333 25 95 8 15
0.29 23 87 4 14
0.296667 28 76 21 9
0.303333 26 81 6 14
0.31 23 73 15 14
0.316667 18 87 14 6
0.323333 20 74 6 14
0.33 20 92 11 20
0.336667 25 90 15 16
0.343333 14 71 8 17
0.35 12 75 8 19
0.356667 18 73 19 12
0.363333 25 83 10 18
0.37 22 80 19 20
0.376667 16 73 7 18
0.383333 23 65 9 20
0.39 23 63 4 7
0.396667 15 71 6 9
0.403333 13 69 10 18
0.41 21 76 7 16
0.416667 16 58 10 20
0.423333 18 81 9 17
0.43 17 65 8 11
0.436667 13 65 12 13
0.443333 22 76 8 18
0.45 22 86 12 14
0.456667 15 80 11 11
0.463333 15 64 10 18
0.47 27 71 14 17
0.476667 18 57 13 9
0.483333 9 40 1 8
0.49 10 30 8 10
0.496667 10 32 5 12
0.503333 10 23 7 6
0.51 15 22 8 8
0.516667 10 33 6 7
0.523333 8 15 5 4
0.53 8 21 8 7
0.536667 10 16 4 7
0.543333 14 25 2 6
0.55 9 20 8 9
0.556667 9 26 8 7
0.563333 3 19 7 7
0.57 9 26 10 5
0.576667 9 18 8 6
0.583333 9 12 7 7
0.59 5 12 6 4
0.596667 12 23 8 6
0.603333 8 23 4 5
0.61 10 24 4 5
0.616667 8 21 10 10
0.623333 7 27 6 4
0.63 8 22 5 9
0.636667 12 31 5 8
0.643333 4 24 10 5
0.65 9 22 9 4
0.656667 5 11 4 5
0.663333 958 3346 141 561
0.67 0 0 0 0
0.676667 0 0 0 0
0.683333 0 0 0 0
0.69 0 0 0 0
0.696667 0 0 0 0
0.703333 0 0 0 0
0.71 0 0 0 0
0.716667 0 0 0 0
0.723333 0 0 0 0
0.73 0 0 0 0
0.736667 0 0 0 0
0.743333 0 0 0 0
0.75 0 0 0 0
0.756667 0 0 0 0
0.763333 0 0 0 0
0.77 0 0 0 0
0.776667 0 0 0 0
0.783333 0 0 0 0
0.79 0 0 0 0
0.796667 0 0 0 0
0.803333 0 0 0 0
0.81 0 0 0 0
0.816667 0 0 0 0
0.823333 0 0 0 0
0.83 0 0 0 0
0.836667 0 0 0 0
0.843333 0 0 0 0
0.85 0 0 0 0
0.856667 0 0 0 0
0.863333 0 0 0 0
0.87 0 0 0 0
0.876667 0 0 0 0
0.883333 0 0 0 0
0.89 0 0 0 0
0.896667 0 0 0 0
0.903333 0 0 0 0
0.91 0 0 0 0
0.916667 0 0 0 0
0.923333 0 0 0 0
0.93 0 0 0 0
0.936667 0 0 0 0
0.943333 0 0 0 0
0.95 0 0 0 0
0.956667 0 0 0 0
0.963333 0 0 0 0
0.97 0 0 0 0
0.976667 0 0 0 0
0.983333 0 0 0 0
0.99 0 0 0 0
0.996667 0 0 0 0
1.00333 0 0 0 0
1.01 0 0 0 0
1.01667 0 0 0 0
1.02333 0 0 0 0
1.03 0 0 0 0
1.03667 0 0 0 0
1.04333 0 0 0 0
1.05 0 0 0 0
1.05667 0 0 0 0
1.06333 0 0 0 0
1.07 0 0 0 0
1.07667 0 0 0 0
1.08333 0 0 0 0
1.09 0 0 0 0
1.09667 0 0 0 0
1.10333 0 0 0 0
1.11 0 0 0 0
1.11667 0 0 0 0
1.12333 0 0 0 0
1.13 0 0 0 0
1.13667 0 0 0 0
1.14333 0 0 0 0
1.15 0 0 0 0
1.15667 0 0 0 0
1.16333 0 0 0 0
1.17 0 0 0 0
1.17667 0 0 0 0
1.18333 0 0 0 0
1.19 0 0 0 0
1.19667 0 0 0 0
1.20333 0 0 0 0
1.21 0 0 0 0
1.21667 0 0 0 0
1.22333 0 0 0 0
1.23 0 0 0 0
1.23667 0 0 0 0
1.24333 0 0 0 0
1.25 0 0 0 0
1.25667 0 0 0 0
1.26333 0 0 0 0
1.27 0 0 0 0
1.27667 0 0 0 0
1.28333 0 0 0 0
1.29 0 0 0 0
1.29667 0 0 0 0
1.30333 0 0 0 0
1.31 0 0 0 0
1.31667 0 0 0 0
1.32333 0 0 0 0
1.33 0 0 0 0
1.33667 0 0 0 0
1.34333 0 0 0 0
1.35 0 0 0 0
1.35667 0 0 0 0
1.36333 0 0 0 0
1.37 0 0 0 0
1.37667 0 0 0 0
1.38333 0 0 0 0
1.39 0 0 0 0
1.39667 0 0 0 0
1.40333 0 0 0 0
1.41 0 0 0 0
1.41667 0 0 0 0
1.42333 0 0 0 0
1.43 0 0 0 0
1.43667 0 0 0 0
1.44333 0 0 0 0
1.45 0 0 0 0
1.45667 0 0 0 0
1.46333 0 0 0 0
1.47 0 0 0 0
1.47667 0 0 0 0
1.48333 0 0 0 0
1.49 0 0 0 0
1.49667 0 0 0 0
1.50333 0 0 0 0
1.51 0 0 0 0
1.51667 0 0 0 0
1.52333 0 0 0 0
1.53 0 0 0 0
1.53667 0 0 0 0
1.54333 0 0 0 0
1.55 0 0 0 0
1.55667 0 0 0 0
1.56333 0 0 0 0
1.57 0 0 0 0
1.57667 0 0 0 0
1.58333 0 0 0 0
1.59 0 0 0 0
1.59667 0 0 0 0
1.60333 0 0 0 0
1.61 0 0 0 0
1.61667 0 0 0 0
1.62333 0 0 0 0
1.63 0 0 0 0
1.63667 0 0 0 0
1.64333 0 0 0 0
1.65 0 0 0 0
1.65667 0 0 0 0
1.66333 0 0 0 0
1.67 0 0 0 0
1.67667 0 0 0 0
1.68333 0 0 0 0
1.69 0 0 0 0
1.69667 0 0 0 0
1.70333 0 0 0 0
1.71 0 0 0 0
1.71667 0 0 0 0
1.72333 0 0 0 0
1.73 0 0 0 0
1.73667 0 0 0 0
1.74333 0 0 0 0
1.75 0 0 0 0
1.75667 0 0 0 0
1.76333 0 0 0 0
1.77 0 0 0 0
1.77667 0 0 0 0
1.78333 0 0 0 0
1.79 0 0 0 0
1.79667 0 0 0 0
1.80333 0 0 0 0
1.81 0 0 0 0
1.81667 0 0 0 0
1.82333 0 0 0 0
1.83 0 0 0 0
1.83667 0 0 0 0
1.84333 0 0 0 0
1.85 0 0 0 0
1.85667 0 0 0 0
1.86333 0 0 0 0
1.87 0 0 0 0
1.87667 0 0 0 0
1.88333 0 0 0 0
1.89 0 0 0 0
1.89667 0 0 0 0
1.90333 0 0 0 0
1.91 0 0 0 0
1.91667 0 0 0 0
1.92333 0 0 0 0
1.93 0 0 0 0
1.93667 0 0 0 0
1.94333 0 0 0 0
1.95 0 0 0 0
1.95667 0 0 0 0
1.96333 0 0 0 0
1.97 0 0 0 0
1.97667 0 0 0 0
1.98333 0 0 0 0
1.99 0 0 0 0
1.99667 0 0 0 0
