0.00333333 115 42 1 2
0.01 117 45 2 3
0.0166667 112 48 1 2
0.0233333 116 54 3 6
0.03 117 57 2 5
0.0366667 125 63 7 2
0.0433333 154 88 2 4
0.05 173 107 11 9
0.0566667 213 159 6 4
0.0633333 224 120 5 3
0.07 228 144 10 5
0.0766667 250 161 7 5
0.0833333 278 168 7 7
0.09 281 172 11 4
0.0966667 259 146 8 3
0.103333 264 149 12 11
0.11 280 160 10 4
0.116667 302 164 7 3
0.123333 317 164 6 9
0.13 275 164 7 7
0.136667 305 142 4 4
0.143333 324 139 3 8
0.15 284 132 5 2
0.156667 320 141 7 1
0.163333 249 128 9 10
0.17 321 129 4 4
0.176667 281 125 3 5
0.183333 317 140 5 7
0.19 398 134 6 13
0.196667 338 128 3 5
0.203333 315 121 4 8
0.21 333 119 3 7
0.216667 253 116 4 11
0.223333 305 129 10 2
0.23 249 105 4 7
0.236667 230 92 2 6
0.243333 219 107 5 7
0.25 226 90 4 6
0.256667 195 84 3 9
0.263333 167 89 3 5
0.27 203 83 4 3
0.276667 191 88 4 4
0.283333 150 87 1 3
0.29 156 68 2 4
0.296667 181 83 1 2
0.303333 160 80 1 6
0.31 179 66 3 5
0.316667 160 75 2 0
0.323333 147 53 7 5
0.33 121 63 3 3
0.336667 157 37 5 1
0.343333 136 57 1 6
0.35 131 45 7 4
0.356667 125 64 2 6
0.363333 137 50 4 3
0.37 99 60 3 5
0.376667 123 54 4 4
0.383333 113 65 6 4
0.39 115 56 2 6
0.396667 121 43 0 4
0.403333 121 53 2 3
0.41 132 44 3 1
0.416667 108 66 2 4
0.423333 101 62 4 4
0.43 114 50 1 7
0.436667 123 69 2 5
0.443333 129 51 2 6
0.45 110 55 3 3
0.456667 130 53 0 1
0.463333 116 36 2 4
0.47 125 52 2 2
0.476667 93 40 6 6
0.483333 64 38 4 2
0.49 58 41 3 4
0.496667 61 34 1 2
0.503333 50 39 0 3
0.51 62 28 1 5
0.516667 46 35 4 4
0.523333 55 30 4 0
0.53 42 28 1 3
0.536667 57 35 1 0
0.543333 51 29 3 1
0.55 39 24 1 2
0.556667 43 25 2 2
0.563333 37 25 2 3
0.57 39 25 3 4
0.576667 38 32 2 2
0.583333 40 31 1 2
0.59 37 21 0 1
0.596667 40 33 1 2
0.603333 25 25 2 2
0.61 43 24 2 6
0.616667 47 22 1 4
0.623333 37 25 0 2
0.63 46 22 0 1
0.636667 48 24 0 2
0.643333 36 23 1 1
0.65 31 16 2 1
0.656667 33 18 6 1
0.663333 5247 1421 31 149
0.67 0 0 0 0
0.676667 0 0 0 0
0.683333 0 0 0 0
0.69 0 0 0 0
0.696667 0 0 0 0
0.703333 0 0 0 0
0.71 0 0 0 0
0.716667 0 0 0 0
0.723333 0 0 0 0
0.73 0 0 0 0
0.736667 0 0 0 0
0.743333 0 0 0 0
0.75 0 0 0 0
0.756667 0 0 0 0
0.763333 0 0 0 0
0.77 0 0 0 0
0.776667 0 0 0 0
0.783333 0 0 0 0
0.79 0 0 0 0
0.796667 0 0 0 0
0.803333 0 0 0 0
0.81 0 0 0 0
0.816667 0 0 0 0
0.823333 0 0 0 0
0.83 0 0 0 0
0.836667 0 0 0 0
0.843333 0 0 0 0
0.85 0 0 0 0
0.856667 0 0 0 0
0.863333 0 0 0 0
0.87 0 0 0 0
0.876667 0 0 0 0
0.883333 0 0 0 0
0.89 0 0 0 0
0.896667 0 0 0 0
0.903333 0 0 0 0
0.91 0 0 0 0
0.916667 0 0 0 0
0.923333 0 0 0 0
0.93 0 0 0 0
0.936667 0 0 0 0
0.943333 0 0 0 0
0.95 0 0 0 0
0.956667 0 0 0 0
0.963333 0 0 0 0
0.97 0 0 0 0
0.976667 0 0 0 0
0.983333 0 0 0 0
0.99 0 0 0 0
0.996667 0 0 0 0
1.00333 0 0 0 0
1.01 0 0 0 0
1.01667 0 0 0 0
1.02333 0 0 0 0
1.03 0 0 0 0
1.03667 0 0 0 0
1.04333 0 0 0 0
1.05 0 0 0 0
1.05667 0 0 0 0
1.06333 0 0 0 0
1.07 0 0 0 0
1.07667 0 0 0 0
1.08333 0 0 0 0
1.09 0 0 0 0
1.09667 0 0 0 0
1.10333 0 0 0 0
1.11 0 0 0 0
1.11667 0 0 0 0
1.12333 0 0 0 0
1.13 0 0 0 0
1.13667 0 0 0 0
1.14333 0 0 0 0
1.15 0 0 0 0
1.15667 0 0 0 0
1.16333 0 0 0 0
1.17 0 0 0 0
1.17667 0 0 0 0
1.18333 0 0 0 0
1.19 0 0 0 0
1.19667 0 0 0 0
1.20333 0 0 0 0
1.21 0 0 0 0
1.21667 0 0 0 0
1.22333 0 0 0 0
1.23 0 0 0 0
1.23667 0 0 0 0
1.24333 0 0 0 0
1.25 0 0 0 0
1.25667 0 0 0 0
1.26333 0 0 0 0
1.27 0 0 0 0
1.27667 0 0 0 0
1.28333 0 0 0 0
1.29 0 0 0 0
1.29667 0 0 0 0
1.30333 0 0 0 0
1.31 0 0 0 0
1.31667 0 0 0 0
1.32333 0 0 0 0
1.33 0 0 0 0
1.33667 0 0 0 0
1.34333 0 0 0 0
1.35 0 0 0 0
1.35667 0 0 0 0
1.36333 0 0 0 0
1.37 0 0 0 0
1.37667 0 0 0 0
1.38333 0 0 0 0
1.39 0 0 0 0
1.39667 0 0 0 0
1.40333 0 0 0 0
1.41 0 0 0 0
1.41667 0 0 0 0
1.42333 0 0 0 0
1.43 0 0 0 0
1.43667 0 0 0 0
1.44333 0 0 0 0
1.45 0 0 0 0
1.45667 0 0 0 0
1.46333 0 0 0 0
1.47 0 0 0 0
1.47667 0 0 0 0
1.48333 0 0 0 0
1.49 0 0 0 0
1.49667 0 0 0 0
1.50333 0 0 0 0
1.51 0 0 0 0
1.51667 0 0 0 0
1.52333 0 0 0 0
1.53 0 0 0 0
1.53667 0 0 0 0
1.54333 0 0 0 0
1.55 0 0 0 0
1.55667 0 0 0 0
1.56333 0 0 0 0
1.57 0 0 0 0
1.57667 0 0 0 0
1.58333 0 0 0 0
1.59 0 0 0 0
1.59667 0 0 0 0
1.60333 0 0 0 0
1.61 0 0 0 0
1.61667 0 0 0 0
1.62333 0 0 0 0
1.63 0 0 0 0
1.63667 0 0 0 0
1.64333 0 0 0 0
1.65 0 0 0 0
1.65667 0 0 0 0
1.66333 0 0 0 0
1.67 0 0 0 0
1.67667 0 0 0 0
1.68333 0 0 0 0
1.69 0 0 0 0
1.69667 0 0 0 0
1.70333 0 0 0 0
1.71 0 0 0 0
1.71667 0 0 0 0
1.72333 0 0 0 0
1.73 0 0 0 0
1.73667 0 0 0 0
1.74333 0 0 0 0
1.75 0 0 0 0
1.75667 0 0 0 0
1.76333 0 0 0 0
1.77 0 0 0 0
1.77667 0 0 0 0
1.78333 0 0 0 0
1.79 0 0 0 0
1.79667 0 0 0 0
1.80333 0 0 0 0
1.81 0 0 0 0
1.81667 0 0 0 0
1.82333 0 0 0 0
1.83 0 0 0 0
1.83667 0 0 0 0
1.84333 0 0 0 0
1.85 0 0 0 0
1.85667 0 0 0 0
1.86333 0 0 0 0
1.87 0 0 0 0
1.87667 0 0 0 0
1.88333 0 0 0 0
1.89 0 0 0 0
1.89667 0 0 0 0
1.90333 0 0 0 0
1.91 0 0 0 0
1.91667 0 0 0 0
1.92333 0 0 0 0
1.93 0 0 0 0
1.93667 0 0 0 0
1.94333 0 0 0 0
1.95 0 0 0 0
1.95667 0 0 0 0
1.96333 0 0 0 0
1.97 0 0 0 0
1.97667 0 0 0 0
1.98333 0 0 0 0
1.99 0 0 0 0
1.99667 0 0 0 0
