0.00333333 2 18 48 5
0.01 4 27 42 8
0.0166667 11 30 55 7
0.0233333 8 27 49 9
0.03 9 27 66 4
0.0366667 11 27 65 12
0.0433333 10 42 89 15
0.05 17 65 95 15
0.0566667 18 65 135 18
0.0633333 21 81 142 32
0.07 15 99 136 21
0.0766667 21 78 161 22
0.0833333 25 99 160 29
0.09 14 91 169 19
0.0966667 19 86 168 27
0.103333 15 81 160 23
0.11 17 89 173 18
0.116667 10 76 167 24
0.123333 18 93 141 19
0.13 18 85 156 16
0.136667 12 65 156 18
0.143333 15 61 161 22
0.15 7 69 154 10
0.156667 10 42 120 14
0.163333 9 62 132 15
0.17 14 56 143 14
0.176667 7 49 147 13
0.183333 7 63 131 11
0.19 16 44 176 20
0.196667 11 58 140 10
0.203333 6 60 129 11
0.21 14 44 130 9
0.216667 4 45 135 7
0.223333 17 45 119 14
0.23 5 56 100 12
0.236667 11 37 116 14
0.243333 7 46 120 12
0.25 10 44 92 11
0.256667 6 33 85 13
0.263333 6 34 85 12
0.27 8 42 81 10
0.276667 3 37 90 11
0.283333 6 27 89 11
0.29 10 23 79 8
0.296667 10 39 62 9
0.303333 5 32 70 10
0.31 12 34 66 10
0.316667 3 25 71 3
0.323333 2 29 68 12
0.33 7 29 78 6
0.336667 10 31 68 8
0.343333 7 25 74 5
0.35 7 24 69 5
0.356667 4 26 55 12
0.363333 5 25 62 7
0.37 2 32 54 6
0.376667 5 25 63 7
0.383333 8 30 55 8
0.39 6 25 47 5
0.396667 5 20 40 9
0.403333 5 18 47 3
0.41 7 16 65 2
0.416667 4 26 59 6
0.423333 5 16 59 2
0.43 2 25 52 5
0.436667 7 19 63 8
0.443333 7 23 45 4
0.45 3 16 44 8
0.456667 3 18 49 6
0.463333 4 21 58 7
0.47 5 20 39 4
0.476667 4 11 56 4
0.483333 5 17 33 5
0.49 3 13 37 5
0.496667 3 9 32 5
0.503333 4 14 31 4
0.51 3 12 34 2
0.516667 0 13 21 3
0.523333 5 18 28 2
0.53 3 11 23 6
0.536667 4 17 20 7
0.543333 4 12 22 1
0.55 3 11 25 0
0.556667 3 13 39 6
0.563333 5 6 22 6
0.57 4 18 31 3
0.576667 6 9 26 1
0.583333 2 17 21 5
0.59 4 13 17 1
0.596667 2 18 31 4
0.603333 1 8 19 0
0.61 2 6 20 2
0.616667 2 11 22 8
0.623333 2 8 18 3
0.63 4 7 15 1
0.636667 2 6 27 3
0.643333 5 13 27 4
0.65 3 15 20 3
0.656667 0 7 20 5
0.663333 70 415 1604 86
0.67 0 0 0 0
0.676667 0 0 0 0
0.683333 0 0 0 0
0.69 0 0 0 0
0.696667 0 0 0 0
0.703333 0 0 0 0
0.71 0 0 0 0
0.716667 0 0 0 0
0.723333 0 0 0 0
0.73 0 0 0 0
0.736667 0 0 0 0
0.743333 0 0 0 0
0.75 0 0 0 0
0.756667 0 0 0 0
0.763333 0 0 0 0
0.77 0 0 0 0
0.776667 0 0 0 0
0.783333 0 0 0 0
0.79 0 0 0 0
0.796667 0 0 0 0
0.803333 0 0 0 0
0.81 0 0 0 0
0.816667 0 0 0 0
0.823333 0 0 0 0
0.83 0 0 0 0
0.836667 0 0 0 0
0.843333 0 0 0 0
0.85 0 0 0 0
0.856667 0 0 0 0
0.863333 0 0 0 0
0.87 0 0 0 0
0.876667 0 0 0 0
0.883333 0 0 0 0
0.89 0 0 0 0
0.896667 0 0 0 0
0.903333 0 0 0 0
0.91 0 0 0 0
0.916667 0 0 0 0
0.923333 0 0 0 0
0.93 0 0 0 0
0.936667 0 0 0 0
0.943333 0 0 0 0
0.95 0 0 0 0
0.956667 0 0 0 0
0.963333 0 0 0 0
0.97 0 0 0 0
0.976667 0 0 0 0
0.983333 0 0 0 0
0.99 0 0 0 0
0.996667 0 0 0 0
1.00333 0 0 0 0
1.01 0 0 0 0
1.01667 0 0 0 0
1.02333 0 0 0 0
1.03 0 0 0 0
1.03667 0 0 0 0
1.04333 0 0 0 0
1.05 0 0 0 0
1.05667 0 0 0 0
1.06333 0 0 0 0
1.07 0 0 0 0
1.07667 0 0 0 0
1.08333 0 0 0 0
1.09 0 0 0 0
1.09667 0 0 0 0
1.10333 0 0 0 0
1.11 0 0 0 0
1.11667 0 0 0 0
1.12333 0 0 0 0
1.13 0 0 0 0
1.13667 0 0 0 0
1.14333 0 0 0 0
1.15 0 0 0 0
1.15667 0 0 0 0
1.16333 0 0 0 0
1.17 0 0 0 0
1.17667 0 0 0 0
1.18333 0 0 0 0
1.19 0 0 0 0
1.19667 0 0 0 0
1.20333 0 0 0 0
1.21 0 0 0 0
1.21667 0 0 0 0
1.22333 0 0 0 0
1.23 0 0 0 0
1.23667 0 0 0 0
1.24333 0 0 0 0
1.25 0 0 0 0
1.25667 0 0 0 0
1.26333 0 0 0 0
1.27 0 0 0 0
1.27667 0 0 0 0
1.28333 0 0 0 0
1.29 0 0 0 0
1.29667 0 0 0 0
1.30333 0 0 0 0
1.31 0 0 0 0
1.31667 0 0 0 0
1.32333 0 0 0 0
1.33 0 0 0 0
1.33667 0 0 0 0
1.34333 0 0 0 0
1.35 0 0 0 0
1.35667 0 0 0 0
1.36333 0 0 0 0
1.37 0 0 0 0
1.37667 0 0 0 0
1.38333 0 0 0 0
1.39 0 0 0 0
1.39667 0 0 0 0
1.40333 0 0 0 0
1.41 0 0 0 0
1.41667 0 0 0 0
1.42333 0 0 0 0
1.43 0 0 0 0
1.43667 0 0 0 0
1.44333 0 0 0 0
1.45 0 0 0 0
1.45667 0 0 0 0
1.46333 0 0 0 0
1.47 0 0 0 0
1.47667 0 0 0 0
1.48333 0 0 0 0
1.49 0 0 0 0
1.49667 0 0 0 0
1.50333 0 0 0 0
1.51 0 0 0 0
1.51667 0 0 0 0
1.52333 0 0 0 0
1.53 0 0 0 0
1.53667 0 0 0 0
1.54333 0 0 0 0
1.55 0 0 0 0
1.55667 0 0 0 0
1.56333 0 0 0 0
1.57 0 0 0 0
1.57667 0 0 0 0
1.58333 0 0 0 0
1.59 0 0 0 0
1.59667 0 0 0 0
1.60333 0 0 0 0
1.61 0 0 0 0
1.61667 0 0 0 0
1.62333 0 0 0 0
1.63 0 0 0 0
1.63667 0 0 0 0
1.64333 0 0 0 0
1.65 0 0 0 0
1.65667 0 0 0 0
1.66333 0 0 0 0
1.67 0 0 0 0
1.67667 0 0 0 0
1.68333 0 0 0 0
1.69 0 0 0 0
1.69667 0 0 0 0
1.70333 0 0 0 0
1.71 0 0 0 0
1.71667 0 0 0 0
1.72333 0 0 0 0
1.73 0 0 0 0
1.73667 0 0 0 0
1.74333 0 0 0 0
1.75 0 0 0 0
1.75667 0 0 0 0
1.76333 0 0 0 0
1.77 0 0 0 0
1.77667 0 0 0 0
1.78333 0 0 0 0
1.79 0 0 0 0
1.79667 0 0 0 0
1.80333 0 0 0 0
1.81 0 0 0 0
1.81667 0 0 0 0
1.82333 0 0 0 0
1.83 0 0 0 0
1.83667 0 0 0 0
1.84333 0 0 0 0
1.85 0 0 0 0
1.85667 0 0 0 0
1.86333 0 0 0 0
1.87 0 0 0 0
1.87667 0 0 0 0
1.88333 0 0 0 0
1.89 0 0 0 0
1.89667 0 0 0 0
1.90333 0 0 0 0
1.91 0 0 0 0
1.91667 0 0 0 0
1.92333 0 0 0 0
1.93 0 0 0 0
1.93667 0 0 0 0
1.94333 0 0 0 0
1.95 0 0 0 0
1.95667 0 0 0 0
1.96333 0 0 0 0
1.97 0 0 0 0
1.97667 0 0 0 0
1.98333 0 0 0 0
1.99 0 0 0 0
1.99667 0 0 0 0
