0.00333333 107 58 0 1
0.01 123 58 1 3
0.0166667 123 63 0 0
0.0233333 140 49 1 5
0.03 143 72 1 2
0.0366667 160 56 3 1
0.0433333 168 101 2 1
0.05 225 140 5 4
0.0566667 246 128 2 1
0.0633333 275 145 6 7
0.07 257 143 3 3
0.0766667 318 205 3 5
0.0833333 329 189 7 6
0.09 330 163 5 2
0.0966667 348 209 5 4
0.103333 329 149 6 12
0.11 334 144 4 6
0.116667 384 195 5 6
0.123333 384 183 5 3
0.13 353 200 6 3
0.136667 332 163 4 3
0.143333 351 146 2 8
0.15 318 130 4 6
0.156667 342 142 5 4
0.163333 340 143 3 4
0.17 306 147 7 1
0.176667 289 125 7 2
0.183333 345 156 3 8
0.19 403 159 2 8
0.196667 402 169 2 9
0.203333 362 154 6 6
0.21 366 130 5 7
0.216667 326 134 1 5
0.223333 318 129 5 4
0.23 288 121 4 5
0.236667 254 121 6 6
0.243333 256 105 0 3
0.25 249 99 2 5
0.256667 241 120 3 5
0.263333 226 98 4 6
0.27 199 100 2 2
0.276667 200 107 4 3
0.283333 193 104 1 3
0.29 190 92 1 4
0.296667 194 86 5 1
0.303333 173 90 2 0
0.31 184 91 5 2
0.316667 157 67 2 4
0.323333 155 67 3 5
0.33 146 78 3 6
0.336667 144 71 3 1
0.343333 152 77 2 3
0.35 144 75 5 2
0.356667 158 68 6 2
0.363333 133 72 2 1
0.37 126 74 4 1
0.376667 136 75 5 4
0.383333 140 60 5 0
0.39 125 68 3 5
0.396667 135 65 2 4
0.403333 141 51 2 1
0.41 147 65 2 2
0.416667 108 66 2 2
0.423333 125 63 3 1
0.43 139 57 1 2
0.436667 144 59 2 3
0.443333 135 60 0 6
0.45 126 68 1 1
0.456667 137 62 1 1
0.463333 114 62 4 2
0.47 131 76 2 2
0.476667 102 51 4 2
0.483333 70 52 3 2
0.49 69 40 3 4
0.496667 71 27 2 3
0.503333 49 36 1 3
0.51 55 32 1 0
0.516667 55 30 2 1
0.523333 49 34 4 3
0.53 59 29 2 2
0.536667 61 28 3 1
0.543333 46 25 3 1
0.55 50 31 1 3
0.556667 45 25 1 1
0.563333 49 22 1 0
0.57 40 30 0 1
0.576667 46 23 3 2
0.583333 58 48 1 1
0.59 40 32 1 0
0.596667 38 30 0 2
0.603333 46 24 2 0
0.61 39 22 4 1
0.616667 38 23 3 5
0.623333 44 30 0 2
0.63 36 28 0 1
0.636667 56 37 2 2
0.643333 44 31 1 2
0.65 36 30 0 1
0.656667 29 20 3 4
0.663333 5848 1861 21 90
0.67 0 0 0 0
0.676667 0 0 0 0
0.683333 0 0 0 0
0.69 0 0 0 0
0.696667 0 0 0 0
0.703333 0 0 0 0
0.71 0 0 0 0
0.716667 0 0 0 0
0.723333 0 0 0 0
0.73 0 0 0 0
0.736667 0 0 0 0
0.743333 0 0 0 0
0.75 0 0 0 0
0.756667 0 0 0 0
0.763333 0 0 0 0
0.77 0 0 0 0
0.776667 0 0 0 0
0.783333 0 0 0 0
0.79 0 0 0 0
0.796667 0 0 0 0
0.803333 0 0 0 0
0.81 0 0 0 0
0.816667 0 0 0 0
0.823333 0 0 0 0
0.83 0 0 0 0
0.836667 0 0 0 0
0.843333 0 0 0 0
0.85 0 0 0 0
0.856667 0 0 0 0
0.863333 0 0 0 0
0.87 0 0 0 0
0.876667 0 0 0 0
0.883333 0 0 0 0
0.89 0 0 0 0
0.896667 0 0 0 0
0.903333 0 0 0 0
0.91 0 0 0 0
0.916667 0 0 0 0
0.923333 0 0 0 0
0.93 0 0 0 0
0.936667 0 0 0 0
0.943333 0 0 0 0
0.95 0 0 0 0
0.956667 0 0 0 0
0.963333 0 0 0 0
0.97 0 0 0 0
0.976667 0 0 0 0
0.983333 0 0 0 0
0.99 0 0 0 0
0.996667 0 0 0 0
1.00333 0 0 0 0
1.01 0 0 0 0
1.01667 0 0 0 0
1.02333 0 0 0 0
1.03 0 0 0 0
1.03667 0 0 0 0
1.04333 0 0 0 0
1.05 0 0 0 0
1.05667 0 0 0 0
1.06333 0 0 0 0
1.07 0 0 0 0
1.07667 0 0 0 0
1.08333 0 0 0 0
1.09 0 0 0 0
1.09667 0 0 0 0
1.10333 0 0 0 0
1.11 0 0 0 0
1.11667 0 0 0 0
1.12333 0 0 0 0
1.13 0 0 0 0
1.13667 0 0 0 0
1.14333 0 0 0 0
1.15 0 0 0 0
1.15667 0 0 0 0
1.16333 0 0 0 0
1.17 0 0 0 0
1.17667 0 0 0 0
1.18333 0 0 0 0
1.19 0 0 0 0
1.19667 0 0 0 0
1.20333 0 0 0 0
1.21 0 0 0 0
1.21667 0 0 0 0
1.22333 0 0 0 0
1.23 0 0 0 0
1.23667 0 0 0 0
1.24333 0 0 0 0
1.25 0 0 0 0
1.25667 0 0 0 0
1.26333 0 0 0 0
1.27 0 0 0 0
1.27667 0 0 0 0
1.28333 0 0 0 0
1.29 0 0 0 0
1.29667 0 0 0 0
1.30333 0 0 0 0
1.31 0 0 0 0
1.31667 0 0 0 0
1.32333 0 0 0 0
1.33 0 0 0 0
1.33667 0 0 0 0
1.34333 0 0 0 0
1.35 0 0 0 0
1.35667 0 0 0 0
1.36333 0 0 0 0
1.37 0 0 0 0
1.37667 0 0 0 0
1.38333 0 0 0 0
1.39 0 0 0 0
1.39667 0 0 0 0
1.40333 0 0 0 0
1.41 0 0 0 0
1.41667 0 0 0 0
1.42333 0 0 0 0
1.43 0 0 0 0
1.43667 0 0 0 0
1.44333 0 0 0 0
1.45 0 0 0 0
1.45667 0 0 0 0
1.46333 0 0 0 0
1.47 0 0 0 0
1.47667 0 0 0 0
1.48333 0 0 0 0
1.49 0 0 0 0
1.49667 0 0 0 0
1.50333 0 0 0 0
1.51 0 0 0 0
1.51667 0 0 0 0
1.52333 0 0 0 0
1.53 0 0 0 0
1.53667 0 0 0 0
1.54333 0 0 0 0
1.55 0 0 0 0
1.55667 0 0 0 0
1.56333 0 0 0 0
1.57 0 0 0 0
1.57667 0 0 0 0
1.58333 0 0 0 0
1.59 0 0 0 0
1.59667 0 0 0 0
1.60333 0 0 0 0
1.61 0 0 0 0
1.61667 0 0 0 0
1.62333 0 0 0 0
1.63 0 0 0 0
1.63667 0 0 0 0
1.64333 0 0 0 0
1.65 0 0 0 0
1.65667 0 0 0 0
1.66333 0 0 0 0
1.67 0 0 0 0
1.67667 0 0 0 0
1.68333 0 0 0 0
1.69 0 0 0 0
1.69667 0 0 0 0
1.70333 0 0 0 0
1.71 0 0 0 0
1.71667 0 0 0 0
1.72333 0 0 0 0
1.73 0 0 0 0
1.73667 0 0 0 0
1.74333 0 0 0 0
1.75 0 0 0 0
1.75667 0 0 0 0
1.76333 0 0 0 0
1.77 0 0 0 0
1.77667 0 0 0 0
1.78333 0 0 0 0
1.79 0 0 0 0
1.79667 0 0 0 0
1.80333 0 0 0 0
1.81 0 0 0 0
1.81667 0 0 0 0
1.82333 0 0 0 0
1.83 0 0 0 0
1.83667 0 0 0 0
1.84333 0 0 0 0
1.85 0 0 0 0
1.85667 0 0 0 0
1.86333 0 0 0 0
1.87 0 0 0 0
1.87667 0 0 0 0
1.88333 0 0 0 0
1.89 0 0 0 0
1.89667 0 0 0 0
1.90333 0 0 0 0
1.91 0 0 0 0
1.91667 0 0 0 0
1.92333 0 0 0 0
1.93 0 0 0 0
1.93667 0 0 0 0
1.94333 0 0 0 0
1.95 0 0 0 0
1.95667 0 0 0 0
1.96333 0 0 0 0
1.97 0 0 0 0
1.97667 0 0 0 0
1.98333 0 0 0 0
1.99 0 0 0 0
1.99667 0 0 0 0
