0.00333333 3 8 9 53
0.01 3 9 15 46
0.0166667 8 7 26 44
0.0233333 3 15 25 52
0.03 4 14 24 71
0.0366667 8 20 30 72
0.0433333 8 14 43 71
0.05 10 14 60 82
0.0566667 10 20 56 72
0.0633333 7 19 62 85
0.07 5 30 68 103
0.0766667 3 18 71 116
0.0833333 5 17 63 115
0.09 12 22 64 91
0.0966667 13 21 66 97
0.103333 8 21 86 122
0.11 11 31 71 103
0.116667 10 20 60 115
0.123333 4 23 67 121
0.13 11 18 74 123
0.136667 11 20 75 111
0.143333 9 20 49 131
0.15 11 22 50 112
0.156667 5 22 46 110
0.163333 10 21 54 127
0.17 11 25 43 92
0.176667 10 20 44 111
0.183333 11 18 33 129
0.19 10 28 40 157
0.196667 16 23 36 155
0.203333 16 18 37 124
0.21 15 20 36 114
0.216667 4 25 29 131
0.223333 15 28 45 110
0.23 10 22 30 128
0.236667 11 21 32 104
0.243333 8 16 39 92
0.25 11 32 39 83
0.256667 4 22 42 106
0.263333 4 14 39 97
0.27 5 21 35 97
0.276667 8 11 28 82
0.283333 8 15 26 85
0.29 7 13 26 79
0.296667 3 16 28 70
0.303333 6 20 26 101
0.31 10 16 35 84
0.316667 12 15 30 69
0.323333 6 22 33 64
0.33 3 13 28 83
0.336667 3 12 28 72
0.343333 4 25 23 62
0.35 8 10 22 58
0.356667 8 16 28 59
0.363333 7 14 26 64
0.37 5 7 19 62
0.376667 4 18 26 62
0.383333 8 16 26 65
0.39 10 9 29 56
0.396667 2 7 14 64
0.403333 6 9 23 75
0.41 5 13 23 60
0.416667 11 11 25 50
0.423333 3 15 23 60
0.43 5 9 20 57
0.436667 9 11 16 58
0.443333 5 11 20 68
0.45 7 20 22 49
0.456667 6 17 18 48
0.463333 8 11 12 59
0.47 7 12 17 70
0.476667 4 10 19 58
0.483333 8 4 13 21
0.49 4 15 12 38
0.496667 5 4 12 27
0.503333 2 13 16 35
0.51 3 6 13 28
0.516667 1 9 21 35
0.523333 3 4 16 32
0.53 3 8 13 28
0.536667 2 7 15 23
0.543333 3 1 11 24
0.55 5 9 13 18
0.556667 6 5 18 23
0.563333 2 7 8 27
0.57 2 6 13 36
0.576667 3 4 6 17
0.583333 4 4 20 18
0.59 11 4 16 14
0.596667 4 6 18 10
0.603333 5 7 12 20
0.61 5 5 11 12
0.616667 3 3 16 19
0.623333 3 4 8 16
0.63 5 6 13 17
0.636667 2 9 8 30
0.643333 3 6 10 18
0.65 2 5 11 17
0.656667 2 7 15 15
0.663333 259 515 386 2788
0.67 0 0 0 0
0.676667 0 0 0 0
0.683333 0 0 0 0
0.69 0 0 0 0
0.696667 0 0 0 0
0.703333 0 0 0 0
0.71 0 0 0 0
0.716667 0 0 0 0
0.723333 0 0 0 0
0.73 0 0 0 0
0.736667 0 0 0 0
0.743333 0 0 0 0
0.75 0 0 0 0
0.756667 0 0 0 0
0.763333 0 0 0 0
0.77 0 0 0 0
0.776667 0 0 0 0
0.783333 0 0 0 0
0.79 0 0 0 0
0.796667 0 0 0 0
0.803333 0 0 0 0
0.81 0 0 0 0
0.816667 0 0 0 0
0.823333 0 0 0 0
0.83 0 0 0 0
0.836667 0 0 0 0
0.843333 0 0 0 0
0.85 0 0 0 0
0.856667 0 0 0 0
0.863333 0 0 0 0
0.87 0 0 0 0
0.876667 0 0 0 0
0.883333 0 0 0 0
0.89 0 0 0 0
0.896667 0 0 0 0
0.903333 0 0 0 0
0.91 0 0 0 0
0.916667 0 0 0 0
0.923333 0 0 0 0
0.93 0 0 0 0
0.936667 0 0 0 0
0.943333 0 0 0 0
0.95 0 0 0 0
0.956667 0 0 0 0
0.963333 0 0 0 0
0.97 0 0 0 0
0.976667 0 0 0 0
0.983333 0 0 0 0
0.99 0 0 0 0
0.996667 0 0 0 0
1.00333 0 0 0 0
1.01 0 0 0 0
1.01667 0 0 0 0
1.02333 0 0 0 0
1.03 0 0 0 0
1.03667 0 0 0 0
1.04333 0 0 0 0
1.05 0 0 0 0
1.05667 0 0 0 0
1.06333 0 0 0 0
1.07 0 0 0 0
1.07667 0 0 0 0
1.08333 0 0 0 0
1.09 0 0 0 0
1.09667 0 0 0 0
1.10333 0 0 0 0
1.11 0 0 0 0
1.11667 0 0 0 0
1.12333 0 0 0 0
1.13 0 0 0 0
1.13667 0 0 0 0
1.14333 0 0 0 0
1.15 0 0 0 0
1.15667 0 0 0 0
1.16333 0 0 0 0
1.17 0 0 0 0
1.17667 0 0 0 0
1.18333 0 0 0 0
1.19 0 0 0 0
1.19667 0 0 0 0
1.20333 0 0 0 0
1.21 0 0 0 0
1.21667 0 0 0 0
1.22333 0 0 0 0
1.23 0 0 0 0
1.23667 0 0 0 0
1.24333 0 0 0 0
1.25 0 0 0 0
1.25667 0 0 0 0
1.26333 0 0 0 0
1.27 0 0 0 0
1.27667 0 0 0 0
1.28333 0 0 0 0
1.29 0 0 0 0
1.29667 0 0 0 0
1.30333 0 0 0 0
1.31 0 0 0 0
1.31667 0 0 0 0
1.32333 0 0 0 0
1.33 0 0 0 0
1.33667 0 0 0 0
1.34333 0 0 0 0
1.35 0 0 0 0
1.35667 0 0 0 0
1.36333 0 0 0 0
1.37 0 0 0 0
1.37667 0 0 0 0
1.38333 0 0 0 0
1.39 0 0 0 0
1.39667 0 0 0 0
1.40333 0 0 0 0
1.41 0 0 0 0
1.41667 0 0 0 0
1.42333 0 0 0 0
1.43 0 0 0 0
1.43667 0 0 0 0
1.44333 0 0 0 0
1.45 0 0 0 0
1.45667 0 0 0 0
1.46333 0 0 0 0
1.47 0 0 0 0
1.47667 0 0 0 0
1.48333 0 0 0 0
1.49 0 0 0 0
1.49667 0 0 0 0
1.50333 0 0 0 0
1.51 0 0 0 0
1.51667 0 0 0 0
1.52333 0 0 0 0
1.53 0 0 0 0
1.53667 0 0 0 0
1.54333 0 0 0 0
1.55 0 0 0 0
1.55667 0 0 0 0
1.56333 0 0 0 0
1.57 0 0 0 0
1.57667 0 0 0 0
1.58333 0 0 0 0
1.59 0 0 0 0
1.59667 0 0 0 0
1.60333 0 0 0 0
1.61 0 0 0 0
1.61667 0 0 0 0
1.62333 0 0 0 0
1.63 0 0 0 0
1.63667 0 0 0 0
1.64333 0 0 0 0
1.65 0 0 0 0
1.65667 0 0 0 0
1.66333 0 0 0 0
1.67 0 0 0 0
1.67667 0 0 0 0
1.68333 0 0 0 0
1.69 0 0 0 0
1.69667 0 0 0 0
1.70333 0 0 0 0
1.71 0 0 0 0
1.71667 0 0 0 0
1.72333 0 0 0 0
1.73 0 0 0 0
1.73667 0 0 0 0
1.74333 0 0 0 0
1.75 0 0 0 0
1.75667 0 0 0 0
1.76333 0 0 0 0
1.77 0 0 0 0
1.77667 0 0 0 0
1.78333 0 0 0 0
1.79 0 0 0 0
1.79667 0 0 0 0
1.80333 0 0 0 0
1.81 0 0 0 0
1.81667 0 0 0 0
1.82333 0 0 0 0
1.83 0 0 0 0
1.83667 0 0 0 0
1.84333 0 0 0 0
1.85 0 0 0 0
1.85667 0 0 0 0
1.86333 0 0 0 0
1.87 0 0 0 0
1.87667 0 0 0 0
1.88333 0 0 0 0
1.89 0 0 0 0
1.89667 0 0 0 0
1.90333 0 0 0 0
1.91 0 0 0 0
1.91667 0 0 0 0
1.92333 0 0 0 0
1.93 0 0 0 0
1.93667 0 0 0 0
1.94333 0 0 0 0
1.95 0 0 0 0
1.95667 0 0 0 0
1.96333 0 0 0 0
1.97 0 0 0 0
1.97667 0 0 0 0
1.98333 0 0 0 0
1.99 0 0 0 0
1.99667 0 0 0 0
