0.00333333 21 152 4 4
0.01 27 170 0 4
0.0166667 30 197 2 5
0.0233333 24 180 8 1
0.03 37 197 6 5
0.0366667 39 190 11 3
0.0433333 42 214 9 2
0.05 52 237 14 8
0.0566667 57 259 13 3
0.0633333 78 288 13 10
0.07 51 315 24 8
0.0766667 76 309 18 14
0.0833333 71 324 12 10
0.09 81 378 13 6
0.0966667 67 369 11 9
0.103333 83 316 16 8
0.11 93 349 18 10
0.116667 102 345 12 6
0.123333 74 369 16 9
0.13 68 430 14 11
0.136667 63 387 17 5
0.143333 70 386 7 4
0.15 78 390 9 8
0.156667 75 383 12 4
0.163333 77 407 14 5
0.17 65 368 13 11
0.176667 71 425 14 11
0.183333 76 435 10 8
0.19 77 561 17 8
0.196667 81 555 13 9
0.203333 75 555 13 9
0.21 81 537 14 6
0.216667 79 512 11 6
0.223333 64 422 9 7
0.23 57 405 12 4
0.236667 62 354 20 12
0.243333 51 352 9 2
0.25 47 320 6 12
0.256667 56 299 17 7
0.263333 62 281 11 9
0.27 51 248 10 5
0.276667 40 264 10 4
0.283333 45 261 6 8
0.29 37 246 5 3
0.296667 51 229 3 4
0.303333 45 241 6 2
0.31 33 232 8 4
0.316667 28 200 2 3
0.323333 36 226 7 5
0.33 33 192 7 5
0.336667 36 192 6 7
0.343333 46 191 4 5
0.35 29 204 7 2
0.356667 40 186 5 3
0.363333 38 192 9 5
0.37 45 187 6 7
0.376667 35 184 14 3
0.383333 38 193 7 3
0.39 28 190 3 5
0.396667 41 183 7 1
0.403333 32 176 6 3
0.41 28 183 3 3
0.416667 30 178 3 4
0.423333 29 174 5 6
0.43 35 136 5 6
0.436667 29 168 2 2
0.443333 30 177 6 4
0.45 36 175 4 2
0.456667 34 179 1 2
0.463333 32 174 10 2
0.47 32 180 3 7
0.476667 17 145 5 4
0.483333 16 71 8 4
0.49 19 82 3 0
0.496667 21 79 4 2
0.503333 20 55 3 3
0.51 19 65 1 1
0.516667 14 66 2 4
0.523333 14 66 3 0
0.53 15 47 0 1
0.536667 24 47 2 3
0.543333 15 59 3 0
0.55 19 68 7 2
0.556667 24 42 3 3
0.563333 19 37 4 2
0.57 12 38 2 4
0.576667 23 55 4 2
0.583333 20 55 3 2
0.59 14 53 3 1
0.596667 14 49 2 1
0.603333 15 49 3 5
0.61 13 34 2 1
0.616667 14 39 2 2
0.623333 16 60 2 1
0.63 16 47 4 0
0.636667 21 55 1 2
0.643333 13 31 3 2
0.65 16 35 1 4
0.656667 12 34 4 1
0.663333 1133 10091 93 123
0.67 0 0 0 0
0.676667 0 0 0 0
0.683333 0 0 0 0
0.69 0 0 0 0
0.696667 0 0 0 0
0.703333 0 0 0 0
0.71 0 0 0 0
0.716667 0 0 0 0
0.723333 0 0 0 0
0.73 0 0 0 0
0.736667 0 0 0 0
0.743333 0 0 0 0
0.75 0 0 0 0
0.756667 0 0 0 0
0.763333 0 0 0 0
0.77 0 0 0 0
0.776667 0 0 0 0
0.783333 0 0 0 0
0.79 0 0 0 0
0.796667 0 0 0 0
0.803333 0 0 0 0
0.81 0 0 0 0
0.816667 0 0 0 0
0.823333 0 0 0 0
0.83 0 0 0 0
0.836667 0 0 0 0
0.843333 0 0 0 0
0.85 0 0 0 0
0.856667 0 0 0 0
0.863333 0 0 0 0
0.87 0 0 0 0
0.876667 0 0 0 0
0.883333 0 0 0 0
0.89 0 0 0 0
0.896667 0 0 0 0
0.903333 0 0 0 0
0.91 0 0 0 0
0.916667 0 0 0 0
0.923333 0 0 0 0
0.93 0 0 0 0
0.936667 0 0 0 0
0.943333 0 0 0 0
0.95 0 0 0 0
0.956667 0 0 0 0
0.963333 0 0 0 0
0.97 0 0 0 0
0.976667 0 0 0 0
0.983333 0 0 0 0
0.99 0 0 0 0
0.996667 0 0 0 0
1.00333 0 0 0 0
1.01 0 0 0 0
1.01667 0 0 0 0
1.02333 0 0 0 0
1.03 0 0 0 0
1.03667 0 0 0 0
1.04333 0 0 0 0
1.05 0 0 0 0
1.05667 0 0 0 0
1.06333 0 0 0 0
1.07 0 0 0 0
1.07667 0 0 0 0
1.08333 0 0 0 0
1.09 0 0 0 0
1.09667 0 0 0 0
1.10333 0 0 0 0
1.11 0 0 0 0
1.11667 0 0 0 0
1.12333 0 0 0 0
1.13 0 0 0 0
1.13667 0 0 0 0
1.14333 0 0 0 0
1.15 0 0 0 0
1.15667 0 0 0 0
1.16333 0 0 0 0
1.17 0 0 0 0
1.17667 0 0 0 0
1.18333 0 0 0 0
1.19 0 0 0 0
1.19667 0 0 0 0
1.20333 0 0 0 0
1.21 0 0 0 0
1.21667 0 0 0 0
1.22333 0 0 0 0
1.23 0 0 0 0
1.23667 0 0 0 0
1.24333 0 0 0 0
1.25 0 0 0 0
1.25667 0 0 0 0
1.26333 0 0 0 0
1.27 0 0 0 0
1.27667 0 0 0 0
1.28333 0 0 0 0
1.29 0 0 0 0
1.29667 0 0 0 0
1.30333 0 0 0 0
1.31 0 0 0 0
1.31667 0 0 0 0
1.32333 0 0 0 0
1.33 0 0 0 0
1.33667 0 0 0 0
1.34333 0 0 0 0
1.35 0 0 0 0
1.35667 0 0 0 0
1.36333 0 0 0 0
1.37 0 0 0 0
1.37667 0 0 0 0
1.38333 0 0 0 0
1.39 0 0 0 0
1.39667 0 0 0 0
1.40333 0 0 0 0
1.41 0 0 0 0
1.41667 0 0 0 0
1.42333 0 0 0 0
1.43 0 0 0 0
1.43667 0 0 0 0
1.44333 0 0 0 0
1.45 0 0 0 0
1.45667 0 0 0 0
1.46333 0 0 0 0
1.47 0 0 0 0
1.47667 0 0 0 0
1.48333 0 0 0 0
1.49 0 0 0 0
1.49667 0 0 0 0
1.50333 0 0 0 0
1.51 0 0 0 0
1.51667 0 0 0 0
1.52333 0 0 0 0
1.53 0 0 0 0
1.53667 0 0 0 0
1.54333 0 0 0 0
1.55 0 0 0 0
1.55667 0 0 0 0
1.56333 0 0 0 0
1.57 0 0 0 0
1.57667 0 0 0 0
1.58333 0 0 0 0
1.59 0 0 0 0
1.59667 0 0 0 0
1.60333 0 0 0 0
1.61 0 0 0 0
1.61667 0 0 0 0
1.62333 0 0 0 0
1.63 0 0 0 0
1.63667 0 0 0 0
1.64333 0 0 0 0
1.65 0 0 0 0
1.65667 0 0 0 0
1.66333 0 0 0 0
1.67 0 0 0 0
1.67667 0 0 0 0
1.68333 0 0 0 0
1.69 0 0 0 0
1.69667 0 0 0 0
1.70333 0 0 0 0
1.71 0 0 0 0
1.71667 0 0 0 0
1.72333 0 0 0 0
1.73 0 0 0 0
1.73667 0 0 0 0
1.74333 0 0 0 0
1.75 0 0 0 0
1.75667 0 0 0 0
1.76333 0 0 0 0
1.77 0 0 0 0
1.77667 0 0 0 0
1.78333 0 0 0 0
1.79 0 0 0 0
1.79667 0 0 0 0
1.80333 0 0 0 0
1.81 0 0 0 0
1.81667 0 0 0 0
1.82333 0 0 0 0
1.83 0 0 0 0
1.83667 0 0 0 0
1.84333 0 0 0 0
1.85 0 0 0 0
1.85667 0 0 0 0
1.86333 0 0 0 0
1.87 0 0 0 0
1.87667 0 0 0 0
1.88333 0 0 0 0
1.89 0 0 0 0
1.89667 0 0 0 0
1.90333 0 0 0 0
1.91 0 0 0 0
1.91667 0 0 0 0
1.92333 0 0 0 0
1.93 0 0 0 0
1.93667 0 0 0 0
1.94333 0 0 0 0
1.95 0 0 0 0
1.95667 0 0 0 0
1.96333 0 0 0 0
1.97 0 0 0 0
1.97667 0 0 0 0
1.98333 0 0 0 0
1.99 0 0 0 0
1.99667 0 0 0 0
