0.00333333 9 34 8 17
0.01 19 30 6 24
0.0166667 9 33 6 22
0.0233333 12 30 6 23
0.03 11 30 13 21
0.0366667 15 30 14 20
0.0433333 8 49 15 19
0.05 16 39 23 31
0.0566667 12 43 19 25
0.0633333 18 43 35 24
0.07 13 49 31 37
0.0766667 18 47 27 37
0.0833333 20 50 34 49
0.09 13 44 29 40
0.0966667 19 41 29 32
0.103333 19 55 38 29
0.11 23 50 42 27
0.116667 9 43 42 32
0.123333 15 50 34 37
0.13 21 48 26 37
0.136667 24 51 32 39
0.143333 15 46 30 28
0.15 17 48 19 36
0.156667 15 37 29 36
0.163333 16 50 23 28
0.17 15 49 21 34
0.176667 15 47 16 31
0.183333 12 47 27 30
0.19 14 70 17 56
0.196667 19 55 17 46
0.203333 16 58 16 44
0.21 18 65 17 28
0.216667 11 51 27 39
0.223333 23 66 17 30
0.23 16 66 23 31
0.236667 21 54 20 30
0.243333 13 53 16 34
0.25 23 47 18 34
0.256667 12 52 14 29
0.263333 9 60 14 21
0.27 19 51 13 35
0.276667 20 45 10 26
0.283333 13 48 18 37
0.29 11 38 15 21
0.296667 16 35 19 22
0.303333 17 47 17 24
0.31 19 46 15 22
0.316667 22 55 15 25
0.323333 19 41 15 22
0.33 12 45 18 25
0.336667 17 49 15 29
0.343333 13 35 17 28
0.35 12 41 12 22
0.356667 14 36 12 23
0.363333 21 38 18 23
0.37 11 33 14 25
0.376667 11 39 16 26
0.383333 16 27 11 20
0.39 17 41 17 25
0.396667 8 29 11 28
0.403333 16 29 8 29
0.41 11 32 5 15
0.416667 15 43 10 18
0.423333 15 34 20 16
0.43 14 34 14 32
0.436667 12 27 8 29
0.443333 7 33 7 33
0.45 14 38 12 24
0.456667 14 37 10 41
0.463333 17 33 11 37
0.47 15 45 12 27
0.476667 7 36 6 18
0.483333 7 20 6 10
0.49 8 14 11 11
0.496667 6 20 8 9
0.503333 14 15 9 11
0.51 3 18 7 11
0.516667 5 15 3 10
0.523333 8 12 12 12
0.53 5 9 7 8
0.536667 9 11 12 8
0.543333 3 11 9 10
0.55 4 15 6 10
0.556667 4 12 5 9
0.563333 2 7 5 12
0.57 5 11 5 6
0.576667 3 12 10 3
0.583333 7 7 9 6
0.59 4 5 7 5
0.596667 3 9 11 4
0.603333 2 3 6 3
0.61 1 4 8 5
0.616667 0 6 13 3
0.623333 2 5 8 7
0.63 0 8 6 3
0.636667 4 11 5 9
0.643333 5 5 9 2
0.65 3 6 5 2
0.656667 2 3 6 2
0.663333 794 2204 211 1447
0.67 0 0 0 0
0.676667 0 0 0 0
0.683333 0 0 0 0
0.69 0 0 0 0
0.696667 0 0 0 0
0.703333 0 0 0 0
0.71 0 0 0 0
0.716667 0 0 0 0
0.723333 0 0 0 0
0.73 0 0 0 0
0.736667 0 0 0 0
0.743333 0 0 0 0
0.75 0 0 0 0
0.756667 0 0 0 0
0.763333 0 0 0 0
0.77 0 0 0 0
0.776667 0 0 0 0
0.783333 0 0 0 0
0.79 0 0 0 0
0.796667 0 0 0 0
0.803333 0 0 0 0
0.81 0 0 0 0
0.816667 0 0 0 0
0.823333 0 0 0 0
0.83 0 0 0 0
0.836667 0 0 0 0
0.843333 0 0 0 0
0.85 0 0 0 0
0.856667 0 0 0 0
0.863333 0 0 0 0
0.87 0 0 0 0
0.876667 0 0 0 0
0.883333 0 0 0 0
0.89 0 0 0 0
0.896667 0 0 0 0
0.903333 0 0 0 0
0.91 0 0 0 0
0.916667 0 0 0 0
0.923333 0 0 0 0
0.93 0 0 0 0
0.936667 0 0 0 0
0.943333 0 0 0 0
0.95 0 0 0 0
0.956667 0 0 0 0
0.963333 0 0 0 0
0.97 0 0 0 0
0.976667 0 0 0 0
0.983333 0 0 0 0
0.99 0 0 0 0
0.996667 0 0 0 0
1.00333 0 0 0 0
1.01 0 0 0 0
1.01667 0 0 0 0
1.02333 0 0 0 0
1.03 0 0 0 0
1.03667 0 0 0 0
1.04333 0 0 0 0
1.05 0 0 0 0
1.05667 0 0 0 0
1.06333 0 0 0 0
1.07 0 0 0 0
1.07667 0 0 0 0
1.08333 0 0 0 0
1.09 0 0 0 0
1.09667 0 0 0 0
1.10333 0 0 0 0
1.11 0 0 0 0
1.11667 0 0 0 0
1.12333 0 0 0 0
1.13 0 0 0 0
1.13667 0 0 0 0
1.14333 0 0 0 0
1.15 0 0 0 0
1.15667 0 0 0 0
1.16333 0 0 0 0
1.17 0 0 0 0
1.17667 0 0 0 0
1.18333 0 0 0 0
1.19 0 0 0 0
1.19667 0 0 0 0
1.20333 0 0 0 0
1.21 0 0 0 0
1.21667 0 0 0 0
1.22333 0 0 0 0
1.23 0 0 0 0
1.23667 0 0 0 0
1.24333 0 0 0 0
1.25 0 0 0 0
1.25667 0 0 0 0
1.26333 0 0 0 0
1.27 0 0 0 0
1.27667 0 0 0 0
1.28333 0 0 0 0
1.29 0 0 0 0
1.29667 0 0 0 0
1.30333 0 0 0 0
1.31 0 0 0 0
1.31667 0 0 0 0
1.32333 0 0 0 0
1.33 0 0 0 0
1.33667 0 0 0 0
1.34333 0 0 0 0
1.35 0 0 0 0
1.35667 0 0 0 0
1.36333 0 0 0 0
1.37 0 0 0 0
1.37667 0 0 0 0
1.38333 0 0 0 0
1.39 0 0 0 0
1.39667 0 0 0 0
1.40333 0 0 0 0
1.41 0 0 0 0
1.41667 0 0 0 0
1.42333 0 0 0 0
1.43 0 0 0 0
1.43667 0 0 0 0
1.44333 0 0 0 0
1.45 0 0 0 0
1.45667 0 0 0 0
1.46333 0 0 0 0
1.47 0 0 0 0
1.47667 0 0 0 0
1.48333 0 0 0 0
1.49 0 0 0 0
1.49667 0 0 0 0
1.50333 0 0 0 0
1.51 0 0 0 0
1.51667 0 0 0 0
1.52333 0 0 0 0
1.53 0 0 0 0
1.53667 0 0 0 0
1.54333 0 0 0 0
1.55 0 0 0 0
1.55667 0 0 0 0
1.56333 0 0 0 0
1.57 0 0 0 0
1.57667 0 0 0 0
1.58333 0 0 0 0
1.59 0 0 0 0
1.59667 0 0 0 0
1.60333 0 0 0 0
1.61 0 0 0 0
1.61667 0 0 0 0
1.62333 0 0 0 0
1.63 0 0 0 0
1.63667 0 0 0 0
1.64333 0 0 0 0
1.65 0 0 0 0
1.65667 0 0 0 0
1.66333 0 0 0 0
1.67 0 0 0 0
1.67667 0 0 0 0
1.68333 0 0 0 0
1.69 0 0 0 0
1.69667 0 0 0 0
1.70333 0 0 0 0
1.71 0 0 0 0
1.71667 0 0 0 0
1.72333 0 0 0 0
1.73 0 0 0 0
1.73667 0 0 0 0
1.74333 0 0 0 0
1.75 0 0 0 0
1.75667 0 0 0 0
1.76333 0 0 0 0
1.77 0 0 0 0
1.77667 0 0 0 0
1.78333 0 0 0 0
1.79 0 0 0 0
1.79667 0 0 0 0
1.80333 0 0 0 0
1.81 0 0 0 0
1.81667 0 0 0 0
1.82333 0 0 0 0
1.83 0 0 0 0
1.83667 0 0 0 0
1.84333 0 0 0 0
1.85 0 0 0 0
1.85667 0 0 0 0
1.86333 0 0 0 0
1.87 0 0 0 0
1.87667 0 0 0 0
1.88333 0 0 0 0
1.89 0 0 0 0
1.89667 0 0 0 0
1.90333 0 0 0 0
1.91 0 0 0 0
1.91667 0 0 0 0
1.92333 0 0 0 0
1.93 0 0 0 0
1.93667 0 0 0 0
1.94333 0 0 0 0
1.95 0 0 0 0
1.95667 0 0 0 0
1.96333 0 0 0 0
1.97 0 0 0 0
1.97667 0 0 0 0
1.98333 0 0 0 0
1.99 0 0 0 0
1.99667 0 0 0 0
