0.00333333 2 5 56 4
0.01 0 8 58 15
0.0166667 4 13 54 11
0.0233333 4 10 57 12
0.03 3 10 66 9
0.0366667 4 10 60 5
0.0433333 4 25 78 12
0.05 6 24 112 10
0.0566667 6 37 109 17
0.0633333 11 30 123 19
0.07 6 28 138 25
0.0766667 15 39 120 25
0.0833333 8 42 150 28
0.09 6 30 158 19
0.0966667 10 28 148 24
0.103333 9 20 144 27
0.11 1 23 149 13
0.116667 4 30 156 23
0.123333 6 28 154 23
0.13 4 22 166 20
0.136667 6 21 149 12
0.143333 5 23 143 17
0.15 5 18 132 15
0.156667 7 27 123 15
0.163333 7 17 144 23
0.17 11 24 127 19
0.176667 4 17 135 16
0.183333 5 18 109 16
0.19 5 21 157 25
0.196667 5 19 157 15
0.203333 3 25 141 20
0.21 6 20 141 16
0.216667 7 17 126 11
0.223333 3 24 108 15
0.23 5 18 102 13
0.236667 7 16 103 10
0.243333 6 10 120 9
0.25 2 9 100 19
0.256667 3 8 81 13
0.263333 7 13 89 12
0.27 3 18 91 18
0.276667 4 12 99 13
0.283333 2 10 85 13
0.29 3 12 84 10
0.296667 3 12 89 11
0.303333 2 14 77 16
0.31 1 9 100 16
0.316667 1 16 68 21
0.323333 4 5 83 14
0.33 2 17 94 7
0.336667 6 7 69 12
0.343333 2 10 75 10
0.35 2 15 60 11
0.356667 6 10 72 15
0.363333 2 8 79 10
0.37 3 14 78 7
0.376667 3 12 65 7
0.383333 1 18 74 12
0.39 3 7 62 10
0.396667 1 13 53 5
0.403333 3 11 65 3
0.41 6 8 55 7
0.416667 5 10 58 7
0.423333 2 10 57 9
0.43 6 8 79 12
0.436667 0 5 93 4
0.443333 3 10 43 10
0.45 0 0 63 9
0.456667 3 7 55 4
0.463333 3 9 64 11
0.47 4 7 67 8
0.476667 0 6 63 6
0.483333 2 7 46 3
0.49 3 4 47 4
0.496667 2 6 41 2
0.503333 3 5 46 3
0.51 0 5 40 4
0.516667 0 5 28 3
0.523333 1 7 42 2
0.53 3 8 32 7
0.536667 1 5 28 8
0.543333 1 4 18 5
0.55 2 5 30 8
0.556667 2 6 36 3
0.563333 2 4 30 3
0.57 4 4 34 5
0.576667 4 4 34 2
0.583333 1 8 30 1
0.59 2 6 30 6
0.596667 4 8 34 7
0.603333 0 5 29 3
0.61 1 6 36 3
0.616667 3 7 20 4
0.623333 4 6 30 3
0.63 4 3 26 4
0.636667 2 5 35 2
0.643333 4 9 23 1
0.65 1 7 35 7
0.656667 3 3 15 6
0.663333 43 122 2199 128
0.67 0 0 0 0
0.676667 0 0 0 0
0.683333 0 0 0 0
0.69 0 0 0 0
0.696667 0 0 0 0
0.703333 0 0 0 0
0.71 0 0 0 0
0.716667 0 0 0 0
0.723333 0 0 0 0
0.73 0 0 0 0
0.736667 0 0 0 0
0.743333 0 0 0 0
0.75 0 0 0 0
0.756667 0 0 0 0
0.763333 0 0 0 0
0.77 0 0 0 0
0.776667 0 0 0 0
0.783333 0 0 0 0
0.79 0 0 0 0
0.796667 0 0 0 0
0.803333 0 0 0 0
0.81 0 0 0 0
0.816667 0 0 0 0
0.823333 0 0 0 0
0.83 0 0 0 0
0.836667 0 0 0 0
0.843333 0 0 0 0
0.85 0 0 0 0
0.856667 0 0 0 0
0.863333 0 0 0 0
0.87 0 0 0 0
0.876667 0 0 0 0
0.883333 0 0 0 0
0.89 0 0 0 0
0.896667 0 0 0 0
0.903333 0 0 0 0
0.91 0 0 0 0
0.916667 0 0 0 0
0.923333 0 0 0 0
0.93 0 0 0 0
0.936667 0 0 0 0
0.943333 0 0 0 0
0.95 0 0 0 0
0.956667 0 0 0 0
0.963333 0 0 0 0
0.97 0 0 0 0
0.976667 0 0 0 0
0.983333 0 0 0 0
0.99 0 0 0 0
0.996667 0 0 0 0
1.00333 0 0 0 0
1.01 0 0 0 0
1.01667 0 0 0 0
1.02333 0 0 0 0
1.03 0 0 0 0
1.03667 0 0 0 0
1.04333 0 0 0 0
1.05 0 0 0 0
1.05667 0 0 0 0
1.06333 0 0 0 0
1.07 0 0 0 0
1.07667 0 0 0 0
1.08333 0 0 0 0
1.09 0 0 0 0
1.09667 0 0 0 0
1.10333 0 0 0 0
1.11 0 0 0 0
1.11667 0 0 0 0
1.12333 0 0 0 0
1.13 0 0 0 0
1.13667 0 0 0 0
1.14333 0 0 0 0
1.15 0 0 0 0
1.15667 0 0 0 0
1.16333 0 0 0 0
1.17 0 0 0 0
1.17667 0 0 0 0
1.18333 0 0 0 0
1.19 0 0 0 0
1.19667 0 0 0 0
1.20333 0 0 0 0
1.21 0 0 0 0
1.21667 0 0 0 0
1.22333 0 0 0 0
1.23 0 0 0 0
1.23667 0 0 0 0
1.24333 0 0 0 0
1.25 0 0 0 0
1.25667 0 0 0 0
1.26333 0 0 0 0
1.27 0 0 0 0
1.27667 0 0 0 0
1.28333 0 0 0 0
1.29 0 0 0 0
1.29667 0 0 0 0
1.30333 0 0 0 0
1.31 0 0 0 0
1.31667 0 0 0 0
1.32333 0 0 0 0
1.33 0 0 0 0
1.33667 0 0 0 0
1.34333 0 0 0 0
1.35 0 0 0 0
1.35667 0 0 0 0
1.36333 0 0 0 0
1.37 0 0 0 0
1.37667 0 0 0 0
1.38333 0 0 0 0
1.39 0 0 0 0
1.39667 0 0 0 0
1.40333 0 0 0 0
1.41 0 0 0 0
1.41667 0 0 0 0
1.42333 0 0 0 0
1.43 0 0 0 0
1.43667 0 0 0 0
1.44333 0 0 0 0
1.45 0 0 0 0
1.45667 0 0 0 0
1.46333 0 0 0 0
1.47 0 0 0 0
1.47667 0 0 0 0
1.48333 0 0 0 0
1.49 0 0 0 0
1.49667 0 0 0 0
1.50333 0 0 0 0
1.51 0 0 0 0
1.51667 0 0 0 0
1.52333 0 0 0 0
1.53 0 0 0 0
1.53667 0 0 0 0
1.54333 0 0 0 0
1.55 0 0 0 0
1.55667 0 0 0 0
1.56333 0 0 0 0
1.57 0 0 0 0
1.57667 0 0 0 0
1.58333 0 0 0 0
1.59 0 0 0 0
1.59667 0 0 0 0
1.60333 0 0 0 0
1.61 0 0 0 0
1.61667 0 0 0 0
1.62333 0 0 0 0
1.63 0 0 0 0
1.63667 0 0 0 0
1.64333 0 0 0 0
1.65 0 0 0 0
1.65667 0 0 0 0
1.66333 0 0 0 0
1.67 0 0 0 0
1.67667 0 0 0 0
1.68333 0 0 0 0
1.69 0 0 0 0
1.69667 0 0 0 0
1.70333 0 0 0 0
1.71 0 0 0 0
1.71667 0 0 0 0
1.72333 0 0 0 0
1.73 0 0 0 0
1.73667 0 0 0 0
1.74333 0 0 0 0
1.75 0 0 0 0
1.75667 0 0 0 0
1.76333 0 0 0 0
1.77 0 0 0 0
1.77667 0 0 0 0
1.78333 0 0 0 0
1.79 0 0 0 0
1.79667 0 0 0 0
1.80333 0 0 0 0
1.81 0 0 0 0
1.81667 0 0 0 0
1.82333 0 0 0 0
1.83 0 0 0 0
1.83667 0 0 0 0
1.84333 0 0 0 0
1.85 0 0 0 0
1.85667 0 0 0 0
1.86333 0 0 0 0
1.87 0 0 0 0
1.87667 0 0 0 0
1.88333 0 0 0 0
1.89 0 0 0 0
1.89667 0 0 0 0
1.90333 0 0 0 0
1.91 0 0 0 0
1.91667 0 0 0 0
1.92333 0 0 0 0
1.93 0 0 0 0
1.93667 0 0 0 0
1.94333 0 0 0 0
1.95 0 0 0 0
1.95667 0 0 0 0
1.96333 0 0 0 0
1.97 0 0 0 0
1.97667 0 0 0 0
1.98333 0 0 0 0
1.99 0 0 0 0
1.99667 0 0 0 0
