0.00333333 25 17 6 4
0.01 28 28 2 0
0.0166667 36 34 6 3
0.0233333 22 55 6 4
0.03 53 54 7 2
0.0366667 34 54 14 5
0.0433333 78 86 21 3
0.05 67 100 14 4
0.0566667 85 149 16 5
0.0633333 98 151 18 5
0.07 99 137 30 8
0.0766667 98 149 16 5
0.0833333 121 185 15 10
0.09 109 160 32 5
0.0966667 112 149 34 4
0.103333 89 145 17 4
0.11 103 142 36 9
0.116667 113 142 27 4
0.123333 99 141 19 7
0.13 98 140 19 6
0.136667 96 131 12 4
0.143333 109 104 18 4
0.15 72 79 22 5
0.156667 96 111 14 2
0.163333 75 107 20 6
0.17 90 97 19 5
0.176667 78 91 10 6
0.183333 87 92 16 9
0.19 62 99 15 5
0.196667 73 92 21 4
0.203333 65 84 22 4
0.21 73 98 14 3
0.216667 75 73 12 6
0.223333 68 85 13 2
0.23 65 86 13 1
0.236667 57 76 14 3
0.243333 57 65 13 8
0.25 54 77 16 2
0.256667 39 66 11 6
0.263333 54 63 6 4
0.27 40 59 10 3
0.276667 45 55 11 1
0.283333 48 51 14 8
0.29 33 61 7 1
0.296667 44 55 10 3
0.303333 59 57 10 5
0.31 57 56 15 0
0.316667 34 47 3 2
0.323333 30 45 10 1
0.33 53 52 19 1
0.336667 50 56 9 3
0.343333 31 32 5 4
0.35 26 52 9 1
0.356667 41 38 12 1
0.363333 38 53 8 0
0.37 36 38 11 3
0.376667 39 42 11 1
0.383333 35 31 7 4
0.39 30 50 8 1
0.396667 32 32 2 1
0.403333 30 38 9 2
0.41 25 44 9 1
0.416667 28 40 11 2
0.423333 24 43 7 3
0.43 30 33 7 1
0.436667 34 29 3 3
0.443333 28 36 7 3
0.45 26 31 7 0
0.456667 31 39 6 3
0.463333 21 33 2 3
0.47 20 33 9 3
0.476667 22 32 3 2
0.483333 25 18 8 3
0.49 28 24 4 1
0.496667 22 21 7 0
0.503333 18 23 6 0
0.51 24 11 7 3
0.516667 22 29 9 3
0.523333 10 15 3 0
0.53 21 24 6 2
0.536667 10 15 6 4
0.543333 14 19 6 3
0.55 14 18 8 0
0.556667 20 13 10 1
0.563333 10 28 4 3
0.57 14 22 6 1
0.576667 17 17 0 2
0.583333 18 15 4 1
0.59 11 21 4 1
0.596667 16 9 2 3
0.603333 16 16 5 2
0.61 11 12 4 3
0.616667 12 17 4 2
0.623333 19 16 0 1
0.63 18 17 4 0
0.636667 18 16 4 3
0.643333 15 12 3 3
0.65 11 12 2 3
0.656667 15 24 5 3
0.663333 660 701 127 31
0.67 0 0 0 0
0.676667 0 0 0 0
0.683333 0 0 0 0
0.69 0 0 0 0
0.696667 0 0 0 0
0.703333 0 0 0 0
0.71 0 0 0 0
0.716667 0 0 0 0
0.723333 0 0 0 0
0.73 0 0 0 0
0.736667 0 0 0 0
0.743333 0 0 0 0
0.75 0 0 0 0
0.756667 0 0 0 0
0.763333 0 0 0 0
0.77 0 0 0 0
0.776667 0 0 0 0
0.783333 0 0 0 0
0.79 0 0 0 0
0.796667 0 0 0 0
0.803333 0 0 0 0
0.81 0 0 0 0
0.816667 0 0 0 0
0.823333 0 0 0 0
0.83 0 0 0 0
0.836667 0 0 0 0
0.843333 0 0 0 0
0.85 0 0 0 0
0.856667 0 0 0 0
0.863333 0 0 0 0
0.87 0 0 0 0
0.876667 0 0 0 0
0.883333 0 0 0 0
0.89 0 0 0 0
0.896667 0 0 0 0
0.903333 0 0 0 0
0.91 0 0 0 0
0.916667 0 0 0 0
0.923333 0 0 0 0
0.93 0 0 0 0
0.936667 0 0 0 0
0.943333 0 0 0 0
0.95 0 0 0 0
0.956667 0 0 0 0
0.963333 0 0 0 0
0.97 0 0 0 0
0.976667 0 0 0 0
0.983333 0 0 0 0
0.99 0 0 0 0
0.996667 0 0 0 0
1.00333 0 0 0 0
1.01 0 0 0 0
1.01667 0 0 0 0
1.02333 0 0 0 0
1.03 0 0 0 0
1.03667 0 0 0 0
1.04333 0 0 0 0
1.05 0 0 0 0
1.05667 0 0 0 0
1.06333 0 0 0 0
1.07 0 0 0 0
1.07667 0 0 0 0
1.08333 0 0 0 0
1.09 0 0 0 0
1.09667 0 0 0 0
1.10333 0 0 0 0
1.11 0 0 0 0
1.11667 0 0 0 0
1.12333 0 0 0 0
1.13 0 0 0 0
1.13667 0 0 0 0
1.14333 0 0 0 0
1.15 0 0 0 0
1.15667 0 0 0 0
1.16333 0 0 0 0
1.17 0 0 0 0
1.17667 0 0 0 0
1.18333 0 0 0 0
1.19 0 0 0 0
1.19667 0 0 0 0
1.20333 0 0 0 0
1.21 0 0 0 0
1.21667 0 0 0 0
1.22333 0 0 0 0
1.23 0 0 0 0
1.23667 0 0 0 0
1.24333 0 0 0 0
1.25 0 0 0 0
1.25667 0 0 0 0
1.26333 0 0 0 0
1.27 0 0 0 0
1.27667 0 0 0 0
1.28333 0 0 0 0
1.29 0 0 0 0
1.29667 0 0 0 0
1.30333 0 0 0 0
1.31 0 0 0 0
1.31667 0 0 0 0
1.32333 0 0 0 0
1.33 0 0 0 0
1.33667 0 0 0 0
1.34333 0 0 0 0
1.35 0 0 0 0
1.35667 0 0 0 0
1.36333 0 0 0 0
1.37 0 0 0 0
1.37667 0 0 0 0
1.38333 0 0 0 0
1.39 0 0 0 0
1.39667 0 0 0 0
1.40333 0 0 0 0
1.41 0 0 0 0
1.41667 0 0 0 0
1.42333 0 0 0 0
1.43 0 0 0 0
1.43667 0 0 0 0
1.44333 0 0 0 0
1.45 0 0 0 0
1.45667 0 0 0 0
1.46333 0 0 0 0
1.47 0 0 0 0
1.47667 0 0 0 0
1.48333 0 0 0 0
1.49 0 0 0 0
1.49667 0 0 0 0
1.50333 0 0 0 0
1.51 0 0 0 0
1.51667 0 0 0 0
1.52333 0 0 0 0
1.53 0 0 0 0
1.53667 0 0 0 0
1.54333 0 0 0 0
1.55 0 0 0 0
1.55667 0 0 0 0
1.56333 0 0 0 0
1.57 0 0 0 0
1.57667 0 0 0 0
1.58333 0 0 0 0
1.59 0 0 0 0
1.59667 0 0 0 0
1.60333 0 0 0 0
1.61 0 0 0 0
1.61667 0 0 0 0
1.62333 0 0 0 0
1.63 0 0 0 0
1.63667 0 0 0 0
1.64333 0 0 0 0
1.65 0 0 0 0
1.65667 0 0 0 0
1.66333 0 0 0 0
1.67 0 0 0 0
1.67667 0 0 0 0
1.68333 0 0 0 0
1.69 0 0 0 0
1.69667 0 0 0 0
1.70333 0 0 0 0
1.71 0 0 0 0
1.71667 0 0 0 0
1.72333 0 0 0 0
1.73 0 0 0 0
1.73667 0 0 0 0
1.74333 0 0 0 0
1.75 0 0 0 0
1.75667 0 0 0 0
1.76333 0 0 0 0
1.77 0 0 0 0
1.77667 0 0 0 0
1.78333 0 0 0 0
1.79 0 0 0 0
1.79667 0 0 0 0
1.80333 0 0 0 0
1.81 0 0 0 0
1.81667 0 0 0 0
1.82333 0 0 0 0
1.83 0 0 0 0
1.83667 0 0 0 0
1.84333 0 0 0 0
1.85 0 0 0 0
1.85667 0 0 0 0
1.86333 0 0 0 0
1.87 0 0 0 0
1.87667 0 0 0 0
1.88333 0 0 0 0
1.89 0 0 0 0
1.89667 0 0 0 0
1.90333 0 0 0 0
1.91 0 0 0 0
1.91667 0 0 0 0
1.92333 0 0 0 0
1.93 0 0 0 0
1.93667 0 0 0 0
1.94333 0 0 0 0
1.95 0 0 0 0
1.95667 0 0 0 0
1.96333 0 0 0 0
1.97 0 0 0 0
1.97667 0 0 0 0
1.98333 0 0 0 0
1.99 0 0 0 0
1.99667 0 0 0 0
