0.00333333 4 15 24 10
0.01 7 14 39 9
0.0166667 2 21 32 2
0.0233333 6 24 38 13
0.03 9 32 41 6
0.0366667 9 34 64 14
0.0433333 12 47 81 18
0.05 22 67 76 22
0.0566667 18 56 116 25
0.0633333 22 71 129 30
0.07 15 86 133 28
0.0766667 22 72 124 28
0.0833333 18 82 145 34
0.09 22 65 124 27
0.0966667 24 70 137 39
0.103333 20 72 155 33
0.11 16 70 126 34
0.116667 15 71 136 35
0.123333 14 64 152 15
0.13 18 60 151 22
0.136667 22 51 136 18
0.143333 14 58 120 16
0.15 10 56 110 17
0.156667 12 45 105 28
0.163333 20 46 94 18
0.17 9 46 108 26
0.176667 13 48 124 27
0.183333 16 53 98 24
0.19 14 50 104 24
0.196667 17 42 101 22
0.203333 16 44 94 21
0.21 15 35 90 15
0.216667 10 38 92 24
0.223333 8 54 73 22
0.23 10 32 69 15
0.236667 11 33 99 10
0.243333 11 26 67 20
0.25 8 33 77 15
0.256667 11 34 62 13
0.263333 9 23 60 25
0.27 9 37 71 12
0.276667 7 32 68 12
0.283333 9 29 60 10
0.29 6 19 66 10
0.296667 9 26 53 10
0.303333 8 20 74 18
0.31 6 37 54 5
0.316667 9 23 46 7
0.323333 4 28 56 18
0.33 6 13 49 9
0.336667 7 16 48 19
0.343333 9 27 46 16
0.35 7 19 43 5
0.356667 2 29 39 15
0.363333 6 32 45 11
0.37 7 11 31 11
0.376667 4 21 40 11
0.383333 8 17 35 6
0.39 12 25 46 10
0.396667 9 11 40 6
0.403333 6 29 53 11
0.41 5 19 49 10
0.416667 4 21 33 9
0.423333 6 18 35 5
0.43 11 17 34 9
0.436667 3 23 34 15
0.443333 2 9 29 6
0.45 3 14 33 4
0.456667 6 15 41 11
0.463333 6 15 44 3
0.47 9 19 33 7
0.476667 4 13 26 10
0.483333 6 16 24 16
0.49 4 17 26 4
0.496667 5 11 17 7
0.503333 3 13 29 2
0.51 5 10 28 3
0.516667 7 9 14 11
0.523333 3 10 20 6
0.53 1 7 26 10
0.536667 6 11 23 4
0.543333 2 11 27 7
0.55 3 15 25 3
0.556667 1 8 25 9
0.563333 0 12 20 6
0.57 3 11 15 7
0.576667 6 10 18 5
0.583333 3 10 21 7
0.59 2 10 20 2
0.596667 7 9 26 6
0.603333 3 6 23 6
0.61 3 6 13 9
0.616667 3 8 20 7
0.623333 3 7 21 2
0.63 3 9 12 5
0.636667 2 11 27 4
0.643333 5 8 20 4
0.65 2 11 14 8
0.656667 4 8 16 7
0.663333 87 311 895 143
0.67 0 0 0 0
0.676667 0 0 0 0
0.683333 0 0 0 0
0.69 0 0 0 0
0.696667 0 0 0 0
0.703333 0 0 0 0
0.71 0 0 0 0
0.716667 0 0 0 0
0.723333 0 0 0 0
0.73 0 0 0 0
0.736667 0 0 0 0
0.743333 0 0 0 0
0.75 0 0 0 0
0.756667 0 0 0 0
0.763333 0 0 0 0
0.77 0 0 0 0
0.776667 0 0 0 0
0.783333 0 0 0 0
0.79 0 0 0 0
0.796667 0 0 0 0
0.803333 0 0 0 0
0.81 0 0 0 0
0.816667 0 0 0 0
0.823333 0 0 0 0
0.83 0 0 0 0
0.836667 0 0 0 0
0.843333 0 0 0 0
0.85 0 0 0 0
0.856667 0 0 0 0
0.863333 0 0 0 0
0.87 0 0 0 0
0.876667 0 0 0 0
0.883333 0 0 0 0
0.89 0 0 0 0
0.896667 0 0 0 0
0.903333 0 0 0 0
0.91 0 0 0 0
0.916667 0 0 0 0
0.923333 0 0 0 0
0.93 0 0 0 0
0.936667 0 0 0 0
0.943333 0 0 0 0
0.95 0 0 0 0
0.956667 0 0 0 0
0.963333 0 0 0 0
0.97 0 0 0 0
0.976667 0 0 0 0
0.983333 0 0 0 0
0.99 0 0 0 0
0.996667 0 0 0 0
1.00333 0 0 0 0
1.01 0 0 0 0
1.01667 0 0 0 0
1.02333 0 0 0 0
1.03 0 0 0 0
1.03667 0 0 0 0
1.04333 0 0 0 0
1.05 0 0 0 0
1.05667 0 0 0 0
1.06333 0 0 0 0
1.07 0 0 0 0
1.07667 0 0 0 0
1.08333 0 0 0 0
1.09 0 0 0 0
1.09667 0 0 0 0
1.10333 0 0 0 0
1.11 0 0 0 0
1.11667 0 0 0 0
1.12333 0 0 0 0
1.13 0 0 0 0
1.13667 0 0 0 0
1.14333 0 0 0 0
1.15 0 0 0 0
1.15667 0 0 0 0
1.16333 0 0 0 0
1.17 0 0 0 0
1.17667 0 0 0 0
1.18333 0 0 0 0
1.19 0 0 0 0
1.19667 0 0 0 0
1.20333 0 0 0 0
1.21 0 0 0 0
1.21667 0 0 0 0
1.22333 0 0 0 0
1.23 0 0 0 0
1.23667 0 0 0 0
1.24333 0 0 0 0
1.25 0 0 0 0
1.25667 0 0 0 0
1.26333 0 0 0 0
1.27 0 0 0 0
1.27667 0 0 0 0
1.28333 0 0 0 0
1.29 0 0 0 0
1.29667 0 0 0 0
1.30333 0 0 0 0
1.31 0 0 0 0
1.31667 0 0 0 0
1.32333 0 0 0 0
1.33 0 0 0 0
1.33667 0 0 0 0
1.34333 0 0 0 0
1.35 0 0 0 0
1.35667 0 0 0 0
1.36333 0 0 0 0
1.37 0 0 0 0
1.37667 0 0 0 0
1.38333 0 0 0 0
1.39 0 0 0 0
1.39667 0 0 0 0
1.40333 0 0 0 0
1.41 0 0 0 0
1.41667 0 0 0 0
1.42333 0 0 0 0
1.43 0 0 0 0
1.43667 0 0 0 0
1.44333 0 0 0 0
1.45 0 0 0 0
1.45667 0 0 0 0
1.46333 0 0 0 0
1.47 0 0 0 0
1.47667 0 0 0 0
1.48333 0 0 0 0
1.49 0 0 0 0
1.49667 0 0 0 0
1.50333 0 0 0 0
1.51 0 0 0 0
1.51667 0 0 0 0
1.52333 0 0 0 0
1.53 0 0 0 0
1.53667 0 0 0 0
1.54333 0 0 0 0
1.55 0 0 0 0
1.55667 0 0 0 0
1.56333 0 0 0 0
1.57 0 0 0 0
1.57667 0 0 0 0
1.58333 0 0 0 0
1.59 0 0 0 0
1.59667 0 0 0 0
1.60333 0 0 0 0
1.61 0 0 0 0
1.61667 0 0 0 0
1.62333 0 0 0 0
1.63 0 0 0 0
1.63667 0 0 0 0
1.64333 0 0 0 0
1.65 0 0 0 0
1.65667 0 0 0 0
1.66333 0 0 0 0
1.67 0 0 0 0
1.67667 0 0 0 0
1.68333 0 0 0 0
1.69 0 0 0 0
1.69667 0 0 0 0
1.70333 0 0 0 0
1.71 0 0 0 0
1.71667 0 0 0 0
1.72333 0 0 0 0
1.73 0 0 0 0
1.73667 0 0 0 0
1.74333 0 0 0 0
1.75 0 0 0 0
1.75667 0 0 0 0
1.76333 0 0 0 0
1.77 0 0 0 0
1.77667 0 0 0 0
1.78333 0 0 0 0
1.79 0 0 0 0
1.79667 0 0 0 0
1.80333 0 0 0 0
1.81 0 0 0 0
1.81667 0 0 0 0
1.82333 0 0 0 0
1.83 0 0 0 0
1.83667 0 0 0 0
1.84333 0 0 0 0
1.85 0 0 0 0
1.85667 0 0 0 0
1.86333 0 0 0 0
1.87 0 0 0 0
1.87667 0 0 0 0
1.88333 0 0 0 0
1.89 0 0 0 0
1.89667 0 0 0 0
1.90333 0 0 0 0
1.91 0 0 0 0
1.91667 0 0 0 0
1.92333 0 0 0 0
1.93 0 0 0 0
1.93667 0 0 0 0
1.94333 0 0 0 0
1.95 0 0 0 0
1.95667 0 0 0 0
1.96333 0 0 0 0
1.97 0 0 0 0
1.97667 0 0 0 0
1.98333 0 0 0 0
1.99 0 0 0 0
1.99667 0 0 0 0
