0.00333333 61 37 3 7
0.01 70 44 4 6
0.0166667 96 38 2 2
0.0233333 90 44 3 3
0.03 86 43 4 3
0.0366667 95 62 7 6
0.0433333 106 69 3 8
0.05 135 103 8 6
0.0566667 119 125 7 13
0.0633333 131 127 9 5
0.07 153 119 11 11
0.0766667 152 155 6 7
0.0833333 174 149 13 4
0.09 197 142 9 12
0.0966667 182 135 16 12
0.103333 169 150 13 15
0.11 200 148 15 10
0.116667 203 135 4 12
0.123333 188 129 6 13
0.13 186 148 8 10
0.136667 171 132 7 13
0.143333 205 126 12 8
0.15 195 99 10 11
0.156667 178 128 7 12
0.163333 167 121 7 10
0.17 199 102 8 11
0.176667 203 97 9 12
0.183333 234 102 4 10
0.19 258 105 5 13
0.196667 265 100 5 20
0.203333 242 84 7 9
0.21 215 104 5 8
0.216667 171 98 4 9
0.223333 223 94 18 10
0.23 156 83 3 9
0.236667 159 90 8 10
0.243333 169 78 6 6
0.25 152 73 4 8
0.256667 133 81 5 6
0.263333 130 70 3 8
0.27 162 75 3 4
0.276667 135 83 4 10
0.283333 119 57 4 7
0.29 120 67 6 10
0.296667 136 60 3 4
0.303333 99 66 3 6
0.31 129 63 6 6
0.316667 103 37 9 7
0.323333 94 52 4 7
0.33 89 61 6 5
0.336667 88 56 7 4
0.343333 91 43 7 6
0.35 82 54 2 3
0.356667 79 56 2 4
0.363333 89 42 3 3
0.37 83 43 3 8
0.376667 94 47 2 2
0.383333 83 49 2 10
0.39 97 45 1 6
0.396667 79 28 2 3
0.403333 88 53 4 8
0.41 79 50 5 2
0.416667 87 48 1 1
0.423333 80 43 7 7
0.43 84 57 5 5
0.436667 72 38 3 8
0.443333 82 34 1 7
0.45 87 46 8 7
0.456667 67 39 5 2
0.463333 69 48 2 5
0.47 87 50 7 2
0.476667 64 44 4 6
0.483333 43 40 1 1
0.49 36 26 2 7
0.496667 45 26 3 3
0.503333 36 26 4 9
0.51 26 18 3 2
0.516667 29 26 1 4
0.523333 38 19 3 3
0.53 33 29 2 3
0.536667 29 31 1 4
0.543333 39 19 1 4
0.55 21 21 2 2
0.556667 35 23 1 4
0.563333 22 26 1 2
0.57 17 31 2 1
0.576667 23 27 1 3
0.583333 26 25 1 2
0.59 17 22 1 3
0.596667 30 16 3 3
0.603333 23 19 2 1
0.61 17 19 4 9
0.616667 28 21 3 0
0.623333 24 20 0 3
0.63 29 25 0 1
0.636667 25 21 4 3
0.643333 16 13 0 2
0.65 15 21 2 1
0.656667 13 14 0 3
0.663333 4044 1098 41 269
0.67 0 0 0 0
0.676667 0 0 0 0
0.683333 0 0 0 0
0.69 0 0 0 0
0.696667 0 0 0 0
0.703333 0 0 0 0
0.71 0 0 0 0
0.716667 0 0 0 0
0.723333 0 0 0 0
0.73 0 0 0 0
0.736667 0 0 0 0
0.743333 0 0 0 0
0.75 0 0 0 0
0.756667 0 0 0 0
0.763333 0 0 0 0
0.77 0 0 0 0
0.776667 0 0 0 0
0.783333 0 0 0 0
0.79 0 0 0 0
0.796667 0 0 0 0
0.803333 0 0 0 0
0.81 0 0 0 0
0.816667 0 0 0 0
0.823333 0 0 0 0
0.83 0 0 0 0
0.836667 0 0 0 0
0.843333 0 0 0 0
0.85 0 0 0 0
0.856667 0 0 0 0
0.863333 0 0 0 0
0.87 0 0 0 0
0.876667 0 0 0 0
0.883333 0 0 0 0
0.89 0 0 0 0
0.896667 0 0 0 0
0.903333 0 0 0 0
0.91 0 0 0 0
0.916667 0 0 0 0
0.923333 0 0 0 0
0.93 0 0 0 0
0.936667 0 0 0 0
0.943333 0 0 0 0
0.95 0 0 0 0
0.956667 0 0 0 0
0.963333 0 0 0 0
0.97 0 0 0 0
0.976667 0 0 0 0
0.983333 0 0 0 0
0.99 0 0 0 0
0.996667 0 0 0 0
1.00333 0 0 0 0
1.01 0 0 0 0
1.01667 0 0 0 0
1.02333 0 0 0 0
1.03 0 0 0 0
1.03667 0 0 0 0
1.04333 0 0 0 0
1.05 0 0 0 0
1.05667 0 0 0 0
1.06333 0 0 0 0
1.07 0 0 0 0
1.07667 0 0 0 0
1.08333 0 0 0 0
1.09 0 0 0 0
1.09667 0 0 0 0
1.10333 0 0 0 0
1.11 0 0 0 0
1.11667 0 0 0 0
1.12333 0 0 0 0
1.13 0 0 0 0
1.13667 0 0 0 0
1.14333 0 0 0 0
1.15 0 0 0 0
1.15667 0 0 0 0
1.16333 0 0 0 0
1.17 0 0 0 0
1.17667 0 0 0 0
1.18333 0 0 0 0
1.19 0 0 0 0
1.19667 0 0 0 0
1.20333 0 0 0 0
1.21 0 0 0 0
1.21667 0 0 0 0
1.22333 0 0 0 0
1.23 0 0 0 0
1.23667 0 0 0 0
1.24333 0 0 0 0
1.25 0 0 0 0
1.25667 0 0 0 0
1.26333 0 0 0 0
1.27 0 0 0 0
1.27667 0 0 0 0
1.28333 0 0 0 0
1.29 0 0 0 0
1.29667 0 0 0 0
1.30333 0 0 0 0
1.31 0 0 0 0
1.31667 0 0 0 0
1.32333 0 0 0 0
1.33 0 0 0 0
1.33667 0 0 0 0
1.34333 0 0 0 0
1.35 0 0 0 0
1.35667 0 0 0 0
1.36333 0 0 0 0
1.37 0 0 0 0
1.37667 0 0 0 0
1.38333 0 0 0 0
1.39 0 0 0 0
1.39667 0 0 0 0
1.40333 0 0 0 0
1.41 0 0 0 0
1.41667 0 0 0 0
1.42333 0 0 0 0
1.43 0 0 0 0
1.43667 0 0 0 0
1.44333 0 0 0 0
1.45 0 0 0 0
1.45667 0 0 0 0
1.46333 0 0 0 0
1.47 0 0 0 0
1.47667 0 0 0 0
1.48333 0 0 0 0
1.49 0 0 0 0
1.49667 0 0 0 0
1.50333 0 0 0 0
1.51 0 0 0 0
1.51667 0 0 0 0
1.52333 0 0 0 0
1.53 0 0 0 0
1.53667 0 0 0 0
1.54333 0 0 0 0
1.55 0 0 0 0
1.55667 0 0 0 0
1.56333 0 0 0 0
1.57 0 0 0 0
1.57667 0 0 0 0
1.58333 0 0 0 0
1.59 0 0 0 0
1.59667 0 0 0 0
1.60333 0 0 0 0
1.61 0 0 0 0
1.61667 0 0 0 0
1.62333 0 0 0 0
1.63 0 0 0 0
1.63667 0 0 0 0
1.64333 0 0 0 0
1.65 0 0 0 0
1.65667 0 0 0 0
1.66333 0 0 0 0
1.67 0 0 0 0
1.67667 0 0 0 0
1.68333 0 0 0 0
1.69 0 0 0 0
1.69667 0 0 0 0
1.70333 0 0 0 0
1.71 0 0 0 0
1.71667 0 0 0 0
1.72333 0 0 0 0
1.73 0 0 0 0
1.73667 0 0 0 0
1.74333 0 0 0 0
1.75 0 0 0 0
1.75667 0 0 0 0
1.76333 0 0 0 0
1.77 0 0 0 0
1.77667 0 0 0 0
1.78333 0 0 0 0
1.79 0 0 0 0
1.79667 0 0 0 0
1.80333 0 0 0 0
1.81 0 0 0 0
1.81667 0 0 0 0
1.82333 0 0 0 0
1.83 0 0 0 0
1.83667 0 0 0 0
1.84333 0 0 0 0
1.85 0 0 0 0
1.85667 0 0 0 0
1.86333 0 0 0 0
1.87 0 0 0 0
1.87667 0 0 0 0
1.88333 0 0 0 0
1.89 0 0 0 0
1.89667 0 0 0 0
1.90333 0 0 0 0
1.91 0 0 0 0
1.91667 0 0 0 0
1.92333 0 0 0 0
1.93 0 0 0 0
1.93667 0 0 0 0
1.94333 0 0 0 0
1.95 0 0 0 0
1.95667 0 0 0 0
1.96333 0 0 0 0
1.97 0 0 0 0
1.97667 0 0 0 0
1.98333 0 0 0 0
1.99 0 0 0 0
1.99667 0 0 0 0
