0.00333333 16 8 2 0
0.01 25 22 7 0
0.0166667 23 21 5 0
0.0233333 22 15 7 0
0.03 24 20 4 0
0.0366667 33 25 7 0
0.0433333 42 36 8 1
0.05 60 56 12 1
0.0566667 75 68 8 2
0.0633333 65 63 13 0
0.07 80 63 16 1
0.0766667 81 64 13 1
0.0833333 52 86 15 1
0.09 87 56 12 0
0.0966667 63 65 13 0
0.103333 87 85 16 2
0.11 96 81 10 1
0.116667 82 67 10 2
0.123333 72 75 19 2
0.13 69 56 10 1
0.136667 66 60 9 0
0.143333 50 52 11 1
0.15 47 49 11 2
0.156667 55 50 12 2
0.163333 49 42 11 0
0.17 46 45 7 0
0.176667 49 48 7 2
0.183333 47 45 12 0
0.19 55 51 15 2
0.196667 51 44 14 1
0.203333 44 33 11 0
0.21 48 42 15 0
0.216667 44 42 12 1
0.223333 41 44 5 2
0.23 43 29 14 1
0.236667 42 33 14 0
0.243333 43 47 12 3
0.25 30 24 5 0
0.256667 25 35 9 2
0.263333 49 27 6 0
0.27 40 24 9 0
0.276667 48 27 7 0
0.283333 33 26 5 0
0.29 32 27 13 0
0.296667 34 28 4 0
0.303333 39 28 9 2
0.31 37 22 15 1
0.316667 43 36 7 0
0.323333 28 22 5 1
0.33 28 31 5 1
0.336667 32 26 4 1
0.343333 26 23 10 0
0.35 24 31 4 1
0.356667 30 23 5 0
0.363333 24 31 4 0
0.37 33 23 8 1
0.376667 30 30 5 0
0.383333 35 16 4 0
0.39 25 21 2 0
0.396667 26 21 6 0
0.403333 19 21 7 0
0.41 25 21 6 0
0.416667 31 16 6 3
0.423333 31 21 4 1
0.43 22 24 10 0
0.436667 28 16 4 0
0.443333 22 21 5 2
0.45 24 16 3 1
0.456667 24 18 2 1
0.463333 21 26 7 1
0.47 20 22 5 1
0.476667 22 12 3 0
0.483333 17 15 5 0
0.49 22 13 4 0
0.496667 17 13 3 0
0.503333 14 13 4 1
0.51 15 19 3 0
0.516667 10 6 3 0
0.523333 11 16 3 0
0.53 10 14 3 0
0.536667 13 12 3 0
0.543333 30 5 6 0
0.55 13 7 4 1
0.556667 11 17 3 0
0.563333 13 11 3 0
0.57 18 14 1 0
0.576667 14 12 4 1
0.583333 15 7 4 0
0.59 13 9 5 0
0.596667 12 15 0 1
0.603333 15 12 1 0
0.61 13 11 2 0
0.616667 12 11 1 0
0.623333 17 11 5 1
0.63 9 11 4 1
0.636667 17 12 3 0
0.643333 18 8 3 0
0.65 13 7 2 1
0.656667 9 9 3 0
0.663333 421 353 205 8
0.67 0 0 0 0
0.676667 0 0 0 0
0.683333 0 0 0 0
0.69 0 0 0 0
0.696667 0 0 0 0
0.703333 0 0 0 0
0.71 0 0 0 0
0.716667 0 0 0 0
0.723333 0 0 0 0
0.73 0 0 0 0
0.736667 0 0 0 0
0.743333 0 0 0 0
0.75 0 0 0 0
0.756667 0 0 0 0
0.763333 0 0 0 0
0.77 0 0 0 0
0.776667 0 0 0 0
0.783333 0 0 0 0
0.79 0 0 0 0
0.796667 0 0 0 0
0.803333 0 0 0 0
0.81 0 0 0 0
0.816667 0 0 0 0
0.823333 0 0 0 0
0.83 0 0 0 0
0.836667 0 0 0 0
0.843333 0 0 0 0
0.85 0 0 0 0
0.856667 0 0 0 0
0.863333 0 0 0 0
0.87 0 0 0 0
0.876667 0 0 0 0
0.883333 0 0 0 0
0.89 0 0 0 0
0.896667 0 0 0 0
0.903333 0 0 0 0
0.91 0 0 0 0
0.916667 0 0 0 0
0.923333 0 0 0 0
0.93 0 0 0 0
0.936667 0 0 0 0
0.943333 0 0 0 0
0.95 0 0 0 0
0.956667 0 0 0 0
0.963333 0 0 0 0
0.97 0 0 0 0
0.976667 0 0 0 0
0.983333 0 0 0 0
0.99 0 0 0 0
0.996667 0 0 0 0
1.00333 0 0 0 0
1.01 0 0 0 0
1.01667 0 0 0 0
1.02333 0 0 0 0
1.03 0 0 0 0
1.03667 0 0 0 0
1.04333 0 0 0 0
1.05 0 0 0 0
1.05667 0 0 0 0
1.06333 0 0 0 0
1.07 0 0 0 0
1.07667 0 0 0 0
1.08333 0 0 0 0
1.09 0 0 0 0
1.09667 0 0 0 0
1.10333 0 0 0 0
1.11 0 0 0 0
1.11667 0 0 0 0
1.12333 0 0 0 0
1.13 0 0 0 0
1.13667 0 0 0 0
1.14333 0 0 0 0
1.15 0 0 0 0
1.15667 0 0 0 0
1.16333 0 0 0 0
1.17 0 0 0 0
1.17667 0 0 0 0
1.18333 0 0 0 0
1.19 0 0 0 0
1.19667 0 0 0 0
1.20333 0 0 0 0
1.21 0 0 0 0
1.21667 0 0 0 0
1.22333 0 0 0 0
1.23 0 0 0 0
1.23667 0 0 0 0
1.24333 0 0 0 0
1.25 0 0 0 0
1.25667 0 0 0 0
1.26333 0 0 0 0
1.27 0 0 0 0
1.27667 0 0 0 0
1.28333 0 0 0 0
1.29 0 0 0 0
1.29667 0 0 0 0
1.30333 0 0 0 0
1.31 0 0 0 0
1.31667 0 0 0 0
1.32333 0 0 0 0
1.33 0 0 0 0
1.33667 0 0 0 0
1.34333 0 0 0 0
1.35 0 0 0 0
1.35667 0 0 0 0
1.36333 0 0 0 0
1.37 0 0 0 0
1.37667 0 0 0 0
1.38333 0 0 0 0
1.39 0 0 0 0
1.39667 0 0 0 0
1.40333 0 0 0 0
1.41 0 0 0 0
1.41667 0 0 0 0
1.42333 0 0 0 0
1.43 0 0 0 0
1.43667 0 0 0 0
1.44333 0 0 0 0
1.45 0 0 0 0
1.45667 0 0 0 0
1.46333 0 0 0 0
1.47 0 0 0 0
1.47667 0 0 0 0
1.48333 0 0 0 0
1.49 0 0 0 0
1.49667 0 0 0 0
1.50333 0 0 0 0
1.51 0 0 0 0
1.51667 0 0 0 0
1.52333 0 0 0 0
1.53 0 0 0 0
1.53667 0 0 0 0
1.54333 0 0 0 0
1.55 0 0 0 0
1.55667 0 0 0 0
1.56333 0 0 0 0
1.57 0 0 0 0
1.57667 0 0 0 0
1.58333 0 0 0 0
1.59 0 0 0 0
1.59667 0 0 0 0
1.60333 0 0 0 0
1.61 0 0 0 0
1.61667 0 0 0 0
1.62333 0 0 0 0
1.63 0 0 0 0
1.63667 0 0 0 0
1.64333 0 0 0 0
1.65 0 0 0 0
1.65667 0 0 0 0
1.66333 0 0 0 0
1.67 0 0 0 0
1.67667 0 0 0 0
1.68333 0 0 0 0
1.69 0 0 0 0
1.69667 0 0 0 0
1.70333 0 0 0 0
1.71 0 0 0 0
1.71667 0 0 0 0
1.72333 0 0 0 0
1.73 0 0 0 0
1.73667 0 0 0 0
1.74333 0 0 0 0
1.75 0 0 0 0
1.75667 0 0 0 0
1.76333 0 0 0 0
1.77 0 0 0 0
1.77667 0 0 0 0
1.78333 0 0 0 0
1.79 0 0 0 0
1.79667 0 0 0 0
1.80333 0 0 0 0
1.81 0 0 0 0
1.81667 0 0 0 0
1.82333 0 0 0 0
1.83 0 0 0 0
1.83667 0 0 0 0
1.84333 0 0 0 0
1.85 0 0 0 0
1.85667 0 0 0 0
1.86333 0 0 0 0
1.87 0 0 0 0
1.87667 0 0 0 0
1.88333 0 0 0 0
1.89 0 0 0 0
1.89667 0 0 0 0
1.90333 0 0 0 0
1.91 0 0 0 0
1.91667 0 0 0 0
1.92333 0 0 0 0
1.93 0 0 0 0
1.93667 0 0 0 0
1.94333 0 0 0 0
1.95 0 0 0 0
1.95667 0 0 0 0
1.96333 0 0 0 0
1.97 0 0 0 0
1.97667 0 0 0 0
1.98333 0 0 0 0
1.99 0 0 0 0
1.99667 0 0 0 0
