0.00333333 0 27 68 9
0.01 2 30 84 8
0.0166667 2 19 78 7
0.0233333 0 24 90 13
0.03 3 18 76 8
0.0366667 2 38 99 9
0.0433333 4 50 105 19
0.05 2 39 111 31
0.0566667 10 47 124 19
0.0633333 7 46 150 19
0.07 8 56 153 28
0.0766667 7 50 163 29
0.0833333 4 59 198 21
0.09 9 73 191 20
0.0966667 3 48 176 28
0.103333 4 53 158 26
0.11 8 49 219 27
0.116667 2 63 191 40
0.123333 4 62 185 24
0.13 4 57 194 23
0.136667 5 61 174 19
0.143333 5 57 188 15
0.15 2 57 193 17
0.156667 1 49 164 19
0.163333 4 69 157 16
0.17 4 56 168 19
0.176667 2 59 175 16
0.183333 3 65 172 11
0.19 5 66 189 17
0.196667 1 76 214 22
0.203333 5 77 234 23
0.21 4 71 181 13
0.216667 1 55 166 9
0.223333 4 58 165 8
0.23 4 52 173 14
0.236667 2 45 157 23
0.243333 2 49 164 18
0.25 4 54 146 14
0.256667 2 42 154 4
0.263333 0 36 117 16
0.27 2 36 111 9
0.276667 0 54 116 12
0.283333 2 40 123 10
0.29 3 40 91 16
0.296667 3 31 121 12
0.303333 3 34 113 10
0.31 2 36 106 20
0.316667 2 32 89 10
0.323333 1 41 89 11
0.33 4 41 94 10
0.336667 2 29 90 9
0.343333 1 33 111 7
0.35 0 35 113 8
0.356667 1 32 84 11
0.363333 2 24 91 16
0.37 3 33 100 8
0.376667 2 35 79 17
0.383333 2 28 77 9
0.39 0 28 91 10
0.396667 4 42 88 10
0.403333 1 30 82 10
0.41 4 29 91 9
0.416667 1 28 96 5
0.423333 4 36 70 10
0.43 1 35 85 7
0.436667 4 38 67 10
0.443333 1 34 69 8
0.45 8 31 77 5
0.456667 5 31 84 10
0.463333 2 26 86 6
0.47 1 40 76 7
0.476667 0 28 82 9
0.483333 1 15 46 10
0.49 4 13 40 4
0.496667 1 10 45 5
0.503333 1 19 40 5
0.51 0 22 50 5
0.516667 2 11 52 5
0.523333 1 16 44 5
0.53 0 16 33 3
0.536667 2 15 26 8
0.543333 1 12 38 3
0.55 1 10 44 2
0.556667 1 14 33 9
0.563333 1 6 40 3
0.57 1 11 31 1
0.576667 2 11 43 7
0.583333 2 14 28 4
0.59 0 8 45 5
0.596667 2 15 29 7
0.603333 1 8 28 11
0.61 1 11 23 4
0.616667 1 12 34 3
0.623333 0 5 37 5
0.63 1 9 36 4
0.636667 2 21 36 4
0.643333 0 9 28 7
0.65 2 8 36 10
0.656667 0 12 26 3
0.663333 29 1312 3029 140
0.67 0 0 0 0
0.676667 0 0 0 0
0.683333 0 0 0 0
0.69 0 0 0 0
0.696667 0 0 0 0
0.703333 0 0 0 0
0.71 0 0 0 0
0.716667 0 0 0 0
0.723333 0 0 0 0
0.73 0 0 0 0
0.736667 0 0 0 0
0.743333 0 0 0 0
0.75 0 0 0 0
0.756667 0 0 0 0
0.763333 0 0 0 0
0.77 0 0 0 0
0.776667 0 0 0 0
0.783333 0 0 0 0
0.79 0 0 0 0
0.796667 0 0 0 0
0.803333 0 0 0 0
0.81 0 0 0 0
0.816667 0 0 0 0
0.823333 0 0 0 0
0.83 0 0 0 0
0.836667 0 0 0 0
0.843333 0 0 0 0
0.85 0 0 0 0
0.856667 0 0 0 0
0.863333 0 0 0 0
0.87 0 0 0 0
0.876667 0 0 0 0
0.883333 0 0 0 0
0.89 0 0 0 0
0.896667 0 0 0 0
0.903333 0 0 0 0
0.91 0 0 0 0
0.916667 0 0 0 0
0.923333 0 0 0 0
0.93 0 0 0 0
0.936667 0 0 0 0
0.943333 0 0 0 0
0.95 0 0 0 0
0.956667 0 0 0 0
0.963333 0 0 0 0
0.97 0 0 0 0
0.976667 0 0 0 0
0.983333 0 0 0 0
0.99 0 0 0 0
0.996667 0 0 0 0
1.00333 0 0 0 0
1.01 0 0 0 0
1.01667 0 0 0 0
1.02333 0 0 0 0
1.03 0 0 0 0
1.03667 0 0 0 0
1.04333 0 0 0 0
1.05 0 0 0 0
1.05667 0 0 0 0
1.06333 0 0 0 0
1.07 0 0 0 0
1.07667 0 0 0 0
1.08333 0 0 0 0
1.09 0 0 0 0
1.09667 0 0 0 0
1.10333 0 0 0 0
1.11 0 0 0 0
1.11667 0 0 0 0
1.12333 0 0 0 0
1.13 0 0 0 0
1.13667 0 0 0 0
1.14333 0 0 0 0
1.15 0 0 0 0
1.15667 0 0 0 0
1.16333 0 0 0 0
1.17 0 0 0 0
1.17667 0 0 0 0
1.18333 0 0 0 0
1.19 0 0 0 0
1.19667 0 0 0 0
1.20333 0 0 0 0
1.21 0 0 0 0
1.21667 0 0 0 0
1.22333 0 0 0 0
1.23 0 0 0 0
1.23667 0 0 0 0
1.24333 0 0 0 0
1.25 0 0 0 0
1.25667 0 0 0 0
1.26333 0 0 0 0
1.27 0 0 0 0
1.27667 0 0 0 0
1.28333 0 0 0 0
1.29 0 0 0 0
1.29667 0 0 0 0
1.30333 0 0 0 0
1.31 0 0 0 0
1.31667 0 0 0 0
1.32333 0 0 0 0
1.33 0 0 0 0
1.33667 0 0 0 0
1.34333 0 0 0 0
1.35 0 0 0 0
1.35667 0 0 0 0
1.36333 0 0 0 0
1.37 0 0 0 0
1.37667 0 0 0 0
1.38333 0 0 0 0
1.39 0 0 0 0
1.39667 0 0 0 0
1.40333 0 0 0 0
1.41 0 0 0 0
1.41667 0 0 0 0
1.42333 0 0 0 0
1.43 0 0 0 0
1.43667 0 0 0 0
1.44333 0 0 0 0
1.45 0 0 0 0
1.45667 0 0 0 0
1.46333 0 0 0 0
1.47 0 0 0 0
1.47667 0 0 0 0
1.48333 0 0 0 0
1.49 0 0 0 0
1.49667 0 0 0 0
1.50333 0 0 0 0
1.51 0 0 0 0
1.51667 0 0 0 0
1.52333 0 0 0 0
1.53 0 0 0 0
1.53667 0 0 0 0
1.54333 0 0 0 0
1.55 0 0 0 0
1.55667 0 0 0 0
1.56333 0 0 0 0
1.57 0 0 0 0
1.57667 0 0 0 0
1.58333 0 0 0 0
1.59 0 0 0 0
1.59667 0 0 0 0
1.60333 0 0 0 0
1.61 0 0 0 0
1.61667 0 0 0 0
1.62333 0 0 0 0
1.63 0 0 0 0
1.63667 0 0 0 0
1.64333 0 0 0 0
1.65 0 0 0 0
1.65667 0 0 0 0
1.66333 0 0 0 0
1.67 0 0 0 0
1.67667 0 0 0 0
1.68333 0 0 0 0
1.69 0 0 0 0
1.69667 0 0 0 0
1.70333 0 0 0 0
1.71 0 0 0 0
1.71667 0 0 0 0
1.72333 0 0 0 0
1.73 0 0 0 0
1.73667 0 0 0 0
1.74333 0 0 0 0
1.75 0 0 0 0
1.75667 0 0 0 0
1.76333 0 0 0 0
1.77 0 0 0 0
1.77667 0 0 0 0
1.78333 0 0 0 0
1.79 0 0 0 0
1.79667 0 0 0 0
1.80333 0 0 0 0
1.81 0 0 0 0
1.81667 0 0 0 0
1.82333 0 0 0 0
1.83 0 0 0 0
1.83667 0 0 0 0
1.84333 0 0 0 0
1.85 0 0 0 0
1.85667 0 0 0 0
1.86333 0 0 0 0
1.87 0 0 0 0
1.87667 0 0 0 0
1.88333 0 0 0 0
1.89 0 0 0 0
1.89667 0 0 0 0
1.90333 0 0 0 0
1.91 0 0 0 0
1.91667 0 0 0 0
1.92333 0 0 0 0
1.93 0 0 0 0
1.93667 0 0 0 0
1.94333 0 0 0 0
1.95 0 0 0 0
1.95667 0 0 0 0
1.96333 0 0 0 0
1.97 0 0 0 0
1.97667 0 0 0 0
1.98333 0 0 0 0
1.99 0 0 0 0
1.99667 0 0 0 0
