0.00333333 32 143 3 1
0.01 25 158 2 3
0.0166667 33 186 2 1
0.0233333 36 174 0 1
0.03 30 203 2 0
0.0366667 48 190 4 0
0.0433333 52 219 8 1
0.05 58 233 13 1
0.0566667 68 279 16 3
0.0633333 82 297 24 1
0.07 112 320 15 1
0.0766667 91 366 13 4
0.0833333 98 347 18 3
0.09 96 362 12 1
0.0966667 104 331 18 4
0.103333 98 363 10 5
0.11 106 350 10 0
0.116667 96 380 11 2
0.123333 86 404 11 1
0.13 86 426 6 1
0.136667 81 409 8 6
0.143333 71 393 12 2
0.15 97 380 13 3
0.156667 53 403 13 2
0.163333 77 401 13 1
0.17 76 421 12 6
0.176667 62 391 9 1
0.183333 85 498 8 5
0.19 57 671 6 2
0.196667 72 616 9 2
0.203333 85 595 11 1
0.21 59 518 10 2
0.216667 56 471 6 1
0.223333 64 401 7 1
0.23 58 391 7 2
0.236667 62 350 8 1
0.243333 57 322 4 1
0.25 54 321 9 1
0.256667 57 285 10 3
0.263333 48 275 5 1
0.27 45 252 6 4
0.276667 44 238 9 1
0.283333 38 256 0 1
0.29 40 218 9 3
0.296667 41 235 12 2
0.303333 46 220 5 2
0.31 39 229 9 2
0.316667 38 192 7 1
0.323333 33 185 8 4
0.33 44 194 4 2
0.336667 52 183 8 2
0.343333 37 179 7 2
0.35 40 186 3 0
0.356667 47 179 5 1
0.363333 38 179 8 1
0.37 38 169 5 0
0.376667 34 190 4 1
0.383333 26 156 11 3
0.39 33 190 8 3
0.396667 29 179 6 2
0.403333 35 166 9 1
0.41 26 168 4 1
0.416667 37 182 5 3
0.423333 42 202 6 2
0.43 36 192 8 2
0.436667 34 191 5 1
0.443333 31 182 5 2
0.45 15 185 5 2
0.456667 34 172 3 3
0.463333 44 191 5 1
0.47 30 204 3 2
0.476667 35 158 5 1
0.483333 19 107 3 0
0.49 20 78 7 2
0.496667 23 84 4 3
0.503333 23 66 4 2
0.51 13 67 5 1
0.516667 16 56 6 0
0.523333 14 62 4 0
0.53 20 66 2 0
0.536667 20 64 1 2
0.543333 19 53 5 0
0.55 17 51 2 0
0.556667 21 57 4 0
0.563333 16 48 2 1
0.57 23 47 0 1
0.576667 16 48 1 0
0.583333 29 49 1 1
0.59 17 46 3 1
0.596667 13 44 6 1
0.603333 15 55 2 2
0.61 17 35 1 0
0.616667 19 42 4 1
0.623333 20 40 0 1
0.63 14 42 2 0
0.636667 15 96 1 0
0.643333 12 30 4 0
0.65 16 38 2 0
0.656667 17 38 3 1
0.663333 795 9929 105 15
0.67 0 0 0 0
0.676667 0 0 0 0
0.683333 0 0 0 0
0.69 0 0 0 0
0.696667 0 0 0 0
0.703333 0 0 0 0
0.71 0 0 0 0
0.716667 0 0 0 0
0.723333 0 0 0 0
0.73 0 0 0 0
0.736667 0 0 0 0
0.743333 0 0 0 0
0.75 0 0 0 0
0.756667 0 0 0 0
0.763333 0 0 0 0
0.77 0 0 0 0
0.776667 0 0 0 0
0.783333 0 0 0 0
0.79 0 0 0 0
0.796667 0 0 0 0
0.803333 0 0 0 0
0.81 0 0 0 0
0.816667 0 0 0 0
0.823333 0 0 0 0
0.83 0 0 0 0
0.836667 0 0 0 0
0.843333 0 0 0 0
0.85 0 0 0 0
0.856667 0 0 0 0
0.863333 0 0 0 0
0.87 0 0 0 0
0.876667 0 0 0 0
0.883333 0 0 0 0
0.89 0 0 0 0
0.896667 0 0 0 0
0.903333 0 0 0 0
0.91 0 0 0 0
0.916667 0 0 0 0
0.923333 0 0 0 0
0.93 0 0 0 0
0.936667 0 0 0 0
0.943333 0 0 0 0
0.95 0 0 0 0
0.956667 0 0 0 0
0.963333 0 0 0 0
0.97 0 0 0 0
0.976667 0 0 0 0
0.983333 0 0 0 0
0.99 0 0 0 0
0.996667 0 0 0 0
1.00333 0 0 0 0
1.01 0 0 0 0
1.01667 0 0 0 0
1.02333 0 0 0 0
1.03 0 0 0 0
1.03667 0 0 0 0
1.04333 0 0 0 0
1.05 0 0 0 0
1.05667 0 0 0 0
1.06333 0 0 0 0
1.07 0 0 0 0
1.07667 0 0 0 0
1.08333 0 0 0 0
1.09 0 0 0 0
1.09667 0 0 0 0
1.10333 0 0 0 0
1.11 0 0 0 0
1.11667 0 0 0 0
1.12333 0 0 0 0
1.13 0 0 0 0
1.13667 0 0 0 0
1.14333 0 0 0 0
1.15 0 0 0 0
1.15667 0 0 0 0
1.16333 0 0 0 0
1.17 0 0 0 0
1.17667 0 0 0 0
1.18333 0 0 0 0
1.19 0 0 0 0
1.19667 0 0 0 0
1.20333 0 0 0 0
1.21 0 0 0 0
1.21667 0 0 0 0
1.22333 0 0 0 0
1.23 0 0 0 0
1.23667 0 0 0 0
1.24333 0 0 0 0
1.25 0 0 0 0
1.25667 0 0 0 0
1.26333 0 0 0 0
1.27 0 0 0 0
1.27667 0 0 0 0
1.28333 0 0 0 0
1.29 0 0 0 0
1.29667 0 0 0 0
1.30333 0 0 0 0
1.31 0 0 0 0
1.31667 0 0 0 0
1.32333 0 0 0 0
1.33 0 0 0 0
1.33667 0 0 0 0
1.34333 0 0 0 0
1.35 0 0 0 0
1.35667 0 0 0 0
1.36333 0 0 0 0
1.37 0 0 0 0
1.37667 0 0 0 0
1.38333 0 0 0 0
1.39 0 0 0 0
1.39667 0 0 0 0
1.40333 0 0 0 0
1.41 0 0 0 0
1.41667 0 0 0 0
1.42333 0 0 0 0
1.43 0 0 0 0
1.43667 0 0 0 0
1.44333 0 0 0 0
1.45 0 0 0 0
1.45667 0 0 0 0
1.46333 0 0 0 0
1.47 0 0 0 0
1.47667 0 0 0 0
1.48333 0 0 0 0
1.49 0 0 0 0
1.49667 0 0 0 0
1.50333 0 0 0 0
1.51 0 0 0 0
1.51667 0 0 0 0
1.52333 0 0 0 0
1.53 0 0 0 0
1.53667 0 0 0 0
1.54333 0 0 0 0
1.55 0 0 0 0
1.55667 0 0 0 0
1.56333 0 0 0 0
1.57 0 0 0 0
1.57667 0 0 0 0
1.58333 0 0 0 0
1.59 0 0 0 0
1.59667 0 0 0 0
1.60333 0 0 0 0
1.61 0 0 0 0
1.61667 0 0 0 0
1.62333 0 0 0 0
1.63 0 0 0 0
1.63667 0 0 0 0
1.64333 0 0 0 0
1.65 0 0 0 0
1.65667 0 0 0 0
1.66333 0 0 0 0
1.67 0 0 0 0
1.67667 0 0 0 0
1.68333 0 0 0 0
1.69 0 0 0 0
1.69667 0 0 0 0
1.70333 0 0 0 0
1.71 0 0 0 0
1.71667 0 0 0 0
1.72333 0 0 0 0
1.73 0 0 0 0
1.73667 0 0 0 0
1.74333 0 0 0 0
1.75 0 0 0 0
1.75667 0 0 0 0
1.76333 0 0 0 0
1.77 0 0 0 0
1.77667 0 0 0 0
1.78333 0 0 0 0
1.79 0 0 0 0
1.79667 0 0 0 0
1.80333 0 0 0 0
1.81 0 0 0 0
1.81667 0 0 0 0
1.82333 0 0 0 0
1.83 0 0 0 0
1.83667 0 0 0 0
1.84333 0 0 0 0
1.85 0 0 0 0
1.85667 0 0 0 0
1.86333 0 0 0 0
1.87 0 0 0 0
1.87667 0 0 0 0
1.88333 0 0 0 0
1.89 0 0 0 0
1.89667 0 0 0 0
1.90333 0 0 0 0
1.91 0 0 0 0
1.91667 0 0 0 0
1.92333 0 0 0 0
1.93 0 0 0 0
1.93667 0 0 0 0
1.94333 0 0 0 0
1.95 0 0 0 0
1.95667 0 0 0 0
1.96333 0 0 0 0
1.97 0 0 0 0
1.97667 0 0 0 0
1.98333 0 0 0 0
1.99 0 0 0 0
1.99667 0 0 0 0
