0.00333333 2 2 50 3
0.01 2 10 55 11
0.0166667 2 10 58 9
0.0233333 5 6 65 13
0.03 3 8 72 12
0.0366667 5 7 66 8
0.0433333 3 23 90 13
0.05 7 21 111 10
0.0566667 4 36 118 24
0.0633333 6 32 136 19
0.07 7 27 140 30
0.0766667 15 34 124 22
0.0833333 7 37 148 27
0.09 6 29 169 25
0.0966667 10 28 148 24
0.103333 6 18 158 30
0.11 1 24 165 18
0.116667 3 29 154 27
0.123333 7 28 161 26
0.13 4 21 163 25
0.136667 7 23 158 14
0.143333 3 22 146 17
0.15 6 17 136 16
0.156667 9 26 127 15
0.163333 7 19 147 27
0.17 10 19 143 20
0.176667 4 18 138 13
0.183333 3 14 125 20
0.19 5 20 175 25
0.196667 5 17 163 14
0.203333 1 24 145 22
0.21 7 16 141 19
0.216667 8 16 126 11
0.223333 4 19 126 16
0.23 4 17 116 15
0.236667 8 18 101 12
0.243333 5 10 123 12
0.25 1 9 106 21
0.256667 2 8 90 18
0.263333 3 12 106 14
0.27 3 21 114 14
0.276667 5 12 106 15
0.283333 2 9 89 11
0.29 3 8 82 10
0.296667 3 13 95 12
0.303333 3 12 84 14
0.31 0 11 115 17
0.316667 1 15 63 24
0.323333 2 9 79 11
0.33 2 15 99 9
0.336667 5 9 76 10
0.343333 2 10 91 10
0.35 2 10 66 13
0.356667 7 11 69 16
0.363333 1 8 80 9
0.37 4 13 90 5
0.376667 3 10 69 6
0.383333 2 10 68 11
0.39 3 7 70 9
0.396667 1 14 65 9
0.403333 3 6 63 5
0.41 4 7 52 7
0.416667 5 13 56 7
0.423333 1 6 67 10
0.43 6 9 75 12
0.436667 0 5 89 3
0.443333 3 11 48 10
0.45 1 1 66 8
0.456667 3 7 62 5
0.463333 3 10 65 12
0.47 3 6 65 6
0.476667 0 6 62 9
0.483333 2 7 39 3
0.49 2 5 45 4
0.496667 2 7 41 3
0.503333 3 7 48 2
0.51 0 3 38 4
0.516667 0 4 28 4
0.523333 1 5 46 3
0.53 3 6 31 10
0.536667 1 6 37 9
0.543333 1 4 22 9
0.55 2 5 35 6
0.556667 3 6 39 3
0.563333 2 3 31 3
0.57 3 6 34 5
0.576667 4 4 36 3
0.583333 1 6 27 1
0.59 2 6 34 6
0.596667 4 5 28 5
0.603333 0 4 32 5
0.61 1 6 40 5
0.616667 3 6 21 5
0.623333 3 7 33 3
0.63 4 2 33 5
0.636667 2 4 46 1
0.643333 3 10 27 1
0.65 2 3 37 6
0.656667 3 3 15 5
0.663333 39 111 2314 145
0.67 0 0 0 0
0.676667 0 0 0 0
0.683333 0 0 0 0
0.69 0 0 0 0
0.696667 0 0 0 0
0.703333 0 0 0 0
0.71 0 0 0 0
0.716667 0 0 0 0
0.723333 0 0 0 0
0.73 0 0 0 0
0.736667 0 0 0 0
0.743333 0 0 0 0
0.75 0 0 0 0
0.756667 0 0 0 0
0.763333 0 0 0 0
0.77 0 0 0 0
0.776667 0 0 0 0
0.783333 0 0 0 0
0.79 0 0 0 0
0.796667 0 0 0 0
0.803333 0 0 0 0
0.81 0 0 0 0
0.816667 0 0 0 0
0.823333 0 0 0 0
0.83 0 0 0 0
0.836667 0 0 0 0
0.843333 0 0 0 0
0.85 0 0 0 0
0.856667 0 0 0 0
0.863333 0 0 0 0
0.87 0 0 0 0
0.876667 0 0 0 0
0.883333 0 0 0 0
0.89 0 0 0 0
0.896667 0 0 0 0
0.903333 0 0 0 0
0.91 0 0 0 0
0.916667 0 0 0 0
0.923333 0 0 0 0
0.93 0 0 0 0
0.936667 0 0 0 0
0.943333 0 0 0 0
0.95 0 0 0 0
0.956667 0 0 0 0
0.963333 0 0 0 0
0.97 0 0 0 0
0.976667 0 0 0 0
0.983333 0 0 0 0
0.99 0 0 0 0
0.996667 0 0 0 0
1.00333 0 0 0 0
1.01 0 0 0 0
1.01667 0 0 0 0
1.02333 0 0 0 0
1.03 0 0 0 0
1.03667 0 0 0 0
1.04333 0 0 0 0
1.05 0 0 0 0
1.05667 0 0 0 0
1.06333 0 0 0 0
1.07 0 0 0 0
1.07667 0 0 0 0
1.08333 0 0 0 0
1.09 0 0 0 0
1.09667 0 0 0 0
1.10333 0 0 0 0
1.11 0 0 0 0
1.11667 0 0 0 0
1.12333 0 0 0 0
1.13 0 0 0 0
1.13667 0 0 0 0
1.14333 0 0 0 0
1.15 0 0 0 0
1.15667 0 0 0 0
1.16333 0 0 0 0
1.17 0 0 0 0
1.17667 0 0 0 0
1.18333 0 0 0 0
1.19 0 0 0 0
1.19667 0 0 0 0
1.20333 0 0 0 0
1.21 0 0 0 0
1.21667 0 0 0 0
1.22333 0 0 0 0
1.23 0 0 0 0
1.23667 0 0 0 0
1.24333 0 0 0 0
1.25 0 0 0 0
1.25667 0 0 0 0
1.26333 0 0 0 0
1.27 0 0 0 0
1.27667 0 0 0 0
1.28333 0 0 0 0
1.29 0 0 0 0
1.29667 0 0 0 0
1.30333 0 0 0 0
1.31 0 0 0 0
1.31667 0 0 0 0
1.32333 0 0 0 0
1.33 0 0 0 0
1.33667 0 0 0 0
1.34333 0 0 0 0
1.35 0 0 0 0
1.35667 0 0 0 0
1.36333 0 0 0 0
1.37 0 0 0 0
1.37667 0 0 0 0
1.38333 0 0 0 0
1.39 0 0 0 0
1.39667 0 0 0 0
1.40333 0 0 0 0
1.41 0 0 0 0
1.41667 0 0 0 0
1.42333 0 0 0 0
1.43 0 0 0 0
1.43667 0 0 0 0
1.44333 0 0 0 0
1.45 0 0 0 0
1.45667 0 0 0 0
1.46333 0 0 0 0
1.47 0 0 0 0
1.47667 0 0 0 0
1.48333 0 0 0 0
1.49 0 0 0 0
1.49667 0 0 0 0
1.50333 0 0 0 0
1.51 0 0 0 0
1.51667 0 0 0 0
1.52333 0 0 0 0
1.53 0 0 0 0
1.53667 0 0 0 0
1.54333 0 0 0 0
1.55 0 0 0 0
1.55667 0 0 0 0
1.56333 0 0 0 0
1.57 0 0 0 0
1.57667 0 0 0 0
1.58333 0 0 0 0
1.59 0 0 0 0
1.59667 0 0 0 0
1.60333 0 0 0 0
1.61 0 0 0 0
1.61667 0 0 0 0
1.62333 0 0 0 0
1.63 0 0 0 0
1.63667 0 0 0 0
1.64333 0 0 0 0
1.65 0 0 0 0
1.65667 0 0 0 0
1.66333 0 0 0 0
1.67 0 0 0 0
1.67667 0 0 0 0
1.68333 0 0 0 0
1.69 0 0 0 0
1.69667 0 0 0 0
1.70333 0 0 0 0
1.71 0 0 0 0
1.71667 0 0 0 0
1.72333 0 0 0 0
1.73 0 0 0 0
1.73667 0 0 0 0
1.74333 0 0 0 0
1.75 0 0 0 0
1.75667 0 0 0 0
1.76333 0 0 0 0
1.77 0 0 0 0
1.77667 0 0 0 0
1.78333 0 0 0 0
1.79 0 0 0 0
1.79667 0 0 0 0
1.80333 0 0 0 0
1.81 0 0 0 0
1.81667 0 0 0 0
1.82333 0 0 0 0
1.83 0 0 0 0
1.83667 0 0 0 0
1.84333 0 0 0 0
1.85 0 0 0 0
1.85667 0 0 0 0
1.86333 0 0 0 0
1.87 0 0 0 0
1.87667 0 0 0 0
1.88333 0 0 0 0
1.89 0 0 0 0
1.89667 0 0 0 0
1.90333 0 0 0 0
1.91 0 0 0 0
1.91667 0 0 0 0
1.92333 0 0 0 0
1.93 0 0 0 0
1.93667 0 0 0 0
1.94333 0 0 0 0
1.95 0 0 0 0
1.95667 0 0 0 0
1.96333 0 0 0 0
1.97 0 0 0 0
1.97667 0 0 0 0
1.98333 0 0 0 0
1.99 0 0 0 0
1.99667 0 0 0 0
