0.00333333 14 87 20 1
0.01 12 92 13 1
0.0166667 19 102 8 5
0.0233333 13 103 20 2
0.03 17 98 16 2
0.0366667 17 135 27 6
0.0433333 24 191 34 6
0.05 26 179 41 2
0.0566667 47 237 56 9
0.0633333 52 235 39 10
0.07 39 299 65 12
0.0766667 41 261 62 9
0.0833333 56 281 59 9
0.09 49 308 58 13
0.0966667 40 318 54 13
0.103333 36 306 68 10
0.11 41 292 55 14
0.116667 46 338 56 9
0.123333 42 281 62 7
0.13 31 330 52 5
0.136667 32 276 49 10
0.143333 36 286 41 11
0.15 44 262 48 3
0.156667 30 239 35 5
0.163333 30 240 47 7
0.17 31 272 40 13
0.176667 28 278 29 8
0.183333 36 287 44 2
0.19 24 311 41 10
0.196667 29 315 44 7
0.203333 26 287 32 4
0.21 32 279 47 3
0.216667 25 260 41 11
0.223333 23 253 28 7
0.23 23 237 42 6
0.236667 25 226 27 8
0.243333 23 188 25 5
0.25 22 203 33 4
0.256667 18 199 30 5
0.263333 19 157 23 5
0.27 17 155 30 3
0.276667 33 186 23 4
0.283333 19 138 21 2
0.29 15 137 18 3
0.296667 19 148 19 7
0.303333 16 133 18 5
0.31 16 152 28 1
0.316667 26 120 18 3
0.323333 19 132 22 7
0.33 16 132 21 2
0.336667 12 117 28 7
0.343333 14 113 23 7
0.35 14 102 25 4
0.356667 7 115 21 5
0.363333 13 113 27 5
0.37 14 100 17 5
0.376667 18 83 19 5
0.383333 14 110 11 2
0.39 10 108 30 6
0.396667 15 88 17 2
0.403333 16 104 12 2
0.41 15 94 18 3
0.416667 9 109 20 5
0.423333 22 105 19 0
0.43 10 118 15 2
0.436667 10 88 19 1
0.443333 8 93 13 1
0.45 10 97 17 7
0.456667 9 85 11 4
0.463333 14 103 22 3
0.47 13 115 13 1
0.476667 12 91 18 4
0.483333 15 50 13 0
0.49 5 64 8 5
0.496667 12 53 9 4
0.503333 6 40 14 3
0.51 8 61 11 2
0.516667 11 44 12 2
0.523333 5 51 8 2
0.53 8 57 12 2
0.536667 8 42 12 5
0.543333 8 38 8 3
0.55 8 39 7 2
0.556667 3 39 6 3
0.563333 10 33 12 2
0.57 3 46 3 2
0.576667 5 43 14 1
0.583333 6 45 11 3
0.59 6 44 11 2
0.596667 9 38 5 2
0.603333 2 31 10 2
0.61 8 32 6 2
0.616667 9 42 8 4
0.623333 5 33 7 2
0.63 6 37 10 1
0.636667 7 40 9 2
0.643333 6 30 7 2
0.65 4 40 10 2
0.656667 7 35 7 2
0.663333 244 3706 405 43
0.67 0 0 0 0
0.676667 0 0 0 0
0.683333 0 0 0 0
0.69 0 0 0 0
0.696667 0 0 0 0
0.703333 0 0 0 0
0.71 0 0 0 0
0.716667 0 0 0 0
0.723333 0 0 0 0
0.73 0 0 0 0
0.736667 0 0 0 0
0.743333 0 0 0 0
0.75 0 0 0 0
0.756667 0 0 0 0
0.763333 0 0 0 0
0.77 0 0 0 0
0.776667 0 0 0 0
0.783333 0 0 0 0
0.79 0 0 0 0
0.796667 0 0 0 0
0.803333 0 0 0 0
0.81 0 0 0 0
0.816667 0 0 0 0
0.823333 0 0 0 0
0.83 0 0 0 0
0.836667 0 0 0 0
0.843333 0 0 0 0
0.85 0 0 0 0
0.856667 0 0 0 0
0.863333 0 0 0 0
0.87 0 0 0 0
0.876667 0 0 0 0
0.883333 0 0 0 0
0.89 0 0 0 0
0.896667 0 0 0 0
0.903333 0 0 0 0
0.91 0 0 0 0
0.916667 0 0 0 0
0.923333 0 0 0 0
0.93 0 0 0 0
0.936667 0 0 0 0
0.943333 0 0 0 0
0.95 0 0 0 0
0.956667 0 0 0 0
0.963333 0 0 0 0
0.97 0 0 0 0
0.976667 0 0 0 0
0.983333 0 0 0 0
0.99 0 0 0 0
0.996667 0 0 0 0
1.00333 0 0 0 0
1.01 0 0 0 0
1.01667 0 0 0 0
1.02333 0 0 0 0
1.03 0 0 0 0
1.03667 0 0 0 0
1.04333 0 0 0 0
1.05 0 0 0 0
1.05667 0 0 0 0
1.06333 0 0 0 0
1.07 0 0 0 0
1.07667 0 0 0 0
1.08333 0 0 0 0
1.09 0 0 0 0
1.09667 0 0 0 0
1.10333 0 0 0 0
1.11 0 0 0 0
1.11667 0 0 0 0
1.12333 0 0 0 0
1.13 0 0 0 0
1.13667 0 0 0 0
1.14333 0 0 0 0
1.15 0 0 0 0
1.15667 0 0 0 0
1.16333 0 0 0 0
1.17 0 0 0 0
1.17667 0 0 0 0
1.18333 0 0 0 0
1.19 0 0 0 0
1.19667 0 0 0 0
1.20333 0 0 0 0
1.21 0 0 0 0
1.21667 0 0 0 0
1.22333 0 0 0 0
1.23 0 0 0 0
1.23667 0 0 0 0
1.24333 0 0 0 0
1.25 0 0 0 0
1.25667 0 0 0 0
1.26333 0 0 0 0
1.27 0 0 0 0
1.27667 0 0 0 0
1.28333 0 0 0 0
1.29 0 0 0 0
1.29667 0 0 0 0
1.30333 0 0 0 0
1.31 0 0 0 0
1.31667 0 0 0 0
1.32333 0 0 0 0
1.33 0 0 0 0
1.33667 0 0 0 0
1.34333 0 0 0 0
1.35 0 0 0 0
1.35667 0 0 0 0
1.36333 0 0 0 0
1.37 0 0 0 0
1.37667 0 0 0 0
1.38333 0 0 0 0
1.39 0 0 0 0
1.39667 0 0 0 0
1.40333 0 0 0 0
1.41 0 0 0 0
1.41667 0 0 0 0
1.42333 0 0 0 0
1.43 0 0 0 0
1.43667 0 0 0 0
1.44333 0 0 0 0
1.45 0 0 0 0
1.45667 0 0 0 0
1.46333 0 0 0 0
1.47 0 0 0 0
1.47667 0 0 0 0
1.48333 0 0 0 0
1.49 0 0 0 0
1.49667 0 0 0 0
1.50333 0 0 0 0
1.51 0 0 0 0
1.51667 0 0 0 0
1.52333 0 0 0 0
1.53 0 0 0 0
1.53667 0 0 0 0
1.54333 0 0 0 0
1.55 0 0 0 0
1.55667 0 0 0 0
1.56333 0 0 0 0
1.57 0 0 0 0
1.57667 0 0 0 0
1.58333 0 0 0 0
1.59 0 0 0 0
1.59667 0 0 0 0
1.60333 0 0 0 0
1.61 0 0 0 0
1.61667 0 0 0 0
1.62333 0 0 0 0
1.63 0 0 0 0
1.63667 0 0 0 0
1.64333 0 0 0 0
1.65 0 0 0 0
1.65667 0 0 0 0
1.66333 0 0 0 0
1.67 0 0 0 0
1.67667 0 0 0 0
1.68333 0 0 0 0
1.69 0 0 0 0
1.69667 0 0 0 0
1.70333 0 0 0 0
1.71 0 0 0 0
1.71667 0 0 0 0
1.72333 0 0 0 0
1.73 0 0 0 0
1.73667 0 0 0 0
1.74333 0 0 0 0
1.75 0 0 0 0
1.75667 0 0 0 0
1.76333 0 0 0 0
1.77 0 0 0 0
1.77667 0 0 0 0
1.78333 0 0 0 0
1.79 0 0 0 0
1.79667 0 0 0 0
1.80333 0 0 0 0
1.81 0 0 0 0
1.81667 0 0 0 0
1.82333 0 0 0 0
1.83 0 0 0 0
1.83667 0 0 0 0
1.84333 0 0 0 0
1.85 0 0 0 0
1.85667 0 0 0 0
1.86333 0 0 0 0
1.87 0 0 0 0
1.87667 0 0 0 0
1.88333 0 0 0 0
1.89 0 0 0 0
1.89667 0 0 0 0
1.90333 0 0 0 0
1.91 0 0 0 0
1.91667 0 0 0 0
1.92333 0 0 0 0
1.93 0 0 0 0
1.93667 0 0 0 0
1.94333 0 0 0 0
1.95 0 0 0 0
1.95667 0 0 0 0
1.96333 0 0 0 0
1.97 0 0 0 0
1.97667 0 0 0 0
1.98333 0 0 0 0
1.99 0 0 0 0
1.99667 0 0 0 0
