0.00333333 17 68 9 9
0.01 17 64 9 11
0.0166667 19 77 5 14
0.0233333 12 82 6 7
0.03 10 76 7 10
0.0366667 15 79 8 8
0.0433333 21 91 11 8
0.05 22 81 22 5
0.0566667 32 102 22 17
0.0633333 24 88 22 12
0.07 24 101 24 17
0.0766667 23 128 20 11
0.0833333 28 131 30 15
0.09 33 115 15 22
0.0966667 32 96 26 16
0.103333 34 111 21 19
0.11 34 124 20 13
0.116667 36 120 29 22
0.123333 21 113 17 17
0.13 36 137 19 22
0.136667 35 116 13 21
0.143333 27 133 17 15
0.15 23 110 21 16
0.156667 30 131 15 20
0.163333 33 125 16 12
0.17 24 126 16 15
0.176667 23 146 15 12
0.183333 27 165 15 11
0.19 34 191 20 23
0.196667 35 189 14 21
0.203333 22 158 13 23
0.21 39 160 15 20
0.216667 38 142 8 16
0.223333 32 120 18 20
0.23 34 116 7 13
0.236667 22 122 10 21
0.243333 26 125 10 9
0.25 19 110 12 14
0.256667 17 110 19 11
0.263333 30 105 11 12
0.27 19 99 8 14
0.276667 40 112 7 9
0.283333 18 96 5 9
0.29 23 92 8 12
0.296667 30 87 18 8
0.303333 25 98 6 7
0.31 27 97 13 18
0.316667 20 92 10 5
0.323333 24 81 7 11
0.33 19 96 5 15
0.336667 24 87 14 11
0.343333 9 78 5 13
0.35 13 97 8 17
0.356667 20 72 14 10
0.363333 22 91 11 17
0.37 23 89 14 14
0.376667 14 81 6 15
0.383333 20 72 9 16
0.39 18 77 7 10
0.396667 11 86 6 11
0.403333 13 87 9 19
0.41 25 81 4 11
0.416667 15 66 12 16
0.423333 23 65 8 13
0.43 11 60 7 12
0.436667 14 81 9 13
0.443333 20 75 5 10
0.45 13 78 9 7
0.456667 16 87 9 10
0.463333 22 64 8 13
0.47 27 77 12 11
0.476667 16 50 9 7
0.483333 10 38 2 6
0.49 11 34 9 8
0.496667 9 34 3 11
0.503333 8 30 8 6
0.51 14 23 8 6
0.516667 10 20 6 5
0.523333 9 16 4 6
0.53 10 13 6 4
0.536667 8 15 3 6
0.543333 9 16 2 4
0.55 10 16 6 5
0.556667 8 22 6 7
0.563333 5 10 4 3
0.57 5 11 5 3
0.576667 8 17 7 1
0.583333 11 17 9 5
0.59 10 12 7 5
0.596667 13 11 8 6
0.603333 8 9 1 3
0.61 8 8 5 6
0.616667 6 10 8 5
0.623333 8 8 5 3
0.63 10 15 6 9
0.636667 11 23 2 8
0.643333 4 11 8 6
0.65 11 7 5 4
0.656667 5 7 2 5
0.663333 972 4612 130 536
0.67 0 0 0 0
0.676667 0 0 0 0
0.683333 0 0 0 0
0.69 0 0 0 0
0.696667 0 0 0 0
0.703333 0 0 0 0
0.71 0 0 0 0
0.716667 0 0 0 0
0.723333 0 0 0 0
0.73 0 0 0 0
0.736667 0 0 0 0
0.743333 0 0 0 0
0.75 0 0 0 0
0.756667 0 0 0 0
0.763333 0 0 0 0
0.77 0 0 0 0
0.776667 0 0 0 0
0.783333 0 0 0 0
0.79 0 0 0 0
0.796667 0 0 0 0
0.803333 0 0 0 0
0.81 0 0 0 0
0.816667 0 0 0 0
0.823333 0 0 0 0
0.83 0 0 0 0
0.836667 0 0 0 0
0.843333 0 0 0 0
0.85 0 0 0 0
0.856667 0 0 0 0
0.863333 0 0 0 0
0.87 0 0 0 0
0.876667 0 0 0 0
0.883333 0 0 0 0
0.89 0 0 0 0
0.896667 0 0 0 0
0.903333 0 0 0 0
0.91 0 0 0 0
0.916667 0 0 0 0
0.923333 0 0 0 0
0.93 0 0 0 0
0.936667 0 0 0 0
0.943333 0 0 0 0
0.95 0 0 0 0
0.956667 0 0 0 0
0.963333 0 0 0 0
0.97 0 0 0 0
0.976667 0 0 0 0
0.983333 0 0 0 0
0.99 0 0 0 0
0.996667 0 0 0 0
1.00333 0 0 0 0
1.01 0 0 0 0
1.01667 0 0 0 0
1.02333 0 0 0 0
1.03 0 0 0 0
1.03667 0 0 0 0
1.04333 0 0 0 0
1.05 0 0 0 0
1.05667 0 0 0 0
1.06333 0 0 0 0
1.07 0 0 0 0
1.07667 0 0 0 0
1.08333 0 0 0 0
1.09 0 0 0 0
1.09667 0 0 0 0
1.10333 0 0 0 0
1.11 0 0 0 0
1.11667 0 0 0 0
1.12333 0 0 0 0
1.13 0 0 0 0
1.13667 0 0 0 0
1.14333 0 0 0 0
1.15 0 0 0 0
1.15667 0 0 0 0
1.16333 0 0 0 0
1.17 0 0 0 0
1.17667 0 0 0 0
1.18333 0 0 0 0
1.19 0 0 0 0
1.19667 0 0 0 0
1.20333 0 0 0 0
1.21 0 0 0 0
1.21667 0 0 0 0
1.22333 0 0 0 0
1.23 0 0 0 0
1.23667 0 0 0 0
1.24333 0 0 0 0
1.25 0 0 0 0
1.25667 0 0 0 0
1.26333 0 0 0 0
1.27 0 0 0 0
1.27667 0 0 0 0
1.28333 0 0 0 0
1.29 0 0 0 0
1.29667 0 0 0 0
1.30333 0 0 0 0
1.31 0 0 0 0
1.31667 0 0 0 0
1.32333 0 0 0 0
1.33 0 0 0 0
1.33667 0 0 0 0
1.34333 0 0 0 0
1.35 0 0 0 0
1.35667 0 0 0 0
1.36333 0 0 0 0
1.37 0 0 0 0
1.37667 0 0 0 0
1.38333 0 0 0 0
1.39 0 0 0 0
1.39667 0 0 0 0
1.40333 0 0 0 0
1.41 0 0 0 0
1.41667 0 0 0 0
1.42333 0 0 0 0
1.43 0 0 0 0
1.43667 0 0 0 0
1.44333 0 0 0 0
1.45 0 0 0 0
1.45667 0 0 0 0
1.46333 0 0 0 0
1.47 0 0 0 0
1.47667 0 0 0 0
1.48333 0 0 0 0
1.49 0 0 0 0
1.49667 0 0 0 0
1.50333 0 0 0 0
1.51 0 0 0 0
1.51667 0 0 0 0
1.52333 0 0 0 0
1.53 0 0 0 0
1.53667 0 0 0 0
1.54333 0 0 0 0
1.55 0 0 0 0
1.55667 0 0 0 0
1.56333 0 0 0 0
1.57 0 0 0 0
1.57667 0 0 0 0
1.58333 0 0 0 0
1.59 0 0 0 0
1.59667 0 0 0 0
1.60333 0 0 0 0
1.61 0 0 0 0
1.61667 0 0 0 0
1.62333 0 0 0 0
1.63 0 0 0 0
1.63667 0 0 0 0
1.64333 0 0 0 0
1.65 0 0 0 0
1.65667 0 0 0 0
1.66333 0 0 0 0
1.67 0 0 0 0
1.67667 0 0 0 0
1.68333 0 0 0 0
1.69 0 0 0 0
1.69667 0 0 0 0
1.70333 0 0 0 0
1.71 0 0 0 0
1.71667 0 0 0 0
1.72333 0 0 0 0
1.73 0 0 0 0
1.73667 0 0 0 0
1.74333 0 0 0 0
1.75 0 0 0 0
1.75667 0 0 0 0
1.76333 0 0 0 0
1.77 0 0 0 0
1.77667 0 0 0 0
1.78333 0 0 0 0
1.79 0 0 0 0
1.79667 0 0 0 0
1.80333 0 0 0 0
1.81 0 0 0 0
1.81667 0 0 0 0
1.82333 0 0 0 0
1.83 0 0 0 0
1.83667 0 0 0 0
1.84333 0 0 0 0
1.85 0 0 0 0
1.85667 0 0 0 0
1.86333 0 0 0 0
1.87 0 0 0 0
1.87667 0 0 0 0
1.88333 0 0 0 0
1.89 0 0 0 0
1.89667 0 0 0 0
1.90333 0 0 0 0
1.91 0 0 0 0
1.91667 0 0 0 0
1.92333 0 0 0 0
1.93 0 0 0 0
1.93667 0 0 0 0
1.94333 0 0 0 0
1.95 0 0 0 0
1.95667 0 0 0 0
1.96333 0 0 0 0
1.97 0 0 0 0
1.97667 0 0 0 0
1.98333 0 0 0 0
1.99 0 0 0 0
1.99667 0 0 0 0
