0.00333333 11 88 12 0
0.01 26 109 16 0
0.0166667 29 90 15 1
0.0233333 23 95 9 1
0.03 33 101 12 2
0.0366667 31 127 11 1
0.0433333 42 178 14 0
0.05 43 179 17 4
0.0566667 74 237 29 0
0.0633333 90 271 25 7
0.07 66 236 25 1
0.0766667 82 289 38 3
0.0833333 86 318 30 0
0.09 80 287 26 5
0.0966667 73 249 37 4
0.103333 81 292 25 4
0.11 73 303 20 7
0.116667 77 312 26 4
0.123333 54 312 32 2
0.13 63 298 36 4
0.136667 71 329 23 3
0.143333 63 275 25 1
0.15 60 264 28 5
0.156667 51 272 30 4
0.163333 41 250 36 3
0.17 47 245 23 2
0.176667 42 251 31 2
0.183333 43 260 20 1
0.19 64 278 35 3
0.196667 42 288 21 4
0.203333 33 275 23 2
0.21 43 248 19 3
0.216667 31 235 22 3
0.223333 53 231 20 3
0.23 44 235 17 1
0.236667 53 225 32 2
0.243333 42 171 21 3
0.25 38 201 11 3
0.256667 46 187 21 1
0.263333 34 189 21 2
0.27 30 162 11 1
0.276667 39 148 23 4
0.283333 30 144 13 4
0.29 29 156 16 2
0.296667 25 150 12 3
0.303333 34 146 12 1
0.31 38 157 16 1
0.316667 32 126 11 3
0.323333 39 110 8 1
0.33 21 125 17 1
0.336667 29 132 11 1
0.343333 23 124 12 0
0.35 20 137 17 2
0.356667 17 112 14 3
0.363333 27 142 12 1
0.37 27 101 16 2
0.376667 22 109 12 3
0.383333 16 114 13 2
0.39 20 106 19 2
0.396667 22 101 11 2
0.403333 27 118 16 2
0.41 22 101 10 1
0.416667 21 106 13 2
0.423333 22 85 12 1
0.43 16 109 7 1
0.436667 19 103 16 1
0.443333 16 95 6 1
0.45 18 112 9 2
0.456667 20 108 10 2
0.463333 23 93 11 2
0.47 13 89 12 0
0.476667 15 96 10 1
0.483333 13 50 7 0
0.49 23 73 10 0
0.496667 14 70 6 2
0.503333 14 53 8 2
0.51 16 47 11 0
0.516667 16 45 10 1
0.523333 16 41 10 1
0.53 13 45 5 0
0.536667 16 50 7 3
0.543333 12 42 7 0
0.55 11 43 2 1
0.556667 10 42 10 0
0.563333 10 47 8 0
0.57 16 35 9 1
0.576667 11 46 7 1
0.583333 8 54 7 1
0.59 7 49 4 0
0.596667 9 48 8 1
0.603333 10 35 9 0
0.61 10 42 6 0
0.616667 11 40 4 1
0.623333 12 41 10 0
0.63 9 43 11 0
0.636667 10 43 4 1
0.643333 10 36 11 4
0.65 11 30 6 1
0.656667 5 35 6 1
0.663333 334 3504 292 8
0.67 0 0 0 0
0.676667 0 0 0 0
0.683333 0 0 0 0
0.69 0 0 0 0
0.696667 0 0 0 0
0.703333 0 0 0 0
0.71 0 0 0 0
0.716667 0 0 0 0
0.723333 0 0 0 0
0.73 0 0 0 0
0.736667 0 0 0 0
0.743333 0 0 0 0
0.75 0 0 0 0
0.756667 0 0 0 0
0.763333 0 0 0 0
0.77 0 0 0 0
0.776667 0 0 0 0
0.783333 0 0 0 0
0.79 0 0 0 0
0.796667 0 0 0 0
0.803333 0 0 0 0
0.81 0 0 0 0
0.816667 0 0 0 0
0.823333 0 0 0 0
0.83 0 0 0 0
0.836667 0 0 0 0
0.843333 0 0 0 0
0.85 0 0 0 0
0.856667 0 0 0 0
0.863333 0 0 0 0
0.87 0 0 0 0
0.876667 0 0 0 0
0.883333 0 0 0 0
0.89 0 0 0 0
0.896667 0 0 0 0
0.903333 0 0 0 0
0.91 0 0 0 0
0.916667 0 0 0 0
0.923333 0 0 0 0
0.93 0 0 0 0
0.936667 0 0 0 0
0.943333 0 0 0 0
0.95 0 0 0 0
0.956667 0 0 0 0
0.963333 0 0 0 0
0.97 0 0 0 0
0.976667 0 0 0 0
0.983333 0 0 0 0
0.99 0 0 0 0
0.996667 0 0 0 0
1.00333 0 0 0 0
1.01 0 0 0 0
1.01667 0 0 0 0
1.02333 0 0 0 0
1.03 0 0 0 0
1.03667 0 0 0 0
1.04333 0 0 0 0
1.05 0 0 0 0
1.05667 0 0 0 0
1.06333 0 0 0 0
1.07 0 0 0 0
1.07667 0 0 0 0
1.08333 0 0 0 0
1.09 0 0 0 0
1.09667 0 0 0 0
1.10333 0 0 0 0
1.11 0 0 0 0
1.11667 0 0 0 0
1.12333 0 0 0 0
1.13 0 0 0 0
1.13667 0 0 0 0
1.14333 0 0 0 0
1.15 0 0 0 0
1.15667 0 0 0 0
1.16333 0 0 0 0
1.17 0 0 0 0
1.17667 0 0 0 0
1.18333 0 0 0 0
1.19 0 0 0 0
1.19667 0 0 0 0
1.20333 0 0 0 0
1.21 0 0 0 0
1.21667 0 0 0 0
1.22333 0 0 0 0
1.23 0 0 0 0
1.23667 0 0 0 0
1.24333 0 0 0 0
1.25 0 0 0 0
1.25667 0 0 0 0
1.26333 0 0 0 0
1.27 0 0 0 0
1.27667 0 0 0 0
1.28333 0 0 0 0
1.29 0 0 0 0
1.29667 0 0 0 0
1.30333 0 0 0 0
1.31 0 0 0 0
1.31667 0 0 0 0
1.32333 0 0 0 0
1.33 0 0 0 0
1.33667 0 0 0 0
1.34333 0 0 0 0
1.35 0 0 0 0
1.35667 0 0 0 0
1.36333 0 0 0 0
1.37 0 0 0 0
1.37667 0 0 0 0
1.38333 0 0 0 0
1.39 0 0 0 0
1.39667 0 0 0 0
1.40333 0 0 0 0
1.41 0 0 0 0
1.41667 0 0 0 0
1.42333 0 0 0 0
1.43 0 0 0 0
1.43667 0 0 0 0
1.44333 0 0 0 0
1.45 0 0 0 0
1.45667 0 0 0 0
1.46333 0 0 0 0
1.47 0 0 0 0
1.47667 0 0 0 0
1.48333 0 0 0 0
1.49 0 0 0 0
1.49667 0 0 0 0
1.50333 0 0 0 0
1.51 0 0 0 0
1.51667 0 0 0 0
1.52333 0 0 0 0
1.53 0 0 0 0
1.53667 0 0 0 0
1.54333 0 0 0 0
1.55 0 0 0 0
1.55667 0 0 0 0
1.56333 0 0 0 0
1.57 0 0 0 0
1.57667 0 0 0 0
1.58333 0 0 0 0
1.59 0 0 0 0
1.59667 0 0 0 0
1.60333 0 0 0 0
1.61 0 0 0 0
1.61667 0 0 0 0
1.62333 0 0 0 0
1.63 0 0 0 0
1.63667 0 0 0 0
1.64333 0 0 0 0
1.65 0 0 0 0
1.65667 0 0 0 0
1.66333 0 0 0 0
1.67 0 0 0 0
1.67667 0 0 0 0
1.68333 0 0 0 0
1.69 0 0 0 0
1.69667 0 0 0 0
1.70333 0 0 0 0
1.71 0 0 0 0
1.71667 0 0 0 0
1.72333 0 0 0 0
1.73 0 0 0 0
1.73667 0 0 0 0
1.74333 0 0 0 0
1.75 0 0 0 0
1.75667 0 0 0 0
1.76333 0 0 0 0
1.77 0 0 0 0
1.77667 0 0 0 0
1.78333 0 0 0 0
1.79 0 0 0 0
1.79667 0 0 0 0
1.80333 0 0 0 0
1.81 0 0 0 0
1.81667 0 0 0 0
1.82333 0 0 0 0
1.83 0 0 0 0
1.83667 0 0 0 0
1.84333 0 0 0 0
1.85 0 0 0 0
1.85667 0 0 0 0
1.86333 0 0 0 0
1.87 0 0 0 0
1.87667 0 0 0 0
1.88333 0 0 0 0
1.89 0 0 0 0
1.89667 0 0 0 0
1.90333 0 0 0 0
1.91 0 0 0 0
1.91667 0 0 0 0
1.92333 0 0 0 0
1.93 0 0 0 0
1.93667 0 0 0 0
1.94333 0 0 0 0
1.95 0 0 0 0
1.95667 0 0 0 0
1.96333 0 0 0 0
1.97 0 0 0 0
1.97667 0 0 0 0
1.98333 0 0 0 0
1.99 0 0 0 0
1.99667 0 0 0 0
