0.00333333 6 10 8 32
0.01 16 13 15 28
0.0166667 10 10 17 37
0.0233333 18 9 10 38
0.03 10 13 12 35
0.0366667 8 11 28 47
0.0433333 24 22 43 45
0.05 15 21 47 49
0.0566667 11 27 51 48
0.0633333 13 21 79 53
0.07 19 32 60 48
0.0766667 26 29 72 64
0.0833333 20 30 67 59
0.09 18 28 72 50
0.0966667 15 42 58 71
0.103333 13 29 61 71
0.11 13 19 64 65
0.116667 10 33 63 82
0.123333 14 30 46 75
0.13 22 30 52 72
0.136667 20 28 64 66
0.143333 14 30 49 58
0.15 25 31 46 56
0.156667 17 21 54 66
0.163333 18 20 43 64
0.17 22 25 38 51
0.176667 19 31 40 69
0.183333 26 22 40 84
0.19 42 32 35 102
0.196667 21 36 35 110
0.203333 34 29 42 75
0.21 28 23 32 69
0.216667 12 30 29 63
0.223333 16 33 26 65
0.23 19 23 31 50
0.236667 11 19 25 55
0.243333 23 16 33 57
0.25 24 25 31 48
0.256667 12 20 32 44
0.263333 26 14 35 47
0.27 20 14 32 62
0.276667 17 17 33 40
0.283333 16 15 37 49
0.29 13 17 35 44
0.296667 15 19 24 41
0.303333 13 22 30 42
0.31 20 16 25 43
0.316667 15 12 27 49
0.323333 12 11 34 42
0.33 8 24 16 43
0.336667 14 19 15 37
0.343333 8 15 34 51
0.35 9 20 23 47
0.356667 8 9 23 38
0.363333 14 14 24 34
0.37 13 8 18 44
0.376667 21 11 29 35
0.383333 17 18 16 38
0.39 7 9 23 29
0.396667 10 12 16 39
0.403333 22 8 22 33
0.41 15 12 21 28
0.416667 21 10 19 42
0.423333 11 11 19 39
0.43 6 15 26 30
0.436667 12 8 21 45
0.443333 16 14 25 40
0.45 12 15 11 37
0.456667 14 9 15 35
0.463333 22 11 20 34
0.47 11 11 22 50
0.476667 9 14 23 40
0.483333 7 8 11 17
0.49 6 9 13 20
0.496667 10 4 13 20
0.503333 9 7 15 18
0.51 4 8 18 13
0.516667 5 10 11 17
0.523333 4 1 15 14
0.53 9 7 10 7
0.536667 3 5 11 6
0.543333 7 2 14 16
0.55 8 4 11 5
0.556667 5 7 14 13
0.563333 4 4 10 5
0.57 11 4 8 9
0.576667 7 12 17 11
0.583333 4 7 14 7
0.59 2 7 14 8
0.596667 3 5 9 6
0.603333 4 4 8 5
0.61 5 9 6 9
0.616667 1 7 10 5
0.623333 2 6 10 7
0.63 2 7 9 7
0.636667 6 9 3 14
0.643333 5 8 7 4
0.65 7 9 1 4
0.656667 2 13 10 1
0.663333 634 316 304 1916
0.67 0 0 0 0
0.676667 0 0 0 0
0.683333 0 0 0 0
0.69 0 0 0 0
0.696667 0 0 0 0
0.703333 0 0 0 0
0.71 0 0 0 0
0.716667 0 0 0 0
0.723333 0 0 0 0
0.73 0 0 0 0
0.736667 0 0 0 0
0.743333 0 0 0 0
0.75 0 0 0 0
0.756667 0 0 0 0
0.763333 0 0 0 0
0.77 0 0 0 0
0.776667 0 0 0 0
0.783333 0 0 0 0
0.79 0 0 0 0
0.796667 0 0 0 0
0.803333 0 0 0 0
0.81 0 0 0 0
0.816667 0 0 0 0
0.823333 0 0 0 0
0.83 0 0 0 0
0.836667 0 0 0 0
0.843333 0 0 0 0
0.85 0 0 0 0
0.856667 0 0 0 0
0.863333 0 0 0 0
0.87 0 0 0 0
0.876667 0 0 0 0
0.883333 0 0 0 0
0.89 0 0 0 0
0.896667 0 0 0 0
0.903333 0 0 0 0
0.91 0 0 0 0
0.916667 0 0 0 0
0.923333 0 0 0 0
0.93 0 0 0 0
0.936667 0 0 0 0
0.943333 0 0 0 0
0.95 0 0 0 0
0.956667 0 0 0 0
0.963333 0 0 0 0
0.97 0 0 0 0
0.976667 0 0 0 0
0.983333 0 0 0 0
0.99 0 0 0 0
0.996667 0 0 0 0
1.00333 0 0 0 0
1.01 0 0 0 0
1.01667 0 0 0 0
1.02333 0 0 0 0
1.03 0 0 0 0
1.03667 0 0 0 0
1.04333 0 0 0 0
1.05 0 0 0 0
1.05667 0 0 0 0
1.06333 0 0 0 0
1.07 0 0 0 0
1.07667 0 0 0 0
1.08333 0 0 0 0
1.09 0 0 0 0
1.09667 0 0 0 0
1.10333 0 0 0 0
1.11 0 0 0 0
1.11667 0 0 0 0
1.12333 0 0 0 0
1.13 0 0 0 0
1.13667 0 0 0 0
1.14333 0 0 0 0
1.15 0 0 0 0
1.15667 0 0 0 0
1.16333 0 0 0 0
1.17 0 0 0 0
1.17667 0 0 0 0
1.18333 0 0 0 0
1.19 0 0 0 0
1.19667 0 0 0 0
1.20333 0 0 0 0
1.21 0 0 0 0
1.21667 0 0 0 0
1.22333 0 0 0 0
1.23 0 0 0 0
1.23667 0 0 0 0
1.24333 0 0 0 0
1.25 0 0 0 0
1.25667 0 0 0 0
1.26333 0 0 0 0
1.27 0 0 0 0
1.27667 0 0 0 0
1.28333 0 0 0 0
1.29 0 0 0 0
1.29667 0 0 0 0
1.30333 0 0 0 0
1.31 0 0 0 0
1.31667 0 0 0 0
1.32333 0 0 0 0
1.33 0 0 0 0
1.33667 0 0 0 0
1.34333 0 0 0 0
1.35 0 0 0 0
1.35667 0 0 0 0
1.36333 0 0 0 0
1.37 0 0 0 0
1.37667 0 0 0 0
1.38333 0 0 0 0
1.39 0 0 0 0
1.39667 0 0 0 0
1.40333 0 0 0 0
1.41 0 0 0 0
1.41667 0 0 0 0
1.42333 0 0 0 0
1.43 0 0 0 0
1.43667 0 0 0 0
1.44333 0 0 0 0
1.45 0 0 0 0
1.45667 0 0 0 0
1.46333 0 0 0 0
1.47 0 0 0 0
1.47667 0 0 0 0
1.48333 0 0 0 0
1.49 0 0 0 0
1.49667 0 0 0 0
1.50333 0 0 0 0
1.51 0 0 0 0
1.51667 0 0 0 0
1.52333 0 0 0 0
1.53 0 0 0 0
1.53667 0 0 0 0
1.54333 0 0 0 0
1.55 0 0 0 0
1.55667 0 0 0 0
1.56333 0 0 0 0
1.57 0 0 0 0
1.57667 0 0 0 0
1.58333 0 0 0 0
1.59 0 0 0 0
1.59667 0 0 0 0
1.60333 0 0 0 0
1.61 0 0 0 0
1.61667 0 0 0 0
1.62333 0 0 0 0
1.63 0 0 0 0
1.63667 0 0 0 0
1.64333 0 0 0 0
1.65 0 0 0 0
1.65667 0 0 0 0
1.66333 0 0 0 0
1.67 0 0 0 0
1.67667 0 0 0 0
1.68333 0 0 0 0
1.69 0 0 0 0
1.69667 0 0 0 0
1.70333 0 0 0 0
1.71 0 0 0 0
1.71667 0 0 0 0
1.72333 0 0 0 0
1.73 0 0 0 0
1.73667 0 0 0 0
1.74333 0 0 0 0
1.75 0 0 0 0
1.75667 0 0 0 0
1.76333 0 0 0 0
1.77 0 0 0 0
1.77667 0 0 0 0
1.78333 0 0 0 0
1.79 0 0 0 0
1.79667 0 0 0 0
1.80333 0 0 0 0
1.81 0 0 0 0
1.81667 0 0 0 0
1.82333 0 0 0 0
1.83 0 0 0 0
1.83667 0 0 0 0
1.84333 0 0 0 0
1.85 0 0 0 0
1.85667 0 0 0 0
1.86333 0 0 0 0
1.87 0 0 0 0
1.87667 0 0 0 0
1.88333 0 0 0 0
1.89 0 0 0 0
1.89667 0 0 0 0
1.90333 0 0 0 0
1.91 0 0 0 0
1.91667 0 0 0 0
1.92333 0 0 0 0
1.93 0 0 0 0
1.93667 0 0 0 0
1.94333 0 0 0 0
1.95 0 0 0 0
1.95667 0 0 0 0
1.96333 0 0 0 0
1.97 0 0 0 0
1.97667 0 0 0 0
1.98333 0 0 0 0
1.99 0 0 0 0
1.99667 0 0 0 0
