0.00333333 5 37 32 4
0.01 4 58 34 7
0.0166667 5 62 38 6
0.0233333 7 61 24 4
0.03 5 67 40 7
0.0366667 9 70 46 10
0.0433333 11 104 75 10
0.05 11 104 72 15
0.0566667 16 119 90 15
0.0633333 16 133 98 18
0.07 20 131 93 15
0.0766667 18 133 125 20
0.0833333 19 154 112 15
0.09 28 146 113 13
0.0966667 15 146 117 25
0.103333 18 142 112 21
0.11 20 162 110 15
0.116667 16 157 118 18
0.123333 19 166 116 20
0.13 13 163 119 10
0.136667 6 143 103 16
0.143333 13 146 112 14
0.15 17 126 104 16
0.156667 10 112 85 16
0.163333 12 142 94 11
0.17 11 138 83 19
0.176667 16 132 95 18
0.183333 10 167 80 14
0.19 19 149 91 15
0.196667 11 166 89 9
0.203333 16 155 97 10
0.21 12 156 85 13
0.216667 12 137 77 14
0.223333 13 111 75 8
0.23 11 118 81 6
0.236667 9 110 62 7
0.243333 9 113 73 12
0.25 13 97 69 8
0.256667 4 100 59 8
0.263333 9 90 63 6
0.27 5 84 61 6
0.276667 11 86 53 9
0.283333 9 82 56 6
0.29 13 94 53 5
0.296667 10 65 47 5
0.303333 10 82 50 2
0.31 6 87 43 6
0.316667 7 79 47 6
0.323333 10 85 46 7
0.33 11 61 29 7
0.336667 4 67 62 7
0.343333 8 64 36 13
0.35 7 65 43 4
0.356667 4 57 35 8
0.363333 7 76 49 7
0.37 6 62 38 4
0.376667 8 58 43 9
0.383333 7 57 43 4
0.39 5 69 42 8
0.396667 5 54 52 8
0.403333 2 52 24 5
0.41 9 54 36 6
0.416667 4 54 36 4
0.423333 7 53 34 3
0.43 5 59 26 2
0.436667 3 43 45 3
0.443333 8 51 39 9
0.45 9 54 32 5
0.456667 4 51 27 5
0.463333 7 55 51 3
0.47 4 53 32 4
0.476667 4 40 29 7
0.483333 2 49 28 5
0.49 7 42 22 1
0.496667 7 38 19 6
0.503333 4 34 28 8
0.51 4 29 18 4
0.516667 4 32 21 1
0.523333 4 22 20 4
0.53 2 18 22 1
0.536667 6 18 20 2
0.543333 5 25 15 1
0.55 0 25 22 2
0.556667 1 26 13 6
0.563333 3 27 15 6
0.57 3 20 12 2
0.576667 1 31 24 2
0.583333 6 20 27 2
0.59 2 19 16 2
0.596667 2 18 11 1
0.603333 1 16 27 3
0.61 1 25 15 3
0.616667 4 24 19 2
0.623333 1 12 15 4
0.63 3 17 20 4
0.636667 6 32 14 6
0.643333 2 10 12 4
0.65 1 25 21 2
0.656667 2 23 14 4
0.663333 95 2041 992 87
0.67 0 0 0 0
0.676667 0 0 0 0
0.683333 0 0 0 0
0.69 0 0 0 0
0.696667 0 0 0 0
0.703333 0 0 0 0
0.71 0 0 0 0
0.716667 0 0 0 0
0.723333 0 0 0 0
0.73 0 0 0 0
0.736667 0 0 0 0
0.743333 0 0 0 0
0.75 0 0 0 0
0.756667 0 0 0 0
0.763333 0 0 0 0
0.77 0 0 0 0
0.776667 0 0 0 0
0.783333 0 0 0 0
0.79 0 0 0 0
0.796667 0 0 0 0
0.803333 0 0 0 0
0.81 0 0 0 0
0.816667 0 0 0 0
0.823333 0 0 0 0
0.83 0 0 0 0
0.836667 0 0 0 0
0.843333 0 0 0 0
0.85 0 0 0 0
0.856667 0 0 0 0
0.863333 0 0 0 0
0.87 0 0 0 0
0.876667 0 0 0 0
0.883333 0 0 0 0
0.89 0 0 0 0
0.896667 0 0 0 0
0.903333 0 0 0 0
0.91 0 0 0 0
0.916667 0 0 0 0
0.923333 0 0 0 0
0.93 0 0 0 0
0.936667 0 0 0 0
0.943333 0 0 0 0
0.95 0 0 0 0
0.956667 0 0 0 0
0.963333 0 0 0 0
0.97 0 0 0 0
0.976667 0 0 0 0
0.983333 0 0 0 0
0.99 0 0 0 0
0.996667 0 0 0 0
1.00333 0 0 0 0
1.01 0 0 0 0
1.01667 0 0 0 0
1.02333 0 0 0 0
1.03 0 0 0 0
1.03667 0 0 0 0
1.04333 0 0 0 0
1.05 0 0 0 0
1.05667 0 0 0 0
1.06333 0 0 0 0
1.07 0 0 0 0
1.07667 0 0 0 0
1.08333 0 0 0 0
1.09 0 0 0 0
1.09667 0 0 0 0
1.10333 0 0 0 0
1.11 0 0 0 0
1.11667 0 0 0 0
1.12333 0 0 0 0
1.13 0 0 0 0
1.13667 0 0 0 0
1.14333 0 0 0 0
1.15 0 0 0 0
1.15667 0 0 0 0
1.16333 0 0 0 0
1.17 0 0 0 0
1.17667 0 0 0 0
1.18333 0 0 0 0
1.19 0 0 0 0
1.19667 0 0 0 0
1.20333 0 0 0 0
1.21 0 0 0 0
1.21667 0 0 0 0
1.22333 0 0 0 0
1.23 0 0 0 0
1.23667 0 0 0 0
1.24333 0 0 0 0
1.25 0 0 0 0
1.25667 0 0 0 0
1.26333 0 0 0 0
1.27 0 0 0 0
1.27667 0 0 0 0
1.28333 0 0 0 0
1.29 0 0 0 0
1.29667 0 0 0 0
1.30333 0 0 0 0
1.31 0 0 0 0
1.31667 0 0 0 0
1.32333 0 0 0 0
1.33 0 0 0 0
1.33667 0 0 0 0
1.34333 0 0 0 0
1.35 0 0 0 0
1.35667 0 0 0 0
1.36333 0 0 0 0
1.37 0 0 0 0
1.37667 0 0 0 0
1.38333 0 0 0 0
1.39 0 0 0 0
1.39667 0 0 0 0
1.40333 0 0 0 0
1.41 0 0 0 0
1.41667 0 0 0 0
1.42333 0 0 0 0
1.43 0 0 0 0
1.43667 0 0 0 0
1.44333 0 0 0 0
1.45 0 0 0 0
1.45667 0 0 0 0
1.46333 0 0 0 0
1.47 0 0 0 0
1.47667 0 0 0 0
1.48333 0 0 0 0
1.49 0 0 0 0
1.49667 0 0 0 0
1.50333 0 0 0 0
1.51 0 0 0 0
1.51667 0 0 0 0
1.52333 0 0 0 0
1.53 0 0 0 0
1.53667 0 0 0 0
1.54333 0 0 0 0
1.55 0 0 0 0
1.55667 0 0 0 0
1.56333 0 0 0 0
1.57 0 0 0 0
1.57667 0 0 0 0
1.58333 0 0 0 0
1.59 0 0 0 0
1.59667 0 0 0 0
1.60333 0 0 0 0
1.61 0 0 0 0
1.61667 0 0 0 0
1.62333 0 0 0 0
1.63 0 0 0 0
1.63667 0 0 0 0
1.64333 0 0 0 0
1.65 0 0 0 0
1.65667 0 0 0 0
1.66333 0 0 0 0
1.67 0 0 0 0
1.67667 0 0 0 0
1.68333 0 0 0 0
1.69 0 0 0 0
1.69667 0 0 0 0
1.70333 0 0 0 0
1.71 0 0 0 0
1.71667 0 0 0 0
1.72333 0 0 0 0
1.73 0 0 0 0
1.73667 0 0 0 0
1.74333 0 0 0 0
1.75 0 0 0 0
1.75667 0 0 0 0
1.76333 0 0 0 0
1.77 0 0 0 0
1.77667 0 0 0 0
1.78333 0 0 0 0
1.79 0 0 0 0
1.79667 0 0 0 0
1.80333 0 0 0 0
1.81 0 0 0 0
1.81667 0 0 0 0
1.82333 0 0 0 0
1.83 0 0 0 0
1.83667 0 0 0 0
1.84333 0 0 0 0
1.85 0 0 0 0
1.85667 0 0 0 0
1.86333 0 0 0 0
1.87 0 0 0 0
1.87667 0 0 0 0
1.88333 0 0 0 0
1.89 0 0 0 0
1.89667 0 0 0 0
1.90333 0 0 0 0
1.91 0 0 0 0
1.91667 0 0 0 0
1.92333 0 0 0 0
1.93 0 0 0 0
1.93667 0 0 0 0
1.94333 0 0 0 0
1.95 0 0 0 0
1.95667 0 0 0 0
1.96333 0 0 0 0
1.97 0 0 0 0
1.97667 0 0 0 0
1.98333 0 0 0 0
1.99 0 0 0 0
1.99667 0 0 0 0
