0.00333333 1 4 33 7
0.01 0 5 26 19
0.0166667 0 0 32 24
0.0233333 0 3 28 20
0.03 0 3 42 16
0.0366667 0 5 29 45
0.0433333 0 8 45 39
0.05 0 3 55 42
0.0566667 0 1 65 55
0.0633333 2 5 67 57
0.07 2 10 64 48
0.0766667 0 11 70 61
0.0833333 0 4 55 52
0.09 0 5 75 72
0.0966667 0 7 62 66
0.103333 1 6 75 62
0.11 0 5 69 54
0.116667 0 6 64 64
0.123333 0 9 62 58
0.13 1 11 73 58
0.136667 0 7 55 51
0.143333 0 6 58 51
0.15 1 9 43 49
0.156667 0 11 65 42
0.163333 0 3 57 44
0.17 0 5 65 53
0.176667 1 8 63 35
0.183333 0 11 57 49
0.19 1 13 88 57
0.196667 1 9 68 43
0.203333 1 8 77 47
0.21 1 8 67 42
0.216667 0 9 71 41
0.223333 1 8 59 34
0.23 1 5 64 34
0.236667 0 7 50 37
0.243333 1 6 61 33
0.25 0 5 64 40
0.256667 0 6 58 37
0.263333 1 9 44 30
0.27 2 10 63 38
0.276667 0 7 44 25
0.283333 0 7 54 27
0.29 1 4 45 29
0.296667 1 8 38 32
0.303333 0 2 52 21
0.31 0 13 38 26
0.316667 0 11 58 35
0.323333 1 6 37 23
0.33 2 6 39 27
0.336667 0 8 31 24
0.343333 0 6 43 24
0.35 1 5 49 25
0.356667 0 4 43 22
0.363333 0 7 39 27
0.37 0 6 36 20
0.376667 1 5 31 29
0.383333 0 4 45 22
0.39 0 3 36 26
0.396667 0 7 37 18
0.403333 0 5 33 22
0.41 0 3 37 26
0.416667 0 5 35 31
0.423333 1 7 46 23
0.43 0 10 36 24
0.436667 0 3 25 22
0.443333 1 10 39 26
0.45 0 5 41 25
0.456667 0 6 40 21
0.463333 0 9 31 14
0.47 0 6 30 16
0.476667 0 2 22 18
0.483333 0 3 22 11
0.49 1 2 17 20
0.496667 0 3 19 18
0.503333 0 5 21 17
0.51 1 2 18 14
0.516667 0 3 20 17
0.523333 0 2 21 15
0.53 0 1 21 14
0.536667 0 2 18 18
0.543333 0 5 19 11
0.55 0 4 16 11
0.556667 0 3 16 13
0.563333 0 1 11 20
0.57 2 3 22 13
0.576667 1 3 15 13
0.583333 0 4 21 16
0.59 0 4 20 15
0.596667 0 1 17 9
0.603333 0 0 18 12
0.61 0 1 9 12
0.616667 0 3 29 12
0.623333 0 2 19 15
0.63 0 4 11 11
0.636667 0 3 12 12
0.643333 1 5 18 7
0.65 0 5 12 15
0.656667 0 1 15 11
0.663333 0 242 1241 457
0.67 0 0 0 0
0.676667 0 0 0 0
0.683333 0 0 0 0
0.69 0 0 0 0
0.696667 0 0 0 0
0.703333 0 0 0 0
0.71 0 0 0 0
0.716667 0 0 0 0
0.723333 0 0 0 0
0.73 0 0 0 0
0.736667 0 0 0 0
0.743333 0 0 0 0
0.75 0 0 0 0
0.756667 0 0 0 0
0.763333 0 0 0 0
0.77 0 0 0 0
0.776667 0 0 0 0
0.783333 0 0 0 0
0.79 0 0 0 0
0.796667 0 0 0 0
0.803333 0 0 0 0
0.81 0 0 0 0
0.816667 0 0 0 0
0.823333 0 0 0 0
0.83 0 0 0 0
0.836667 0 0 0 0
0.843333 0 0 0 0
0.85 0 0 0 0
0.856667 0 0 0 0
0.863333 0 0 0 0
0.87 0 0 0 0
0.876667 0 0 0 0
0.883333 0 0 0 0
0.89 0 0 0 0
0.896667 0 0 0 0
0.903333 0 0 0 0
0.91 0 0 0 0
0.916667 0 0 0 0
0.923333 0 0 0 0
0.93 0 0 0 0
0.936667 0 0 0 0
0.943333 0 0 0 0
0.95 0 0 0 0
0.956667 0 0 0 0
0.963333 0 0 0 0
0.97 0 0 0 0
0.976667 0 0 0 0
0.983333 0 0 0 0
0.99 0 0 0 0
0.996667 0 0 0 0
1.00333 0 0 0 0
1.01 0 0 0 0
1.01667 0 0 0 0
1.02333 0 0 0 0
1.03 0 0 0 0
1.03667 0 0 0 0
1.04333 0 0 0 0
1.05 0 0 0 0
1.05667 0 0 0 0
1.06333 0 0 0 0
1.07 0 0 0 0
1.07667 0 0 0 0
1.08333 0 0 0 0
1.09 0 0 0 0
1.09667 0 0 0 0
1.10333 0 0 0 0
1.11 0 0 0 0
1.11667 0 0 0 0
1.12333 0 0 0 0
1.13 0 0 0 0
1.13667 0 0 0 0
1.14333 0 0 0 0
1.15 0 0 0 0
1.15667 0 0 0 0
1.16333 0 0 0 0
1.17 0 0 0 0
1.17667 0 0 0 0
1.18333 0 0 0 0
1.19 0 0 0 0
1.19667 0 0 0 0
1.20333 0 0 0 0
1.21 0 0 0 0
1.21667 0 0 0 0
1.22333 0 0 0 0
1.23 0 0 0 0
1.23667 0 0 0 0
1.24333 0 0 0 0
1.25 0 0 0 0
1.25667 0 0 0 0
1.26333 0 0 0 0
1.27 0 0 0 0
1.27667 0 0 0 0
1.28333 0 0 0 0
1.29 0 0 0 0
1.29667 0 0 0 0
1.30333 0 0 0 0
1.31 0 0 0 0
1.31667 0 0 0 0
1.32333 0 0 0 0
1.33 0 0 0 0
1.33667 0 0 0 0
1.34333 0 0 0 0
1.35 0 0 0 0
1.35667 0 0 0 0
1.36333 0 0 0 0
1.37 0 0 0 0
1.37667 0 0 0 0
1.38333 0 0 0 0
1.39 0 0 0 0
1.39667 0 0 0 0
1.40333 0 0 0 0
1.41 0 0 0 0
1.41667 0 0 0 0
1.42333 0 0 0 0
1.43 0 0 0 0
1.43667 0 0 0 0
1.44333 0 0 0 0
1.45 0 0 0 0
1.45667 0 0 0 0
1.46333 0 0 0 0
1.47 0 0 0 0
1.47667 0 0 0 0
1.48333 0 0 0 0
1.49 0 0 0 0
1.49667 0 0 0 0
1.50333 0 0 0 0
1.51 0 0 0 0
1.51667 0 0 0 0
1.52333 0 0 0 0
1.53 0 0 0 0
1.53667 0 0 0 0
1.54333 0 0 0 0
1.55 0 0 0 0
1.55667 0 0 0 0
1.56333 0 0 0 0
1.57 0 0 0 0
1.57667 0 0 0 0
1.58333 0 0 0 0
1.59 0 0 0 0
1.59667 0 0 0 0
1.60333 0 0 0 0
1.61 0 0 0 0
1.61667 0 0 0 0
1.62333 0 0 0 0
1.63 0 0 0 0
1.63667 0 0 0 0
1.64333 0 0 0 0
1.65 0 0 0 0
1.65667 0 0 0 0
1.66333 0 0 0 0
1.67 0 0 0 0
1.67667 0 0 0 0
1.68333 0 0 0 0
1.69 0 0 0 0
1.69667 0 0 0 0
1.70333 0 0 0 0
1.71 0 0 0 0
1.71667 0 0 0 0
1.72333 0 0 0 0
1.73 0 0 0 0
1.73667 0 0 0 0
1.74333 0 0 0 0
1.75 0 0 0 0
1.75667 0 0 0 0
1.76333 0 0 0 0
1.77 0 0 0 0
1.77667 0 0 0 0
1.78333 0 0 0 0
1.79 0 0 0 0
1.79667 0 0 0 0
1.80333 0 0 0 0
1.81 0 0 0 0
1.81667 0 0 0 0
1.82333 0 0 0 0
1.83 0 0 0 0
1.83667 0 0 0 0
1.84333 0 0 0 0
1.85 0 0 0 0
1.85667 0 0 0 0
1.86333 0 0 0 0
1.87 0 0 0 0
1.87667 0 0 0 0
1.88333 0 0 0 0
1.89 0 0 0 0
1.89667 0 0 0 0
1.90333 0 0 0 0
1.91 0 0 0 0
1.91667 0 0 0 0
1.92333 0 0 0 0
1.93 0 0 0 0
1.93667 0 0 0 0
1.94333 0 0 0 0
1.95 0 0 0 0
1.95667 0 0 0 0
1.96333 0 0 0 0
1.97 0 0 0 0
1.97667 0 0 0 0
1.98333 0 0 0 0
1.99 0 0 0 0
1.99667 0 0 0 0
