0.00333333 4 12 12 24
0.01 8 21 16 25
0.0166667 5 10 33 27
0.0233333 13 12 21 20
0.03 14 12 30 23
0.0366667 9 18 31 34
0.0433333 15 39 72 59
0.05 15 25 70 49
0.0566667 9 33 76 49
0.0633333 11 46 94 56
0.07 14 42 87 62
0.0766667 20 57 97 47
0.0833333 19 48 97 62
0.09 22 45 82 57
0.0966667 16 39 88 76
0.103333 24 43 88 74
0.11 20 39 93 74
0.116667 19 43 94 82
0.123333 27 44 77 58
0.13 21 45 72 85
0.136667 14 42 71 55
0.143333 21 35 63 61
0.15 13 42 88 66
0.156667 13 19 45 68
0.163333 17 33 66 66
0.17 18 32 64 65
0.176667 13 29 52 53
0.183333 20 39 48 80
0.19 28 32 49 85
0.196667 23 23 55 73
0.203333 29 41 49 76
0.21 19 35 52 75
0.216667 13 24 53 69
0.223333 18 27 32 40
0.23 15 28 62 59
0.236667 10 26 49 48
0.243333 11 25 42 54
0.25 13 22 38 39
0.256667 16 23 47 56
0.263333 16 26 44 49
0.27 8 28 46 45
0.276667 15 31 43 32
0.283333 6 19 42 45
0.29 12 18 39 35
0.296667 7 20 44 37
0.303333 10 19 37 46
0.31 8 17 35 45
0.316667 6 20 31 32
0.323333 16 13 37 31
0.33 7 24 22 32
0.336667 13 15 25 40
0.343333 15 15 33 31
0.35 6 13 30 33
0.356667 6 15 35 36
0.363333 7 16 18 41
0.37 15 14 24 29
0.376667 12 17 28 31
0.383333 6 17 31 30
0.39 4 16 30 30
0.396667 7 15 25 44
0.403333 6 13 29 33
0.41 5 14 20 17
0.416667 10 14 30 33
0.423333 15 13 21 23
0.43 5 11 19 26
0.436667 11 14 43 24
0.443333 11 11 31 29
0.45 9 18 21 29
0.456667 8 13 27 27
0.463333 8 9 20 25
0.47 7 11 23 25
0.476667 9 17 21 34
0.483333 13 6 14 14
0.49 6 12 16 11
0.496667 8 9 17 22
0.503333 7 9 21 7
0.51 6 8 10 23
0.516667 4 10 12 17
0.523333 3 11 18 15
0.53 5 5 12 17
0.536667 2 7 16 11
0.543333 5 9 13 13
0.55 4 11 5 14
0.556667 6 8 17 12
0.563333 7 6 12 10
0.57 7 5 13 22
0.576667 7 9 16 14
0.583333 7 6 12 14
0.59 7 7 18 14
0.596667 3 6 10 12
0.603333 8 7 10 12
0.61 6 8 8 10
0.616667 8 5 10 15
0.623333 7 5 9 14
0.63 8 15 9 15
0.636667 6 7 8 7
0.643333 5 10 10 10
0.65 3 5 10 11
0.656667 3 9 17 17
0.663333 314 281 404 1018
0.67 0 0 0 0
0.676667 0 0 0 0
0.683333 0 0 0 0
0.69 0 0 0 0
0.696667 0 0 0 0
0.703333 0 0 0 0
0.71 0 0 0 0
0.716667 0 0 0 0
0.723333 0 0 0 0
0.73 0 0 0 0
0.736667 0 0 0 0
0.743333 0 0 0 0
0.75 0 0 0 0
0.756667 0 0 0 0
0.763333 0 0 0 0
0.77 0 0 0 0
0.776667 0 0 0 0
0.783333 0 0 0 0
0.79 0 0 0 0
0.796667 0 0 0 0
0.803333 0 0 0 0
0.81 0 0 0 0
0.816667 0 0 0 0
0.823333 0 0 0 0
0.83 0 0 0 0
0.836667 0 0 0 0
0.843333 0 0 0 0
0.85 0 0 0 0
0.856667 0 0 0 0
0.863333 0 0 0 0
0.87 0 0 0 0
0.876667 0 0 0 0
0.883333 0 0 0 0
0.89 0 0 0 0
0.896667 0 0 0 0
0.903333 0 0 0 0
0.91 0 0 0 0
0.916667 0 0 0 0
0.923333 0 0 0 0
0.93 0 0 0 0
0.936667 0 0 0 0
0.943333 0 0 0 0
0.95 0 0 0 0
0.956667 0 0 0 0
0.963333 0 0 0 0
0.97 0 0 0 0
0.976667 0 0 0 0
0.983333 0 0 0 0
0.99 0 0 0 0
0.996667 0 0 0 0
1.00333 0 0 0 0
1.01 0 0 0 0
1.01667 0 0 0 0
1.02333 0 0 0 0
1.03 0 0 0 0
1.03667 0 0 0 0
1.04333 0 0 0 0
1.05 0 0 0 0
1.05667 0 0 0 0
1.06333 0 0 0 0
1.07 0 0 0 0
1.07667 0 0 0 0
1.08333 0 0 0 0
1.09 0 0 0 0
1.09667 0 0 0 0
1.10333 0 0 0 0
1.11 0 0 0 0
1.11667 0 0 0 0
1.12333 0 0 0 0
1.13 0 0 0 0
1.13667 0 0 0 0
1.14333 0 0 0 0
1.15 0 0 0 0
1.15667 0 0 0 0
1.16333 0 0 0 0
1.17 0 0 0 0
1.17667 0 0 0 0
1.18333 0 0 0 0
1.19 0 0 0 0
1.19667 0 0 0 0
1.20333 0 0 0 0
1.21 0 0 0 0
1.21667 0 0 0 0
1.22333 0 0 0 0
1.23 0 0 0 0
1.23667 0 0 0 0
1.24333 0 0 0 0
1.25 0 0 0 0
1.25667 0 0 0 0
1.26333 0 0 0 0
1.27 0 0 0 0
1.27667 0 0 0 0
1.28333 0 0 0 0
1.29 0 0 0 0
1.29667 0 0 0 0
1.30333 0 0 0 0
1.31 0 0 0 0
1.31667 0 0 0 0
1.32333 0 0 0 0
1.33 0 0 0 0
1.33667 0 0 0 0
1.34333 0 0 0 0
1.35 0 0 0 0
1.35667 0 0 0 0
1.36333 0 0 0 0
1.37 0 0 0 0
1.37667 0 0 0 0
1.38333 0 0 0 0
1.39 0 0 0 0
1.39667 0 0 0 0
1.40333 0 0 0 0
1.41 0 0 0 0
1.41667 0 0 0 0
1.42333 0 0 0 0
1.43 0 0 0 0
1.43667 0 0 0 0
1.44333 0 0 0 0
1.45 0 0 0 0
1.45667 0 0 0 0
1.46333 0 0 0 0
1.47 0 0 0 0
1.47667 0 0 0 0
1.48333 0 0 0 0
1.49 0 0 0 0
1.49667 0 0 0 0
1.50333 0 0 0 0
1.51 0 0 0 0
1.51667 0 0 0 0
1.52333 0 0 0 0
1.53 0 0 0 0
1.53667 0 0 0 0
1.54333 0 0 0 0
1.55 0 0 0 0
1.55667 0 0 0 0
1.56333 0 0 0 0
1.57 0 0 0 0
1.57667 0 0 0 0
1.58333 0 0 0 0
1.59 0 0 0 0
1.59667 0 0 0 0
1.60333 0 0 0 0
1.61 0 0 0 0
1.61667 0 0 0 0
1.62333 0 0 0 0
1.63 0 0 0 0
1.63667 0 0 0 0
1.64333 0 0 0 0
1.65 0 0 0 0
1.65667 0 0 0 0
1.66333 0 0 0 0
1.67 0 0 0 0
1.67667 0 0 0 0
1.68333 0 0 0 0
1.69 0 0 0 0
1.69667 0 0 0 0
1.70333 0 0 0 0
1.71 0 0 0 0
1.71667 0 0 0 0
1.72333 0 0 0 0
1.73 0 0 0 0
1.73667 0 0 0 0
1.74333 0 0 0 0
1.75 0 0 0 0
1.75667 0 0 0 0
1.76333 0 0 0 0
1.77 0 0 0 0
1.77667 0 0 0 0
1.78333 0 0 0 0
1.79 0 0 0 0
1.79667 0 0 0 0
1.80333 0 0 0 0
1.81 0 0 0 0
1.81667 0 0 0 0
1.82333 0 0 0 0
1.83 0 0 0 0
1.83667 0 0 0 0
1.84333 0 0 0 0
1.85 0 0 0 0
1.85667 0 0 0 0
1.86333 0 0 0 0
1.87 0 0 0 0
1.87667 0 0 0 0
1.88333 0 0 0 0
1.89 0 0 0 0
1.89667 0 0 0 0
1.90333 0 0 0 0
1.91 0 0 0 0
1.91667 0 0 0 0
1.92333 0 0 0 0
1.93 0 0 0 0
1.93667 0 0 0 0
1.94333 0 0 0 0
1.95 0 0 0 0
1.95667 0 0 0 0
1.96333 0 0 0 0
1.97 0 0 0 0
1.97667 0 0 0 0
1.98333 0 0 0 0
1.99 0 0 0 0
1.99667 0 0 0 0
