0.00333333 5 76 12 0
0.01 16 91 11 0
0.0166667 11 91 9 0
0.0233333 15 88 9 0
0.03 11 102 16 0
0.0366667 24 88 9 2
0.0433333 20 119 12 2
0.05 25 112 14 0
0.0566667 34 113 16 0
0.0633333 36 132 8 2
0.07 30 122 14 1
0.0766667 40 119 17 1
0.0833333 31 147 15 2
0.09 46 148 16 1
0.0966667 42 141 19 2
0.103333 36 149 17 0
0.11 44 127 19 0
0.116667 40 157 15 2
0.123333 37 164 21 1
0.13 24 150 13 1
0.136667 39 148 16 1
0.143333 33 149 15 1
0.15 31 161 17 1
0.156667 30 135 15 1
0.163333 36 161 7 1
0.17 20 149 12 0
0.176667 30 157 21 0
0.183333 31 158 24 0
0.19 18 155 17 2
0.196667 23 176 27 2
0.203333 22 200 19 1
0.21 24 183 19 3
0.216667 24 161 20 0
0.223333 19 159 23 0
0.23 27 178 15 2
0.236667 28 172 19 0
0.243333 21 170 24 1
0.25 22 154 15 0
0.256667 18 123 16 2
0.263333 19 127 12 1
0.27 20 119 12 1
0.276667 24 121 13 0
0.283333 17 153 12 0
0.29 25 113 19 0
0.296667 19 127 10 0
0.303333 20 122 7 0
0.31 14 112 20 0
0.316667 18 110 10 1
0.323333 17 108 8 0
0.33 16 109 9 0
0.336667 15 108 21 1
0.343333 14 109 15 0
0.35 22 95 12 0
0.356667 15 122 15 1
0.363333 19 90 17 0
0.37 17 112 12 0
0.376667 16 103 7 0
0.383333 14 86 14 0
0.39 11 100 13 0
0.396667 20 99 15 1
0.403333 14 85 11 0
0.41 18 100 9 0
0.416667 16 99 6 1
0.423333 23 103 10 1
0.43 14 98 11 0
0.436667 12 100 19 1
0.443333 22 101 11 0
0.45 15 93 15 0
0.456667 17 99 9 1
0.463333 10 101 25 0
0.47 11 116 13 0
0.476667 13 83 10 0
0.483333 8 45 3 0
0.49 15 40 7 1
0.496667 9 49 3 0
0.503333 8 43 7 0
0.51 8 43 7 0
0.516667 11 27 6 0
0.523333 3 39 3 0
0.53 4 31 5 0
0.536667 8 38 4 1
0.543333 9 35 4 0
0.55 8 31 3 0
0.556667 8 36 3 0
0.563333 13 37 6 1
0.57 5 27 7 1
0.576667 16 28 1 0
0.583333 8 26 4 0
0.59 9 34 2 0
0.596667 7 37 3 1
0.603333 8 29 3 0
0.61 6 24 1 1
0.616667 5 22 2 0
0.623333 7 22 2 0
0.63 7 22 2 0
0.636667 6 34 1 1
0.643333 8 17 1 0
0.65 11 24 2 0
0.656667 11 23 0 0
0.663333 262 5029 692 8
0.67 0 0 0 0
0.676667 0 0 0 0
0.683333 0 0 0 0
0.69 0 0 0 0
0.696667 0 0 0 0
0.703333 0 0 0 0
0.71 0 0 0 0
0.716667 0 0 0 0
0.723333 0 0 0 0
0.73 0 0 0 0
0.736667 0 0 0 0
0.743333 0 0 0 0
0.75 0 0 0 0
0.756667 0 0 0 0
0.763333 0 0 0 0
0.77 0 0 0 0
0.776667 0 0 0 0
0.783333 0 0 0 0
0.79 0 0 0 0
0.796667 0 0 0 0
0.803333 0 0 0 0
0.81 0 0 0 0
0.816667 0 0 0 0
0.823333 0 0 0 0
0.83 0 0 0 0
0.836667 0 0 0 0
0.843333 0 0 0 0
0.85 0 0 0 0
0.856667 0 0 0 0
0.863333 0 0 0 0
0.87 0 0 0 0
0.876667 0 0 0 0
0.883333 0 0 0 0
0.89 0 0 0 0
0.896667 0 0 0 0
0.903333 0 0 0 0
0.91 0 0 0 0
0.916667 0 0 0 0
0.923333 0 0 0 0
0.93 0 0 0 0
0.936667 0 0 0 0
0.943333 0 0 0 0
0.95 0 0 0 0
0.956667 0 0 0 0
0.963333 0 0 0 0
0.97 0 0 0 0
0.976667 0 0 0 0
0.983333 0 0 0 0
0.99 0 0 0 0
0.996667 0 0 0 0
1.00333 0 0 0 0
1.01 0 0 0 0
1.01667 0 0 0 0
1.02333 0 0 0 0
1.03 0 0 0 0
1.03667 0 0 0 0
1.04333 0 0 0 0
1.05 0 0 0 0
1.05667 0 0 0 0
1.06333 0 0 0 0
1.07 0 0 0 0
1.07667 0 0 0 0
1.08333 0 0 0 0
1.09 0 0 0 0
1.09667 0 0 0 0
1.10333 0 0 0 0
1.11 0 0 0 0
1.11667 0 0 0 0
1.12333 0 0 0 0
1.13 0 0 0 0
1.13667 0 0 0 0
1.14333 0 0 0 0
1.15 0 0 0 0
1.15667 0 0 0 0
1.16333 0 0 0 0
1.17 0 0 0 0
1.17667 0 0 0 0
1.18333 0 0 0 0
1.19 0 0 0 0
1.19667 0 0 0 0
1.20333 0 0 0 0
1.21 0 0 0 0
1.21667 0 0 0 0
1.22333 0 0 0 0
1.23 0 0 0 0
1.23667 0 0 0 0
1.24333 0 0 0 0
1.25 0 0 0 0
1.25667 0 0 0 0
1.26333 0 0 0 0
1.27 0 0 0 0
1.27667 0 0 0 0
1.28333 0 0 0 0
1.29 0 0 0 0
1.29667 0 0 0 0
1.30333 0 0 0 0
1.31 0 0 0 0
1.31667 0 0 0 0
1.32333 0 0 0 0
1.33 0 0 0 0
1.33667 0 0 0 0
1.34333 0 0 0 0
1.35 0 0 0 0
1.35667 0 0 0 0
1.36333 0 0 0 0
1.37 0 0 0 0
1.37667 0 0 0 0
1.38333 0 0 0 0
1.39 0 0 0 0
1.39667 0 0 0 0
1.40333 0 0 0 0
1.41 0 0 0 0
1.41667 0 0 0 0
1.42333 0 0 0 0
1.43 0 0 0 0
1.43667 0 0 0 0
1.44333 0 0 0 0
1.45 0 0 0 0
1.45667 0 0 0 0
1.46333 0 0 0 0
1.47 0 0 0 0
1.47667 0 0 0 0
1.48333 0 0 0 0
1.49 0 0 0 0
1.49667 0 0 0 0
1.50333 0 0 0 0
1.51 0 0 0 0
1.51667 0 0 0 0
1.52333 0 0 0 0
1.53 0 0 0 0
1.53667 0 0 0 0
1.54333 0 0 0 0
1.55 0 0 0 0
1.55667 0 0 0 0
1.56333 0 0 0 0
1.57 0 0 0 0
1.57667 0 0 0 0
1.58333 0 0 0 0
1.59 0 0 0 0
1.59667 0 0 0 0
1.60333 0 0 0 0
1.61 0 0 0 0
1.61667 0 0 0 0
1.62333 0 0 0 0
1.63 0 0 0 0
1.63667 0 0 0 0
1.64333 0 0 0 0
1.65 0 0 0 0
1.65667 0 0 0 0
1.66333 0 0 0 0
1.67 0 0 0 0
1.67667 0 0 0 0
1.68333 0 0 0 0
1.69 0 0 0 0
1.69667 0 0 0 0
1.70333 0 0 0 0
1.71 0 0 0 0
1.71667 0 0 0 0
1.72333 0 0 0 0
1.73 0 0 0 0
1.73667 0 0 0 0
1.74333 0 0 0 0
1.75 0 0 0 0
1.75667 0 0 0 0
1.76333 0 0 0 0
1.77 0 0 0 0
1.77667 0 0 0 0
1.78333 0 0 0 0
1.79 0 0 0 0
1.79667 0 0 0 0
1.80333 0 0 0 0
1.81 0 0 0 0
1.81667 0 0 0 0
1.82333 0 0 0 0
1.83 0 0 0 0
1.83667 0 0 0 0
1.84333 0 0 0 0
1.85 0 0 0 0
1.85667 0 0 0 0
1.86333 0 0 0 0
1.87 0 0 0 0
1.87667 0 0 0 0
1.88333 0 0 0 0
1.89 0 0 0 0
1.89667 0 0 0 0
1.90333 0 0 0 0
1.91 0 0 0 0
1.91667 0 0 0 0
1.92333 0 0 0 0
1.93 0 0 0 0
1.93667 0 0 0 0
1.94333 0 0 0 0
1.95 0 0 0 0
1.95667 0 0 0 0
1.96333 0 0 0 0
1.97 0 0 0 0
1.97667 0 0 0 0
1.98333 0 0 0 0
1.99 0 0 0 0
1.99667 0 0 0 0
