0.00333333 3 27 24 8
0.01 13 43 22 6
0.0166667 12 40 22 3
0.0233333 11 43 34 3
0.03 14 32 39 3
0.0366667 23 57 48 7
0.0433333 13 104 50 13
0.05 20 114 68 16
0.0566667 35 124 82 18
0.0633333 29 120 100 22
0.07 36 134 86 22
0.0766667 37 129 98 18
0.0833333 34 137 98 16
0.09 42 119 115 15
0.0966667 31 142 106 20
0.103333 32 130 101 14
0.11 26 113 96 14
0.116667 26 127 97 19
0.123333 18 128 93 9
0.13 28 125 84 9
0.136667 34 101 85 21
0.143333 14 116 83 9
0.15 27 93 56 17
0.156667 29 90 67 18
0.163333 25 89 51 13
0.17 30 96 70 13
0.176667 22 84 68 14
0.183333 28 87 59 18
0.19 19 84 70 15
0.196667 18 97 71 12
0.203333 31 80 70 13
0.21 25 80 65 12
0.216667 24 67 51 12
0.223333 24 86 78 13
0.23 16 64 44 8
0.236667 14 71 45 10
0.243333 17 52 60 9
0.25 17 67 51 9
0.256667 17 64 49 7
0.263333 9 43 40 13
0.27 18 56 44 13
0.276667 14 62 55 3
0.283333 13 50 41 6
0.29 17 51 39 6
0.296667 15 56 38 10
0.303333 12 50 32 10
0.31 17 58 40 7
0.316667 9 53 40 5
0.323333 15 52 38 8
0.33 16 51 36 3
0.336667 17 44 33 9
0.343333 10 28 28 6
0.35 12 39 37 7
0.356667 10 48 30 6
0.363333 7 42 21 6
0.37 13 33 18 5
0.376667 10 19 25 13
0.383333 14 41 21 6
0.39 11 36 27 3
0.396667 8 37 18 5
0.403333 12 42 27 7
0.41 14 35 31 11
0.416667 23 40 41 5
0.423333 12 29 30 4
0.43 9 32 29 8
0.436667 4 35 31 10
0.443333 14 30 28 4
0.45 6 36 20 3
0.456667 8 26 32 12
0.463333 13 20 22 5
0.47 8 30 27 4
0.476667 12 16 20 2
0.483333 10 15 14 6
0.49 11 18 25 4
0.496667 4 16 22 5
0.503333 8 13 22 4
0.51 9 18 20 2
0.516667 4 25 11 1
0.523333 4 19 16 4
0.53 9 16 14 4
0.536667 3 12 14 1
0.543333 5 15 13 7
0.55 3 19 16 1
0.556667 6 16 11 4
0.563333 4 16 14 5
0.57 5 17 20 3
0.576667 7 9 12 4
0.583333 1 14 15 8
0.59 3 15 7 2
0.596667 10 14 23 4
0.603333 4 16 14 3
0.61 1 11 10 2
0.616667 3 16 13 3
0.623333 6 13 10 3
0.63 7 15 9 4
0.636667 6 16 13 3
0.643333 6 11 11 1
0.65 9 16 15 2
0.656667 3 13 12 0
0.663333 150 581 614 59
0.67 0 0 0 0
0.676667 0 0 0 0
0.683333 0 0 0 0
0.69 0 0 0 0
0.696667 0 0 0 0
0.703333 0 0 0 0
0.71 0 0 0 0
0.716667 0 0 0 0
0.723333 0 0 0 0
0.73 0 0 0 0
0.736667 0 0 0 0
0.743333 0 0 0 0
0.75 0 0 0 0
0.756667 0 0 0 0
0.763333 0 0 0 0
0.77 0 0 0 0
0.776667 0 0 0 0
0.783333 0 0 0 0
0.79 0 0 0 0
0.796667 0 0 0 0
0.803333 0 0 0 0
0.81 0 0 0 0
0.816667 0 0 0 0
0.823333 0 0 0 0
0.83 0 0 0 0
0.836667 0 0 0 0
0.843333 0 0 0 0
0.85 0 0 0 0
0.856667 0 0 0 0
0.863333 0 0 0 0
0.87 0 0 0 0
0.876667 0 0 0 0
0.883333 0 0 0 0
0.89 0 0 0 0
0.896667 0 0 0 0
0.903333 0 0 0 0
0.91 0 0 0 0
0.916667 0 0 0 0
0.923333 0 0 0 0
0.93 0 0 0 0
0.936667 0 0 0 0
0.943333 0 0 0 0
0.95 0 0 0 0
0.956667 0 0 0 0
0.963333 0 0 0 0
0.97 0 0 0 0
0.976667 0 0 0 0
0.983333 0 0 0 0
0.99 0 0 0 0
0.996667 0 0 0 0
1.00333 0 0 0 0
1.01 0 0 0 0
1.01667 0 0 0 0
1.02333 0 0 0 0
1.03 0 0 0 0
1.03667 0 0 0 0
1.04333 0 0 0 0
1.05 0 0 0 0
1.05667 0 0 0 0
1.06333 0 0 0 0
1.07 0 0 0 0
1.07667 0 0 0 0
1.08333 0 0 0 0
1.09 0 0 0 0
1.09667 0 0 0 0
1.10333 0 0 0 0
1.11 0 0 0 0
1.11667 0 0 0 0
1.12333 0 0 0 0
1.13 0 0 0 0
1.13667 0 0 0 0
1.14333 0 0 0 0
1.15 0 0 0 0
1.15667 0 0 0 0
1.16333 0 0 0 0
1.17 0 0 0 0
1.17667 0 0 0 0
1.18333 0 0 0 0
1.19 0 0 0 0
1.19667 0 0 0 0
1.20333 0 0 0 0
1.21 0 0 0 0
1.21667 0 0 0 0
1.22333 0 0 0 0
1.23 0 0 0 0
1.23667 0 0 0 0
1.24333 0 0 0 0
1.25 0 0 0 0
1.25667 0 0 0 0
1.26333 0 0 0 0
1.27 0 0 0 0
1.27667 0 0 0 0
1.28333 0 0 0 0
1.29 0 0 0 0
1.29667 0 0 0 0
1.30333 0 0 0 0
1.31 0 0 0 0
1.31667 0 0 0 0
1.32333 0 0 0 0
1.33 0 0 0 0
1.33667 0 0 0 0
1.34333 0 0 0 0
1.35 0 0 0 0
1.35667 0 0 0 0
1.36333 0 0 0 0
1.37 0 0 0 0
1.37667 0 0 0 0
1.38333 0 0 0 0
1.39 0 0 0 0
1.39667 0 0 0 0
1.40333 0 0 0 0
1.41 0 0 0 0
1.41667 0 0 0 0
1.42333 0 0 0 0
1.43 0 0 0 0
1.43667 0 0 0 0
1.44333 0 0 0 0
1.45 0 0 0 0
1.45667 0 0 0 0
1.46333 0 0 0 0
1.47 0 0 0 0
1.47667 0 0 0 0
1.48333 0 0 0 0
1.49 0 0 0 0
1.49667 0 0 0 0
1.50333 0 0 0 0
1.51 0 0 0 0
1.51667 0 0 0 0
1.52333 0 0 0 0
1.53 0 0 0 0
1.53667 0 0 0 0
1.54333 0 0 0 0
1.55 0 0 0 0
1.55667 0 0 0 0
1.56333 0 0 0 0
1.57 0 0 0 0
1.57667 0 0 0 0
1.58333 0 0 0 0
1.59 0 0 0 0
1.59667 0 0 0 0
1.60333 0 0 0 0
1.61 0 0 0 0
1.61667 0 0 0 0
1.62333 0 0 0 0
1.63 0 0 0 0
1.63667 0 0 0 0
1.64333 0 0 0 0
1.65 0 0 0 0
1.65667 0 0 0 0
1.66333 0 0 0 0
1.67 0 0 0 0
1.67667 0 0 0 0
1.68333 0 0 0 0
1.69 0 0 0 0
1.69667 0 0 0 0
1.70333 0 0 0 0
1.71 0 0 0 0
1.71667 0 0 0 0
1.72333 0 0 0 0
1.73 0 0 0 0
1.73667 0 0 0 0
1.74333 0 0 0 0
1.75 0 0 0 0
1.75667 0 0 0 0
1.76333 0 0 0 0
1.77 0 0 0 0
1.77667 0 0 0 0
1.78333 0 0 0 0
1.79 0 0 0 0
1.79667 0 0 0 0
1.80333 0 0 0 0
1.81 0 0 0 0
1.81667 0 0 0 0
1.82333 0 0 0 0
1.83 0 0 0 0
1.83667 0 0 0 0
1.84333 0 0 0 0
1.85 0 0 0 0
1.85667 0 0 0 0
1.86333 0 0 0 0
1.87 0 0 0 0
1.87667 0 0 0 0
1.88333 0 0 0 0
1.89 0 0 0 0
1.89667 0 0 0 0
1.90333 0 0 0 0
1.91 0 0 0 0
1.91667 0 0 0 0
1.92333 0 0 0 0
1.93 0 0 0 0
1.93667 0 0 0 0
1.94333 0 0 0 0
1.95 0 0 0 0
1.95667 0 0 0 0
1.96333 0 0 0 0
1.97 0 0 0 0
1.97667 0 0 0 0
1.98333 0 0 0 0
1.99 0 0 0 0
1.99667 0 0 0 0
