0.00333333 78 50 2 1
0.01 83 56 1 0
0.0166667 98 58 1 0
0.0233333 121 56 4 0
0.03 106 66 1 2
0.0366667 146 77 7 2
0.0433333 130 80 4 1
0.05 195 96 2 3
0.0566667 220 128 9 5
0.0633333 233 125 5 0
0.07 257 167 3 3
0.0766667 270 156 3 0
0.0833333 286 146 2 2
0.09 290 150 4 2
0.0966667 301 162 8 2
0.103333 295 143 4 4
0.11 303 147 3 3
0.116667 296 168 6 1
0.123333 269 168 5 1
0.13 269 149 2 2
0.136667 283 136 3 4
0.143333 273 159 4 1
0.15 239 121 2 1
0.156667 250 134 1 1
0.163333 240 142 2 2
0.17 227 119 2 6
0.176667 206 109 2 1
0.183333 257 149 2 2
0.19 268 146 4 1
0.196667 262 146 1 2
0.203333 228 142 1 1
0.21 239 136 8 2
0.216667 258 117 5 0
0.223333 227 102 4 2
0.23 233 108 5 2
0.236667 212 115 2 4
0.243333 192 105 2 2
0.25 191 93 5 3
0.256667 172 108 1 0
0.263333 171 74 5 0
0.27 176 88 1 2
0.276667 156 84 3 1
0.283333 178 79 0 0
0.29 116 87 4 3
0.296667 171 77 1 2
0.303333 142 93 2 1
0.31 142 76 2 1
0.316667 117 61 2 2
0.323333 134 71 2 7
0.33 132 72 3 1
0.336667 135 69 1 1
0.343333 140 58 0 1
0.35 136 71 1 1
0.356667 125 68 4 0
0.363333 99 69 1 0
0.37 114 59 3 1
0.376667 106 58 12 1
0.383333 94 51 2 2
0.39 119 56 3 2
0.396667 112 55 2 0
0.403333 98 42 3 0
0.41 89 63 1 0
0.416667 98 56 2 2
0.423333 86 35 3 0
0.43 101 38 3 2
0.436667 104 59 3 1
0.443333 81 40 3 1
0.45 106 31 1 0
0.456667 95 46 0 0
0.463333 98 55 2 0
0.47 100 46 1 2
0.476667 86 58 3 2
0.483333 62 39 1 1
0.49 53 27 3 1
0.496667 53 29 3 1
0.503333 51 23 0 1
0.51 62 29 0 0
0.516667 56 29 1 0
0.523333 40 29 1 1
0.53 46 29 1 0
0.536667 46 27 0 0
0.543333 56 30 2 1
0.55 42 18 1 1
0.556667 41 17 3 1
0.563333 38 26 1 1
0.57 42 22 1 3
0.576667 47 25 1 2
0.583333 48 30 0 1
0.59 48 31 1 0
0.596667 50 21 0 0
0.603333 35 19 1 1
0.61 51 30 0 1
0.616667 46 25 1 1
0.623333 37 29 1 2
0.63 51 25 1 0
0.636667 47 22 1 1
0.643333 40 17 2 1
0.65 40 22 1 0
0.656667 44 24 2 2
0.663333 3519 1808 14 30
0.67 0 0 0 0
0.676667 0 0 0 0
0.683333 0 0 0 0
0.69 0 0 0 0
0.696667 0 0 0 0
0.703333 0 0 0 0
0.71 0 0 0 0
0.716667 0 0 0 0
0.723333 0 0 0 0
0.73 0 0 0 0
0.736667 0 0 0 0
0.743333 0 0 0 0
0.75 0 0 0 0
0.756667 0 0 0 0
0.763333 0 0 0 0
0.77 0 0 0 0
0.776667 0 0 0 0
0.783333 0 0 0 0
0.79 0 0 0 0
0.796667 0 0 0 0
0.803333 0 0 0 0
0.81 0 0 0 0
0.816667 0 0 0 0
0.823333 0 0 0 0
0.83 0 0 0 0
0.836667 0 0 0 0
0.843333 0 0 0 0
0.85 0 0 0 0
0.856667 0 0 0 0
0.863333 0 0 0 0
0.87 0 0 0 0
0.876667 0 0 0 0
0.883333 0 0 0 0
0.89 0 0 0 0
0.896667 0 0 0 0
0.903333 0 0 0 0
0.91 0 0 0 0
0.916667 0 0 0 0
0.923333 0 0 0 0
0.93 0 0 0 0
0.936667 0 0 0 0
0.943333 0 0 0 0
0.95 0 0 0 0
0.956667 0 0 0 0
0.963333 0 0 0 0
0.97 0 0 0 0
0.976667 0 0 0 0
0.983333 0 0 0 0
0.99 0 0 0 0
0.996667 0 0 0 0
1.00333 0 0 0 0
1.01 0 0 0 0
1.01667 0 0 0 0
1.02333 0 0 0 0
1.03 0 0 0 0
1.03667 0 0 0 0
1.04333 0 0 0 0
1.05 0 0 0 0
1.05667 0 0 0 0
1.06333 0 0 0 0
1.07 0 0 0 0
1.07667 0 0 0 0
1.08333 0 0 0 0
1.09 0 0 0 0
1.09667 0 0 0 0
1.10333 0 0 0 0
1.11 0 0 0 0
1.11667 0 0 0 0
1.12333 0 0 0 0
1.13 0 0 0 0
1.13667 0 0 0 0
1.14333 0 0 0 0
1.15 0 0 0 0
1.15667 0 0 0 0
1.16333 0 0 0 0
1.17 0 0 0 0
1.17667 0 0 0 0
1.18333 0 0 0 0
1.19 0 0 0 0
1.19667 0 0 0 0
1.20333 0 0 0 0
1.21 0 0 0 0
1.21667 0 0 0 0
1.22333 0 0 0 0
1.23 0 0 0 0
1.23667 0 0 0 0
1.24333 0 0 0 0
1.25 0 0 0 0
1.25667 0 0 0 0
1.26333 0 0 0 0
1.27 0 0 0 0
1.27667 0 0 0 0
1.28333 0 0 0 0
1.29 0 0 0 0
1.29667 0 0 0 0
1.30333 0 0 0 0
1.31 0 0 0 0
1.31667 0 0 0 0
1.32333 0 0 0 0
1.33 0 0 0 0
1.33667 0 0 0 0
1.34333 0 0 0 0
1.35 0 0 0 0
1.35667 0 0 0 0
1.36333 0 0 0 0
1.37 0 0 0 0
1.37667 0 0 0 0
1.38333 0 0 0 0
1.39 0 0 0 0
1.39667 0 0 0 0
1.40333 0 0 0 0
1.41 0 0 0 0
1.41667 0 0 0 0
1.42333 0 0 0 0
1.43 0 0 0 0
1.43667 0 0 0 0
1.44333 0 0 0 0
1.45 0 0 0 0
1.45667 0 0 0 0
1.46333 0 0 0 0
1.47 0 0 0 0
1.47667 0 0 0 0
1.48333 0 0 0 0
1.49 0 0 0 0
1.49667 0 0 0 0
1.50333 0 0 0 0
1.51 0 0 0 0
1.51667 0 0 0 0
1.52333 0 0 0 0
1.53 0 0 0 0
1.53667 0 0 0 0
1.54333 0 0 0 0
1.55 0 0 0 0
1.55667 0 0 0 0
1.56333 0 0 0 0
1.57 0 0 0 0
1.57667 0 0 0 0
1.58333 0 0 0 0
1.59 0 0 0 0
1.59667 0 0 0 0
1.60333 0 0 0 0
1.61 0 0 0 0
1.61667 0 0 0 0
1.62333 0 0 0 0
1.63 0 0 0 0
1.63667 0 0 0 0
1.64333 0 0 0 0
1.65 0 0 0 0
1.65667 0 0 0 0
1.66333 0 0 0 0
1.67 0 0 0 0
1.67667 0 0 0 0
1.68333 0 0 0 0
1.69 0 0 0 0
1.69667 0 0 0 0
1.70333 0 0 0 0
1.71 0 0 0 0
1.71667 0 0 0 0
1.72333 0 0 0 0
1.73 0 0 0 0
1.73667 0 0 0 0
1.74333 0 0 0 0
1.75 0 0 0 0
1.75667 0 0 0 0
1.76333 0 0 0 0
1.77 0 0 0 0
1.77667 0 0 0 0
1.78333 0 0 0 0
1.79 0 0 0 0
1.79667 0 0 0 0
1.80333 0 0 0 0
1.81 0 0 0 0
1.81667 0 0 0 0
1.82333 0 0 0 0
1.83 0 0 0 0
1.83667 0 0 0 0
1.84333 0 0 0 0
1.85 0 0 0 0
1.85667 0 0 0 0
1.86333 0 0 0 0
1.87 0 0 0 0
1.87667 0 0 0 0
1.88333 0 0 0 0
1.89 0 0 0 0
1.89667 0 0 0 0
1.90333 0 0 0 0
1.91 0 0 0 0
1.91667 0 0 0 0
1.92333 0 0 0 0
1.93 0 0 0 0
1.93667 0 0 0 0
1.94333 0 0 0 0
1.95 0 0 0 0
1.95667 0 0 0 0
1.96333 0 0 0 0
1.97 0 0 0 0
1.97667 0 0 0 0
1.98333 0 0 0 0
1.99 0 0 0 0
1.99667 0 0 0 0
