0.00333333 20 56 15 9
0.01 6 84 15 4
0.0166667 25 80 25 4
0.0233333 15 86 22 5
0.03 27 84 22 6
0.0366667 23 89 24 10
0.0433333 40 110 31 8
0.05 37 179 37 15
0.0566667 56 170 49 17
0.0633333 51 208 44 14
0.07 45 261 54 14
0.0766667 35 234 53 14
0.0833333 58 242 66 22
0.09 42 228 55 22
0.0966667 53 222 55 14
0.103333 70 194 49 26
0.11 38 234 46 19
0.116667 51 259 40 15
0.123333 47 231 45 9
0.13 55 249 39 17
0.136667 33 224 47 14
0.143333 36 214 40 10
0.15 64 227 45 14
0.156667 55 200 27 11
0.163333 48 192 33 13
0.17 44 182 32 14
0.176667 27 188 40 15
0.183333 56 224 33 16
0.19 38 173 29 15
0.196667 40 220 26 17
0.203333 45 209 31 12
0.21 34 197 34 9
0.216667 28 173 25 8
0.223333 24 163 25 20
0.23 30 193 35 14
0.236667 27 158 24 16
0.243333 26 146 22 15
0.25 37 147 29 6
0.256667 27 132 19 8
0.263333 38 129 21 14
0.27 20 126 27 5
0.276667 23 116 18 7
0.283333 28 113 20 11
0.29 28 118 14 4
0.296667 24 109 16 5
0.303333 22 118 15 11
0.31 20 115 22 6
0.316667 26 107 20 12
0.323333 17 96 20 8
0.33 25 99 21 7
0.336667 19 104 16 9
0.343333 16 95 13 7
0.35 20 86 19 13
0.356667 18 81 18 3
0.363333 14 80 28 3
0.37 26 78 11 9
0.376667 27 87 17 11
0.383333 12 83 12 3
0.39 17 84 16 5
0.396667 16 75 12 7
0.403333 13 69 10 4
0.41 12 75 15 8
0.416667 17 79 19 8
0.423333 20 73 7 5
0.43 11 83 8 7
0.436667 27 80 12 10
0.443333 21 72 9 7
0.45 18 76 14 7
0.456667 13 83 10 6
0.463333 19 81 18 3
0.47 16 72 13 2
0.476667 13 65 15 4
0.483333 13 44 8 5
0.49 11 46 9 4
0.496667 13 50 7 7
0.503333 14 32 9 3
0.51 6 51 8 4
0.516667 8 34 6 4
0.523333 11 28 7 2
0.53 12 40 2 4
0.536667 12 42 4 7
0.543333 12 35 11 3
0.55 11 33 13 3
0.556667 11 43 12 2
0.563333 11 29 4 3
0.57 7 39 6 6
0.576667 12 36 4 6
0.583333 9 33 11 3
0.59 9 32 6 5
0.596667 3 27 6 5
0.603333 12 30 10 3
0.61 12 24 9 5
0.616667 9 33 2 4
0.623333 13 24 5 3
0.63 8 29 7 0
0.636667 8 42 7 5
0.643333 4 22 5 3
0.65 7 32 6 4
0.656667 4 27 5 5
0.663333 441 2526 222 128
0.67 0 0 0 0
0.676667 0 0 0 0
0.683333 0 0 0 0
0.69 0 0 0 0
0.696667 0 0 0 0
0.703333 0 0 0 0
0.71 0 0 0 0
0.716667 0 0 0 0
0.723333 0 0 0 0
0.73 0 0 0 0
0.736667 0 0 0 0
0.743333 0 0 0 0
0.75 0 0 0 0
0.756667 0 0 0 0
0.763333 0 0 0 0
0.77 0 0 0 0
0.776667 0 0 0 0
0.783333 0 0 0 0
0.79 0 0 0 0
0.796667 0 0 0 0
0.803333 0 0 0 0
0.81 0 0 0 0
0.816667 0 0 0 0
0.823333 0 0 0 0
0.83 0 0 0 0
0.836667 0 0 0 0
0.843333 0 0 0 0
0.85 0 0 0 0
0.856667 0 0 0 0
0.863333 0 0 0 0
0.87 0 0 0 0
0.876667 0 0 0 0
0.883333 0 0 0 0
0.89 0 0 0 0
0.896667 0 0 0 0
0.903333 0 0 0 0
0.91 0 0 0 0
0.916667 0 0 0 0
0.923333 0 0 0 0
0.93 0 0 0 0
0.936667 0 0 0 0
0.943333 0 0 0 0
0.95 0 0 0 0
0.956667 0 0 0 0
0.963333 0 0 0 0
0.97 0 0 0 0
0.976667 0 0 0 0
0.983333 0 0 0 0
0.99 0 0 0 0
0.996667 0 0 0 0
1.00333 0 0 0 0
1.01 0 0 0 0
1.01667 0 0 0 0
1.02333 0 0 0 0
1.03 0 0 0 0
1.03667 0 0 0 0
1.04333 0 0 0 0
1.05 0 0 0 0
1.05667 0 0 0 0
1.06333 0 0 0 0
1.07 0 0 0 0
1.07667 0 0 0 0
1.08333 0 0 0 0
1.09 0 0 0 0
1.09667 0 0 0 0
1.10333 0 0 0 0
1.11 0 0 0 0
1.11667 0 0 0 0
1.12333 0 0 0 0
1.13 0 0 0 0
1.13667 0 0 0 0
1.14333 0 0 0 0
1.15 0 0 0 0
1.15667 0 0 0 0
1.16333 0 0 0 0
1.17 0 0 0 0
1.17667 0 0 0 0
1.18333 0 0 0 0
1.19 0 0 0 0
1.19667 0 0 0 0
1.20333 0 0 0 0
1.21 0 0 0 0
1.21667 0 0 0 0
1.22333 0 0 0 0
1.23 0 0 0 0
1.23667 0 0 0 0
1.24333 0 0 0 0
1.25 0 0 0 0
1.25667 0 0 0 0
1.26333 0 0 0 0
1.27 0 0 0 0
1.27667 0 0 0 0
1.28333 0 0 0 0
1.29 0 0 0 0
1.29667 0 0 0 0
1.30333 0 0 0 0
1.31 0 0 0 0
1.31667 0 0 0 0
1.32333 0 0 0 0
1.33 0 0 0 0
1.33667 0 0 0 0
1.34333 0 0 0 0
1.35 0 0 0 0
1.35667 0 0 0 0
1.36333 0 0 0 0
1.37 0 0 0 0
1.37667 0 0 0 0
1.38333 0 0 0 0
1.39 0 0 0 0
1.39667 0 0 0 0
1.40333 0 0 0 0
1.41 0 0 0 0
1.41667 0 0 0 0
1.42333 0 0 0 0
1.43 0 0 0 0
1.43667 0 0 0 0
1.44333 0 0 0 0
1.45 0 0 0 0
1.45667 0 0 0 0
1.46333 0 0 0 0
1.47 0 0 0 0
1.47667 0 0 0 0
1.48333 0 0 0 0
1.49 0 0 0 0
1.49667 0 0 0 0
1.50333 0 0 0 0
1.51 0 0 0 0
1.51667 0 0 0 0
1.52333 0 0 0 0
1.53 0 0 0 0
1.53667 0 0 0 0
1.54333 0 0 0 0
1.55 0 0 0 0
1.55667 0 0 0 0
1.56333 0 0 0 0
1.57 0 0 0 0
1.57667 0 0 0 0
1.58333 0 0 0 0
1.59 0 0 0 0
1.59667 0 0 0 0
1.60333 0 0 0 0
1.61 0 0 0 0
1.61667 0 0 0 0
1.62333 0 0 0 0
1.63 0 0 0 0
1.63667 0 0 0 0
1.64333 0 0 0 0
1.65 0 0 0 0
1.65667 0 0 0 0
1.66333 0 0 0 0
1.67 0 0 0 0
1.67667 0 0 0 0
1.68333 0 0 0 0
1.69 0 0 0 0
1.69667 0 0 0 0
1.70333 0 0 0 0
1.71 0 0 0 0
1.71667 0 0 0 0
1.72333 0 0 0 0
1.73 0 0 0 0
1.73667 0 0 0 0
1.74333 0 0 0 0
1.75 0 0 0 0
1.75667 0 0 0 0
1.76333 0 0 0 0
1.77 0 0 0 0
1.77667 0 0 0 0
1.78333 0 0 0 0
1.79 0 0 0 0
1.79667 0 0 0 0
1.80333 0 0 0 0
1.81 0 0 0 0
1.81667 0 0 0 0
1.82333 0 0 0 0
1.83 0 0 0 0
1.83667 0 0 0 0
1.84333 0 0 0 0
1.85 0 0 0 0
1.85667 0 0 0 0
1.86333 0 0 0 0
1.87 0 0 0 0
1.87667 0 0 0 0
1.88333 0 0 0 0
1.89 0 0 0 0
1.89667 0 0 0 0
1.90333 0 0 0 0
1.91 0 0 0 0
1.91667 0 0 0 0
1.92333 0 0 0 0
1.93 0 0 0 0
1.93667 0 0 0 0
1.94333 0 0 0 0
1.95 0 0 0 0
1.95667 0 0 0 0
1.96333 0 0 0 0
1.97 0 0 0 0
1.97667 0 0 0 0
1.98333 0 0 0 0
1.99 0 0 0 0
1.99667 0 0 0 0
