0.00333333 0 10 62 15
0.01 1 7 75 29
0.0166667 1 8 90 23
0.0233333 2 15 105 21
0.03 4 14 103 43
0.0366667 2 21 137 39
0.0433333 5 14 138 46
0.05 10 22 193 64
0.0566667 11 24 268 90
0.0633333 6 40 265 76
0.07 7 26 290 84
0.0766667 8 49 311 90
0.0833333 7 47 287 102
0.09 5 30 335 89
0.0966667 4 33 309 98
0.103333 5 29 336 112
0.11 10 29 310 106
0.116667 11 32 302 93
0.123333 9 33 327 79
0.13 4 28 296 85
0.136667 6 26 311 70
0.143333 3 23 264 71
0.15 6 36 238 60
0.156667 6 25 274 66
0.163333 4 25 256 64
0.17 5 29 239 59
0.176667 3 31 236 67
0.183333 7 30 222 69
0.19 3 24 259 73
0.196667 6 36 259 66
0.203333 1 21 225 60
0.21 6 27 234 59
0.216667 9 24 193 52
0.223333 3 14 193 44
0.23 5 23 199 49
0.236667 0 26 200 42
0.243333 3 25 173 56
0.25 2 16 174 62
0.256667 3 17 168 24
0.263333 2 26 133 48
0.27 0 17 139 45
0.276667 4 14 132 35
0.283333 2 19 155 43
0.29 0 16 168 34
0.296667 2 14 126 47
0.303333 1 12 102 33
0.31 4 21 135 34
0.316667 5 18 132 31
0.323333 5 18 108 29
0.33 2 10 101 22
0.336667 5 9 103 28
0.343333 5 16 116 32
0.35 3 20 117 31
0.356667 2 9 98 24
0.363333 4 12 98 30
0.37 4 15 88 32
0.376667 2 19 104 29
0.383333 4 13 117 28
0.39 3 13 113 29
0.396667 2 11 83 21
0.403333 2 17 87 23
0.41 5 9 87 32
0.416667 3 15 91 22
0.423333 1 8 103 21
0.43 2 16 79 25
0.436667 2 10 82 17
0.443333 5 12 82 25
0.45 5 11 75 17
0.456667 4 10 71 28
0.463333 0 15 85 25
0.47 2 7 81 27
0.476667 1 13 68 18
0.483333 2 8 58 16
0.49 3 10 44 19
0.496667 5 6 56 13
0.503333 3 7 40 24
0.51 1 8 48 11
0.516667 1 12 55 12
0.523333 3 9 40 18
0.53 3 6 46 13
0.536667 1 6 45 9
0.543333 2 5 35 9
0.55 0 7 53 13
0.556667 0 8 42 17
0.563333 2 9 43 13
0.57 3 4 41 22
0.576667 3 9 36 12
0.583333 2 6 43 17
0.59 2 5 38 8
0.596667 0 4 35 13
0.603333 5 8 41 12
0.61 1 7 42 13
0.616667 0 4 31 5
0.623333 0 5 27 10
0.63 2 4 33 10
0.636667 0 9 36 8
0.643333 2 3 19 15
0.65 2 7 36 10
0.656667 1 5 36 7
0.663333 30 210 2597 437
0.67 0 0 0 0
0.676667 0 0 0 0
0.683333 0 0 0 0
0.69 0 0 0 0
0.696667 0 0 0 0
0.703333 0 0 0 0
0.71 0 0 0 0
0.716667 0 0 0 0
0.723333 0 0 0 0
0.73 0 0 0 0
0.736667 0 0 0 0
0.743333 0 0 0 0
0.75 0 0 0 0
0.756667 0 0 0 0
0.763333 0 0 0 0
0.77 0 0 0 0
0.776667 0 0 0 0
0.783333 0 0 0 0
0.79 0 0 0 0
0.796667 0 0 0 0
0.803333 0 0 0 0
0.81 0 0 0 0
0.816667 0 0 0 0
0.823333 0 0 0 0
0.83 0 0 0 0
0.836667 0 0 0 0
0.843333 0 0 0 0
0.85 0 0 0 0
0.856667 0 0 0 0
0.863333 0 0 0 0
0.87 0 0 0 0
0.876667 0 0 0 0
0.883333 0 0 0 0
0.89 0 0 0 0
0.896667 0 0 0 0
0.903333 0 0 0 0
0.91 0 0 0 0
0.916667 0 0 0 0
0.923333 0 0 0 0
0.93 0 0 0 0
0.936667 0 0 0 0
0.943333 0 0 0 0
0.95 0 0 0 0
0.956667 0 0 0 0
0.963333 0 0 0 0
0.97 0 0 0 0
0.976667 0 0 0 0
0.983333 0 0 0 0
0.99 0 0 0 0
0.996667 0 0 0 0
1.00333 0 0 0 0
1.01 0 0 0 0
1.01667 0 0 0 0
1.02333 0 0 0 0
1.03 0 0 0 0
1.03667 0 0 0 0
1.04333 0 0 0 0
1.05 0 0 0 0
1.05667 0 0 0 0
1.06333 0 0 0 0
1.07 0 0 0 0
1.07667 0 0 0 0
1.08333 0 0 0 0
1.09 0 0 0 0
1.09667 0 0 0 0
1.10333 0 0 0 0
1.11 0 0 0 0
1.11667 0 0 0 0
1.12333 0 0 0 0
1.13 0 0 0 0
1.13667 0 0 0 0
1.14333 0 0 0 0
1.15 0 0 0 0
1.15667 0 0 0 0
1.16333 0 0 0 0
1.17 0 0 0 0
1.17667 0 0 0 0
1.18333 0 0 0 0
1.19 0 0 0 0
1.19667 0 0 0 0
1.20333 0 0 0 0
1.21 0 0 0 0
1.21667 0 0 0 0
1.22333 0 0 0 0
1.23 0 0 0 0
1.23667 0 0 0 0
1.24333 0 0 0 0
1.25 0 0 0 0
1.25667 0 0 0 0
1.26333 0 0 0 0
1.27 0 0 0 0
1.27667 0 0 0 0
1.28333 0 0 0 0
1.29 0 0 0 0
1.29667 0 0 0 0
1.30333 0 0 0 0
1.31 0 0 0 0
1.31667 0 0 0 0
1.32333 0 0 0 0
1.33 0 0 0 0
1.33667 0 0 0 0
1.34333 0 0 0 0
1.35 0 0 0 0
1.35667 0 0 0 0
1.36333 0 0 0 0
1.37 0 0 0 0
1.37667 0 0 0 0
1.38333 0 0 0 0
1.39 0 0 0 0
1.39667 0 0 0 0
1.40333 0 0 0 0
1.41 0 0 0 0
1.41667 0 0 0 0
1.42333 0 0 0 0
1.43 0 0 0 0
1.43667 0 0 0 0
1.44333 0 0 0 0
1.45 0 0 0 0
1.45667 0 0 0 0
1.46333 0 0 0 0
1.47 0 0 0 0
1.47667 0 0 0 0
1.48333 0 0 0 0
1.49 0 0 0 0
1.49667 0 0 0 0
1.50333 0 0 0 0
1.51 0 0 0 0
1.51667 0 0 0 0
1.52333 0 0 0 0
1.53 0 0 0 0
1.53667 0 0 0 0
1.54333 0 0 0 0
1.55 0 0 0 0
1.55667 0 0 0 0
1.56333 0 0 0 0
1.57 0 0 0 0
1.57667 0 0 0 0
1.58333 0 0 0 0
1.59 0 0 0 0
1.59667 0 0 0 0
1.60333 0 0 0 0
1.61 0 0 0 0
1.61667 0 0 0 0
1.62333 0 0 0 0
1.63 0 0 0 0
1.63667 0 0 0 0
1.64333 0 0 0 0
1.65 0 0 0 0
1.65667 0 0 0 0
1.66333 0 0 0 0
1.67 0 0 0 0
1.67667 0 0 0 0
1.68333 0 0 0 0
1.69 0 0 0 0
1.69667 0 0 0 0
1.70333 0 0 0 0
1.71 0 0 0 0
1.71667 0 0 0 0
1.72333 0 0 0 0
1.73 0 0 0 0
1.73667 0 0 0 0
1.74333 0 0 0 0
1.75 0 0 0 0
1.75667 0 0 0 0
1.76333 0 0 0 0
1.77 0 0 0 0
1.77667 0 0 0 0
1.78333 0 0 0 0
1.79 0 0 0 0
1.79667 0 0 0 0
1.80333 0 0 0 0
1.81 0 0 0 0
1.81667 0 0 0 0
1.82333 0 0 0 0
1.83 0 0 0 0
1.83667 0 0 0 0
1.84333 0 0 0 0
1.85 0 0 0 0
1.85667 0 0 0 0
1.86333 0 0 0 0
1.87 0 0 0 0
1.87667 0 0 0 0
1.88333 0 0 0 0
1.89 0 0 0 0
1.89667 0 0 0 0
1.90333 0 0 0 0
1.91 0 0 0 0
1.91667 0 0 0 0
1.92333 0 0 0 0
1.93 0 0 0 0
1.93667 0 0 0 0
1.94333 0 0 0 0
1.95 0 0 0 0
1.95667 0 0 0 0
1.96333 0 0 0 0
1.97 0 0 0 0
1.97667 0 0 0 0
1.98333 0 0 0 0
1.99 0 0 0 0
1.99667 0 0 0 0
