0.00333333 7 37 12 0
0.01 25 57 15 3
0.0166667 27 49 14 4
0.0233333 24 49 22 3
0.03 24 53 21 4
0.0366667 32 82 21 8
0.0433333 37 124 27 6
0.05 36 137 51 7
0.0566667 53 169 47 9
0.0633333 61 183 46 15
0.07 71 215 50 12
0.0766667 61 177 46 11
0.0833333 55 207 47 10
0.09 68 227 63 14
0.0966667 62 210 57 6
0.103333 73 197 55 5
0.11 42 207 59 6
0.116667 68 190 68 5
0.123333 38 197 45 10
0.13 45 180 45 8
0.136667 49 156 31 13
0.143333 45 180 40 9
0.15 44 154 60 9
0.156667 47 129 45 15
0.163333 53 125 35 9
0.17 49 131 39 7
0.176667 54 147 37 11
0.183333 55 140 41 13
0.19 46 145 40 7
0.196667 40 140 46 5
0.203333 41 118 42 8
0.21 42 120 43 9
0.216667 33 120 32 14
0.223333 34 111 42 4
0.23 37 116 27 5
0.236667 33 130 35 6
0.243333 27 106 19 3
0.25 30 98 21 7
0.256667 26 100 32 8
0.263333 21 86 19 9
0.27 25 80 18 6
0.276667 26 85 31 3
0.283333 19 97 22 8
0.29 20 76 20 4
0.296667 30 94 18 4
0.303333 23 69 28 6
0.31 23 70 26 3
0.316667 26 83 17 4
0.323333 30 66 16 0
0.33 25 51 18 2
0.336667 28 69 24 2
0.343333 21 64 14 2
0.35 19 67 19 2
0.356667 20 76 24 2
0.363333 18 62 11 1
0.37 18 59 21 6
0.376667 26 39 13 5
0.383333 23 61 16 5
0.39 10 66 17 5
0.396667 23 55 5 5
0.403333 16 51 15 2
0.41 17 41 19 0
0.416667 15 47 17 2
0.423333 19 57 19 5
0.43 11 40 16 7
0.436667 21 47 10 7
0.443333 20 36 15 1
0.45 21 47 14 3
0.456667 17 41 15 4
0.463333 23 61 18 4
0.47 10 45 17 3
0.476667 14 30 16 7
0.483333 17 32 7 6
0.49 7 34 17 3
0.496667 15 27 13 4
0.503333 11 36 13 1
0.51 10 27 8 3
0.516667 6 28 8 0
0.523333 7 24 10 3
0.53 14 26 7 2
0.536667 6 31 6 0
0.543333 9 32 8 3
0.55 8 29 9 2
0.556667 10 20 11 2
0.563333 13 23 7 3
0.57 6 29 8 3
0.576667 11 31 6 2
0.583333 4 19 8 3
0.59 9 24 5 2
0.596667 10 30 12 1
0.603333 8 27 5 3
0.61 9 26 4 3
0.616667 6 30 9 2
0.623333 15 18 3 3
0.63 11 21 7 8
0.636667 6 27 6 4
0.643333 10 24 3 2
0.65 9 26 8 4
0.656667 2 22 13 2
0.663333 333 1125 288 48
0.67 0 0 0 0
0.676667 0 0 0 0
0.683333 0 0 0 0
0.69 0 0 0 0
0.696667 0 0 0 0
0.703333 0 0 0 0
0.71 0 0 0 0
0.716667 0 0 0 0
0.723333 0 0 0 0
0.73 0 0 0 0
0.736667 0 0 0 0
0.743333 0 0 0 0
0.75 0 0 0 0
0.756667 0 0 0 0
0.763333 0 0 0 0
0.77 0 0 0 0
0.776667 0 0 0 0
0.783333 0 0 0 0
0.79 0 0 0 0
0.796667 0 0 0 0
0.803333 0 0 0 0
0.81 0 0 0 0
0.816667 0 0 0 0
0.823333 0 0 0 0
0.83 0 0 0 0
0.836667 0 0 0 0
0.843333 0 0 0 0
0.85 0 0 0 0
0.856667 0 0 0 0
0.863333 0 0 0 0
0.87 0 0 0 0
0.876667 0 0 0 0
0.883333 0 0 0 0
0.89 0 0 0 0
0.896667 0 0 0 0
0.903333 0 0 0 0
0.91 0 0 0 0
0.916667 0 0 0 0
0.923333 0 0 0 0
0.93 0 0 0 0
0.936667 0 0 0 0
0.943333 0 0 0 0
0.95 0 0 0 0
0.956667 0 0 0 0
0.963333 0 0 0 0
0.97 0 0 0 0
0.976667 0 0 0 0
0.983333 0 0 0 0
0.99 0 0 0 0
0.996667 0 0 0 0
1.00333 0 0 0 0
1.01 0 0 0 0
1.01667 0 0 0 0
1.02333 0 0 0 0
1.03 0 0 0 0
1.03667 0 0 0 0
1.04333 0 0 0 0
1.05 0 0 0 0
1.05667 0 0 0 0
1.06333 0 0 0 0
1.07 0 0 0 0
1.07667 0 0 0 0
1.08333 0 0 0 0
1.09 0 0 0 0
1.09667 0 0 0 0
1.10333 0 0 0 0
1.11 0 0 0 0
1.11667 0 0 0 0
1.12333 0 0 0 0
1.13 0 0 0 0
1.13667 0 0 0 0
1.14333 0 0 0 0
1.15 0 0 0 0
1.15667 0 0 0 0
1.16333 0 0 0 0
1.17 0 0 0 0
1.17667 0 0 0 0
1.18333 0 0 0 0
1.19 0 0 0 0
1.19667 0 0 0 0
1.20333 0 0 0 0
1.21 0 0 0 0
1.21667 0 0 0 0
1.22333 0 0 0 0
1.23 0 0 0 0
1.23667 0 0 0 0
1.24333 0 0 0 0
1.25 0 0 0 0
1.25667 0 0 0 0
1.26333 0 0 0 0
1.27 0 0 0 0
1.27667 0 0 0 0
1.28333 0 0 0 0
1.29 0 0 0 0
1.29667 0 0 0 0
1.30333 0 0 0 0
1.31 0 0 0 0
1.31667 0 0 0 0
1.32333 0 0 0 0
1.33 0 0 0 0
1.33667 0 0 0 0
1.34333 0 0 0 0
1.35 0 0 0 0
1.35667 0 0 0 0
1.36333 0 0 0 0
1.37 0 0 0 0
1.37667 0 0 0 0
1.38333 0 0 0 0
1.39 0 0 0 0
1.39667 0 0 0 0
1.40333 0 0 0 0
1.41 0 0 0 0
1.41667 0 0 0 0
1.42333 0 0 0 0
1.43 0 0 0 0
1.43667 0 0 0 0
1.44333 0 0 0 0
1.45 0 0 0 0
1.45667 0 0 0 0
1.46333 0 0 0 0
1.47 0 0 0 0
1.47667 0 0 0 0
1.48333 0 0 0 0
1.49 0 0 0 0
1.49667 0 0 0 0
1.50333 0 0 0 0
1.51 0 0 0 0
1.51667 0 0 0 0
1.52333 0 0 0 0
1.53 0 0 0 0
1.53667 0 0 0 0
1.54333 0 0 0 0
1.55 0 0 0 0
1.55667 0 0 0 0
1.56333 0 0 0 0
1.57 0 0 0 0
1.57667 0 0 0 0
1.58333 0 0 0 0
1.59 0 0 0 0
1.59667 0 0 0 0
1.60333 0 0 0 0
1.61 0 0 0 0
1.61667 0 0 0 0
1.62333 0 0 0 0
1.63 0 0 0 0
1.63667 0 0 0 0
1.64333 0 0 0 0
1.65 0 0 0 0
1.65667 0 0 0 0
1.66333 0 0 0 0
1.67 0 0 0 0
1.67667 0 0 0 0
1.68333 0 0 0 0
1.69 0 0 0 0
1.69667 0 0 0 0
1.70333 0 0 0 0
1.71 0 0 0 0
1.71667 0 0 0 0
1.72333 0 0 0 0
1.73 0 0 0 0
1.73667 0 0 0 0
1.74333 0 0 0 0
1.75 0 0 0 0
1.75667 0 0 0 0
1.76333 0 0 0 0
1.77 0 0 0 0
1.77667 0 0 0 0
1.78333 0 0 0 0
1.79 0 0 0 0
1.79667 0 0 0 0
1.80333 0 0 0 0
1.81 0 0 0 0
1.81667 0 0 0 0
1.82333 0 0 0 0
1.83 0 0 0 0
1.83667 0 0 0 0
1.84333 0 0 0 0
1.85 0 0 0 0
1.85667 0 0 0 0
1.86333 0 0 0 0
1.87 0 0 0 0
1.87667 0 0 0 0
1.88333 0 0 0 0
1.89 0 0 0 0
1.89667 0 0 0 0
1.90333 0 0 0 0
1.91 0 0 0 0
1.91667 0 0 0 0
1.92333 0 0 0 0
1.93 0 0 0 0
1.93667 0 0 0 0
1.94333 0 0 0 0
1.95 0 0 0 0
1.95667 0 0 0 0
1.96333 0 0 0 0
1.97 0 0 0 0
1.97667 0 0 0 0
1.98333 0 0 0 0
1.99 0 0 0 0
1.99667 0 0 0 0
