0.00333333 4 36 16 0
0.01 9 46 15 4
0.0166667 11 59 21 3
0.0233333 18 47 18 2
0.03 9 44 30 3
0.0366667 21 64 31 1
0.0433333 26 85 32 4
0.05 34 112 34 9
0.0566667 26 115 39 4
0.0633333 47 169 52 6
0.07 44 145 50 10
0.0766667 35 139 52 9
0.0833333 35 138 57 8
0.09 44 155 54 6
0.0966667 41 151 52 6
0.103333 45 146 61 6
0.11 40 120 47 12
0.116667 40 168 60 12
0.123333 36 133 65 3
0.13 20 134 53 4
0.136667 32 128 53 5
0.143333 31 119 53 4
0.15 27 119 55 1
0.156667 23 118 44 2
0.163333 29 119 46 6
0.17 27 119 45 4
0.176667 27 96 58 2
0.183333 23 97 52 5
0.19 25 119 61 4
0.196667 31 117 62 6
0.203333 17 87 53 3
0.21 13 108 40 3
0.216667 23 105 49 4
0.223333 18 91 52 2
0.23 17 101 42 6
0.236667 24 72 39 1
0.243333 23 61 46 4
0.25 19 86 35 2
0.256667 11 81 27 2
0.263333 21 74 36 1
0.27 10 60 29 4
0.276667 16 71 39 6
0.283333 19 73 30 1
0.29 16 78 36 2
0.296667 11 69 27 1
0.303333 15 71 38 2
0.31 7 53 37 1
0.316667 20 61 27 2
0.323333 18 50 35 2
0.33 11 58 40 2
0.336667 14 53 34 2
0.343333 12 55 30 1
0.35 8 52 23 2
0.356667 20 47 30 2
0.363333 19 50 28 3
0.37 8 52 28 3
0.376667 15 50 20 2
0.383333 8 43 25 1
0.39 6 61 23 0
0.396667 14 57 20 0
0.403333 4 47 24 1
0.41 13 42 27 2
0.416667 14 47 27 4
0.423333 9 54 15 1
0.43 4 42 28 3
0.436667 9 54 26 1
0.443333 10 39 23 3
0.45 9 33 29 3
0.456667 13 44 22 2
0.463333 12 50 26 1
0.47 11 33 21 1
0.476667 11 43 16 0
0.483333 10 28 15 2
0.49 9 29 16 0
0.496667 6 29 10 0
0.503333 12 17 10 1
0.51 8 28 14 0
0.516667 6 26 10 2
0.523333 8 18 5 1
0.53 10 22 13 0
0.536667 10 26 11 0
0.543333 3 30 14 2
0.55 1 21 14 0
0.556667 5 24 14 1
0.563333 9 19 10 1
0.57 5 25 10 3
0.576667 7 23 15 2
0.583333 4 18 9 3
0.59 5 28 10 0
0.596667 10 25 14 0
0.603333 1 20 12 0
0.61 5 21 5 2
0.616667 3 23 12 0
0.623333 4 17 8 1
0.63 3 22 17 0
0.636667 10 28 12 0
0.643333 4 25 4 0
0.65 5 15 4 3
0.656667 11 15 11 0
0.663333 172 1041 883 18
0.67 0 0 0 0
0.676667 0 0 0 0
0.683333 0 0 0 0
0.69 0 0 0 0
0.696667 0 0 0 0
0.703333 0 0 0 0
0.71 0 0 0 0
0.716667 0 0 0 0
0.723333 0 0 0 0
0.73 0 0 0 0
0.736667 0 0 0 0
0.743333 0 0 0 0
0.75 0 0 0 0
0.756667 0 0 0 0
0.763333 0 0 0 0
0.77 0 0 0 0
0.776667 0 0 0 0
0.783333 0 0 0 0
0.79 0 0 0 0
0.796667 0 0 0 0
0.803333 0 0 0 0
0.81 0 0 0 0
0.816667 0 0 0 0
0.823333 0 0 0 0
0.83 0 0 0 0
0.836667 0 0 0 0
0.843333 0 0 0 0
0.85 0 0 0 0
0.856667 0 0 0 0
0.863333 0 0 0 0
0.87 0 0 0 0
0.876667 0 0 0 0
0.883333 0 0 0 0
0.89 0 0 0 0
0.896667 0 0 0 0
0.903333 0 0 0 0
0.91 0 0 0 0
0.916667 0 0 0 0
0.923333 0 0 0 0
0.93 0 0 0 0
0.936667 0 0 0 0
0.943333 0 0 0 0
0.95 0 0 0 0
0.956667 0 0 0 0
0.963333 0 0 0 0
0.97 0 0 0 0
0.976667 0 0 0 0
0.983333 0 0 0 0
0.99 0 0 0 0
0.996667 0 0 0 0
1.00333 0 0 0 0
1.01 0 0 0 0
1.01667 0 0 0 0
1.02333 0 0 0 0
1.03 0 0 0 0
1.03667 0 0 0 0
1.04333 0 0 0 0
1.05 0 0 0 0
1.05667 0 0 0 0
1.06333 0 0 0 0
1.07 0 0 0 0
1.07667 0 0 0 0
1.08333 0 0 0 0
1.09 0 0 0 0
1.09667 0 0 0 0
1.10333 0 0 0 0
1.11 0 0 0 0
1.11667 0 0 0 0
1.12333 0 0 0 0
1.13 0 0 0 0
1.13667 0 0 0 0
1.14333 0 0 0 0
1.15 0 0 0 0
1.15667 0 0 0 0
1.16333 0 0 0 0
1.17 0 0 0 0
1.17667 0 0 0 0
1.18333 0 0 0 0
1.19 0 0 0 0
1.19667 0 0 0 0
1.20333 0 0 0 0
1.21 0 0 0 0
1.21667 0 0 0 0
1.22333 0 0 0 0
1.23 0 0 0 0
1.23667 0 0 0 0
1.24333 0 0 0 0
1.25 0 0 0 0
1.25667 0 0 0 0
1.26333 0 0 0 0
1.27 0 0 0 0
1.27667 0 0 0 0
1.28333 0 0 0 0
1.29 0 0 0 0
1.29667 0 0 0 0
1.30333 0 0 0 0
1.31 0 0 0 0
1.31667 0 0 0 0
1.32333 0 0 0 0
1.33 0 0 0 0
1.33667 0 0 0 0
1.34333 0 0 0 0
1.35 0 0 0 0
1.35667 0 0 0 0
1.36333 0 0 0 0
1.37 0 0 0 0
1.37667 0 0 0 0
1.38333 0 0 0 0
1.39 0 0 0 0
1.39667 0 0 0 0
1.40333 0 0 0 0
1.41 0 0 0 0
1.41667 0 0 0 0
1.42333 0 0 0 0
1.43 0 0 0 0
1.43667 0 0 0 0
1.44333 0 0 0 0
1.45 0 0 0 0
1.45667 0 0 0 0
1.46333 0 0 0 0
1.47 0 0 0 0
1.47667 0 0 0 0
1.48333 0 0 0 0
1.49 0 0 0 0
1.49667 0 0 0 0
1.50333 0 0 0 0
1.51 0 0 0 0
1.51667 0 0 0 0
1.52333 0 0 0 0
1.53 0 0 0 0
1.53667 0 0 0 0
1.54333 0 0 0 0
1.55 0 0 0 0
1.55667 0 0 0 0
1.56333 0 0 0 0
1.57 0 0 0 0
1.57667 0 0 0 0
1.58333 0 0 0 0
1.59 0 0 0 0
1.59667 0 0 0 0
1.60333 0 0 0 0
1.61 0 0 0 0
1.61667 0 0 0 0
1.62333 0 0 0 0
1.63 0 0 0 0
1.63667 0 0 0 0
1.64333 0 0 0 0
1.65 0 0 0 0
1.65667 0 0 0 0
1.66333 0 0 0 0
1.67 0 0 0 0
1.67667 0 0 0 0
1.68333 0 0 0 0
1.69 0 0 0 0
1.69667 0 0 0 0
1.70333 0 0 0 0
1.71 0 0 0 0
1.71667 0 0 0 0
1.72333 0 0 0 0
1.73 0 0 0 0
1.73667 0 0 0 0
1.74333 0 0 0 0
1.75 0 0 0 0
1.75667 0 0 0 0
1.76333 0 0 0 0
1.77 0 0 0 0
1.77667 0 0 0 0
1.78333 0 0 0 0
1.79 0 0 0 0
1.79667 0 0 0 0
1.80333 0 0 0 0
1.81 0 0 0 0
1.81667 0 0 0 0
1.82333 0 0 0 0
1.83 0 0 0 0
1.83667 0 0 0 0
1.84333 0 0 0 0
1.85 0 0 0 0
1.85667 0 0 0 0
1.86333 0 0 0 0
1.87 0 0 0 0
1.87667 0 0 0 0
1.88333 0 0 0 0
1.89 0 0 0 0
1.89667 0 0 0 0
1.90333 0 0 0 0
1.91 0 0 0 0
1.91667 0 0 0 0
1.92333 0 0 0 0
1.93 0 0 0 0
1.93667 0 0 0 0
1.94333 0 0 0 0
1.95 0 0 0 0
1.95667 0 0 0 0
1.96333 0 0 0 0
1.97 0 0 0 0
1.97667 0 0 0 0
1.98333 0 0 0 0
1.99 0 0 0 0
1.99667 0 0 0 0
