0.00333333 9 102 19 4
0.01 9 96 21 5
0.0166667 6 120 16 5
0.0233333 10 106 18 3
0.03 16 136 14 4
0.0366667 11 111 24 6
0.0433333 21 151 50 7
0.05 18 142 39 5
0.0566667 30 184 48 11
0.0633333 30 198 58 13
0.07 25 239 56 7
0.0766667 29 235 59 8
0.0833333 38 253 66 14
0.09 32 225 63 7
0.0966667 32 228 74 12
0.103333 31 218 49 19
0.11 32 244 52 9
0.116667 25 275 56 14
0.123333 28 269 62 8
0.13 29 262 62 4
0.136667 26 254 51 9
0.143333 25 235 50 12
0.15 14 261 53 6
0.156667 22 216 49 7
0.163333 22 226 55 3
0.17 22 266 51 6
0.176667 27 259 52 8
0.183333 22 279 46 7
0.19 19 305 42 7
0.196667 25 322 59 5
0.203333 22 305 55 5
0.21 19 287 38 9
0.216667 14 273 37 8
0.223333 22 245 36 6
0.23 12 242 38 5
0.236667 19 232 43 5
0.243333 21 183 40 6
0.25 11 185 39 12
0.256667 10 175 28 1
0.263333 13 187 32 8
0.27 13 149 41 4
0.276667 21 146 39 5
0.283333 12 170 35 4
0.29 12 135 41 2
0.296667 10 150 33 5
0.303333 9 129 33 4
0.31 14 141 32 4
0.316667 15 115 23 4
0.323333 12 112 25 4
0.33 6 133 23 3
0.336667 11 124 31 0
0.343333 17 131 22 4
0.35 10 100 25 5
0.356667 7 121 27 3
0.363333 8 116 23 4
0.37 14 99 23 3
0.376667 13 91 21 2
0.383333 8 119 21 2
0.39 7 112 26 7
0.396667 13 94 27 5
0.403333 8 109 13 3
0.41 5 105 27 3
0.416667 6 119 25 2
0.423333 12 93 18 2
0.43 5 94 19 1
0.436667 7 101 21 1
0.443333 11 98 23 5
0.45 6 102 27 5
0.456667 7 106 14 2
0.463333 14 120 28 1
0.47 6 109 16 1
0.476667 4 88 22 1
0.483333 7 59 17 1
0.49 4 61 16 2
0.496667 9 55 16 6
0.503333 5 35 16 3
0.51 4 40 13 2
0.516667 7 45 18 1
0.523333 5 34 7 1
0.53 5 42 12 2
0.536667 6 44 10 4
0.543333 8 35 11 1
0.55 4 45 11 2
0.556667 2 45 11 1
0.563333 4 32 12 2
0.57 5 42 6 2
0.576667 8 35 12 1
0.583333 3 44 17 2
0.59 4 32 11 0
0.596667 4 46 7 2
0.603333 4 26 9 3
0.61 7 35 9 1
0.616667 5 34 10 3
0.623333 1 32 14 2
0.63 6 34 12 2
0.636667 9 44 10 6
0.643333 6 31 8 1
0.65 4 36 19 2
0.656667 9 34 6 2
0.663333 173 4525 554 40
0.67 0 0 0 0
0.676667 0 0 0 0
0.683333 0 0 0 0
0.69 0 0 0 0
0.696667 0 0 0 0
0.703333 0 0 0 0
0.71 0 0 0 0
0.716667 0 0 0 0
0.723333 0 0 0 0
0.73 0 0 0 0
0.736667 0 0 0 0
0.743333 0 0 0 0
0.75 0 0 0 0
0.756667 0 0 0 0
0.763333 0 0 0 0
0.77 0 0 0 0
0.776667 0 0 0 0
0.783333 0 0 0 0
0.79 0 0 0 0
0.796667 0 0 0 0
0.803333 0 0 0 0
0.81 0 0 0 0
0.816667 0 0 0 0
0.823333 0 0 0 0
0.83 0 0 0 0
0.836667 0 0 0 0
0.843333 0 0 0 0
0.85 0 0 0 0
0.856667 0 0 0 0
0.863333 0 0 0 0
0.87 0 0 0 0
0.876667 0 0 0 0
0.883333 0 0 0 0
0.89 0 0 0 0
0.896667 0 0 0 0
0.903333 0 0 0 0
0.91 0 0 0 0
0.916667 0 0 0 0
0.923333 0 0 0 0
0.93 0 0 0 0
0.936667 0 0 0 0
0.943333 0 0 0 0
0.95 0 0 0 0
0.956667 0 0 0 0
0.963333 0 0 0 0
0.97 0 0 0 0
0.976667 0 0 0 0
0.983333 0 0 0 0
0.99 0 0 0 0
0.996667 0 0 0 0
1.00333 0 0 0 0
1.01 0 0 0 0
1.01667 0 0 0 0
1.02333 0 0 0 0
1.03 0 0 0 0
1.03667 0 0 0 0
1.04333 0 0 0 0
1.05 0 0 0 0
1.05667 0 0 0 0
1.06333 0 0 0 0
1.07 0 0 0 0
1.07667 0 0 0 0
1.08333 0 0 0 0
1.09 0 0 0 0
1.09667 0 0 0 0
1.10333 0 0 0 0
1.11 0 0 0 0
1.11667 0 0 0 0
1.12333 0 0 0 0
1.13 0 0 0 0
1.13667 0 0 0 0
1.14333 0 0 0 0
1.15 0 0 0 0
1.15667 0 0 0 0
1.16333 0 0 0 0
1.17 0 0 0 0
1.17667 0 0 0 0
1.18333 0 0 0 0
1.19 0 0 0 0
1.19667 0 0 0 0
1.20333 0 0 0 0
1.21 0 0 0 0
1.21667 0 0 0 0
1.22333 0 0 0 0
1.23 0 0 0 0
1.23667 0 0 0 0
1.24333 0 0 0 0
1.25 0 0 0 0
1.25667 0 0 0 0
1.26333 0 0 0 0
1.27 0 0 0 0
1.27667 0 0 0 0
1.28333 0 0 0 0
1.29 0 0 0 0
1.29667 0 0 0 0
1.30333 0 0 0 0
1.31 0 0 0 0
1.31667 0 0 0 0
1.32333 0 0 0 0
1.33 0 0 0 0
1.33667 0 0 0 0
1.34333 0 0 0 0
1.35 0 0 0 0
1.35667 0 0 0 0
1.36333 0 0 0 0
1.37 0 0 0 0
1.37667 0 0 0 0
1.38333 0 0 0 0
1.39 0 0 0 0
1.39667 0 0 0 0
1.40333 0 0 0 0
1.41 0 0 0 0
1.41667 0 0 0 0
1.42333 0 0 0 0
1.43 0 0 0 0
1.43667 0 0 0 0
1.44333 0 0 0 0
1.45 0 0 0 0
1.45667 0 0 0 0
1.46333 0 0 0 0
1.47 0 0 0 0
1.47667 0 0 0 0
1.48333 0 0 0 0
1.49 0 0 0 0
1.49667 0 0 0 0
1.50333 0 0 0 0
1.51 0 0 0 0
1.51667 0 0 0 0
1.52333 0 0 0 0
1.53 0 0 0 0
1.53667 0 0 0 0
1.54333 0 0 0 0
1.55 0 0 0 0
1.55667 0 0 0 0
1.56333 0 0 0 0
1.57 0 0 0 0
1.57667 0 0 0 0
1.58333 0 0 0 0
1.59 0 0 0 0
1.59667 0 0 0 0
1.60333 0 0 0 0
1.61 0 0 0 0
1.61667 0 0 0 0
1.62333 0 0 0 0
1.63 0 0 0 0
1.63667 0 0 0 0
1.64333 0 0 0 0
1.65 0 0 0 0
1.65667 0 0 0 0
1.66333 0 0 0 0
1.67 0 0 0 0
1.67667 0 0 0 0
1.68333 0 0 0 0
1.69 0 0 0 0
1.69667 0 0 0 0
1.70333 0 0 0 0
1.71 0 0 0 0
1.71667 0 0 0 0
1.72333 0 0 0 0
1.73 0 0 0 0
1.73667 0 0 0 0
1.74333 0 0 0 0
1.75 0 0 0 0
1.75667 0 0 0 0
1.76333 0 0 0 0
1.77 0 0 0 0
1.77667 0 0 0 0
1.78333 0 0 0 0
1.79 0 0 0 0
1.79667 0 0 0 0
1.80333 0 0 0 0
1.81 0 0 0 0
1.81667 0 0 0 0
1.82333 0 0 0 0
1.83 0 0 0 0
1.83667 0 0 0 0
1.84333 0 0 0 0
1.85 0 0 0 0
1.85667 0 0 0 0
1.86333 0 0 0 0
1.87 0 0 0 0
1.87667 0 0 0 0
1.88333 0 0 0 0
1.89 0 0 0 0
1.89667 0 0 0 0
1.90333 0 0 0 0
1.91 0 0 0 0
1.91667 0 0 0 0
1.92333 0 0 0 0
1.93 0 0 0 0
1.93667 0 0 0 0
1.94333 0 0 0 0
1.95 0 0 0 0
1.95667 0 0 0 0
1.96333 0 0 0 0
1.97 0 0 0 0
1.97667 0 0 0 0
1.98333 0 0 0 0
1.99 0 0 0 0
1.99667 0 0 0 0
