0.00333333 30 13 4 3
0.01 31 20 4 8
0.0166667 33 24 7 3
0.0233333 33 13 2 4
0.03 36 27 4 1
0.0366667 35 43 14 4
0.0433333 58 38 12 9
0.05 52 51 10 8
0.0566667 64 53 8 7
0.0633333 70 63 13 7
0.07 46 56 13 6
0.0766667 68 67 10 8
0.0833333 62 62 13 10
0.09 69 90 13 10
0.0966667 68 73 17 14
0.103333 62 73 15 9
0.11 87 57 12 5
0.116667 82 82 9 12
0.123333 83 52 13 5
0.13 79 62 13 14
0.136667 75 51 11 4
0.143333 66 61 3 15
0.15 60 44 7 8
0.156667 61 63 6 10
0.163333 73 29 15 7
0.17 58 42 13 7
0.176667 69 47 8 6
0.183333 72 52 9 9
0.19 80 40 12 12
0.196667 97 49 12 16
0.203333 82 34 8 9
0.21 72 37 7 10
0.216667 72 34 7 10
0.223333 72 42 10 8
0.23 77 48 10 15
0.236667 52 41 7 13
0.243333 53 35 9 11
0.25 81 53 9 4
0.256667 61 30 5 9
0.263333 59 30 5 12
0.27 51 35 8 5
0.276667 58 37 10 9
0.283333 49 22 6 9
0.29 45 39 10 2
0.296667 42 22 9 6
0.303333 51 28 11 8
0.31 46 30 10 11
0.316667 40 25 5 3
0.323333 46 30 12 4
0.33 40 34 5 7
0.336667 57 23 3 5
0.343333 46 27 8 6
0.35 38 26 5 6
0.356667 31 23 10 11
0.363333 45 18 8 2
0.37 46 26 8 6
0.376667 38 29 7 4
0.383333 42 22 2 7
0.39 27 16 7 7
0.396667 42 25 3 16
0.403333 40 24 5 4
0.41 43 28 7 7
0.416667 41 21 3 8
0.423333 26 17 5 5
0.43 49 21 2 8
0.436667 39 14 0 10
0.443333 32 26 7 6
0.45 38 17 4 3
0.456667 36 17 6 3
0.463333 34 26 6 11
0.47 37 16 4 6
0.476667 30 10 2 8
0.483333 30 16 2 1
0.49 29 13 2 6
0.496667 15 11 1 7
0.503333 24 15 7 3
0.51 14 15 1 2
0.516667 16 17 5 3
0.523333 20 8 3 4
0.53 22 9 4 5
0.536667 12 11 3 4
0.543333 14 8 5 2
0.55 23 12 3 1
0.556667 17 11 2 5
0.563333 16 12 2 1
0.57 16 9 3 3
0.576667 19 15 0 2
0.583333 18 14 2 5
0.59 16 10 2 3
0.596667 15 8 1 1
0.603333 17 9 2 5
0.61 18 8 4 2
0.616667 14 18 2 4
0.623333 9 13 4 3
0.63 19 11 1 2
0.636667 18 15 2 3
0.643333 14 14 1 4
0.65 18 8 4 3
0.656667 8 7 2 6
0.663333 1442 351 72 220
0.67 0 0 0 0
0.676667 0 0 0 0
0.683333 0 0 0 0
0.69 0 0 0 0
0.696667 0 0 0 0
0.703333 0 0 0 0
0.71 0 0 0 0
0.716667 0 0 0 0
0.723333 0 0 0 0
0.73 0 0 0 0
0.736667 0 0 0 0
0.743333 0 0 0 0
0.75 0 0 0 0
0.756667 0 0 0 0
0.763333 0 0 0 0
0.77 0 0 0 0
0.776667 0 0 0 0
0.783333 0 0 0 0
0.79 0 0 0 0
0.796667 0 0 0 0
0.803333 0 0 0 0
0.81 0 0 0 0
0.816667 0 0 0 0
0.823333 0 0 0 0
0.83 0 0 0 0
0.836667 0 0 0 0
0.843333 0 0 0 0
0.85 0 0 0 0
0.856667 0 0 0 0
0.863333 0 0 0 0
0.87 0 0 0 0
0.876667 0 0 0 0
0.883333 0 0 0 0
0.89 0 0 0 0
0.896667 0 0 0 0
0.903333 0 0 0 0
0.91 0 0 0 0
0.916667 0 0 0 0
0.923333 0 0 0 0
0.93 0 0 0 0
0.936667 0 0 0 0
0.943333 0 0 0 0
0.95 0 0 0 0
0.956667 0 0 0 0
0.963333 0 0 0 0
0.97 0 0 0 0
0.976667 0 0 0 0
0.983333 0 0 0 0
0.99 0 0 0 0
0.996667 0 0 0 0
1.00333 0 0 0 0
1.01 0 0 0 0
1.01667 0 0 0 0
1.02333 0 0 0 0
1.03 0 0 0 0
1.03667 0 0 0 0
1.04333 0 0 0 0
1.05 0 0 0 0
1.05667 0 0 0 0
1.06333 0 0 0 0
1.07 0 0 0 0
1.07667 0 0 0 0
1.08333 0 0 0 0
1.09 0 0 0 0
1.09667 0 0 0 0
1.10333 0 0 0 0
1.11 0 0 0 0
1.11667 0 0 0 0
1.12333 0 0 0 0
1.13 0 0 0 0
1.13667 0 0 0 0
1.14333 0 0 0 0
1.15 0 0 0 0
1.15667 0 0 0 0
1.16333 0 0 0 0
1.17 0 0 0 0
1.17667 0 0 0 0
1.18333 0 0 0 0
1.19 0 0 0 0
1.19667 0 0 0 0
1.20333 0 0 0 0
1.21 0 0 0 0
1.21667 0 0 0 0
1.22333 0 0 0 0
1.23 0 0 0 0
1.23667 0 0 0 0
1.24333 0 0 0 0
1.25 0 0 0 0
1.25667 0 0 0 0
1.26333 0 0 0 0
1.27 0 0 0 0
1.27667 0 0 0 0
1.28333 0 0 0 0
1.29 0 0 0 0
1.29667 0 0 0 0
1.30333 0 0 0 0
1.31 0 0 0 0
1.31667 0 0 0 0
1.32333 0 0 0 0
1.33 0 0 0 0
1.33667 0 0 0 0
1.34333 0 0 0 0
1.35 0 0 0 0
1.35667 0 0 0 0
1.36333 0 0 0 0
1.37 0 0 0 0
1.37667 0 0 0 0
1.38333 0 0 0 0
1.39 0 0 0 0
1.39667 0 0 0 0
1.40333 0 0 0 0
1.41 0 0 0 0
1.41667 0 0 0 0
1.42333 0 0 0 0
1.43 0 0 0 0
1.43667 0 0 0 0
1.44333 0 0 0 0
1.45 0 0 0 0
1.45667 0 0 0 0
1.46333 0 0 0 0
1.47 0 0 0 0
1.47667 0 0 0 0
1.48333 0 0 0 0
1.49 0 0 0 0
1.49667 0 0 0 0
1.50333 0 0 0 0
1.51 0 0 0 0
1.51667 0 0 0 0
1.52333 0 0 0 0
1.53 0 0 0 0
1.53667 0 0 0 0
1.54333 0 0 0 0
1.55 0 0 0 0
1.55667 0 0 0 0
1.56333 0 0 0 0
1.57 0 0 0 0
1.57667 0 0 0 0
1.58333 0 0 0 0
1.59 0 0 0 0
1.59667 0 0 0 0
1.60333 0 0 0 0
1.61 0 0 0 0
1.61667 0 0 0 0
1.62333 0 0 0 0
1.63 0 0 0 0
1.63667 0 0 0 0
1.64333 0 0 0 0
1.65 0 0 0 0
1.65667 0 0 0 0
1.66333 0 0 0 0
1.67 0 0 0 0
1.67667 0 0 0 0
1.68333 0 0 0 0
1.69 0 0 0 0
1.69667 0 0 0 0
1.70333 0 0 0 0
1.71 0 0 0 0
1.71667 0 0 0 0
1.72333 0 0 0 0
1.73 0 0 0 0
1.73667 0 0 0 0
1.74333 0 0 0 0
1.75 0 0 0 0
1.75667 0 0 0 0
1.76333 0 0 0 0
1.77 0 0 0 0
1.77667 0 0 0 0
1.78333 0 0 0 0
1.79 0 0 0 0
1.79667 0 0 0 0
1.80333 0 0 0 0
1.81 0 0 0 0
1.81667 0 0 0 0
1.82333 0 0 0 0
1.83 0 0 0 0
1.83667 0 0 0 0
1.84333 0 0 0 0
1.85 0 0 0 0
1.85667 0 0 0 0
1.86333 0 0 0 0
1.87 0 0 0 0
1.87667 0 0 0 0
1.88333 0 0 0 0
1.89 0 0 0 0
1.89667 0 0 0 0
1.90333 0 0 0 0
1.91 0 0 0 0
1.91667 0 0 0 0
1.92333 0 0 0 0
1.93 0 0 0 0
1.93667 0 0 0 0
1.94333 0 0 0 0
1.95 0 0 0 0
1.95667 0 0 0 0
1.96333 0 0 0 0
1.97 0 0 0 0
1.97667 0 0 0 0
1.98333 0 0 0 0
1.99 0 0 0 0
1.99667 0 0 0 0
