0.00333333 5 23 32 9
0.01 1 23 47 10
0.0166667 3 36 36 13
0.0233333 5 34 36 7
0.03 8 36 46 11
0.0366667 4 46 58 16
0.0433333 5 53 88 22
0.05 14 52 100 29
0.0566667 14 69 120 37
0.0633333 14 74 123 32
0.07 16 77 133 38
0.0766667 14 63 139 38
0.0833333 16 97 154 42
0.09 13 87 138 37
0.0966667 13 85 141 34
0.103333 13 82 120 35
0.11 13 93 160 23
0.116667 10 81 120 36
0.123333 9 83 98 31
0.13 6 98 121 31
0.136667 4 101 114 33
0.143333 12 98 130 30
0.15 13 76 86 28
0.156667 7 86 99 25
0.163333 10 81 107 29
0.17 8 88 101 30
0.176667 8 67 119 31
0.183333 7 77 93 34
0.19 9 94 102 30
0.196667 6 102 103 19
0.203333 7 74 93 33
0.21 12 84 91 37
0.216667 11 63 69 16
0.223333 4 67 75 19
0.23 6 63 77 20
0.236667 5 69 69 20
0.243333 7 65 65 20
0.25 14 44 66 23
0.256667 6 60 72 15
0.263333 11 54 52 25
0.27 9 43 72 22
0.276667 5 53 65 18
0.283333 7 48 48 23
0.29 6 44 55 23
0.296667 5 49 53 15
0.303333 6 36 50 14
0.31 9 51 57 22
0.316667 5 48 51 16
0.323333 4 54 55 12
0.33 6 33 46 11
0.336667 5 45 38 17
0.343333 6 33 56 23
0.35 9 36 54 18
0.356667 2 36 36 19
0.363333 3 42 41 13
0.37 3 44 48 18
0.376667 2 32 41 15
0.383333 2 42 50 13
0.39 7 47 38 21
0.396667 6 34 45 10
0.403333 3 33 38 10
0.41 4 35 50 11
0.416667 0 36 36 19
0.423333 8 38 32 12
0.43 2 39 37 10
0.436667 7 30 35 9
0.443333 5 35 35 10
0.45 7 32 42 14
0.456667 5 33 35 8
0.463333 2 39 36 10
0.47 3 32 52 17
0.476667 2 35 35 11
0.483333 1 24 32 9
0.49 3 26 22 13
0.496667 2 23 19 8
0.503333 2 14 28 6
0.51 3 23 31 9
0.516667 4 21 19 10
0.523333 3 20 29 9
0.53 3 13 18 7
0.536667 4 11 14 6
0.543333 5 19 26 10
0.55 3 10 26 5
0.556667 7 17 25 10
0.563333 5 12 25 9
0.57 0 11 27 7
0.576667 5 18 23 9
0.583333 4 21 23 5
0.59 2 18 15 4
0.596667 3 11 25 6
0.603333 2 17 16 8
0.61 4 12 15 10
0.616667 4 14 20 5
0.623333 1 8 24 3
0.63 3 7 21 8
0.636667 2 9 15 12
0.643333 2 14 23 3
0.65 4 13 22 9
0.656667 3 20 21 6
0.663333 90 1321 929 231
0.67 0 0 0 0
0.676667 0 0 0 0
0.683333 0 0 0 0
0.69 0 0 0 0
0.696667 0 0 0 0
0.703333 0 0 0 0
0.71 0 0 0 0
0.716667 0 0 0 0
0.723333 0 0 0 0
0.73 0 0 0 0
0.736667 0 0 0 0
0.743333 0 0 0 0
0.75 0 0 0 0
0.756667 0 0 0 0
0.763333 0 0 0 0
0.77 0 0 0 0
0.776667 0 0 0 0
0.783333 0 0 0 0
0.79 0 0 0 0
0.796667 0 0 0 0
0.803333 0 0 0 0
0.81 0 0 0 0
0.816667 0 0 0 0
0.823333 0 0 0 0
0.83 0 0 0 0
0.836667 0 0 0 0
0.843333 0 0 0 0
0.85 0 0 0 0
0.856667 0 0 0 0
0.863333 0 0 0 0
0.87 0 0 0 0
0.876667 0 0 0 0
0.883333 0 0 0 0
0.89 0 0 0 0
0.896667 0 0 0 0
0.903333 0 0 0 0
0.91 0 0 0 0
0.916667 0 0 0 0
0.923333 0 0 0 0
0.93 0 0 0 0
0.936667 0 0 0 0
0.943333 0 0 0 0
0.95 0 0 0 0
0.956667 0 0 0 0
0.963333 0 0 0 0
0.97 0 0 0 0
0.976667 0 0 0 0
0.983333 0 0 0 0
0.99 0 0 0 0
0.996667 0 0 0 0
1.00333 0 0 0 0
1.01 0 0 0 0
1.01667 0 0 0 0
1.02333 0 0 0 0
1.03 0 0 0 0
1.03667 0 0 0 0
1.04333 0 0 0 0
1.05 0 0 0 0
1.05667 0 0 0 0
1.06333 0 0 0 0
1.07 0 0 0 0
1.07667 0 0 0 0
1.08333 0 0 0 0
1.09 0 0 0 0
1.09667 0 0 0 0
1.10333 0 0 0 0
1.11 0 0 0 0
1.11667 0 0 0 0
1.12333 0 0 0 0
1.13 0 0 0 0
1.13667 0 0 0 0
1.14333 0 0 0 0
1.15 0 0 0 0
1.15667 0 0 0 0
1.16333 0 0 0 0
1.17 0 0 0 0
1.17667 0 0 0 0
1.18333 0 0 0 0
1.19 0 0 0 0
1.19667 0 0 0 0
1.20333 0 0 0 0
1.21 0 0 0 0
1.21667 0 0 0 0
1.22333 0 0 0 0
1.23 0 0 0 0
1.23667 0 0 0 0
1.24333 0 0 0 0
1.25 0 0 0 0
1.25667 0 0 0 0
1.26333 0 0 0 0
1.27 0 0 0 0
1.27667 0 0 0 0
1.28333 0 0 0 0
1.29 0 0 0 0
1.29667 0 0 0 0
1.30333 0 0 0 0
1.31 0 0 0 0
1.31667 0 0 0 0
1.32333 0 0 0 0
1.33 0 0 0 0
1.33667 0 0 0 0
1.34333 0 0 0 0
1.35 0 0 0 0
1.35667 0 0 0 0
1.36333 0 0 0 0
1.37 0 0 0 0
1.37667 0 0 0 0
1.38333 0 0 0 0
1.39 0 0 0 0
1.39667 0 0 0 0
1.40333 0 0 0 0
1.41 0 0 0 0
1.41667 0 0 0 0
1.42333 0 0 0 0
1.43 0 0 0 0
1.43667 0 0 0 0
1.44333 0 0 0 0
1.45 0 0 0 0
1.45667 0 0 0 0
1.46333 0 0 0 0
1.47 0 0 0 0
1.47667 0 0 0 0
1.48333 0 0 0 0
1.49 0 0 0 0
1.49667 0 0 0 0
1.50333 0 0 0 0
1.51 0 0 0 0
1.51667 0 0 0 0
1.52333 0 0 0 0
1.53 0 0 0 0
1.53667 0 0 0 0
1.54333 0 0 0 0
1.55 0 0 0 0
1.55667 0 0 0 0
1.56333 0 0 0 0
1.57 0 0 0 0
1.57667 0 0 0 0
1.58333 0 0 0 0
1.59 0 0 0 0
1.59667 0 0 0 0
1.60333 0 0 0 0
1.61 0 0 0 0
1.61667 0 0 0 0
1.62333 0 0 0 0
1.63 0 0 0 0
1.63667 0 0 0 0
1.64333 0 0 0 0
1.65 0 0 0 0
1.65667 0 0 0 0
1.66333 0 0 0 0
1.67 0 0 0 0
1.67667 0 0 0 0
1.68333 0 0 0 0
1.69 0 0 0 0
1.69667 0 0 0 0
1.70333 0 0 0 0
1.71 0 0 0 0
1.71667 0 0 0 0
1.72333 0 0 0 0
1.73 0 0 0 0
1.73667 0 0 0 0
1.74333 0 0 0 0
1.75 0 0 0 0
1.75667 0 0 0 0
1.76333 0 0 0 0
1.77 0 0 0 0
1.77667 0 0 0 0
1.78333 0 0 0 0
1.79 0 0 0 0
1.79667 0 0 0 0
1.80333 0 0 0 0
1.81 0 0 0 0
1.81667 0 0 0 0
1.82333 0 0 0 0
1.83 0 0 0 0
1.83667 0 0 0 0
1.84333 0 0 0 0
1.85 0 0 0 0
1.85667 0 0 0 0
1.86333 0 0 0 0
1.87 0 0 0 0
1.87667 0 0 0 0
1.88333 0 0 0 0
1.89 0 0 0 0
1.89667 0 0 0 0
1.90333 0 0 0 0
1.91 0 0 0 0
1.91667 0 0 0 0
1.92333 0 0 0 0
1.93 0 0 0 0
1.93667 0 0 0 0
1.94333 0 0 0 0
1.95 0 0 0 0
1.95667 0 0 0 0
1.96333 0 0 0 0
1.97 0 0 0 0
1.97667 0 0 0 0
1.98333 0 0 0 0
1.99 0 0 0 0
1.99667 0 0 0 0
