0.00333333 16 45 5 12
0.01 29 31 7 14
0.0166667 18 45 13 18
0.0233333 26 38 11 12
0.03 18 43 12 12
0.0366667 28 57 18 11
0.0433333 29 67 19 14
0.05 41 75 23 16
0.0566667 42 99 32 21
0.0633333 39 102 36 16
0.07 55 117 46 21
0.0766667 53 128 34 23
0.0833333 58 112 33 17
0.09 60 119 35 24
0.0966667 43 108 35 22
0.103333 38 120 31 24
0.11 47 104 24 27
0.116667 41 143 28 32
0.123333 62 118 26 34
0.13 49 131 23 28
0.136667 42 106 27 34
0.143333 54 93 18 18
0.15 53 118 34 17
0.156667 57 91 25 25
0.163333 48 93 18 17
0.17 45 103 23 17
0.176667 48 104 28 27
0.183333 57 90 18 29
0.19 68 105 29 38
0.196667 55 108 21 33
0.203333 60 90 23 30
0.21 48 106 11 29
0.216667 29 98 22 20
0.223333 38 89 17 23
0.23 55 85 21 22
0.236667 43 87 17 25
0.243333 38 83 18 16
0.25 39 83 21 16
0.256667 39 72 13 18
0.263333 41 82 17 21
0.27 34 70 18 24
0.276667 34 65 17 19
0.283333 36 60 7 17
0.29 30 59 19 15
0.296667 28 67 19 15
0.303333 30 77 9 14
0.31 31 54 13 12
0.316667 30 68 20 14
0.323333 30 57 14 20
0.33 29 65 11 21
0.336667 27 53 12 11
0.343333 22 57 13 12
0.35 37 53 11 17
0.356667 29 52 14 17
0.363333 33 43 13 16
0.37 32 55 12 15
0.376667 18 44 15 10
0.383333 31 49 9 15
0.39 16 54 8 14
0.396667 31 51 12 13
0.403333 24 47 10 9
0.41 18 40 12 10
0.416667 36 42 11 18
0.423333 25 55 11 13
0.43 20 52 13 10
0.436667 39 47 11 15
0.443333 26 41 5 13
0.45 39 41 12 12
0.456667 23 44 19 18
0.463333 26 36 14 17
0.47 30 37 9 12
0.476667 30 39 9 12
0.483333 19 31 11 5
0.49 13 32 5 12
0.496667 18 33 6 10
0.503333 12 25 9 8
0.51 10 26 7 3
0.516667 15 25 5 11
0.523333 15 30 6 8
0.53 6 27 5 6
0.536667 12 31 8 5
0.543333 7 18 8 6
0.55 8 18 5 11
0.556667 14 28 8 4
0.563333 14 21 6 4
0.57 13 14 5 4
0.576667 13 28 6 5
0.583333 12 21 4 4
0.59 7 22 3 3
0.596667 8 21 6 8
0.603333 7 27 4 2
0.61 9 20 4 9
0.616667 9 18 6 3
0.623333 5 15 1 8
0.63 7 15 6 6
0.636667 6 28 5 7
0.643333 6 18 3 6
0.65 3 31 1 8
0.656667 3 19 4 9
0.663333 973 1335 128 561
0.67 0 0 0 0
0.676667 0 0 0 0
0.683333 0 0 0 0
0.69 0 0 0 0
0.696667 0 0 0 0
0.703333 0 0 0 0
0.71 0 0 0 0
0.716667 0 0 0 0
0.723333 0 0 0 0
0.73 0 0 0 0
0.736667 0 0 0 0
0.743333 0 0 0 0
0.75 0 0 0 0
0.756667 0 0 0 0
0.763333 0 0 0 0
0.77 0 0 0 0
0.776667 0 0 0 0
0.783333 0 0 0 0
0.79 0 0 0 0
0.796667 0 0 0 0
0.803333 0 0 0 0
0.81 0 0 0 0
0.816667 0 0 0 0
0.823333 0 0 0 0
0.83 0 0 0 0
0.836667 0 0 0 0
0.843333 0 0 0 0
0.85 0 0 0 0
0.856667 0 0 0 0
0.863333 0 0 0 0
0.87 0 0 0 0
0.876667 0 0 0 0
0.883333 0 0 0 0
0.89 0 0 0 0
0.896667 0 0 0 0
0.903333 0 0 0 0
0.91 0 0 0 0
0.916667 0 0 0 0
0.923333 0 0 0 0
0.93 0 0 0 0
0.936667 0 0 0 0
0.943333 0 0 0 0
0.95 0 0 0 0
0.956667 0 0 0 0
0.963333 0 0 0 0
0.97 0 0 0 0
0.976667 0 0 0 0
0.983333 0 0 0 0
0.99 0 0 0 0
0.996667 0 0 0 0
1.00333 0 0 0 0
1.01 0 0 0 0
1.01667 0 0 0 0
1.02333 0 0 0 0
1.03 0 0 0 0
1.03667 0 0 0 0
1.04333 0 0 0 0
1.05 0 0 0 0
1.05667 0 0 0 0
1.06333 0 0 0 0
1.07 0 0 0 0
1.07667 0 0 0 0
1.08333 0 0 0 0
1.09 0 0 0 0
1.09667 0 0 0 0
1.10333 0 0 0 0
1.11 0 0 0 0
1.11667 0 0 0 0
1.12333 0 0 0 0
1.13 0 0 0 0
1.13667 0 0 0 0
1.14333 0 0 0 0
1.15 0 0 0 0
1.15667 0 0 0 0
1.16333 0 0 0 0
1.17 0 0 0 0
1.17667 0 0 0 0
1.18333 0 0 0 0
1.19 0 0 0 0
1.19667 0 0 0 0
1.20333 0 0 0 0
1.21 0 0 0 0
1.21667 0 0 0 0
1.22333 0 0 0 0
1.23 0 0 0 0
1.23667 0 0 0 0
1.24333 0 0 0 0
1.25 0 0 0 0
1.25667 0 0 0 0
1.26333 0 0 0 0
1.27 0 0 0 0
1.27667 0 0 0 0
1.28333 0 0 0 0
1.29 0 0 0 0
1.29667 0 0 0 0
1.30333 0 0 0 0
1.31 0 0 0 0
1.31667 0 0 0 0
1.32333 0 0 0 0
1.33 0 0 0 0
1.33667 0 0 0 0
1.34333 0 0 0 0
1.35 0 0 0 0
1.35667 0 0 0 0
1.36333 0 0 0 0
1.37 0 0 0 0
1.37667 0 0 0 0
1.38333 0 0 0 0
1.39 0 0 0 0
1.39667 0 0 0 0
1.40333 0 0 0 0
1.41 0 0 0 0
1.41667 0 0 0 0
1.42333 0 0 0 0
1.43 0 0 0 0
1.43667 0 0 0 0
1.44333 0 0 0 0
1.45 0 0 0 0
1.45667 0 0 0 0
1.46333 0 0 0 0
1.47 0 0 0 0
1.47667 0 0 0 0
1.48333 0 0 0 0
1.49 0 0 0 0
1.49667 0 0 0 0
1.50333 0 0 0 0
1.51 0 0 0 0
1.51667 0 0 0 0
1.52333 0 0 0 0
1.53 0 0 0 0
1.53667 0 0 0 0
1.54333 0 0 0 0
1.55 0 0 0 0
1.55667 0 0 0 0
1.56333 0 0 0 0
1.57 0 0 0 0
1.57667 0 0 0 0
1.58333 0 0 0 0
1.59 0 0 0 0
1.59667 0 0 0 0
1.60333 0 0 0 0
1.61 0 0 0 0
1.61667 0 0 0 0
1.62333 0 0 0 0
1.63 0 0 0 0
1.63667 0 0 0 0
1.64333 0 0 0 0
1.65 0 0 0 0
1.65667 0 0 0 0
1.66333 0 0 0 0
1.67 0 0 0 0
1.67667 0 0 0 0
1.68333 0 0 0 0
1.69 0 0 0 0
1.69667 0 0 0 0
1.70333 0 0 0 0
1.71 0 0 0 0
1.71667 0 0 0 0
1.72333 0 0 0 0
1.73 0 0 0 0
1.73667 0 0 0 0
1.74333 0 0 0 0
1.75 0 0 0 0
1.75667 0 0 0 0
1.76333 0 0 0 0
1.77 0 0 0 0
1.77667 0 0 0 0
1.78333 0 0 0 0
1.79 0 0 0 0
1.79667 0 0 0 0
1.80333 0 0 0 0
1.81 0 0 0 0
1.81667 0 0 0 0
1.82333 0 0 0 0
1.83 0 0 0 0
1.83667 0 0 0 0
1.84333 0 0 0 0
1.85 0 0 0 0
1.85667 0 0 0 0
1.86333 0 0 0 0
1.87 0 0 0 0
1.87667 0 0 0 0
1.88333 0 0 0 0
1.89 0 0 0 0
1.89667 0 0 0 0
1.90333 0 0 0 0
1.91 0 0 0 0
1.91667 0 0 0 0
1.92333 0 0 0 0
1.93 0 0 0 0
1.93667 0 0 0 0
1.94333 0 0 0 0
1.95 0 0 0 0
1.95667 0 0 0 0
1.96333 0 0 0 0
1.97 0 0 0 0
1.97667 0 0 0 0
1.98333 0 0 0 0
1.99 0 0 0 0
1.99667 0 0 0 0
