0.00333333 20 26 2 0
0.01 34 37 5 2
0.0166667 37 30 7 3
0.0233333 45 48 5 0
0.03 47 46 4 3
0.0366667 53 57 9 3
0.0433333 90 81 12 2
0.05 88 115 10 5
0.0566667 96 138 19 1
0.0633333 95 137 9 6
0.07 133 152 21 5
0.0766667 108 170 13 5
0.0833333 140 148 15 4
0.09 125 134 22 4
0.0966667 118 136 20 0
0.103333 123 138 25 4
0.11 111 130 24 3
0.116667 123 133 20 2
0.123333 95 133 23 4
0.13 101 136 22 5
0.136667 114 82 11 3
0.143333 99 90 11 4
0.15 99 98 13 6
0.156667 88 112 11 0
0.163333 69 86 17 2
0.17 86 100 8 3
0.176667 91 82 10 3
0.183333 78 91 19 3
0.19 91 77 10 0
0.196667 88 91 12 2
0.203333 71 93 13 3
0.21 68 71 8 1
0.216667 67 86 13 3
0.223333 62 60 15 3
0.23 66 75 16 2
0.236667 69 76 13 2
0.243333 52 71 12 3
0.25 60 65 14 4
0.256667 50 52 16 3
0.263333 52 61 16 1
0.27 50 48 7 4
0.276667 62 61 9 2
0.283333 64 56 7 3
0.29 58 56 7 3
0.296667 46 61 9 0
0.303333 57 61 7 0
0.31 54 53 7 1
0.316667 34 42 9 1
0.323333 43 48 8 2
0.33 42 52 6 1
0.336667 40 45 12 2
0.343333 36 42 4 1
0.35 29 53 4 0
0.356667 46 40 8 1
0.363333 46 50 10 0
0.37 34 37 10 1
0.376667 36 38 9 1
0.383333 37 28 5 1
0.39 39 46 5 0
0.396667 46 34 3 1
0.403333 30 35 5 2
0.41 35 29 11 0
0.416667 35 35 6 3
0.423333 40 31 7 1
0.43 33 37 5 0
0.436667 26 34 2 4
0.443333 37 26 6 2
0.45 34 27 3 1
0.456667 30 34 7 6
0.463333 25 26 6 0
0.47 28 22 10 3
0.476667 24 26 6 2
0.483333 23 23 4 1
0.49 31 24 4 1
0.496667 22 26 2 0
0.503333 21 28 4 0
0.51 29 20 6 1
0.516667 26 17 1 1
0.523333 27 16 4 1
0.53 21 12 6 1
0.536667 23 18 5 3
0.543333 18 19 2 1
0.55 12 22 4 0
0.556667 8 12 4 0
0.563333 18 26 5 1
0.57 14 24 5 0
0.576667 20 24 7 1
0.583333 22 13 1 0
0.59 24 15 3 0
0.596667 19 24 4 2
0.603333 13 19 7 1
0.61 13 17 1 2
0.616667 13 18 6 1
0.623333 21 17 4 1
0.63 16 13 4 0
0.636667 13 23 7 4
0.643333 21 16 2 1
0.65 17 14 1 3
0.656667 15 19 3 1
0.663333 764 686 112 21
0.67 0 0 0 0
0.676667 0 0 0 0
0.683333 0 0 0 0
0.69 0 0 0 0
0.696667 0 0 0 0
0.703333 0 0 0 0
0.71 0 0 0 0
0.716667 0 0 0 0
0.723333 0 0 0 0
0.73 0 0 0 0
0.736667 0 0 0 0
0.743333 0 0 0 0
0.75 0 0 0 0
0.756667 0 0 0 0
0.763333 0 0 0 0
0.77 0 0 0 0
0.776667 0 0 0 0
0.783333 0 0 0 0
0.79 0 0 0 0
0.796667 0 0 0 0
0.803333 0 0 0 0
0.81 0 0 0 0
0.816667 0 0 0 0
0.823333 0 0 0 0
0.83 0 0 0 0
0.836667 0 0 0 0
0.843333 0 0 0 0
0.85 0 0 0 0
0.856667 0 0 0 0
0.863333 0 0 0 0
0.87 0 0 0 0
0.876667 0 0 0 0
0.883333 0 0 0 0
0.89 0 0 0 0
0.896667 0 0 0 0
0.903333 0 0 0 0
0.91 0 0 0 0
0.916667 0 0 0 0
0.923333 0 0 0 0
0.93 0 0 0 0
0.936667 0 0 0 0
0.943333 0 0 0 0
0.95 0 0 0 0
0.956667 0 0 0 0
0.963333 0 0 0 0
0.97 0 0 0 0
0.976667 0 0 0 0
0.983333 0 0 0 0
0.99 0 0 0 0
0.996667 0 0 0 0
1.00333 0 0 0 0
1.01 0 0 0 0
1.01667 0 0 0 0
1.02333 0 0 0 0
1.03 0 0 0 0
1.03667 0 0 0 0
1.04333 0 0 0 0
1.05 0 0 0 0
1.05667 0 0 0 0
1.06333 0 0 0 0
1.07 0 0 0 0
1.07667 0 0 0 0
1.08333 0 0 0 0
1.09 0 0 0 0
1.09667 0 0 0 0
1.10333 0 0 0 0
1.11 0 0 0 0
1.11667 0 0 0 0
1.12333 0 0 0 0
1.13 0 0 0 0
1.13667 0 0 0 0
1.14333 0 0 0 0
1.15 0 0 0 0
1.15667 0 0 0 0
1.16333 0 0 0 0
1.17 0 0 0 0
1.17667 0 0 0 0
1.18333 0 0 0 0
1.19 0 0 0 0
1.19667 0 0 0 0
1.20333 0 0 0 0
1.21 0 0 0 0
1.21667 0 0 0 0
1.22333 0 0 0 0
1.23 0 0 0 0
1.23667 0 0 0 0
1.24333 0 0 0 0
1.25 0 0 0 0
1.25667 0 0 0 0
1.26333 0 0 0 0
1.27 0 0 0 0
1.27667 0 0 0 0
1.28333 0 0 0 0
1.29 0 0 0 0
1.29667 0 0 0 0
1.30333 0 0 0 0
1.31 0 0 0 0
1.31667 0 0 0 0
1.32333 0 0 0 0
1.33 0 0 0 0
1.33667 0 0 0 0
1.34333 0 0 0 0
1.35 0 0 0 0
1.35667 0 0 0 0
1.36333 0 0 0 0
1.37 0 0 0 0
1.37667 0 0 0 0
1.38333 0 0 0 0
1.39 0 0 0 0
1.39667 0 0 0 0
1.40333 0 0 0 0
1.41 0 0 0 0
1.41667 0 0 0 0
1.42333 0 0 0 0
1.43 0 0 0 0
1.43667 0 0 0 0
1.44333 0 0 0 0
1.45 0 0 0 0
1.45667 0 0 0 0
1.46333 0 0 0 0
1.47 0 0 0 0
1.47667 0 0 0 0
1.48333 0 0 0 0
1.49 0 0 0 0
1.49667 0 0 0 0
1.50333 0 0 0 0
1.51 0 0 0 0
1.51667 0 0 0 0
1.52333 0 0 0 0
1.53 0 0 0 0
1.53667 0 0 0 0
1.54333 0 0 0 0
1.55 0 0 0 0
1.55667 0 0 0 0
1.56333 0 0 0 0
1.57 0 0 0 0
1.57667 0 0 0 0
1.58333 0 0 0 0
1.59 0 0 0 0
1.59667 0 0 0 0
1.60333 0 0 0 0
1.61 0 0 0 0
1.61667 0 0 0 0
1.62333 0 0 0 0
1.63 0 0 0 0
1.63667 0 0 0 0
1.64333 0 0 0 0
1.65 0 0 0 0
1.65667 0 0 0 0
1.66333 0 0 0 0
1.67 0 0 0 0
1.67667 0 0 0 0
1.68333 0 0 0 0
1.69 0 0 0 0
1.69667 0 0 0 0
1.70333 0 0 0 0
1.71 0 0 0 0
1.71667 0 0 0 0
1.72333 0 0 0 0
1.73 0 0 0 0
1.73667 0 0 0 0
1.74333 0 0 0 0
1.75 0 0 0 0
1.75667 0 0 0 0
1.76333 0 0 0 0
1.77 0 0 0 0
1.77667 0 0 0 0
1.78333 0 0 0 0
1.79 0 0 0 0
1.79667 0 0 0 0
1.80333 0 0 0 0
1.81 0 0 0 0
1.81667 0 0 0 0
1.82333 0 0 0 0
1.83 0 0 0 0
1.83667 0 0 0 0
1.84333 0 0 0 0
1.85 0 0 0 0
1.85667 0 0 0 0
1.86333 0 0 0 0
1.87 0 0 0 0
1.87667 0 0 0 0
1.88333 0 0 0 0
1.89 0 0 0 0
1.89667 0 0 0 0
1.90333 0 0 0 0
1.91 0 0 0 0
1.91667 0 0 0 0
1.92333 0 0 0 0
1.93 0 0 0 0
1.93667 0 0 0 0
1.94333 0 0 0 0
1.95 0 0 0 0
1.95667 0 0 0 0
1.96333 0 0 0 0
1.97 0 0 0 0
1.97667 0 0 0 0
1.98333 0 0 0 0
1.99 0 0 0 0
1.99667 0 0 0 0
