0.00333333 7 64 26 1
0.01 4 44 24 0
0.0166667 3 51 30 0
0.0233333 4 51 30 2
0.03 8 63 27 3
0.0366667 13 76 39 5
0.0433333 16 76 43 2
0.05 15 100 38 3
0.0566667 13 129 43 3
0.0633333 30 107 50 1
0.07 22 145 54 0
0.0766667 22 159 59 5
0.0833333 29 162 51 5
0.09 17 133 47 3
0.0966667 20 117 55 7
0.103333 25 157 51 6
0.11 23 146 58 7
0.116667 18 140 61 6
0.123333 15 134 52 6
0.13 22 145 60 5
0.136667 16 121 51 2
0.143333 19 123 47 4
0.15 10 127 49 2
0.156667 15 123 53 2
0.163333 8 142 62 3
0.17 12 146 63 4
0.176667 18 114 58 1
0.183333 8 121 68 6
0.19 10 120 91 4
0.196667 12 129 63 2
0.203333 9 124 74 5
0.21 10 126 59 3
0.216667 15 113 68 1
0.223333 15 106 39 5
0.23 8 128 63 3
0.236667 11 133 48 1
0.243333 8 117 44 2
0.25 13 119 51 5
0.256667 12 105 43 4
0.263333 9 88 40 1
0.27 15 101 39 3
0.276667 7 103 66 3
0.283333 11 78 45 2
0.29 6 93 53 2
0.296667 7 83 38 2
0.303333 6 98 39 6
0.31 7 87 37 2
0.316667 8 87 46 2
0.323333 9 83 40 3
0.33 7 96 26 1
0.336667 9 86 39 1
0.343333 6 72 40 0
0.35 9 77 43 3
0.356667 9 63 37 2
0.363333 12 57 42 2
0.37 12 77 43 0
0.376667 9 64 43 4
0.383333 11 73 36 2
0.39 7 69 28 1
0.396667 5 68 38 1
0.403333 7 57 29 0
0.41 9 58 39 1
0.416667 10 81 43 1
0.423333 6 63 38 1
0.43 6 72 35 2
0.436667 8 62 26 2
0.443333 2 62 35 2
0.45 7 63 29 1
0.456667 9 62 31 1
0.463333 8 73 39 0
0.47 7 61 37 1
0.476667 6 56 26 1
0.483333 6 34 18 3
0.49 6 41 18 4
0.496667 4 37 15 1
0.503333 3 36 13 1
0.51 6 34 23 1
0.516667 7 32 24 1
0.523333 6 36 14 1
0.53 7 33 13 1
0.536667 2 29 12 1
0.543333 7 37 8 0
0.55 5 23 7 1
0.556667 8 31 12 0
0.563333 1 37 10 1
0.57 3 31 10 1
0.576667 6 24 9 1
0.583333 4 27 7 0
0.59 3 29 8 2
0.596667 4 33 5 0
0.603333 2 30 3 2
0.61 4 27 5 1
0.616667 6 23 2 1
0.623333 3 36 2 1
0.63 1 26 5 3
0.636667 1 38 6 0
0.643333 6 31 3 0
0.65 1 20 4 2
0.656667 5 26 3 0
0.663333 86 2403 1791 11
0.67 0 0 0 0
0.676667 0 0 0 0
0.683333 0 0 0 0
0.69 0 0 0 0
0.696667 0 0 0 0
0.703333 0 0 0 0
0.71 0 0 0 0
0.716667 0 0 0 0
0.723333 0 0 0 0
0.73 0 0 0 0
0.736667 0 0 0 0
0.743333 0 0 0 0
0.75 0 0 0 0
0.756667 0 0 0 0
0.763333 0 0 0 0
0.77 0 0 0 0
0.776667 0 0 0 0
0.783333 0 0 0 0
0.79 0 0 0 0
0.796667 0 0 0 0
0.803333 0 0 0 0
0.81 0 0 0 0
0.816667 0 0 0 0
0.823333 0 0 0 0
0.83 0 0 0 0
0.836667 0 0 0 0
0.843333 0 0 0 0
0.85 0 0 0 0
0.856667 0 0 0 0
0.863333 0 0 0 0
0.87 0 0 0 0
0.876667 0 0 0 0
0.883333 0 0 0 0
0.89 0 0 0 0
0.896667 0 0 0 0
0.903333 0 0 0 0
0.91 0 0 0 0
0.916667 0 0 0 0
0.923333 0 0 0 0
0.93 0 0 0 0
0.936667 0 0 0 0
0.943333 0 0 0 0
0.95 0 0 0 0
0.956667 0 0 0 0
0.963333 0 0 0 0
0.97 0 0 0 0
0.976667 0 0 0 0
0.983333 0 0 0 0
0.99 0 0 0 0
0.996667 0 0 0 0
1.00333 0 0 0 0
1.01 0 0 0 0
1.01667 0 0 0 0
1.02333 0 0 0 0
1.03 0 0 0 0
1.03667 0 0 0 0
1.04333 0 0 0 0
1.05 0 0 0 0
1.05667 0 0 0 0
1.06333 0 0 0 0
1.07 0 0 0 0
1.07667 0 0 0 0
1.08333 0 0 0 0
1.09 0 0 0 0
1.09667 0 0 0 0
1.10333 0 0 0 0
1.11 0 0 0 0
1.11667 0 0 0 0
1.12333 0 0 0 0
1.13 0 0 0 0
1.13667 0 0 0 0
1.14333 0 0 0 0
1.15 0 0 0 0
1.15667 0 0 0 0
1.16333 0 0 0 0
1.17 0 0 0 0
1.17667 0 0 0 0
1.18333 0 0 0 0
1.19 0 0 0 0
1.19667 0 0 0 0
1.20333 0 0 0 0
1.21 0 0 0 0
1.21667 0 0 0 0
1.22333 0 0 0 0
1.23 0 0 0 0
1.23667 0 0 0 0
1.24333 0 0 0 0
1.25 0 0 0 0
1.25667 0 0 0 0
1.26333 0 0 0 0
1.27 0 0 0 0
1.27667 0 0 0 0
1.28333 0 0 0 0
1.29 0 0 0 0
1.29667 0 0 0 0
1.30333 0 0 0 0
1.31 0 0 0 0
1.31667 0 0 0 0
1.32333 0 0 0 0
1.33 0 0 0 0
1.33667 0 0 0 0
1.34333 0 0 0 0
1.35 0 0 0 0
1.35667 0 0 0 0
1.36333 0 0 0 0
1.37 0 0 0 0
1.37667 0 0 0 0
1.38333 0 0 0 0
1.39 0 0 0 0
1.39667 0 0 0 0
1.40333 0 0 0 0
1.41 0 0 0 0
1.41667 0 0 0 0
1.42333 0 0 0 0
1.43 0 0 0 0
1.43667 0 0 0 0
1.44333 0 0 0 0
1.45 0 0 0 0
1.45667 0 0 0 0
1.46333 0 0 0 0
1.47 0 0 0 0
1.47667 0 0 0 0
1.48333 0 0 0 0
1.49 0 0 0 0
1.49667 0 0 0 0
1.50333 0 0 0 0
1.51 0 0 0 0
1.51667 0 0 0 0
1.52333 0 0 0 0
1.53 0 0 0 0
1.53667 0 0 0 0
1.54333 0 0 0 0
1.55 0 0 0 0
1.55667 0 0 0 0
1.56333 0 0 0 0
1.57 0 0 0 0
1.57667 0 0 0 0
1.58333 0 0 0 0
1.59 0 0 0 0
1.59667 0 0 0 0
1.60333 0 0 0 0
1.61 0 0 0 0
1.61667 0 0 0 0
1.62333 0 0 0 0
1.63 0 0 0 0
1.63667 0 0 0 0
1.64333 0 0 0 0
1.65 0 0 0 0
1.65667 0 0 0 0
1.66333 0 0 0 0
1.67 0 0 0 0
1.67667 0 0 0 0
1.68333 0 0 0 0
1.69 0 0 0 0
1.69667 0 0 0 0
1.70333 0 0 0 0
1.71 0 0 0 0
1.71667 0 0 0 0
1.72333 0 0 0 0
1.73 0 0 0 0
1.73667 0 0 0 0
1.74333 0 0 0 0
1.75 0 0 0 0
1.75667 0 0 0 0
1.76333 0 0 0 0
1.77 0 0 0 0
1.77667 0 0 0 0
1.78333 0 0 0 0
1.79 0 0 0 0
1.79667 0 0 0 0
1.80333 0 0 0 0
1.81 0 0 0 0
1.81667 0 0 0 0
1.82333 0 0 0 0
1.83 0 0 0 0
1.83667 0 0 0 0
1.84333 0 0 0 0
1.85 0 0 0 0
1.85667 0 0 0 0
1.86333 0 0 0 0
1.87 0 0 0 0
1.87667 0 0 0 0
1.88333 0 0 0 0
1.89 0 0 0 0
1.89667 0 0 0 0
1.90333 0 0 0 0
1.91 0 0 0 0
1.91667 0 0 0 0
1.92333 0 0 0 0
1.93 0 0 0 0
1.93667 0 0 0 0
1.94333 0 0 0 0
1.95 0 0 0 0
1.95667 0 0 0 0
1.96333 0 0 0 0
1.97 0 0 0 0
1.97667 0 0 0 0
1.98333 0 0 0 0
1.99 0 0 0 0
1.99667 0 0 0 0
