0.00333333 4 16 65 7
0.01 0 17 77 5
0.0166667 10 13 98 7
0.0233333 6 16 94 15
0.03 3 23 85 16
0.0366667 4 23 107 15
0.0433333 4 31 141 18
0.05 8 43 171 19
0.0566667 4 44 174 34
0.0633333 12 49 197 30
0.07 7 65 240 38
0.0766667 16 74 270 33
0.0833333 19 63 258 31
0.09 12 59 253 28
0.0966667 7 62 254 26
0.103333 13 48 249 29
0.11 11 61 282 32
0.116667 7 64 273 37
0.123333 13 50 268 26
0.13 11 45 276 25
0.136667 17 38 243 14
0.143333 7 46 274 29
0.15 5 34 246 23
0.156667 7 32 248 19
0.163333 5 53 232 23
0.17 10 40 240 17
0.176667 6 30 247 19
0.183333 4 47 242 21
0.19 9 48 302 21
0.196667 5 46 240 19
0.203333 6 38 228 20
0.21 10 29 226 19
0.216667 2 29 252 18
0.223333 6 26 190 16
0.23 4 33 201 21
0.236667 5 30 183 14
0.243333 7 39 178 15
0.25 5 25 179 9
0.256667 5 23 148 14
0.263333 5 24 134 14
0.27 5 27 143 8
0.276667 3 17 144 12
0.283333 2 13 137 10
0.29 5 27 136 12
0.296667 6 23 113 15
0.303333 3 16 120 13
0.31 5 26 113 13
0.316667 2 13 103 12
0.323333 3 30 122 8
0.33 7 22 99 7
0.336667 3 27 88 9
0.343333 3 21 109 19
0.35 2 19 112 5
0.356667 1 21 99 12
0.363333 5 21 94 13
0.37 2 22 78 12
0.376667 6 17 96 11
0.383333 1 11 86 11
0.39 3 17 78 10
0.396667 4 16 93 7
0.403333 6 23 87 8
0.41 4 12 73 5
0.416667 3 17 106 8
0.423333 3 13 75 12
0.43 1 18 89 12
0.436667 2 15 79 11
0.443333 2 20 81 14
0.45 3 12 84 8
0.456667 6 11 79 6
0.463333 1 20 74 6
0.47 2 15 76 7
0.476667 6 12 86 9
0.483333 5 15 53 4
0.49 0 6 52 7
0.496667 2 19 45 6
0.503333 3 11 56 7
0.51 2 8 46 5
0.516667 2 5 34 5
0.523333 3 15 46 3
0.53 2 8 36 6
0.536667 1 6 39 4
0.543333 3 4 35 2
0.55 1 11 37 3
0.556667 2 5 32 2
0.563333 2 9 39 5
0.57 2 12 43 7
0.576667 3 16 34 5
0.583333 2 9 39 4
0.59 2 9 35 4
0.596667 2 9 35 11
0.603333 0 8 31 3
0.61 0 10 31 7
0.616667 4 9 40 5
0.623333 0 12 32 5
0.63 3 7 21 2
0.636667 0 7 45 5
0.643333 1 9 29 5
0.65 3 3 33 2
0.656667 0 5 23 5
0.663333 39 307 3246 121
0.67 0 0 0 0
0.676667 0 0 0 0
0.683333 0 0 0 0
0.69 0 0 0 0
0.696667 0 0 0 0
0.703333 0 0 0 0
0.71 0 0 0 0
0.716667 0 0 0 0
0.723333 0 0 0 0
0.73 0 0 0 0
0.736667 0 0 0 0
0.743333 0 0 0 0
0.75 0 0 0 0
0.756667 0 0 0 0
0.763333 0 0 0 0
0.77 0 0 0 0
0.776667 0 0 0 0
0.783333 0 0 0 0
0.79 0 0 0 0
0.796667 0 0 0 0
0.803333 0 0 0 0
0.81 0 0 0 0
0.816667 0 0 0 0
0.823333 0 0 0 0
0.83 0 0 0 0
0.836667 0 0 0 0
0.843333 0 0 0 0
0.85 0 0 0 0
0.856667 0 0 0 0
0.863333 0 0 0 0
0.87 0 0 0 0
0.876667 0 0 0 0
0.883333 0 0 0 0
0.89 0 0 0 0
0.896667 0 0 0 0
0.903333 0 0 0 0
0.91 0 0 0 0
0.916667 0 0 0 0
0.923333 0 0 0 0
0.93 0 0 0 0
0.936667 0 0 0 0
0.943333 0 0 0 0
0.95 0 0 0 0
0.956667 0 0 0 0
0.963333 0 0 0 0
0.97 0 0 0 0
0.976667 0 0 0 0
0.983333 0 0 0 0
0.99 0 0 0 0
0.996667 0 0 0 0
1.00333 0 0 0 0
1.01 0 0 0 0
1.01667 0 0 0 0
1.02333 0 0 0 0
1.03 0 0 0 0
1.03667 0 0 0 0
1.04333 0 0 0 0
1.05 0 0 0 0
1.05667 0 0 0 0
1.06333 0 0 0 0
1.07 0 0 0 0
1.07667 0 0 0 0
1.08333 0 0 0 0
1.09 0 0 0 0
1.09667 0 0 0 0
1.10333 0 0 0 0
1.11 0 0 0 0
1.11667 0 0 0 0
1.12333 0 0 0 0
1.13 0 0 0 0
1.13667 0 0 0 0
1.14333 0 0 0 0
1.15 0 0 0 0
1.15667 0 0 0 0
1.16333 0 0 0 0
1.17 0 0 0 0
1.17667 0 0 0 0
1.18333 0 0 0 0
1.19 0 0 0 0
1.19667 0 0 0 0
1.20333 0 0 0 0
1.21 0 0 0 0
1.21667 0 0 0 0
1.22333 0 0 0 0
1.23 0 0 0 0
1.23667 0 0 0 0
1.24333 0 0 0 0
1.25 0 0 0 0
1.25667 0 0 0 0
1.26333 0 0 0 0
1.27 0 0 0 0
1.27667 0 0 0 0
1.28333 0 0 0 0
1.29 0 0 0 0
1.29667 0 0 0 0
1.30333 0 0 0 0
1.31 0 0 0 0
1.31667 0 0 0 0
1.32333 0 0 0 0
1.33 0 0 0 0
1.33667 0 0 0 0
1.34333 0 0 0 0
1.35 0 0 0 0
1.35667 0 0 0 0
1.36333 0 0 0 0
1.37 0 0 0 0
1.37667 0 0 0 0
1.38333 0 0 0 0
1.39 0 0 0 0
1.39667 0 0 0 0
1.40333 0 0 0 0
1.41 0 0 0 0
1.41667 0 0 0 0
1.42333 0 0 0 0
1.43 0 0 0 0
1.43667 0 0 0 0
1.44333 0 0 0 0
1.45 0 0 0 0
1.45667 0 0 0 0
1.46333 0 0 0 0
1.47 0 0 0 0
1.47667 0 0 0 0
1.48333 0 0 0 0
1.49 0 0 0 0
1.49667 0 0 0 0
1.50333 0 0 0 0
1.51 0 0 0 0
1.51667 0 0 0 0
1.52333 0 0 0 0
1.53 0 0 0 0
1.53667 0 0 0 0
1.54333 0 0 0 0
1.55 0 0 0 0
1.55667 0 0 0 0
1.56333 0 0 0 0
1.57 0 0 0 0
1.57667 0 0 0 0
1.58333 0 0 0 0
1.59 0 0 0 0
1.59667 0 0 0 0
1.60333 0 0 0 0
1.61 0 0 0 0
1.61667 0 0 0 0
1.62333 0 0 0 0
1.63 0 0 0 0
1.63667 0 0 0 0
1.64333 0 0 0 0
1.65 0 0 0 0
1.65667 0 0 0 0
1.66333 0 0 0 0
1.67 0 0 0 0
1.67667 0 0 0 0
1.68333 0 0 0 0
1.69 0 0 0 0
1.69667 0 0 0 0
1.70333 0 0 0 0
1.71 0 0 0 0
1.71667 0 0 0 0
1.72333 0 0 0 0
1.73 0 0 0 0
1.73667 0 0 0 0
1.74333 0 0 0 0
1.75 0 0 0 0
1.75667 0 0 0 0
1.76333 0 0 0 0
1.77 0 0 0 0
1.77667 0 0 0 0
1.78333 0 0 0 0
1.79 0 0 0 0
1.79667 0 0 0 0
1.80333 0 0 0 0
1.81 0 0 0 0
1.81667 0 0 0 0
1.82333 0 0 0 0
1.83 0 0 0 0
1.83667 0 0 0 0
1.84333 0 0 0 0
1.85 0 0 0 0
1.85667 0 0 0 0
1.86333 0 0 0 0
1.87 0 0 0 0
1.87667 0 0 0 0
1.88333 0 0 0 0
1.89 0 0 0 0
1.89667 0 0 0 0
1.90333 0 0 0 0
1.91 0 0 0 0
1.91667 0 0 0 0
1.92333 0 0 0 0
1.93 0 0 0 0
1.93667 0 0 0 0
1.94333 0 0 0 0
1.95 0 0 0 0
1.95667 0 0 0 0
1.96333 0 0 0 0
1.97 0 0 0 0
1.97667 0 0 0 0
1.98333 0 0 0 0
1.99 0 0 0 0
1.99667 0 0 0 0
