0.00333333 39 60 2 2
0.01 55 54 7 3
0.0166667 37 60 4 2
0.0233333 56 71 4 5
0.03 63 78 7 5
0.0366667 57 99 2 4
0.0433333 84 123 15 2
0.05 121 126 12 6
0.0566667 121 206 17 6
0.0633333 134 217 21 5
0.07 171 205 15 4
0.0766667 142 204 26 4
0.0833333 147 229 14 13
0.09 147 235 24 8
0.0966667 159 252 21 5
0.103333 164 225 17 8
0.11 152 231 14 6
0.116667 152 225 19 6
0.123333 149 246 21 4
0.13 142 246 18 15
0.136667 154 206 21 4
0.143333 141 207 18 4
0.15 139 186 14 15
0.156667 160 174 13 2
0.163333 134 185 16 12
0.17 156 165 8 9
0.176667 155 174 7 7
0.183333 134 169 12 6
0.19 126 198 12 4
0.196667 134 177 5 9
0.203333 119 146 9 5
0.21 120 155 12 10
0.216667 107 159 7 11
0.223333 121 123 21 15
0.23 92 137 5 5
0.236667 111 139 17 3
0.243333 100 127 6 4
0.25 92 122 9 6
0.256667 71 116 7 9
0.263333 90 106 7 3
0.27 78 107 5 7
0.276667 96 120 7 4
0.283333 77 99 15 3
0.29 57 105 8 2
0.296667 75 73 2 2
0.303333 61 102 8 5
0.31 79 97 5 5
0.316667 73 83 4 5
0.323333 66 98 7 6
0.33 65 78 10 4
0.336667 57 69 10 4
0.343333 51 85 7 4
0.35 60 89 4 3
0.356667 57 62 7 6
0.363333 64 81 6 3
0.37 49 68 7 1
0.376667 62 69 12 6
0.383333 55 82 2 4
0.39 38 64 5 4
0.396667 56 49 3 3
0.403333 51 72 10 2
0.41 49 69 7 2
0.416667 43 54 5 8
0.423333 32 67 8 4
0.43 48 64 2 2
0.436667 50 54 3 3
0.443333 43 53 10 4
0.45 44 58 7 3
0.456667 42 55 9 2
0.463333 47 72 6 4
0.47 44 67 4 1
0.476667 49 49 6 3
0.483333 27 40 4 1
0.49 31 47 8 1
0.496667 30 38 7 1
0.503333 27 42 4 3
0.51 28 34 1 2
0.516667 28 45 2 2
0.523333 21 31 6 1
0.53 27 32 2 3
0.536667 29 25 4 2
0.543333 30 27 2 2
0.55 21 35 2 3
0.556667 19 32 2 1
0.563333 22 36 2 4
0.57 22 36 4 6
0.576667 17 31 0 1
0.583333 18 31 4 1
0.59 15 26 2 3
0.596667 23 24 2 2
0.603333 19 24 1 4
0.61 16 28 4 3
0.616667 17 17 3 3
0.623333 24 24 1 2
0.63 21 34 0 1
0.636667 17 32 4 0
0.643333 19 30 2 1
0.65 19 20 3 4
0.656667 15 21 6 6
0.663333 1465 1692 83 66
0.67 0 0 0 0
0.676667 0 0 0 0
0.683333 0 0 0 0
0.69 0 0 0 0
0.696667 0 0 0 0
0.703333 0 0 0 0
0.71 0 0 0 0
0.716667 0 0 0 0
0.723333 0 0 0 0
0.73 0 0 0 0
0.736667 0 0 0 0
0.743333 0 0 0 0
0.75 0 0 0 0
0.756667 0 0 0 0
0.763333 0 0 0 0
0.77 0 0 0 0
0.776667 0 0 0 0
0.783333 0 0 0 0
0.79 0 0 0 0
0.796667 0 0 0 0
0.803333 0 0 0 0
0.81 0 0 0 0
0.816667 0 0 0 0
0.823333 0 0 0 0
0.83 0 0 0 0
0.836667 0 0 0 0
0.843333 0 0 0 0
0.85 0 0 0 0
0.856667 0 0 0 0
0.863333 0 0 0 0
0.87 0 0 0 0
0.876667 0 0 0 0
0.883333 0 0 0 0
0.89 0 0 0 0
0.896667 0 0 0 0
0.903333 0 0 0 0
0.91 0 0 0 0
0.916667 0 0 0 0
0.923333 0 0 0 0
0.93 0 0 0 0
0.936667 0 0 0 0
0.943333 0 0 0 0
0.95 0 0 0 0
0.956667 0 0 0 0
0.963333 0 0 0 0
0.97 0 0 0 0
0.976667 0 0 0 0
0.983333 0 0 0 0
0.99 0 0 0 0
0.996667 0 0 0 0
1.00333 0 0 0 0
1.01 0 0 0 0
1.01667 0 0 0 0
1.02333 0 0 0 0
1.03 0 0 0 0
1.03667 0 0 0 0
1.04333 0 0 0 0
1.05 0 0 0 0
1.05667 0 0 0 0
1.06333 0 0 0 0
1.07 0 0 0 0
1.07667 0 0 0 0
1.08333 0 0 0 0
1.09 0 0 0 0
1.09667 0 0 0 0
1.10333 0 0 0 0
1.11 0 0 0 0
1.11667 0 0 0 0
1.12333 0 0 0 0
1.13 0 0 0 0
1.13667 0 0 0 0
1.14333 0 0 0 0
1.15 0 0 0 0
1.15667 0 0 0 0
1.16333 0 0 0 0
1.17 0 0 0 0
1.17667 0 0 0 0
1.18333 0 0 0 0
1.19 0 0 0 0
1.19667 0 0 0 0
1.20333 0 0 0 0
1.21 0 0 0 0
1.21667 0 0 0 0
1.22333 0 0 0 0
1.23 0 0 0 0
1.23667 0 0 0 0
1.24333 0 0 0 0
1.25 0 0 0 0
1.25667 0 0 0 0
1.26333 0 0 0 0
1.27 0 0 0 0
1.27667 0 0 0 0
1.28333 0 0 0 0
1.29 0 0 0 0
1.29667 0 0 0 0
1.30333 0 0 0 0
1.31 0 0 0 0
1.31667 0 0 0 0
1.32333 0 0 0 0
1.33 0 0 0 0
1.33667 0 0 0 0
1.34333 0 0 0 0
1.35 0 0 0 0
1.35667 0 0 0 0
1.36333 0 0 0 0
1.37 0 0 0 0
1.37667 0 0 0 0
1.38333 0 0 0 0
1.39 0 0 0 0
1.39667 0 0 0 0
1.40333 0 0 0 0
1.41 0 0 0 0
1.41667 0 0 0 0
1.42333 0 0 0 0
1.43 0 0 0 0
1.43667 0 0 0 0
1.44333 0 0 0 0
1.45 0 0 0 0
1.45667 0 0 0 0
1.46333 0 0 0 0
1.47 0 0 0 0
1.47667 0 0 0 0
1.48333 0 0 0 0
1.49 0 0 0 0
1.49667 0 0 0 0
1.50333 0 0 0 0
1.51 0 0 0 0
1.51667 0 0 0 0
1.52333 0 0 0 0
1.53 0 0 0 0
1.53667 0 0 0 0
1.54333 0 0 0 0
1.55 0 0 0 0
1.55667 0 0 0 0
1.56333 0 0 0 0
1.57 0 0 0 0
1.57667 0 0 0 0
1.58333 0 0 0 0
1.59 0 0 0 0
1.59667 0 0 0 0
1.60333 0 0 0 0
1.61 0 0 0 0
1.61667 0 0 0 0
1.62333 0 0 0 0
1.63 0 0 0 0
1.63667 0 0 0 0
1.64333 0 0 0 0
1.65 0 0 0 0
1.65667 0 0 0 0
1.66333 0 0 0 0
1.67 0 0 0 0
1.67667 0 0 0 0
1.68333 0 0 0 0
1.69 0 0 0 0
1.69667 0 0 0 0
1.70333 0 0 0 0
1.71 0 0 0 0
1.71667 0 0 0 0
1.72333 0 0 0 0
1.73 0 0 0 0
1.73667 0 0 0 0
1.74333 0 0 0 0
1.75 0 0 0 0
1.75667 0 0 0 0
1.76333 0 0 0 0
1.77 0 0 0 0
1.77667 0 0 0 0
1.78333 0 0 0 0
1.79 0 0 0 0
1.79667 0 0 0 0
1.80333 0 0 0 0
1.81 0 0 0 0
1.81667 0 0 0 0
1.82333 0 0 0 0
1.83 0 0 0 0
1.83667 0 0 0 0
1.84333 0 0 0 0
1.85 0 0 0 0
1.85667 0 0 0 0
1.86333 0 0 0 0
1.87 0 0 0 0
1.87667 0 0 0 0
1.88333 0 0 0 0
1.89 0 0 0 0
1.89667 0 0 0 0
1.90333 0 0 0 0
1.91 0 0 0 0
1.91667 0 0 0 0
1.92333 0 0 0 0
1.93 0 0 0 0
1.93667 0 0 0 0
1.94333 0 0 0 0
1.95 0 0 0 0
1.95667 0 0 0 0
1.96333 0 0 0 0
1.97 0 0 0 0
1.97667 0 0 0 0
1.98333 0 0 0 0
1.99 0 0 0 0
1.99667 0 0 0 0
