0.00333333 0 2 77 23
0.01 1 4 100 22
0.0166667 0 3 109 40
0.0233333 0 4 118 36
0.03 0 8 125 27
0.0366667 0 6 138 39
0.0433333 0 6 177 69
0.05 3 11 232 71
0.0566667 6 12 220 92
0.0633333 0 17 302 98
0.07 2 13 296 116
0.0766667 4 5 321 90
0.0833333 2 16 335 102
0.09 6 12 308 98
0.0966667 1 14 295 87
0.103333 2 14 313 90
0.11 2 18 319 95
0.116667 0 20 361 95
0.123333 2 12 347 92
0.13 2 7 313 90
0.136667 1 3 340 70
0.143333 4 8 343 93
0.15 5 10 300 68
0.156667 1 10 307 77
0.163333 3 9 311 73
0.17 1 8 273 63
0.176667 3 8 275 66
0.183333 4 5 291 59
0.19 3 7 338 64
0.196667 4 10 364 56
0.203333 4 10 289 52
0.21 2 8 323 54
0.216667 5 8 287 70
0.223333 2 7 279 63
0.23 2 9 256 48
0.236667 2 2 221 52
0.243333 2 6 238 44
0.25 3 7 221 59
0.256667 2 5 216 37
0.263333 1 6 188 40
0.27 3 9 186 38
0.276667 0 6 186 38
0.283333 1 4 172 40
0.29 3 9 175 45
0.296667 1 7 154 48
0.303333 0 2 151 41
0.31 1 4 162 44
0.316667 2 0 119 32
0.323333 2 8 143 31
0.33 0 8 142 48
0.336667 0 3 132 35
0.343333 0 3 139 24
0.35 1 6 137 37
0.356667 3 4 130 27
0.363333 1 1 122 26
0.37 1 3 130 25
0.376667 0 1 108 31
0.383333 0 6 103 31
0.39 3 4 103 40
0.396667 0 3 121 31
0.403333 1 2 125 25
0.41 2 4 123 34
0.416667 0 3 115 30
0.423333 0 5 105 16
0.43 1 2 114 23
0.436667 0 2 105 30
0.443333 1 8 103 26
0.45 1 2 116 30
0.456667 2 3 129 30
0.463333 0 4 116 20
0.47 1 4 113 24
0.476667 2 6 95 18
0.483333 2 2 63 14
0.49 0 2 62 15
0.496667 1 1 54 21
0.503333 0 6 58 18
0.51 0 6 59 17
0.516667 1 6 52 14
0.523333 0 5 48 22
0.53 0 1 55 14
0.536667 1 2 52 21
0.543333 0 0 57 19
0.55 0 1 49 10
0.556667 1 4 50 12
0.563333 0 3 55 15
0.57 1 1 43 13
0.576667 3 3 40 4
0.583333 0 3 36 15
0.59 0 1 38 12
0.596667 2 1 38 7
0.603333 0 1 46 14
0.61 0 3 41 12
0.616667 1 2 44 18
0.623333 0 4 43 11
0.63 1 3 38 12
0.636667 0 1 50 14
0.643333 0 2 31 10
0.65 1 1 49 12
0.656667 0 2 35 12
0.663333 11 51 4025 466
0.67 0 0 0 0
0.676667 0 0 0 0
0.683333 0 0 0 0
0.69 0 0 0 0
0.696667 0 0 0 0
0.703333 0 0 0 0
0.71 0 0 0 0
0.716667 0 0 0 0
0.723333 0 0 0 0
0.73 0 0 0 0
0.736667 0 0 0 0
0.743333 0 0 0 0
0.75 0 0 0 0
0.756667 0 0 0 0
0.763333 0 0 0 0
0.77 0 0 0 0
0.776667 0 0 0 0
0.783333 0 0 0 0
0.79 0 0 0 0
0.796667 0 0 0 0
0.803333 0 0 0 0
0.81 0 0 0 0
0.816667 0 0 0 0
0.823333 0 0 0 0
0.83 0 0 0 0
0.836667 0 0 0 0
0.843333 0 0 0 0
0.85 0 0 0 0
0.856667 0 0 0 0
0.863333 0 0 0 0
0.87 0 0 0 0
0.876667 0 0 0 0
0.883333 0 0 0 0
0.89 0 0 0 0
0.896667 0 0 0 0
0.903333 0 0 0 0
0.91 0 0 0 0
0.916667 0 0 0 0
0.923333 0 0 0 0
0.93 0 0 0 0
0.936667 0 0 0 0
0.943333 0 0 0 0
0.95 0 0 0 0
0.956667 0 0 0 0
0.963333 0 0 0 0
0.97 0 0 0 0
0.976667 0 0 0 0
0.983333 0 0 0 0
0.99 0 0 0 0
0.996667 0 0 0 0
1.00333 0 0 0 0
1.01 0 0 0 0
1.01667 0 0 0 0
1.02333 0 0 0 0
1.03 0 0 0 0
1.03667 0 0 0 0
1.04333 0 0 0 0
1.05 0 0 0 0
1.05667 0 0 0 0
1.06333 0 0 0 0
1.07 0 0 0 0
1.07667 0 0 0 0
1.08333 0 0 0 0
1.09 0 0 0 0
1.09667 0 0 0 0
1.10333 0 0 0 0
1.11 0 0 0 0
1.11667 0 0 0 0
1.12333 0 0 0 0
1.13 0 0 0 0
1.13667 0 0 0 0
1.14333 0 0 0 0
1.15 0 0 0 0
1.15667 0 0 0 0
1.16333 0 0 0 0
1.17 0 0 0 0
1.17667 0 0 0 0
1.18333 0 0 0 0
1.19 0 0 0 0
1.19667 0 0 0 0
1.20333 0 0 0 0
1.21 0 0 0 0
1.21667 0 0 0 0
1.22333 0 0 0 0
1.23 0 0 0 0
1.23667 0 0 0 0
1.24333 0 0 0 0
1.25 0 0 0 0
1.25667 0 0 0 0
1.26333 0 0 0 0
1.27 0 0 0 0
1.27667 0 0 0 0
1.28333 0 0 0 0
1.29 0 0 0 0
1.29667 0 0 0 0
1.30333 0 0 0 0
1.31 0 0 0 0
1.31667 0 0 0 0
1.32333 0 0 0 0
1.33 0 0 0 0
1.33667 0 0 0 0
1.34333 0 0 0 0
1.35 0 0 0 0
1.35667 0 0 0 0
1.36333 0 0 0 0
1.37 0 0 0 0
1.37667 0 0 0 0
1.38333 0 0 0 0
1.39 0 0 0 0
1.39667 0 0 0 0
1.40333 0 0 0 0
1.41 0 0 0 0
1.41667 0 0 0 0
1.42333 0 0 0 0
1.43 0 0 0 0
1.43667 0 0 0 0
1.44333 0 0 0 0
1.45 0 0 0 0
1.45667 0 0 0 0
1.46333 0 0 0 0
1.47 0 0 0 0
1.47667 0 0 0 0
1.48333 0 0 0 0
1.49 0 0 0 0
1.49667 0 0 0 0
1.50333 0 0 0 0
1.51 0 0 0 0
1.51667 0 0 0 0
1.52333 0 0 0 0
1.53 0 0 0 0
1.53667 0 0 0 0
1.54333 0 0 0 0
1.55 0 0 0 0
1.55667 0 0 0 0
1.56333 0 0 0 0
1.57 0 0 0 0
1.57667 0 0 0 0
1.58333 0 0 0 0
1.59 0 0 0 0
1.59667 0 0 0 0
1.60333 0 0 0 0
1.61 0 0 0 0
1.61667 0 0 0 0
1.62333 0 0 0 0
1.63 0 0 0 0
1.63667 0 0 0 0
1.64333 0 0 0 0
1.65 0 0 0 0
1.65667 0 0 0 0
1.66333 0 0 0 0
1.67 0 0 0 0
1.67667 0 0 0 0
1.68333 0 0 0 0
1.69 0 0 0 0
1.69667 0 0 0 0
1.70333 0 0 0 0
1.71 0 0 0 0
1.71667 0 0 0 0
1.72333 0 0 0 0
1.73 0 0 0 0
1.73667 0 0 0 0
1.74333 0 0 0 0
1.75 0 0 0 0
1.75667 0 0 0 0
1.76333 0 0 0 0
1.77 0 0 0 0
1.77667 0 0 0 0
1.78333 0 0 0 0
1.79 0 0 0 0
1.79667 0 0 0 0
1.80333 0 0 0 0
1.81 0 0 0 0
1.81667 0 0 0 0
1.82333 0 0 0 0
1.83 0 0 0 0
1.83667 0 0 0 0
1.84333 0 0 0 0
1.85 0 0 0 0
1.85667 0 0 0 0
1.86333 0 0 0 0
1.87 0 0 0 0
1.87667 0 0 0 0
1.88333 0 0 0 0
1.89 0 0 0 0
1.89667 0 0 0 0
1.90333 0 0 0 0
1.91 0 0 0 0
1.91667 0 0 0 0
1.92333 0 0 0 0
1.93 0 0 0 0
1.93667 0 0 0 0
1.94333 0 0 0 0
1.95 0 0 0 0
1.95667 0 0 0 0
1.96333 0 0 0 0
1.97 0 0 0 0
1.97667 0 0 0 0
1.98333 0 0 0 0
1.99 0 0 0 0
1.99667 0 0 0 0
