0.00333333 10 17 21 9
0.01 9 21 28 9
0.0166667 12 28 35 17
0.0233333 14 40 34 14
0.03 11 37 33 11
0.0366667 9 41 47 21
0.0433333 15 65 59 31
0.05 12 72 87 21
0.0566667 27 80 101 45
0.0633333 36 88 112 44
0.07 23 110 123 44
0.0766667 25 84 104 30
0.0833333 26 90 114 51
0.09 26 80 126 37
0.0966667 17 102 108 36
0.103333 28 117 102 38
0.11 26 78 108 48
0.116667 27 107 114 47
0.123333 24 67 104 31
0.13 24 75 88 43
0.136667 17 71 83 50
0.143333 23 69 81 37
0.15 15 76 94 34
0.156667 11 76 86 28
0.163333 22 64 85 32
0.17 24 69 73 36
0.176667 17 70 77 35
0.183333 20 72 76 36
0.19 22 75 83 41
0.196667 13 72 57 37
0.203333 15 86 69 32
0.21 14 65 52 29
0.216667 13 61 69 28
0.223333 9 50 58 25
0.23 15 53 64 35
0.236667 16 60 50 30
0.243333 9 54 40 24
0.25 13 54 46 18
0.256667 12 42 53 25
0.263333 14 56 40 24
0.27 15 39 42 13
0.276667 14 42 40 21
0.283333 12 40 41 23
0.29 15 56 41 15
0.296667 10 54 32 15
0.303333 9 47 39 18
0.31 5 38 30 18
0.316667 15 41 38 20
0.323333 11 46 46 18
0.33 6 36 39 16
0.336667 12 34 41 16
0.343333 13 29 34 14
0.35 10 37 42 18
0.356667 11 41 34 15
0.363333 7 27 31 15
0.37 7 35 23 19
0.376667 7 35 39 19
0.383333 10 29 33 17
0.39 10 31 25 14
0.396667 12 21 31 15
0.403333 7 32 24 15
0.41 3 30 36 15
0.416667 7 22 33 13
0.423333 3 32 20 13
0.43 9 25 17 21
0.436667 8 24 32 16
0.443333 10 30 28 21
0.45 8 28 29 13
0.456667 5 22 24 17
0.463333 9 20 12 13
0.47 12 21 25 16
0.476667 4 32 27 11
0.483333 13 21 24 7
0.49 2 22 15 11
0.496667 8 16 23 10
0.503333 10 17 17 10
0.51 5 15 19 13
0.516667 1 18 16 11
0.523333 5 15 25 7
0.53 8 16 11 5
0.536667 8 18 17 9
0.543333 3 12 16 8
0.55 4 22 18 8
0.556667 5 16 21 8
0.563333 5 20 16 6
0.57 4 24 11 8
0.576667 8 12 13 10
0.583333 5 16 12 4
0.59 7 16 10 3
0.596667 6 11 17 4
0.603333 5 16 8 6
0.61 4 13 9 9
0.616667 5 11 17 4
0.623333 6 12 16 9
0.63 5 18 10 2
0.636667 2 19 16 4
0.643333 4 9 17 6
0.65 3 14 10 3
0.656667 2 10 5 7
0.663333 170 677 527 284
0.67 0 0 0 0
0.676667 0 0 0 0
0.683333 0 0 0 0
0.69 0 0 0 0
0.696667 0 0 0 0
0.703333 0 0 0 0
0.71 0 0 0 0
0.716667 0 0 0 0
0.723333 0 0 0 0
0.73 0 0 0 0
0.736667 0 0 0 0
0.743333 0 0 0 0
0.75 0 0 0 0
0.756667 0 0 0 0
0.763333 0 0 0 0
0.77 0 0 0 0
0.776667 0 0 0 0
0.783333 0 0 0 0
0.79 0 0 0 0
0.796667 0 0 0 0
0.803333 0 0 0 0
0.81 0 0 0 0
0.816667 0 0 0 0
0.823333 0 0 0 0
0.83 0 0 0 0
0.836667 0 0 0 0
0.843333 0 0 0 0
0.85 0 0 0 0
0.856667 0 0 0 0
0.863333 0 0 0 0
0.87 0 0 0 0
0.876667 0 0 0 0
0.883333 0 0 0 0
0.89 0 0 0 0
0.896667 0 0 0 0
0.903333 0 0 0 0
0.91 0 0 0 0
0.916667 0 0 0 0
0.923333 0 0 0 0
0.93 0 0 0 0
0.936667 0 0 0 0
0.943333 0 0 0 0
0.95 0 0 0 0
0.956667 0 0 0 0
0.963333 0 0 0 0
0.97 0 0 0 0
0.976667 0 0 0 0
0.983333 0 0 0 0
0.99 0 0 0 0
0.996667 0 0 0 0
1.00333 0 0 0 0
1.01 0 0 0 0
1.01667 0 0 0 0
1.02333 0 0 0 0
1.03 0 0 0 0
1.03667 0 0 0 0
1.04333 0 0 0 0
1.05 0 0 0 0
1.05667 0 0 0 0
1.06333 0 0 0 0
1.07 0 0 0 0
1.07667 0 0 0 0
1.08333 0 0 0 0
1.09 0 0 0 0
1.09667 0 0 0 0
1.10333 0 0 0 0
1.11 0 0 0 0
1.11667 0 0 0 0
1.12333 0 0 0 0
1.13 0 0 0 0
1.13667 0 0 0 0
1.14333 0 0 0 0
1.15 0 0 0 0
1.15667 0 0 0 0
1.16333 0 0 0 0
1.17 0 0 0 0
1.17667 0 0 0 0
1.18333 0 0 0 0
1.19 0 0 0 0
1.19667 0 0 0 0
1.20333 0 0 0 0
1.21 0 0 0 0
1.21667 0 0 0 0
1.22333 0 0 0 0
1.23 0 0 0 0
1.23667 0 0 0 0
1.24333 0 0 0 0
1.25 0 0 0 0
1.25667 0 0 0 0
1.26333 0 0 0 0
1.27 0 0 0 0
1.27667 0 0 0 0
1.28333 0 0 0 0
1.29 0 0 0 0
1.29667 0 0 0 0
1.30333 0 0 0 0
1.31 0 0 0 0
1.31667 0 0 0 0
1.32333 0 0 0 0
1.33 0 0 0 0
1.33667 0 0 0 0
1.34333 0 0 0 0
1.35 0 0 0 0
1.35667 0 0 0 0
1.36333 0 0 0 0
1.37 0 0 0 0
1.37667 0 0 0 0
1.38333 0 0 0 0
1.39 0 0 0 0
1.39667 0 0 0 0
1.40333 0 0 0 0
1.41 0 0 0 0
1.41667 0 0 0 0
1.42333 0 0 0 0
1.43 0 0 0 0
1.43667 0 0 0 0
1.44333 0 0 0 0
1.45 0 0 0 0
1.45667 0 0 0 0
1.46333 0 0 0 0
1.47 0 0 0 0
1.47667 0 0 0 0
1.48333 0 0 0 0
1.49 0 0 0 0
1.49667 0 0 0 0
1.50333 0 0 0 0
1.51 0 0 0 0
1.51667 0 0 0 0
1.52333 0 0 0 0
1.53 0 0 0 0
1.53667 0 0 0 0
1.54333 0 0 0 0
1.55 0 0 0 0
1.55667 0 0 0 0
1.56333 0 0 0 0
1.57 0 0 0 0
1.57667 0 0 0 0
1.58333 0 0 0 0
1.59 0 0 0 0
1.59667 0 0 0 0
1.60333 0 0 0 0
1.61 0 0 0 0
1.61667 0 0 0 0
1.62333 0 0 0 0
1.63 0 0 0 0
1.63667 0 0 0 0
1.64333 0 0 0 0
1.65 0 0 0 0
1.65667 0 0 0 0
1.66333 0 0 0 0
1.67 0 0 0 0
1.67667 0 0 0 0
1.68333 0 0 0 0
1.69 0 0 0 0
1.69667 0 0 0 0
1.70333 0 0 0 0
1.71 0 0 0 0
1.71667 0 0 0 0
1.72333 0 0 0 0
1.73 0 0 0 0
1.73667 0 0 0 0
1.74333 0 0 0 0
1.75 0 0 0 0
1.75667 0 0 0 0
1.76333 0 0 0 0
1.77 0 0 0 0
1.77667 0 0 0 0
1.78333 0 0 0 0
1.79 0 0 0 0
1.79667 0 0 0 0
1.80333 0 0 0 0
1.81 0 0 0 0
1.81667 0 0 0 0
1.82333 0 0 0 0
1.83 0 0 0 0
1.83667 0 0 0 0
1.84333 0 0 0 0
1.85 0 0 0 0
1.85667 0 0 0 0
1.86333 0 0 0 0
1.87 0 0 0 0
1.87667 0 0 0 0
1.88333 0 0 0 0
1.89 0 0 0 0
1.89667 0 0 0 0
1.90333 0 0 0 0
1.91 0 0 0 0
1.91667 0 0 0 0
1.92333 0 0 0 0
1.93 0 0 0 0
1.93667 0 0 0 0
1.94333 0 0 0 0
1.95 0 0 0 0
1.95667 0 0 0 0
1.96333 0 0 0 0
1.97 0 0 0 0
1.97667 0 0 0 0
1.98333 0 0 0 0
1.99 0 0 0 0
1.99667 0 0 0 0
