0.00333333 11 74 6 7
0.01 14 71 15 5
0.0166667 17 71 19 6
0.0233333 11 80 16 7
0.03 21 79 25 11
0.0366667 14 81 13 8
0.0433333 24 112 33 11
0.05 28 130 35 14
0.0566667 21 130 37 16
0.0633333 28 139 53 19
0.07 43 163 52 15
0.0766667 39 203 45 25
0.0833333 38 191 54 17
0.09 29 173 54 22
0.0966667 39 173 48 18
0.103333 39 173 42 27
0.11 35 194 44 17
0.116667 40 222 46 22
0.123333 37 188 39 29
0.13 34 180 34 21
0.136667 27 185 44 19
0.143333 29 187 45 17
0.15 38 199 43 8
0.156667 35 194 29 14
0.163333 33 154 31 14
0.17 35 176 34 17
0.176667 26 184 38 14
0.183333 33 187 36 21
0.19 31 220 37 26
0.196667 33 197 24 17
0.203333 31 182 32 16
0.21 42 194 31 9
0.216667 21 176 33 18
0.223333 24 153 22 11
0.23 28 164 29 21
0.236667 27 148 23 16
0.243333 16 150 12 15
0.25 21 142 25 8
0.256667 17 130 33 10
0.263333 26 144 21 18
0.27 22 114 21 11
0.276667 24 108 30 9
0.283333 20 93 14 11
0.29 25 95 9 7
0.296667 22 94 17 6
0.303333 17 102 11 11
0.31 19 91 20 8
0.316667 23 108 18 10
0.323333 13 101 17 6
0.33 19 101 14 12
0.336667 17 97 31 9
0.343333 18 82 15 7
0.35 13 76 20 10
0.356667 27 83 18 4
0.363333 11 71 12 5
0.37 17 71 15 10
0.376667 15 73 10 8
0.383333 14 71 18 8
0.39 17 65 12 9
0.396667 12 78 6 8
0.403333 11 79 17 7
0.41 13 72 15 13
0.416667 17 62 9 9
0.423333 13 68 11 5
0.43 11 78 13 6
0.436667 12 62 15 12
0.443333 21 67 13 11
0.45 15 82 13 7
0.456667 15 83 14 8
0.463333 18 68 11 11
0.47 15 79 15 11
0.476667 10 70 14 7
0.483333 5 25 8 9
0.49 10 47 9 6
0.496667 16 40 8 6
0.503333 11 40 13 6
0.51 8 38 6 4
0.516667 7 46 6 6
0.523333 11 24 13 6
0.53 8 48 9 5
0.536667 9 38 11 6
0.543333 13 22 11 3
0.55 8 30 10 1
0.556667 8 25 6 9
0.563333 7 25 8 2
0.57 5 27 10 5
0.576667 11 30 11 7
0.583333 13 23 10 5
0.59 7 37 5 5
0.596667 7 18 6 5
0.603333 5 19 5 6
0.61 9 38 10 4
0.616667 9 33 6 5
0.623333 11 24 6 4
0.63 8 40 5 6
0.636667 11 29 9 9
0.643333 6 31 7 4
0.65 6 23 5 6
0.656667 4 19 8 6
0.663333 405 2829 239 198
0.67 0 0 0 0
0.676667 0 0 0 0
0.683333 0 0 0 0
0.69 0 0 0 0
0.696667 0 0 0 0
0.703333 0 0 0 0
0.71 0 0 0 0
0.716667 0 0 0 0
0.723333 0 0 0 0
0.73 0 0 0 0
0.736667 0 0 0 0
0.743333 0 0 0 0
0.75 0 0 0 0
0.756667 0 0 0 0
0.763333 0 0 0 0
0.77 0 0 0 0
0.776667 0 0 0 0
0.783333 0 0 0 0
0.79 0 0 0 0
0.796667 0 0 0 0
0.803333 0 0 0 0
0.81 0 0 0 0
0.816667 0 0 0 0
0.823333 0 0 0 0
0.83 0 0 0 0
0.836667 0 0 0 0
0.843333 0 0 0 0
0.85 0 0 0 0
0.856667 0 0 0 0
0.863333 0 0 0 0
0.87 0 0 0 0
0.876667 0 0 0 0
0.883333 0 0 0 0
0.89 0 0 0 0
0.896667 0 0 0 0
0.903333 0 0 0 0
0.91 0 0 0 0
0.916667 0 0 0 0
0.923333 0 0 0 0
0.93 0 0 0 0
0.936667 0 0 0 0
0.943333 0 0 0 0
0.95 0 0 0 0
0.956667 0 0 0 0
0.963333 0 0 0 0
0.97 0 0 0 0
0.976667 0 0 0 0
0.983333 0 0 0 0
0.99 0 0 0 0
0.996667 0 0 0 0
1.00333 0 0 0 0
1.01 0 0 0 0
1.01667 0 0 0 0
1.02333 0 0 0 0
1.03 0 0 0 0
1.03667 0 0 0 0
1.04333 0 0 0 0
1.05 0 0 0 0
1.05667 0 0 0 0
1.06333 0 0 0 0
1.07 0 0 0 0
1.07667 0 0 0 0
1.08333 0 0 0 0
1.09 0 0 0 0
1.09667 0 0 0 0
1.10333 0 0 0 0
1.11 0 0 0 0
1.11667 0 0 0 0
1.12333 0 0 0 0
1.13 0 0 0 0
1.13667 0 0 0 0
1.14333 0 0 0 0
1.15 0 0 0 0
1.15667 0 0 0 0
1.16333 0 0 0 0
1.17 0 0 0 0
1.17667 0 0 0 0
1.18333 0 0 0 0
1.19 0 0 0 0
1.19667 0 0 0 0
1.20333 0 0 0 0
1.21 0 0 0 0
1.21667 0 0 0 0
1.22333 0 0 0 0
1.23 0 0 0 0
1.23667 0 0 0 0
1.24333 0 0 0 0
1.25 0 0 0 0
1.25667 0 0 0 0
1.26333 0 0 0 0
1.27 0 0 0 0
1.27667 0 0 0 0
1.28333 0 0 0 0
1.29 0 0 0 0
1.29667 0 0 0 0
1.30333 0 0 0 0
1.31 0 0 0 0
1.31667 0 0 0 0
1.32333 0 0 0 0
1.33 0 0 0 0
1.33667 0 0 0 0
1.34333 0 0 0 0
1.35 0 0 0 0
1.35667 0 0 0 0
1.36333 0 0 0 0
1.37 0 0 0 0
1.37667 0 0 0 0
1.38333 0 0 0 0
1.39 0 0 0 0
1.39667 0 0 0 0
1.40333 0 0 0 0
1.41 0 0 0 0
1.41667 0 0 0 0
1.42333 0 0 0 0
1.43 0 0 0 0
1.43667 0 0 0 0
1.44333 0 0 0 0
1.45 0 0 0 0
1.45667 0 0 0 0
1.46333 0 0 0 0
1.47 0 0 0 0
1.47667 0 0 0 0
1.48333 0 0 0 0
1.49 0 0 0 0
1.49667 0 0 0 0
1.50333 0 0 0 0
1.51 0 0 0 0
1.51667 0 0 0 0
1.52333 0 0 0 0
1.53 0 0 0 0
1.53667 0 0 0 0
1.54333 0 0 0 0
1.55 0 0 0 0
1.55667 0 0 0 0
1.56333 0 0 0 0
1.57 0 0 0 0
1.57667 0 0 0 0
1.58333 0 0 0 0
1.59 0 0 0 0
1.59667 0 0 0 0
1.60333 0 0 0 0
1.61 0 0 0 0
1.61667 0 0 0 0
1.62333 0 0 0 0
1.63 0 0 0 0
1.63667 0 0 0 0
1.64333 0 0 0 0
1.65 0 0 0 0
1.65667 0 0 0 0
1.66333 0 0 0 0
1.67 0 0 0 0
1.67667 0 0 0 0
1.68333 0 0 0 0
1.69 0 0 0 0
1.69667 0 0 0 0
1.70333 0 0 0 0
1.71 0 0 0 0
1.71667 0 0 0 0
1.72333 0 0 0 0
1.73 0 0 0 0
1.73667 0 0 0 0
1.74333 0 0 0 0
1.75 0 0 0 0
1.75667 0 0 0 0
1.76333 0 0 0 0
1.77 0 0 0 0
1.77667 0 0 0 0
1.78333 0 0 0 0
1.79 0 0 0 0
1.79667 0 0 0 0
1.80333 0 0 0 0
1.81 0 0 0 0
1.81667 0 0 0 0
1.82333 0 0 0 0
1.83 0 0 0 0
1.83667 0 0 0 0
1.84333 0 0 0 0
1.85 0 0 0 0
1.85667 0 0 0 0
1.86333 0 0 0 0
1.87 0 0 0 0
1.87667 0 0 0 0
1.88333 0 0 0 0
1.89 0 0 0 0
1.89667 0 0 0 0
1.90333 0 0 0 0
1.91 0 0 0 0
1.91667 0 0 0 0
1.92333 0 0 0 0
1.93 0 0 0 0
1.93667 0 0 0 0
1.94333 0 0 0 0
1.95 0 0 0 0
1.95667 0 0 0 0
1.96333 0 0 0 0
1.97 0 0 0 0
1.97667 0 0 0 0
1.98333 0 0 0 0
1.99 0 0 0 0
1.99667 0 0 0 0
