0.00333333 16 79 2 1
0.01 21 79 17 3
0.0166667 29 97 16 2
0.0233333 24 107 9 2
0.03 32 110 13 2
0.0366667 29 141 19 1
0.0433333 59 176 25 7
0.05 62 217 31 4
0.0566667 63 244 36 9
0.0633333 83 277 29 7
0.07 104 317 22 7
0.0766667 87 327 52 14
0.0833333 85 262 44 13
0.09 91 309 40 11
0.0966667 106 352 44 9
0.103333 81 331 28 10
0.11 87 326 31 10
0.116667 80 334 49 8
0.123333 90 294 34 10
0.13 80 316 28 9
0.136667 77 326 27 17
0.143333 73 300 24 4
0.15 63 300 27 4
0.156667 60 285 23 11
0.163333 58 263 29 10
0.17 61 244 25 10
0.176667 87 253 20 7
0.183333 73 278 25 5
0.19 66 246 29 3
0.196667 62 256 21 2
0.203333 69 235 28 6
0.21 70 253 16 5
0.216667 44 229 27 10
0.223333 60 220 19 4
0.23 44 196 20 5
0.236667 39 211 19 6
0.243333 39 196 17 2
0.25 63 201 13 3
0.256667 49 168 13 2
0.263333 46 175 21 7
0.27 39 165 15 6
0.276667 49 162 21 7
0.283333 36 154 9 5
0.29 30 159 18 3
0.296667 39 150 9 7
0.303333 29 133 17 4
0.31 42 129 19 3
0.316667 32 131 8 1
0.323333 32 115 20 4
0.33 36 102 13 5
0.336667 29 110 17 4
0.343333 26 112 17 5
0.35 27 118 17 2
0.356667 24 110 11 4
0.363333 21 116 12 3
0.37 24 99 16 5
0.376667 35 91 14 4
0.383333 38 108 10 1
0.39 22 80 15 1
0.396667 29 84 11 2
0.403333 24 115 13 2
0.41 32 88 9 3
0.416667 24 85 10 5
0.423333 28 104 17 1
0.43 17 79 14 2
0.436667 25 82 8 2
0.443333 25 77 11 2
0.45 28 107 11 0
0.456667 25 100 8 5
0.463333 30 94 11 4
0.47 20 95 12 3
0.476667 26 73 12 8
0.483333 16 60 8 1
0.49 14 59 6 3
0.496667 14 62 7 1
0.503333 14 56 9 4
0.51 17 46 7 3
0.516667 17 55 7 3
0.523333 10 38 5 1
0.53 16 42 7 1
0.536667 22 41 3 6
0.543333 15 43 8 2
0.55 13 45 5 4
0.556667 15 47 4 1
0.563333 9 42 9 1
0.57 13 41 3 2
0.576667 8 36 6 2
0.583333 13 45 9 1
0.59 12 35 4 0
0.596667 10 41 7 0
0.603333 4 46 2 1
0.61 9 44 6 3
0.616667 4 45 5 3
0.623333 11 39 6 2
0.63 15 37 3 1
0.636667 11 39 5 3
0.643333 3 32 5 1
0.65 7 45 5 0
0.656667 7 36 8 3
0.663333 490 3009 199 40
0.67 0 0 0 0
0.676667 0 0 0 0
0.683333 0 0 0 0
0.69 0 0 0 0
0.696667 0 0 0 0
0.703333 0 0 0 0
0.71 0 0 0 0
0.716667 0 0 0 0
0.723333 0 0 0 0
0.73 0 0 0 0
0.736667 0 0 0 0
0.743333 0 0 0 0
0.75 0 0 0 0
0.756667 0 0 0 0
0.763333 0 0 0 0
0.77 0 0 0 0
0.776667 0 0 0 0
0.783333 0 0 0 0
0.79 0 0 0 0
0.796667 0 0 0 0
0.803333 0 0 0 0
0.81 0 0 0 0
0.816667 0 0 0 0
0.823333 0 0 0 0
0.83 0 0 0 0
0.836667 0 0 0 0
0.843333 0 0 0 0
0.85 0 0 0 0
0.856667 0 0 0 0
0.863333 0 0 0 0
0.87 0 0 0 0
0.876667 0 0 0 0
0.883333 0 0 0 0
0.89 0 0 0 0
0.896667 0 0 0 0
0.903333 0 0 0 0
0.91 0 0 0 0
0.916667 0 0 0 0
0.923333 0 0 0 0
0.93 0 0 0 0
0.936667 0 0 0 0
0.943333 0 0 0 0
0.95 0 0 0 0
0.956667 0 0 0 0
0.963333 0 0 0 0
0.97 0 0 0 0
0.976667 0 0 0 0
0.983333 0 0 0 0
0.99 0 0 0 0
0.996667 0 0 0 0
1.00333 0 0 0 0
1.01 0 0 0 0
1.01667 0 0 0 0
1.02333 0 0 0 0
1.03 0 0 0 0
1.03667 0 0 0 0
1.04333 0 0 0 0
1.05 0 0 0 0
1.05667 0 0 0 0
1.06333 0 0 0 0
1.07 0 0 0 0
1.07667 0 0 0 0
1.08333 0 0 0 0
1.09 0 0 0 0
1.09667 0 0 0 0
1.10333 0 0 0 0
1.11 0 0 0 0
1.11667 0 0 0 0
1.12333 0 0 0 0
1.13 0 0 0 0
1.13667 0 0 0 0
1.14333 0 0 0 0
1.15 0 0 0 0
1.15667 0 0 0 0
1.16333 0 0 0 0
1.17 0 0 0 0
1.17667 0 0 0 0
1.18333 0 0 0 0
1.19 0 0 0 0
1.19667 0 0 0 0
1.20333 0 0 0 0
1.21 0 0 0 0
1.21667 0 0 0 0
1.22333 0 0 0 0
1.23 0 0 0 0
1.23667 0 0 0 0
1.24333 0 0 0 0
1.25 0 0 0 0
1.25667 0 0 0 0
1.26333 0 0 0 0
1.27 0 0 0 0
1.27667 0 0 0 0
1.28333 0 0 0 0
1.29 0 0 0 0
1.29667 0 0 0 0
1.30333 0 0 0 0
1.31 0 0 0 0
1.31667 0 0 0 0
1.32333 0 0 0 0
1.33 0 0 0 0
1.33667 0 0 0 0
1.34333 0 0 0 0
1.35 0 0 0 0
1.35667 0 0 0 0
1.36333 0 0 0 0
1.37 0 0 0 0
1.37667 0 0 0 0
1.38333 0 0 0 0
1.39 0 0 0 0
1.39667 0 0 0 0
1.40333 0 0 0 0
1.41 0 0 0 0
1.41667 0 0 0 0
1.42333 0 0 0 0
1.43 0 0 0 0
1.43667 0 0 0 0
1.44333 0 0 0 0
1.45 0 0 0 0
1.45667 0 0 0 0
1.46333 0 0 0 0
1.47 0 0 0 0
1.47667 0 0 0 0
1.48333 0 0 0 0
1.49 0 0 0 0
1.49667 0 0 0 0
1.50333 0 0 0 0
1.51 0 0 0 0
1.51667 0 0 0 0
1.52333 0 0 0 0
1.53 0 0 0 0
1.53667 0 0 0 0
1.54333 0 0 0 0
1.55 0 0 0 0
1.55667 0 0 0 0
1.56333 0 0 0 0
1.57 0 0 0 0
1.57667 0 0 0 0
1.58333 0 0 0 0
1.59 0 0 0 0
1.59667 0 0 0 0
1.60333 0 0 0 0
1.61 0 0 0 0
1.61667 0 0 0 0
1.62333 0 0 0 0
1.63 0 0 0 0
1.63667 0 0 0 0
1.64333 0 0 0 0
1.65 0 0 0 0
1.65667 0 0 0 0
1.66333 0 0 0 0
1.67 0 0 0 0
1.67667 0 0 0 0
1.68333 0 0 0 0
1.69 0 0 0 0
1.69667 0 0 0 0
1.70333 0 0 0 0
1.71 0 0 0 0
1.71667 0 0 0 0
1.72333 0 0 0 0
1.73 0 0 0 0
1.73667 0 0 0 0
1.74333 0 0 0 0
1.75 0 0 0 0
1.75667 0 0 0 0
1.76333 0 0 0 0
1.77 0 0 0 0
1.77667 0 0 0 0
1.78333 0 0 0 0
1.79 0 0 0 0
1.79667 0 0 0 0
1.80333 0 0 0 0
1.81 0 0 0 0
1.81667 0 0 0 0
1.82333 0 0 0 0
1.83 0 0 0 0
1.83667 0 0 0 0
1.84333 0 0 0 0
1.85 0 0 0 0
1.85667 0 0 0 0
1.86333 0 0 0 0
1.87 0 0 0 0
1.87667 0 0 0 0
1.88333 0 0 0 0
1.89 0 0 0 0
1.89667 0 0 0 0
1.90333 0 0 0 0
1.91 0 0 0 0
1.91667 0 0 0 0
1.92333 0 0 0 0
1.93 0 0 0 0
1.93667 0 0 0 0
1.94333 0 0 0 0
1.95 0 0 0 0
1.95667 0 0 0 0
1.96333 0 0 0 0
1.97 0 0 0 0
1.97667 0 0 0 0
1.98333 0 0 0 0
1.99 0 0 0 0
1.99667 0 0 0 0
