0.00333333 0 10 89 12
0.01 1 13 87 14
0.0166667 2 11 102 15
0.0233333 2 17 127 18
0.03 2 13 117 23
0.0366667 1 13 135 23
0.0433333 4 24 172 39
0.05 6 26 180 53
0.0566667 1 21 237 45
0.0633333 4 40 234 32
0.07 7 30 240 56
0.0766667 6 32 258 71
0.0833333 5 31 283 72
0.09 2 40 277 53
0.0966667 6 31 291 57
0.103333 5 33 278 62
0.11 3 45 286 45
0.116667 1 34 300 49
0.123333 5 48 272 62
0.13 3 32 306 51
0.136667 1 33 291 42
0.143333 3 41 244 46
0.15 5 36 271 37
0.156667 2 31 258 29
0.163333 4 26 239 29
0.17 0 32 233 45
0.176667 4 33 227 36
0.183333 4 42 282 32
0.19 5 31 290 39
0.196667 0 45 312 47
0.203333 3 35 311 26
0.21 5 37 244 29
0.216667 2 40 247 27
0.223333 0 36 262 23
0.23 3 29 230 34
0.236667 1 33 247 29
0.243333 2 26 217 31
0.25 2 27 207 32
0.256667 2 21 185 25
0.263333 3 18 182 39
0.27 3 21 152 31
0.276667 2 21 163 23
0.283333 2 31 156 23
0.29 3 22 173 20
0.296667 1 21 168 23
0.303333 3 20 135 27
0.31 0 26 141 23
0.316667 4 19 149 19
0.323333 0 21 148 22
0.33 5 21 135 19
0.336667 6 19 122 22
0.343333 1 9 130 20
0.35 0 19 131 19
0.356667 4 21 112 12
0.363333 4 18 104 15
0.37 2 19 107 16
0.376667 3 18 121 21
0.383333 3 20 110 20
0.39 1 18 123 17
0.396667 2 22 102 23
0.403333 0 16 126 19
0.41 2 16 101 14
0.416667 1 17 96 16
0.423333 1 8 104 22
0.43 3 13 100 15
0.436667 1 27 92 23
0.443333 2 20 111 15
0.45 2 7 118 12
0.456667 2 17 113 16
0.463333 1 15 102 16
0.47 4 11 97 14
0.476667 1 13 104 16
0.483333 3 8 67 13
0.49 2 10 53 14
0.496667 2 4 71 14
0.503333 1 5 52 12
0.51 1 11 44 10
0.516667 3 10 41 11
0.523333 1 13 37 10
0.53 1 7 39 11
0.536667 0 7 43 12
0.543333 1 5 56 11
0.55 1 8 57 12
0.556667 1 4 50 10
0.563333 1 8 43 10
0.57 2 4 47 10
0.576667 1 8 39 12
0.583333 2 10 46 8
0.59 0 6 44 14
0.596667 1 8 33 9
0.603333 2 11 38 10
0.61 3 8 45 8
0.616667 2 16 35 10
0.623333 3 4 45 9
0.63 2 6 45 5
0.636667 1 9 39 7
0.643333 0 7 41 9
0.65 0 2 44 12
0.656667 1 6 36 8
0.663333 20 531 3929 262
0.67 0 0 0 0
0.676667 0 0 0 0
0.683333 0 0 0 0
0.69 0 0 0 0
0.696667 0 0 0 0
0.703333 0 0 0 0
0.71 0 0 0 0
0.716667 0 0 0 0
0.723333 0 0 0 0
0.73 0 0 0 0
0.736667 0 0 0 0
0.743333 0 0 0 0
0.75 0 0 0 0
0.756667 0 0 0 0
0.763333 0 0 0 0
0.77 0 0 0 0
0.776667 0 0 0 0
0.783333 0 0 0 0
0.79 0 0 0 0
0.796667 0 0 0 0
0.803333 0 0 0 0
0.81 0 0 0 0
0.816667 0 0 0 0
0.823333 0 0 0 0
0.83 0 0 0 0
0.836667 0 0 0 0
0.843333 0 0 0 0
0.85 0 0 0 0
0.856667 0 0 0 0
0.863333 0 0 0 0
0.87 0 0 0 0
0.876667 0 0 0 0
0.883333 0 0 0 0
0.89 0 0 0 0
0.896667 0 0 0 0
0.903333 0 0 0 0
0.91 0 0 0 0
0.916667 0 0 0 0
0.923333 0 0 0 0
0.93 0 0 0 0
0.936667 0 0 0 0
0.943333 0 0 0 0
0.95 0 0 0 0
0.956667 0 0 0 0
0.963333 0 0 0 0
0.97 0 0 0 0
0.976667 0 0 0 0
0.983333 0 0 0 0
0.99 0 0 0 0
0.996667 0 0 0 0
1.00333 0 0 0 0
1.01 0 0 0 0
1.01667 0 0 0 0
1.02333 0 0 0 0
1.03 0 0 0 0
1.03667 0 0 0 0
1.04333 0 0 0 0
1.05 0 0 0 0
1.05667 0 0 0 0
1.06333 0 0 0 0
1.07 0 0 0 0
1.07667 0 0 0 0
1.08333 0 0 0 0
1.09 0 0 0 0
1.09667 0 0 0 0
1.10333 0 0 0 0
1.11 0 0 0 0
1.11667 0 0 0 0
1.12333 0 0 0 0
1.13 0 0 0 0
1.13667 0 0 0 0
1.14333 0 0 0 0
1.15 0 0 0 0
1.15667 0 0 0 0
1.16333 0 0 0 0
1.17 0 0 0 0
1.17667 0 0 0 0
1.18333 0 0 0 0
1.19 0 0 0 0
1.19667 0 0 0 0
1.20333 0 0 0 0
1.21 0 0 0 0
1.21667 0 0 0 0
1.22333 0 0 0 0
1.23 0 0 0 0
1.23667 0 0 0 0
1.24333 0 0 0 0
1.25 0 0 0 0
1.25667 0 0 0 0
1.26333 0 0 0 0
1.27 0 0 0 0
1.27667 0 0 0 0
1.28333 0 0 0 0
1.29 0 0 0 0
1.29667 0 0 0 0
1.30333 0 0 0 0
1.31 0 0 0 0
1.31667 0 0 0 0
1.32333 0 0 0 0
1.33 0 0 0 0
1.33667 0 0 0 0
1.34333 0 0 0 0
1.35 0 0 0 0
1.35667 0 0 0 0
1.36333 0 0 0 0
1.37 0 0 0 0
1.37667 0 0 0 0
1.38333 0 0 0 0
1.39 0 0 0 0
1.39667 0 0 0 0
1.40333 0 0 0 0
1.41 0 0 0 0
1.41667 0 0 0 0
1.42333 0 0 0 0
1.43 0 0 0 0
1.43667 0 0 0 0
1.44333 0 0 0 0
1.45 0 0 0 0
1.45667 0 0 0 0
1.46333 0 0 0 0
1.47 0 0 0 0
1.47667 0 0 0 0
1.48333 0 0 0 0
1.49 0 0 0 0
1.49667 0 0 0 0
1.50333 0 0 0 0
1.51 0 0 0 0
1.51667 0 0 0 0
1.52333 0 0 0 0
1.53 0 0 0 0
1.53667 0 0 0 0
1.54333 0 0 0 0
1.55 0 0 0 0
1.55667 0 0 0 0
1.56333 0 0 0 0
1.57 0 0 0 0
1.57667 0 0 0 0
1.58333 0 0 0 0
1.59 0 0 0 0
1.59667 0 0 0 0
1.60333 0 0 0 0
1.61 0 0 0 0
1.61667 0 0 0 0
1.62333 0 0 0 0
1.63 0 0 0 0
1.63667 0 0 0 0
1.64333 0 0 0 0
1.65 0 0 0 0
1.65667 0 0 0 0
1.66333 0 0 0 0
1.67 0 0 0 0
1.67667 0 0 0 0
1.68333 0 0 0 0
1.69 0 0 0 0
1.69667 0 0 0 0
1.70333 0 0 0 0
1.71 0 0 0 0
1.71667 0 0 0 0
1.72333 0 0 0 0
1.73 0 0 0 0
1.73667 0 0 0 0
1.74333 0 0 0 0
1.75 0 0 0 0
1.75667 0 0 0 0
1.76333 0 0 0 0
1.77 0 0 0 0
1.77667 0 0 0 0
1.78333 0 0 0 0
1.79 0 0 0 0
1.79667 0 0 0 0
1.80333 0 0 0 0
1.81 0 0 0 0
1.81667 0 0 0 0
1.82333 0 0 0 0
1.83 0 0 0 0
1.83667 0 0 0 0
1.84333 0 0 0 0
1.85 0 0 0 0
1.85667 0 0 0 0
1.86333 0 0 0 0
1.87 0 0 0 0
1.87667 0 0 0 0
1.88333 0 0 0 0
1.89 0 0 0 0
1.89667 0 0 0 0
1.90333 0 0 0 0
1.91 0 0 0 0
1.91667 0 0 0 0
1.92333 0 0 0 0
1.93 0 0 0 0
1.93667 0 0 0 0
1.94333 0 0 0 0
1.95 0 0 0 0
1.95667 0 0 0 0
1.96333 0 0 0 0
1.97 0 0 0 0
1.97667 0 0 0 0
1.98333 0 0 0 0
1.99 0 0 0 0
1.99667 0 0 0 0
