0.00333333 2 5 46 42
0.01 1 5 38 44
0.0166667 1 7 56 44
0.0233333 3 5 57 46
0.03 1 10 81 28
0.0366667 2 18 80 62
0.0433333 3 15 104 71
0.05 5 12 132 78
0.0566667 3 14 158 110
0.0633333 4 17 177 114
0.07 6 16 184 136
0.0766667 5 21 190 125
0.0833333 10 15 184 133
0.09 3 15 178 119
0.0966667 6 18 214 117
0.103333 11 14 198 118
0.11 8 17 180 118
0.116667 7 13 156 110
0.123333 6 17 161 122
0.13 8 16 200 111
0.136667 5 16 148 101
0.143333 11 20 163 126
0.15 5 17 126 104
0.156667 8 8 146 105
0.163333 5 14 119 103
0.17 6 12 143 102
0.176667 5 12 136 94
0.183333 7 10 144 104
0.19 6 12 141 136
0.196667 9 16 129 112
0.203333 10 16 119 86
0.21 3 19 113 90
0.216667 8 10 123 111
0.223333 8 5 93 88
0.23 5 5 104 81
0.236667 3 16 94 79
0.243333 10 8 100 81
0.25 1 13 100 62
0.256667 2 9 87 74
0.263333 5 5 98 59
0.27 2 6 69 63
0.276667 2 8 67 61
0.283333 2 8 93 57
0.29 1 4 89 66
0.296667 2 8 79 50
0.303333 8 12 70 47
0.31 3 6 70 46
0.316667 3 8 61 64
0.323333 1 8 71 58
0.33 5 8 58 53
0.336667 2 5 70 44
0.343333 1 6 67 49
0.35 1 4 70 44
0.356667 2 7 40 49
0.363333 1 8 43 34
0.37 5 6 54 45
0.376667 2 5 57 48
0.383333 4 8 54 46
0.39 4 8 45 44
0.396667 4 4 53 48
0.403333 3 4 50 52
0.41 4 10 38 29
0.416667 3 7 50 50
0.423333 4 6 46 42
0.43 2 2 39 38
0.436667 0 5 53 34
0.443333 6 8 54 44
0.45 2 6 55 43
0.456667 2 4 52 39
0.463333 2 4 46 34
0.47 0 5 48 40
0.476667 3 7 39 34
0.483333 2 3 42 25
0.49 1 7 29 32
0.496667 3 3 27 21
0.503333 1 3 29 13
0.51 3 1 22 25
0.516667 1 8 18 19
0.523333 3 2 29 32
0.53 1 4 26 22
0.536667 1 2 20 18
0.543333 1 3 18 15
0.55 2 8 26 14
0.556667 4 7 25 17
0.563333 1 3 24 23
0.57 2 6 22 16
0.576667 3 2 15 9
0.583333 4 6 13 21
0.59 2 3 21 16
0.596667 1 3 17 24
0.603333 1 3 24 20
0.61 1 1 36 16
0.616667 2 2 17 18
0.623333 1 3 25 19
0.63 1 4 27 19
0.636667 2 4 20 26
0.643333 0 4 23 11
0.65 0 1 23 20
0.656667 1 7 21 17
0.663333 50 91 1155 1056
0.67 0 0 0 0
0.676667 0 0 0 0
0.683333 0 0 0 0
0.69 0 0 0 0
0.696667 0 0 0 0
0.703333 0 0 0 0
0.71 0 0 0 0
0.716667 0 0 0 0
0.723333 0 0 0 0
0.73 0 0 0 0
0.736667 0 0 0 0
0.743333 0 0 0 0
0.75 0 0 0 0
0.756667 0 0 0 0
0.763333 0 0 0 0
0.77 0 0 0 0
0.776667 0 0 0 0
0.783333 0 0 0 0
0.79 0 0 0 0
0.796667 0 0 0 0
0.803333 0 0 0 0
0.81 0 0 0 0
0.816667 0 0 0 0
0.823333 0 0 0 0
0.83 0 0 0 0
0.836667 0 0 0 0
0.843333 0 0 0 0
0.85 0 0 0 0
0.856667 0 0 0 0
0.863333 0 0 0 0
0.87 0 0 0 0
0.876667 0 0 0 0
0.883333 0 0 0 0
0.89 0 0 0 0
0.896667 0 0 0 0
0.903333 0 0 0 0
0.91 0 0 0 0
0.916667 0 0 0 0
0.923333 0 0 0 0
0.93 0 0 0 0
0.936667 0 0 0 0
0.943333 0 0 0 0
0.95 0 0 0 0
0.956667 0 0 0 0
0.963333 0 0 0 0
0.97 0 0 0 0
0.976667 0 0 0 0
0.983333 0 0 0 0
0.99 0 0 0 0
0.996667 0 0 0 0
1.00333 0 0 0 0
1.01 0 0 0 0
1.01667 0 0 0 0
1.02333 0 0 0 0
1.03 0 0 0 0
1.03667 0 0 0 0
1.04333 0 0 0 0
1.05 0 0 0 0
1.05667 0 0 0 0
1.06333 0 0 0 0
1.07 0 0 0 0
1.07667 0 0 0 0
1.08333 0 0 0 0
1.09 0 0 0 0
1.09667 0 0 0 0
1.10333 0 0 0 0
1.11 0 0 0 0
1.11667 0 0 0 0
1.12333 0 0 0 0
1.13 0 0 0 0
1.13667 0 0 0 0
1.14333 0 0 0 0
1.15 0 0 0 0
1.15667 0 0 0 0
1.16333 0 0 0 0
1.17 0 0 0 0
1.17667 0 0 0 0
1.18333 0 0 0 0
1.19 0 0 0 0
1.19667 0 0 0 0
1.20333 0 0 0 0
1.21 0 0 0 0
1.21667 0 0 0 0
1.22333 0 0 0 0
1.23 0 0 0 0
1.23667 0 0 0 0
1.24333 0 0 0 0
1.25 0 0 0 0
1.25667 0 0 0 0
1.26333 0 0 0 0
1.27 0 0 0 0
1.27667 0 0 0 0
1.28333 0 0 0 0
1.29 0 0 0 0
1.29667 0 0 0 0
1.30333 0 0 0 0
1.31 0 0 0 0
1.31667 0 0 0 0
1.32333 0 0 0 0
1.33 0 0 0 0
1.33667 0 0 0 0
1.34333 0 0 0 0
1.35 0 0 0 0
1.35667 0 0 0 0
1.36333 0 0 0 0
1.37 0 0 0 0
1.37667 0 0 0 0
1.38333 0 0 0 0
1.39 0 0 0 0
1.39667 0 0 0 0
1.40333 0 0 0 0
1.41 0 0 0 0
1.41667 0 0 0 0
1.42333 0 0 0 0
1.43 0 0 0 0
1.43667 0 0 0 0
1.44333 0 0 0 0
1.45 0 0 0 0
1.45667 0 0 0 0
1.46333 0 0 0 0
1.47 0 0 0 0
1.47667 0 0 0 0
1.48333 0 0 0 0
1.49 0 0 0 0
1.49667 0 0 0 0
1.50333 0 0 0 0
1.51 0 0 0 0
1.51667 0 0 0 0
1.52333 0 0 0 0
1.53 0 0 0 0
1.53667 0 0 0 0
1.54333 0 0 0 0
1.55 0 0 0 0
1.55667 0 0 0 0
1.56333 0 0 0 0
1.57 0 0 0 0
1.57667 0 0 0 0
1.58333 0 0 0 0
1.59 0 0 0 0
1.59667 0 0 0 0
1.60333 0 0 0 0
1.61 0 0 0 0
1.61667 0 0 0 0
1.62333 0 0 0 0
1.63 0 0 0 0
1.63667 0 0 0 0
1.64333 0 0 0 0
1.65 0 0 0 0
1.65667 0 0 0 0
1.66333 0 0 0 0
1.67 0 0 0 0
1.67667 0 0 0 0
1.68333 0 0 0 0
1.69 0 0 0 0
1.69667 0 0 0 0
1.70333 0 0 0 0
1.71 0 0 0 0
1.71667 0 0 0 0
1.72333 0 0 0 0
1.73 0 0 0 0
1.73667 0 0 0 0
1.74333 0 0 0 0
1.75 0 0 0 0
1.75667 0 0 0 0
1.76333 0 0 0 0
1.77 0 0 0 0
1.77667 0 0 0 0
1.78333 0 0 0 0
1.79 0 0 0 0
1.79667 0 0 0 0
1.80333 0 0 0 0
1.81 0 0 0 0
1.81667 0 0 0 0
1.82333 0 0 0 0
1.83 0 0 0 0
1.83667 0 0 0 0
1.84333 0 0 0 0
1.85 0 0 0 0
1.85667 0 0 0 0
1.86333 0 0 0 0
1.87 0 0 0 0
1.87667 0 0 0 0
1.88333 0 0 0 0
1.89 0 0 0 0
1.89667 0 0 0 0
1.90333 0 0 0 0
1.91 0 0 0 0
1.91667 0 0 0 0
1.92333 0 0 0 0
1.93 0 0 0 0
1.93667 0 0 0 0
1.94333 0 0 0 0
1.95 0 0 0 0
1.95667 0 0 0 0
1.96333 0 0 0 0
1.97 0 0 0 0
1.97667 0 0 0 0
1.98333 0 0 0 0
1.99 0 0 0 0
1.99667 0 0 0 0
