0.00333333 17 99 7 0
0.01 25 113 8 1
0.0166667 12 124 5 0
0.0233333 26 148 7 0
0.03 23 120 6 0
0.0366667 37 138 7 0
0.0433333 50 174 5 1
0.05 57 199 5 0
0.0566667 64 190 11 3
0.0633333 64 212 10 3
0.07 96 211 11 2
0.0766667 75 244 6 2
0.0833333 89 237 15 3
0.09 65 250 10 0
0.0966667 75 257 17 4
0.103333 76 246 11 2
0.11 60 249 16 2
0.116667 81 276 8 3
0.123333 58 271 5 1
0.13 55 272 9 2
0.136667 64 256 8 4
0.143333 51 259 17 0
0.15 60 289 17 1
0.156667 52 257 12 0
0.163333 45 286 8 1
0.17 57 286 9 3
0.176667 61 267 17 0
0.183333 57 306 8 0
0.19 42 404 17 1
0.196667 46 368 9 1
0.203333 44 384 13 3
0.21 63 368 12 2
0.216667 53 287 9 0
0.223333 53 265 7 2
0.23 50 270 9 1
0.236667 42 223 7 1
0.243333 37 221 12 1
0.25 48 220 13 0
0.256667 34 217 17 1
0.263333 37 205 5 0
0.27 34 158 7 1
0.276667 35 185 12 0
0.283333 31 194 6 2
0.29 28 154 12 1
0.296667 33 183 2 1
0.303333 28 173 7 0
0.31 25 173 8 0
0.316667 30 172 4 1
0.323333 27 173 9 0
0.33 36 137 6 3
0.336667 26 131 5 0
0.343333 29 155 6 0
0.35 25 136 9 1
0.356667 28 149 7 0
0.363333 28 134 6 0
0.37 24 121 10 1
0.376667 29 154 9 0
0.383333 19 111 5 0
0.39 23 137 9 2
0.396667 30 129 6 2
0.403333 26 131 4 1
0.41 24 130 2 1
0.416667 20 120 6 2
0.423333 28 125 14 1
0.43 25 148 10 1
0.436667 20 128 6 0
0.443333 28 109 4 2
0.45 23 119 7 1
0.456667 20 132 10 0
0.463333 25 120 8 1
0.47 15 129 5 0
0.476667 17 114 5 1
0.483333 13 64 5 2
0.49 13 78 3 1
0.496667 17 53 6 0
0.503333 12 56 2 0
0.51 14 53 8 1
0.516667 15 43 5 0
0.523333 8 38 3 0
0.53 11 46 3 0
0.536667 19 49 6 1
0.543333 15 31 6 0
0.55 13 45 1 0
0.556667 11 39 3 0
0.563333 15 35 4 0
0.57 10 35 3 1
0.576667 16 34 3 0
0.583333 25 35 4 0
0.59 12 37 1 0
0.596667 9 42 5 0
0.603333 10 28 6 0
0.61 22 15 5 1
0.616667 18 32 4 0
0.623333 12 32 5 0
0.63 9 29 2 0
0.636667 9 64 3 0
0.643333 7 27 3 2
0.65 15 30 2 1
0.656667 13 25 7 0
0.663333 493 6412 192 3
0.67 0 0 0 0
0.676667 0 0 0 0
0.683333 0 0 0 0
0.69 0 0 0 0
0.696667 0 0 0 0
0.703333 0 0 0 0
0.71 0 0 0 0
0.716667 0 0 0 0
0.723333 0 0 0 0
0.73 0 0 0 0
0.736667 0 0 0 0
0.743333 0 0 0 0
0.75 0 0 0 0
0.756667 0 0 0 0
0.763333 0 0 0 0
0.77 0 0 0 0
0.776667 0 0 0 0
0.783333 0 0 0 0
0.79 0 0 0 0
0.796667 0 0 0 0
0.803333 0 0 0 0
0.81 0 0 0 0
0.816667 0 0 0 0
0.823333 0 0 0 0
0.83 0 0 0 0
0.836667 0 0 0 0
0.843333 0 0 0 0
0.85 0 0 0 0
0.856667 0 0 0 0
0.863333 0 0 0 0
0.87 0 0 0 0
0.876667 0 0 0 0
0.883333 0 0 0 0
0.89 0 0 0 0
0.896667 0 0 0 0
0.903333 0 0 0 0
0.91 0 0 0 0
0.916667 0 0 0 0
0.923333 0 0 0 0
0.93 0 0 0 0
0.936667 0 0 0 0
0.943333 0 0 0 0
0.95 0 0 0 0
0.956667 0 0 0 0
0.963333 0 0 0 0
0.97 0 0 0 0
0.976667 0 0 0 0
0.983333 0 0 0 0
0.99 0 0 0 0
0.996667 0 0 0 0
1.00333 0 0 0 0
1.01 0 0 0 0
1.01667 0 0 0 0
1.02333 0 0 0 0
1.03 0 0 0 0
1.03667 0 0 0 0
1.04333 0 0 0 0
1.05 0 0 0 0
1.05667 0 0 0 0
1.06333 0 0 0 0
1.07 0 0 0 0
1.07667 0 0 0 0
1.08333 0 0 0 0
1.09 0 0 0 0
1.09667 0 0 0 0
1.10333 0 0 0 0
1.11 0 0 0 0
1.11667 0 0 0 0
1.12333 0 0 0 0
1.13 0 0 0 0
1.13667 0 0 0 0
1.14333 0 0 0 0
1.15 0 0 0 0
1.15667 0 0 0 0
1.16333 0 0 0 0
1.17 0 0 0 0
1.17667 0 0 0 0
1.18333 0 0 0 0
1.19 0 0 0 0
1.19667 0 0 0 0
1.20333 0 0 0 0
1.21 0 0 0 0
1.21667 0 0 0 0
1.22333 0 0 0 0
1.23 0 0 0 0
1.23667 0 0 0 0
1.24333 0 0 0 0
1.25 0 0 0 0
1.25667 0 0 0 0
1.26333 0 0 0 0
1.27 0 0 0 0
1.27667 0 0 0 0
1.28333 0 0 0 0
1.29 0 0 0 0
1.29667 0 0 0 0
1.30333 0 0 0 0
1.31 0 0 0 0
1.31667 0 0 0 0
1.32333 0 0 0 0
1.33 0 0 0 0
1.33667 0 0 0 0
1.34333 0 0 0 0
1.35 0 0 0 0
1.35667 0 0 0 0
1.36333 0 0 0 0
1.37 0 0 0 0
1.37667 0 0 0 0
1.38333 0 0 0 0
1.39 0 0 0 0
1.39667 0 0 0 0
1.40333 0 0 0 0
1.41 0 0 0 0
1.41667 0 0 0 0
1.42333 0 0 0 0
1.43 0 0 0 0
1.43667 0 0 0 0
1.44333 0 0 0 0
1.45 0 0 0 0
1.45667 0 0 0 0
1.46333 0 0 0 0
1.47 0 0 0 0
1.47667 0 0 0 0
1.48333 0 0 0 0
1.49 0 0 0 0
1.49667 0 0 0 0
1.50333 0 0 0 0
1.51 0 0 0 0
1.51667 0 0 0 0
1.52333 0 0 0 0
1.53 0 0 0 0
1.53667 0 0 0 0
1.54333 0 0 0 0
1.55 0 0 0 0
1.55667 0 0 0 0
1.56333 0 0 0 0
1.57 0 0 0 0
1.57667 0 0 0 0
1.58333 0 0 0 0
1.59 0 0 0 0
1.59667 0 0 0 0
1.60333 0 0 0 0
1.61 0 0 0 0
1.61667 0 0 0 0
1.62333 0 0 0 0
1.63 0 0 0 0
1.63667 0 0 0 0
1.64333 0 0 0 0
1.65 0 0 0 0
1.65667 0 0 0 0
1.66333 0 0 0 0
1.67 0 0 0 0
1.67667 0 0 0 0
1.68333 0 0 0 0
1.69 0 0 0 0
1.69667 0 0 0 0
1.70333 0 0 0 0
1.71 0 0 0 0
1.71667 0 0 0 0
1.72333 0 0 0 0
1.73 0 0 0 0
1.73667 0 0 0 0
1.74333 0 0 0 0
1.75 0 0 0 0
1.75667 0 0 0 0
1.76333 0 0 0 0
1.77 0 0 0 0
1.77667 0 0 0 0
1.78333 0 0 0 0
1.79 0 0 0 0
1.79667 0 0 0 0
1.80333 0 0 0 0
1.81 0 0 0 0
1.81667 0 0 0 0
1.82333 0 0 0 0
1.83 0 0 0 0
1.83667 0 0 0 0
1.84333 0 0 0 0
1.85 0 0 0 0
1.85667 0 0 0 0
1.86333 0 0 0 0
1.87 0 0 0 0
1.87667 0 0 0 0
1.88333 0 0 0 0
1.89 0 0 0 0
1.89667 0 0 0 0
1.90333 0 0 0 0
1.91 0 0 0 0
1.91667 0 0 0 0
1.92333 0 0 0 0
1.93 0 0 0 0
1.93667 0 0 0 0
1.94333 0 0 0 0
1.95 0 0 0 0
1.95667 0 0 0 0
1.96333 0 0 0 0
1.97 0 0 0 0
1.97667 0 0 0 0
1.98333 0 0 0 0
1.99 0 0 0 0
1.99667 0 0 0 0
