0.00333333 1 27 48 4
0.01 7 28 48 4
0.0166667 7 40 44 7
0.0233333 4 44 47 6
0.03 9 49 42 8
0.0366667 10 41 69 6
0.0433333 6 63 84 11
0.05 15 92 81 15
0.0566667 15 101 90 11
0.0633333 16 92 102 12
0.07 22 107 123 12
0.0766667 21 127 130 19
0.0833333 20 107 117 17
0.09 21 144 125 14
0.0966667 15 133 135 18
0.103333 21 107 123 11
0.11 23 118 133 14
0.116667 26 117 144 13
0.123333 28 109 137 11
0.13 19 116 121 9
0.136667 14 75 115 13
0.143333 14 80 107 13
0.15 20 77 113 7
0.156667 16 83 114 8
0.163333 7 84 120 9
0.17 21 96 122 8
0.176667 14 85 101 9
0.183333 16 76 117 7
0.19 15 80 145 14
0.196667 18 77 157 8
0.203333 7 95 130 7
0.21 13 67 131 5
0.216667 7 81 102 10
0.223333 8 65 108 6
0.23 12 68 80 11
0.236667 14 51 93 6
0.243333 8 92 78 4
0.25 8 53 66 8
0.256667 10 65 90 3
0.263333 7 56 83 6
0.27 13 67 84 9
0.276667 12 47 79 7
0.283333 6 45 65 4
0.29 7 60 66 8
0.296667 7 57 62 9
0.303333 6 64 64 7
0.31 7 66 60 4
0.316667 9 47 44 3
0.323333 6 52 68 4
0.33 9 54 55 2
0.336667 5 37 52 3
0.343333 5 35 56 6
0.35 4 37 51 2
0.356667 5 41 46 4
0.363333 5 44 53 4
0.37 6 44 49 6
0.376667 6 37 58 4
0.383333 7 43 36 0
0.39 5 42 57 4
0.396667 3 41 44 1
0.403333 6 32 54 1
0.41 10 37 51 4
0.416667 12 32 44 3
0.423333 3 39 61 5
0.43 8 29 53 3
0.436667 4 36 51 4
0.443333 2 36 44 1
0.45 6 40 33 5
0.456667 4 26 45 7
0.463333 8 36 48 1
0.47 4 33 52 6
0.476667 4 19 47 3
0.483333 8 35 31 7
0.49 3 23 25 1
0.496667 4 20 25 3
0.503333 5 23 20 2
0.51 1 18 28 1
0.516667 11 18 19 3
0.523333 1 26 16 3
0.53 0 22 18 6
0.536667 4 15 25 4
0.543333 3 15 19 2
0.55 4 21 20 2
0.556667 2 20 21 2
0.563333 7 11 18 3
0.57 3 15 19 5
0.576667 3 17 26 3
0.583333 2 25 24 0
0.59 0 13 17 4
0.596667 3 20 18 2
0.603333 1 14 19 3
0.61 2 17 22 3
0.616667 4 13 15 3
0.623333 2 13 15 0
0.63 6 17 18 1
0.636667 4 13 17 4
0.643333 0 17 15 0
0.65 3 23 15 3
0.656667 2 20 21 2
0.663333 85 817 1629 63
0.67 0 0 0 0
0.676667 0 0 0 0
0.683333 0 0 0 0
0.69 0 0 0 0
0.696667 0 0 0 0
0.703333 0 0 0 0
0.71 0 0 0 0
0.716667 0 0 0 0
0.723333 0 0 0 0
0.73 0 0 0 0
0.736667 0 0 0 0
0.743333 0 0 0 0
0.75 0 0 0 0
0.756667 0 0 0 0
0.763333 0 0 0 0
0.77 0 0 0 0
0.776667 0 0 0 0
0.783333 0 0 0 0
0.79 0 0 0 0
0.796667 0 0 0 0
0.803333 0 0 0 0
0.81 0 0 0 0
0.816667 0 0 0 0
0.823333 0 0 0 0
0.83 0 0 0 0
0.836667 0 0 0 0
0.843333 0 0 0 0
0.85 0 0 0 0
0.856667 0 0 0 0
0.863333 0 0 0 0
0.87 0 0 0 0
0.876667 0 0 0 0
0.883333 0 0 0 0
0.89 0 0 0 0
0.896667 0 0 0 0
0.903333 0 0 0 0
0.91 0 0 0 0
0.916667 0 0 0 0
0.923333 0 0 0 0
0.93 0 0 0 0
0.936667 0 0 0 0
0.943333 0 0 0 0
0.95 0 0 0 0
0.956667 0 0 0 0
0.963333 0 0 0 0
0.97 0 0 0 0
0.976667 0 0 0 0
0.983333 0 0 0 0
0.99 0 0 0 0
0.996667 0 0 0 0
1.00333 0 0 0 0
1.01 0 0 0 0
1.01667 0 0 0 0
1.02333 0 0 0 0
1.03 0 0 0 0
1.03667 0 0 0 0
1.04333 0 0 0 0
1.05 0 0 0 0
1.05667 0 0 0 0
1.06333 0 0 0 0
1.07 0 0 0 0
1.07667 0 0 0 0
1.08333 0 0 0 0
1.09 0 0 0 0
1.09667 0 0 0 0
1.10333 0 0 0 0
1.11 0 0 0 0
1.11667 0 0 0 0
1.12333 0 0 0 0
1.13 0 0 0 0
1.13667 0 0 0 0
1.14333 0 0 0 0
1.15 0 0 0 0
1.15667 0 0 0 0
1.16333 0 0 0 0
1.17 0 0 0 0
1.17667 0 0 0 0
1.18333 0 0 0 0
1.19 0 0 0 0
1.19667 0 0 0 0
1.20333 0 0 0 0
1.21 0 0 0 0
1.21667 0 0 0 0
1.22333 0 0 0 0
1.23 0 0 0 0
1.23667 0 0 0 0
1.24333 0 0 0 0
1.25 0 0 0 0
1.25667 0 0 0 0
1.26333 0 0 0 0
1.27 0 0 0 0
1.27667 0 0 0 0
1.28333 0 0 0 0
1.29 0 0 0 0
1.29667 0 0 0 0
1.30333 0 0 0 0
1.31 0 0 0 0
1.31667 0 0 0 0
1.32333 0 0 0 0
1.33 0 0 0 0
1.33667 0 0 0 0
1.34333 0 0 0 0
1.35 0 0 0 0
1.35667 0 0 0 0
1.36333 0 0 0 0
1.37 0 0 0 0
1.37667 0 0 0 0
1.38333 0 0 0 0
1.39 0 0 0 0
1.39667 0 0 0 0
1.40333 0 0 0 0
1.41 0 0 0 0
1.41667 0 0 0 0
1.42333 0 0 0 0
1.43 0 0 0 0
1.43667 0 0 0 0
1.44333 0 0 0 0
1.45 0 0 0 0
1.45667 0 0 0 0
1.46333 0 0 0 0
1.47 0 0 0 0
1.47667 0 0 0 0
1.48333 0 0 0 0
1.49 0 0 0 0
1.49667 0 0 0 0
1.50333 0 0 0 0
1.51 0 0 0 0
1.51667 0 0 0 0
1.52333 0 0 0 0
1.53 0 0 0 0
1.53667 0 0 0 0
1.54333 0 0 0 0
1.55 0 0 0 0
1.55667 0 0 0 0
1.56333 0 0 0 0
1.57 0 0 0 0
1.57667 0 0 0 0
1.58333 0 0 0 0
1.59 0 0 0 0
1.59667 0 0 0 0
1.60333 0 0 0 0
1.61 0 0 0 0
1.61667 0 0 0 0
1.62333 0 0 0 0
1.63 0 0 0 0
1.63667 0 0 0 0
1.64333 0 0 0 0
1.65 0 0 0 0
1.65667 0 0 0 0
1.66333 0 0 0 0
1.67 0 0 0 0
1.67667 0 0 0 0
1.68333 0 0 0 0
1.69 0 0 0 0
1.69667 0 0 0 0
1.70333 0 0 0 0
1.71 0 0 0 0
1.71667 0 0 0 0
1.72333 0 0 0 0
1.73 0 0 0 0
1.73667 0 0 0 0
1.74333 0 0 0 0
1.75 0 0 0 0
1.75667 0 0 0 0
1.76333 0 0 0 0
1.77 0 0 0 0
1.77667 0 0 0 0
1.78333 0 0 0 0
1.79 0 0 0 0
1.79667 0 0 0 0
1.80333 0 0 0 0
1.81 0 0 0 0
1.81667 0 0 0 0
1.82333 0 0 0 0
1.83 0 0 0 0
1.83667 0 0 0 0
1.84333 0 0 0 0
1.85 0 0 0 0
1.85667 0 0 0 0
1.86333 0 0 0 0
1.87 0 0 0 0
1.87667 0 0 0 0
1.88333 0 0 0 0
1.89 0 0 0 0
1.89667 0 0 0 0
1.90333 0 0 0 0
1.91 0 0 0 0
1.91667 0 0 0 0
1.92333 0 0 0 0
1.93 0 0 0 0
1.93667 0 0 0 0
1.94333 0 0 0 0
1.95 0 0 0 0
1.95667 0 0 0 0
1.96333 0 0 0 0
1.97 0 0 0 0
1.97667 0 0 0 0
1.98333 0 0 0 0
1.99 0 0 0 0
1.99667 0 0 0 0
