0.00333333 17 25 12 1
0.01 18 23 12 5
0.0166667 30 45 17 6
0.0233333 29 42 15 11
0.03 22 43 14 8
0.0366667 32 51 24 11
0.0433333 25 82 28 11
0.05 43 98 33 10
0.0566667 60 109 46 16
0.0633333 54 143 49 12
0.07 46 150 46 13
0.0766667 60 153 46 15
0.0833333 41 143 39 17
0.09 57 120 47 18
0.0966667 61 145 46 20
0.103333 67 124 39 16
0.11 50 141 43 15
0.116667 49 120 38 17
0.123333 53 126 49 16
0.13 55 103 48 13
0.136667 51 88 32 11
0.143333 65 108 36 13
0.15 63 106 26 15
0.156667 49 103 27 13
0.163333 58 89 37 18
0.17 55 73 33 16
0.176667 48 83 36 13
0.183333 61 90 25 18
0.19 55 90 32 20
0.196667 47 99 32 15
0.203333 58 77 28 13
0.21 50 72 32 19
0.216667 43 92 29 18
0.223333 50 68 19 14
0.23 41 74 23 9
0.236667 39 72 24 6
0.243333 29 70 22 12
0.25 36 64 21 10
0.256667 27 66 21 18
0.263333 37 59 14 8
0.27 30 55 20 6
0.276667 34 59 16 5
0.283333 30 54 16 7
0.29 34 65 27 5
0.296667 35 41 18 8
0.303333 24 63 25 3
0.31 35 40 12 9
0.316667 23 40 17 11
0.323333 22 48 17 7
0.33 22 49 14 6
0.336667 19 40 14 13
0.343333 24 40 13 7
0.35 19 42 14 9
0.356667 25 42 21 9
0.363333 19 44 7 7
0.37 22 47 12 5
0.376667 22 44 15 6
0.383333 27 34 10 10
0.39 28 34 14 4
0.396667 21 45 6 12
0.403333 21 30 8 13
0.41 25 38 19 7
0.416667 20 36 12 4
0.423333 19 36 16 8
0.43 20 38 15 8
0.436667 17 42 11 6
0.443333 20 32 10 7
0.45 11 34 13 4
0.456667 27 34 10 4
0.463333 18 33 9 10
0.47 25 39 7 7
0.476667 20 25 12 6
0.483333 21 22 10 2
0.49 12 24 5 4
0.496667 17 28 14 2
0.503333 9 18 11 2
0.51 12 28 11 5
0.516667 16 18 8 4
0.523333 9 21 11 8
0.53 8 19 9 4
0.536667 9 22 11 8
0.543333 15 18 8 2
0.55 9 17 7 1
0.556667 11 13 8 2
0.563333 5 25 6 4
0.57 11 18 6 3
0.576667 12 21 15 4
0.583333 7 19 7 6
0.59 5 20 11 9
0.596667 11 14 10 2
0.603333 17 16 5 4
0.61 9 13 13 4
0.616667 15 15 5 2
0.623333 12 24 6 4
0.63 15 20 7 2
0.636667 7 19 4 4
0.643333 14 18 9 6
0.65 7 20 3 6
0.656667 4 14 5 8
0.663333 516 692 179 149
0.67 0 0 0 0
0.676667 0 0 0 0
0.683333 0 0 0 0
0.69 0 0 0 0
0.696667 0 0 0 0
0.703333 0 0 0 0
0.71 0 0 0 0
0.716667 0 0 0 0
0.723333 0 0 0 0
0.73 0 0 0 0
0.736667 0 0 0 0
0.743333 0 0 0 0
0.75 0 0 0 0
0.756667 0 0 0 0
0.763333 0 0 0 0
0.77 0 0 0 0
0.776667 0 0 0 0
0.783333 0 0 0 0
0.79 0 0 0 0
0.796667 0 0 0 0
0.803333 0 0 0 0
0.81 0 0 0 0
0.816667 0 0 0 0
0.823333 0 0 0 0
0.83 0 0 0 0
0.836667 0 0 0 0
0.843333 0 0 0 0
0.85 0 0 0 0
0.856667 0 0 0 0
0.863333 0 0 0 0
0.87 0 0 0 0
0.876667 0 0 0 0
0.883333 0 0 0 0
0.89 0 0 0 0
0.896667 0 0 0 0
0.903333 0 0 0 0
0.91 0 0 0 0
0.916667 0 0 0 0
0.923333 0 0 0 0
0.93 0 0 0 0
0.936667 0 0 0 0
0.943333 0 0 0 0
0.95 0 0 0 0
0.956667 0 0 0 0
0.963333 0 0 0 0
0.97 0 0 0 0
0.976667 0 0 0 0
0.983333 0 0 0 0
0.99 0 0 0 0
0.996667 0 0 0 0
1.00333 0 0 0 0
1.01 0 0 0 0
1.01667 0 0 0 0
1.02333 0 0 0 0
1.03 0 0 0 0
1.03667 0 0 0 0
1.04333 0 0 0 0
1.05 0 0 0 0
1.05667 0 0 0 0
1.06333 0 0 0 0
1.07 0 0 0 0
1.07667 0 0 0 0
1.08333 0 0 0 0
1.09 0 0 0 0
1.09667 0 0 0 0
1.10333 0 0 0 0
1.11 0 0 0 0
1.11667 0 0 0 0
1.12333 0 0 0 0
1.13 0 0 0 0
1.13667 0 0 0 0
1.14333 0 0 0 0
1.15 0 0 0 0
1.15667 0 0 0 0
1.16333 0 0 0 0
1.17 0 0 0 0
1.17667 0 0 0 0
1.18333 0 0 0 0
1.19 0 0 0 0
1.19667 0 0 0 0
1.20333 0 0 0 0
1.21 0 0 0 0
1.21667 0 0 0 0
1.22333 0 0 0 0
1.23 0 0 0 0
1.23667 0 0 0 0
1.24333 0 0 0 0
1.25 0 0 0 0
1.25667 0 0 0 0
1.26333 0 0 0 0
1.27 0 0 0 0
1.27667 0 0 0 0
1.28333 0 0 0 0
1.29 0 0 0 0
1.29667 0 0 0 0
1.30333 0 0 0 0
1.31 0 0 0 0
1.31667 0 0 0 0
1.32333 0 0 0 0
1.33 0 0 0 0
1.33667 0 0 0 0
1.34333 0 0 0 0
1.35 0 0 0 0
1.35667 0 0 0 0
1.36333 0 0 0 0
1.37 0 0 0 0
1.37667 0 0 0 0
1.38333 0 0 0 0
1.39 0 0 0 0
1.39667 0 0 0 0
1.40333 0 0 0 0
1.41 0 0 0 0
1.41667 0 0 0 0
1.42333 0 0 0 0
1.43 0 0 0 0
1.43667 0 0 0 0
1.44333 0 0 0 0
1.45 0 0 0 0
1.45667 0 0 0 0
1.46333 0 0 0 0
1.47 0 0 0 0
1.47667 0 0 0 0
1.48333 0 0 0 0
1.49 0 0 0 0
1.49667 0 0 0 0
1.50333 0 0 0 0
1.51 0 0 0 0
1.51667 0 0 0 0
1.52333 0 0 0 0
1.53 0 0 0 0
1.53667 0 0 0 0
1.54333 0 0 0 0
1.55 0 0 0 0
1.55667 0 0 0 0
1.56333 0 0 0 0
1.57 0 0 0 0
1.57667 0 0 0 0
1.58333 0 0 0 0
1.59 0 0 0 0
1.59667 0 0 0 0
1.60333 0 0 0 0
1.61 0 0 0 0
1.61667 0 0 0 0
1.62333 0 0 0 0
1.63 0 0 0 0
1.63667 0 0 0 0
1.64333 0 0 0 0
1.65 0 0 0 0
1.65667 0 0 0 0
1.66333 0 0 0 0
1.67 0 0 0 0
1.67667 0 0 0 0
1.68333 0 0 0 0
1.69 0 0 0 0
1.69667 0 0 0 0
1.70333 0 0 0 0
1.71 0 0 0 0
1.71667 0 0 0 0
1.72333 0 0 0 0
1.73 0 0 0 0
1.73667 0 0 0 0
1.74333 0 0 0 0
1.75 0 0 0 0
1.75667 0 0 0 0
1.76333 0 0 0 0
1.77 0 0 0 0
1.77667 0 0 0 0
1.78333 0 0 0 0
1.79 0 0 0 0
1.79667 0 0 0 0
1.80333 0 0 0 0
1.81 0 0 0 0
1.81667 0 0 0 0
1.82333 0 0 0 0
1.83 0 0 0 0
1.83667 0 0 0 0
1.84333 0 0 0 0
1.85 0 0 0 0
1.85667 0 0 0 0
1.86333 0 0 0 0
1.87 0 0 0 0
1.87667 0 0 0 0
1.88333 0 0 0 0
1.89 0 0 0 0
1.89667 0 0 0 0
1.90333 0 0 0 0
1.91 0 0 0 0
1.91667 0 0 0 0
1.92333 0 0 0 0
1.93 0 0 0 0
1.93667 0 0 0 0
1.94333 0 0 0 0
1.95 0 0 0 0
1.95667 0 0 0 0
1.96333 0 0 0 0
1.97 0 0 0 0
1.97667 0 0 0 0
1.98333 0 0 0 0
1.99 0 0 0 0
1.99667 0 0 0 0
