0.00333333 83 16 0 3
0.01 98 18 0 2
0.0166667 107 29 2 0
0.0233333 123 23 0 2
0.03 129 27 2 0
0.0366667 119 30 0 1
0.0433333 153 29 5 1
0.05 207 60 1 1
0.0566667 211 58 7 2
0.0633333 259 59 2 2
0.07 312 67 3 1
0.0766667 293 64 1 1
0.0833333 321 70 4 4
0.09 286 69 4 1
0.0966667 305 58 2 1
0.103333 293 65 0 1
0.11 322 63 4 1
0.116667 336 63 1 2
0.123333 351 55 1 1
0.13 311 66 2 1
0.136667 360 51 2 2
0.143333 278 43 2 1
0.15 291 49 2 0
0.156667 291 55 1 0
0.163333 292 51 1 3
0.17 272 58 2 2
0.176667 276 48 1 2
0.183333 306 53 2 2
0.19 335 55 2 4
0.196667 329 56 0 1
0.203333 298 35 2 2
0.21 277 47 5 3
0.216667 252 49 1 2
0.223333 313 48 1 2
0.23 264 39 2 2
0.236667 243 31 1 0
0.243333 236 41 2 3
0.25 261 43 0 3
0.256667 200 35 1 3
0.263333 210 33 0 1
0.27 196 30 3 0
0.276667 203 34 0 0
0.283333 187 41 2 1
0.29 210 28 1 3
0.296667 191 38 1 1
0.303333 172 24 1 0
0.31 171 36 3 2
0.316667 143 29 1 4
0.323333 149 26 2 2
0.33 141 34 3 0
0.336667 152 34 1 2
0.343333 134 27 0 2
0.35 153 24 3 1
0.356667 108 27 0 1
0.363333 126 28 0 2
0.37 115 22 4 0
0.376667 123 24 1 0
0.383333 120 18 1 2
0.39 118 26 0 1
0.396667 131 21 1 0
0.403333 122 20 0 1
0.41 114 20 2 1
0.416667 117 24 0 2
0.423333 135 21 1 0
0.43 126 25 1 1
0.436667 132 19 0 2
0.443333 128 14 0 1
0.45 121 19 0 2
0.456667 129 21 0 1
0.463333 106 17 2 2
0.47 133 18 2 0
0.476667 106 32 0 0
0.483333 85 14 2 3
0.49 67 13 2 0
0.496667 61 17 0 0
0.503333 57 12 2 0
0.51 62 15 0 0
0.516667 60 18 1 1
0.523333 66 11 0 2
0.53 42 11 2 0
0.536667 57 20 1 2
0.543333 48 6 0 0
0.55 50 10 0 1
0.556667 46 6 1 0
0.563333 43 11 0 1
0.57 54 13 1 2
0.576667 41 19 2 1
0.583333 59 14 0 0
0.59 49 13 0 0
0.596667 43 18 1 0
0.603333 49 11 2 1
0.61 49 9 2 0
0.616667 50 12 1 1
0.623333 43 5 0 1
0.63 50 17 1 0
0.636667 55 11 0 1
0.643333 32 12 2 0
0.65 38 15 2 1
0.656667 38 9 0 2
0.663333 4721 453 14 18
0.67 0 0 0 0
0.676667 0 0 0 0
0.683333 0 0 0 0
0.69 0 0 0 0
0.696667 0 0 0 0
0.703333 0 0 0 0
0.71 0 0 0 0
0.716667 0 0 0 0
0.723333 0 0 0 0
0.73 0 0 0 0
0.736667 0 0 0 0
0.743333 0 0 0 0
0.75 0 0 0 0
0.756667 0 0 0 0
0.763333 0 0 0 0
0.77 0 0 0 0
0.776667 0 0 0 0
0.783333 0 0 0 0
0.79 0 0 0 0
0.796667 0 0 0 0
0.803333 0 0 0 0
0.81 0 0 0 0
0.816667 0 0 0 0
0.823333 0 0 0 0
0.83 0 0 0 0
0.836667 0 0 0 0
0.843333 0 0 0 0
0.85 0 0 0 0
0.856667 0 0 0 0
0.863333 0 0 0 0
0.87 0 0 0 0
0.876667 0 0 0 0
0.883333 0 0 0 0
0.89 0 0 0 0
0.896667 0 0 0 0
0.903333 0 0 0 0
0.91 0 0 0 0
0.916667 0 0 0 0
0.923333 0 0 0 0
0.93 0 0 0 0
0.936667 0 0 0 0
0.943333 0 0 0 0
0.95 0 0 0 0
0.956667 0 0 0 0
0.963333 0 0 0 0
0.97 0 0 0 0
0.976667 0 0 0 0
0.983333 0 0 0 0
0.99 0 0 0 0
0.996667 0 0 0 0
1.00333 0 0 0 0
1.01 0 0 0 0
1.01667 0 0 0 0
1.02333 0 0 0 0
1.03 0 0 0 0
1.03667 0 0 0 0
1.04333 0 0 0 0
1.05 0 0 0 0
1.05667 0 0 0 0
1.06333 0 0 0 0
1.07 0 0 0 0
1.07667 0 0 0 0
1.08333 0 0 0 0
1.09 0 0 0 0
1.09667 0 0 0 0
1.10333 0 0 0 0
1.11 0 0 0 0
1.11667 0 0 0 0
1.12333 0 0 0 0
1.13 0 0 0 0
1.13667 0 0 0 0
1.14333 0 0 0 0
1.15 0 0 0 0
1.15667 0 0 0 0
1.16333 0 0 0 0
1.17 0 0 0 0
1.17667 0 0 0 0
1.18333 0 0 0 0
1.19 0 0 0 0
1.19667 0 0 0 0
1.20333 0 0 0 0
1.21 0 0 0 0
1.21667 0 0 0 0
1.22333 0 0 0 0
1.23 0 0 0 0
1.23667 0 0 0 0
1.24333 0 0 0 0
1.25 0 0 0 0
1.25667 0 0 0 0
1.26333 0 0 0 0
1.27 0 0 0 0
1.27667 0 0 0 0
1.28333 0 0 0 0
1.29 0 0 0 0
1.29667 0 0 0 0
1.30333 0 0 0 0
1.31 0 0 0 0
1.31667 0 0 0 0
1.32333 0 0 0 0
1.33 0 0 0 0
1.33667 0 0 0 0
1.34333 0 0 0 0
1.35 0 0 0 0
1.35667 0 0 0 0
1.36333 0 0 0 0
1.37 0 0 0 0
1.37667 0 0 0 0
1.38333 0 0 0 0
1.39 0 0 0 0
1.39667 0 0 0 0
1.40333 0 0 0 0
1.41 0 0 0 0
1.41667 0 0 0 0
1.42333 0 0 0 0
1.43 0 0 0 0
1.43667 0 0 0 0
1.44333 0 0 0 0
1.45 0 0 0 0
1.45667 0 0 0 0
1.46333 0 0 0 0
1.47 0 0 0 0
1.47667 0 0 0 0
1.48333 0 0 0 0
1.49 0 0 0 0
1.49667 0 0 0 0
1.50333 0 0 0 0
1.51 0 0 0 0
1.51667 0 0 0 0
1.52333 0 0 0 0
1.53 0 0 0 0
1.53667 0 0 0 0
1.54333 0 0 0 0
1.55 0 0 0 0
1.55667 0 0 0 0
1.56333 0 0 0 0
1.57 0 0 0 0
1.57667 0 0 0 0
1.58333 0 0 0 0
1.59 0 0 0 0
1.59667 0 0 0 0
1.60333 0 0 0 0
1.61 0 0 0 0
1.61667 0 0 0 0
1.62333 0 0 0 0
1.63 0 0 0 0
1.63667 0 0 0 0
1.64333 0 0 0 0
1.65 0 0 0 0
1.65667 0 0 0 0
1.66333 0 0 0 0
1.67 0 0 0 0
1.67667 0 0 0 0
1.68333 0 0 0 0
1.69 0 0 0 0
1.69667 0 0 0 0
1.70333 0 0 0 0
1.71 0 0 0 0
1.71667 0 0 0 0
1.72333 0 0 0 0
1.73 0 0 0 0
1.73667 0 0 0 0
1.74333 0 0 0 0
1.75 0 0 0 0
1.75667 0 0 0 0
1.76333 0 0 0 0
1.77 0 0 0 0
1.77667 0 0 0 0
1.78333 0 0 0 0
1.79 0 0 0 0
1.79667 0 0 0 0
1.80333 0 0 0 0
1.81 0 0 0 0
1.81667 0 0 0 0
1.82333 0 0 0 0
1.83 0 0 0 0
1.83667 0 0 0 0
1.84333 0 0 0 0
1.85 0 0 0 0
1.85667 0 0 0 0
1.86333 0 0 0 0
1.87 0 0 0 0
1.87667 0 0 0 0
1.88333 0 0 0 0
1.89 0 0 0 0
1.89667 0 0 0 0
1.90333 0 0 0 0
1.91 0 0 0 0
1.91667 0 0 0 0
1.92333 0 0 0 0
1.93 0 0 0 0
1.93667 0 0 0 0
1.94333 0 0 0 0
1.95 0 0 0 0
1.95667 0 0 0 0
1.96333 0 0 0 0
1.97 0 0 0 0
1.97667 0 0 0 0
1.98333 0 0 0 0
1.99 0 0 0 0
1.99667 0 0 0 0
