0.00333333 7 32 21 1
0.01 7 54 43 3
0.0166667 10 35 48 7
0.0233333 11 64 41 5
0.03 7 51 53 7
0.0366667 11 59 60 7
0.0433333 11 73 81 13
0.05 14 97 95 19
0.0566667 23 95 104 21
0.0633333 22 114 133 22
0.07 22 121 130 23
0.0766667 17 134 162 26
0.0833333 24 117 122 28
0.09 25 140 143 29
0.0966667 20 126 126 30
0.103333 21 100 139 21
0.11 21 130 130 17
0.116667 23 128 140 26
0.123333 19 123 133 15
0.13 12 148 140 13
0.136667 9 129 123 21
0.143333 15 124 128 22
0.15 16 107 115 20
0.156667 11 104 101 17
0.163333 10 111 134 18
0.17 16 114 126 20
0.176667 6 97 103 24
0.183333 16 107 106 19
0.19 11 104 100 19
0.196667 13 129 110 11
0.203333 14 113 105 15
0.21 13 120 98 11
0.216667 14 115 87 24
0.223333 18 92 106 12
0.23 11 96 99 12
0.236667 9 92 84 12
0.243333 10 82 73 4
0.25 14 71 74 16
0.256667 11 76 75 12
0.263333 10 78 59 11
0.27 8 58 69 7
0.276667 13 59 72 16
0.283333 9 48 64 10
0.29 12 62 55 7
0.296667 6 49 54 8
0.303333 8 59 45 8
0.31 7 65 61 8
0.316667 6 56 42 8
0.323333 4 51 61 10
0.33 10 48 45 12
0.336667 10 55 56 12
0.343333 7 46 43 15
0.35 7 43 61 6
0.356667 8 52 51 12
0.363333 9 56 54 8
0.37 6 48 36 6
0.376667 10 51 47 11
0.383333 5 47 53 7
0.39 5 45 48 11
0.396667 7 30 58 6
0.403333 5 53 48 3
0.41 10 42 31 3
0.416667 4 48 45 10
0.423333 9 42 42 5
0.43 6 48 41 1
0.436667 8 40 48 4
0.443333 6 32 38 7
0.45 4 31 47 4
0.456667 6 54 30 8
0.463333 8 47 47 5
0.47 7 38 36 10
0.476667 4 33 32 11
0.483333 4 31 44 7
0.49 3 27 22 6
0.496667 3 31 21 9
0.503333 4 29 26 9
0.51 2 22 26 3
0.516667 4 19 15 3
0.523333 5 23 23 5
0.53 2 23 25 1
0.536667 4 21 12 4
0.543333 1 15 26 6
0.55 3 21 26 2
0.556667 2 24 22 6
0.563333 5 19 15 7
0.57 5 25 18 3
0.576667 2 25 27 6
0.583333 6 21 21 2
0.59 3 13 13 9
0.596667 5 20 11 0
0.603333 3 18 23 4
0.61 1 22 18 2
0.616667 4 21 16 2
0.623333 2 22 17 2
0.63 0 15 18 6
0.636667 5 23 14 6
0.643333 4 11 18 2
0.65 2 18 19 4
0.656667 4 14 14 2
0.663333 83 1239 1059 125
0.67 0 0 0 0
0.676667 0 0 0 0
0.683333 0 0 0 0
0.69 0 0 0 0
0.696667 0 0 0 0
0.703333 0 0 0 0
0.71 0 0 0 0
0.716667 0 0 0 0
0.723333 0 0 0 0
0.73 0 0 0 0
0.736667 0 0 0 0
0.743333 0 0 0 0
0.75 0 0 0 0
0.756667 0 0 0 0
0.763333 0 0 0 0
0.77 0 0 0 0
0.776667 0 0 0 0
0.783333 0 0 0 0
0.79 0 0 0 0
0.796667 0 0 0 0
0.803333 0 0 0 0
0.81 0 0 0 0
0.816667 0 0 0 0
0.823333 0 0 0 0
0.83 0 0 0 0
0.836667 0 0 0 0
0.843333 0 0 0 0
0.85 0 0 0 0
0.856667 0 0 0 0
0.863333 0 0 0 0
0.87 0 0 0 0
0.876667 0 0 0 0
0.883333 0 0 0 0
0.89 0 0 0 0
0.896667 0 0 0 0
0.903333 0 0 0 0
0.91 0 0 0 0
0.916667 0 0 0 0
0.923333 0 0 0 0
0.93 0 0 0 0
0.936667 0 0 0 0
0.943333 0 0 0 0
0.95 0 0 0 0
0.956667 0 0 0 0
0.963333 0 0 0 0
0.97 0 0 0 0
0.976667 0 0 0 0
0.983333 0 0 0 0
0.99 0 0 0 0
0.996667 0 0 0 0
1.00333 0 0 0 0
1.01 0 0 0 0
1.01667 0 0 0 0
1.02333 0 0 0 0
1.03 0 0 0 0
1.03667 0 0 0 0
1.04333 0 0 0 0
1.05 0 0 0 0
1.05667 0 0 0 0
1.06333 0 0 0 0
1.07 0 0 0 0
1.07667 0 0 0 0
1.08333 0 0 0 0
1.09 0 0 0 0
1.09667 0 0 0 0
1.10333 0 0 0 0
1.11 0 0 0 0
1.11667 0 0 0 0
1.12333 0 0 0 0
1.13 0 0 0 0
1.13667 0 0 0 0
1.14333 0 0 0 0
1.15 0 0 0 0
1.15667 0 0 0 0
1.16333 0 0 0 0
1.17 0 0 0 0
1.17667 0 0 0 0
1.18333 0 0 0 0
1.19 0 0 0 0
1.19667 0 0 0 0
1.20333 0 0 0 0
1.21 0 0 0 0
1.21667 0 0 0 0
1.22333 0 0 0 0
1.23 0 0 0 0
1.23667 0 0 0 0
1.24333 0 0 0 0
1.25 0 0 0 0
1.25667 0 0 0 0
1.26333 0 0 0 0
1.27 0 0 0 0
1.27667 0 0 0 0
1.28333 0 0 0 0
1.29 0 0 0 0
1.29667 0 0 0 0
1.30333 0 0 0 0
1.31 0 0 0 0
1.31667 0 0 0 0
1.32333 0 0 0 0
1.33 0 0 0 0
1.33667 0 0 0 0
1.34333 0 0 0 0
1.35 0 0 0 0
1.35667 0 0 0 0
1.36333 0 0 0 0
1.37 0 0 0 0
1.37667 0 0 0 0
1.38333 0 0 0 0
1.39 0 0 0 0
1.39667 0 0 0 0
1.40333 0 0 0 0
1.41 0 0 0 0
1.41667 0 0 0 0
1.42333 0 0 0 0
1.43 0 0 0 0
1.43667 0 0 0 0
1.44333 0 0 0 0
1.45 0 0 0 0
1.45667 0 0 0 0
1.46333 0 0 0 0
1.47 0 0 0 0
1.47667 0 0 0 0
1.48333 0 0 0 0
1.49 0 0 0 0
1.49667 0 0 0 0
1.50333 0 0 0 0
1.51 0 0 0 0
1.51667 0 0 0 0
1.52333 0 0 0 0
1.53 0 0 0 0
1.53667 0 0 0 0
1.54333 0 0 0 0
1.55 0 0 0 0
1.55667 0 0 0 0
1.56333 0 0 0 0
1.57 0 0 0 0
1.57667 0 0 0 0
1.58333 0 0 0 0
1.59 0 0 0 0
1.59667 0 0 0 0
1.60333 0 0 0 0
1.61 0 0 0 0
1.61667 0 0 0 0
1.62333 0 0 0 0
1.63 0 0 0 0
1.63667 0 0 0 0
1.64333 0 0 0 0
1.65 0 0 0 0
1.65667 0 0 0 0
1.66333 0 0 0 0
1.67 0 0 0 0
1.67667 0 0 0 0
1.68333 0 0 0 0
1.69 0 0 0 0
1.69667 0 0 0 0
1.70333 0 0 0 0
1.71 0 0 0 0
1.71667 0 0 0 0
1.72333 0 0 0 0
1.73 0 0 0 0
1.73667 0 0 0 0
1.74333 0 0 0 0
1.75 0 0 0 0
1.75667 0 0 0 0
1.76333 0 0 0 0
1.77 0 0 0 0
1.77667 0 0 0 0
1.78333 0 0 0 0
1.79 0 0 0 0
1.79667 0 0 0 0
1.80333 0 0 0 0
1.81 0 0 0 0
1.81667 0 0 0 0
1.82333 0 0 0 0
1.83 0 0 0 0
1.83667 0 0 0 0
1.84333 0 0 0 0
1.85 0 0 0 0
1.85667 0 0 0 0
1.86333 0 0 0 0
1.87 0 0 0 0
1.87667 0 0 0 0
1.88333 0 0 0 0
1.89 0 0 0 0
1.89667 0 0 0 0
1.90333 0 0 0 0
1.91 0 0 0 0
1.91667 0 0 0 0
1.92333 0 0 0 0
1.93 0 0 0 0
1.93667 0 0 0 0
1.94333 0 0 0 0
1.95 0 0 0 0
1.95667 0 0 0 0
1.96333 0 0 0 0
1.97 0 0 0 0
1.97667 0 0 0 0
1.98333 0 0 0 0
1.99 0 0 0 0
1.99667 0 0 0 0
