0.00333333 10 22 10 3
0.01 11 27 15 5
0.0166667 28 41 17 10
0.0233333 21 34 13 10
0.03 23 28 26 4
0.0366667 25 42 21 10
0.0433333 25 79 38 9
0.05 48 96 34 8
0.0566667 42 112 55 15
0.0633333 39 123 50 16
0.07 42 144 57 17
0.0766667 48 150 57 13
0.0833333 29 143 47 24
0.09 41 125 62 15
0.0966667 48 124 52 18
0.103333 59 134 59 17
0.11 44 124 61 16
0.116667 37 126 59 17
0.123333 43 133 50 17
0.13 40 96 51 17
0.136667 50 89 36 15
0.143333 44 102 34 19
0.15 51 86 40 17
0.156667 37 95 38 13
0.163333 52 83 42 21
0.17 43 66 30 13
0.176667 44 88 39 10
0.183333 46 84 34 23
0.19 38 89 45 23
0.196667 38 85 30 13
0.203333 46 66 40 16
0.21 40 77 30 15
0.216667 31 81 26 15
0.223333 38 75 29 8
0.23 36 71 22 8
0.236667 35 74 29 12
0.243333 26 60 19 17
0.25 31 61 28 5
0.256667 29 62 25 13
0.263333 33 56 30 13
0.27 20 51 23 9
0.276667 30 48 36 8
0.283333 33 44 18 9
0.29 29 54 30 10
0.296667 27 40 18 8
0.303333 16 45 22 11
0.31 32 41 18 7
0.316667 18 42 21 9
0.323333 20 44 17 10
0.33 18 36 15 8
0.336667 10 61 24 18
0.343333 15 39 10 8
0.35 18 40 18 9
0.356667 15 42 27 12
0.363333 27 44 18 7
0.37 15 41 18 3
0.376667 14 41 18 10
0.383333 27 32 13 9
0.39 27 36 20 3
0.396667 22 42 16 8
0.403333 9 30 13 10
0.41 21 36 17 3
0.416667 14 39 12 2
0.423333 16 35 16 7
0.43 17 44 20 10
0.436667 15 35 14 8
0.443333 15 25 14 13
0.45 12 32 15 6
0.456667 15 28 17 8
0.463333 18 18 7 10
0.47 18 33 14 3
0.476667 21 27 8 7
0.483333 18 19 18 7
0.49 8 15 8 5
0.496667 10 24 10 5
0.503333 6 17 12 3
0.51 9 24 10 6
0.516667 7 15 8 4
0.523333 7 19 11 6
0.53 8 17 11 3
0.536667 6 24 11 4
0.543333 17 17 12 5
0.55 8 18 8 2
0.556667 10 12 10 5
0.563333 7 22 12 5
0.57 8 21 7 10
0.576667 7 21 10 2
0.583333 8 20 7 6
0.59 5 25 14 5
0.596667 10 16 9 3
0.603333 13 18 7 1
0.61 7 13 10 6
0.616667 8 4 9 2
0.623333 10 17 10 3
0.63 10 22 7 3
0.636667 7 16 6 5
0.643333 13 14 13 4
0.65 5 15 5 3
0.656667 3 16 6 6
0.663333 374 634 252 149
0.67 0 0 0 0
0.676667 0 0 0 0
0.683333 0 0 0 0
0.69 0 0 0 0
0.696667 0 0 0 0
0.703333 0 0 0 0
0.71 0 0 0 0
0.716667 0 0 0 0
0.723333 0 0 0 0
0.73 0 0 0 0
0.736667 0 0 0 0
0.743333 0 0 0 0
0.75 0 0 0 0
0.756667 0 0 0 0
0.763333 0 0 0 0
0.77 0 0 0 0
0.776667 0 0 0 0
0.783333 0 0 0 0
0.79 0 0 0 0
0.796667 0 0 0 0
0.803333 0 0 0 0
0.81 0 0 0 0
0.816667 0 0 0 0
0.823333 0 0 0 0
0.83 0 0 0 0
0.836667 0 0 0 0
0.843333 0 0 0 0
0.85 0 0 0 0
0.856667 0 0 0 0
0.863333 0 0 0 0
0.87 0 0 0 0
0.876667 0 0 0 0
0.883333 0 0 0 0
0.89 0 0 0 0
0.896667 0 0 0 0
0.903333 0 0 0 0
0.91 0 0 0 0
0.916667 0 0 0 0
0.923333 0 0 0 0
0.93 0 0 0 0
0.936667 0 0 0 0
0.943333 0 0 0 0
0.95 0 0 0 0
0.956667 0 0 0 0
0.963333 0 0 0 0
0.97 0 0 0 0
0.976667 0 0 0 0
0.983333 0 0 0 0
0.99 0 0 0 0
0.996667 0 0 0 0
1.00333 0 0 0 0
1.01 0 0 0 0
1.01667 0 0 0 0
1.02333 0 0 0 0
1.03 0 0 0 0
1.03667 0 0 0 0
1.04333 0 0 0 0
1.05 0 0 0 0
1.05667 0 0 0 0
1.06333 0 0 0 0
1.07 0 0 0 0
1.07667 0 0 0 0
1.08333 0 0 0 0
1.09 0 0 0 0
1.09667 0 0 0 0
1.10333 0 0 0 0
1.11 0 0 0 0
1.11667 0 0 0 0
1.12333 0 0 0 0
1.13 0 0 0 0
1.13667 0 0 0 0
1.14333 0 0 0 0
1.15 0 0 0 0
1.15667 0 0 0 0
1.16333 0 0 0 0
1.17 0 0 0 0
1.17667 0 0 0 0
1.18333 0 0 0 0
1.19 0 0 0 0
1.19667 0 0 0 0
1.20333 0 0 0 0
1.21 0 0 0 0
1.21667 0 0 0 0
1.22333 0 0 0 0
1.23 0 0 0 0
1.23667 0 0 0 0
1.24333 0 0 0 0
1.25 0 0 0 0
1.25667 0 0 0 0
1.26333 0 0 0 0
1.27 0 0 0 0
1.27667 0 0 0 0
1.28333 0 0 0 0
1.29 0 0 0 0
1.29667 0 0 0 0
1.30333 0 0 0 0
1.31 0 0 0 0
1.31667 0 0 0 0
1.32333 0 0 0 0
1.33 0 0 0 0
1.33667 0 0 0 0
1.34333 0 0 0 0
1.35 0 0 0 0
1.35667 0 0 0 0
1.36333 0 0 0 0
1.37 0 0 0 0
1.37667 0 0 0 0
1.38333 0 0 0 0
1.39 0 0 0 0
1.39667 0 0 0 0
1.40333 0 0 0 0
1.41 0 0 0 0
1.41667 0 0 0 0
1.42333 0 0 0 0
1.43 0 0 0 0
1.43667 0 0 0 0
1.44333 0 0 0 0
1.45 0 0 0 0
1.45667 0 0 0 0
1.46333 0 0 0 0
1.47 0 0 0 0
1.47667 0 0 0 0
1.48333 0 0 0 0
1.49 0 0 0 0
1.49667 0 0 0 0
1.50333 0 0 0 0
1.51 0 0 0 0
1.51667 0 0 0 0
1.52333 0 0 0 0
1.53 0 0 0 0
1.53667 0 0 0 0
1.54333 0 0 0 0
1.55 0 0 0 0
1.55667 0 0 0 0
1.56333 0 0 0 0
1.57 0 0 0 0
1.57667 0 0 0 0
1.58333 0 0 0 0
1.59 0 0 0 0
1.59667 0 0 0 0
1.60333 0 0 0 0
1.61 0 0 0 0
1.61667 0 0 0 0
1.62333 0 0 0 0
1.63 0 0 0 0
1.63667 0 0 0 0
1.64333 0 0 0 0
1.65 0 0 0 0
1.65667 0 0 0 0
1.66333 0 0 0 0
1.67 0 0 0 0
1.67667 0 0 0 0
1.68333 0 0 0 0
1.69 0 0 0 0
1.69667 0 0 0 0
1.70333 0 0 0 0
1.71 0 0 0 0
1.71667 0 0 0 0
1.72333 0 0 0 0
1.73 0 0 0 0
1.73667 0 0 0 0
1.74333 0 0 0 0
1.75 0 0 0 0
1.75667 0 0 0 0
1.76333 0 0 0 0
1.77 0 0 0 0
1.77667 0 0 0 0
1.78333 0 0 0 0
1.79 0 0 0 0
1.79667 0 0 0 0
1.80333 0 0 0 0
1.81 0 0 0 0
1.81667 0 0 0 0
1.82333 0 0 0 0
1.83 0 0 0 0
1.83667 0 0 0 0
1.84333 0 0 0 0
1.85 0 0 0 0
1.85667 0 0 0 0
1.86333 0 0 0 0
1.87 0 0 0 0
1.87667 0 0 0 0
1.88333 0 0 0 0
1.89 0 0 0 0
1.89667 0 0 0 0
1.90333 0 0 0 0
1.91 0 0 0 0
1.91667 0 0 0 0
1.92333 0 0 0 0
1.93 0 0 0 0
1.93667 0 0 0 0
1.94333 0 0 0 0
1.95 0 0 0 0
1.95667 0 0 0 0
1.96333 0 0 0 0
1.97 0 0 0 0
1.97667 0 0 0 0
1.98333 0 0 0 0
1.99 0 0 0 0
1.99667 0 0 0 0
