0.00333333 12 13 9 29
0.01 17 17 17 27
0.0166667 11 16 13 42
0.0233333 15 8 13 28
0.03 15 24 20 28
0.0366667 15 14 37 34
0.0433333 29 19 43 38
0.05 15 17 48 39
0.0566667 18 36 51 49
0.0633333 11 31 68 41
0.07 16 35 69 45
0.0766667 25 40 67 60
0.0833333 30 40 58 46
0.09 17 40 59 43
0.0966667 19 48 63 61
0.103333 17 39 58 53
0.11 14 29 61 52
0.116667 14 58 54 49
0.123333 22 36 36 60
0.13 24 40 44 53
0.136667 21 30 54 54
0.143333 17 36 52 50
0.15 23 30 45 51
0.156667 16 25 52 68
0.163333 26 27 38 47
0.17 23 32 35 52
0.176667 20 29 43 59
0.183333 16 28 38 78
0.19 35 33 41 80
0.196667 26 37 35 86
0.203333 31 38 29 60
0.21 26 36 35 66
0.216667 12 24 26 59
0.223333 24 25 27 55
0.23 20 28 34 35
0.236667 16 24 25 54
0.243333 24 23 30 57
0.25 22 40 22 46
0.256667 16 17 30 42
0.263333 28 20 33 41
0.27 22 17 18 57
0.276667 19 20 34 42
0.283333 15 18 25 43
0.29 14 22 31 38
0.296667 16 22 30 32
0.303333 9 26 30 37
0.31 17 18 22 40
0.316667 11 19 26 34
0.323333 14 14 23 34
0.33 14 20 21 46
0.336667 17 21 12 36
0.343333 9 17 30 39
0.35 10 18 16 36
0.356667 9 13 17 45
0.363333 16 14 16 37
0.37 11 15 19 43
0.376667 20 14 31 38
0.383333 16 18 12 30
0.39 13 9 24 30
0.396667 16 22 17 36
0.403333 21 10 17 28
0.41 18 13 17 25
0.416667 11 13 21 36
0.423333 18 11 18 41
0.43 9 24 18 27
0.436667 10 13 21 50
0.443333 14 10 23 35
0.45 14 12 13 37
0.456667 16 15 17 34
0.463333 21 16 20 34
0.47 17 12 22 35
0.476667 6 17 17 34
0.483333 10 13 10 21
0.49 5 7 12 17
0.496667 10 6 17 19
0.503333 7 11 10 15
0.51 5 7 13 14
0.516667 6 13 8 9
0.523333 9 8 14 14
0.53 4 4 8 8
0.536667 3 8 9 3
0.543333 9 6 13 12
0.55 2 7 17 9
0.556667 4 10 15 13
0.563333 4 6 10 8
0.57 9 9 8 5
0.576667 7 13 15 13
0.583333 6 9 12 7
0.59 4 8 13 9
0.596667 3 5 5 10
0.603333 3 7 5 4
0.61 4 11 7 12
0.616667 3 8 8 4
0.623333 2 13 11 7
0.63 2 11 9 6
0.636667 3 12 6 10
0.643333 3 7 4 3
0.65 5 10 4 4
0.656667 1 10 9 2
0.663333 699 444 266 1711
0.67 0 0 0 0
0.676667 0 0 0 0
0.683333 0 0 0 0
0.69 0 0 0 0
0.696667 0 0 0 0
0.703333 0 0 0 0
0.71 0 0 0 0
0.716667 0 0 0 0
0.723333 0 0 0 0
0.73 0 0 0 0
0.736667 0 0 0 0
0.743333 0 0 0 0
0.75 0 0 0 0
0.756667 0 0 0 0
0.763333 0 0 0 0
0.77 0 0 0 0
0.776667 0 0 0 0
0.783333 0 0 0 0
0.79 0 0 0 0
0.796667 0 0 0 0
0.803333 0 0 0 0
0.81 0 0 0 0
0.816667 0 0 0 0
0.823333 0 0 0 0
0.83 0 0 0 0
0.836667 0 0 0 0
0.843333 0 0 0 0
0.85 0 0 0 0
0.856667 0 0 0 0
0.863333 0 0 0 0
0.87 0 0 0 0
0.876667 0 0 0 0
0.883333 0 0 0 0
0.89 0 0 0 0
0.896667 0 0 0 0
0.903333 0 0 0 0
0.91 0 0 0 0
0.916667 0 0 0 0
0.923333 0 0 0 0
0.93 0 0 0 0
0.936667 0 0 0 0
0.943333 0 0 0 0
0.95 0 0 0 0
0.956667 0 0 0 0
0.963333 0 0 0 0
0.97 0 0 0 0
0.976667 0 0 0 0
0.983333 0 0 0 0
0.99 0 0 0 0
0.996667 0 0 0 0
1.00333 0 0 0 0
1.01 0 0 0 0
1.01667 0 0 0 0
1.02333 0 0 0 0
1.03 0 0 0 0
1.03667 0 0 0 0
1.04333 0 0 0 0
1.05 0 0 0 0
1.05667 0 0 0 0
1.06333 0 0 0 0
1.07 0 0 0 0
1.07667 0 0 0 0
1.08333 0 0 0 0
1.09 0 0 0 0
1.09667 0 0 0 0
1.10333 0 0 0 0
1.11 0 0 0 0
1.11667 0 0 0 0
1.12333 0 0 0 0
1.13 0 0 0 0
1.13667 0 0 0 0
1.14333 0 0 0 0
1.15 0 0 0 0
1.15667 0 0 0 0
1.16333 0 0 0 0
1.17 0 0 0 0
1.17667 0 0 0 0
1.18333 0 0 0 0
1.19 0 0 0 0
1.19667 0 0 0 0
1.20333 0 0 0 0
1.21 0 0 0 0
1.21667 0 0 0 0
1.22333 0 0 0 0
1.23 0 0 0 0
1.23667 0 0 0 0
1.24333 0 0 0 0
1.25 0 0 0 0
1.25667 0 0 0 0
1.26333 0 0 0 0
1.27 0 0 0 0
1.27667 0 0 0 0
1.28333 0 0 0 0
1.29 0 0 0 0
1.29667 0 0 0 0
1.30333 0 0 0 0
1.31 0 0 0 0
1.31667 0 0 0 0
1.32333 0 0 0 0
1.33 0 0 0 0
1.33667 0 0 0 0
1.34333 0 0 0 0
1.35 0 0 0 0
1.35667 0 0 0 0
1.36333 0 0 0 0
1.37 0 0 0 0
1.37667 0 0 0 0
1.38333 0 0 0 0
1.39 0 0 0 0
1.39667 0 0 0 0
1.40333 0 0 0 0
1.41 0 0 0 0
1.41667 0 0 0 0
1.42333 0 0 0 0
1.43 0 0 0 0
1.43667 0 0 0 0
1.44333 0 0 0 0
1.45 0 0 0 0
1.45667 0 0 0 0
1.46333 0 0 0 0
1.47 0 0 0 0
1.47667 0 0 0 0
1.48333 0 0 0 0
1.49 0 0 0 0
1.49667 0 0 0 0
1.50333 0 0 0 0
1.51 0 0 0 0
1.51667 0 0 0 0
1.52333 0 0 0 0
1.53 0 0 0 0
1.53667 0 0 0 0
1.54333 0 0 0 0
1.55 0 0 0 0
1.55667 0 0 0 0
1.56333 0 0 0 0
1.57 0 0 0 0
1.57667 0 0 0 0
1.58333 0 0 0 0
1.59 0 0 0 0
1.59667 0 0 0 0
1.60333 0 0 0 0
1.61 0 0 0 0
1.61667 0 0 0 0
1.62333 0 0 0 0
1.63 0 0 0 0
1.63667 0 0 0 0
1.64333 0 0 0 0
1.65 0 0 0 0
1.65667 0 0 0 0
1.66333 0 0 0 0
1.67 0 0 0 0
1.67667 0 0 0 0
1.68333 0 0 0 0
1.69 0 0 0 0
1.69667 0 0 0 0
1.70333 0 0 0 0
1.71 0 0 0 0
1.71667 0 0 0 0
1.72333 0 0 0 0
1.73 0 0 0 0
1.73667 0 0 0 0
1.74333 0 0 0 0
1.75 0 0 0 0
1.75667 0 0 0 0
1.76333 0 0 0 0
1.77 0 0 0 0
1.77667 0 0 0 0
1.78333 0 0 0 0
1.79 0 0 0 0
1.79667 0 0 0 0
1.80333 0 0 0 0
1.81 0 0 0 0
1.81667 0 0 0 0
1.82333 0 0 0 0
1.83 0 0 0 0
1.83667 0 0 0 0
1.84333 0 0 0 0
1.85 0 0 0 0
1.85667 0 0 0 0
1.86333 0 0 0 0
1.87 0 0 0 0
1.87667 0 0 0 0
1.88333 0 0 0 0
1.89 0 0 0 0
1.89667 0 0 0 0
1.90333 0 0 0 0
1.91 0 0 0 0
1.91667 0 0 0 0
1.92333 0 0 0 0
1.93 0 0 0 0
1.93667 0 0 0 0
1.94333 0 0 0 0
1.95 0 0 0 0
1.95667 0 0 0 0
1.96333 0 0 0 0
1.97 0 0 0 0
1.97667 0 0 0 0
1.98333 0 0 0 0
1.99 0 0 0 0
1.99667 0 0 0 0
