0.00333333 28 34 2 2
0.01 44 45 2 2
0.0166667 53 48 2 0
0.0233333 45 37 1 1
0.03 45 41 1 0
0.0366667 65 57 4 0
0.0433333 83 65 6 0
0.05 103 61 9 0
0.0566667 121 79 2 2
0.0633333 135 91 4 2
0.07 159 97 3 0
0.0766667 157 118 9 1
0.0833333 135 101 12 1
0.09 155 117 12 2
0.0966667 142 137 7 3
0.103333 118 124 6 1
0.11 151 108 10 2
0.116667 138 105 5 1
0.123333 142 108 7 1
0.13 127 109 6 1
0.136667 119 107 5 3
0.143333 96 104 5 0
0.15 118 95 10 0
0.156667 112 99 6 3
0.163333 99 108 6 0
0.17 116 110 6 3
0.176667 104 93 5 0
0.183333 120 86 6 1
0.19 129 114 5 2
0.196667 99 88 9 1
0.203333 82 117 9 0
0.21 81 102 3 0
0.216667 106 104 4 1
0.223333 94 85 3 0
0.23 70 79 5 0
0.236667 71 77 6 1
0.243333 70 78 2 1
0.25 77 60 7 0
0.256667 58 70 5 0
0.263333 67 72 3 0
0.27 52 67 2 1
0.276667 56 60 6 1
0.283333 71 57 4 0
0.29 50 45 4 0
0.296667 72 61 3 0
0.303333 49 55 5 0
0.31 60 51 7 2
0.316667 50 65 6 1
0.323333 54 66 2 0
0.33 64 34 3 0
0.336667 54 51 4 0
0.343333 61 51 2 0
0.35 47 49 2 1
0.356667 33 47 3 1
0.363333 47 36 2 0
0.37 44 50 7 0
0.376667 38 34 2 0
0.383333 58 34 1 1
0.39 49 49 5 2
0.396667 59 45 7 0
0.403333 52 39 2 0
0.41 43 44 1 0
0.416667 40 34 3 1
0.423333 42 28 2 1
0.43 46 27 2 1
0.436667 37 36 4 0
0.443333 43 32 4 0
0.45 34 44 1 0
0.456667 44 37 2 1
0.463333 28 35 1 2
0.47 37 36 2 0
0.476667 35 39 3 0
0.483333 41 29 2 0
0.49 25 28 2 0
0.496667 29 19 1 0
0.503333 27 20 2 1
0.51 30 20 3 1
0.516667 29 19 1 1
0.523333 29 25 3 0
0.53 24 23 1 0
0.536667 27 15 4 0
0.543333 26 11 2 0
0.55 18 14 1 0
0.556667 25 10 2 0
0.563333 20 16 3 1
0.57 22 16 2 0
0.576667 14 19 1 0
0.583333 25 23 0 0
0.59 28 25 3 1
0.596667 25 20 4 1
0.603333 19 21 3 1
0.61 22 17 4 1
0.616667 23 25 2 2
0.623333 22 17 4 1
0.63 18 15 3 0
0.636667 20 18 2 0
0.643333 17 12 3 0
0.65 19 20 2 0
0.656667 23 15 1 0
0.663333 934 1121 66 9
0.67 0 0 0 0
0.676667 0 0 0 0
0.683333 0 0 0 0
0.69 0 0 0 0
0.696667 0 0 0 0
0.703333 0 0 0 0
0.71 0 0 0 0
0.716667 0 0 0 0
0.723333 0 0 0 0
0.73 0 0 0 0
0.736667 0 0 0 0
0.743333 0 0 0 0
0.75 0 0 0 0
0.756667 0 0 0 0
0.763333 0 0 0 0
0.77 0 0 0 0
0.776667 0 0 0 0
0.783333 0 0 0 0
0.79 0 0 0 0
0.796667 0 0 0 0
0.803333 0 0 0 0
0.81 0 0 0 0
0.816667 0 0 0 0
0.823333 0 0 0 0
0.83 0 0 0 0
0.836667 0 0 0 0
0.843333 0 0 0 0
0.85 0 0 0 0
0.856667 0 0 0 0
0.863333 0 0 0 0
0.87 0 0 0 0
0.876667 0 0 0 0
0.883333 0 0 0 0
0.89 0 0 0 0
0.896667 0 0 0 0
0.903333 0 0 0 0
0.91 0 0 0 0
0.916667 0 0 0 0
0.923333 0 0 0 0
0.93 0 0 0 0
0.936667 0 0 0 0
0.943333 0 0 0 0
0.95 0 0 0 0
0.956667 0 0 0 0
0.963333 0 0 0 0
0.97 0 0 0 0
0.976667 0 0 0 0
0.983333 0 0 0 0
0.99 0 0 0 0
0.996667 0 0 0 0
1.00333 0 0 0 0
1.01 0 0 0 0
1.01667 0 0 0 0
1.02333 0 0 0 0
1.03 0 0 0 0
1.03667 0 0 0 0
1.04333 0 0 0 0
1.05 0 0 0 0
1.05667 0 0 0 0
1.06333 0 0 0 0
1.07 0 0 0 0
1.07667 0 0 0 0
1.08333 0 0 0 0
1.09 0 0 0 0
1.09667 0 0 0 0
1.10333 0 0 0 0
1.11 0 0 0 0
1.11667 0 0 0 0
1.12333 0 0 0 0
1.13 0 0 0 0
1.13667 0 0 0 0
1.14333 0 0 0 0
1.15 0 0 0 0
1.15667 0 0 0 0
1.16333 0 0 0 0
1.17 0 0 0 0
1.17667 0 0 0 0
1.18333 0 0 0 0
1.19 0 0 0 0
1.19667 0 0 0 0
1.20333 0 0 0 0
1.21 0 0 0 0
1.21667 0 0 0 0
1.22333 0 0 0 0
1.23 0 0 0 0
1.23667 0 0 0 0
1.24333 0 0 0 0
1.25 0 0 0 0
1.25667 0 0 0 0
1.26333 0 0 0 0
1.27 0 0 0 0
1.27667 0 0 0 0
1.28333 0 0 0 0
1.29 0 0 0 0
1.29667 0 0 0 0
1.30333 0 0 0 0
1.31 0 0 0 0
1.31667 0 0 0 0
1.32333 0 0 0 0
1.33 0 0 0 0
1.33667 0 0 0 0
1.34333 0 0 0 0
1.35 0 0 0 0
1.35667 0 0 0 0
1.36333 0 0 0 0
1.37 0 0 0 0
1.37667 0 0 0 0
1.38333 0 0 0 0
1.39 0 0 0 0
1.39667 0 0 0 0
1.40333 0 0 0 0
1.41 0 0 0 0
1.41667 0 0 0 0
1.42333 0 0 0 0
1.43 0 0 0 0
1.43667 0 0 0 0
1.44333 0 0 0 0
1.45 0 0 0 0
1.45667 0 0 0 0
1.46333 0 0 0 0
1.47 0 0 0 0
1.47667 0 0 0 0
1.48333 0 0 0 0
1.49 0 0 0 0
1.49667 0 0 0 0
1.50333 0 0 0 0
1.51 0 0 0 0
1.51667 0 0 0 0
1.52333 0 0 0 0
1.53 0 0 0 0
1.53667 0 0 0 0
1.54333 0 0 0 0
1.55 0 0 0 0
1.55667 0 0 0 0
1.56333 0 0 0 0
1.57 0 0 0 0
1.57667 0 0 0 0
1.58333 0 0 0 0
1.59 0 0 0 0
1.59667 0 0 0 0
1.60333 0 0 0 0
1.61 0 0 0 0
1.61667 0 0 0 0
1.62333 0 0 0 0
1.63 0 0 0 0
1.63667 0 0 0 0
1.64333 0 0 0 0
1.65 0 0 0 0
1.65667 0 0 0 0
1.66333 0 0 0 0
1.67 0 0 0 0
1.67667 0 0 0 0
1.68333 0 0 0 0
1.69 0 0 0 0
1.69667 0 0 0 0
1.70333 0 0 0 0
1.71 0 0 0 0
1.71667 0 0 0 0
1.72333 0 0 0 0
1.73 0 0 0 0
1.73667 0 0 0 0
1.74333 0 0 0 0
1.75 0 0 0 0
1.75667 0 0 0 0
1.76333 0 0 0 0
1.77 0 0 0 0
1.77667 0 0 0 0
1.78333 0 0 0 0
1.79 0 0 0 0
1.79667 0 0 0 0
1.80333 0 0 0 0
1.81 0 0 0 0
1.81667 0 0 0 0
1.82333 0 0 0 0
1.83 0 0 0 0
1.83667 0 0 0 0
1.84333 0 0 0 0
1.85 0 0 0 0
1.85667 0 0 0 0
1.86333 0 0 0 0
1.87 0 0 0 0
1.87667 0 0 0 0
1.88333 0 0 0 0
1.89 0 0 0 0
1.89667 0 0 0 0
1.90333 0 0 0 0
1.91 0 0 0 0
1.91667 0 0 0 0
1.92333 0 0 0 0
1.93 0 0 0 0
1.93667 0 0 0 0
1.94333 0 0 0 0
1.95 0 0 0 0
1.95667 0 0 0 0
1.96333 0 0 0 0
1.97 0 0 0 0
1.97667 0 0 0 0
1.98333 0 0 0 0
1.99 0 0 0 0
1.99667 0 0 0 0
