0.00333333 1 5 26 39
0.01 2 4 27 63
0.0166667 3 10 39 90
0.0233333 4 5 33 71
0.03 3 9 40 66
0.0366667 4 19 54 82
0.0433333 5 9 62 91
0.05 9 16 93 123
0.0566667 4 16 111 120
0.0633333 10 13 115 142
0.07 12 25 102 157
0.0766667 9 32 102 159
0.0833333 4 35 104 173
0.09 8 33 102 147
0.0966667 10 25 107 147
0.103333 6 25 134 170
0.11 8 31 99 150
0.116667 5 20 103 170
0.123333 10 14 101 176
0.13 11 22 104 168
0.136667 8 22 95 148
0.143333 9 32 81 162
0.15 3 20 79 155
0.156667 4 14 92 161
0.163333 6 20 63 191
0.17 8 18 86 144
0.176667 11 21 68 140
0.183333 5 17 75 170
0.19 12 16 86 205
0.196667 11 18 56 185
0.203333 14 19 65 162
0.21 6 17 60 177
0.216667 7 21 75 146
0.223333 13 25 77 137
0.23 6 8 68 119
0.236667 7 14 61 124
0.243333 3 15 54 135
0.25 8 11 51 112
0.256667 5 15 59 105
0.263333 7 13 50 112
0.27 4 9 56 111
0.276667 6 12 52 118
0.283333 3 7 41 91
0.29 7 15 37 89
0.296667 2 8 47 76
0.303333 7 7 34 96
0.31 7 22 52 81
0.316667 3 13 46 75
0.323333 6 15 49 85
0.33 5 9 35 79
0.336667 5 10 52 68
0.343333 2 13 27 71
0.35 4 7 31 70
0.356667 1 9 41 80
0.363333 3 7 44 77
0.37 4 4 33 74
0.376667 3 11 34 70
0.383333 2 17 37 71
0.39 1 13 32 65
0.396667 4 4 36 60
0.403333 3 12 33 70
0.41 4 12 33 86
0.416667 6 9 29 67
0.423333 4 4 36 48
0.43 5 8 32 63
0.436667 5 5 30 63
0.443333 1 13 30 75
0.45 3 3 28 62
0.456667 5 7 32 61
0.463333 4 8 21 71
0.47 7 8 21 53
0.476667 3 9 18 39
0.483333 7 9 12 27
0.49 2 8 26 40
0.496667 4 4 15 28
0.503333 1 4 14 34
0.51 7 3 16 37
0.516667 4 11 24 36
0.523333 4 9 25 38
0.53 1 8 19 27
0.536667 2 0 12 31
0.543333 0 5 19 26
0.55 4 6 21 22
0.556667 0 4 19 33
0.563333 2 8 10 36
0.57 3 7 15 30
0.576667 3 6 6 40
0.583333 1 9 19 34
0.59 2 8 18 27
0.596667 3 5 14 19
0.603333 2 5 13 25
0.61 2 6 12 29
0.616667 0 5 17 28
0.623333 3 3 12 22
0.63 5 1 14 29
0.636667 2 5 18 20
0.643333 4 5 17 11
0.65 2 1 13 20
0.656667 0 5 12 16
0.663333 109 194 566 2392
0.67 0 0 0 0
0.676667 0 0 0 0
0.683333 0 0 0 0
0.69 0 0 0 0
0.696667 0 0 0 0
0.703333 0 0 0 0
0.71 0 0 0 0
0.716667 0 0 0 0
0.723333 0 0 0 0
0.73 0 0 0 0
0.736667 0 0 0 0
0.743333 0 0 0 0
0.75 0 0 0 0
0.756667 0 0 0 0
0.763333 0 0 0 0
0.77 0 0 0 0
0.776667 0 0 0 0
0.783333 0 0 0 0
0.79 0 0 0 0
0.796667 0 0 0 0
0.803333 0 0 0 0
0.81 0 0 0 0
0.816667 0 0 0 0
0.823333 0 0 0 0
0.83 0 0 0 0
0.836667 0 0 0 0
0.843333 0 0 0 0
0.85 0 0 0 0
0.856667 0 0 0 0
0.863333 0 0 0 0
0.87 0 0 0 0
0.876667 0 0 0 0
0.883333 0 0 0 0
0.89 0 0 0 0
0.896667 0 0 0 0
0.903333 0 0 0 0
0.91 0 0 0 0
0.916667 0 0 0 0
0.923333 0 0 0 0
0.93 0 0 0 0
0.936667 0 0 0 0
0.943333 0 0 0 0
0.95 0 0 0 0
0.956667 0 0 0 0
0.963333 0 0 0 0
0.97 0 0 0 0
0.976667 0 0 0 0
0.983333 0 0 0 0
0.99 0 0 0 0
0.996667 0 0 0 0
1.00333 0 0 0 0
1.01 0 0 0 0
1.01667 0 0 0 0
1.02333 0 0 0 0
1.03 0 0 0 0
1.03667 0 0 0 0
1.04333 0 0 0 0
1.05 0 0 0 0
1.05667 0 0 0 0
1.06333 0 0 0 0
1.07 0 0 0 0
1.07667 0 0 0 0
1.08333 0 0 0 0
1.09 0 0 0 0
1.09667 0 0 0 0
1.10333 0 0 0 0
1.11 0 0 0 0
1.11667 0 0 0 0
1.12333 0 0 0 0
1.13 0 0 0 0
1.13667 0 0 0 0
1.14333 0 0 0 0
1.15 0 0 0 0
1.15667 0 0 0 0
1.16333 0 0 0 0
1.17 0 0 0 0
1.17667 0 0 0 0
1.18333 0 0 0 0
1.19 0 0 0 0
1.19667 0 0 0 0
1.20333 0 0 0 0
1.21 0 0 0 0
1.21667 0 0 0 0
1.22333 0 0 0 0
1.23 0 0 0 0
1.23667 0 0 0 0
1.24333 0 0 0 0
1.25 0 0 0 0
1.25667 0 0 0 0
1.26333 0 0 0 0
1.27 0 0 0 0
1.27667 0 0 0 0
1.28333 0 0 0 0
1.29 0 0 0 0
1.29667 0 0 0 0
1.30333 0 0 0 0
1.31 0 0 0 0
1.31667 0 0 0 0
1.32333 0 0 0 0
1.33 0 0 0 0
1.33667 0 0 0 0
1.34333 0 0 0 0
1.35 0 0 0 0
1.35667 0 0 0 0
1.36333 0 0 0 0
1.37 0 0 0 0
1.37667 0 0 0 0
1.38333 0 0 0 0
1.39 0 0 0 0
1.39667 0 0 0 0
1.40333 0 0 0 0
1.41 0 0 0 0
1.41667 0 0 0 0
1.42333 0 0 0 0
1.43 0 0 0 0
1.43667 0 0 0 0
1.44333 0 0 0 0
1.45 0 0 0 0
1.45667 0 0 0 0
1.46333 0 0 0 0
1.47 0 0 0 0
1.47667 0 0 0 0
1.48333 0 0 0 0
1.49 0 0 0 0
1.49667 0 0 0 0
1.50333 0 0 0 0
1.51 0 0 0 0
1.51667 0 0 0 0
1.52333 0 0 0 0
1.53 0 0 0 0
1.53667 0 0 0 0
1.54333 0 0 0 0
1.55 0 0 0 0
1.55667 0 0 0 0
1.56333 0 0 0 0
1.57 0 0 0 0
1.57667 0 0 0 0
1.58333 0 0 0 0
1.59 0 0 0 0
1.59667 0 0 0 0
1.60333 0 0 0 0
1.61 0 0 0 0
1.61667 0 0 0 0
1.62333 0 0 0 0
1.63 0 0 0 0
1.63667 0 0 0 0
1.64333 0 0 0 0
1.65 0 0 0 0
1.65667 0 0 0 0
1.66333 0 0 0 0
1.67 0 0 0 0
1.67667 0 0 0 0
1.68333 0 0 0 0
1.69 0 0 0 0
1.69667 0 0 0 0
1.70333 0 0 0 0
1.71 0 0 0 0
1.71667 0 0 0 0
1.72333 0 0 0 0
1.73 0 0 0 0
1.73667 0 0 0 0
1.74333 0 0 0 0
1.75 0 0 0 0
1.75667 0 0 0 0
1.76333 0 0 0 0
1.77 0 0 0 0
1.77667 0 0 0 0
1.78333 0 0 0 0
1.79 0 0 0 0
1.79667 0 0 0 0
1.80333 0 0 0 0
1.81 0 0 0 0
1.81667 0 0 0 0
1.82333 0 0 0 0
1.83 0 0 0 0
1.83667 0 0 0 0
1.84333 0 0 0 0
1.85 0 0 0 0
1.85667 0 0 0 0
1.86333 0 0 0 0
1.87 0 0 0 0
1.87667 0 0 0 0
1.88333 0 0 0 0
1.89 0 0 0 0
1.89667 0 0 0 0
1.90333 0 0 0 0
1.91 0 0 0 0
1.91667 0 0 0 0
1.92333 0 0 0 0
1.93 0 0 0 0
1.93667 0 0 0 0
1.94333 0 0 0 0
1.95 0 0 0 0
1.95667 0 0 0 0
1.96333 0 0 0 0
1.97 0 0 0 0
1.97667 0 0 0 0
1.98333 0 0 0 0
1.99 0 0 0 0
1.99667 0 0 0 0
