0.00333333 13 22 15 5
0.01 11 35 18 4
0.0166667 21 30 20 11
0.0233333 14 29 17 11
0.03 18 26 27 5
0.0366667 30 37 28 8
0.0433333 27 79 37 11
0.05 38 88 50 10
0.0566667 36 120 59 20
0.0633333 32 125 53 23
0.07 32 131 62 14
0.0766667 47 134 68 18
0.0833333 41 121 65 21
0.09 38 136 59 15
0.0966667 49 128 55 13
0.103333 46 108 74 15
0.11 40 122 75 26
0.116667 37 129 71 20
0.123333 38 133 58 16
0.13 41 104 59 18
0.136667 37 93 42 17
0.143333 45 93 46 21
0.15 43 78 48 16
0.156667 43 94 53 8
0.163333 38 90 46 22
0.17 41 64 32 16
0.176667 38 82 44 12
0.183333 37 74 46 22
0.19 35 69 51 19
0.196667 32 84 30 12
0.203333 43 73 51 15
0.21 32 84 36 22
0.216667 29 79 37 17
0.223333 33 60 39 12
0.23 29 65 27 9
0.236667 21 71 37 8
0.243333 28 59 24 16
0.25 27 56 33 5
0.256667 26 63 28 14
0.263333 25 51 38 16
0.27 22 50 33 11
0.276667 19 47 43 11
0.283333 23 56 15 14
0.29 25 52 41 9
0.296667 14 40 23 4
0.303333 13 39 28 15
0.31 23 47 24 5
0.316667 13 49 20 9
0.323333 14 47 28 12
0.33 20 38 20 8
0.336667 16 49 25 10
0.343333 16 45 22 7
0.35 5 42 23 8
0.356667 13 48 27 7
0.363333 18 41 19 12
0.37 11 36 20 4
0.376667 16 41 20 3
0.383333 17 31 10 7
0.39 24 35 17 4
0.396667 20 43 18 9
0.403333 10 29 14 9
0.41 16 34 25 4
0.416667 14 36 17 1
0.423333 16 36 20 3
0.43 11 38 29 5
0.436667 16 25 12 10
0.443333 14 32 13 10
0.45 12 30 18 7
0.456667 11 28 17 12
0.463333 18 21 14 12
0.47 26 29 14 4
0.476667 18 25 18 7
0.483333 13 15 16 10
0.49 6 19 10 4
0.496667 7 17 9 8
0.503333 6 21 12 3
0.51 6 23 10 5
0.516667 4 13 8 2
0.523333 8 17 9 5
0.53 8 18 9 5
0.536667 6 20 10 4
0.543333 12 16 14 6
0.55 6 22 11 2
0.556667 7 10 13 4
0.563333 5 23 9 6
0.57 5 21 7 7
0.576667 11 17 15 5
0.583333 5 25 8 5
0.59 6 24 13 3
0.596667 9 16 15 2
0.603333 15 16 9 5
0.61 4 11 11 6
0.616667 10 6 13 0
0.623333 7 19 8 5
0.63 8 23 7 3
0.636667 6 15 8 4
0.643333 8 13 11 5
0.65 5 14 6 4
0.656667 8 16 5 6
0.663333 296 569 299 131
0.67 0 0 0 0
0.676667 0 0 0 0
0.683333 0 0 0 0
0.69 0 0 0 0
0.696667 0 0 0 0
0.703333 0 0 0 0
0.71 0 0 0 0
0.716667 0 0 0 0
0.723333 0 0 0 0
0.73 0 0 0 0
0.736667 0 0 0 0
0.743333 0 0 0 0
0.75 0 0 0 0
0.756667 0 0 0 0
0.763333 0 0 0 0
0.77 0 0 0 0
0.776667 0 0 0 0
0.783333 0 0 0 0
0.79 0 0 0 0
0.796667 0 0 0 0
0.803333 0 0 0 0
0.81 0 0 0 0
0.816667 0 0 0 0
0.823333 0 0 0 0
0.83 0 0 0 0
0.836667 0 0 0 0
0.843333 0 0 0 0
0.85 0 0 0 0
0.856667 0 0 0 0
0.863333 0 0 0 0
0.87 0 0 0 0
0.876667 0 0 0 0
0.883333 0 0 0 0
0.89 0 0 0 0
0.896667 0 0 0 0
0.903333 0 0 0 0
0.91 0 0 0 0
0.916667 0 0 0 0
0.923333 0 0 0 0
0.93 0 0 0 0
0.936667 0 0 0 0
0.943333 0 0 0 0
0.95 0 0 0 0
0.956667 0 0 0 0
0.963333 0 0 0 0
0.97 0 0 0 0
0.976667 0 0 0 0
0.983333 0 0 0 0
0.99 0 0 0 0
0.996667 0 0 0 0
1.00333 0 0 0 0
1.01 0 0 0 0
1.01667 0 0 0 0
1.02333 0 0 0 0
1.03 0 0 0 0
1.03667 0 0 0 0
1.04333 0 0 0 0
1.05 0 0 0 0
1.05667 0 0 0 0
1.06333 0 0 0 0
1.07 0 0 0 0
1.07667 0 0 0 0
1.08333 0 0 0 0
1.09 0 0 0 0
1.09667 0 0 0 0
1.10333 0 0 0 0
1.11 0 0 0 0
1.11667 0 0 0 0
1.12333 0 0 0 0
1.13 0 0 0 0
1.13667 0 0 0 0
1.14333 0 0 0 0
1.15 0 0 0 0
1.15667 0 0 0 0
1.16333 0 0 0 0
1.17 0 0 0 0
1.17667 0 0 0 0
1.18333 0 0 0 0
1.19 0 0 0 0
1.19667 0 0 0 0
1.20333 0 0 0 0
1.21 0 0 0 0
1.21667 0 0 0 0
1.22333 0 0 0 0
1.23 0 0 0 0
1.23667 0 0 0 0
1.24333 0 0 0 0
1.25 0 0 0 0
1.25667 0 0 0 0
1.26333 0 0 0 0
1.27 0 0 0 0
1.27667 0 0 0 0
1.28333 0 0 0 0
1.29 0 0 0 0
1.29667 0 0 0 0
1.30333 0 0 0 0
1.31 0 0 0 0
1.31667 0 0 0 0
1.32333 0 0 0 0
1.33 0 0 0 0
1.33667 0 0 0 0
1.34333 0 0 0 0
1.35 0 0 0 0
1.35667 0 0 0 0
1.36333 0 0 0 0
1.37 0 0 0 0
1.37667 0 0 0 0
1.38333 0 0 0 0
1.39 0 0 0 0
1.39667 0 0 0 0
1.40333 0 0 0 0
1.41 0 0 0 0
1.41667 0 0 0 0
1.42333 0 0 0 0
1.43 0 0 0 0
1.43667 0 0 0 0
1.44333 0 0 0 0
1.45 0 0 0 0
1.45667 0 0 0 0
1.46333 0 0 0 0
1.47 0 0 0 0
1.47667 0 0 0 0
1.48333 0 0 0 0
1.49 0 0 0 0
1.49667 0 0 0 0
1.50333 0 0 0 0
1.51 0 0 0 0
1.51667 0 0 0 0
1.52333 0 0 0 0
1.53 0 0 0 0
1.53667 0 0 0 0
1.54333 0 0 0 0
1.55 0 0 0 0
1.55667 0 0 0 0
1.56333 0 0 0 0
1.57 0 0 0 0
1.57667 0 0 0 0
1.58333 0 0 0 0
1.59 0 0 0 0
1.59667 0 0 0 0
1.60333 0 0 0 0
1.61 0 0 0 0
1.61667 0 0 0 0
1.62333 0 0 0 0
1.63 0 0 0 0
1.63667 0 0 0 0
1.64333 0 0 0 0
1.65 0 0 0 0
1.65667 0 0 0 0
1.66333 0 0 0 0
1.67 0 0 0 0
1.67667 0 0 0 0
1.68333 0 0 0 0
1.69 0 0 0 0
1.69667 0 0 0 0
1.70333 0 0 0 0
1.71 0 0 0 0
1.71667 0 0 0 0
1.72333 0 0 0 0
1.73 0 0 0 0
1.73667 0 0 0 0
1.74333 0 0 0 0
1.75 0 0 0 0
1.75667 0 0 0 0
1.76333 0 0 0 0
1.77 0 0 0 0
1.77667 0 0 0 0
1.78333 0 0 0 0
1.79 0 0 0 0
1.79667 0 0 0 0
1.80333 0 0 0 0
1.81 0 0 0 0
1.81667 0 0 0 0
1.82333 0 0 0 0
1.83 0 0 0 0
1.83667 0 0 0 0
1.84333 0 0 0 0
1.85 0 0 0 0
1.85667 0 0 0 0
1.86333 0 0 0 0
1.87 0 0 0 0
1.87667 0 0 0 0
1.88333 0 0 0 0
1.89 0 0 0 0
1.89667 0 0 0 0
1.90333 0 0 0 0
1.91 0 0 0 0
1.91667 0 0 0 0
1.92333 0 0 0 0
1.93 0 0 0 0
1.93667 0 0 0 0
1.94333 0 0 0 0
1.95 0 0 0 0
1.95667 0 0 0 0
1.96333 0 0 0 0
1.97 0 0 0 0
1.97667 0 0 0 0
1.98333 0 0 0 0
1.99 0 0 0 0
1.99667 0 0 0 0
