0.00333333 2 2 4 212
0.01 4 2 8 210
0.0166667 3 1 13 221
0.0233333 6 2 12 196
0.03 5 0 15 203
0.0366667 5 1 16 221
0.0433333 3 0 30 247
0.05 2 1 31 238
0.0566667 8 1 37 270
0.0633333 6 5 45 295
0.07 3 4 38 307
0.0766667 5 2 44 348
0.0833333 5 6 41 300
0.09 6 2 38 342
0.0966667 4 4 42 311
0.103333 4 0 30 317
0.11 4 2 26 315
0.116667 6 2 45 340
0.123333 11 1 36 340
0.13 7 2 42 400
0.136667 3 0 36 373
0.143333 3 7 25 368
0.15 6 1 32 442
0.156667 9 0 24 404
0.163333 3 5 28 407
0.17 5 3 28 423
0.176667 6 1 27 405
0.183333 12 2 35 537
0.19 14 2 21 828
0.196667 6 3 21 823
0.203333 6 4 17 711
0.21 7 3 23 590
0.216667 6 6 25 542
0.223333 7 3 26 509
0.23 7 3 19 436
0.236667 5 3 24 358
0.243333 3 2 28 392
0.25 4 2 20 333
0.256667 4 3 12 340
0.263333 8 2 21 284
0.27 3 1 21 319
0.276667 4 1 20 275
0.283333 8 6 27 256
0.29 7 1 21 277
0.296667 3 1 17 247
0.303333 4 3 14 244
0.31 5 2 21 225
0.316667 4 2 21 225
0.323333 9 0 23 238
0.33 7 3 19 223
0.336667 5 4 14 210
0.343333 10 3 14 204
0.35 3 1 17 217
0.356667 1 2 14 197
0.363333 3 3 14 202
0.37 0 3 19 233
0.376667 6 1 19 206
0.383333 6 2 23 189
0.39 5 2 14 203
0.396667 10 0 13 205
0.403333 12 0 9 207
0.41 8 3 17 216
0.416667 4 1 11 205
0.423333 4 0 13 208
0.43 2 1 14 192
0.436667 6 1 13 215
0.443333 8 2 11 203
0.45 5 0 14 239
0.456667 5 1 9 217
0.463333 6 1 7 256
0.47 5 1 12 240
0.476667 6 0 12 200
0.483333 1 1 13 95
0.49 4 1 6 78
0.496667 2 0 8 62
0.503333 3 1 11 66
0.51 0 0 10 62
0.516667 3 0 5 52
0.523333 0 1 12 51
0.53 1 1 15 45
0.536667 1 1 6 50
0.543333 4 1 3 38
0.55 2 0 8 49
0.556667 1 1 10 47
0.563333 2 1 9 39
0.57 3 0 7 36
0.576667 2 0 10 38
0.583333 1 0 10 44
0.59 2 0 5 38
0.596667 2 4 6 32
0.603333 2 0 6 29
0.61 2 3 9 30
0.616667 2 1 6 41
0.623333 2 3 9 32
0.63 2 2 9 42
0.636667 3 0 9 65
0.643333 2 1 5 33
0.65 2 1 8 24
0.656667 0 1 2 27
0.663333 293 16 184 15483
0.67 0 0 0 0
0.676667 0 0 0 0
0.683333 0 0 0 0
0.69 0 0 0 0
0.696667 0 0 0 0
0.703333 0 0 0 0
0.71 0 0 0 0
0.716667 0 0 0 0
0.723333 0 0 0 0
0.73 0 0 0 0
0.736667 0 0 0 0
0.743333 0 0 0 0
0.75 0 0 0 0
0.756667 0 0 0 0
0.763333 0 0 0 0
0.77 0 0 0 0
0.776667 0 0 0 0
0.783333 0 0 0 0
0.79 0 0 0 0
0.796667 0 0 0 0
0.803333 0 0 0 0
0.81 0 0 0 0
0.816667 0 0 0 0
0.823333 0 0 0 0
0.83 0 0 0 0
0.836667 0 0 0 0
0.843333 0 0 0 0
0.85 0 0 0 0
0.856667 0 0 0 0
0.863333 0 0 0 0
0.87 0 0 0 0
0.876667 0 0 0 0
0.883333 0 0 0 0
0.89 0 0 0 0
0.896667 0 0 0 0
0.903333 0 0 0 0
0.91 0 0 0 0
0.916667 0 0 0 0
0.923333 0 0 0 0
0.93 0 0 0 0
0.936667 0 0 0 0
0.943333 0 0 0 0
0.95 0 0 0 0
0.956667 0 0 0 0
0.963333 0 0 0 0
0.97 0 0 0 0
0.976667 0 0 0 0
0.983333 0 0 0 0
0.99 0 0 0 0
0.996667 0 0 0 0
1.00333 0 0 0 0
1.01 0 0 0 0
1.01667 0 0 0 0
1.02333 0 0 0 0
1.03 0 0 0 0
1.03667 0 0 0 0
1.04333 0 0 0 0
1.05 0 0 0 0
1.05667 0 0 0 0
1.06333 0 0 0 0
1.07 0 0 0 0
1.07667 0 0 0 0
1.08333 0 0 0 0
1.09 0 0 0 0
1.09667 0 0 0 0
1.10333 0 0 0 0
1.11 0 0 0 0
1.11667 0 0 0 0
1.12333 0 0 0 0
1.13 0 0 0 0
1.13667 0 0 0 0
1.14333 0 0 0 0
1.15 0 0 0 0
1.15667 0 0 0 0
1.16333 0 0 0 0
1.17 0 0 0 0
1.17667 0 0 0 0
1.18333 0 0 0 0
1.19 0 0 0 0
1.19667 0 0 0 0
1.20333 0 0 0 0
1.21 0 0 0 0
1.21667 0 0 0 0
1.22333 0 0 0 0
1.23 0 0 0 0
1.23667 0 0 0 0
1.24333 0 0 0 0
1.25 0 0 0 0
1.25667 0 0 0 0
1.26333 0 0 0 0
1.27 0 0 0 0
1.27667 0 0 0 0
1.28333 0 0 0 0
1.29 0 0 0 0
1.29667 0 0 0 0
1.30333 0 0 0 0
1.31 0 0 0 0
1.31667 0 0 0 0
1.32333 0 0 0 0
1.33 0 0 0 0
1.33667 0 0 0 0
1.34333 0 0 0 0
1.35 0 0 0 0
1.35667 0 0 0 0
1.36333 0 0 0 0
1.37 0 0 0 0
1.37667 0 0 0 0
1.38333 0 0 0 0
1.39 0 0 0 0
1.39667 0 0 0 0
1.40333 0 0 0 0
1.41 0 0 0 0
1.41667 0 0 0 0
1.42333 0 0 0 0
1.43 0 0 0 0
1.43667 0 0 0 0
1.44333 0 0 0 0
1.45 0 0 0 0
1.45667 0 0 0 0
1.46333 0 0 0 0
1.47 0 0 0 0
1.47667 0 0 0 0
1.48333 0 0 0 0
1.49 0 0 0 0
1.49667 0 0 0 0
1.50333 0 0 0 0
1.51 0 0 0 0
1.51667 0 0 0 0
1.52333 0 0 0 0
1.53 0 0 0 0
1.53667 0 0 0 0
1.54333 0 0 0 0
1.55 0 0 0 0
1.55667 0 0 0 0
1.56333 0 0 0 0
1.57 0 0 0 0
1.57667 0 0 0 0
1.58333 0 0 0 0
1.59 0 0 0 0
1.59667 0 0 0 0
1.60333 0 0 0 0
1.61 0 0 0 0
1.61667 0 0 0 0
1.62333 0 0 0 0
1.63 0 0 0 0
1.63667 0 0 0 0
1.64333 0 0 0 0
1.65 0 0 0 0
1.65667 0 0 0 0
1.66333 0 0 0 0
1.67 0 0 0 0
1.67667 0 0 0 0
1.68333 0 0 0 0
1.69 0 0 0 0
1.69667 0 0 0 0
1.70333 0 0 0 0
1.71 0 0 0 0
1.71667 0 0 0 0
1.72333 0 0 0 0
1.73 0 0 0 0
1.73667 0 0 0 0
1.74333 0 0 0 0
1.75 0 0 0 0
1.75667 0 0 0 0
1.76333 0 0 0 0
1.77 0 0 0 0
1.77667 0 0 0 0
1.78333 0 0 0 0
1.79 0 0 0 0
1.79667 0 0 0 0
1.80333 0 0 0 0
1.81 0 0 0 0
1.81667 0 0 0 0
1.82333 0 0 0 0
1.83 0 0 0 0
1.83667 0 0 0 0
1.84333 0 0 0 0
1.85 0 0 0 0
1.85667 0 0 0 0
1.86333 0 0 0 0
1.87 0 0 0 0
1.87667 0 0 0 0
1.88333 0 0 0 0
1.89 0 0 0 0
1.89667 0 0 0 0
1.90333 0 0 0 0
1.91 0 0 0 0
1.91667 0 0 0 0
1.92333 0 0 0 0
1.93 0 0 0 0
1.93667 0 0 0 0
1.94333 0 0 0 0
1.95 0 0 0 0
1.95667 0 0 0 0
1.96333 0 0 0 0
1.97 0 0 0 0
1.97667 0 0 0 0
1.98333 0 0 0 0
1.99 0 0 0 0
1.99667 0 0 0 0
