0.00333333 3 0 11 84
0.01 0 1 17 81
0.0166667 2 1 22 69
0.0233333 1 1 28 92
0.03 0 3 25 88
0.0366667 1 3 28 109
0.0433333 0 3 41 132
0.05 4 2 48 145
0.0566667 1 4 53 158
0.0633333 6 7 70 176
0.07 4 6 73 177
0.0766667 4 4 68 196
0.0833333 3 4 79 194
0.09 2 5 68 203
0.0966667 3 0 68 207
0.103333 6 7 47 188
0.11 1 7 64 212
0.116667 3 7 61 204
0.123333 1 0 62 249
0.13 2 2 62 222
0.136667 3 4 67 189
0.143333 3 2 51 188
0.15 3 4 42 164
0.156667 6 4 48 171
0.163333 2 3 44 201
0.17 6 9 47 188
0.176667 1 3 40 205
0.183333 2 2 35 195
0.19 3 2 49 241
0.196667 2 3 46 247
0.203333 4 4 41 214
0.21 3 3 28 204
0.216667 1 1 51 208
0.223333 5 3 47 207
0.23 2 4 35 193
0.236667 2 3 33 165
0.243333 2 2 42 199
0.25 0 2 33 158
0.256667 4 4 32 156
0.263333 2 2 35 127
0.27 4 2 35 147
0.276667 7 2 26 137
0.283333 2 0 28 126
0.29 2 0 34 143
0.296667 3 4 22 112
0.303333 7 2 27 135
0.31 3 1 23 115
0.316667 2 4 24 142
0.323333 3 0 22 106
0.33 1 1 23 116
0.336667 2 1 27 112
0.343333 1 0 32 88
0.35 1 1 26 122
0.356667 2 1 27 107
0.363333 0 3 36 112
0.37 2 2 23 103
0.376667 3 2 36 105
0.383333 1 3 23 108
0.39 1 1 21 124
0.396667 3 2 17 111
0.403333 0 5 15 109
0.41 1 0 15 100
0.416667 0 1 24 109
0.423333 2 2 23 88
0.43 2 1 18 97
0.436667 2 1 15 107
0.443333 2 1 18 81
0.45 1 0 21 99
0.456667 1 2 17 108
0.463333 6 2 23 104
0.47 1 0 19 100
0.476667 0 2 19 85
0.483333 2 0 15 49
0.49 1 0 16 49
0.496667 0 3 10 51
0.503333 3 1 14 62
0.51 1 0 10 43
0.516667 2 1 8 52
0.523333 2 0 25 47
0.53 1 0 20 41
0.536667 0 0 9 41
0.543333 1 3 13 46
0.55 1 6 10 51
0.556667 1 0 15 36
0.563333 0 1 16 56
0.57 2 2 13 54
0.576667 2 2 9 29
0.583333 0 0 6 30
0.59 2 0 14 46
0.596667 0 0 7 34
0.603333 0 1 15 28
0.61 1 1 14 42
0.616667 1 1 9 39
0.623333 3 3 15 40
0.63 0 1 9 37
0.636667 1 0 9 44
0.643333 2 0 12 39
0.65 1 0 12 35
0.656667 3 2 10 37
0.663333 52 20 383 3534
0.67 0 0 0 0
0.676667 0 0 0 0
0.683333 0 0 0 0
0.69 0 0 0 0
0.696667 0 0 0 0
0.703333 0 0 0 0
0.71 0 0 0 0
0.716667 0 0 0 0
0.723333 0 0 0 0
0.73 0 0 0 0
0.736667 0 0 0 0
0.743333 0 0 0 0
0.75 0 0 0 0
0.756667 0 0 0 0
0.763333 0 0 0 0
0.77 0 0 0 0
0.776667 0 0 0 0
0.783333 0 0 0 0
0.79 0 0 0 0
0.796667 0 0 0 0
0.803333 0 0 0 0
0.81 0 0 0 0
0.816667 0 0 0 0
0.823333 0 0 0 0
0.83 0 0 0 0
0.836667 0 0 0 0
0.843333 0 0 0 0
0.85 0 0 0 0
0.856667 0 0 0 0
0.863333 0 0 0 0
0.87 0 0 0 0
0.876667 0 0 0 0
0.883333 0 0 0 0
0.89 0 0 0 0
0.896667 0 0 0 0
0.903333 0 0 0 0
0.91 0 0 0 0
0.916667 0 0 0 0
0.923333 0 0 0 0
0.93 0 0 0 0
0.936667 0 0 0 0
0.943333 0 0 0 0
0.95 0 0 0 0
0.956667 0 0 0 0
0.963333 0 0 0 0
0.97 0 0 0 0
0.976667 0 0 0 0
0.983333 0 0 0 0
0.99 0 0 0 0
0.996667 0 0 0 0
1.00333 0 0 0 0
1.01 0 0 0 0
1.01667 0 0 0 0
1.02333 0 0 0 0
1.03 0 0 0 0
1.03667 0 0 0 0
1.04333 0 0 0 0
1.05 0 0 0 0
1.05667 0 0 0 0
1.06333 0 0 0 0
1.07 0 0 0 0
1.07667 0 0 0 0
1.08333 0 0 0 0
1.09 0 0 0 0
1.09667 0 0 0 0
1.10333 0 0 0 0
1.11 0 0 0 0
1.11667 0 0 0 0
1.12333 0 0 0 0
1.13 0 0 0 0
1.13667 0 0 0 0
1.14333 0 0 0 0
1.15 0 0 0 0
1.15667 0 0 0 0
1.16333 0 0 0 0
1.17 0 0 0 0
1.17667 0 0 0 0
1.18333 0 0 0 0
1.19 0 0 0 0
1.19667 0 0 0 0
1.20333 0 0 0 0
1.21 0 0 0 0
1.21667 0 0 0 0
1.22333 0 0 0 0
1.23 0 0 0 0
1.23667 0 0 0 0
1.24333 0 0 0 0
1.25 0 0 0 0
1.25667 0 0 0 0
1.26333 0 0 0 0
1.27 0 0 0 0
1.27667 0 0 0 0
1.28333 0 0 0 0
1.29 0 0 0 0
1.29667 0 0 0 0
1.30333 0 0 0 0
1.31 0 0 0 0
1.31667 0 0 0 0
1.32333 0 0 0 0
1.33 0 0 0 0
1.33667 0 0 0 0
1.34333 0 0 0 0
1.35 0 0 0 0
1.35667 0 0 0 0
1.36333 0 0 0 0
1.37 0 0 0 0
1.37667 0 0 0 0
1.38333 0 0 0 0
1.39 0 0 0 0
1.39667 0 0 0 0
1.40333 0 0 0 0
1.41 0 0 0 0
1.41667 0 0 0 0
1.42333 0 0 0 0
1.43 0 0 0 0
1.43667 0 0 0 0
1.44333 0 0 0 0
1.45 0 0 0 0
1.45667 0 0 0 0
1.46333 0 0 0 0
1.47 0 0 0 0
1.47667 0 0 0 0
1.48333 0 0 0 0
1.49 0 0 0 0
1.49667 0 0 0 0
1.50333 0 0 0 0
1.51 0 0 0 0
1.51667 0 0 0 0
1.52333 0 0 0 0
1.53 0 0 0 0
1.53667 0 0 0 0
1.54333 0 0 0 0
1.55 0 0 0 0
1.55667 0 0 0 0
1.56333 0 0 0 0
1.57 0 0 0 0
1.57667 0 0 0 0
1.58333 0 0 0 0
1.59 0 0 0 0
1.59667 0 0 0 0
1.60333 0 0 0 0
1.61 0 0 0 0
1.61667 0 0 0 0
1.62333 0 0 0 0
1.63 0 0 0 0
1.63667 0 0 0 0
1.64333 0 0 0 0
1.65 0 0 0 0
1.65667 0 0 0 0
1.66333 0 0 0 0
1.67 0 0 0 0
1.67667 0 0 0 0
1.68333 0 0 0 0
1.69 0 0 0 0
1.69667 0 0 0 0
1.70333 0 0 0 0
1.71 0 0 0 0
1.71667 0 0 0 0
1.72333 0 0 0 0
1.73 0 0 0 0
1.73667 0 0 0 0
1.74333 0 0 0 0
1.75 0 0 0 0
1.75667 0 0 0 0
1.76333 0 0 0 0
1.77 0 0 0 0
1.77667 0 0 0 0
1.78333 0 0 0 0
1.79 0 0 0 0
1.79667 0 0 0 0
1.80333 0 0 0 0
1.81 0 0 0 0
1.81667 0 0 0 0
1.82333 0 0 0 0
1.83 0 0 0 0
1.83667 0 0 0 0
1.84333 0 0 0 0
1.85 0 0 0 0
1.85667 0 0 0 0
1.86333 0 0 0 0
1.87 0 0 0 0
1.87667 0 0 0 0
1.88333 0 0 0 0
1.89 0 0 0 0
1.89667 0 0 0 0
1.90333 0 0 0 0
1.91 0 0 0 0
1.91667 0 0 0 0
1.92333 0 0 0 0
1.93 0 0 0 0
1.93667 0 0 0 0
1.94333 0 0 0 0
1.95 0 0 0 0
1.95667 0 0 0 0
1.96333 0 0 0 0
1.97 0 0 0 0
1.97667 0 0 0 0
1.98333 0 0 0 0
1.99 0 0 0 0
1.99667 0 0 0 0
