0.00333333 0 1 181 15
0.01 0 1 142 17
0.0166667 0 4 162 20
0.0233333 0 4 192 22
0.03 1 2 165 22
0.0366667 0 6 201 27
0.0433333 1 9 251 34
0.05 1 13 260 44
0.0566667 1 9 271 64
0.0633333 4 14 283 59
0.07 2 13 313 81
0.0766667 0 9 329 54
0.0833333 6 12 330 59
0.09 0 16 389 68
0.0966667 0 12 382 67
0.103333 6 16 359 41
0.11 1 21 394 46
0.116667 3 10 342 68
0.123333 4 14 401 61
0.13 2 12 413 53
0.136667 0 12 428 39
0.143333 3 9 436 55
0.15 0 7 420 45
0.156667 2 12 391 39
0.163333 0 14 407 31
0.17 1 10 398 45
0.176667 2 12 409 39
0.183333 1 7 516 27
0.19 0 8 666 33
0.196667 1 8 609 38
0.203333 1 14 587 37
0.21 0 14 538 39
0.216667 2 9 524 33
0.223333 2 9 457 37
0.23 2 12 384 28
0.236667 0 10 395 36
0.243333 0 7 369 27
0.25 1 5 337 24
0.256667 1 10 271 27
0.263333 1 11 295 23
0.27 1 7 280 34
0.276667 0 3 283 29
0.283333 0 17 258 23
0.29 3 7 248 35
0.296667 0 12 265 21
0.303333 3 6 255 31
0.31 0 9 248 20
0.316667 1 5 211 21
0.323333 1 8 221 22
0.33 1 7 202 17
0.336667 1 13 204 21
0.343333 0 4 172 20
0.35 0 8 191 19
0.356667 1 5 204 26
0.363333 0 4 183 30
0.37 1 5 209 26
0.376667 2 8 194 18
0.383333 2 6 184 15
0.39 2 10 183 30
0.396667 2 10 193 12
0.403333 1 4 175 27
0.41 0 7 173 15
0.416667 0 7 217 12
0.423333 1 6 196 18
0.43 1 6 170 22
0.436667 0 6 187 25
0.443333 0 5 172 16
0.45 0 2 173 20
0.456667 0 3 174 10
0.463333 1 1 188 15
0.47 3 10 203 19
0.476667 1 3 161 15
0.483333 1 5 98 16
0.49 1 4 81 12
0.496667 2 4 84 11
0.503333 1 7 57 11
0.51 0 5 52 20
0.516667 0 3 67 13
0.523333 1 1 79 18
0.53 1 1 72 8
0.536667 0 3 62 13
0.543333 0 5 46 9
0.55 0 1 50 7
0.556667 0 7 54 9
0.563333 0 6 50 6
0.57 1 2 59 13
0.576667 1 4 43 12
0.583333 2 2 49 7
0.59 2 3 56 9
0.596667 0 2 40 5
0.603333 0 1 48 4
0.61 1 4 47 8
0.616667 2 6 33 10
0.623333 1 1 49 9
0.63 1 2 50 11
0.636667 1 3 66 10
0.643333 1 3 41 11
0.65 1 3 39 10
0.656667 0 2 35 8
0.663333 4 134 10340 273
0.67 0 0 0 0
0.676667 0 0 0 0
0.683333 0 0 0 0
0.69 0 0 0 0
0.696667 0 0 0 0
0.703333 0 0 0 0
0.71 0 0 0 0
0.716667 0 0 0 0
0.723333 0 0 0 0
0.73 0 0 0 0
0.736667 0 0 0 0
0.743333 0 0 0 0
0.75 0 0 0 0
0.756667 0 0 0 0
0.763333 0 0 0 0
0.77 0 0 0 0
0.776667 0 0 0 0
0.783333 0 0 0 0
0.79 0 0 0 0
0.796667 0 0 0 0
0.803333 0 0 0 0
0.81 0 0 0 0
0.816667 0 0 0 0
0.823333 0 0 0 0
0.83 0 0 0 0
0.836667 0 0 0 0
0.843333 0 0 0 0
0.85 0 0 0 0
0.856667 0 0 0 0
0.863333 0 0 0 0
0.87 0 0 0 0
0.876667 0 0 0 0
0.883333 0 0 0 0
0.89 0 0 0 0
0.896667 0 0 0 0
0.903333 0 0 0 0
0.91 0 0 0 0
0.916667 0 0 0 0
0.923333 0 0 0 0
0.93 0 0 0 0
0.936667 0 0 0 0
0.943333 0 0 0 0
0.95 0 0 0 0
0.956667 0 0 0 0
0.963333 0 0 0 0
0.97 0 0 0 0
0.976667 0 0 0 0
0.983333 0 0 0 0
0.99 0 0 0 0
0.996667 0 0 0 0
1.00333 0 0 0 0
1.01 0 0 0 0
1.01667 0 0 0 0
1.02333 0 0 0 0
1.03 0 0 0 0
1.03667 0 0 0 0
1.04333 0 0 0 0
1.05 0 0 0 0
1.05667 0 0 0 0
1.06333 0 0 0 0
1.07 0 0 0 0
1.07667 0 0 0 0
1.08333 0 0 0 0
1.09 0 0 0 0
1.09667 0 0 0 0
1.10333 0 0 0 0
1.11 0 0 0 0
1.11667 0 0 0 0
1.12333 0 0 0 0
1.13 0 0 0 0
1.13667 0 0 0 0
1.14333 0 0 0 0
1.15 0 0 0 0
1.15667 0 0 0 0
1.16333 0 0 0 0
1.17 0 0 0 0
1.17667 0 0 0 0
1.18333 0 0 0 0
1.19 0 0 0 0
1.19667 0 0 0 0
1.20333 0 0 0 0
1.21 0 0 0 0
1.21667 0 0 0 0
1.22333 0 0 0 0
1.23 0 0 0 0
1.23667 0 0 0 0
1.24333 0 0 0 0
1.25 0 0 0 0
1.25667 0 0 0 0
1.26333 0 0 0 0
1.27 0 0 0 0
1.27667 0 0 0 0
1.28333 0 0 0 0
1.29 0 0 0 0
1.29667 0 0 0 0
1.30333 0 0 0 0
1.31 0 0 0 0
1.31667 0 0 0 0
1.32333 0 0 0 0
1.33 0 0 0 0
1.33667 0 0 0 0
1.34333 0 0 0 0
1.35 0 0 0 0
1.35667 0 0 0 0
1.36333 0 0 0 0
1.37 0 0 0 0
1.37667 0 0 0 0
1.38333 0 0 0 0
1.39 0 0 0 0
1.39667 0 0 0 0
1.40333 0 0 0 0
1.41 0 0 0 0
1.41667 0 0 0 0
1.42333 0 0 0 0
1.43 0 0 0 0
1.43667 0 0 0 0
1.44333 0 0 0 0
1.45 0 0 0 0
1.45667 0 0 0 0
1.46333 0 0 0 0
1.47 0 0 0 0
1.47667 0 0 0 0
1.48333 0 0 0 0
1.49 0 0 0 0
1.49667 0 0 0 0
1.50333 0 0 0 0
1.51 0 0 0 0
1.51667 0 0 0 0
1.52333 0 0 0 0
1.53 0 0 0 0
1.53667 0 0 0 0
1.54333 0 0 0 0
1.55 0 0 0 0
1.55667 0 0 0 0
1.56333 0 0 0 0
1.57 0 0 0 0
1.57667 0 0 0 0
1.58333 0 0 0 0
1.59 0 0 0 0
1.59667 0 0 0 0
1.60333 0 0 0 0
1.61 0 0 0 0
1.61667 0 0 0 0
1.62333 0 0 0 0
1.63 0 0 0 0
1.63667 0 0 0 0
1.64333 0 0 0 0
1.65 0 0 0 0
1.65667 0 0 0 0
1.66333 0 0 0 0
1.67 0 0 0 0
1.67667 0 0 0 0
1.68333 0 0 0 0
1.69 0 0 0 0
1.69667 0 0 0 0
1.70333 0 0 0 0
1.71 0 0 0 0
1.71667 0 0 0 0
1.72333 0 0 0 0
1.73 0 0 0 0
1.73667 0 0 0 0
1.74333 0 0 0 0
1.75 0 0 0 0
1.75667 0 0 0 0
1.76333 0 0 0 0
1.77 0 0 0 0
1.77667 0 0 0 0
1.78333 0 0 0 0
1.79 0 0 0 0
1.79667 0 0 0 0
1.80333 0 0 0 0
1.81 0 0 0 0
1.81667 0 0 0 0
1.82333 0 0 0 0
1.83 0 0 0 0
1.83667 0 0 0 0
1.84333 0 0 0 0
1.85 0 0 0 0
1.85667 0 0 0 0
1.86333 0 0 0 0
1.87 0 0 0 0
1.87667 0 0 0 0
1.88333 0 0 0 0
1.89 0 0 0 0
1.89667 0 0 0 0
1.90333 0 0 0 0
1.91 0 0 0 0
1.91667 0 0 0 0
1.92333 0 0 0 0
1.93 0 0 0 0
1.93667 0 0 0 0
1.94333 0 0 0 0
1.95 0 0 0 0
1.95667 0 0 0 0
1.96333 0 0 0 0
1.97 0 0 0 0
1.97667 0 0 0 0
1.98333 0 0 0 0
1.99 0 0 0 0
1.99667 0 0 0 0
