0.00333333 10 77 15 0
0.01 17 89 9 1
0.0166667 10 84 17 2
0.0233333 18 91 17 0
0.03 20 99 12 0
0.0366667 30 103 17 1
0.0433333 38 163 24 2
0.05 51 213 30 0
0.0566667 56 245 34 2
0.0633333 83 255 35 6
0.07 91 236 43 9
0.0766667 63 285 47 4
0.0833333 67 257 45 7
0.09 70 272 45 12
0.0966667 61 289 38 4
0.103333 77 294 30 6
0.11 72 269 38 5
0.116667 59 301 56 7
0.123333 54 283 41 4
0.13 49 271 43 3
0.136667 34 275 32 6
0.143333 72 266 41 1
0.15 37 266 42 6
0.156667 39 275 41 8
0.163333 31 248 36 4
0.17 36 239 37 3
0.176667 44 255 41 3
0.183333 28 243 33 4
0.19 39 250 45 3
0.196667 55 254 37 6
0.203333 39 235 39 6
0.21 46 238 31 1
0.216667 22 230 31 4
0.223333 48 205 35 6
0.23 32 196 30 0
0.236667 37 187 26 4
0.243333 39 162 24 2
0.25 25 174 19 5
0.256667 36 171 20 2
0.263333 31 176 18 5
0.27 27 155 15 5
0.276667 35 153 25 4
0.283333 24 140 22 2
0.29 29 143 17 0
0.296667 24 148 13 5
0.303333 27 135 13 2
0.31 29 131 24 1
0.316667 28 120 14 3
0.323333 27 113 19 3
0.33 15 121 31 2
0.336667 19 99 17 1
0.343333 24 118 17 3
0.35 17 109 27 2
0.356667 23 88 15 4
0.363333 31 103 14 3
0.37 22 93 19 0
0.376667 17 117 16 5
0.383333 9 112 17 3
0.39 22 102 16 3
0.396667 26 94 11 2
0.403333 21 91 14 2
0.41 18 85 15 2
0.416667 20 74 17 2
0.423333 16 83 16 1
0.43 23 77 18 1
0.436667 15 85 19 1
0.443333 8 96 10 2
0.45 16 72 20 3
0.456667 15 92 11 4
0.463333 21 93 11 0
0.47 16 84 10 1
0.476667 20 65 10 2
0.483333 16 51 8 2
0.49 13 60 8 3
0.496667 7 39 9 1
0.503333 4 49 10 4
0.51 10 67 9 0
0.516667 15 37 11 2
0.523333 6 51 6 1
0.53 14 35 7 0
0.536667 13 34 6 3
0.543333 10 44 11 0
0.55 13 45 4 2
0.556667 13 40 9 1
0.563333 9 43 11 0
0.57 9 30 10 2
0.576667 6 52 11 0
0.583333 12 42 8 4
0.59 4 51 10 0
0.596667 12 42 12 2
0.603333 10 42 7 0
0.61 8 39 8 1
0.616667 6 29 6 1
0.623333 6 41 11 1
0.63 8 35 8 1
0.636667 4 37 5 1
0.643333 9 27 8 3
0.65 10 37 7 1
0.656667 9 40 6 1
0.663333 269 2785 333 11
0.67 0 0 0 0
0.676667 0 0 0 0
0.683333 0 0 0 0
0.69 0 0 0 0
0.696667 0 0 0 0
0.703333 0 0 0 0
0.71 0 0 0 0
0.716667 0 0 0 0
0.723333 0 0 0 0
0.73 0 0 0 0
0.736667 0 0 0 0
0.743333 0 0 0 0
0.75 0 0 0 0
0.756667 0 0 0 0
0.763333 0 0 0 0
0.77 0 0 0 0
0.776667 0 0 0 0
0.783333 0 0 0 0
0.79 0 0 0 0
0.796667 0 0 0 0
0.803333 0 0 0 0
0.81 0 0 0 0
0.816667 0 0 0 0
0.823333 0 0 0 0
0.83 0 0 0 0
0.836667 0 0 0 0
0.843333 0 0 0 0
0.85 0 0 0 0
0.856667 0 0 0 0
0.863333 0 0 0 0
0.87 0 0 0 0
0.876667 0 0 0 0
0.883333 0 0 0 0
0.89 0 0 0 0
0.896667 0 0 0 0
0.903333 0 0 0 0
0.91 0 0 0 0
0.916667 0 0 0 0
0.923333 0 0 0 0
0.93 0 0 0 0
0.936667 0 0 0 0
0.943333 0 0 0 0
0.95 0 0 0 0
0.956667 0 0 0 0
0.963333 0 0 0 0
0.97 0 0 0 0
0.976667 0 0 0 0
0.983333 0 0 0 0
0.99 0 0 0 0
0.996667 0 0 0 0
1.00333 0 0 0 0
1.01 0 0 0 0
1.01667 0 0 0 0
1.02333 0 0 0 0
1.03 0 0 0 0
1.03667 0 0 0 0
1.04333 0 0 0 0
1.05 0 0 0 0
1.05667 0 0 0 0
1.06333 0 0 0 0
1.07 0 0 0 0
1.07667 0 0 0 0
1.08333 0 0 0 0
1.09 0 0 0 0
1.09667 0 0 0 0
1.10333 0 0 0 0
1.11 0 0 0 0
1.11667 0 0 0 0
1.12333 0 0 0 0
1.13 0 0 0 0
1.13667 0 0 0 0
1.14333 0 0 0 0
1.15 0 0 0 0
1.15667 0 0 0 0
1.16333 0 0 0 0
1.17 0 0 0 0
1.17667 0 0 0 0
1.18333 0 0 0 0
1.19 0 0 0 0
1.19667 0 0 0 0
1.20333 0 0 0 0
1.21 0 0 0 0
1.21667 0 0 0 0
1.22333 0 0 0 0
1.23 0 0 0 0
1.23667 0 0 0 0
1.24333 0 0 0 0
1.25 0 0 0 0
1.25667 0 0 0 0
1.26333 0 0 0 0
1.27 0 0 0 0
1.27667 0 0 0 0
1.28333 0 0 0 0
1.29 0 0 0 0
1.29667 0 0 0 0
1.30333 0 0 0 0
1.31 0 0 0 0
1.31667 0 0 0 0
1.32333 0 0 0 0
1.33 0 0 0 0
1.33667 0 0 0 0
1.34333 0 0 0 0
1.35 0 0 0 0
1.35667 0 0 0 0
1.36333 0 0 0 0
1.37 0 0 0 0
1.37667 0 0 0 0
1.38333 0 0 0 0
1.39 0 0 0 0
1.39667 0 0 0 0
1.40333 0 0 0 0
1.41 0 0 0 0
1.41667 0 0 0 0
1.42333 0 0 0 0
1.43 0 0 0 0
1.43667 0 0 0 0
1.44333 0 0 0 0
1.45 0 0 0 0
1.45667 0 0 0 0
1.46333 0 0 0 0
1.47 0 0 0 0
1.47667 0 0 0 0
1.48333 0 0 0 0
1.49 0 0 0 0
1.49667 0 0 0 0
1.50333 0 0 0 0
1.51 0 0 0 0
1.51667 0 0 0 0
1.52333 0 0 0 0
1.53 0 0 0 0
1.53667 0 0 0 0
1.54333 0 0 0 0
1.55 0 0 0 0
1.55667 0 0 0 0
1.56333 0 0 0 0
1.57 0 0 0 0
1.57667 0 0 0 0
1.58333 0 0 0 0
1.59 0 0 0 0
1.59667 0 0 0 0
1.60333 0 0 0 0
1.61 0 0 0 0
1.61667 0 0 0 0
1.62333 0 0 0 0
1.63 0 0 0 0
1.63667 0 0 0 0
1.64333 0 0 0 0
1.65 0 0 0 0
1.65667 0 0 0 0
1.66333 0 0 0 0
1.67 0 0 0 0
1.67667 0 0 0 0
1.68333 0 0 0 0
1.69 0 0 0 0
1.69667 0 0 0 0
1.70333 0 0 0 0
1.71 0 0 0 0
1.71667 0 0 0 0
1.72333 0 0 0 0
1.73 0 0 0 0
1.73667 0 0 0 0
1.74333 0 0 0 0
1.75 0 0 0 0
1.75667 0 0 0 0
1.76333 0 0 0 0
1.77 0 0 0 0
1.77667 0 0 0 0
1.78333 0 0 0 0
1.79 0 0 0 0
1.79667 0 0 0 0
1.80333 0 0 0 0
1.81 0 0 0 0
1.81667 0 0 0 0
1.82333 0 0 0 0
1.83 0 0 0 0
1.83667 0 0 0 0
1.84333 0 0 0 0
1.85 0 0 0 0
1.85667 0 0 0 0
1.86333 0 0 0 0
1.87 0 0 0 0
1.87667 0 0 0 0
1.88333 0 0 0 0
1.89 0 0 0 0
1.89667 0 0 0 0
1.90333 0 0 0 0
1.91 0 0 0 0
1.91667 0 0 0 0
1.92333 0 0 0 0
1.93 0 0 0 0
1.93667 0 0 0 0
1.94333 0 0 0 0
1.95 0 0 0 0
1.95667 0 0 0 0
1.96333 0 0 0 0
1.97 0 0 0 0
1.97667 0 0 0 0
1.98333 0 0 0 0
1.99 0 0 0 0
1.99667 0 0 0 0
