0.00333333 2 7 34 5
0.01 1 6 40 10
0.0166667 2 7 41 3
0.0233333 3 5 37 8
0.03 1 9 50 8
0.0366667 4 15 41 7
0.0433333 5 20 75 14
0.05 7 16 79 13
0.0566667 4 33 62 17
0.0633333 5 33 83 23
0.07 6 29 93 21
0.0766667 14 28 105 25
0.0833333 7 29 118 29
0.09 6 31 101 23
0.0966667 12 22 105 16
0.103333 7 15 116 25
0.11 8 26 114 17
0.116667 7 21 143 30
0.123333 4 26 107 24
0.13 6 27 107 17
0.136667 5 17 102 10
0.143333 7 21 82 16
0.15 2 25 92 20
0.156667 7 21 79 9
0.163333 6 14 81 22
0.17 5 18 106 14
0.176667 5 12 83 21
0.183333 2 14 81 12
0.19 6 19 103 24
0.196667 8 16 101 11
0.203333 7 21 82 13
0.21 8 11 91 15
0.216667 7 10 75 16
0.223333 3 17 94 18
0.23 2 12 75 11
0.236667 5 14 56 12
0.243333 5 16 79 16
0.25 5 6 77 17
0.256667 3 12 58 7
0.263333 3 6 68 10
0.27 5 20 81 17
0.276667 1 12 64 12
0.283333 3 11 54 12
0.29 3 8 60 7
0.296667 2 13 59 5
0.303333 1 7 63 10
0.31 4 9 68 18
0.316667 2 13 46 9
0.323333 3 9 48 7
0.33 0 9 46 5
0.336667 3 9 68 6
0.343333 2 9 65 11
0.35 1 9 52 9
0.356667 5 8 54 14
0.363333 3 12 66 6
0.37 9 12 69 11
0.376667 2 7 62 7
0.383333 4 12 41 7
0.39 6 10 39 7
0.396667 7 12 47 5
0.403333 4 10 37 6
0.41 2 6 44 8
0.416667 8 11 36 10
0.423333 5 5 52 5
0.43 4 8 41 5
0.436667 3 4 58 3
0.443333 3 9 34 13
0.45 3 4 39 4
0.456667 4 8 44 6
0.463333 2 8 39 12
0.47 0 5 45 6
0.476667 1 5 40 5
0.483333 2 5 24 4
0.49 1 5 32 9
0.496667 3 9 18 4
0.503333 1 6 35 6
0.51 3 5 32 3
0.516667 2 4 18 7
0.523333 1 5 32 6
0.53 2 4 24 11
0.536667 1 4 20 3
0.543333 1 4 24 6
0.55 2 8 35 9
0.556667 0 2 24 4
0.563333 3 7 29 1
0.57 3 5 23 3
0.576667 0 3 27 2
0.583333 2 5 22 0
0.59 3 6 26 6
0.596667 5 6 26 4
0.603333 2 6 21 5
0.61 1 2 26 8
0.616667 1 4 18 6
0.623333 3 9 21 6
0.63 1 4 32 3
0.636667 0 3 34 3
0.643333 2 0 16 6
0.65 5 6 30 9
0.656667 3 3 11 4
0.663333 47 133 1455 160
0.67 0 0 0 0
0.676667 0 0 0 0
0.683333 0 0 0 0
0.69 0 0 0 0
0.696667 0 0 0 0
0.703333 0 0 0 0
0.71 0 0 0 0
0.716667 0 0 0 0
0.723333 0 0 0 0
0.73 0 0 0 0
0.736667 0 0 0 0
0.743333 0 0 0 0
0.75 0 0 0 0
0.756667 0 0 0 0
0.763333 0 0 0 0
0.77 0 0 0 0
0.776667 0 0 0 0
0.783333 0 0 0 0
0.79 0 0 0 0
0.796667 0 0 0 0
0.803333 0 0 0 0
0.81 0 0 0 0
0.816667 0 0 0 0
0.823333 0 0 0 0
0.83 0 0 0 0
0.836667 0 0 0 0
0.843333 0 0 0 0
0.85 0 0 0 0
0.856667 0 0 0 0
0.863333 0 0 0 0
0.87 0 0 0 0
0.876667 0 0 0 0
0.883333 0 0 0 0
0.89 0 0 0 0
0.896667 0 0 0 0
0.903333 0 0 0 0
0.91 0 0 0 0
0.916667 0 0 0 0
0.923333 0 0 0 0
0.93 0 0 0 0
0.936667 0 0 0 0
0.943333 0 0 0 0
0.95 0 0 0 0
0.956667 0 0 0 0
0.963333 0 0 0 0
0.97 0 0 0 0
0.976667 0 0 0 0
0.983333 0 0 0 0
0.99 0 0 0 0
0.996667 0 0 0 0
1.00333 0 0 0 0
1.01 0 0 0 0
1.01667 0 0 0 0
1.02333 0 0 0 0
1.03 0 0 0 0
1.03667 0 0 0 0
1.04333 0 0 0 0
1.05 0 0 0 0
1.05667 0 0 0 0
1.06333 0 0 0 0
1.07 0 0 0 0
1.07667 0 0 0 0
1.08333 0 0 0 0
1.09 0 0 0 0
1.09667 0 0 0 0
1.10333 0 0 0 0
1.11 0 0 0 0
1.11667 0 0 0 0
1.12333 0 0 0 0
1.13 0 0 0 0
1.13667 0 0 0 0
1.14333 0 0 0 0
1.15 0 0 0 0
1.15667 0 0 0 0
1.16333 0 0 0 0
1.17 0 0 0 0
1.17667 0 0 0 0
1.18333 0 0 0 0
1.19 0 0 0 0
1.19667 0 0 0 0
1.20333 0 0 0 0
1.21 0 0 0 0
1.21667 0 0 0 0
1.22333 0 0 0 0
1.23 0 0 0 0
1.23667 0 0 0 0
1.24333 0 0 0 0
1.25 0 0 0 0
1.25667 0 0 0 0
1.26333 0 0 0 0
1.27 0 0 0 0
1.27667 0 0 0 0
1.28333 0 0 0 0
1.29 0 0 0 0
1.29667 0 0 0 0
1.30333 0 0 0 0
1.31 0 0 0 0
1.31667 0 0 0 0
1.32333 0 0 0 0
1.33 0 0 0 0
1.33667 0 0 0 0
1.34333 0 0 0 0
1.35 0 0 0 0
1.35667 0 0 0 0
1.36333 0 0 0 0
1.37 0 0 0 0
1.37667 0 0 0 0
1.38333 0 0 0 0
1.39 0 0 0 0
1.39667 0 0 0 0
1.40333 0 0 0 0
1.41 0 0 0 0
1.41667 0 0 0 0
1.42333 0 0 0 0
1.43 0 0 0 0
1.43667 0 0 0 0
1.44333 0 0 0 0
1.45 0 0 0 0
1.45667 0 0 0 0
1.46333 0 0 0 0
1.47 0 0 0 0
1.47667 0 0 0 0
1.48333 0 0 0 0
1.49 0 0 0 0
1.49667 0 0 0 0
1.50333 0 0 0 0
1.51 0 0 0 0
1.51667 0 0 0 0
1.52333 0 0 0 0
1.53 0 0 0 0
1.53667 0 0 0 0
1.54333 0 0 0 0
1.55 0 0 0 0
1.55667 0 0 0 0
1.56333 0 0 0 0
1.57 0 0 0 0
1.57667 0 0 0 0
1.58333 0 0 0 0
1.59 0 0 0 0
1.59667 0 0 0 0
1.60333 0 0 0 0
1.61 0 0 0 0
1.61667 0 0 0 0
1.62333 0 0 0 0
1.63 0 0 0 0
1.63667 0 0 0 0
1.64333 0 0 0 0
1.65 0 0 0 0
1.65667 0 0 0 0
1.66333 0 0 0 0
1.67 0 0 0 0
1.67667 0 0 0 0
1.68333 0 0 0 0
1.69 0 0 0 0
1.69667 0 0 0 0
1.70333 0 0 0 0
1.71 0 0 0 0
1.71667 0 0 0 0
1.72333 0 0 0 0
1.73 0 0 0 0
1.73667 0 0 0 0
1.74333 0 0 0 0
1.75 0 0 0 0
1.75667 0 0 0 0
1.76333 0 0 0 0
1.77 0 0 0 0
1.77667 0 0 0 0
1.78333 0 0 0 0
1.79 0 0 0 0
1.79667 0 0 0 0
1.80333 0 0 0 0
1.81 0 0 0 0
1.81667 0 0 0 0
1.82333 0 0 0 0
1.83 0 0 0 0
1.83667 0 0 0 0
1.84333 0 0 0 0
1.85 0 0 0 0
1.85667 0 0 0 0
1.86333 0 0 0 0
1.87 0 0 0 0
1.87667 0 0 0 0
1.88333 0 0 0 0
1.89 0 0 0 0
1.89667 0 0 0 0
1.90333 0 0 0 0
1.91 0 0 0 0
1.91667 0 0 0 0
1.92333 0 0 0 0
1.93 0 0 0 0
1.93667 0 0 0 0
1.94333 0 0 0 0
1.95 0 0 0 0
1.95667 0 0 0 0
1.96333 0 0 0 0
1.97 0 0 0 0
1.97667 0 0 0 0
1.98333 0 0 0 0
1.99 0 0 0 0
1.99667 0 0 0 0
