0.00333333 1 5 22 47
0.01 2 5 37 47
0.0166667 1 8 39 60
0.0233333 4 6 40 57
0.03 5 5 42 61
0.0366667 1 14 43 70
0.0433333 6 14 67 92
0.05 9 26 85 101
0.0566667 8 15 103 116
0.0633333 4 19 131 116
0.07 13 22 123 130
0.0766667 13 28 125 161
0.0833333 6 34 137 158
0.09 3 23 124 157
0.0966667 7 21 113 145
0.103333 12 23 130 151
0.11 6 23 117 142
0.116667 9 26 104 162
0.123333 10 25 122 148
0.13 11 23 98 149
0.136667 13 28 115 137
0.143333 7 31 90 120
0.15 13 24 84 120
0.156667 4 12 119 126
0.163333 9 18 73 152
0.17 10 12 65 136
0.176667 10 15 80 140
0.183333 7 13 74 152
0.19 13 16 67 160
0.196667 11 22 76 151
0.203333 16 20 84 141
0.21 11 20 70 130
0.216667 10 12 71 133
0.223333 10 20 71 120
0.23 10 14 62 111
0.236667 7 6 76 127
0.243333 5 12 72 93
0.25 8 15 66 101
0.256667 7 9 62 89
0.263333 5 14 52 91
0.27 3 11 58 87
0.276667 3 12 44 89
0.283333 4 12 54 87
0.29 9 9 61 75
0.296667 5 10 50 89
0.303333 4 8 45 81
0.31 5 8 58 79
0.316667 3 10 41 55
0.323333 4 12 60 68
0.33 3 9 38 54
0.336667 4 14 46 66
0.343333 3 17 43 53
0.35 3 12 45 73
0.356667 4 9 37 71
0.363333 5 15 35 58
0.37 7 13 44 59
0.376667 6 7 27 64
0.383333 2 16 38 52
0.39 2 7 34 69
0.396667 5 3 39 57
0.403333 3 9 39 60
0.41 0 11 34 57
0.416667 5 15 25 49
0.423333 4 7 40 52
0.43 6 8 18 55
0.436667 6 7 28 61
0.443333 5 10 25 59
0.45 3 11 20 61
0.456667 1 7 31 60
0.463333 9 11 35 46
0.47 5 9 33 43
0.476667 5 8 25 39
0.483333 6 7 24 20
0.49 1 6 21 29
0.496667 6 7 17 24
0.503333 2 5 15 28
0.51 5 5 21 30
0.516667 4 6 27 37
0.523333 5 2 20 24
0.53 3 5 18 31
0.536667 2 2 21 33
0.543333 2 4 21 15
0.55 8 6 21 16
0.556667 2 9 18 19
0.563333 3 3 12 26
0.57 5 8 15 22
0.576667 0 5 12 21
0.583333 1 2 15 28
0.59 1 5 14 30
0.596667 3 8 15 19
0.603333 3 4 12 15
0.61 3 5 14 25
0.616667 0 4 15 18
0.623333 2 2 13 15
0.63 5 5 25 21
0.636667 3 6 9 24
0.643333 1 9 13 8
0.65 3 7 20 17
0.656667 3 6 10 18
0.663333 133 165 622 1917
0.67 0 0 0 0
0.676667 0 0 0 0
0.683333 0 0 0 0
0.69 0 0 0 0
0.696667 0 0 0 0
0.703333 0 0 0 0
0.71 0 0 0 0
0.716667 0 0 0 0
0.723333 0 0 0 0
0.73 0 0 0 0
0.736667 0 0 0 0
0.743333 0 0 0 0
0.75 0 0 0 0
0.756667 0 0 0 0
0.763333 0 0 0 0
0.77 0 0 0 0
0.776667 0 0 0 0
0.783333 0 0 0 0
0.79 0 0 0 0
0.796667 0 0 0 0
0.803333 0 0 0 0
0.81 0 0 0 0
0.816667 0 0 0 0
0.823333 0 0 0 0
0.83 0 0 0 0
0.836667 0 0 0 0
0.843333 0 0 0 0
0.85 0 0 0 0
0.856667 0 0 0 0
0.863333 0 0 0 0
0.87 0 0 0 0
0.876667 0 0 0 0
0.883333 0 0 0 0
0.89 0 0 0 0
0.896667 0 0 0 0
0.903333 0 0 0 0
0.91 0 0 0 0
0.916667 0 0 0 0
0.923333 0 0 0 0
0.93 0 0 0 0
0.936667 0 0 0 0
0.943333 0 0 0 0
0.95 0 0 0 0
0.956667 0 0 0 0
0.963333 0 0 0 0
0.97 0 0 0 0
0.976667 0 0 0 0
0.983333 0 0 0 0
0.99 0 0 0 0
0.996667 0 0 0 0
1.00333 0 0 0 0
1.01 0 0 0 0
1.01667 0 0 0 0
1.02333 0 0 0 0
1.03 0 0 0 0
1.03667 0 0 0 0
1.04333 0 0 0 0
1.05 0 0 0 0
1.05667 0 0 0 0
1.06333 0 0 0 0
1.07 0 0 0 0
1.07667 0 0 0 0
1.08333 0 0 0 0
1.09 0 0 0 0
1.09667 0 0 0 0
1.10333 0 0 0 0
1.11 0 0 0 0
1.11667 0 0 0 0
1.12333 0 0 0 0
1.13 0 0 0 0
1.13667 0 0 0 0
1.14333 0 0 0 0
1.15 0 0 0 0
1.15667 0 0 0 0
1.16333 0 0 0 0
1.17 0 0 0 0
1.17667 0 0 0 0
1.18333 0 0 0 0
1.19 0 0 0 0
1.19667 0 0 0 0
1.20333 0 0 0 0
1.21 0 0 0 0
1.21667 0 0 0 0
1.22333 0 0 0 0
1.23 0 0 0 0
1.23667 0 0 0 0
1.24333 0 0 0 0
1.25 0 0 0 0
1.25667 0 0 0 0
1.26333 0 0 0 0
1.27 0 0 0 0
1.27667 0 0 0 0
1.28333 0 0 0 0
1.29 0 0 0 0
1.29667 0 0 0 0
1.30333 0 0 0 0
1.31 0 0 0 0
1.31667 0 0 0 0
1.32333 0 0 0 0
1.33 0 0 0 0
1.33667 0 0 0 0
1.34333 0 0 0 0
1.35 0 0 0 0
1.35667 0 0 0 0
1.36333 0 0 0 0
1.37 0 0 0 0
1.37667 0 0 0 0
1.38333 0 0 0 0
1.39 0 0 0 0
1.39667 0 0 0 0
1.40333 0 0 0 0
1.41 0 0 0 0
1.41667 0 0 0 0
1.42333 0 0 0 0
1.43 0 0 0 0
1.43667 0 0 0 0
1.44333 0 0 0 0
1.45 0 0 0 0
1.45667 0 0 0 0
1.46333 0 0 0 0
1.47 0 0 0 0
1.47667 0 0 0 0
1.48333 0 0 0 0
1.49 0 0 0 0
1.49667 0 0 0 0
1.50333 0 0 0 0
1.51 0 0 0 0
1.51667 0 0 0 0
1.52333 0 0 0 0
1.53 0 0 0 0
1.53667 0 0 0 0
1.54333 0 0 0 0
1.55 0 0 0 0
1.55667 0 0 0 0
1.56333 0 0 0 0
1.57 0 0 0 0
1.57667 0 0 0 0
1.58333 0 0 0 0
1.59 0 0 0 0
1.59667 0 0 0 0
1.60333 0 0 0 0
1.61 0 0 0 0
1.61667 0 0 0 0
1.62333 0 0 0 0
1.63 0 0 0 0
1.63667 0 0 0 0
1.64333 0 0 0 0
1.65 0 0 0 0
1.65667 0 0 0 0
1.66333 0 0 0 0
1.67 0 0 0 0
1.67667 0 0 0 0
1.68333 0 0 0 0
1.69 0 0 0 0
1.69667 0 0 0 0
1.70333 0 0 0 0
1.71 0 0 0 0
1.71667 0 0 0 0
1.72333 0 0 0 0
1.73 0 0 0 0
1.73667 0 0 0 0
1.74333 0 0 0 0
1.75 0 0 0 0
1.75667 0 0 0 0
1.76333 0 0 0 0
1.77 0 0 0 0
1.77667 0 0 0 0
1.78333 0 0 0 0
1.79 0 0 0 0
1.79667 0 0 0 0
1.80333 0 0 0 0
1.81 0 0 0 0
1.81667 0 0 0 0
1.82333 0 0 0 0
1.83 0 0 0 0
1.83667 0 0 0 0
1.84333 0 0 0 0
1.85 0 0 0 0
1.85667 0 0 0 0
1.86333 0 0 0 0
1.87 0 0 0 0
1.87667 0 0 0 0
1.88333 0 0 0 0
1.89 0 0 0 0
1.89667 0 0 0 0
1.90333 0 0 0 0
1.91 0 0 0 0
1.91667 0 0 0 0
1.92333 0 0 0 0
1.93 0 0 0 0
1.93667 0 0 0 0
1.94333 0 0 0 0
1.95 0 0 0 0
1.95667 0 0 0 0
1.96333 0 0 0 0
1.97 0 0 0 0
1.97667 0 0 0 0
1.98333 0 0 0 0
1.99 0 0 0 0
1.99667 0 0 0 0
