0.00333333 51 37 3 0
0.01 39 44 3 2
0.0166667 55 48 3 2
0.0233333 56 56 3 2
0.03 75 52 3 1
0.0366667 75 75 3 0
0.0433333 110 73 3 3
0.05 132 124 6 2
0.0566667 169 127 8 3
0.0633333 187 141 6 4
0.07 169 190 10 2
0.0766667 172 155 9 2
0.0833333 177 161 10 3
0.09 179 174 17 2
0.0966667 177 171 15 1
0.103333 158 157 10 6
0.11 170 168 11 1
0.116667 197 186 9 2
0.123333 183 162 16 1
0.13 144 145 9 6
0.136667 171 139 8 3
0.143333 143 119 9 2
0.15 164 114 6 1
0.156667 126 124 11 2
0.163333 118 124 9 2
0.17 129 120 7 0
0.176667 129 115 11 2
0.183333 135 108 10 2
0.19 131 125 5 0
0.196667 136 116 9 1
0.203333 127 112 3 3
0.21 140 95 7 4
0.216667 98 86 7 0
0.223333 90 109 6 3
0.23 103 88 9 0
0.236667 84 94 10 3
0.243333 86 83 10 2
0.25 98 74 10 3
0.256667 80 71 7 2
0.263333 78 69 3 1
0.27 81 79 6 0
0.276667 70 81 5 4
0.283333 70 78 8 0
0.29 77 73 7 0
0.296667 54 75 3 1
0.303333 83 65 6 0
0.31 68 71 4 1
0.316667 57 64 10 1
0.323333 72 64 3 0
0.33 68 54 3 0
0.336667 54 62 2 0
0.343333 62 55 2 0
0.35 62 49 6 1
0.356667 61 55 2 2
0.363333 65 41 7 0
0.37 58 31 7 0
0.376667 45 58 4 0
0.383333 65 57 3 0
0.39 46 47 2 0
0.396667 44 38 4 2
0.403333 52 46 3 0
0.41 40 46 6 1
0.416667 50 29 3 1
0.423333 49 44 2 0
0.43 40 42 8 0
0.436667 54 37 5 0
0.443333 43 38 5 0
0.45 50 37 4 0
0.456667 54 41 2 0
0.463333 40 35 3 3
0.47 52 46 5 1
0.476667 41 30 4 3
0.483333 34 31 3 1
0.49 41 31 2 1
0.496667 38 29 1 0
0.503333 37 23 4 1
0.51 31 29 5 0
0.516667 41 16 1 0
0.523333 26 15 4 1
0.53 23 26 5 1
0.536667 36 28 3 1
0.543333 24 23 1 0
0.55 27 20 2 2
0.556667 23 21 3 0
0.563333 28 21 3 0
0.57 27 23 3 0
0.576667 21 16 2 0
0.583333 26 22 2 1
0.59 19 26 5 2
0.596667 23 21 2 1
0.603333 22 19 3 1
0.61 20 15 3 2
0.616667 21 26 2 3
0.623333 27 20 2 2
0.63 30 18 4 2
0.636667 26 28 1 3
0.643333 18 21 2 3
0.65 29 18 5 2
0.656667 24 22 3 2
0.663333 1073 959 79 8
0.67 0 0 0 0
0.676667 0 0 0 0
0.683333 0 0 0 0
0.69 0 0 0 0
0.696667 0 0 0 0
0.703333 0 0 0 0
0.71 0 0 0 0
0.716667 0 0 0 0
0.723333 0 0 0 0
0.73 0 0 0 0
0.736667 0 0 0 0
0.743333 0 0 0 0
0.75 0 0 0 0
0.756667 0 0 0 0
0.763333 0 0 0 0
0.77 0 0 0 0
0.776667 0 0 0 0
0.783333 0 0 0 0
0.79 0 0 0 0
0.796667 0 0 0 0
0.803333 0 0 0 0
0.81 0 0 0 0
0.816667 0 0 0 0
0.823333 0 0 0 0
0.83 0 0 0 0
0.836667 0 0 0 0
0.843333 0 0 0 0
0.85 0 0 0 0
0.856667 0 0 0 0
0.863333 0 0 0 0
0.87 0 0 0 0
0.876667 0 0 0 0
0.883333 0 0 0 0
0.89 0 0 0 0
0.896667 0 0 0 0
0.903333 0 0 0 0
0.91 0 0 0 0
0.916667 0 0 0 0
0.923333 0 0 0 0
0.93 0 0 0 0
0.936667 0 0 0 0
0.943333 0 0 0 0
0.95 0 0 0 0
0.956667 0 0 0 0
0.963333 0 0 0 0
0.97 0 0 0 0
0.976667 0 0 0 0
0.983333 0 0 0 0
0.99 0 0 0 0
0.996667 0 0 0 0
1.00333 0 0 0 0
1.01 0 0 0 0
1.01667 0 0 0 0
1.02333 0 0 0 0
1.03 0 0 0 0
1.03667 0 0 0 0
1.04333 0 0 0 0
1.05 0 0 0 0
1.05667 0 0 0 0
1.06333 0 0 0 0
1.07 0 0 0 0
1.07667 0 0 0 0
1.08333 0 0 0 0
1.09 0 0 0 0
1.09667 0 0 0 0
1.10333 0 0 0 0
1.11 0 0 0 0
1.11667 0 0 0 0
1.12333 0 0 0 0
1.13 0 0 0 0
1.13667 0 0 0 0
1.14333 0 0 0 0
1.15 0 0 0 0
1.15667 0 0 0 0
1.16333 0 0 0 0
1.17 0 0 0 0
1.17667 0 0 0 0
1.18333 0 0 0 0
1.19 0 0 0 0
1.19667 0 0 0 0
1.20333 0 0 0 0
1.21 0 0 0 0
1.21667 0 0 0 0
1.22333 0 0 0 0
1.23 0 0 0 0
1.23667 0 0 0 0
1.24333 0 0 0 0
1.25 0 0 0 0
1.25667 0 0 0 0
1.26333 0 0 0 0
1.27 0 0 0 0
1.27667 0 0 0 0
1.28333 0 0 0 0
1.29 0 0 0 0
1.29667 0 0 0 0
1.30333 0 0 0 0
1.31 0 0 0 0
1.31667 0 0 0 0
1.32333 0 0 0 0
1.33 0 0 0 0
1.33667 0 0 0 0
1.34333 0 0 0 0
1.35 0 0 0 0
1.35667 0 0 0 0
1.36333 0 0 0 0
1.37 0 0 0 0
1.37667 0 0 0 0
1.38333 0 0 0 0
1.39 0 0 0 0
1.39667 0 0 0 0
1.40333 0 0 0 0
1.41 0 0 0 0
1.41667 0 0 0 0
1.42333 0 0 0 0
1.43 0 0 0 0
1.43667 0 0 0 0
1.44333 0 0 0 0
1.45 0 0 0 0
1.45667 0 0 0 0
1.46333 0 0 0 0
1.47 0 0 0 0
1.47667 0 0 0 0
1.48333 0 0 0 0
1.49 0 0 0 0
1.49667 0 0 0 0
1.50333 0 0 0 0
1.51 0 0 0 0
1.51667 0 0 0 0
1.52333 0 0 0 0
1.53 0 0 0 0
1.53667 0 0 0 0
1.54333 0 0 0 0
1.55 0 0 0 0
1.55667 0 0 0 0
1.56333 0 0 0 0
1.57 0 0 0 0
1.57667 0 0 0 0
1.58333 0 0 0 0
1.59 0 0 0 0
1.59667 0 0 0 0
1.60333 0 0 0 0
1.61 0 0 0 0
1.61667 0 0 0 0
1.62333 0 0 0 0
1.63 0 0 0 0
1.63667 0 0 0 0
1.64333 0 0 0 0
1.65 0 0 0 0
1.65667 0 0 0 0
1.66333 0 0 0 0
1.67 0 0 0 0
1.67667 0 0 0 0
1.68333 0 0 0 0
1.69 0 0 0 0
1.69667 0 0 0 0
1.70333 0 0 0 0
1.71 0 0 0 0
1.71667 0 0 0 0
1.72333 0 0 0 0
1.73 0 0 0 0
1.73667 0 0 0 0
1.74333 0 0 0 0
1.75 0 0 0 0
1.75667 0 0 0 0
1.76333 0 0 0 0
1.77 0 0 0 0
1.77667 0 0 0 0
1.78333 0 0 0 0
1.79 0 0 0 0
1.79667 0 0 0 0
1.80333 0 0 0 0
1.81 0 0 0 0
1.81667 0 0 0 0
1.82333 0 0 0 0
1.83 0 0 0 0
1.83667 0 0 0 0
1.84333 0 0 0 0
1.85 0 0 0 0
1.85667 0 0 0 0
1.86333 0 0 0 0
1.87 0 0 0 0
1.87667 0 0 0 0
1.88333 0 0 0 0
1.89 0 0 0 0
1.89667 0 0 0 0
1.90333 0 0 0 0
1.91 0 0 0 0
1.91667 0 0 0 0
1.92333 0 0 0 0
1.93 0 0 0 0
1.93667 0 0 0 0
1.94333 0 0 0 0
1.95 0 0 0 0
1.95667 0 0 0 0
1.96333 0 0 0 0
1.97 0 0 0 0
1.97667 0 0 0 0
1.98333 0 0 0 0
1.99 0 0 0 0
1.99667 0 0 0 0
