0.00333333 18 56 3 0
0.01 14 78 9 0
0.0166667 34 74 7 0
0.0233333 24 74 8 1
0.03 22 87 9 3
0.0366667 37 79 10 0
0.0433333 59 140 12 1
0.05 74 147 11 1
0.0566667 80 198 16 1
0.0633333 79 204 17 2
0.07 80 177 23 2
0.0766667 106 194 15 5
0.0833333 105 225 18 2
0.09 101 228 20 5
0.0966667 79 221 25 2
0.103333 116 203 28 5
0.11 90 197 19 0
0.116667 79 223 29 2
0.123333 80 214 24 4
0.13 76 216 23 1
0.136667 64 196 27 2
0.143333 69 172 19 1
0.15 59 195 30 0
0.156667 65 177 23 0
0.163333 58 159 17 2
0.17 52 180 19 2
0.176667 54 176 20 1
0.183333 55 164 20 0
0.19 66 199 23 0
0.196667 58 193 24 1
0.203333 53 170 20 0
0.21 60 187 22 0
0.216667 41 149 20 2
0.223333 49 163 19 2
0.23 51 146 12 1
0.236667 41 162 26 2
0.243333 44 151 10 0
0.25 49 139 12 1
0.256667 44 152 13 1
0.263333 34 136 20 2
0.27 35 116 12 3
0.276667 35 128 22 2
0.283333 32 105 16 1
0.29 47 108 11 2
0.296667 35 113 10 2
0.303333 35 104 10 4
0.31 35 95 12 0
0.316667 28 79 12 1
0.323333 45 87 15 0
0.33 26 100 10 1
0.336667 31 87 12 0
0.343333 36 87 9 0
0.35 22 88 13 3
0.356667 21 89 7 0
0.363333 29 83 5 3
0.37 32 81 13 0
0.376667 35 89 5 3
0.383333 37 68 7 2
0.39 21 74 8 1
0.396667 24 80 16 3
0.403333 30 80 8 1
0.41 41 76 14 0
0.416667 22 82 16 2
0.423333 23 63 10 0
0.43 17 56 5 0
0.436667 28 87 12 2
0.443333 18 73 10 0
0.45 32 66 8 1
0.456667 22 87 6 0
0.463333 25 67 7 1
0.47 26 68 8 1
0.476667 22 50 7 0
0.483333 25 33 8 1
0.49 17 44 4 0
0.496667 25 43 3 0
0.503333 22 51 9 3
0.51 18 45 12 2
0.516667 16 43 3 0
0.523333 11 31 4 1
0.53 14 32 5 0
0.536667 20 46 7 4
0.543333 13 36 6 0
0.55 9 34 1 0
0.556667 12 33 6 0
0.563333 14 38 5 1
0.57 13 32 4 0
0.576667 11 39 4 1
0.583333 17 35 3 1
0.59 9 32 5 1
0.596667 16 35 4 0
0.603333 8 38 8 0
0.61 12 34 4 0
0.616667 9 33 6 1
0.623333 17 23 5 0
0.63 14 42 4 1
0.636667 13 31 3 0
0.643333 10 24 6 3
0.65 15 23 5 2
0.656667 10 29 1 0
0.663333 447 2187 282 6
0.67 0 0 0 0
0.676667 0 0 0 0
0.683333 0 0 0 0
0.69 0 0 0 0
0.696667 0 0 0 0
0.703333 0 0 0 0
0.71 0 0 0 0
0.716667 0 0 0 0
0.723333 0 0 0 0
0.73 0 0 0 0
0.736667 0 0 0 0
0.743333 0 0 0 0
0.75 0 0 0 0
0.756667 0 0 0 0
0.763333 0 0 0 0
0.77 0 0 0 0
0.776667 0 0 0 0
0.783333 0 0 0 0
0.79 0 0 0 0
0.796667 0 0 0 0
0.803333 0 0 0 0
0.81 0 0 0 0
0.816667 0 0 0 0
0.823333 0 0 0 0
0.83 0 0 0 0
0.836667 0 0 0 0
0.843333 0 0 0 0
0.85 0 0 0 0
0.856667 0 0 0 0
0.863333 0 0 0 0
0.87 0 0 0 0
0.876667 0 0 0 0
0.883333 0 0 0 0
0.89 0 0 0 0
0.896667 0 0 0 0
0.903333 0 0 0 0
0.91 0 0 0 0
0.916667 0 0 0 0
0.923333 0 0 0 0
0.93 0 0 0 0
0.936667 0 0 0 0
0.943333 0 0 0 0
0.95 0 0 0 0
0.956667 0 0 0 0
0.963333 0 0 0 0
0.97 0 0 0 0
0.976667 0 0 0 0
0.983333 0 0 0 0
0.99 0 0 0 0
0.996667 0 0 0 0
1.00333 0 0 0 0
1.01 0 0 0 0
1.01667 0 0 0 0
1.02333 0 0 0 0
1.03 0 0 0 0
1.03667 0 0 0 0
1.04333 0 0 0 0
1.05 0 0 0 0
1.05667 0 0 0 0
1.06333 0 0 0 0
1.07 0 0 0 0
1.07667 0 0 0 0
1.08333 0 0 0 0
1.09 0 0 0 0
1.09667 0 0 0 0
1.10333 0 0 0 0
1.11 0 0 0 0
1.11667 0 0 0 0
1.12333 0 0 0 0
1.13 0 0 0 0
1.13667 0 0 0 0
1.14333 0 0 0 0
1.15 0 0 0 0
1.15667 0 0 0 0
1.16333 0 0 0 0
1.17 0 0 0 0
1.17667 0 0 0 0
1.18333 0 0 0 0
1.19 0 0 0 0
1.19667 0 0 0 0
1.20333 0 0 0 0
1.21 0 0 0 0
1.21667 0 0 0 0
1.22333 0 0 0 0
1.23 0 0 0 0
1.23667 0 0 0 0
1.24333 0 0 0 0
1.25 0 0 0 0
1.25667 0 0 0 0
1.26333 0 0 0 0
1.27 0 0 0 0
1.27667 0 0 0 0
1.28333 0 0 0 0
1.29 0 0 0 0
1.29667 0 0 0 0
1.30333 0 0 0 0
1.31 0 0 0 0
1.31667 0 0 0 0
1.32333 0 0 0 0
1.33 0 0 0 0
1.33667 0 0 0 0
1.34333 0 0 0 0
1.35 0 0 0 0
1.35667 0 0 0 0
1.36333 0 0 0 0
1.37 0 0 0 0
1.37667 0 0 0 0
1.38333 0 0 0 0
1.39 0 0 0 0
1.39667 0 0 0 0
1.40333 0 0 0 0
1.41 0 0 0 0
1.41667 0 0 0 0
1.42333 0 0 0 0
1.43 0 0 0 0
1.43667 0 0 0 0
1.44333 0 0 0 0
1.45 0 0 0 0
1.45667 0 0 0 0
1.46333 0 0 0 0
1.47 0 0 0 0
1.47667 0 0 0 0
1.48333 0 0 0 0
1.49 0 0 0 0
1.49667 0 0 0 0
1.50333 0 0 0 0
1.51 0 0 0 0
1.51667 0 0 0 0
1.52333 0 0 0 0
1.53 0 0 0 0
1.53667 0 0 0 0
1.54333 0 0 0 0
1.55 0 0 0 0
1.55667 0 0 0 0
1.56333 0 0 0 0
1.57 0 0 0 0
1.57667 0 0 0 0
1.58333 0 0 0 0
1.59 0 0 0 0
1.59667 0 0 0 0
1.60333 0 0 0 0
1.61 0 0 0 0
1.61667 0 0 0 0
1.62333 0 0 0 0
1.63 0 0 0 0
1.63667 0 0 0 0
1.64333 0 0 0 0
1.65 0 0 0 0
1.65667 0 0 0 0
1.66333 0 0 0 0
1.67 0 0 0 0
1.67667 0 0 0 0
1.68333 0 0 0 0
1.69 0 0 0 0
1.69667 0 0 0 0
1.70333 0 0 0 0
1.71 0 0 0 0
1.71667 0 0 0 0
1.72333 0 0 0 0
1.73 0 0 0 0
1.73667 0 0 0 0
1.74333 0 0 0 0
1.75 0 0 0 0
1.75667 0 0 0 0
1.76333 0 0 0 0
1.77 0 0 0 0
1.77667 0 0 0 0
1.78333 0 0 0 0
1.79 0 0 0 0
1.79667 0 0 0 0
1.80333 0 0 0 0
1.81 0 0 0 0
1.81667 0 0 0 0
1.82333 0 0 0 0
1.83 0 0 0 0
1.83667 0 0 0 0
1.84333 0 0 0 0
1.85 0 0 0 0
1.85667 0 0 0 0
1.86333 0 0 0 0
1.87 0 0 0 0
1.87667 0 0 0 0
1.88333 0 0 0 0
1.89 0 0 0 0
1.89667 0 0 0 0
1.90333 0 0 0 0
1.91 0 0 0 0
1.91667 0 0 0 0
1.92333 0 0 0 0
1.93 0 0 0 0
1.93667 0 0 0 0
1.94333 0 0 0 0
1.95 0 0 0 0
1.95667 0 0 0 0
1.96333 0 0 0 0
1.97 0 0 0 0
1.97667 0 0 0 0
1.98333 0 0 0 0
1.99 0 0 0 0
1.99667 0 0 0 0
