0.00333333 0 7 40 24
0.01 2 8 57 32
0.0166667 5 6 60 27
0.0233333 2 10 57 34
0.03 1 7 69 38
0.0366667 1 12 67 46
0.0433333 3 17 101 58
0.05 4 13 132 71
0.0566667 4 14 160 80
0.0633333 6 17 159 79
0.07 5 13 214 98
0.0766667 4 14 189 92
0.0833333 6 23 201 82
0.09 4 20 184 90
0.0966667 6 20 179 82
0.103333 3 19 206 77
0.11 11 13 201 79
0.116667 3 16 198 85
0.123333 5 14 170 85
0.13 3 15 202 84
0.136667 7 10 194 91
0.143333 11 7 179 92
0.15 5 14 143 73
0.156667 5 13 158 54
0.163333 2 12 144 67
0.17 6 14 154 61
0.176667 6 17 143 58
0.183333 2 6 145 69
0.19 3 15 172 93
0.196667 8 13 136 76
0.203333 4 19 141 73
0.21 9 11 122 83
0.216667 4 7 119 74
0.223333 8 7 107 68
0.23 2 12 125 60
0.236667 2 9 115 61
0.243333 3 8 116 58
0.25 3 5 101 48
0.256667 7 9 107 47
0.263333 1 8 110 47
0.27 3 8 86 39
0.276667 8 12 87 56
0.283333 1 6 93 37
0.29 5 5 83 51
0.296667 2 8 86 34
0.303333 2 10 78 39
0.31 2 3 75 44
0.316667 2 4 64 48
0.323333 4 8 83 47
0.33 2 6 68 27
0.336667 4 4 74 33
0.343333 1 7 66 41
0.35 1 5 81 38
0.356667 2 5 71 29
0.363333 1 7 66 28
0.37 2 3 59 32
0.376667 1 9 53 27
0.383333 5 6 75 31
0.39 1 4 64 23
0.396667 3 10 72 30
0.403333 0 5 70 40
0.41 2 6 47 20
0.416667 2 5 58 34
0.423333 3 8 65 25
0.43 3 3 64 24
0.436667 1 4 57 26
0.443333 6 3 60 30
0.45 2 7 51 29
0.456667 2 6 67 22
0.463333 3 5 49 30
0.47 3 7 60 41
0.476667 3 3 59 35
0.483333 0 2 45 17
0.49 1 3 35 25
0.496667 2 3 40 21
0.503333 2 6 35 14
0.51 1 4 41 20
0.516667 1 4 36 16
0.523333 1 4 37 15
0.53 2 2 35 18
0.536667 3 4 24 14
0.543333 0 4 27 12
0.55 1 4 31 6
0.556667 3 3 33 13
0.563333 0 4 29 20
0.57 3 2 30 17
0.576667 1 2 25 10
0.583333 2 1 25 15
0.59 0 3 29 14
0.596667 3 1 24 22
0.603333 1 0 25 16
0.61 1 2 34 16
0.616667 1 2 17 17
0.623333 2 6 26 16
0.63 0 2 30 14
0.636667 2 5 25 19
0.643333 0 6 19 9
0.65 0 2 31 18
0.656667 1 7 24 13
0.663333 32 61 1555 670
0.67 0 0 0 0
0.676667 0 0 0 0
0.683333 0 0 0 0
0.69 0 0 0 0
0.696667 0 0 0 0
0.703333 0 0 0 0
0.71 0 0 0 0
0.716667 0 0 0 0
0.723333 0 0 0 0
0.73 0 0 0 0
0.736667 0 0 0 0
0.743333 0 0 0 0
0.75 0 0 0 0
0.756667 0 0 0 0
0.763333 0 0 0 0
0.77 0 0 0 0
0.776667 0 0 0 0
0.783333 0 0 0 0
0.79 0 0 0 0
0.796667 0 0 0 0
0.803333 0 0 0 0
0.81 0 0 0 0
0.816667 0 0 0 0
0.823333 0 0 0 0
0.83 0 0 0 0
0.836667 0 0 0 0
0.843333 0 0 0 0
0.85 0 0 0 0
0.856667 0 0 0 0
0.863333 0 0 0 0
0.87 0 0 0 0
0.876667 0 0 0 0
0.883333 0 0 0 0
0.89 0 0 0 0
0.896667 0 0 0 0
0.903333 0 0 0 0
0.91 0 0 0 0
0.916667 0 0 0 0
0.923333 0 0 0 0
0.93 0 0 0 0
0.936667 0 0 0 0
0.943333 0 0 0 0
0.95 0 0 0 0
0.956667 0 0 0 0
0.963333 0 0 0 0
0.97 0 0 0 0
0.976667 0 0 0 0
0.983333 0 0 0 0
0.99 0 0 0 0
0.996667 0 0 0 0
1.00333 0 0 0 0
1.01 0 0 0 0
1.01667 0 0 0 0
1.02333 0 0 0 0
1.03 0 0 0 0
1.03667 0 0 0 0
1.04333 0 0 0 0
1.05 0 0 0 0
1.05667 0 0 0 0
1.06333 0 0 0 0
1.07 0 0 0 0
1.07667 0 0 0 0
1.08333 0 0 0 0
1.09 0 0 0 0
1.09667 0 0 0 0
1.10333 0 0 0 0
1.11 0 0 0 0
1.11667 0 0 0 0
1.12333 0 0 0 0
1.13 0 0 0 0
1.13667 0 0 0 0
1.14333 0 0 0 0
1.15 0 0 0 0
1.15667 0 0 0 0
1.16333 0 0 0 0
1.17 0 0 0 0
1.17667 0 0 0 0
1.18333 0 0 0 0
1.19 0 0 0 0
1.19667 0 0 0 0
1.20333 0 0 0 0
1.21 0 0 0 0
1.21667 0 0 0 0
1.22333 0 0 0 0
1.23 0 0 0 0
1.23667 0 0 0 0
1.24333 0 0 0 0
1.25 0 0 0 0
1.25667 0 0 0 0
1.26333 0 0 0 0
1.27 0 0 0 0
1.27667 0 0 0 0
1.28333 0 0 0 0
1.29 0 0 0 0
1.29667 0 0 0 0
1.30333 0 0 0 0
1.31 0 0 0 0
1.31667 0 0 0 0
1.32333 0 0 0 0
1.33 0 0 0 0
1.33667 0 0 0 0
1.34333 0 0 0 0
1.35 0 0 0 0
1.35667 0 0 0 0
1.36333 0 0 0 0
1.37 0 0 0 0
1.37667 0 0 0 0
1.38333 0 0 0 0
1.39 0 0 0 0
1.39667 0 0 0 0
1.40333 0 0 0 0
1.41 0 0 0 0
1.41667 0 0 0 0
1.42333 0 0 0 0
1.43 0 0 0 0
1.43667 0 0 0 0
1.44333 0 0 0 0
1.45 0 0 0 0
1.45667 0 0 0 0
1.46333 0 0 0 0
1.47 0 0 0 0
1.47667 0 0 0 0
1.48333 0 0 0 0
1.49 0 0 0 0
1.49667 0 0 0 0
1.50333 0 0 0 0
1.51 0 0 0 0
1.51667 0 0 0 0
1.52333 0 0 0 0
1.53 0 0 0 0
1.53667 0 0 0 0
1.54333 0 0 0 0
1.55 0 0 0 0
1.55667 0 0 0 0
1.56333 0 0 0 0
1.57 0 0 0 0
1.57667 0 0 0 0
1.58333 0 0 0 0
1.59 0 0 0 0
1.59667 0 0 0 0
1.60333 0 0 0 0
1.61 0 0 0 0
1.61667 0 0 0 0
1.62333 0 0 0 0
1.63 0 0 0 0
1.63667 0 0 0 0
1.64333 0 0 0 0
1.65 0 0 0 0
1.65667 0 0 0 0
1.66333 0 0 0 0
1.67 0 0 0 0
1.67667 0 0 0 0
1.68333 0 0 0 0
1.69 0 0 0 0
1.69667 0 0 0 0
1.70333 0 0 0 0
1.71 0 0 0 0
1.71667 0 0 0 0
1.72333 0 0 0 0
1.73 0 0 0 0
1.73667 0 0 0 0
1.74333 0 0 0 0
1.75 0 0 0 0
1.75667 0 0 0 0
1.76333 0 0 0 0
1.77 0 0 0 0
1.77667 0 0 0 0
1.78333 0 0 0 0
1.79 0 0 0 0
1.79667 0 0 0 0
1.80333 0 0 0 0
1.81 0 0 0 0
1.81667 0 0 0 0
1.82333 0 0 0 0
1.83 0 0 0 0
1.83667 0 0 0 0
1.84333 0 0 0 0
1.85 0 0 0 0
1.85667 0 0 0 0
1.86333 0 0 0 0
1.87 0 0 0 0
1.87667 0 0 0 0
1.88333 0 0 0 0
1.89 0 0 0 0
1.89667 0 0 0 0
1.90333 0 0 0 0
1.91 0 0 0 0
1.91667 0 0 0 0
1.92333 0 0 0 0
1.93 0 0 0 0
1.93667 0 0 0 0
1.94333 0 0 0 0
1.95 0 0 0 0
1.95667 0 0 0 0
1.96333 0 0 0 0
1.97 0 0 0 0
1.97667 0 0 0 0
1.98333 0 0 0 0
1.99 0 0 0 0
1.99667 0 0 0 0
