0.00333333 23 57 12 0
0.01 28 85 7 1
0.0166667 30 79 7 1
0.0233333 26 93 7 1
0.03 33 99 9 1
0.0366667 54 107 5 0
0.0433333 60 168 14 0
0.05 67 192 14 3
0.0566667 96 225 24 3
0.0633333 106 266 16 5
0.07 111 240 22 5
0.0766667 130 244 22 1
0.0833333 114 287 24 5
0.09 121 263 22 3
0.0966667 109 280 14 2
0.103333 122 268 13 7
0.11 110 257 22 2
0.116667 89 286 21 7
0.123333 89 293 20 2
0.13 90 251 30 4
0.136667 91 248 12 3
0.143333 98 232 16 2
0.15 71 230 22 2
0.156667 63 239 23 6
0.163333 78 207 23 2
0.17 69 237 19 1
0.176667 68 230 22 3
0.183333 66 229 16 1
0.19 72 239 22 1
0.196667 66 247 15 2
0.203333 60 238 20 6
0.21 70 216 9 0
0.216667 57 197 12 4
0.223333 65 189 19 1
0.23 48 185 10 1
0.236667 63 201 17 0
0.243333 63 149 15 1
0.25 58 162 16 0
0.256667 39 156 13 2
0.263333 56 154 6 2
0.27 36 141 8 1
0.276667 59 164 17 3
0.283333 38 137 11 2
0.29 48 123 13 0
0.296667 42 157 7 2
0.303333 59 135 10 4
0.31 31 127 19 0
0.316667 37 102 12 0
0.323333 48 107 11 1
0.33 41 105 13 1
0.336667 27 115 13 1
0.343333 42 84 6 2
0.35 31 92 8 2
0.356667 24 117 8 1
0.363333 29 102 5 1
0.37 38 95 8 0
0.376667 25 101 11 3
0.383333 29 87 11 3
0.39 18 98 10 2
0.396667 29 84 5 3
0.403333 33 102 6 1
0.41 36 93 11 1
0.416667 30 79 17 2
0.423333 30 83 11 1
0.43 29 80 9 1
0.436667 23 88 13 1
0.443333 33 79 4 1
0.45 23 85 10 1
0.456667 23 81 10 1
0.463333 26 80 8 2
0.47 18 86 11 1
0.476667 24 61 9 1
0.483333 18 39 2 1
0.49 24 57 4 2
0.496667 21 39 4 0
0.503333 15 56 9 3
0.51 20 43 8 0
0.516667 26 46 2 0
0.523333 18 46 5 2
0.53 17 35 6 0
0.536667 17 48 5 2
0.543333 16 45 5 0
0.55 15 41 3 1
0.556667 14 47 5 1
0.563333 12 39 5 1
0.57 15 39 5 0
0.576667 9 45 3 1
0.583333 14 35 4 1
0.59 16 37 8 0
0.596667 15 37 7 1
0.603333 15 45 5 0
0.61 12 37 4 0
0.616667 5 37 3 1
0.623333 11 29 8 0
0.63 18 32 4 1
0.636667 9 42 2 0
0.643333 14 30 8 2
0.65 11 33 4 1
0.656667 13 27 3 0
0.663333 531 2604 188 10
0.67 0 0 0 0
0.676667 0 0 0 0
0.683333 0 0 0 0
0.69 0 0 0 0
0.696667 0 0 0 0
0.703333 0 0 0 0
0.71 0 0 0 0
0.716667 0 0 0 0
0.723333 0 0 0 0
0.73 0 0 0 0
0.736667 0 0 0 0
0.743333 0 0 0 0
0.75 0 0 0 0
0.756667 0 0 0 0
0.763333 0 0 0 0
0.77 0 0 0 0
0.776667 0 0 0 0
0.783333 0 0 0 0
0.79 0 0 0 0
0.796667 0 0 0 0
0.803333 0 0 0 0
0.81 0 0 0 0
0.816667 0 0 0 0
0.823333 0 0 0 0
0.83 0 0 0 0
0.836667 0 0 0 0
0.843333 0 0 0 0
0.85 0 0 0 0
0.856667 0 0 0 0
0.863333 0 0 0 0
0.87 0 0 0 0
0.876667 0 0 0 0
0.883333 0 0 0 0
0.89 0 0 0 0
0.896667 0 0 0 0
0.903333 0 0 0 0
0.91 0 0 0 0
0.916667 0 0 0 0
0.923333 0 0 0 0
0.93 0 0 0 0
0.936667 0 0 0 0
0.943333 0 0 0 0
0.95 0 0 0 0
0.956667 0 0 0 0
0.963333 0 0 0 0
0.97 0 0 0 0
0.976667 0 0 0 0
0.983333 0 0 0 0
0.99 0 0 0 0
0.996667 0 0 0 0
1.00333 0 0 0 0
1.01 0 0 0 0
1.01667 0 0 0 0
1.02333 0 0 0 0
1.03 0 0 0 0
1.03667 0 0 0 0
1.04333 0 0 0 0
1.05 0 0 0 0
1.05667 0 0 0 0
1.06333 0 0 0 0
1.07 0 0 0 0
1.07667 0 0 0 0
1.08333 0 0 0 0
1.09 0 0 0 0
1.09667 0 0 0 0
1.10333 0 0 0 0
1.11 0 0 0 0
1.11667 0 0 0 0
1.12333 0 0 0 0
1.13 0 0 0 0
1.13667 0 0 0 0
1.14333 0 0 0 0
1.15 0 0 0 0
1.15667 0 0 0 0
1.16333 0 0 0 0
1.17 0 0 0 0
1.17667 0 0 0 0
1.18333 0 0 0 0
1.19 0 0 0 0
1.19667 0 0 0 0
1.20333 0 0 0 0
1.21 0 0 0 0
1.21667 0 0 0 0
1.22333 0 0 0 0
1.23 0 0 0 0
1.23667 0 0 0 0
1.24333 0 0 0 0
1.25 0 0 0 0
1.25667 0 0 0 0
1.26333 0 0 0 0
1.27 0 0 0 0
1.27667 0 0 0 0
1.28333 0 0 0 0
1.29 0 0 0 0
1.29667 0 0 0 0
1.30333 0 0 0 0
1.31 0 0 0 0
1.31667 0 0 0 0
1.32333 0 0 0 0
1.33 0 0 0 0
1.33667 0 0 0 0
1.34333 0 0 0 0
1.35 0 0 0 0
1.35667 0 0 0 0
1.36333 0 0 0 0
1.37 0 0 0 0
1.37667 0 0 0 0
1.38333 0 0 0 0
1.39 0 0 0 0
1.39667 0 0 0 0
1.40333 0 0 0 0
1.41 0 0 0 0
1.41667 0 0 0 0
1.42333 0 0 0 0
1.43 0 0 0 0
1.43667 0 0 0 0
1.44333 0 0 0 0
1.45 0 0 0 0
1.45667 0 0 0 0
1.46333 0 0 0 0
1.47 0 0 0 0
1.47667 0 0 0 0
1.48333 0 0 0 0
1.49 0 0 0 0
1.49667 0 0 0 0
1.50333 0 0 0 0
1.51 0 0 0 0
1.51667 0 0 0 0
1.52333 0 0 0 0
1.53 0 0 0 0
1.53667 0 0 0 0
1.54333 0 0 0 0
1.55 0 0 0 0
1.55667 0 0 0 0
1.56333 0 0 0 0
1.57 0 0 0 0
1.57667 0 0 0 0
1.58333 0 0 0 0
1.59 0 0 0 0
1.59667 0 0 0 0
1.60333 0 0 0 0
1.61 0 0 0 0
1.61667 0 0 0 0
1.62333 0 0 0 0
1.63 0 0 0 0
1.63667 0 0 0 0
1.64333 0 0 0 0
1.65 0 0 0 0
1.65667 0 0 0 0
1.66333 0 0 0 0
1.67 0 0 0 0
1.67667 0 0 0 0
1.68333 0 0 0 0
1.69 0 0 0 0
1.69667 0 0 0 0
1.70333 0 0 0 0
1.71 0 0 0 0
1.71667 0 0 0 0
1.72333 0 0 0 0
1.73 0 0 0 0
1.73667 0 0 0 0
1.74333 0 0 0 0
1.75 0 0 0 0
1.75667 0 0 0 0
1.76333 0 0 0 0
1.77 0 0 0 0
1.77667 0 0 0 0
1.78333 0 0 0 0
1.79 0 0 0 0
1.79667 0 0 0 0
1.80333 0 0 0 0
1.81 0 0 0 0
1.81667 0 0 0 0
1.82333 0 0 0 0
1.83 0 0 0 0
1.83667 0 0 0 0
1.84333 0 0 0 0
1.85 0 0 0 0
1.85667 0 0 0 0
1.86333 0 0 0 0
1.87 0 0 0 0
1.87667 0 0 0 0
1.88333 0 0 0 0
1.89 0 0 0 0
1.89667 0 0 0 0
1.90333 0 0 0 0
1.91 0 0 0 0
1.91667 0 0 0 0
1.92333 0 0 0 0
1.93 0 0 0 0
1.93667 0 0 0 0
1.94333 0 0 0 0
1.95 0 0 0 0
1.95667 0 0 0 0
1.96333 0 0 0 0
1.97 0 0 0 0
1.97667 0 0 0 0
1.98333 0 0 0 0
1.99 0 0 0 0
1.99667 0 0 0 0
