0.00333333 14 7 8 14
0.01 16 10 12 17
0.0166667 15 10 11 16
0.0233333 16 9 6 21
0.03 16 14 12 15
0.0366667 23 9 17 17
0.0433333 30 26 22 21
0.05 18 23 30 23
0.0566667 19 25 37 34
0.0633333 20 29 41 22
0.07 23 43 34 23
0.0766667 18 38 34 30
0.0833333 28 22 42 28
0.09 16 35 33 30
0.0966667 26 45 34 24
0.103333 18 33 35 17
0.11 35 27 37 28
0.116667 26 45 31 26
0.123333 39 29 31 33
0.13 20 39 35 30
0.136667 37 22 29 39
0.143333 25 21 19 27
0.15 19 20 17 33
0.156667 26 33 25 28
0.163333 28 30 20 27
0.17 32 27 25 29
0.176667 31 20 22 32
0.183333 30 17 19 46
0.19 46 19 18 53
0.196667 45 24 21 40
0.203333 26 21 16 44
0.21 24 19 26 41
0.216667 36 22 15 34
0.223333 30 20 26 42
0.23 27 18 22 25
0.236667 23 26 17 21
0.243333 22 18 23 28
0.25 27 18 14 30
0.256667 29 17 26 24
0.263333 29 10 20 27
0.27 31 16 8 31
0.276667 19 20 18 29
0.283333 22 21 13 22
0.29 18 17 11 21
0.296667 17 13 18 22
0.303333 24 21 16 23
0.31 26 10 13 29
0.316667 26 19 18 37
0.323333 20 17 13 23
0.33 29 18 21 23
0.336667 19 16 16 23
0.343333 17 11 22 23
0.35 22 14 16 19
0.356667 19 9 14 32
0.363333 17 15 12 21
0.37 15 16 13 22
0.376667 21 12 14 24
0.383333 15 10 13 19
0.39 21 10 16 36
0.396667 25 14 12 22
0.403333 13 12 12 24
0.41 18 13 9 23
0.416667 18 11 10 22
0.423333 14 8 9 23
0.43 22 9 12 20
0.436667 18 8 11 25
0.443333 19 7 9 27
0.45 30 6 19 26
0.456667 14 13 7 27
0.463333 19 12 15 27
0.47 16 10 12 25
0.476667 13 7 9 20
0.483333 7 7 6 11
0.49 9 10 4 11
0.496667 11 5 10 13
0.503333 11 11 14 7
0.51 4 13 10 13
0.516667 8 5 5 7
0.523333 6 8 6 7
0.53 5 7 11 6
0.536667 7 3 10 7
0.543333 8 7 5 4
0.55 5 3 5 8
0.556667 10 8 9 8
0.563333 4 7 16 4
0.57 5 4 6 6
0.576667 4 7 7 6
0.583333 5 5 11 4
0.59 4 12 7 5
0.596667 1 4 5 7
0.603333 3 14 10 5
0.61 3 8 4 4
0.616667 2 5 5 3
0.623333 6 6 7 5
0.63 0 9 2 7
0.636667 8 6 4 2
0.643333 3 3 6 6
0.65 1 10 7 3
0.656667 1 10 1 2
0.663333 1033 201 189 1176
0.67 0 0 0 0
0.676667 0 0 0 0
0.683333 0 0 0 0
0.69 0 0 0 0
0.696667 0 0 0 0
0.703333 0 0 0 0
0.71 0 0 0 0
0.716667 0 0 0 0
0.723333 0 0 0 0
0.73 0 0 0 0
0.736667 0 0 0 0
0.743333 0 0 0 0
0.75 0 0 0 0
0.756667 0 0 0 0
0.763333 0 0 0 0
0.77 0 0 0 0
0.776667 0 0 0 0
0.783333 0 0 0 0
0.79 0 0 0 0
0.796667 0 0 0 0
0.803333 0 0 0 0
0.81 0 0 0 0
0.816667 0 0 0 0
0.823333 0 0 0 0
0.83 0 0 0 0
0.836667 0 0 0 0
0.843333 0 0 0 0
0.85 0 0 0 0
0.856667 0 0 0 0
0.863333 0 0 0 0
0.87 0 0 0 0
0.876667 0 0 0 0
0.883333 0 0 0 0
0.89 0 0 0 0
0.896667 0 0 0 0
0.903333 0 0 0 0
0.91 0 0 0 0
0.916667 0 0 0 0
0.923333 0 0 0 0
0.93 0 0 0 0
0.936667 0 0 0 0
0.943333 0 0 0 0
0.95 0 0 0 0
0.956667 0 0 0 0
0.963333 0 0 0 0
0.97 0 0 0 0
0.976667 0 0 0 0
0.983333 0 0 0 0
0.99 0 0 0 0
0.996667 0 0 0 0
1.00333 0 0 0 0
1.01 0 0 0 0
1.01667 0 0 0 0
1.02333 0 0 0 0
1.03 0 0 0 0
1.03667 0 0 0 0
1.04333 0 0 0 0
1.05 0 0 0 0
1.05667 0 0 0 0
1.06333 0 0 0 0
1.07 0 0 0 0
1.07667 0 0 0 0
1.08333 0 0 0 0
1.09 0 0 0 0
1.09667 0 0 0 0
1.10333 0 0 0 0
1.11 0 0 0 0
1.11667 0 0 0 0
1.12333 0 0 0 0
1.13 0 0 0 0
1.13667 0 0 0 0
1.14333 0 0 0 0
1.15 0 0 0 0
1.15667 0 0 0 0
1.16333 0 0 0 0
1.17 0 0 0 0
1.17667 0 0 0 0
1.18333 0 0 0 0
1.19 0 0 0 0
1.19667 0 0 0 0
1.20333 0 0 0 0
1.21 0 0 0 0
1.21667 0 0 0 0
1.22333 0 0 0 0
1.23 0 0 0 0
1.23667 0 0 0 0
1.24333 0 0 0 0
1.25 0 0 0 0
1.25667 0 0 0 0
1.26333 0 0 0 0
1.27 0 0 0 0
1.27667 0 0 0 0
1.28333 0 0 0 0
1.29 0 0 0 0
1.29667 0 0 0 0
1.30333 0 0 0 0
1.31 0 0 0 0
1.31667 0 0 0 0
1.32333 0 0 0 0
1.33 0 0 0 0
1.33667 0 0 0 0
1.34333 0 0 0 0
1.35 0 0 0 0
1.35667 0 0 0 0
1.36333 0 0 0 0
1.37 0 0 0 0
1.37667 0 0 0 0
1.38333 0 0 0 0
1.39 0 0 0 0
1.39667 0 0 0 0
1.40333 0 0 0 0
1.41 0 0 0 0
1.41667 0 0 0 0
1.42333 0 0 0 0
1.43 0 0 0 0
1.43667 0 0 0 0
1.44333 0 0 0 0
1.45 0 0 0 0
1.45667 0 0 0 0
1.46333 0 0 0 0
1.47 0 0 0 0
1.47667 0 0 0 0
1.48333 0 0 0 0
1.49 0 0 0 0
1.49667 0 0 0 0
1.50333 0 0 0 0
1.51 0 0 0 0
1.51667 0 0 0 0
1.52333 0 0 0 0
1.53 0 0 0 0
1.53667 0 0 0 0
1.54333 0 0 0 0
1.55 0 0 0 0
1.55667 0 0 0 0
1.56333 0 0 0 0
1.57 0 0 0 0
1.57667 0 0 0 0
1.58333 0 0 0 0
1.59 0 0 0 0
1.59667 0 0 0 0
1.60333 0 0 0 0
1.61 0 0 0 0
1.61667 0 0 0 0
1.62333 0 0 0 0
1.63 0 0 0 0
1.63667 0 0 0 0
1.64333 0 0 0 0
1.65 0 0 0 0
1.65667 0 0 0 0
1.66333 0 0 0 0
1.67 0 0 0 0
1.67667 0 0 0 0
1.68333 0 0 0 0
1.69 0 0 0 0
1.69667 0 0 0 0
1.70333 0 0 0 0
1.71 0 0 0 0
1.71667 0 0 0 0
1.72333 0 0 0 0
1.73 0 0 0 0
1.73667 0 0 0 0
1.74333 0 0 0 0
1.75 0 0 0 0
1.75667 0 0 0 0
1.76333 0 0 0 0
1.77 0 0 0 0
1.77667 0 0 0 0
1.78333 0 0 0 0
1.79 0 0 0 0
1.79667 0 0 0 0
1.80333 0 0 0 0
1.81 0 0 0 0
1.81667 0 0 0 0
1.82333 0 0 0 0
1.83 0 0 0 0
1.83667 0 0 0 0
1.84333 0 0 0 0
1.85 0 0 0 0
1.85667 0 0 0 0
1.86333 0 0 0 0
1.87 0 0 0 0
1.87667 0 0 0 0
1.88333 0 0 0 0
1.89 0 0 0 0
1.89667 0 0 0 0
1.90333 0 0 0 0
1.91 0 0 0 0
1.91667 0 0 0 0
1.92333 0 0 0 0
1.93 0 0 0 0
1.93667 0 0 0 0
1.94333 0 0 0 0
1.95 0 0 0 0
1.95667 0 0 0 0
1.96333 0 0 0 0
1.97 0 0 0 0
1.97667 0 0 0 0
1.98333 0 0 0 0
1.99 0 0 0 0
1.99667 0 0 0 0
