0.00333333 4 4 13 23
0.01 5 8 20 37
0.0166667 11 7 17 31
0.0233333 9 8 25 34
0.03 5 9 32 32
0.0366667 9 11 33 35
0.0433333 11 9 53 47
0.05 7 15 82 50
0.0566667 9 17 88 46
0.0633333 9 24 77 65
0.07 18 27 93 64
0.0766667 10 27 89 64
0.0833333 15 26 87 74
0.09 15 25 83 67
0.0966667 20 22 71 67
0.103333 12 28 86 77
0.11 11 17 84 68
0.116667 15 26 83 84
0.123333 13 26 84 75
0.13 13 23 69 91
0.136667 14 15 62 78
0.143333 10 19 69 73
0.15 16 16 50 63
0.156667 14 18 61 82
0.163333 11 21 58 74
0.17 14 16 55 62
0.176667 6 18 55 71
0.183333 11 18 58 82
0.19 15 17 59 94
0.196667 17 20 55 68
0.203333 12 20 42 86
0.21 15 14 41 81
0.216667 13 22 41 82
0.223333 13 14 40 70
0.23 9 15 41 55
0.236667 10 16 53 46
0.243333 15 18 44 58
0.25 10 10 36 58
0.256667 4 13 36 55
0.263333 11 10 49 50
0.27 7 14 30 51
0.276667 10 21 38 45
0.283333 5 7 41 51
0.29 10 11 44 54
0.296667 11 15 44 49
0.303333 12 13 25 54
0.31 12 13 49 47
0.316667 12 13 27 36
0.323333 12 11 30 45
0.33 10 7 32 38
0.336667 8 6 26 48
0.343333 7 6 21 45
0.35 8 8 21 39
0.356667 7 7 30 41
0.363333 12 10 29 36
0.37 5 6 31 34
0.376667 6 8 33 31
0.383333 8 4 26 48
0.39 5 4 25 41
0.396667 2 5 20 39
0.403333 7 6 31 34
0.41 4 8 25 34
0.416667 7 2 24 35
0.423333 10 9 32 33
0.43 7 6 15 28
0.436667 5 7 16 28
0.443333 8 4 24 23
0.45 9 11 24 29
0.456667 9 8 24 28
0.463333 14 5 23 32
0.47 7 13 19 36
0.476667 8 9 22 37
0.483333 11 8 21 25
0.49 5 7 20 15
0.496667 5 7 22 23
0.503333 7 5 13 15
0.51 5 4 7 24
0.516667 3 8 22 18
0.523333 6 6 15 13
0.53 3 5 14 20
0.536667 4 6 11 16
0.543333 2 4 15 15
0.55 4 10 14 14
0.556667 2 7 14 15
0.563333 4 4 14 16
0.57 6 5 12 19
0.576667 2 8 12 7
0.583333 6 5 7 13
0.59 8 12 9 14
0.596667 2 1 15 14
0.603333 3 2 16 16
0.61 3 1 13 14
0.616667 4 6 8 14
0.623333 10 6 5 9
0.63 3 5 9 13
0.636667 0 5 10 18
0.643333 3 6 18 13
0.65 6 1 9 12
0.656667 6 3 17 10
0.663333 297 120 390 1262
0.67 0 0 0 0
0.676667 0 0 0 0
0.683333 0 0 0 0
0.69 0 0 0 0
0.696667 0 0 0 0
0.703333 0 0 0 0
0.71 0 0 0 0
0.716667 0 0 0 0
0.723333 0 0 0 0
0.73 0 0 0 0
0.736667 0 0 0 0
0.743333 0 0 0 0
0.75 0 0 0 0
0.756667 0 0 0 0
0.763333 0 0 0 0
0.77 0 0 0 0
0.776667 0 0 0 0
0.783333 0 0 0 0
0.79 0 0 0 0
0.796667 0 0 0 0
0.803333 0 0 0 0
0.81 0 0 0 0
0.816667 0 0 0 0
0.823333 0 0 0 0
0.83 0 0 0 0
0.836667 0 0 0 0
0.843333 0 0 0 0
0.85 0 0 0 0
0.856667 0 0 0 0
0.863333 0 0 0 0
0.87 0 0 0 0
0.876667 0 0 0 0
0.883333 0 0 0 0
0.89 0 0 0 0
0.896667 0 0 0 0
0.903333 0 0 0 0
0.91 0 0 0 0
0.916667 0 0 0 0
0.923333 0 0 0 0
0.93 0 0 0 0
0.936667 0 0 0 0
0.943333 0 0 0 0
0.95 0 0 0 0
0.956667 0 0 0 0
0.963333 0 0 0 0
0.97 0 0 0 0
0.976667 0 0 0 0
0.983333 0 0 0 0
0.99 0 0 0 0
0.996667 0 0 0 0
1.00333 0 0 0 0
1.01 0 0 0 0
1.01667 0 0 0 0
1.02333 0 0 0 0
1.03 0 0 0 0
1.03667 0 0 0 0
1.04333 0 0 0 0
1.05 0 0 0 0
1.05667 0 0 0 0
1.06333 0 0 0 0
1.07 0 0 0 0
1.07667 0 0 0 0
1.08333 0 0 0 0
1.09 0 0 0 0
1.09667 0 0 0 0
1.10333 0 0 0 0
1.11 0 0 0 0
1.11667 0 0 0 0
1.12333 0 0 0 0
1.13 0 0 0 0
1.13667 0 0 0 0
1.14333 0 0 0 0
1.15 0 0 0 0
1.15667 0 0 0 0
1.16333 0 0 0 0
1.17 0 0 0 0
1.17667 0 0 0 0
1.18333 0 0 0 0
1.19 0 0 0 0
1.19667 0 0 0 0
1.20333 0 0 0 0
1.21 0 0 0 0
1.21667 0 0 0 0
1.22333 0 0 0 0
1.23 0 0 0 0
1.23667 0 0 0 0
1.24333 0 0 0 0
1.25 0 0 0 0
1.25667 0 0 0 0
1.26333 0 0 0 0
1.27 0 0 0 0
1.27667 0 0 0 0
1.28333 0 0 0 0
1.29 0 0 0 0
1.29667 0 0 0 0
1.30333 0 0 0 0
1.31 0 0 0 0
1.31667 0 0 0 0
1.32333 0 0 0 0
1.33 0 0 0 0
1.33667 0 0 0 0
1.34333 0 0 0 0
1.35 0 0 0 0
1.35667 0 0 0 0
1.36333 0 0 0 0
1.37 0 0 0 0
1.37667 0 0 0 0
1.38333 0 0 0 0
1.39 0 0 0 0
1.39667 0 0 0 0
1.40333 0 0 0 0
1.41 0 0 0 0
1.41667 0 0 0 0
1.42333 0 0 0 0
1.43 0 0 0 0
1.43667 0 0 0 0
1.44333 0 0 0 0
1.45 0 0 0 0
1.45667 0 0 0 0
1.46333 0 0 0 0
1.47 0 0 0 0
1.47667 0 0 0 0
1.48333 0 0 0 0
1.49 0 0 0 0
1.49667 0 0 0 0
1.50333 0 0 0 0
1.51 0 0 0 0
1.51667 0 0 0 0
1.52333 0 0 0 0
1.53 0 0 0 0
1.53667 0 0 0 0
1.54333 0 0 0 0
1.55 0 0 0 0
1.55667 0 0 0 0
1.56333 0 0 0 0
1.57 0 0 0 0
1.57667 0 0 0 0
1.58333 0 0 0 0
1.59 0 0 0 0
1.59667 0 0 0 0
1.60333 0 0 0 0
1.61 0 0 0 0
1.61667 0 0 0 0
1.62333 0 0 0 0
1.63 0 0 0 0
1.63667 0 0 0 0
1.64333 0 0 0 0
1.65 0 0 0 0
1.65667 0 0 0 0
1.66333 0 0 0 0
1.67 0 0 0 0
1.67667 0 0 0 0
1.68333 0 0 0 0
1.69 0 0 0 0
1.69667 0 0 0 0
1.70333 0 0 0 0
1.71 0 0 0 0
1.71667 0 0 0 0
1.72333 0 0 0 0
1.73 0 0 0 0
1.73667 0 0 0 0
1.74333 0 0 0 0
1.75 0 0 0 0
1.75667 0 0 0 0
1.76333 0 0 0 0
1.77 0 0 0 0
1.77667 0 0 0 0
1.78333 0 0 0 0
1.79 0 0 0 0
1.79667 0 0 0 0
1.80333 0 0 0 0
1.81 0 0 0 0
1.81667 0 0 0 0
1.82333 0 0 0 0
1.83 0 0 0 0
1.83667 0 0 0 0
1.84333 0 0 0 0
1.85 0 0 0 0
1.85667 0 0 0 0
1.86333 0 0 0 0
1.87 0 0 0 0
1.87667 0 0 0 0
1.88333 0 0 0 0
1.89 0 0 0 0
1.89667 0 0 0 0
1.90333 0 0 0 0
1.91 0 0 0 0
1.91667 0 0 0 0
1.92333 0 0 0 0
1.93 0 0 0 0
1.93667 0 0 0 0
1.94333 0 0 0 0
1.95 0 0 0 0
1.95667 0 0 0 0
1.96333 0 0 0 0
1.97 0 0 0 0
1.97667 0 0 0 0
1.98333 0 0 0 0
1.99 0 0 0 0
1.99667 0 0 0 0
