0.00333333 2 41 34 2
0.01 1 34 59 12
0.0166667 5 48 51 8
0.0233333 4 39 49 9
0.03 3 46 57 6
0.0366667 3 46 61 5
0.0433333 13 63 71 9
0.05 2 57 95 18
0.0566667 9 74 103 20
0.0633333 14 92 110 20
0.07 11 87 114 22
0.0766667 7 88 125 25
0.0833333 12 100 110 18
0.09 6 86 128 26
0.0966667 6 84 121 21
0.103333 9 83 125 22
0.11 9 89 149 16
0.116667 8 97 134 23
0.123333 11 105 143 21
0.13 5 95 118 19
0.136667 6 85 121 19
0.143333 4 99 107 20
0.15 5 78 104 15
0.156667 3 87 100 19
0.163333 8 89 101 17
0.17 4 88 110 20
0.176667 7 79 114 19
0.183333 9 116 92 21
0.19 9 115 103 16
0.196667 5 100 115 13
0.203333 7 116 98 16
0.21 7 111 107 15
0.216667 6 68 92 15
0.223333 10 92 94 10
0.23 4 77 105 14
0.236667 5 72 103 14
0.243333 1 67 108 14
0.25 9 70 89 13
0.256667 3 62 82 9
0.263333 1 57 70 13
0.27 1 60 74 11
0.276667 3 69 69 14
0.283333 6 63 67 13
0.29 6 63 61 9
0.296667 5 52 64 9
0.303333 6 46 56 10
0.31 3 62 70 9
0.316667 5 52 60 6
0.323333 4 59 58 6
0.33 6 48 55 7
0.336667 5 48 50 11
0.343333 3 63 59 6
0.35 2 46 60 5
0.356667 5 55 44 12
0.363333 2 35 47 11
0.37 2 54 58 8
0.376667 5 50 49 10
0.383333 4 47 50 5
0.39 4 37 61 13
0.396667 5 63 55 12
0.403333 0 38 39 9
0.41 4 49 45 12
0.416667 2 44 57 5
0.423333 7 51 51 7
0.43 3 39 48 4
0.436667 4 48 44 8
0.443333 3 40 51 5
0.45 7 39 53 4
0.456667 6 31 47 6
0.463333 4 54 51 8
0.47 1 59 51 6
0.476667 0 42 45 6
0.483333 2 28 31 5
0.49 5 19 24 6
0.496667 1 27 34 3
0.503333 3 29 30 5
0.51 3 26 33 4
0.516667 2 20 23 2
0.523333 2 19 29 2
0.53 0 15 27 2
0.536667 4 15 20 2
0.543333 2 17 28 3
0.55 1 12 31 3
0.556667 1 11 27 7
0.563333 4 14 24 2
0.57 2 13 29 4
0.576667 0 12 24 5
0.583333 4 18 35 2
0.59 0 14 28 6
0.596667 5 21 23 7
0.603333 1 13 20 5
0.61 3 7 17 4
0.616667 3 12 24 1
0.623333 1 7 34 7
0.63 3 13 25 4
0.636667 2 20 32 6
0.643333 1 8 17 4
0.65 4 12 38 3
0.656667 1 10 20 5
0.663333 55 1913 1510 150
0.67 0 0 0 0
0.676667 0 0 0 0
0.683333 0 0 0 0
0.69 0 0 0 0
0.696667 0 0 0 0
0.703333 0 0 0 0
0.71 0 0 0 0
0.716667 0 0 0 0
0.723333 0 0 0 0
0.73 0 0 0 0
0.736667 0 0 0 0
0.743333 0 0 0 0
0.75 0 0 0 0
0.756667 0 0 0 0
0.763333 0 0 0 0
0.77 0 0 0 0
0.776667 0 0 0 0
0.783333 0 0 0 0
0.79 0 0 0 0
0.796667 0 0 0 0
0.803333 0 0 0 0
0.81 0 0 0 0
0.816667 0 0 0 0
0.823333 0 0 0 0
0.83 0 0 0 0
0.836667 0 0 0 0
0.843333 0 0 0 0
0.85 0 0 0 0
0.856667 0 0 0 0
0.863333 0 0 0 0
0.87 0 0 0 0
0.876667 0 0 0 0
0.883333 0 0 0 0
0.89 0 0 0 0
0.896667 0 0 0 0
0.903333 0 0 0 0
0.91 0 0 0 0
0.916667 0 0 0 0
0.923333 0 0 0 0
0.93 0 0 0 0
0.936667 0 0 0 0
0.943333 0 0 0 0
0.95 0 0 0 0
0.956667 0 0 0 0
0.963333 0 0 0 0
0.97 0 0 0 0
0.976667 0 0 0 0
0.983333 0 0 0 0
0.99 0 0 0 0
0.996667 0 0 0 0
1.00333 0 0 0 0
1.01 0 0 0 0
1.01667 0 0 0 0
1.02333 0 0 0 0
1.03 0 0 0 0
1.03667 0 0 0 0
1.04333 0 0 0 0
1.05 0 0 0 0
1.05667 0 0 0 0
1.06333 0 0 0 0
1.07 0 0 0 0
1.07667 0 0 0 0
1.08333 0 0 0 0
1.09 0 0 0 0
1.09667 0 0 0 0
1.10333 0 0 0 0
1.11 0 0 0 0
1.11667 0 0 0 0
1.12333 0 0 0 0
1.13 0 0 0 0
1.13667 0 0 0 0
1.14333 0 0 0 0
1.15 0 0 0 0
1.15667 0 0 0 0
1.16333 0 0 0 0
1.17 0 0 0 0
1.17667 0 0 0 0
1.18333 0 0 0 0
1.19 0 0 0 0
1.19667 0 0 0 0
1.20333 0 0 0 0
1.21 0 0 0 0
1.21667 0 0 0 0
1.22333 0 0 0 0
1.23 0 0 0 0
1.23667 0 0 0 0
1.24333 0 0 0 0
1.25 0 0 0 0
1.25667 0 0 0 0
1.26333 0 0 0 0
1.27 0 0 0 0
1.27667 0 0 0 0
1.28333 0 0 0 0
1.29 0 0 0 0
1.29667 0 0 0 0
1.30333 0 0 0 0
1.31 0 0 0 0
1.31667 0 0 0 0
1.32333 0 0 0 0
1.33 0 0 0 0
1.33667 0 0 0 0
1.34333 0 0 0 0
1.35 0 0 0 0
1.35667 0 0 0 0
1.36333 0 0 0 0
1.37 0 0 0 0
1.37667 0 0 0 0
1.38333 0 0 0 0
1.39 0 0 0 0
1.39667 0 0 0 0
1.40333 0 0 0 0
1.41 0 0 0 0
1.41667 0 0 0 0
1.42333 0 0 0 0
1.43 0 0 0 0
1.43667 0 0 0 0
1.44333 0 0 0 0
1.45 0 0 0 0
1.45667 0 0 0 0
1.46333 0 0 0 0
1.47 0 0 0 0
1.47667 0 0 0 0
1.48333 0 0 0 0
1.49 0 0 0 0
1.49667 0 0 0 0
1.50333 0 0 0 0
1.51 0 0 0 0
1.51667 0 0 0 0
1.52333 0 0 0 0
1.53 0 0 0 0
1.53667 0 0 0 0
1.54333 0 0 0 0
1.55 0 0 0 0
1.55667 0 0 0 0
1.56333 0 0 0 0
1.57 0 0 0 0
1.57667 0 0 0 0
1.58333 0 0 0 0
1.59 0 0 0 0
1.59667 0 0 0 0
1.60333 0 0 0 0
1.61 0 0 0 0
1.61667 0 0 0 0
1.62333 0 0 0 0
1.63 0 0 0 0
1.63667 0 0 0 0
1.64333 0 0 0 0
1.65 0 0 0 0
1.65667 0 0 0 0
1.66333 0 0 0 0
1.67 0 0 0 0
1.67667 0 0 0 0
1.68333 0 0 0 0
1.69 0 0 0 0
1.69667 0 0 0 0
1.70333 0 0 0 0
1.71 0 0 0 0
1.71667 0 0 0 0
1.72333 0 0 0 0
1.73 0 0 0 0
1.73667 0 0 0 0
1.74333 0 0 0 0
1.75 0 0 0 0
1.75667 0 0 0 0
1.76333 0 0 0 0
1.77 0 0 0 0
1.77667 0 0 0 0
1.78333 0 0 0 0
1.79 0 0 0 0
1.79667 0 0 0 0
1.80333 0 0 0 0
1.81 0 0 0 0
1.81667 0 0 0 0
1.82333 0 0 0 0
1.83 0 0 0 0
1.83667 0 0 0 0
1.84333 0 0 0 0
1.85 0 0 0 0
1.85667 0 0 0 0
1.86333 0 0 0 0
1.87 0 0 0 0
1.87667 0 0 0 0
1.88333 0 0 0 0
1.89 0 0 0 0
1.89667 0 0 0 0
1.90333 0 0 0 0
1.91 0 0 0 0
1.91667 0 0 0 0
1.92333 0 0 0 0
1.93 0 0 0 0
1.93667 0 0 0 0
1.94333 0 0 0 0
1.95 0 0 0 0
1.95667 0 0 0 0
1.96333 0 0 0 0
1.97 0 0 0 0
1.97667 0 0 0 0
1.98333 0 0 0 0
1.99 0 0 0 0
1.99667 0 0 0 0
