0.00333333 1 7 58 40
0.01 1 3 58 37
0.0166667 1 8 64 56
0.0233333 1 9 75 66
0.03 1 4 60 58
0.0366667 0 7 87 76
0.0433333 4 10 126 108
0.05 6 9 153 145
0.0566667 2 13 151 179
0.0633333 3 9 232 187
0.07 7 16 189 203
0.0766667 3 16 210 200
0.0833333 1 19 205 212
0.09 1 13 206 194
0.0966667 3 13 240 205
0.103333 3 18 213 186
0.11 2 20 207 205
0.116667 4 15 186 189
0.123333 5 10 202 201
0.13 5 16 190 172
0.136667 5 14 182 181
0.143333 3 17 191 129
0.15 4 17 144 156
0.156667 5 11 183 147
0.163333 2 13 158 161
0.17 3 13 153 132
0.176667 2 10 156 158
0.183333 3 16 160 134
0.19 2 10 151 172
0.196667 2 17 151 161
0.203333 2 10 163 133
0.21 2 15 146 119
0.216667 1 13 146 124
0.223333 1 6 114 136
0.23 2 11 108 87
0.236667 1 5 136 104
0.243333 2 11 87 105
0.25 2 8 104 111
0.256667 3 10 113 101
0.263333 0 5 97 98
0.27 2 9 117 111
0.276667 3 4 91 79
0.283333 3 11 83 105
0.29 0 10 97 101
0.296667 2 8 92 83
0.303333 1 4 87 52
0.31 3 5 69 76
0.316667 1 6 88 66
0.323333 1 6 61 81
0.33 1 8 85 55
0.336667 2 4 61 79
0.343333 3 5 72 70
0.35 0 6 64 70
0.356667 0 9 78 56
0.363333 0 9 66 64
0.37 0 4 70 55
0.376667 2 6 53 57
0.383333 1 4 60 56
0.39 1 7 55 62
0.396667 2 6 52 64
0.403333 3 8 62 72
0.41 2 3 64 38
0.416667 0 2 53 53
0.423333 0 3 56 54
0.43 0 6 55 55
0.436667 2 7 57 56
0.443333 0 2 47 67
0.45 2 4 50 59
0.456667 1 6 50 49
0.463333 3 4 57 44
0.47 1 10 45 48
0.476667 0 1 37 42
0.483333 0 8 44 31
0.49 1 1 36 32
0.496667 2 5 31 43
0.503333 0 2 36 38
0.51 0 6 30 36
0.516667 2 4 31 32
0.523333 0 3 38 41
0.53 0 2 34 33
0.536667 0 2 25 32
0.543333 1 2 29 22
0.55 0 2 26 29
0.556667 3 3 32 30
0.563333 1 4 28 25
0.57 1 5 28 23
0.576667 2 2 23 27
0.583333 1 7 35 38
0.59 3 6 28 25
0.596667 0 1 19 22
0.603333 0 4 21 23
0.61 1 5 22 24
0.616667 1 1 26 22
0.623333 0 2 19 25
0.63 0 2 26 21
0.636667 2 4 30 22
0.643333 0 4 20 25
0.65 1 2 28 17
0.656667 1 1 20 24
0.663333 16 89 1421 1297
0.67 0 0 0 0
0.676667 0 0 0 0
0.683333 0 0 0 0
0.69 0 0 0 0
0.696667 0 0 0 0
0.703333 0 0 0 0
0.71 0 0 0 0
0.716667 0 0 0 0
0.723333 0 0 0 0
0.73 0 0 0 0
0.736667 0 0 0 0
0.743333 0 0 0 0
0.75 0 0 0 0
0.756667 0 0 0 0
0.763333 0 0 0 0
0.77 0 0 0 0
0.776667 0 0 0 0
0.783333 0 0 0 0
0.79 0 0 0 0
0.796667 0 0 0 0
0.803333 0 0 0 0
0.81 0 0 0 0
0.816667 0 0 0 0
0.823333 0 0 0 0
0.83 0 0 0 0
0.836667 0 0 0 0
0.843333 0 0 0 0
0.85 0 0 0 0
0.856667 0 0 0 0
0.863333 0 0 0 0
0.87 0 0 0 0
0.876667 0 0 0 0
0.883333 0 0 0 0
0.89 0 0 0 0
0.896667 0 0 0 0
0.903333 0 0 0 0
0.91 0 0 0 0
0.916667 0 0 0 0
0.923333 0 0 0 0
0.93 0 0 0 0
0.936667 0 0 0 0
0.943333 0 0 0 0
0.95 0 0 0 0
0.956667 0 0 0 0
0.963333 0 0 0 0
0.97 0 0 0 0
0.976667 0 0 0 0
0.983333 0 0 0 0
0.99 0 0 0 0
0.996667 0 0 0 0
1.00333 0 0 0 0
1.01 0 0 0 0
1.01667 0 0 0 0
1.02333 0 0 0 0
1.03 0 0 0 0
1.03667 0 0 0 0
1.04333 0 0 0 0
1.05 0 0 0 0
1.05667 0 0 0 0
1.06333 0 0 0 0
1.07 0 0 0 0
1.07667 0 0 0 0
1.08333 0 0 0 0
1.09 0 0 0 0
1.09667 0 0 0 0
1.10333 0 0 0 0
1.11 0 0 0 0
1.11667 0 0 0 0
1.12333 0 0 0 0
1.13 0 0 0 0
1.13667 0 0 0 0
1.14333 0 0 0 0
1.15 0 0 0 0
1.15667 0 0 0 0
1.16333 0 0 0 0
1.17 0 0 0 0
1.17667 0 0 0 0
1.18333 0 0 0 0
1.19 0 0 0 0
1.19667 0 0 0 0
1.20333 0 0 0 0
1.21 0 0 0 0
1.21667 0 0 0 0
1.22333 0 0 0 0
1.23 0 0 0 0
1.23667 0 0 0 0
1.24333 0 0 0 0
1.25 0 0 0 0
1.25667 0 0 0 0
1.26333 0 0 0 0
1.27 0 0 0 0
1.27667 0 0 0 0
1.28333 0 0 0 0
1.29 0 0 0 0
1.29667 0 0 0 0
1.30333 0 0 0 0
1.31 0 0 0 0
1.31667 0 0 0 0
1.32333 0 0 0 0
1.33 0 0 0 0
1.33667 0 0 0 0
1.34333 0 0 0 0
1.35 0 0 0 0
1.35667 0 0 0 0
1.36333 0 0 0 0
1.37 0 0 0 0
1.37667 0 0 0 0
1.38333 0 0 0 0
1.39 0 0 0 0
1.39667 0 0 0 0
1.40333 0 0 0 0
1.41 0 0 0 0
1.41667 0 0 0 0
1.42333 0 0 0 0
1.43 0 0 0 0
1.43667 0 0 0 0
1.44333 0 0 0 0
1.45 0 0 0 0
1.45667 0 0 0 0
1.46333 0 0 0 0
1.47 0 0 0 0
1.47667 0 0 0 0
1.48333 0 0 0 0
1.49 0 0 0 0
1.49667 0 0 0 0
1.50333 0 0 0 0
1.51 0 0 0 0
1.51667 0 0 0 0
1.52333 0 0 0 0
1.53 0 0 0 0
1.53667 0 0 0 0
1.54333 0 0 0 0
1.55 0 0 0 0
1.55667 0 0 0 0
1.56333 0 0 0 0
1.57 0 0 0 0
1.57667 0 0 0 0
1.58333 0 0 0 0
1.59 0 0 0 0
1.59667 0 0 0 0
1.60333 0 0 0 0
1.61 0 0 0 0
1.61667 0 0 0 0
1.62333 0 0 0 0
1.63 0 0 0 0
1.63667 0 0 0 0
1.64333 0 0 0 0
1.65 0 0 0 0
1.65667 0 0 0 0
1.66333 0 0 0 0
1.67 0 0 0 0
1.67667 0 0 0 0
1.68333 0 0 0 0
1.69 0 0 0 0
1.69667 0 0 0 0
1.70333 0 0 0 0
1.71 0 0 0 0
1.71667 0 0 0 0
1.72333 0 0 0 0
1.73 0 0 0 0
1.73667 0 0 0 0
1.74333 0 0 0 0
1.75 0 0 0 0
1.75667 0 0 0 0
1.76333 0 0 0 0
1.77 0 0 0 0
1.77667 0 0 0 0
1.78333 0 0 0 0
1.79 0 0 0 0
1.79667 0 0 0 0
1.80333 0 0 0 0
1.81 0 0 0 0
1.81667 0 0 0 0
1.82333 0 0 0 0
1.83 0 0 0 0
1.83667 0 0 0 0
1.84333 0 0 0 0
1.85 0 0 0 0
1.85667 0 0 0 0
1.86333 0 0 0 0
1.87 0 0 0 0
1.87667 0 0 0 0
1.88333 0 0 0 0
1.89 0 0 0 0
1.89667 0 0 0 0
1.90333 0 0 0 0
1.91 0 0 0 0
1.91667 0 0 0 0
1.92333 0 0 0 0
1.93 0 0 0 0
1.93667 0 0 0 0
1.94333 0 0 0 0
1.95 0 0 0 0
1.95667 0 0 0 0
1.96333 0 0 0 0
1.97 0 0 0 0
1.97667 0 0 0 0
1.98333 0 0 0 0
1.99 0 0 0 0
1.99667 0 0 0 0
