0.00333333 26 25 9 3
0.01 28 25 2 1
0.0166667 27 34 6 2
0.0233333 25 52 9 5
0.03 49 53 10 2
0.0366667 33 55 16 5
0.0433333 69 80 21 5
0.05 59 99 20 5
0.0566667 82 138 16 4
0.0633333 97 148 24 7
0.07 85 139 28 8
0.0766667 92 146 16 6
0.0833333 105 176 16 10
0.09 104 150 35 5
0.0966667 99 155 34 5
0.103333 84 145 17 5
0.11 103 135 34 10
0.116667 97 141 31 4
0.123333 90 136 19 6
0.13 88 131 19 4
0.136667 86 138 12 4
0.143333 99 109 16 4
0.15 73 77 21 6
0.156667 87 112 14 2
0.163333 63 107 23 6
0.17 86 98 17 6
0.176667 72 86 15 5
0.183333 85 94 19 9
0.19 61 95 19 9
0.196667 71 104 21 4
0.203333 59 78 24 6
0.21 71 90 12 2
0.216667 67 65 15 6
0.223333 60 82 18 3
0.23 64 79 16 2
0.236667 54 74 12 2
0.243333 51 71 15 8
0.25 48 74 16 2
0.256667 44 67 9 6
0.263333 49 57 10 5
0.27 35 59 9 3
0.276667 48 56 10 4
0.283333 43 49 13 8
0.29 31 66 9 0
0.296667 37 49 8 4
0.303333 55 54 10 5
0.31 48 54 17 0
0.316667 32 48 5 2
0.323333 32 45 11 1
0.33 45 44 20 1
0.336667 43 54 11 3
0.343333 26 38 8 5
0.35 27 45 7 0
0.356667 38 36 10 1
0.363333 35 43 7 0
0.37 33 40 12 3
0.376667 39 42 11 2
0.383333 32 38 8 3
0.39 26 46 9 1
0.396667 31 37 1 1
0.403333 28 34 7 3
0.41 25 43 9 1
0.416667 28 32 8 2
0.423333 23 44 7 4
0.43 27 38 7 1
0.436667 28 30 4 2
0.443333 24 34 10 2
0.45 28 27 9 0
0.456667 29 35 9 3
0.463333 21 39 2 3
0.47 20 30 8 3
0.476667 24 33 7 3
0.483333 26 17 10 3
0.49 21 23 4 0
0.496667 24 23 6 0
0.503333 22 24 9 0
0.51 22 5 6 2
0.516667 22 29 11 2
0.523333 14 16 4 0
0.53 17 26 5 2
0.536667 10 14 5 4
0.543333 14 22 7 4
0.55 14 18 7 1
0.556667 15 11 9 1
0.563333 13 28 4 3
0.57 13 18 6 1
0.576667 16 15 0 2
0.583333 18 17 5 1
0.59 8 23 4 1
0.596667 14 8 3 3
0.603333 17 19 6 2
0.61 12 18 4 3
0.616667 13 17 5 2
0.623333 20 19 0 1
0.63 17 17 5 0
0.636667 17 13 3 2
0.643333 10 14 2 3
0.65 14 14 2 3
0.656667 10 29 4 3
0.663333 599 714 131 35
0.67 0 0 0 0
0.676667 0 0 0 0
0.683333 0 0 0 0
0.69 0 0 0 0
0.696667 0 0 0 0
0.703333 0 0 0 0
0.71 0 0 0 0
0.716667 0 0 0 0
0.723333 0 0 0 0
0.73 0 0 0 0
0.736667 0 0 0 0
0.743333 0 0 0 0
0.75 0 0 0 0
0.756667 0 0 0 0
0.763333 0 0 0 0
0.77 0 0 0 0
0.776667 0 0 0 0
0.783333 0 0 0 0
0.79 0 0 0 0
0.796667 0 0 0 0
0.803333 0 0 0 0
0.81 0 0 0 0
0.816667 0 0 0 0
0.823333 0 0 0 0
0.83 0 0 0 0
0.836667 0 0 0 0
0.843333 0 0 0 0
0.85 0 0 0 0
0.856667 0 0 0 0
0.863333 0 0 0 0
0.87 0 0 0 0
0.876667 0 0 0 0
0.883333 0 0 0 0
0.89 0 0 0 0
0.896667 0 0 0 0
0.903333 0 0 0 0
0.91 0 0 0 0
0.916667 0 0 0 0
0.923333 0 0 0 0
0.93 0 0 0 0
0.936667 0 0 0 0
0.943333 0 0 0 0
0.95 0 0 0 0
0.956667 0 0 0 0
0.963333 0 0 0 0
0.97 0 0 0 0
0.976667 0 0 0 0
0.983333 0 0 0 0
0.99 0 0 0 0
0.996667 0 0 0 0
1.00333 0 0 0 0
1.01 0 0 0 0
1.01667 0 0 0 0
1.02333 0 0 0 0
1.03 0 0 0 0
1.03667 0 0 0 0
1.04333 0 0 0 0
1.05 0 0 0 0
1.05667 0 0 0 0
1.06333 0 0 0 0
1.07 0 0 0 0
1.07667 0 0 0 0
1.08333 0 0 0 0
1.09 0 0 0 0
1.09667 0 0 0 0
1.10333 0 0 0 0
1.11 0 0 0 0
1.11667 0 0 0 0
1.12333 0 0 0 0
1.13 0 0 0 0
1.13667 0 0 0 0
1.14333 0 0 0 0
1.15 0 0 0 0
1.15667 0 0 0 0
1.16333 0 0 0 0
1.17 0 0 0 0
1.17667 0 0 0 0
1.18333 0 0 0 0
1.19 0 0 0 0
1.19667 0 0 0 0
1.20333 0 0 0 0
1.21 0 0 0 0
1.21667 0 0 0 0
1.22333 0 0 0 0
1.23 0 0 0 0
1.23667 0 0 0 0
1.24333 0 0 0 0
1.25 0 0 0 0
1.25667 0 0 0 0
1.26333 0 0 0 0
1.27 0 0 0 0
1.27667 0 0 0 0
1.28333 0 0 0 0
1.29 0 0 0 0
1.29667 0 0 0 0
1.30333 0 0 0 0
1.31 0 0 0 0
1.31667 0 0 0 0
1.32333 0 0 0 0
1.33 0 0 0 0
1.33667 0 0 0 0
1.34333 0 0 0 0
1.35 0 0 0 0
1.35667 0 0 0 0
1.36333 0 0 0 0
1.37 0 0 0 0
1.37667 0 0 0 0
1.38333 0 0 0 0
1.39 0 0 0 0
1.39667 0 0 0 0
1.40333 0 0 0 0
1.41 0 0 0 0
1.41667 0 0 0 0
1.42333 0 0 0 0
1.43 0 0 0 0
1.43667 0 0 0 0
1.44333 0 0 0 0
1.45 0 0 0 0
1.45667 0 0 0 0
1.46333 0 0 0 0
1.47 0 0 0 0
1.47667 0 0 0 0
1.48333 0 0 0 0
1.49 0 0 0 0
1.49667 0 0 0 0
1.50333 0 0 0 0
1.51 0 0 0 0
1.51667 0 0 0 0
1.52333 0 0 0 0
1.53 0 0 0 0
1.53667 0 0 0 0
1.54333 0 0 0 0
1.55 0 0 0 0
1.55667 0 0 0 0
1.56333 0 0 0 0
1.57 0 0 0 0
1.57667 0 0 0 0
1.58333 0 0 0 0
1.59 0 0 0 0
1.59667 0 0 0 0
1.60333 0 0 0 0
1.61 0 0 0 0
1.61667 0 0 0 0
1.62333 0 0 0 0
1.63 0 0 0 0
1.63667 0 0 0 0
1.64333 0 0 0 0
1.65 0 0 0 0
1.65667 0 0 0 0
1.66333 0 0 0 0
1.67 0 0 0 0
1.67667 0 0 0 0
1.68333 0 0 0 0
1.69 0 0 0 0
1.69667 0 0 0 0
1.70333 0 0 0 0
1.71 0 0 0 0
1.71667 0 0 0 0
1.72333 0 0 0 0
1.73 0 0 0 0
1.73667 0 0 0 0
1.74333 0 0 0 0
1.75 0 0 0 0
1.75667 0 0 0 0
1.76333 0 0 0 0
1.77 0 0 0 0
1.77667 0 0 0 0
1.78333 0 0 0 0
1.79 0 0 0 0
1.79667 0 0 0 0
1.80333 0 0 0 0
1.81 0 0 0 0
1.81667 0 0 0 0
1.82333 0 0 0 0
1.83 0 0 0 0
1.83667 0 0 0 0
1.84333 0 0 0 0
1.85 0 0 0 0
1.85667 0 0 0 0
1.86333 0 0 0 0
1.87 0 0 0 0
1.87667 0 0 0 0
1.88333 0 0 0 0
1.89 0 0 0 0
1.89667 0 0 0 0
1.90333 0 0 0 0
1.91 0 0 0 0
1.91667 0 0 0 0
1.92333 0 0 0 0
1.93 0 0 0 0
1.93667 0 0 0 0
1.94333 0 0 0 0
1.95 0 0 0 0
1.95667 0 0 0 0
1.96333 0 0 0 0
1.97 0 0 0 0
1.97667 0 0 0 0
1.98333 0 0 0 0
1.99 0 0 0 0
1.99667 0 0 0 0
