0.00333333 11 19 16 2
0.01 12 24 14 2
0.0166667 6 28 23 1
0.0233333 9 29 24 1
0.03 12 35 21 1
0.0366667 10 37 32 4
0.0433333 20 55 30 1
0.05 27 82 34 2
0.0566667 25 85 48 6
0.0633333 33 100 59 3
0.07 22 108 59 10
0.0766667 27 98 58 8
0.0833333 24 92 58 9
0.09 30 93 55 7
0.0966667 30 82 55 6
0.103333 26 83 78 4
0.11 30 77 59 9
0.116667 26 84 68 12
0.123333 32 85 54 2
0.13 22 91 59 3
0.136667 19 93 57 3
0.143333 28 83 50 7
0.15 15 71 48 10
0.156667 16 79 38 2
0.163333 26 55 41 3
0.17 25 74 53 2
0.176667 19 46 50 0
0.183333 17 52 64 5
0.19 17 63 88 4
0.196667 22 44 71 3
0.203333 15 53 60 4
0.21 17 53 49 3
0.216667 19 44 53 6
0.223333 16 51 55 0
0.23 13 59 43 5
0.236667 21 57 48 3
0.243333 18 38 35 0
0.25 14 41 56 3
0.256667 12 45 50 2
0.263333 19 51 36 3
0.27 17 53 28 3
0.276667 11 42 44 4
0.283333 18 48 32 3
0.29 9 44 27 1
0.296667 11 44 27 3
0.303333 4 49 36 3
0.31 16 30 35 2
0.316667 16 32 32 2
0.323333 17 30 30 1
0.33 11 34 29 1
0.336667 14 31 35 1
0.343333 10 28 33 2
0.35 17 46 30 2
0.356667 6 31 33 4
0.363333 8 29 27 3
0.37 7 33 23 3
0.376667 17 24 34 4
0.383333 9 29 30 2
0.39 10 30 23 4
0.396667 11 27 17 0
0.403333 11 33 29 2
0.41 8 22 25 1
0.416667 13 22 27 0
0.423333 9 29 31 0
0.43 8 20 23 3
0.436667 9 29 23 3
0.443333 4 31 28 0
0.45 6 29 21 3
0.456667 5 30 32 0
0.463333 9 29 25 1
0.47 8 16 27 2
0.476667 6 26 15 4
0.483333 8 12 15 2
0.49 7 25 16 0
0.496667 4 12 17 0
0.503333 9 23 16 2
0.51 8 24 10 2
0.516667 2 13 13 2
0.523333 5 23 8 1
0.53 5 19 19 1
0.536667 1 18 10 0
0.543333 3 18 13 3
0.55 1 12 18 1
0.556667 6 13 15 1
0.563333 6 19 16 2
0.57 2 21 16 2
0.576667 4 15 16 1
0.583333 3 6 8 3
0.59 3 11 9 1
0.596667 3 15 13 1
0.603333 4 12 8 0
0.61 6 8 10 3
0.616667 6 21 11 1
0.623333 4 10 5 1
0.63 4 9 11 0
0.636667 2 20 14 0
0.643333 4 12 9 0
0.65 4 9 4 2
0.656667 8 11 5 1
0.663333 125 484 943 27
0.67 0 0 0 0
0.676667 0 0 0 0
0.683333 0 0 0 0
0.69 0 0 0 0
0.696667 0 0 0 0
0.703333 0 0 0 0
0.71 0 0 0 0
0.716667 0 0 0 0
0.723333 0 0 0 0
0.73 0 0 0 0
0.736667 0 0 0 0
0.743333 0 0 0 0
0.75 0 0 0 0
0.756667 0 0 0 0
0.763333 0 0 0 0
0.77 0 0 0 0
0.776667 0 0 0 0
0.783333 0 0 0 0
0.79 0 0 0 0
0.796667 0 0 0 0
0.803333 0 0 0 0
0.81 0 0 0 0
0.816667 0 0 0 0
0.823333 0 0 0 0
0.83 0 0 0 0
0.836667 0 0 0 0
0.843333 0 0 0 0
0.85 0 0 0 0
0.856667 0 0 0 0
0.863333 0 0 0 0
0.87 0 0 0 0
0.876667 0 0 0 0
0.883333 0 0 0 0
0.89 0 0 0 0
0.896667 0 0 0 0
0.903333 0 0 0 0
0.91 0 0 0 0
0.916667 0 0 0 0
0.923333 0 0 0 0
0.93 0 0 0 0
0.936667 0 0 0 0
0.943333 0 0 0 0
0.95 0 0 0 0
0.956667 0 0 0 0
0.963333 0 0 0 0
0.97 0 0 0 0
0.976667 0 0 0 0
0.983333 0 0 0 0
0.99 0 0 0 0
0.996667 0 0 0 0
1.00333 0 0 0 0
1.01 0 0 0 0
1.01667 0 0 0 0
1.02333 0 0 0 0
1.03 0 0 0 0
1.03667 0 0 0 0
1.04333 0 0 0 0
1.05 0 0 0 0
1.05667 0 0 0 0
1.06333 0 0 0 0
1.07 0 0 0 0
1.07667 0 0 0 0
1.08333 0 0 0 0
1.09 0 0 0 0
1.09667 0 0 0 0
1.10333 0 0 0 0
1.11 0 0 0 0
1.11667 0 0 0 0
1.12333 0 0 0 0
1.13 0 0 0 0
1.13667 0 0 0 0
1.14333 0 0 0 0
1.15 0 0 0 0
1.15667 0 0 0 0
1.16333 0 0 0 0
1.17 0 0 0 0
1.17667 0 0 0 0
1.18333 0 0 0 0
1.19 0 0 0 0
1.19667 0 0 0 0
1.20333 0 0 0 0
1.21 0 0 0 0
1.21667 0 0 0 0
1.22333 0 0 0 0
1.23 0 0 0 0
1.23667 0 0 0 0
1.24333 0 0 0 0
1.25 0 0 0 0
1.25667 0 0 0 0
1.26333 0 0 0 0
1.27 0 0 0 0
1.27667 0 0 0 0
1.28333 0 0 0 0
1.29 0 0 0 0
1.29667 0 0 0 0
1.30333 0 0 0 0
1.31 0 0 0 0
1.31667 0 0 0 0
1.32333 0 0 0 0
1.33 0 0 0 0
1.33667 0 0 0 0
1.34333 0 0 0 0
1.35 0 0 0 0
1.35667 0 0 0 0
1.36333 0 0 0 0
1.37 0 0 0 0
1.37667 0 0 0 0
1.38333 0 0 0 0
1.39 0 0 0 0
1.39667 0 0 0 0
1.40333 0 0 0 0
1.41 0 0 0 0
1.41667 0 0 0 0
1.42333 0 0 0 0
1.43 0 0 0 0
1.43667 0 0 0 0
1.44333 0 0 0 0
1.45 0 0 0 0
1.45667 0 0 0 0
1.46333 0 0 0 0
1.47 0 0 0 0
1.47667 0 0 0 0
1.48333 0 0 0 0
1.49 0 0 0 0
1.49667 0 0 0 0
1.50333 0 0 0 0
1.51 0 0 0 0
1.51667 0 0 0 0
1.52333 0 0 0 0
1.53 0 0 0 0
1.53667 0 0 0 0
1.54333 0 0 0 0
1.55 0 0 0 0
1.55667 0 0 0 0
1.56333 0 0 0 0
1.57 0 0 0 0
1.57667 0 0 0 0
1.58333 0 0 0 0
1.59 0 0 0 0
1.59667 0 0 0 0
1.60333 0 0 0 0
1.61 0 0 0 0
1.61667 0 0 0 0
1.62333 0 0 0 0
1.63 0 0 0 0
1.63667 0 0 0 0
1.64333 0 0 0 0
1.65 0 0 0 0
1.65667 0 0 0 0
1.66333 0 0 0 0
1.67 0 0 0 0
1.67667 0 0 0 0
1.68333 0 0 0 0
1.69 0 0 0 0
1.69667 0 0 0 0
1.70333 0 0 0 0
1.71 0 0 0 0
1.71667 0 0 0 0
1.72333 0 0 0 0
1.73 0 0 0 0
1.73667 0 0 0 0
1.74333 0 0 0 0
1.75 0 0 0 0
1.75667 0 0 0 0
1.76333 0 0 0 0
1.77 0 0 0 0
1.77667 0 0 0 0
1.78333 0 0 0 0
1.79 0 0 0 0
1.79667 0 0 0 0
1.80333 0 0 0 0
1.81 0 0 0 0
1.81667 0 0 0 0
1.82333 0 0 0 0
1.83 0 0 0 0
1.83667 0 0 0 0
1.84333 0 0 0 0
1.85 0 0 0 0
1.85667 0 0 0 0
1.86333 0 0 0 0
1.87 0 0 0 0
1.87667 0 0 0 0
1.88333 0 0 0 0
1.89 0 0 0 0
1.89667 0 0 0 0
1.90333 0 0 0 0
1.91 0 0 0 0
1.91667 0 0 0 0
1.92333 0 0 0 0
1.93 0 0 0 0
1.93667 0 0 0 0
1.94333 0 0 0 0
1.95 0 0 0 0
1.95667 0 0 0 0
1.96333 0 0 0 0
1.97 0 0 0 0
1.97667 0 0 0 0
1.98333 0 0 0 0
1.99 0 0 0 0
1.99667 0 0 0 0
