0.00333333 0 3 28 78
0.01 3 3 29 89
0.0166667 1 4 34 106
0.0233333 2 8 39 102
0.03 2 4 37 134
0.0366667 0 8 53 132
0.0433333 7 8 73 157
0.05 1 6 93 211
0.0566667 2 12 98 232
0.0633333 4 11 109 263
0.07 6 7 101 288
0.0766667 5 9 116 302
0.0833333 2 24 117 323
0.09 4 12 120 287
0.0966667 3 11 112 314
0.103333 9 10 102 314
0.11 5 12 108 297
0.116667 1 12 105 338
0.123333 1 7 110 348
0.13 3 17 103 332
0.136667 4 15 79 337
0.143333 0 8 88 279
0.15 6 5 92 321
0.156667 2 4 75 271
0.163333 2 9 84 292
0.17 4 6 57 260
0.176667 3 9 73 270
0.183333 1 12 79 273
0.19 5 14 83 354
0.196667 5 9 69 366
0.203333 5 11 80 289
0.21 3 8 73 276
0.216667 2 11 61 242
0.223333 2 5 53 248
0.23 6 7 65 246
0.236667 2 3 58 217
0.243333 1 5 60 237
0.25 3 5 48 243
0.256667 3 6 50 210
0.263333 2 5 59 181
0.27 1 7 48 192
0.276667 3 4 53 180
0.283333 1 6 37 170
0.29 3 10 52 178
0.296667 1 7 48 165
0.303333 3 3 39 157
0.31 3 8 53 157
0.316667 3 8 50 147
0.323333 2 7 30 113
0.33 1 9 43 133
0.336667 5 3 29 141
0.343333 1 4 46 122
0.35 2 5 39 122
0.356667 4 3 32 106
0.363333 2 6 35 124
0.37 2 5 39 101
0.376667 0 3 29 109
0.383333 1 4 32 97
0.39 3 4 30 107
0.396667 1 5 28 112
0.403333 1 4 29 99
0.41 1 9 28 103
0.416667 1 2 42 113
0.423333 2 1 32 114
0.43 1 3 26 91
0.436667 0 6 27 111
0.443333 2 7 34 130
0.45 0 5 35 90
0.456667 3 4 14 107
0.463333 1 6 22 100
0.47 2 6 27 97
0.476667 4 5 25 85
0.483333 5 4 26 55
0.49 0 3 18 64
0.496667 5 4 18 59
0.503333 1 3 29 63
0.51 2 5 15 66
0.516667 1 12 19 51
0.523333 2 0 22 69
0.53 2 3 16 48
0.536667 1 1 15 55
0.543333 3 3 14 52
0.55 2 4 16 48
0.556667 2 5 17 49
0.563333 0 4 18 47
0.57 4 3 18 34
0.576667 3 1 14 33
0.583333 0 5 19 49
0.59 1 7 11 42
0.596667 0 1 11 46
0.603333 0 2 13 40
0.61 0 3 11 50
0.616667 0 1 14 44
0.623333 1 4 14 37
0.63 2 1 13 44
0.636667 2 3 24 39
0.643333 3 3 9 51
0.65 0 0 16 36
0.656667 1 0 9 35
0.663333 30 80 575 3939
0.67 0 0 0 0
0.676667 0 0 0 0
0.683333 0 0 0 0
0.69 0 0 0 0
0.696667 0 0 0 0
0.703333 0 0 0 0
0.71 0 0 0 0
0.716667 0 0 0 0
0.723333 0 0 0 0
0.73 0 0 0 0
0.736667 0 0 0 0
0.743333 0 0 0 0
0.75 0 0 0 0
0.756667 0 0 0 0
0.763333 0 0 0 0
0.77 0 0 0 0
0.776667 0 0 0 0
0.783333 0 0 0 0
0.79 0 0 0 0
0.796667 0 0 0 0
0.803333 0 0 0 0
0.81 0 0 0 0
0.816667 0 0 0 0
0.823333 0 0 0 0
0.83 0 0 0 0
0.836667 0 0 0 0
0.843333 0 0 0 0
0.85 0 0 0 0
0.856667 0 0 0 0
0.863333 0 0 0 0
0.87 0 0 0 0
0.876667 0 0 0 0
0.883333 0 0 0 0
0.89 0 0 0 0
0.896667 0 0 0 0
0.903333 0 0 0 0
0.91 0 0 0 0
0.916667 0 0 0 0
0.923333 0 0 0 0
0.93 0 0 0 0
0.936667 0 0 0 0
0.943333 0 0 0 0
0.95 0 0 0 0
0.956667 0 0 0 0
0.963333 0 0 0 0
0.97 0 0 0 0
0.976667 0 0 0 0
0.983333 0 0 0 0
0.99 0 0 0 0
0.996667 0 0 0 0
1.00333 0 0 0 0
1.01 0 0 0 0
1.01667 0 0 0 0
1.02333 0 0 0 0
1.03 0 0 0 0
1.03667 0 0 0 0
1.04333 0 0 0 0
1.05 0 0 0 0
1.05667 0 0 0 0
1.06333 0 0 0 0
1.07 0 0 0 0
1.07667 0 0 0 0
1.08333 0 0 0 0
1.09 0 0 0 0
1.09667 0 0 0 0
1.10333 0 0 0 0
1.11 0 0 0 0
1.11667 0 0 0 0
1.12333 0 0 0 0
1.13 0 0 0 0
1.13667 0 0 0 0
1.14333 0 0 0 0
1.15 0 0 0 0
1.15667 0 0 0 0
1.16333 0 0 0 0
1.17 0 0 0 0
1.17667 0 0 0 0
1.18333 0 0 0 0
1.19 0 0 0 0
1.19667 0 0 0 0
1.20333 0 0 0 0
1.21 0 0 0 0
1.21667 0 0 0 0
1.22333 0 0 0 0
1.23 0 0 0 0
1.23667 0 0 0 0
1.24333 0 0 0 0
1.25 0 0 0 0
1.25667 0 0 0 0
1.26333 0 0 0 0
1.27 0 0 0 0
1.27667 0 0 0 0
1.28333 0 0 0 0
1.29 0 0 0 0
1.29667 0 0 0 0
1.30333 0 0 0 0
1.31 0 0 0 0
1.31667 0 0 0 0
1.32333 0 0 0 0
1.33 0 0 0 0
1.33667 0 0 0 0
1.34333 0 0 0 0
1.35 0 0 0 0
1.35667 0 0 0 0
1.36333 0 0 0 0
1.37 0 0 0 0
1.37667 0 0 0 0
1.38333 0 0 0 0
1.39 0 0 0 0
1.39667 0 0 0 0
1.40333 0 0 0 0
1.41 0 0 0 0
1.41667 0 0 0 0
1.42333 0 0 0 0
1.43 0 0 0 0
1.43667 0 0 0 0
1.44333 0 0 0 0
1.45 0 0 0 0
1.45667 0 0 0 0
1.46333 0 0 0 0
1.47 0 0 0 0
1.47667 0 0 0 0
1.48333 0 0 0 0
1.49 0 0 0 0
1.49667 0 0 0 0
1.50333 0 0 0 0
1.51 0 0 0 0
1.51667 0 0 0 0
1.52333 0 0 0 0
1.53 0 0 0 0
1.53667 0 0 0 0
1.54333 0 0 0 0
1.55 0 0 0 0
1.55667 0 0 0 0
1.56333 0 0 0 0
1.57 0 0 0 0
1.57667 0 0 0 0
1.58333 0 0 0 0
1.59 0 0 0 0
1.59667 0 0 0 0
1.60333 0 0 0 0
1.61 0 0 0 0
1.61667 0 0 0 0
1.62333 0 0 0 0
1.63 0 0 0 0
1.63667 0 0 0 0
1.64333 0 0 0 0
1.65 0 0 0 0
1.65667 0 0 0 0
1.66333 0 0 0 0
1.67 0 0 0 0
1.67667 0 0 0 0
1.68333 0 0 0 0
1.69 0 0 0 0
1.69667 0 0 0 0
1.70333 0 0 0 0
1.71 0 0 0 0
1.71667 0 0 0 0
1.72333 0 0 0 0
1.73 0 0 0 0
1.73667 0 0 0 0
1.74333 0 0 0 0
1.75 0 0 0 0
1.75667 0 0 0 0
1.76333 0 0 0 0
1.77 0 0 0 0
1.77667 0 0 0 0
1.78333 0 0 0 0
1.79 0 0 0 0
1.79667 0 0 0 0
1.80333 0 0 0 0
1.81 0 0 0 0
1.81667 0 0 0 0
1.82333 0 0 0 0
1.83 0 0 0 0
1.83667 0 0 0 0
1.84333 0 0 0 0
1.85 0 0 0 0
1.85667 0 0 0 0
1.86333 0 0 0 0
1.87 0 0 0 0
1.87667 0 0 0 0
1.88333 0 0 0 0
1.89 0 0 0 0
1.89667 0 0 0 0
1.90333 0 0 0 0
1.91 0 0 0 0
1.91667 0 0 0 0
1.92333 0 0 0 0
1.93 0 0 0 0
1.93667 0 0 0 0
1.94333 0 0 0 0
1.95 0 0 0 0
1.95667 0 0 0 0
1.96333 0 0 0 0
1.97 0 0 0 0
1.97667 0 0 0 0
1.98333 0 0 0 0
1.99 0 0 0 0
1.99667 0 0 0 0
