0.00333333 15 16 11 20
0.01 19 19 18 25
0.0166667 14 13 12 22
0.0233333 27 15 18 14
0.03 18 23 14 20
0.0366667 16 22 28 19
0.0433333 28 28 25 23
0.05 26 29 27 36
0.0566667 26 48 49 31
0.0633333 22 52 44 24
0.07 26 50 50 31
0.0766667 38 64 52 42
0.0833333 30 56 48 32
0.09 31 53 43 32
0.0966667 23 58 46 34
0.103333 38 48 36 48
0.11 25 55 32 46
0.116667 31 70 47 40
0.123333 28 60 31 41
0.13 34 71 31 38
0.136667 35 48 33 45
0.143333 31 46 34 28
0.15 35 40 19 41
0.156667 29 38 34 32
0.163333 28 43 31 39
0.17 30 53 25 28
0.176667 30 44 20 35
0.183333 36 44 22 43
0.19 48 50 26 54
0.196667 36 44 23 50
0.203333 38 39 21 30
0.21 44 42 28 32
0.216667 22 39 14 45
0.223333 31 35 21 38
0.23 23 34 23 29
0.236667 19 52 19 35
0.243333 29 28 10 38
0.25 26 34 25 38
0.256667 23 40 29 32
0.263333 28 43 23 29
0.27 23 36 23 29
0.276667 23 35 20 24
0.283333 17 26 15 22
0.29 26 31 15 30
0.296667 20 25 17 28
0.303333 12 31 15 22
0.31 18 16 19 27
0.316667 22 33 16 18
0.323333 23 23 27 21
0.33 18 36 19 26
0.336667 27 27 15 16
0.343333 19 22 18 23
0.35 19 25 22 19
0.356667 13 18 18 30
0.363333 22 20 15 28
0.37 32 47 21 21
0.376667 26 23 18 23
0.383333 22 21 14 27
0.39 14 24 16 30
0.396667 25 20 13 20
0.403333 16 24 20 30
0.41 12 23 15 13
0.416667 23 17 16 25
0.423333 17 19 19 32
0.43 12 24 8 20
0.436667 22 20 25 25
0.443333 19 14 10 25
0.45 16 25 14 27
0.456667 23 15 19 27
0.463333 28 21 10 24
0.47 16 19 14 25
0.476667 13 20 17 24
0.483333 12 11 12 8
0.49 12 7 7 13
0.496667 10 12 15 16
0.503333 11 14 7 13
0.51 5 20 10 14
0.516667 6 12 17 9
0.523333 8 15 14 6
0.53 8 16 10 6
0.536667 5 13 7 8
0.543333 11 17 10 10
0.55 7 8 16 10
0.556667 6 19 11 5
0.563333 3 15 8 6
0.57 15 10 7 10
0.576667 10 13 2 7
0.583333 4 13 8 5
0.59 3 16 7 8
0.596667 2 9 6 8
0.603333 3 14 2 2
0.61 2 17 5 10
0.616667 5 13 10 2
0.623333 5 11 6 4
0.63 3 14 7 6
0.636667 4 15 10 9
0.643333 2 12 11 2
0.65 8 12 7 2
0.656667 2 11 4 1
0.663333 977 575 189 1180
0.67 0 0 0 0
0.676667 0 0 0 0
0.683333 0 0 0 0
0.69 0 0 0 0
0.696667 0 0 0 0
0.703333 0 0 0 0
0.71 0 0 0 0
0.716667 0 0 0 0
0.723333 0 0 0 0
0.73 0 0 0 0
0.736667 0 0 0 0
0.743333 0 0 0 0
0.75 0 0 0 0
0.756667 0 0 0 0
0.763333 0 0 0 0
0.77 0 0 0 0
0.776667 0 0 0 0
0.783333 0 0 0 0
0.79 0 0 0 0
0.796667 0 0 0 0
0.803333 0 0 0 0
0.81 0 0 0 0
0.816667 0 0 0 0
0.823333 0 0 0 0
0.83 0 0 0 0
0.836667 0 0 0 0
0.843333 0 0 0 0
0.85 0 0 0 0
0.856667 0 0 0 0
0.863333 0 0 0 0
0.87 0 0 0 0
0.876667 0 0 0 0
0.883333 0 0 0 0
0.89 0 0 0 0
0.896667 0 0 0 0
0.903333 0 0 0 0
0.91 0 0 0 0
0.916667 0 0 0 0
0.923333 0 0 0 0
0.93 0 0 0 0
0.936667 0 0 0 0
0.943333 0 0 0 0
0.95 0 0 0 0
0.956667 0 0 0 0
0.963333 0 0 0 0
0.97 0 0 0 0
0.976667 0 0 0 0
0.983333 0 0 0 0
0.99 0 0 0 0
0.996667 0 0 0 0
1.00333 0 0 0 0
1.01 0 0 0 0
1.01667 0 0 0 0
1.02333 0 0 0 0
1.03 0 0 0 0
1.03667 0 0 0 0
1.04333 0 0 0 0
1.05 0 0 0 0
1.05667 0 0 0 0
1.06333 0 0 0 0
1.07 0 0 0 0
1.07667 0 0 0 0
1.08333 0 0 0 0
1.09 0 0 0 0
1.09667 0 0 0 0
1.10333 0 0 0 0
1.11 0 0 0 0
1.11667 0 0 0 0
1.12333 0 0 0 0
1.13 0 0 0 0
1.13667 0 0 0 0
1.14333 0 0 0 0
1.15 0 0 0 0
1.15667 0 0 0 0
1.16333 0 0 0 0
1.17 0 0 0 0
1.17667 0 0 0 0
1.18333 0 0 0 0
1.19 0 0 0 0
1.19667 0 0 0 0
1.20333 0 0 0 0
1.21 0 0 0 0
1.21667 0 0 0 0
1.22333 0 0 0 0
1.23 0 0 0 0
1.23667 0 0 0 0
1.24333 0 0 0 0
1.25 0 0 0 0
1.25667 0 0 0 0
1.26333 0 0 0 0
1.27 0 0 0 0
1.27667 0 0 0 0
1.28333 0 0 0 0
1.29 0 0 0 0
1.29667 0 0 0 0
1.30333 0 0 0 0
1.31 0 0 0 0
1.31667 0 0 0 0
1.32333 0 0 0 0
1.33 0 0 0 0
1.33667 0 0 0 0
1.34333 0 0 0 0
1.35 0 0 0 0
1.35667 0 0 0 0
1.36333 0 0 0 0
1.37 0 0 0 0
1.37667 0 0 0 0
1.38333 0 0 0 0
1.39 0 0 0 0
1.39667 0 0 0 0
1.40333 0 0 0 0
1.41 0 0 0 0
1.41667 0 0 0 0
1.42333 0 0 0 0
1.43 0 0 0 0
1.43667 0 0 0 0
1.44333 0 0 0 0
1.45 0 0 0 0
1.45667 0 0 0 0
1.46333 0 0 0 0
1.47 0 0 0 0
1.47667 0 0 0 0
1.48333 0 0 0 0
1.49 0 0 0 0
1.49667 0 0 0 0
1.50333 0 0 0 0
1.51 0 0 0 0
1.51667 0 0 0 0
1.52333 0 0 0 0
1.53 0 0 0 0
1.53667 0 0 0 0
1.54333 0 0 0 0
1.55 0 0 0 0
1.55667 0 0 0 0
1.56333 0 0 0 0
1.57 0 0 0 0
1.57667 0 0 0 0
1.58333 0 0 0 0
1.59 0 0 0 0
1.59667 0 0 0 0
1.60333 0 0 0 0
1.61 0 0 0 0
1.61667 0 0 0 0
1.62333 0 0 0 0
1.63 0 0 0 0
1.63667 0 0 0 0
1.64333 0 0 0 0
1.65 0 0 0 0
1.65667 0 0 0 0
1.66333 0 0 0 0
1.67 0 0 0 0
1.67667 0 0 0 0
1.68333 0 0 0 0
1.69 0 0 0 0
1.69667 0 0 0 0
1.70333 0 0 0 0
1.71 0 0 0 0
1.71667 0 0 0 0
1.72333 0 0 0 0
1.73 0 0 0 0
1.73667 0 0 0 0
1.74333 0 0 0 0
1.75 0 0 0 0
1.75667 0 0 0 0
1.76333 0 0 0 0
1.77 0 0 0 0
1.77667 0 0 0 0
1.78333 0 0 0 0
1.79 0 0 0 0
1.79667 0 0 0 0
1.80333 0 0 0 0
1.81 0 0 0 0
1.81667 0 0 0 0
1.82333 0 0 0 0
1.83 0 0 0 0
1.83667 0 0 0 0
1.84333 0 0 0 0
1.85 0 0 0 0
1.85667 0 0 0 0
1.86333 0 0 0 0
1.87 0 0 0 0
1.87667 0 0 0 0
1.88333 0 0 0 0
1.89 0 0 0 0
1.89667 0 0 0 0
1.90333 0 0 0 0
1.91 0 0 0 0
1.91667 0 0 0 0
1.92333 0 0 0 0
1.93 0 0 0 0
1.93667 0 0 0 0
1.94333 0 0 0 0
1.95 0 0 0 0
1.95667 0 0 0 0
1.96333 0 0 0 0
1.97 0 0 0 0
1.97667 0 0 0 0
1.98333 0 0 0 0
1.99 0 0 0 0
1.99667 0 0 0 0
