0.00333333 16 42 5 1
0.01 25 41 4 0
0.0166667 29 49 11 2
0.0233333 20 56 6 1
0.03 38 66 7 1
0.0366667 43 81 10 2
0.0433333 65 105 13 2
0.05 71 116 15 5
0.0566667 90 164 17 3
0.0633333 75 185 19 5
0.07 93 186 24 0
0.0766667 90 171 25 8
0.0833333 105 167 23 2
0.09 103 194 27 3
0.0966667 112 183 34 3
0.103333 86 188 24 5
0.11 111 199 22 3
0.116667 80 174 36 6
0.123333 84 186 25 4
0.13 67 168 22 1
0.136667 84 138 22 3
0.143333 72 144 29 3
0.15 74 146 16 5
0.156667 61 120 31 4
0.163333 72 124 23 3
0.17 61 134 17 0
0.176667 67 136 25 3
0.183333 54 123 31 3
0.19 58 117 24 4
0.196667 63 130 27 2
0.203333 45 125 19 1
0.21 52 102 15 4
0.216667 60 145 21 2
0.223333 43 85 21 3
0.23 46 110 16 1
0.236667 45 116 20 3
0.243333 52 83 20 5
0.25 46 79 25 2
0.256667 35 91 17 1
0.263333 41 77 14 2
0.27 31 74 16 6
0.276667 41 88 19 3
0.283333 32 72 17 0
0.29 29 75 10 3
0.296667 26 75 4 0
0.303333 32 76 15 4
0.31 38 79 12 0
0.316667 30 69 17 0
0.323333 36 53 15 1
0.33 29 62 14 1
0.336667 33 62 14 1
0.343333 36 58 12 0
0.35 33 58 11 1
0.356667 38 64 10 0
0.363333 34 52 14 1
0.37 28 60 9 4
0.376667 27 52 14 3
0.383333 29 66 13 2
0.39 30 61 8 1
0.396667 33 54 14 2
0.403333 28 55 17 1
0.41 22 45 12 2
0.416667 26 55 12 1
0.423333 20 40 4 2
0.43 19 51 16 1
0.436667 20 38 9 1
0.443333 36 35 14 1
0.45 26 48 7 0
0.456667 17 43 13 3
0.463333 31 39 7 0
0.47 15 45 6 4
0.476667 19 53 8 1
0.483333 17 39 6 2
0.49 22 36 6 0
0.496667 21 21 10 1
0.503333 9 34 10 0
0.51 17 22 2 1
0.516667 17 26 4 0
0.523333 17 31 7 0
0.53 19 25 6 0
0.536667 12 20 6 0
0.543333 15 31 6 3
0.55 16 27 8 2
0.556667 6 30 10 0
0.563333 15 24 5 2
0.57 13 28 6 1
0.576667 13 22 3 2
0.583333 12 21 7 0
0.59 14 26 7 1
0.596667 15 35 4 1
0.603333 9 24 7 0
0.61 12 24 2 1
0.616667 11 28 9 0
0.623333 16 15 5 0
0.63 12 27 3 1
0.636667 14 22 7 0
0.643333 15 19 3 0
0.65 10 16 8 1
0.656667 14 28 9 0
0.663333 404 1141 239 11
0.67 0 0 0 0
0.676667 0 0 0 0
0.683333 0 0 0 0
0.69 0 0 0 0
0.696667 0 0 0 0
0.703333 0 0 0 0
0.71 0 0 0 0
0.716667 0 0 0 0
0.723333 0 0 0 0
0.73 0 0 0 0
0.736667 0 0 0 0
0.743333 0 0 0 0
0.75 0 0 0 0
0.756667 0 0 0 0
0.763333 0 0 0 0
0.77 0 0 0 0
0.776667 0 0 0 0
0.783333 0 0 0 0
0.79 0 0 0 0
0.796667 0 0 0 0
0.803333 0 0 0 0
0.81 0 0 0 0
0.816667 0 0 0 0
0.823333 0 0 0 0
0.83 0 0 0 0
0.836667 0 0 0 0
0.843333 0 0 0 0
0.85 0 0 0 0
0.856667 0 0 0 0
0.863333 0 0 0 0
0.87 0 0 0 0
0.876667 0 0 0 0
0.883333 0 0 0 0
0.89 0 0 0 0
0.896667 0 0 0 0
0.903333 0 0 0 0
0.91 0 0 0 0
0.916667 0 0 0 0
0.923333 0 0 0 0
0.93 0 0 0 0
0.936667 0 0 0 0
0.943333 0 0 0 0
0.95 0 0 0 0
0.956667 0 0 0 0
0.963333 0 0 0 0
0.97 0 0 0 0
0.976667 0 0 0 0
0.983333 0 0 0 0
0.99 0 0 0 0
0.996667 0 0 0 0
1.00333 0 0 0 0
1.01 0 0 0 0
1.01667 0 0 0 0
1.02333 0 0 0 0
1.03 0 0 0 0
1.03667 0 0 0 0
1.04333 0 0 0 0
1.05 0 0 0 0
1.05667 0 0 0 0
1.06333 0 0 0 0
1.07 0 0 0 0
1.07667 0 0 0 0
1.08333 0 0 0 0
1.09 0 0 0 0
1.09667 0 0 0 0
1.10333 0 0 0 0
1.11 0 0 0 0
1.11667 0 0 0 0
1.12333 0 0 0 0
1.13 0 0 0 0
1.13667 0 0 0 0
1.14333 0 0 0 0
1.15 0 0 0 0
1.15667 0 0 0 0
1.16333 0 0 0 0
1.17 0 0 0 0
1.17667 0 0 0 0
1.18333 0 0 0 0
1.19 0 0 0 0
1.19667 0 0 0 0
1.20333 0 0 0 0
1.21 0 0 0 0
1.21667 0 0 0 0
1.22333 0 0 0 0
1.23 0 0 0 0
1.23667 0 0 0 0
1.24333 0 0 0 0
1.25 0 0 0 0
1.25667 0 0 0 0
1.26333 0 0 0 0
1.27 0 0 0 0
1.27667 0 0 0 0
1.28333 0 0 0 0
1.29 0 0 0 0
1.29667 0 0 0 0
1.30333 0 0 0 0
1.31 0 0 0 0
1.31667 0 0 0 0
1.32333 0 0 0 0
1.33 0 0 0 0
1.33667 0 0 0 0
1.34333 0 0 0 0
1.35 0 0 0 0
1.35667 0 0 0 0
1.36333 0 0 0 0
1.37 0 0 0 0
1.37667 0 0 0 0
1.38333 0 0 0 0
1.39 0 0 0 0
1.39667 0 0 0 0
1.40333 0 0 0 0
1.41 0 0 0 0
1.41667 0 0 0 0
1.42333 0 0 0 0
1.43 0 0 0 0
1.43667 0 0 0 0
1.44333 0 0 0 0
1.45 0 0 0 0
1.45667 0 0 0 0
1.46333 0 0 0 0
1.47 0 0 0 0
1.47667 0 0 0 0
1.48333 0 0 0 0
1.49 0 0 0 0
1.49667 0 0 0 0
1.50333 0 0 0 0
1.51 0 0 0 0
1.51667 0 0 0 0
1.52333 0 0 0 0
1.53 0 0 0 0
1.53667 0 0 0 0
1.54333 0 0 0 0
1.55 0 0 0 0
1.55667 0 0 0 0
1.56333 0 0 0 0
1.57 0 0 0 0
1.57667 0 0 0 0
1.58333 0 0 0 0
1.59 0 0 0 0
1.59667 0 0 0 0
1.60333 0 0 0 0
1.61 0 0 0 0
1.61667 0 0 0 0
1.62333 0 0 0 0
1.63 0 0 0 0
1.63667 0 0 0 0
1.64333 0 0 0 0
1.65 0 0 0 0
1.65667 0 0 0 0
1.66333 0 0 0 0
1.67 0 0 0 0
1.67667 0 0 0 0
1.68333 0 0 0 0
1.69 0 0 0 0
1.69667 0 0 0 0
1.70333 0 0 0 0
1.71 0 0 0 0
1.71667 0 0 0 0
1.72333 0 0 0 0
1.73 0 0 0 0
1.73667 0 0 0 0
1.74333 0 0 0 0
1.75 0 0 0 0
1.75667 0 0 0 0
1.76333 0 0 0 0
1.77 0 0 0 0
1.77667 0 0 0 0
1.78333 0 0 0 0
1.79 0 0 0 0
1.79667 0 0 0 0
1.80333 0 0 0 0
1.81 0 0 0 0
1.81667 0 0 0 0
1.82333 0 0 0 0
1.83 0 0 0 0
1.83667 0 0 0 0
1.84333 0 0 0 0
1.85 0 0 0 0
1.85667 0 0 0 0
1.86333 0 0 0 0
1.87 0 0 0 0
1.87667 0 0 0 0
1.88333 0 0 0 0
1.89 0 0 0 0
1.89667 0 0 0 0
1.90333 0 0 0 0
1.91 0 0 0 0
1.91667 0 0 0 0
1.92333 0 0 0 0
1.93 0 0 0 0
1.93667 0 0 0 0
1.94333 0 0 0 0
1.95 0 0 0 0
1.95667 0 0 0 0
1.96333 0 0 0 0
1.97 0 0 0 0
1.97667 0 0 0 0
1.98333 0 0 0 0
1.99 0 0 0 0
1.99667 0 0 0 0
