0.00333333 4 11 36 11
0.01 5 12 42 19
0.0166667 3 8 50 17
0.0233333 2 10 57 14
0.03 5 5 54 25
0.0366667 6 11 56 18
0.0433333 6 22 98 20
0.05 5 19 105 40
0.0566667 7 29 116 37
0.0633333 5 29 147 43
0.07 6 29 155 54
0.0766667 9 25 122 52
0.0833333 7 33 145 48
0.09 6 30 161 45
0.0966667 19 34 162 56
0.103333 11 33 167 39
0.11 15 28 160 44
0.116667 7 27 168 50
0.123333 8 29 155 45
0.13 8 25 146 52
0.136667 6 18 128 30
0.143333 11 34 140 39
0.15 8 21 123 26
0.156667 6 27 120 33
0.163333 7 18 115 45
0.17 6 19 99 42
0.176667 7 18 105 42
0.183333 6 9 120 32
0.19 9 21 134 56
0.196667 3 19 114 34
0.203333 3 15 103 36
0.21 16 18 109 40
0.216667 6 14 109 38
0.223333 11 21 100 34
0.23 3 17 100 30
0.236667 8 20 81 21
0.243333 4 15 88 36
0.25 5 7 91 28
0.256667 10 18 83 31
0.263333 2 14 74 26
0.27 4 14 85 25
0.276667 5 14 67 25
0.283333 2 11 67 19
0.29 6 9 62 23
0.296667 1 12 75 18
0.303333 2 12 75 25
0.31 3 9 75 20
0.316667 2 10 57 17
0.323333 4 17 62 14
0.33 5 6 52 15
0.336667 2 13 72 19
0.343333 6 7 58 22
0.35 9 5 57 14
0.356667 1 16 61 20
0.363333 2 10 62 15
0.37 6 6 43 22
0.376667 1 6 60 17
0.383333 7 9 49 18
0.39 1 12 49 22
0.396667 4 6 33 13
0.403333 1 11 35 14
0.41 3 6 42 17
0.416667 3 6 43 22
0.423333 4 10 48 19
0.43 3 12 46 13
0.436667 2 3 49 15
0.443333 5 7 44 22
0.45 2 7 33 15
0.456667 4 12 51 26
0.463333 1 10 48 11
0.47 4 16 42 19
0.476667 3 7 35 10
0.483333 1 9 24 8
0.49 4 2 29 13
0.496667 3 9 35 12
0.503333 2 8 32 7
0.51 1 4 24 9
0.516667 3 4 32 9
0.523333 0 7 29 6
0.53 2 8 32 17
0.536667 3 5 23 13
0.543333 1 2 32 13
0.55 3 6 29 7
0.556667 1 4 28 9
0.563333 3 3 28 8
0.57 1 5 29 10
0.576667 5 3 21 9
0.583333 1 1 29 8
0.59 0 5 25 10
0.596667 4 3 25 9
0.603333 2 2 23 11
0.61 4 2 32 8
0.616667 2 3 23 10
0.623333 4 2 21 10
0.63 1 2 28 11
0.636667 2 10 24 9
0.643333 3 1 20 6
0.65 1 8 28 13
0.656667 3 4 21 5
0.663333 58 108 1100 341
0.67 0 0 0 0
0.676667 0 0 0 0
0.683333 0 0 0 0
0.69 0 0 0 0
0.696667 0 0 0 0
0.703333 0 0 0 0
0.71 0 0 0 0
0.716667 0 0 0 0
0.723333 0 0 0 0
0.73 0 0 0 0
0.736667 0 0 0 0
0.743333 0 0 0 0
0.75 0 0 0 0
0.756667 0 0 0 0
0.763333 0 0 0 0
0.77 0 0 0 0
0.776667 0 0 0 0
0.783333 0 0 0 0
0.79 0 0 0 0
0.796667 0 0 0 0
0.803333 0 0 0 0
0.81 0 0 0 0
0.816667 0 0 0 0
0.823333 0 0 0 0
0.83 0 0 0 0
0.836667 0 0 0 0
0.843333 0 0 0 0
0.85 0 0 0 0
0.856667 0 0 0 0
0.863333 0 0 0 0
0.87 0 0 0 0
0.876667 0 0 0 0
0.883333 0 0 0 0
0.89 0 0 0 0
0.896667 0 0 0 0
0.903333 0 0 0 0
0.91 0 0 0 0
0.916667 0 0 0 0
0.923333 0 0 0 0
0.93 0 0 0 0
0.936667 0 0 0 0
0.943333 0 0 0 0
0.95 0 0 0 0
0.956667 0 0 0 0
0.963333 0 0 0 0
0.97 0 0 0 0
0.976667 0 0 0 0
0.983333 0 0 0 0
0.99 0 0 0 0
0.996667 0 0 0 0
1.00333 0 0 0 0
1.01 0 0 0 0
1.01667 0 0 0 0
1.02333 0 0 0 0
1.03 0 0 0 0
1.03667 0 0 0 0
1.04333 0 0 0 0
1.05 0 0 0 0
1.05667 0 0 0 0
1.06333 0 0 0 0
1.07 0 0 0 0
1.07667 0 0 0 0
1.08333 0 0 0 0
1.09 0 0 0 0
1.09667 0 0 0 0
1.10333 0 0 0 0
1.11 0 0 0 0
1.11667 0 0 0 0
1.12333 0 0 0 0
1.13 0 0 0 0
1.13667 0 0 0 0
1.14333 0 0 0 0
1.15 0 0 0 0
1.15667 0 0 0 0
1.16333 0 0 0 0
1.17 0 0 0 0
1.17667 0 0 0 0
1.18333 0 0 0 0
1.19 0 0 0 0
1.19667 0 0 0 0
1.20333 0 0 0 0
1.21 0 0 0 0
1.21667 0 0 0 0
1.22333 0 0 0 0
1.23 0 0 0 0
1.23667 0 0 0 0
1.24333 0 0 0 0
1.25 0 0 0 0
1.25667 0 0 0 0
1.26333 0 0 0 0
1.27 0 0 0 0
1.27667 0 0 0 0
1.28333 0 0 0 0
1.29 0 0 0 0
1.29667 0 0 0 0
1.30333 0 0 0 0
1.31 0 0 0 0
1.31667 0 0 0 0
1.32333 0 0 0 0
1.33 0 0 0 0
1.33667 0 0 0 0
1.34333 0 0 0 0
1.35 0 0 0 0
1.35667 0 0 0 0
1.36333 0 0 0 0
1.37 0 0 0 0
1.37667 0 0 0 0
1.38333 0 0 0 0
1.39 0 0 0 0
1.39667 0 0 0 0
1.40333 0 0 0 0
1.41 0 0 0 0
1.41667 0 0 0 0
1.42333 0 0 0 0
1.43 0 0 0 0
1.43667 0 0 0 0
1.44333 0 0 0 0
1.45 0 0 0 0
1.45667 0 0 0 0
1.46333 0 0 0 0
1.47 0 0 0 0
1.47667 0 0 0 0
1.48333 0 0 0 0
1.49 0 0 0 0
1.49667 0 0 0 0
1.50333 0 0 0 0
1.51 0 0 0 0
1.51667 0 0 0 0
1.52333 0 0 0 0
1.53 0 0 0 0
1.53667 0 0 0 0
1.54333 0 0 0 0
1.55 0 0 0 0
1.55667 0 0 0 0
1.56333 0 0 0 0
1.57 0 0 0 0
1.57667 0 0 0 0
1.58333 0 0 0 0
1.59 0 0 0 0
1.59667 0 0 0 0
1.60333 0 0 0 0
1.61 0 0 0 0
1.61667 0 0 0 0
1.62333 0 0 0 0
1.63 0 0 0 0
1.63667 0 0 0 0
1.64333 0 0 0 0
1.65 0 0 0 0
1.65667 0 0 0 0
1.66333 0 0 0 0
1.67 0 0 0 0
1.67667 0 0 0 0
1.68333 0 0 0 0
1.69 0 0 0 0
1.69667 0 0 0 0
1.70333 0 0 0 0
1.71 0 0 0 0
1.71667 0 0 0 0
1.72333 0 0 0 0
1.73 0 0 0 0
1.73667 0 0 0 0
1.74333 0 0 0 0
1.75 0 0 0 0
1.75667 0 0 0 0
1.76333 0 0 0 0
1.77 0 0 0 0
1.77667 0 0 0 0
1.78333 0 0 0 0
1.79 0 0 0 0
1.79667 0 0 0 0
1.80333 0 0 0 0
1.81 0 0 0 0
1.81667 0 0 0 0
1.82333 0 0 0 0
1.83 0 0 0 0
1.83667 0 0 0 0
1.84333 0 0 0 0
1.85 0 0 0 0
1.85667 0 0 0 0
1.86333 0 0 0 0
1.87 0 0 0 0
1.87667 0 0 0 0
1.88333 0 0 0 0
1.89 0 0 0 0
1.89667 0 0 0 0
1.90333 0 0 0 0
1.91 0 0 0 0
1.91667 0 0 0 0
1.92333 0 0 0 0
1.93 0 0 0 0
1.93667 0 0 0 0
1.94333 0 0 0 0
1.95 0 0 0 0
1.95667 0 0 0 0
1.96333 0 0 0 0
1.97 0 0 0 0
1.97667 0 0 0 0
1.98333 0 0 0 0
1.99 0 0 0 0
1.99667 0 0 0 0
