0.00333333 1 4 14 165
0.01 1 0 12 190
0.0166667 4 2 19 176
0.0233333 2 6 21 214
0.03 4 0 26 229
0.0366667 8 8 24 188
0.0433333 8 4 46 196
0.05 2 4 45 243
0.0566667 2 5 51 282
0.0633333 1 7 56 281
0.07 9 7 62 319
0.0766667 1 11 71 333
0.0833333 3 11 57 381
0.09 1 6 63 306
0.0966667 5 12 64 367
0.103333 4 9 52 364
0.11 8 2 59 359
0.116667 8 5 50 402
0.123333 7 6 67 419
0.13 8 8 50 445
0.136667 3 8 42 418
0.143333 5 4 43 408
0.15 8 6 38 416
0.156667 5 4 37 444
0.163333 1 5 50 413
0.17 8 9 38 438
0.176667 3 5 34 425
0.183333 1 5 38 493
0.19 7 4 36 699
0.196667 6 8 44 617
0.203333 9 6 49 579
0.21 7 3 43 558
0.216667 3 6 25 492
0.223333 8 8 35 480
0.23 4 0 28 460
0.236667 4 8 23 424
0.243333 4 3 33 368
0.25 13 3 34 353
0.256667 4 7 33 330
0.263333 2 3 29 312
0.27 3 6 46 285
0.276667 4 0 33 275
0.283333 7 3 28 274
0.29 5 3 31 267
0.296667 3 4 28 263
0.303333 4 1 20 243
0.31 7 7 25 246
0.316667 4 4 26 228
0.323333 2 2 22 206
0.33 1 3 29 195
0.336667 2 6 15 214
0.343333 3 2 27 226
0.35 5 3 18 209
0.356667 4 3 30 224
0.363333 1 2 25 216
0.37 5 4 22 188
0.376667 6 7 12 212
0.383333 8 6 18 179
0.39 2 1 23 186
0.396667 5 4 17 192
0.403333 3 4 20 197
0.41 6 5 14 219
0.416667 6 3 20 187
0.423333 5 4 21 169
0.43 4 3 24 180
0.436667 4 4 11 198
0.443333 1 2 14 213
0.45 4 6 14 177
0.456667 4 2 9 184
0.463333 5 3 17 196
0.47 6 3 18 207
0.476667 6 6 13 174
0.483333 1 1 17 95
0.49 1 3 10 90
0.496667 3 1 10 73
0.503333 1 3 18 90
0.51 2 2 11 67
0.516667 4 3 13 61
0.523333 3 0 11 62
0.53 1 2 12 59
0.536667 1 1 10 66
0.543333 2 5 9 67
0.55 4 6 13 54
0.556667 3 7 8 45
0.563333 2 1 8 57
0.57 1 3 13 67
0.576667 3 0 10 56
0.583333 0 4 9 59
0.59 6 2 13 44
0.596667 3 1 8 35
0.603333 3 3 10 49
0.61 1 0 9 44
0.616667 3 1 12 48
0.623333 4 3 5 42
0.63 1 1 9 43
0.636667 5 4 8 65
0.643333 3 4 8 42
0.65 2 2 8 43
0.656667 3 1 8 36
0.663333 151 64 280 11378
0.67 0 0 0 0
0.676667 0 0 0 0
0.683333 0 0 0 0
0.69 0 0 0 0
0.696667 0 0 0 0
0.703333 0 0 0 0
0.71 0 0 0 0
0.716667 0 0 0 0
0.723333 0 0 0 0
0.73 0 0 0 0
0.736667 0 0 0 0
0.743333 0 0 0 0
0.75 0 0 0 0
0.756667 0 0 0 0
0.763333 0 0 0 0
0.77 0 0 0 0
0.776667 0 0 0 0
0.783333 0 0 0 0
0.79 0 0 0 0
0.796667 0 0 0 0
0.803333 0 0 0 0
0.81 0 0 0 0
0.816667 0 0 0 0
0.823333 0 0 0 0
0.83 0 0 0 0
0.836667 0 0 0 0
0.843333 0 0 0 0
0.85 0 0 0 0
0.856667 0 0 0 0
0.863333 0 0 0 0
0.87 0 0 0 0
0.876667 0 0 0 0
0.883333 0 0 0 0
0.89 0 0 0 0
0.896667 0 0 0 0
0.903333 0 0 0 0
0.91 0 0 0 0
0.916667 0 0 0 0
0.923333 0 0 0 0
0.93 0 0 0 0
0.936667 0 0 0 0
0.943333 0 0 0 0
0.95 0 0 0 0
0.956667 0 0 0 0
0.963333 0 0 0 0
0.97 0 0 0 0
0.976667 0 0 0 0
0.983333 0 0 0 0
0.99 0 0 0 0
0.996667 0 0 0 0
1.00333 0 0 0 0
1.01 0 0 0 0
1.01667 0 0 0 0
1.02333 0 0 0 0
1.03 0 0 0 0
1.03667 0 0 0 0
1.04333 0 0 0 0
1.05 0 0 0 0
1.05667 0 0 0 0
1.06333 0 0 0 0
1.07 0 0 0 0
1.07667 0 0 0 0
1.08333 0 0 0 0
1.09 0 0 0 0
1.09667 0 0 0 0
1.10333 0 0 0 0
1.11 0 0 0 0
1.11667 0 0 0 0
1.12333 0 0 0 0
1.13 0 0 0 0
1.13667 0 0 0 0
1.14333 0 0 0 0
1.15 0 0 0 0
1.15667 0 0 0 0
1.16333 0 0 0 0
1.17 0 0 0 0
1.17667 0 0 0 0
1.18333 0 0 0 0
1.19 0 0 0 0
1.19667 0 0 0 0
1.20333 0 0 0 0
1.21 0 0 0 0
1.21667 0 0 0 0
1.22333 0 0 0 0
1.23 0 0 0 0
1.23667 0 0 0 0
1.24333 0 0 0 0
1.25 0 0 0 0
1.25667 0 0 0 0
1.26333 0 0 0 0
1.27 0 0 0 0
1.27667 0 0 0 0
1.28333 0 0 0 0
1.29 0 0 0 0
1.29667 0 0 0 0
1.30333 0 0 0 0
1.31 0 0 0 0
1.31667 0 0 0 0
1.32333 0 0 0 0
1.33 0 0 0 0
1.33667 0 0 0 0
1.34333 0 0 0 0
1.35 0 0 0 0
1.35667 0 0 0 0
1.36333 0 0 0 0
1.37 0 0 0 0
1.37667 0 0 0 0
1.38333 0 0 0 0
1.39 0 0 0 0
1.39667 0 0 0 0
1.40333 0 0 0 0
1.41 0 0 0 0
1.41667 0 0 0 0
1.42333 0 0 0 0
1.43 0 0 0 0
1.43667 0 0 0 0
1.44333 0 0 0 0
1.45 0 0 0 0
1.45667 0 0 0 0
1.46333 0 0 0 0
1.47 0 0 0 0
1.47667 0 0 0 0
1.48333 0 0 0 0
1.49 0 0 0 0
1.49667 0 0 0 0
1.50333 0 0 0 0
1.51 0 0 0 0
1.51667 0 0 0 0
1.52333 0 0 0 0
1.53 0 0 0 0
1.53667 0 0 0 0
1.54333 0 0 0 0
1.55 0 0 0 0
1.55667 0 0 0 0
1.56333 0 0 0 0
1.57 0 0 0 0
1.57667 0 0 0 0
1.58333 0 0 0 0
1.59 0 0 0 0
1.59667 0 0 0 0
1.60333 0 0 0 0
1.61 0 0 0 0
1.61667 0 0 0 0
1.62333 0 0 0 0
1.63 0 0 0 0
1.63667 0 0 0 0
1.64333 0 0 0 0
1.65 0 0 0 0
1.65667 0 0 0 0
1.66333 0 0 0 0
1.67 0 0 0 0
1.67667 0 0 0 0
1.68333 0 0 0 0
1.69 0 0 0 0
1.69667 0 0 0 0
1.70333 0 0 0 0
1.71 0 0 0 0
1.71667 0 0 0 0
1.72333 0 0 0 0
1.73 0 0 0 0
1.73667 0 0 0 0
1.74333 0 0 0 0
1.75 0 0 0 0
1.75667 0 0 0 0
1.76333 0 0 0 0
1.77 0 0 0 0
1.77667 0 0 0 0
1.78333 0 0 0 0
1.79 0 0 0 0
1.79667 0 0 0 0
1.80333 0 0 0 0
1.81 0 0 0 0
1.81667 0 0 0 0
1.82333 0 0 0 0
1.83 0 0 0 0
1.83667 0 0 0 0
1.84333 0 0 0 0
1.85 0 0 0 0
1.85667 0 0 0 0
1.86333 0 0 0 0
1.87 0 0 0 0
1.87667 0 0 0 0
1.88333 0 0 0 0
1.89 0 0 0 0
1.89667 0 0 0 0
1.90333 0 0 0 0
1.91 0 0 0 0
1.91667 0 0 0 0
1.92333 0 0 0 0
1.93 0 0 0 0
1.93667 0 0 0 0
1.94333 0 0 0 0
1.95 0 0 0 0
1.95667 0 0 0 0
1.96333 0 0 0 0
1.97 0 0 0 0
1.97667 0 0 0 0
1.98333 0 0 0 0
1.99 0 0 0 0
1.99667 0 0 0 0
