0.00333333 15 12 8 14
0.01 13 17 9 15
0.0166667 23 21 11 9
0.0233333 26 13 7 21
0.03 23 25 12 18
0.0366667 21 26 16 15
0.0433333 38 29 15 29
0.05 32 38 21 22
0.0566667 34 47 30 24
0.0633333 26 54 33 28
0.07 37 48 37 21
0.0766667 40 55 29 29
0.0833333 25 66 24 21
0.09 31 47 26 24
0.0966667 33 63 28 24
0.103333 35 61 30 26
0.11 47 61 30 24
0.116667 40 72 29 30
0.123333 41 50 28 25
0.13 35 57 42 31
0.136667 46 54 26 32
0.143333 39 43 18 27
0.15 36 52 18 28
0.156667 37 34 18 18
0.163333 38 39 16 28
0.17 43 48 19 22
0.176667 45 36 18 26
0.183333 49 38 21 34
0.19 57 36 17 51
0.196667 53 40 19 39
0.203333 41 31 15 24
0.21 36 40 16 28
0.216667 42 45 12 39
0.223333 34 36 12 35
0.23 32 35 16 25
0.236667 37 30 23 29
0.243333 32 27 11 29
0.25 41 32 20 16
0.256667 31 36 19 25
0.263333 34 28 20 30
0.27 38 24 12 16
0.276667 33 22 19 16
0.283333 25 24 14 20
0.29 24 37 11 17
0.296667 27 28 16 13
0.303333 26 33 11 13
0.31 29 22 16 14
0.316667 31 27 18 25
0.323333 33 29 16 16
0.33 30 26 17 18
0.336667 22 28 12 13
0.343333 28 33 13 20
0.35 28 17 11 19
0.356667 24 25 12 16
0.363333 21 25 12 20
0.37 20 20 17 13
0.376667 33 24 13 16
0.383333 20 16 14 25
0.39 18 24 10 19
0.396667 20 30 14 25
0.403333 25 16 16 19
0.41 26 16 12 14
0.416667 34 22 12 16
0.423333 25 21 6 16
0.43 21 23 10 17
0.436667 26 23 15 19
0.443333 25 14 9 18
0.45 23 18 10 25
0.456667 27 21 10 17
0.463333 30 18 8 22
0.47 25 25 12 21
0.476667 30 19 10 7
0.483333 12 9 8 4
0.49 10 13 10 12
0.496667 4 9 4 9
0.503333 11 17 2 9
0.51 9 13 2 9
0.516667 9 6 9 3
0.523333 6 16 6 5
0.53 9 8 12 6
0.536667 7 9 7 4
0.543333 14 13 7 2
0.55 6 10 5 11
0.556667 11 11 3 7
0.563333 7 9 4 4
0.57 13 10 4 7
0.576667 7 10 5 8
0.583333 5 12 2 6
0.59 4 15 6 11
0.596667 7 4 4 4
0.603333 4 13 5 3
0.61 5 14 8 8
0.616667 6 9 4 1
0.623333 5 10 3 4
0.63 1 9 7 6
0.636667 7 10 4 5
0.643333 3 12 7 4
0.65 3 19 3 2
0.656667 2 16 2 0
0.663333 1296 418 139 941
0.67 0 0 0 0
0.676667 0 0 0 0
0.683333 0 0 0 0
0.69 0 0 0 0
0.696667 0 0 0 0
0.703333 0 0 0 0
0.71 0 0 0 0
0.716667 0 0 0 0
0.723333 0 0 0 0
0.73 0 0 0 0
0.736667 0 0 0 0
0.743333 0 0 0 0
0.75 0 0 0 0
0.756667 0 0 0 0
0.763333 0 0 0 0
0.77 0 0 0 0
0.776667 0 0 0 0
0.783333 0 0 0 0
0.79 0 0 0 0
0.796667 0 0 0 0
0.803333 0 0 0 0
0.81 0 0 0 0
0.816667 0 0 0 0
0.823333 0 0 0 0
0.83 0 0 0 0
0.836667 0 0 0 0
0.843333 0 0 0 0
0.85 0 0 0 0
0.856667 0 0 0 0
0.863333 0 0 0 0
0.87 0 0 0 0
0.876667 0 0 0 0
0.883333 0 0 0 0
0.89 0 0 0 0
0.896667 0 0 0 0
0.903333 0 0 0 0
0.91 0 0 0 0
0.916667 0 0 0 0
0.923333 0 0 0 0
0.93 0 0 0 0
0.936667 0 0 0 0
0.943333 0 0 0 0
0.95 0 0 0 0
0.956667 0 0 0 0
0.963333 0 0 0 0
0.97 0 0 0 0
0.976667 0 0 0 0
0.983333 0 0 0 0
0.99 0 0 0 0
0.996667 0 0 0 0
1.00333 0 0 0 0
1.01 0 0 0 0
1.01667 0 0 0 0
1.02333 0 0 0 0
1.03 0 0 0 0
1.03667 0 0 0 0
1.04333 0 0 0 0
1.05 0 0 0 0
1.05667 0 0 0 0
1.06333 0 0 0 0
1.07 0 0 0 0
1.07667 0 0 0 0
1.08333 0 0 0 0
1.09 0 0 0 0
1.09667 0 0 0 0
1.10333 0 0 0 0
1.11 0 0 0 0
1.11667 0 0 0 0
1.12333 0 0 0 0
1.13 0 0 0 0
1.13667 0 0 0 0
1.14333 0 0 0 0
1.15 0 0 0 0
1.15667 0 0 0 0
1.16333 0 0 0 0
1.17 0 0 0 0
1.17667 0 0 0 0
1.18333 0 0 0 0
1.19 0 0 0 0
1.19667 0 0 0 0
1.20333 0 0 0 0
1.21 0 0 0 0
1.21667 0 0 0 0
1.22333 0 0 0 0
1.23 0 0 0 0
1.23667 0 0 0 0
1.24333 0 0 0 0
1.25 0 0 0 0
1.25667 0 0 0 0
1.26333 0 0 0 0
1.27 0 0 0 0
1.27667 0 0 0 0
1.28333 0 0 0 0
1.29 0 0 0 0
1.29667 0 0 0 0
1.30333 0 0 0 0
1.31 0 0 0 0
1.31667 0 0 0 0
1.32333 0 0 0 0
1.33 0 0 0 0
1.33667 0 0 0 0
1.34333 0 0 0 0
1.35 0 0 0 0
1.35667 0 0 0 0
1.36333 0 0 0 0
1.37 0 0 0 0
1.37667 0 0 0 0
1.38333 0 0 0 0
1.39 0 0 0 0
1.39667 0 0 0 0
1.40333 0 0 0 0
1.41 0 0 0 0
1.41667 0 0 0 0
1.42333 0 0 0 0
1.43 0 0 0 0
1.43667 0 0 0 0
1.44333 0 0 0 0
1.45 0 0 0 0
1.45667 0 0 0 0
1.46333 0 0 0 0
1.47 0 0 0 0
1.47667 0 0 0 0
1.48333 0 0 0 0
1.49 0 0 0 0
1.49667 0 0 0 0
1.50333 0 0 0 0
1.51 0 0 0 0
1.51667 0 0 0 0
1.52333 0 0 0 0
1.53 0 0 0 0
1.53667 0 0 0 0
1.54333 0 0 0 0
1.55 0 0 0 0
1.55667 0 0 0 0
1.56333 0 0 0 0
1.57 0 0 0 0
1.57667 0 0 0 0
1.58333 0 0 0 0
1.59 0 0 0 0
1.59667 0 0 0 0
1.60333 0 0 0 0
1.61 0 0 0 0
1.61667 0 0 0 0
1.62333 0 0 0 0
1.63 0 0 0 0
1.63667 0 0 0 0
1.64333 0 0 0 0
1.65 0 0 0 0
1.65667 0 0 0 0
1.66333 0 0 0 0
1.67 0 0 0 0
1.67667 0 0 0 0
1.68333 0 0 0 0
1.69 0 0 0 0
1.69667 0 0 0 0
1.70333 0 0 0 0
1.71 0 0 0 0
1.71667 0 0 0 0
1.72333 0 0 0 0
1.73 0 0 0 0
1.73667 0 0 0 0
1.74333 0 0 0 0
1.75 0 0 0 0
1.75667 0 0 0 0
1.76333 0 0 0 0
1.77 0 0 0 0
1.77667 0 0 0 0
1.78333 0 0 0 0
1.79 0 0 0 0
1.79667 0 0 0 0
1.80333 0 0 0 0
1.81 0 0 0 0
1.81667 0 0 0 0
1.82333 0 0 0 0
1.83 0 0 0 0
1.83667 0 0 0 0
1.84333 0 0 0 0
1.85 0 0 0 0
1.85667 0 0 0 0
1.86333 0 0 0 0
1.87 0 0 0 0
1.87667 0 0 0 0
1.88333 0 0 0 0
1.89 0 0 0 0
1.89667 0 0 0 0
1.90333 0 0 0 0
1.91 0 0 0 0
1.91667 0 0 0 0
1.92333 0 0 0 0
1.93 0 0 0 0
1.93667 0 0 0 0
1.94333 0 0 0 0
1.95 0 0 0 0
1.95667 0 0 0 0
1.96333 0 0 0 0
1.97 0 0 0 0
1.97667 0 0 0 0
1.98333 0 0 0 0
1.99 0 0 0 0
1.99667 0 0 0 0
