0.00333333 39 9 1 2
0.01 39 12 4 1
0.0166667 49 12 3 3
0.0233333 48 13 2 1
0.03 52 18 1 0
0.0366667 59 20 3 0
0.0433333 80 40 9 2
0.05 105 47 4 0
0.0566667 115 43 2 2
0.0633333 121 65 4 0
0.07 130 63 6 0
0.0766667 140 67 4 1
0.0833333 141 62 5 1
0.09 144 62 7 1
0.0966667 131 75 4 3
0.103333 138 62 5 2
0.11 166 58 12 3
0.116667 156 58 6 1
0.123333 150 50 6 0
0.13 139 63 5 2
0.136667 134 36 2 2
0.143333 100 46 3 2
0.15 97 45 5 0
0.156667 105 41 5 0
0.163333 93 50 5 0
0.17 100 33 5 4
0.176667 121 30 5 1
0.183333 91 29 2 1
0.19 117 40 2 2
0.196667 107 31 4 0
0.203333 81 30 4 2
0.21 85 35 4 2
0.216667 95 30 3 1
0.223333 115 38 6 3
0.23 89 28 6 3
0.236667 91 20 5 1
0.243333 93 26 2 0
0.25 76 26 4 2
0.256667 85 34 6 1
0.263333 78 23 5 2
0.27 63 25 3 0
0.276667 75 26 2 0
0.283333 82 30 2 2
0.29 73 23 9 1
0.296667 81 21 3 0
0.303333 68 29 7 1
0.31 63 27 1 1
0.316667 67 21 1 0
0.323333 57 27 2 1
0.33 56 21 0 1
0.336667 55 22 2 0
0.343333 60 18 2 0
0.35 46 25 2 0
0.356667 70 23 1 0
0.363333 53 23 1 0
0.37 71 30 3 1
0.376667 51 20 1 1
0.383333 59 17 2 1
0.39 52 19 3 0
0.396667 54 17 0 0
0.403333 50 21 1 0
0.41 58 17 0 1
0.416667 49 13 2 1
0.423333 56 15 4 3
0.43 52 16 4 4
0.436667 46 13 2 1
0.443333 44 12 2 1
0.45 55 18 1 0
0.456667 42 12 4 0
0.463333 54 15 3 1
0.47 43 11 4 0
0.476667 52 9 2 2
0.483333 32 14 2 0
0.49 36 13 3 0
0.496667 37 6 0 0
0.503333 37 14 1 0
0.51 41 9 3 1
0.516667 19 9 0 0
0.523333 25 7 1 0
0.53 20 12 0 0
0.536667 36 14 1 1
0.543333 24 10 0 2
0.55 33 15 1 0
0.556667 30 12 0 2
0.563333 15 6 2 0
0.57 34 9 0 0
0.576667 34 14 1 0
0.583333 18 4 2 1
0.59 33 7 0 0
0.596667 25 6 1 1
0.603333 22 5 1 0
0.61 32 12 1 2
0.616667 22 7 0 1
0.623333 22 9 2 1
0.63 21 11 0 0
0.636667 31 10 3 1
0.643333 21 9 1 0
0.65 18 5 1 1
0.656667 20 7 0 1
0.663333 1311 217 38 4
0.67 0 0 0 0
0.676667 0 0 0 0
0.683333 0 0 0 0
0.69 0 0 0 0
0.696667 0 0 0 0
0.703333 0 0 0 0
0.71 0 0 0 0
0.716667 0 0 0 0
0.723333 0 0 0 0
0.73 0 0 0 0
0.736667 0 0 0 0
0.743333 0 0 0 0
0.75 0 0 0 0
0.756667 0 0 0 0
0.763333 0 0 0 0
0.77 0 0 0 0
0.776667 0 0 0 0
0.783333 0 0 0 0
0.79 0 0 0 0
0.796667 0 0 0 0
0.803333 0 0 0 0
0.81 0 0 0 0
0.816667 0 0 0 0
0.823333 0 0 0 0
0.83 0 0 0 0
0.836667 0 0 0 0
0.843333 0 0 0 0
0.85 0 0 0 0
0.856667 0 0 0 0
0.863333 0 0 0 0
0.87 0 0 0 0
0.876667 0 0 0 0
0.883333 0 0 0 0
0.89 0 0 0 0
0.896667 0 0 0 0
0.903333 0 0 0 0
0.91 0 0 0 0
0.916667 0 0 0 0
0.923333 0 0 0 0
0.93 0 0 0 0
0.936667 0 0 0 0
0.943333 0 0 0 0
0.95 0 0 0 0
0.956667 0 0 0 0
0.963333 0 0 0 0
0.97 0 0 0 0
0.976667 0 0 0 0
0.983333 0 0 0 0
0.99 0 0 0 0
0.996667 0 0 0 0
1.00333 0 0 0 0
1.01 0 0 0 0
1.01667 0 0 0 0
1.02333 0 0 0 0
1.03 0 0 0 0
1.03667 0 0 0 0
1.04333 0 0 0 0
1.05 0 0 0 0
1.05667 0 0 0 0
1.06333 0 0 0 0
1.07 0 0 0 0
1.07667 0 0 0 0
1.08333 0 0 0 0
1.09 0 0 0 0
1.09667 0 0 0 0
1.10333 0 0 0 0
1.11 0 0 0 0
1.11667 0 0 0 0
1.12333 0 0 0 0
1.13 0 0 0 0
1.13667 0 0 0 0
1.14333 0 0 0 0
1.15 0 0 0 0
1.15667 0 0 0 0
1.16333 0 0 0 0
1.17 0 0 0 0
1.17667 0 0 0 0
1.18333 0 0 0 0
1.19 0 0 0 0
1.19667 0 0 0 0
1.20333 0 0 0 0
1.21 0 0 0 0
1.21667 0 0 0 0
1.22333 0 0 0 0
1.23 0 0 0 0
1.23667 0 0 0 0
1.24333 0 0 0 0
1.25 0 0 0 0
1.25667 0 0 0 0
1.26333 0 0 0 0
1.27 0 0 0 0
1.27667 0 0 0 0
1.28333 0 0 0 0
1.29 0 0 0 0
1.29667 0 0 0 0
1.30333 0 0 0 0
1.31 0 0 0 0
1.31667 0 0 0 0
1.32333 0 0 0 0
1.33 0 0 0 0
1.33667 0 0 0 0
1.34333 0 0 0 0
1.35 0 0 0 0
1.35667 0 0 0 0
1.36333 0 0 0 0
1.37 0 0 0 0
1.37667 0 0 0 0
1.38333 0 0 0 0
1.39 0 0 0 0
1.39667 0 0 0 0
1.40333 0 0 0 0
1.41 0 0 0 0
1.41667 0 0 0 0
1.42333 0 0 0 0
1.43 0 0 0 0
1.43667 0 0 0 0
1.44333 0 0 0 0
1.45 0 0 0 0
1.45667 0 0 0 0
1.46333 0 0 0 0
1.47 0 0 0 0
1.47667 0 0 0 0
1.48333 0 0 0 0
1.49 0 0 0 0
1.49667 0 0 0 0
1.50333 0 0 0 0
1.51 0 0 0 0
1.51667 0 0 0 0
1.52333 0 0 0 0
1.53 0 0 0 0
1.53667 0 0 0 0
1.54333 0 0 0 0
1.55 0 0 0 0
1.55667 0 0 0 0
1.56333 0 0 0 0
1.57 0 0 0 0
1.57667 0 0 0 0
1.58333 0 0 0 0
1.59 0 0 0 0
1.59667 0 0 0 0
1.60333 0 0 0 0
1.61 0 0 0 0
1.61667 0 0 0 0
1.62333 0 0 0 0
1.63 0 0 0 0
1.63667 0 0 0 0
1.64333 0 0 0 0
1.65 0 0 0 0
1.65667 0 0 0 0
1.66333 0 0 0 0
1.67 0 0 0 0
1.67667 0 0 0 0
1.68333 0 0 0 0
1.69 0 0 0 0
1.69667 0 0 0 0
1.70333 0 0 0 0
1.71 0 0 0 0
1.71667 0 0 0 0
1.72333 0 0 0 0
1.73 0 0 0 0
1.73667 0 0 0 0
1.74333 0 0 0 0
1.75 0 0 0 0
1.75667 0 0 0 0
1.76333 0 0 0 0
1.77 0 0 0 0
1.77667 0 0 0 0
1.78333 0 0 0 0
1.79 0 0 0 0
1.79667 0 0 0 0
1.80333 0 0 0 0
1.81 0 0 0 0
1.81667 0 0 0 0
1.82333 0 0 0 0
1.83 0 0 0 0
1.83667 0 0 0 0
1.84333 0 0 0 0
1.85 0 0 0 0
1.85667 0 0 0 0
1.86333 0 0 0 0
1.87 0 0 0 0
1.87667 0 0 0 0
1.88333 0 0 0 0
1.89 0 0 0 0
1.89667 0 0 0 0
1.90333 0 0 0 0
1.91 0 0 0 0
1.91667 0 0 0 0
1.92333 0 0 0 0
1.93 0 0 0 0
1.93667 0 0 0 0
1.94333 0 0 0 0
1.95 0 0 0 0
1.95667 0 0 0 0
1.96333 0 0 0 0
1.97 0 0 0 0
1.97667 0 0 0 0
1.98333 0 0 0 0
1.99 0 0 0 0
1.99667 0 0 0 0
