0.00333333 6 37 19 4
0.01 8 44 16 9
0.0166667 16 44 32 6
0.0233333 11 44 36 5
0.03 9 41 26 8
0.0366667 18 36 31 15
0.0433333 15 106 58 12
0.05 34 101 59 17
0.0566667 35 128 73 29
0.0633333 32 123 83 19
0.07 45 143 73 21
0.0766667 33 134 96 20
0.0833333 33 151 89 27
0.09 42 143 91 24
0.0966667 34 155 94 20
0.103333 40 138 107 16
0.11 33 122 97 26
0.116667 39 157 102 15
0.123333 27 150 87 20
0.13 41 145 89 11
0.136667 31 102 66 22
0.143333 30 122 67 14
0.15 33 110 80 14
0.156667 23 106 66 13
0.163333 27 84 74 17
0.17 32 98 65 16
0.176667 27 115 73 18
0.183333 25 121 54 17
0.19 24 110 73 21
0.196667 30 102 66 17
0.203333 21 103 64 17
0.21 21 95 64 7
0.216667 19 76 39 17
0.223333 30 91 54 11
0.23 23 94 38 13
0.236667 18 85 47 16
0.243333 17 66 57 7
0.25 25 92 40 10
0.256667 17 65 52 17
0.263333 10 67 38 16
0.27 15 70 48 16
0.276667 19 68 25 9
0.283333 14 48 36 9
0.29 10 48 40 13
0.296667 15 58 37 12
0.303333 10 57 40 10
0.31 19 73 30 8
0.316667 18 56 33 7
0.323333 19 53 33 11
0.33 17 54 29 6
0.336667 8 68 24 9
0.343333 8 49 32 7
0.35 14 42 33 12
0.356667 12 52 29 6
0.363333 20 67 21 5
0.37 6 36 19 11
0.376667 9 42 24 8
0.383333 17 29 24 7
0.39 11 39 31 7
0.396667 16 37 21 7
0.403333 10 42 32 8
0.41 16 36 26 5
0.416667 15 30 21 7
0.423333 10 28 22 3
0.43 16 36 24 8
0.436667 13 45 24 8
0.443333 10 39 20 5
0.45 11 37 14 10
0.456667 9 30 28 8
0.463333 16 41 28 6
0.47 10 32 15 5
0.476667 14 24 22 11
0.483333 10 24 14 10
0.49 5 31 13 6
0.496667 7 18 12 5
0.503333 12 25 17 2
0.51 9 24 17 7
0.516667 10 23 8 6
0.523333 6 22 11 4
0.53 5 21 14 4
0.536667 5 20 12 11
0.543333 5 20 19 6
0.55 5 19 11 4
0.556667 4 21 14 5
0.563333 7 24 11 4
0.57 1 22 12 6
0.576667 7 17 11 4
0.583333 10 16 14 6
0.59 2 24 10 3
0.596667 9 13 22 2
0.603333 8 18 10 5
0.61 4 14 9 4
0.616667 4 12 7 5
0.623333 4 21 8 3
0.63 4 14 7 5
0.636667 5 18 14 1
0.643333 5 11 11 4
0.65 5 24 11 2
0.656667 2 11 9 4
0.663333 186 748 490 104
0.67 0 0 0 0
0.676667 0 0 0 0
0.683333 0 0 0 0
0.69 0 0 0 0
0.696667 0 0 0 0
0.703333 0 0 0 0
0.71 0 0 0 0
0.716667 0 0 0 0
0.723333 0 0 0 0
0.73 0 0 0 0
0.736667 0 0 0 0
0.743333 0 0 0 0
0.75 0 0 0 0
0.756667 0 0 0 0
0.763333 0 0 0 0
0.77 0 0 0 0
0.776667 0 0 0 0
0.783333 0 0 0 0
0.79 0 0 0 0
0.796667 0 0 0 0
0.803333 0 0 0 0
0.81 0 0 0 0
0.816667 0 0 0 0
0.823333 0 0 0 0
0.83 0 0 0 0
0.836667 0 0 0 0
0.843333 0 0 0 0
0.85 0 0 0 0
0.856667 0 0 0 0
0.863333 0 0 0 0
0.87 0 0 0 0
0.876667 0 0 0 0
0.883333 0 0 0 0
0.89 0 0 0 0
0.896667 0 0 0 0
0.903333 0 0 0 0
0.91 0 0 0 0
0.916667 0 0 0 0
0.923333 0 0 0 0
0.93 0 0 0 0
0.936667 0 0 0 0
0.943333 0 0 0 0
0.95 0 0 0 0
0.956667 0 0 0 0
0.963333 0 0 0 0
0.97 0 0 0 0
0.976667 0 0 0 0
0.983333 0 0 0 0
0.99 0 0 0 0
0.996667 0 0 0 0
1.00333 0 0 0 0
1.01 0 0 0 0
1.01667 0 0 0 0
1.02333 0 0 0 0
1.03 0 0 0 0
1.03667 0 0 0 0
1.04333 0 0 0 0
1.05 0 0 0 0
1.05667 0 0 0 0
1.06333 0 0 0 0
1.07 0 0 0 0
1.07667 0 0 0 0
1.08333 0 0 0 0
1.09 0 0 0 0
1.09667 0 0 0 0
1.10333 0 0 0 0
1.11 0 0 0 0
1.11667 0 0 0 0
1.12333 0 0 0 0
1.13 0 0 0 0
1.13667 0 0 0 0
1.14333 0 0 0 0
1.15 0 0 0 0
1.15667 0 0 0 0
1.16333 0 0 0 0
1.17 0 0 0 0
1.17667 0 0 0 0
1.18333 0 0 0 0
1.19 0 0 0 0
1.19667 0 0 0 0
1.20333 0 0 0 0
1.21 0 0 0 0
1.21667 0 0 0 0
1.22333 0 0 0 0
1.23 0 0 0 0
1.23667 0 0 0 0
1.24333 0 0 0 0
1.25 0 0 0 0
1.25667 0 0 0 0
1.26333 0 0 0 0
1.27 0 0 0 0
1.27667 0 0 0 0
1.28333 0 0 0 0
1.29 0 0 0 0
1.29667 0 0 0 0
1.30333 0 0 0 0
1.31 0 0 0 0
1.31667 0 0 0 0
1.32333 0 0 0 0
1.33 0 0 0 0
1.33667 0 0 0 0
1.34333 0 0 0 0
1.35 0 0 0 0
1.35667 0 0 0 0
1.36333 0 0 0 0
1.37 0 0 0 0
1.37667 0 0 0 0
1.38333 0 0 0 0
1.39 0 0 0 0
1.39667 0 0 0 0
1.40333 0 0 0 0
1.41 0 0 0 0
1.41667 0 0 0 0
1.42333 0 0 0 0
1.43 0 0 0 0
1.43667 0 0 0 0
1.44333 0 0 0 0
1.45 0 0 0 0
1.45667 0 0 0 0
1.46333 0 0 0 0
1.47 0 0 0 0
1.47667 0 0 0 0
1.48333 0 0 0 0
1.49 0 0 0 0
1.49667 0 0 0 0
1.50333 0 0 0 0
1.51 0 0 0 0
1.51667 0 0 0 0
1.52333 0 0 0 0
1.53 0 0 0 0
1.53667 0 0 0 0
1.54333 0 0 0 0
1.55 0 0 0 0
1.55667 0 0 0 0
1.56333 0 0 0 0
1.57 0 0 0 0
1.57667 0 0 0 0
1.58333 0 0 0 0
1.59 0 0 0 0
1.59667 0 0 0 0
1.60333 0 0 0 0
1.61 0 0 0 0
1.61667 0 0 0 0
1.62333 0 0 0 0
1.63 0 0 0 0
1.63667 0 0 0 0
1.64333 0 0 0 0
1.65 0 0 0 0
1.65667 0 0 0 0
1.66333 0 0 0 0
1.67 0 0 0 0
1.67667 0 0 0 0
1.68333 0 0 0 0
1.69 0 0 0 0
1.69667 0 0 0 0
1.70333 0 0 0 0
1.71 0 0 0 0
1.71667 0 0 0 0
1.72333 0 0 0 0
1.73 0 0 0 0
1.73667 0 0 0 0
1.74333 0 0 0 0
1.75 0 0 0 0
1.75667 0 0 0 0
1.76333 0 0 0 0
1.77 0 0 0 0
1.77667 0 0 0 0
1.78333 0 0 0 0
1.79 0 0 0 0
1.79667 0 0 0 0
1.80333 0 0 0 0
1.81 0 0 0 0
1.81667 0 0 0 0
1.82333 0 0 0 0
1.83 0 0 0 0
1.83667 0 0 0 0
1.84333 0 0 0 0
1.85 0 0 0 0
1.85667 0 0 0 0
1.86333 0 0 0 0
1.87 0 0 0 0
1.87667 0 0 0 0
1.88333 0 0 0 0
1.89 0 0 0 0
1.89667 0 0 0 0
1.90333 0 0 0 0
1.91 0 0 0 0
1.91667 0 0 0 0
1.92333 0 0 0 0
1.93 0 0 0 0
1.93667 0 0 0 0
1.94333 0 0 0 0
1.95 0 0 0 0
1.95667 0 0 0 0
1.96333 0 0 0 0
1.97 0 0 0 0
1.97667 0 0 0 0
1.98333 0 0 0 0
1.99 0 0 0 0
1.99667 0 0 0 0
