0.00333333 1 33 33 2
0.01 3 40 35 11
0.0166667 9 42 56 9
0.0233333 6 46 45 9
0.03 5 30 56 12
0.0366667 9 58 81 8
0.0433333 11 62 95 8
0.05 18 82 113 23
0.0566667 15 94 122 18
0.0633333 13 101 133 28
0.07 14 106 146 27
0.0766667 20 121 178 27
0.0833333 16 108 160 22
0.09 16 116 181 20
0.0966667 13 113 157 21
0.103333 21 100 151 19
0.11 9 120 169 18
0.116667 15 110 192 18
0.123333 15 111 177 17
0.13 12 114 160 16
0.136667 8 89 151 17
0.143333 9 96 178 12
0.15 14 79 143 17
0.156667 9 87 152 12
0.163333 8 111 159 17
0.17 13 92 126 14
0.176667 6 88 117 23
0.183333 8 97 133 18
0.19 12 96 156 20
0.196667 10 102 167 12
0.203333 11 91 146 9
0.21 8 101 117 16
0.216667 12 99 110 14
0.223333 10 72 125 7
0.23 17 84 111 15
0.236667 5 80 116 14
0.243333 10 74 91 8
0.25 9 61 99 12
0.256667 4 73 89 18
0.263333 6 56 94 7
0.27 6 61 82 9
0.276667 8 52 86 10
0.283333 9 57 74 16
0.29 7 55 84 5
0.296667 6 56 75 8
0.303333 6 48 64 8
0.31 4 64 69 6
0.316667 3 47 62 7
0.323333 5 49 61 10
0.33 3 41 54 12
0.336667 6 51 87 11
0.343333 11 46 58 7
0.35 5 40 77 2
0.356667 6 44 59 15
0.363333 7 47 83 6
0.37 7 53 65 6
0.376667 6 40 60 10
0.383333 4 37 53 6
0.39 4 35 65 6
0.396667 11 34 76 11
0.403333 7 35 57 3
0.41 7 34 47 7
0.416667 6 37 59 8
0.423333 7 32 53 7
0.43 3 46 46 5
0.436667 4 38 61 0
0.443333 5 36 57 7
0.45 5 25 64 4
0.456667 3 48 47 8
0.463333 6 40 64 3
0.47 4 33 46 10
0.476667 2 36 39 6
0.483333 5 30 32 6
0.49 3 30 28 7
0.496667 4 27 26 6
0.503333 4 16 34 7
0.51 2 14 31 2
0.516667 4 20 29 5
0.523333 2 24 27 2
0.53 3 18 20 2
0.536667 6 18 16 3
0.543333 3 16 22 3
0.55 0 19 25 1
0.556667 2 26 19 3
0.563333 3 18 21 3
0.57 4 15 21 4
0.576667 1 16 25 3
0.583333 4 22 28 2
0.59 1 12 22 7
0.596667 2 20 13 4
0.603333 3 19 31 4
0.61 0 22 18 6
0.616667 4 20 16 2
0.623333 2 15 24 4
0.63 1 14 20 4
0.636667 5 20 23 4
0.643333 1 9 13 2
0.65 4 17 33 4
0.656667 1 17 18 1
0.663333 66 1144 1631 99
0.67 0 0 0 0
0.676667 0 0 0 0
0.683333 0 0 0 0
0.69 0 0 0 0
0.696667 0 0 0 0
0.703333 0 0 0 0
0.71 0 0 0 0
0.716667 0 0 0 0
0.723333 0 0 0 0
0.73 0 0 0 0
0.736667 0 0 0 0
0.743333 0 0 0 0
0.75 0 0 0 0
0.756667 0 0 0 0
0.763333 0 0 0 0
0.77 0 0 0 0
0.776667 0 0 0 0
0.783333 0 0 0 0
0.79 0 0 0 0
0.796667 0 0 0 0
0.803333 0 0 0 0
0.81 0 0 0 0
0.816667 0 0 0 0
0.823333 0 0 0 0
0.83 0 0 0 0
0.836667 0 0 0 0
0.843333 0 0 0 0
0.85 0 0 0 0
0.856667 0 0 0 0
0.863333 0 0 0 0
0.87 0 0 0 0
0.876667 0 0 0 0
0.883333 0 0 0 0
0.89 0 0 0 0
0.896667 0 0 0 0
0.903333 0 0 0 0
0.91 0 0 0 0
0.916667 0 0 0 0
0.923333 0 0 0 0
0.93 0 0 0 0
0.936667 0 0 0 0
0.943333 0 0 0 0
0.95 0 0 0 0
0.956667 0 0 0 0
0.963333 0 0 0 0
0.97 0 0 0 0
0.976667 0 0 0 0
0.983333 0 0 0 0
0.99 0 0 0 0
0.996667 0 0 0 0
1.00333 0 0 0 0
1.01 0 0 0 0
1.01667 0 0 0 0
1.02333 0 0 0 0
1.03 0 0 0 0
1.03667 0 0 0 0
1.04333 0 0 0 0
1.05 0 0 0 0
1.05667 0 0 0 0
1.06333 0 0 0 0
1.07 0 0 0 0
1.07667 0 0 0 0
1.08333 0 0 0 0
1.09 0 0 0 0
1.09667 0 0 0 0
1.10333 0 0 0 0
1.11 0 0 0 0
1.11667 0 0 0 0
1.12333 0 0 0 0
1.13 0 0 0 0
1.13667 0 0 0 0
1.14333 0 0 0 0
1.15 0 0 0 0
1.15667 0 0 0 0
1.16333 0 0 0 0
1.17 0 0 0 0
1.17667 0 0 0 0
1.18333 0 0 0 0
1.19 0 0 0 0
1.19667 0 0 0 0
1.20333 0 0 0 0
1.21 0 0 0 0
1.21667 0 0 0 0
1.22333 0 0 0 0
1.23 0 0 0 0
1.23667 0 0 0 0
1.24333 0 0 0 0
1.25 0 0 0 0
1.25667 0 0 0 0
1.26333 0 0 0 0
1.27 0 0 0 0
1.27667 0 0 0 0
1.28333 0 0 0 0
1.29 0 0 0 0
1.29667 0 0 0 0
1.30333 0 0 0 0
1.31 0 0 0 0
1.31667 0 0 0 0
1.32333 0 0 0 0
1.33 0 0 0 0
1.33667 0 0 0 0
1.34333 0 0 0 0
1.35 0 0 0 0
1.35667 0 0 0 0
1.36333 0 0 0 0
1.37 0 0 0 0
1.37667 0 0 0 0
1.38333 0 0 0 0
1.39 0 0 0 0
1.39667 0 0 0 0
1.40333 0 0 0 0
1.41 0 0 0 0
1.41667 0 0 0 0
1.42333 0 0 0 0
1.43 0 0 0 0
1.43667 0 0 0 0
1.44333 0 0 0 0
1.45 0 0 0 0
1.45667 0 0 0 0
1.46333 0 0 0 0
1.47 0 0 0 0
1.47667 0 0 0 0
1.48333 0 0 0 0
1.49 0 0 0 0
1.49667 0 0 0 0
1.50333 0 0 0 0
1.51 0 0 0 0
1.51667 0 0 0 0
1.52333 0 0 0 0
1.53 0 0 0 0
1.53667 0 0 0 0
1.54333 0 0 0 0
1.55 0 0 0 0
1.55667 0 0 0 0
1.56333 0 0 0 0
1.57 0 0 0 0
1.57667 0 0 0 0
1.58333 0 0 0 0
1.59 0 0 0 0
1.59667 0 0 0 0
1.60333 0 0 0 0
1.61 0 0 0 0
1.61667 0 0 0 0
1.62333 0 0 0 0
1.63 0 0 0 0
1.63667 0 0 0 0
1.64333 0 0 0 0
1.65 0 0 0 0
1.65667 0 0 0 0
1.66333 0 0 0 0
1.67 0 0 0 0
1.67667 0 0 0 0
1.68333 0 0 0 0
1.69 0 0 0 0
1.69667 0 0 0 0
1.70333 0 0 0 0
1.71 0 0 0 0
1.71667 0 0 0 0
1.72333 0 0 0 0
1.73 0 0 0 0
1.73667 0 0 0 0
1.74333 0 0 0 0
1.75 0 0 0 0
1.75667 0 0 0 0
1.76333 0 0 0 0
1.77 0 0 0 0
1.77667 0 0 0 0
1.78333 0 0 0 0
1.79 0 0 0 0
1.79667 0 0 0 0
1.80333 0 0 0 0
1.81 0 0 0 0
1.81667 0 0 0 0
1.82333 0 0 0 0
1.83 0 0 0 0
1.83667 0 0 0 0
1.84333 0 0 0 0
1.85 0 0 0 0
1.85667 0 0 0 0
1.86333 0 0 0 0
1.87 0 0 0 0
1.87667 0 0 0 0
1.88333 0 0 0 0
1.89 0 0 0 0
1.89667 0 0 0 0
1.90333 0 0 0 0
1.91 0 0 0 0
1.91667 0 0 0 0
1.92333 0 0 0 0
1.93 0 0 0 0
1.93667 0 0 0 0
1.94333 0 0 0 0
1.95 0 0 0 0
1.95667 0 0 0 0
1.96333 0 0 0 0
1.97 0 0 0 0
1.97667 0 0 0 0
1.98333 0 0 0 0
1.99 0 0 0 0
1.99667 0 0 0 0
