0.00333333 0 14 90 8
0.01 3 22 107 16
0.0166667 3 17 103 15
0.0233333 2 17 133 17
0.03 5 25 116 23
0.0366667 5 19 148 22
0.0433333 3 25 178 30
0.05 6 34 221 39
0.0566667 7 31 265 46
0.0633333 4 45 297 53
0.07 7 43 304 69
0.0766667 10 51 325 55
0.0833333 6 47 340 52
0.09 7 42 334 48
0.0966667 6 40 355 49
0.103333 7 53 351 56
0.11 5 38 367 56
0.116667 7 53 370 62
0.123333 9 52 327 65
0.13 13 41 367 47
0.136667 5 32 339 40
0.143333 9 45 303 47
0.15 4 40 320 36
0.156667 2 33 328 30
0.163333 5 31 328 43
0.17 7 36 310 32
0.176667 4 33 319 30
0.183333 2 37 307 34
0.19 8 42 360 35
0.196667 5 37 377 26
0.203333 4 29 325 35
0.21 4 35 306 35
0.216667 1 37 281 26
0.223333 8 27 293 32
0.23 6 25 261 20
0.236667 0 31 250 27
0.243333 3 29 237 24
0.25 7 18 230 26
0.256667 5 20 203 20
0.263333 3 25 181 20
0.27 3 23 169 26
0.276667 4 26 162 24
0.283333 5 24 179 24
0.29 5 26 160 22
0.296667 4 11 161 21
0.303333 2 17 179 25
0.31 2 20 161 25
0.316667 2 15 149 16
0.323333 2 18 150 15
0.33 2 11 131 17
0.336667 2 18 124 14
0.343333 1 13 120 22
0.35 1 22 140 12
0.356667 4 12 122 20
0.363333 1 17 111 18
0.37 4 16 120 17
0.376667 2 11 118 15
0.383333 4 12 96 15
0.39 3 20 123 14
0.396667 3 15 120 11
0.403333 3 12 99 18
0.41 4 5 106 18
0.416667 4 14 117 10
0.423333 2 12 129 23
0.43 1 17 107 8
0.436667 3 10 106 9
0.443333 3 18 114 15
0.45 1 17 122 11
0.456667 3 20 121 16
0.463333 3 14 101 15
0.47 6 10 118 12
0.476667 1 14 92 10
0.483333 0 10 63 11
0.49 1 10 61 12
0.496667 1 4 63 11
0.503333 5 12 73 17
0.51 0 13 69 8
0.516667 0 13 57 10
0.523333 3 8 63 9
0.53 2 9 53 10
0.536667 1 8 43 9
0.543333 1 6 48 3
0.55 1 5 47 6
0.556667 2 10 40 10
0.563333 3 11 41 6
0.57 2 3 52 6
0.576667 4 7 44 7
0.583333 3 10 42 7
0.59 1 8 43 5
0.596667 2 9 39 11
0.603333 2 8 45 8
0.61 1 7 43 9
0.616667 3 6 39 5
0.623333 1 4 35 3
0.63 4 5 47 7
0.636667 0 5 52 7
0.643333 2 12 35 6
0.65 1 9 36 9
0.656667 0 3 33 2
0.663333 20 277 4109 215
0.67 0 0 0 0
0.676667 0 0 0 0
0.683333 0 0 0 0
0.69 0 0 0 0
0.696667 0 0 0 0
0.703333 0 0 0 0
0.71 0 0 0 0
0.716667 0 0 0 0
0.723333 0 0 0 0
0.73 0 0 0 0
0.736667 0 0 0 0
0.743333 0 0 0 0
0.75 0 0 0 0
0.756667 0 0 0 0
0.763333 0 0 0 0
0.77 0 0 0 0
0.776667 0 0 0 0
0.783333 0 0 0 0
0.79 0 0 0 0
0.796667 0 0 0 0
0.803333 0 0 0 0
0.81 0 0 0 0
0.816667 0 0 0 0
0.823333 0 0 0 0
0.83 0 0 0 0
0.836667 0 0 0 0
0.843333 0 0 0 0
0.85 0 0 0 0
0.856667 0 0 0 0
0.863333 0 0 0 0
0.87 0 0 0 0
0.876667 0 0 0 0
0.883333 0 0 0 0
0.89 0 0 0 0
0.896667 0 0 0 0
0.903333 0 0 0 0
0.91 0 0 0 0
0.916667 0 0 0 0
0.923333 0 0 0 0
0.93 0 0 0 0
0.936667 0 0 0 0
0.943333 0 0 0 0
0.95 0 0 0 0
0.956667 0 0 0 0
0.963333 0 0 0 0
0.97 0 0 0 0
0.976667 0 0 0 0
0.983333 0 0 0 0
0.99 0 0 0 0
0.996667 0 0 0 0
1.00333 0 0 0 0
1.01 0 0 0 0
1.01667 0 0 0 0
1.02333 0 0 0 0
1.03 0 0 0 0
1.03667 0 0 0 0
1.04333 0 0 0 0
1.05 0 0 0 0
1.05667 0 0 0 0
1.06333 0 0 0 0
1.07 0 0 0 0
1.07667 0 0 0 0
1.08333 0 0 0 0
1.09 0 0 0 0
1.09667 0 0 0 0
1.10333 0 0 0 0
1.11 0 0 0 0
1.11667 0 0 0 0
1.12333 0 0 0 0
1.13 0 0 0 0
1.13667 0 0 0 0
1.14333 0 0 0 0
1.15 0 0 0 0
1.15667 0 0 0 0
1.16333 0 0 0 0
1.17 0 0 0 0
1.17667 0 0 0 0
1.18333 0 0 0 0
1.19 0 0 0 0
1.19667 0 0 0 0
1.20333 0 0 0 0
1.21 0 0 0 0
1.21667 0 0 0 0
1.22333 0 0 0 0
1.23 0 0 0 0
1.23667 0 0 0 0
1.24333 0 0 0 0
1.25 0 0 0 0
1.25667 0 0 0 0
1.26333 0 0 0 0
1.27 0 0 0 0
1.27667 0 0 0 0
1.28333 0 0 0 0
1.29 0 0 0 0
1.29667 0 0 0 0
1.30333 0 0 0 0
1.31 0 0 0 0
1.31667 0 0 0 0
1.32333 0 0 0 0
1.33 0 0 0 0
1.33667 0 0 0 0
1.34333 0 0 0 0
1.35 0 0 0 0
1.35667 0 0 0 0
1.36333 0 0 0 0
1.37 0 0 0 0
1.37667 0 0 0 0
1.38333 0 0 0 0
1.39 0 0 0 0
1.39667 0 0 0 0
1.40333 0 0 0 0
1.41 0 0 0 0
1.41667 0 0 0 0
1.42333 0 0 0 0
1.43 0 0 0 0
1.43667 0 0 0 0
1.44333 0 0 0 0
1.45 0 0 0 0
1.45667 0 0 0 0
1.46333 0 0 0 0
1.47 0 0 0 0
1.47667 0 0 0 0
1.48333 0 0 0 0
1.49 0 0 0 0
1.49667 0 0 0 0
1.50333 0 0 0 0
1.51 0 0 0 0
1.51667 0 0 0 0
1.52333 0 0 0 0
1.53 0 0 0 0
1.53667 0 0 0 0
1.54333 0 0 0 0
1.55 0 0 0 0
1.55667 0 0 0 0
1.56333 0 0 0 0
1.57 0 0 0 0
1.57667 0 0 0 0
1.58333 0 0 0 0
1.59 0 0 0 0
1.59667 0 0 0 0
1.60333 0 0 0 0
1.61 0 0 0 0
1.61667 0 0 0 0
1.62333 0 0 0 0
1.63 0 0 0 0
1.63667 0 0 0 0
1.64333 0 0 0 0
1.65 0 0 0 0
1.65667 0 0 0 0
1.66333 0 0 0 0
1.67 0 0 0 0
1.67667 0 0 0 0
1.68333 0 0 0 0
1.69 0 0 0 0
1.69667 0 0 0 0
1.70333 0 0 0 0
1.71 0 0 0 0
1.71667 0 0 0 0
1.72333 0 0 0 0
1.73 0 0 0 0
1.73667 0 0 0 0
1.74333 0 0 0 0
1.75 0 0 0 0
1.75667 0 0 0 0
1.76333 0 0 0 0
1.77 0 0 0 0
1.77667 0 0 0 0
1.78333 0 0 0 0
1.79 0 0 0 0
1.79667 0 0 0 0
1.80333 0 0 0 0
1.81 0 0 0 0
1.81667 0 0 0 0
1.82333 0 0 0 0
1.83 0 0 0 0
1.83667 0 0 0 0
1.84333 0 0 0 0
1.85 0 0 0 0
1.85667 0 0 0 0
1.86333 0 0 0 0
1.87 0 0 0 0
1.87667 0 0 0 0
1.88333 0 0 0 0
1.89 0 0 0 0
1.89667 0 0 0 0
1.90333 0 0 0 0
1.91 0 0 0 0
1.91667 0 0 0 0
1.92333 0 0 0 0
1.93 0 0 0 0
1.93667 0 0 0 0
1.94333 0 0 0 0
1.95 0 0 0 0
1.95667 0 0 0 0
1.96333 0 0 0 0
1.97 0 0 0 0
1.97667 0 0 0 0
1.98333 0 0 0 0
1.99 0 0 0 0
1.99667 0 0 0 0
