0.00333333 186 14 1 3
0.01 222 23 0 8
0.0166667 228 23 0 4
0.0233333 223 20 1 2
0.03 203 20 1 4
0.0366667 219 28 1 2
0.0433333 248 27 2 5
0.05 255 41 1 1
0.0566667 337 54 1 4
0.0633333 324 49 2 2
0.07 316 57 4 8
0.0766667 396 51 3 2
0.0833333 381 53 2 3
0.09 432 62 2 2
0.0966667 363 53 4 7
0.103333 386 53 3 5
0.11 402 51 3 7
0.116667 424 68 2 4
0.123333 450 48 2 5
0.13 487 53 1 3
0.136667 485 41 2 7
0.143333 447 38 3 5
0.15 508 37 3 5
0.156667 457 45 2 5
0.163333 479 32 2 1
0.17 446 35 2 3
0.176667 466 41 2 4
0.183333 570 45 0 5
0.19 834 31 1 8
0.196667 807 37 3 12
0.203333 736 39 4 10
0.21 640 43 2 3
0.216667 574 27 2 3
0.223333 547 39 3 6
0.23 498 18 3 5
0.236667 436 45 2 3
0.243333 420 28 0 2
0.25 388 43 0 8
0.256667 364 32 1 3
0.263333 323 35 1 3
0.27 330 29 1 6
0.276667 303 24 0 7
0.283333 306 26 4 4
0.29 281 34 0 4
0.296667 258 29 0 6
0.303333 287 24 0 4
0.31 268 24 2 4
0.316667 216 22 0 2
0.323333 279 17 2 5
0.33 237 27 1 1
0.336667 266 31 0 2
0.343333 260 17 2 5
0.35 236 17 1 3
0.356667 232 23 4 2
0.363333 240 25 1 4
0.37 228 22 1 3
0.376667 226 11 1 5
0.383333 220 19 0 3
0.39 206 16 3 3
0.396667 213 15 1 6
0.403333 222 13 3 4
0.41 219 20 2 1
0.416667 214 16 1 3
0.423333 206 14 1 2
0.43 179 22 1 3
0.436667 240 10 1 2
0.443333 254 16 0 1
0.45 256 11 2 3
0.456667 222 13 0 2
0.463333 253 19 1 4
0.47 244 22 2 1
0.476667 191 17 1 4
0.483333 94 13 3 1
0.49 96 12 1 3
0.496667 83 11 2 1
0.503333 85 15 1 2
0.51 86 10 2 0
0.516667 96 16 1 1
0.523333 62 12 0 1
0.53 51 10 0 1
0.536667 65 4 1 1
0.543333 53 8 1 3
0.55 64 8 0 1
0.556667 59 13 0 1
0.563333 53 10 1 2
0.57 63 17 1 0
0.576667 47 9 0 2
0.583333 72 9 1 1
0.59 68 9 0 2
0.596667 54 7 1 2
0.603333 57 8 1 0
0.61 47 8 4 2
0.616667 45 10 0 0
0.623333 46 11 0 4
0.63 65 13 0 0
0.636667 69 14 0 0
0.643333 42 9 2 0
0.65 45 13 1 1
0.656667 30 7 3 0
0.663333 13645 373 17 157
0.67 0 0 0 0
0.676667 0 0 0 0
0.683333 0 0 0 0
0.69 0 0 0 0
0.696667 0 0 0 0
0.703333 0 0 0 0
0.71 0 0 0 0
0.716667 0 0 0 0
0.723333 0 0 0 0
0.73 0 0 0 0
0.736667 0 0 0 0
0.743333 0 0 0 0
0.75 0 0 0 0
0.756667 0 0 0 0
0.763333 0 0 0 0
0.77 0 0 0 0
0.776667 0 0 0 0
0.783333 0 0 0 0
0.79 0 0 0 0
0.796667 0 0 0 0
0.803333 0 0 0 0
0.81 0 0 0 0
0.816667 0 0 0 0
0.823333 0 0 0 0
0.83 0 0 0 0
0.836667 0 0 0 0
0.843333 0 0 0 0
0.85 0 0 0 0
0.856667 0 0 0 0
0.863333 0 0 0 0
0.87 0 0 0 0
0.876667 0 0 0 0
0.883333 0 0 0 0
0.89 0 0 0 0
0.896667 0 0 0 0
0.903333 0 0 0 0
0.91 0 0 0 0
0.916667 0 0 0 0
0.923333 0 0 0 0
0.93 0 0 0 0
0.936667 0 0 0 0
0.943333 0 0 0 0
0.95 0 0 0 0
0.956667 0 0 0 0
0.963333 0 0 0 0
0.97 0 0 0 0
0.976667 0 0 0 0
0.983333 0 0 0 0
0.99 0 0 0 0
0.996667 0 0 0 0
1.00333 0 0 0 0
1.01 0 0 0 0
1.01667 0 0 0 0
1.02333 0 0 0 0
1.03 0 0 0 0
1.03667 0 0 0 0
1.04333 0 0 0 0
1.05 0 0 0 0
1.05667 0 0 0 0
1.06333 0 0 0 0
1.07 0 0 0 0
1.07667 0 0 0 0
1.08333 0 0 0 0
1.09 0 0 0 0
1.09667 0 0 0 0
1.10333 0 0 0 0
1.11 0 0 0 0
1.11667 0 0 0 0
1.12333 0 0 0 0
1.13 0 0 0 0
1.13667 0 0 0 0
1.14333 0 0 0 0
1.15 0 0 0 0
1.15667 0 0 0 0
1.16333 0 0 0 0
1.17 0 0 0 0
1.17667 0 0 0 0
1.18333 0 0 0 0
1.19 0 0 0 0
1.19667 0 0 0 0
1.20333 0 0 0 0
1.21 0 0 0 0
1.21667 0 0 0 0
1.22333 0 0 0 0
1.23 0 0 0 0
1.23667 0 0 0 0
1.24333 0 0 0 0
1.25 0 0 0 0
1.25667 0 0 0 0
1.26333 0 0 0 0
1.27 0 0 0 0
1.27667 0 0 0 0
1.28333 0 0 0 0
1.29 0 0 0 0
1.29667 0 0 0 0
1.30333 0 0 0 0
1.31 0 0 0 0
1.31667 0 0 0 0
1.32333 0 0 0 0
1.33 0 0 0 0
1.33667 0 0 0 0
1.34333 0 0 0 0
1.35 0 0 0 0
1.35667 0 0 0 0
1.36333 0 0 0 0
1.37 0 0 0 0
1.37667 0 0 0 0
1.38333 0 0 0 0
1.39 0 0 0 0
1.39667 0 0 0 0
1.40333 0 0 0 0
1.41 0 0 0 0
1.41667 0 0 0 0
1.42333 0 0 0 0
1.43 0 0 0 0
1.43667 0 0 0 0
1.44333 0 0 0 0
1.45 0 0 0 0
1.45667 0 0 0 0
1.46333 0 0 0 0
1.47 0 0 0 0
1.47667 0 0 0 0
1.48333 0 0 0 0
1.49 0 0 0 0
1.49667 0 0 0 0
1.50333 0 0 0 0
1.51 0 0 0 0
1.51667 0 0 0 0
1.52333 0 0 0 0
1.53 0 0 0 0
1.53667 0 0 0 0
1.54333 0 0 0 0
1.55 0 0 0 0
1.55667 0 0 0 0
1.56333 0 0 0 0
1.57 0 0 0 0
1.57667 0 0 0 0
1.58333 0 0 0 0
1.59 0 0 0 0
1.59667 0 0 0 0
1.60333 0 0 0 0
1.61 0 0 0 0
1.61667 0 0 0 0
1.62333 0 0 0 0
1.63 0 0 0 0
1.63667 0 0 0 0
1.64333 0 0 0 0
1.65 0 0 0 0
1.65667 0 0 0 0
1.66333 0 0 0 0
1.67 0 0 0 0
1.67667 0 0 0 0
1.68333 0 0 0 0
1.69 0 0 0 0
1.69667 0 0 0 0
1.70333 0 0 0 0
1.71 0 0 0 0
1.71667 0 0 0 0
1.72333 0 0 0 0
1.73 0 0 0 0
1.73667 0 0 0 0
1.74333 0 0 0 0
1.75 0 0 0 0
1.75667 0 0 0 0
1.76333 0 0 0 0
1.77 0 0 0 0
1.77667 0 0 0 0
1.78333 0 0 0 0
1.79 0 0 0 0
1.79667 0 0 0 0
1.80333 0 0 0 0
1.81 0 0 0 0
1.81667 0 0 0 0
1.82333 0 0 0 0
1.83 0 0 0 0
1.83667 0 0 0 0
1.84333 0 0 0 0
1.85 0 0 0 0
1.85667 0 0 0 0
1.86333 0 0 0 0
1.87 0 0 0 0
1.87667 0 0 0 0
1.88333 0 0 0 0
1.89 0 0 0 0
1.89667 0 0 0 0
1.90333 0 0 0 0
1.91 0 0 0 0
1.91667 0 0 0 0
1.92333 0 0 0 0
1.93 0 0 0 0
1.93667 0 0 0 0
1.94333 0 0 0 0
1.95 0 0 0 0
1.95667 0 0 0 0
1.96333 0 0 0 0
1.97 0 0 0 0
1.97667 0 0 0 0
1.98333 0 0 0 0
1.99 0 0 0 0
1.99667 0 0 0 0
