0.00333333 12 11 11 14
0.01 16 12 15 23
0.0166667 12 8 15 16
0.0233333 17 4 12 23
0.03 16 11 12 21
0.0366667 20 12 21 26
0.0433333 22 15 22 32
0.05 20 29 28 31
0.0566667 14 22 41 36
0.0633333 15 31 55 31
0.07 18 33 31 33
0.0766667 23 29 43 41
0.0833333 19 25 53 29
0.09 20 32 41 40
0.0966667 22 38 43 37
0.103333 19 33 43 31
0.11 26 32 45 34
0.116667 16 43 42 33
0.123333 29 26 47 42
0.13 12 34 35 38
0.136667 33 27 29 40
0.143333 26 23 27 43
0.15 19 20 26 46
0.156667 22 31 33 35
0.163333 25 24 32 33
0.17 26 25 27 39
0.176667 25 22 17 37
0.183333 26 24 26 44
0.19 40 18 14 68
0.196667 40 25 20 47
0.203333 37 24 17 39
0.21 22 21 27 49
0.216667 31 25 20 43
0.223333 23 17 22 45
0.23 18 22 18 37
0.236667 22 21 21 25
0.243333 22 14 30 30
0.25 25 15 19 32
0.256667 26 11 29 26
0.263333 22 15 24 24
0.27 25 13 16 28
0.276667 15 21 23 34
0.283333 12 20 19 22
0.29 19 15 11 18
0.296667 18 13 21 30
0.303333 21 17 14 23
0.31 25 14 21 31
0.316667 21 19 20 30
0.323333 22 14 18 21
0.33 29 20 26 33
0.336667 10 16 18 20
0.343333 18 11 21 28
0.35 22 12 14 21
0.356667 19 7 17 27
0.363333 18 12 12 28
0.37 12 13 21 26
0.376667 16 14 14 24
0.383333 11 9 6 18
0.39 13 9 17 34
0.396667 7 10 11 25
0.403333 22 11 17 29
0.41 16 14 16 28
0.416667 22 17 11 23
0.423333 18 6 15 23
0.43 18 8 16 20
0.436667 20 8 12 22
0.443333 14 7 10 28
0.45 26 9 18 32
0.456667 11 5 10 28
0.463333 19 11 21 33
0.47 13 7 10 35
0.476667 12 11 13 16
0.483333 4 6 10 7
0.49 6 10 13 15
0.496667 6 8 7 13
0.503333 12 12 11 5
0.51 5 9 12 9
0.516667 11 6 7 9
0.523333 7 3 7 9
0.53 7 5 12 9
0.536667 7 5 12 11
0.543333 5 6 12 7
0.55 6 7 6 12
0.556667 6 7 13 10
0.563333 4 5 13 5
0.57 7 7 6 8
0.576667 5 9 10 8
0.583333 4 5 5 6
0.59 4 15 10 7
0.596667 2 5 7 7
0.603333 3 10 12 8
0.61 3 9 8 6
0.616667 3 4 7 5
0.623333 4 6 7 4
0.63 1 7 5 5
0.636667 3 4 8 9
0.643333 4 4 4 5
0.65 2 8 11 2
0.656667 0 6 2 0
0.663333 968 218 217 1300
0.67 0 0 0 0
0.676667 0 0 0 0
0.683333 0 0 0 0
0.69 0 0 0 0
0.696667 0 0 0 0
0.703333 0 0 0 0
0.71 0 0 0 0
0.716667 0 0 0 0
0.723333 0 0 0 0
0.73 0 0 0 0
0.736667 0 0 0 0
0.743333 0 0 0 0
0.75 0 0 0 0
0.756667 0 0 0 0
0.763333 0 0 0 0
0.77 0 0 0 0
0.776667 0 0 0 0
0.783333 0 0 0 0
0.79 0 0 0 0
0.796667 0 0 0 0
0.803333 0 0 0 0
0.81 0 0 0 0
0.816667 0 0 0 0
0.823333 0 0 0 0
0.83 0 0 0 0
0.836667 0 0 0 0
0.843333 0 0 0 0
0.85 0 0 0 0
0.856667 0 0 0 0
0.863333 0 0 0 0
0.87 0 0 0 0
0.876667 0 0 0 0
0.883333 0 0 0 0
0.89 0 0 0 0
0.896667 0 0 0 0
0.903333 0 0 0 0
0.91 0 0 0 0
0.916667 0 0 0 0
0.923333 0 0 0 0
0.93 0 0 0 0
0.936667 0 0 0 0
0.943333 0 0 0 0
0.95 0 0 0 0
0.956667 0 0 0 0
0.963333 0 0 0 0
0.97 0 0 0 0
0.976667 0 0 0 0
0.983333 0 0 0 0
0.99 0 0 0 0
0.996667 0 0 0 0
1.00333 0 0 0 0
1.01 0 0 0 0
1.01667 0 0 0 0
1.02333 0 0 0 0
1.03 0 0 0 0
1.03667 0 0 0 0
1.04333 0 0 0 0
1.05 0 0 0 0
1.05667 0 0 0 0
1.06333 0 0 0 0
1.07 0 0 0 0
1.07667 0 0 0 0
1.08333 0 0 0 0
1.09 0 0 0 0
1.09667 0 0 0 0
1.10333 0 0 0 0
1.11 0 0 0 0
1.11667 0 0 0 0
1.12333 0 0 0 0
1.13 0 0 0 0
1.13667 0 0 0 0
1.14333 0 0 0 0
1.15 0 0 0 0
1.15667 0 0 0 0
1.16333 0 0 0 0
1.17 0 0 0 0
1.17667 0 0 0 0
1.18333 0 0 0 0
1.19 0 0 0 0
1.19667 0 0 0 0
1.20333 0 0 0 0
1.21 0 0 0 0
1.21667 0 0 0 0
1.22333 0 0 0 0
1.23 0 0 0 0
1.23667 0 0 0 0
1.24333 0 0 0 0
1.25 0 0 0 0
1.25667 0 0 0 0
1.26333 0 0 0 0
1.27 0 0 0 0
1.27667 0 0 0 0
1.28333 0 0 0 0
1.29 0 0 0 0
1.29667 0 0 0 0
1.30333 0 0 0 0
1.31 0 0 0 0
1.31667 0 0 0 0
1.32333 0 0 0 0
1.33 0 0 0 0
1.33667 0 0 0 0
1.34333 0 0 0 0
1.35 0 0 0 0
1.35667 0 0 0 0
1.36333 0 0 0 0
1.37 0 0 0 0
1.37667 0 0 0 0
1.38333 0 0 0 0
1.39 0 0 0 0
1.39667 0 0 0 0
1.40333 0 0 0 0
1.41 0 0 0 0
1.41667 0 0 0 0
1.42333 0 0 0 0
1.43 0 0 0 0
1.43667 0 0 0 0
1.44333 0 0 0 0
1.45 0 0 0 0
1.45667 0 0 0 0
1.46333 0 0 0 0
1.47 0 0 0 0
1.47667 0 0 0 0
1.48333 0 0 0 0
1.49 0 0 0 0
1.49667 0 0 0 0
1.50333 0 0 0 0
1.51 0 0 0 0
1.51667 0 0 0 0
1.52333 0 0 0 0
1.53 0 0 0 0
1.53667 0 0 0 0
1.54333 0 0 0 0
1.55 0 0 0 0
1.55667 0 0 0 0
1.56333 0 0 0 0
1.57 0 0 0 0
1.57667 0 0 0 0
1.58333 0 0 0 0
1.59 0 0 0 0
1.59667 0 0 0 0
1.60333 0 0 0 0
1.61 0 0 0 0
1.61667 0 0 0 0
1.62333 0 0 0 0
1.63 0 0 0 0
1.63667 0 0 0 0
1.64333 0 0 0 0
1.65 0 0 0 0
1.65667 0 0 0 0
1.66333 0 0 0 0
1.67 0 0 0 0
1.67667 0 0 0 0
1.68333 0 0 0 0
1.69 0 0 0 0
1.69667 0 0 0 0
1.70333 0 0 0 0
1.71 0 0 0 0
1.71667 0 0 0 0
1.72333 0 0 0 0
1.73 0 0 0 0
1.73667 0 0 0 0
1.74333 0 0 0 0
1.75 0 0 0 0
1.75667 0 0 0 0
1.76333 0 0 0 0
1.77 0 0 0 0
1.77667 0 0 0 0
1.78333 0 0 0 0
1.79 0 0 0 0
1.79667 0 0 0 0
1.80333 0 0 0 0
1.81 0 0 0 0
1.81667 0 0 0 0
1.82333 0 0 0 0
1.83 0 0 0 0
1.83667 0 0 0 0
1.84333 0 0 0 0
1.85 0 0 0 0
1.85667 0 0 0 0
1.86333 0 0 0 0
1.87 0 0 0 0
1.87667 0 0 0 0
1.88333 0 0 0 0
1.89 0 0 0 0
1.89667 0 0 0 0
1.90333 0 0 0 0
1.91 0 0 0 0
1.91667 0 0 0 0
1.92333 0 0 0 0
1.93 0 0 0 0
1.93667 0 0 0 0
1.94333 0 0 0 0
1.95 0 0 0 0
1.95667 0 0 0 0
1.96333 0 0 0 0
1.97 0 0 0 0
1.97667 0 0 0 0
1.98333 0 0 0 0
1.99 0 0 0 0
1.99667 0 0 0 0
