0.00333333 47 61 7 1
0.01 66 60 5 2
0.0166667 66 69 6 0
0.0233333 74 76 3 2
0.03 76 77 4 3
0.0366667 87 106 9 1
0.0433333 108 125 8 4
0.05 154 187 6 2
0.0566667 156 213 19 8
0.0633333 199 221 11 5
0.07 182 211 6 6
0.0766667 197 230 14 3
0.0833333 225 266 14 7
0.09 222 256 16 5
0.0966667 248 273 11 5
0.103333 211 224 10 4
0.11 233 267 17 6
0.116667 244 259 14 4
0.123333 238 258 12 1
0.13 207 239 8 7
0.136667 207 224 13 8
0.143333 219 216 16 4
0.15 176 199 11 9
0.156667 156 207 10 1
0.163333 176 193 12 7
0.17 197 182 13 3
0.176667 184 212 10 3
0.183333 186 235 3 1
0.19 206 213 15 5
0.196667 193 215 7 3
0.203333 169 205 11 6
0.21 182 177 7 7
0.216667 154 176 10 6
0.223333 166 158 8 7
0.23 148 160 7 3
0.236667 124 139 8 4
0.243333 151 174 3 5
0.25 125 140 5 4
0.256667 136 145 2 3
0.263333 126 127 8 1
0.27 129 141 4 1
0.276667 129 125 4 2
0.283333 107 131 5 2
0.29 98 108 3 4
0.296667 94 111 7 3
0.303333 100 120 6 2
0.31 95 120 10 3
0.316667 84 109 5 5
0.323333 97 91 6 3
0.33 77 93 5 4
0.336667 95 95 8 6
0.343333 88 92 4 3
0.35 82 92 6 6
0.356667 86 91 7 3
0.363333 88 89 7 1
0.37 60 79 3 4
0.376667 73 85 7 3
0.383333 58 75 4 2
0.39 80 74 8 0
0.396667 95 77 4 1
0.403333 66 86 5 2
0.41 86 75 5 1
0.416667 58 62 4 4
0.423333 68 76 4 1
0.43 67 78 5 2
0.436667 62 76 1 3
0.443333 58 77 5 0
0.45 59 74 4 1
0.456667 78 83 3 3
0.463333 78 65 3 2
0.47 64 73 1 1
0.476667 66 59 4 2
0.483333 36 47 3 4
0.49 43 45 3 2
0.496667 38 39 3 0
0.503333 36 40 8 2
0.51 35 36 4 1
0.516667 42 39 5 1
0.523333 36 42 5 1
0.53 24 35 2 1
0.536667 38 48 1 0
0.543333 31 39 5 1
0.55 30 36 1 1
0.556667 30 33 1 0
0.563333 24 30 1 1
0.57 33 32 2 2
0.576667 27 44 6 2
0.583333 18 36 3 0
0.59 30 31 1 2
0.596667 36 28 0 2
0.603333 30 43 3 2
0.61 29 33 1 1
0.616667 34 25 4 3
0.623333 20 37 0 3
0.63 29 29 0 1
0.636667 32 29 4 0
0.643333 29 33 0 0
0.65 29 21 4 4
0.656667 23 26 3 4
0.663333 2046 2106 61 44
0.67 0 0 0 0
0.676667 0 0 0 0
0.683333 0 0 0 0
0.69 0 0 0 0
0.696667 0 0 0 0
0.703333 0 0 0 0
0.71 0 0 0 0
0.716667 0 0 0 0
0.723333 0 0 0 0
0.73 0 0 0 0
0.736667 0 0 0 0
0.743333 0 0 0 0
0.75 0 0 0 0
0.756667 0 0 0 0
0.763333 0 0 0 0
0.77 0 0 0 0
0.776667 0 0 0 0
0.783333 0 0 0 0
0.79 0 0 0 0
0.796667 0 0 0 0
0.803333 0 0 0 0
0.81 0 0 0 0
0.816667 0 0 0 0
0.823333 0 0 0 0
0.83 0 0 0 0
0.836667 0 0 0 0
0.843333 0 0 0 0
0.85 0 0 0 0
0.856667 0 0 0 0
0.863333 0 0 0 0
0.87 0 0 0 0
0.876667 0 0 0 0
0.883333 0 0 0 0
0.89 0 0 0 0
0.896667 0 0 0 0
0.903333 0 0 0 0
0.91 0 0 0 0
0.916667 0 0 0 0
0.923333 0 0 0 0
0.93 0 0 0 0
0.936667 0 0 0 0
0.943333 0 0 0 0
0.95 0 0 0 0
0.956667 0 0 0 0
0.963333 0 0 0 0
0.97 0 0 0 0
0.976667 0 0 0 0
0.983333 0 0 0 0
0.99 0 0 0 0
0.996667 0 0 0 0
1.00333 0 0 0 0
1.01 0 0 0 0
1.01667 0 0 0 0
1.02333 0 0 0 0
1.03 0 0 0 0
1.03667 0 0 0 0
1.04333 0 0 0 0
1.05 0 0 0 0
1.05667 0 0 0 0
1.06333 0 0 0 0
1.07 0 0 0 0
1.07667 0 0 0 0
1.08333 0 0 0 0
1.09 0 0 0 0
1.09667 0 0 0 0
1.10333 0 0 0 0
1.11 0 0 0 0
1.11667 0 0 0 0
1.12333 0 0 0 0
1.13 0 0 0 0
1.13667 0 0 0 0
1.14333 0 0 0 0
1.15 0 0 0 0
1.15667 0 0 0 0
1.16333 0 0 0 0
1.17 0 0 0 0
1.17667 0 0 0 0
1.18333 0 0 0 0
1.19 0 0 0 0
1.19667 0 0 0 0
1.20333 0 0 0 0
1.21 0 0 0 0
1.21667 0 0 0 0
1.22333 0 0 0 0
1.23 0 0 0 0
1.23667 0 0 0 0
1.24333 0 0 0 0
1.25 0 0 0 0
1.25667 0 0 0 0
1.26333 0 0 0 0
1.27 0 0 0 0
1.27667 0 0 0 0
1.28333 0 0 0 0
1.29 0 0 0 0
1.29667 0 0 0 0
1.30333 0 0 0 0
1.31 0 0 0 0
1.31667 0 0 0 0
1.32333 0 0 0 0
1.33 0 0 0 0
1.33667 0 0 0 0
1.34333 0 0 0 0
1.35 0 0 0 0
1.35667 0 0 0 0
1.36333 0 0 0 0
1.37 0 0 0 0
1.37667 0 0 0 0
1.38333 0 0 0 0
1.39 0 0 0 0
1.39667 0 0 0 0
1.40333 0 0 0 0
1.41 0 0 0 0
1.41667 0 0 0 0
1.42333 0 0 0 0
1.43 0 0 0 0
1.43667 0 0 0 0
1.44333 0 0 0 0
1.45 0 0 0 0
1.45667 0 0 0 0
1.46333 0 0 0 0
1.47 0 0 0 0
1.47667 0 0 0 0
1.48333 0 0 0 0
1.49 0 0 0 0
1.49667 0 0 0 0
1.50333 0 0 0 0
1.51 0 0 0 0
1.51667 0 0 0 0
1.52333 0 0 0 0
1.53 0 0 0 0
1.53667 0 0 0 0
1.54333 0 0 0 0
1.55 0 0 0 0
1.55667 0 0 0 0
1.56333 0 0 0 0
1.57 0 0 0 0
1.57667 0 0 0 0
1.58333 0 0 0 0
1.59 0 0 0 0
1.59667 0 0 0 0
1.60333 0 0 0 0
1.61 0 0 0 0
1.61667 0 0 0 0
1.62333 0 0 0 0
1.63 0 0 0 0
1.63667 0 0 0 0
1.64333 0 0 0 0
1.65 0 0 0 0
1.65667 0 0 0 0
1.66333 0 0 0 0
1.67 0 0 0 0
1.67667 0 0 0 0
1.68333 0 0 0 0
1.69 0 0 0 0
1.69667 0 0 0 0
1.70333 0 0 0 0
1.71 0 0 0 0
1.71667 0 0 0 0
1.72333 0 0 0 0
1.73 0 0 0 0
1.73667 0 0 0 0
1.74333 0 0 0 0
1.75 0 0 0 0
1.75667 0 0 0 0
1.76333 0 0 0 0
1.77 0 0 0 0
1.77667 0 0 0 0
1.78333 0 0 0 0
1.79 0 0 0 0
1.79667 0 0 0 0
1.80333 0 0 0 0
1.81 0 0 0 0
1.81667 0 0 0 0
1.82333 0 0 0 0
1.83 0 0 0 0
1.83667 0 0 0 0
1.84333 0 0 0 0
1.85 0 0 0 0
1.85667 0 0 0 0
1.86333 0 0 0 0
1.87 0 0 0 0
1.87667 0 0 0 0
1.88333 0 0 0 0
1.89 0 0 0 0
1.89667 0 0 0 0
1.90333 0 0 0 0
1.91 0 0 0 0
1.91667 0 0 0 0
1.92333 0 0 0 0
1.93 0 0 0 0
1.93667 0 0 0 0
1.94333 0 0 0 0
1.95 0 0 0 0
1.95667 0 0 0 0
1.96333 0 0 0 0
1.97 0 0 0 0
1.97667 0 0 0 0
1.98333 0 0 0 0
1.99 0 0 0 0
1.99667 0 0 0 0
