0.00333333 2 30 57 7
0.01 1 40 69 5
0.0166667 1 27 69 4
0.0233333 1 24 78 8
0.03 2 29 66 7
0.0366667 2 37 90 8
0.0433333 3 39 97 10
0.05 2 46 102 23
0.0566667 9 59 113 14
0.0633333 9 56 126 15
0.07 6 59 171 20
0.0766667 8 72 150 16
0.0833333 9 66 158 16
0.09 6 79 168 13
0.0966667 3 54 132 21
0.103333 2 73 147 18
0.11 9 71 149 16
0.116667 2 80 176 24
0.123333 6 76 162 19
0.13 6 72 173 13
0.136667 5 70 160 15
0.143333 4 77 159 14
0.15 3 59 135 14
0.156667 2 59 126 12
0.163333 8 79 148 15
0.17 3 73 144 12
0.176667 5 56 143 16
0.183333 2 81 169 7
0.19 3 82 171 13
0.196667 3 83 185 15
0.203333 6 97 171 18
0.21 4 84 160 14
0.216667 2 65 161 13
0.223333 3 64 173 8
0.23 4 76 160 9
0.236667 3 48 127 11
0.243333 3 57 149 14
0.25 2 60 118 8
0.256667 3 49 125 8
0.263333 0 50 99 13
0.27 1 47 100 5
0.276667 2 47 102 9
0.283333 0 47 96 9
0.29 2 47 84 5
0.296667 4 52 75 13
0.303333 2 41 95 8
0.31 3 41 100 15
0.316667 2 42 104 5
0.323333 3 50 79 7
0.33 6 51 88 10
0.336667 1 34 97 6
0.343333 5 41 88 5
0.35 1 43 86 4
0.356667 3 49 63 12
0.363333 2 34 74 13
0.37 2 53 91 10
0.376667 3 25 78 6
0.383333 2 35 85 9
0.39 3 32 72 8
0.396667 5 45 73 6
0.403333 5 33 79 6
0.41 4 47 80 8
0.416667 1 31 82 3
0.423333 4 40 70 8
0.43 2 35 70 9
0.436667 2 46 66 1
0.443333 2 35 90 5
0.45 6 32 81 4
0.456667 4 39 67 10
0.463333 2 43 84 6
0.47 0 41 76 3
0.476667 1 27 52 3
0.483333 2 18 39 7
0.49 3 12 50 3
0.496667 1 22 32 5
0.503333 0 18 44 4
0.51 2 16 45 5
0.516667 2 7 38 5
0.523333 0 14 42 10
0.53 0 16 32 1
0.536667 3 18 28 2
0.543333 1 11 35 4
0.55 1 14 35 2
0.556667 0 12 30 4
0.563333 0 13 38 3
0.57 2 16 22 0
0.576667 0 17 22 5
0.583333 2 23 42 1
0.59 1 14 24 7
0.596667 1 15 24 8
0.603333 2 9 25 7
0.61 2 13 19 4
0.616667 1 7 32 3
0.623333 1 11 25 6
0.63 0 9 31 4
0.636667 1 19 41 2
0.643333 1 11 25 8
0.65 1 13 36 7
0.656667 1 11 26 2
0.663333 42 1580 3007 102
0.67 0 0 0 0
0.676667 0 0 0 0
0.683333 0 0 0 0
0.69 0 0 0 0
0.696667 0 0 0 0
0.703333 0 0 0 0
0.71 0 0 0 0
0.716667 0 0 0 0
0.723333 0 0 0 0
0.73 0 0 0 0
0.736667 0 0 0 0
0.743333 0 0 0 0
0.75 0 0 0 0
0.756667 0 0 0 0
0.763333 0 0 0 0
0.77 0 0 0 0
0.776667 0 0 0 0
0.783333 0 0 0 0
0.79 0 0 0 0
0.796667 0 0 0 0
0.803333 0 0 0 0
0.81 0 0 0 0
0.816667 0 0 0 0
0.823333 0 0 0 0
0.83 0 0 0 0
0.836667 0 0 0 0
0.843333 0 0 0 0
0.85 0 0 0 0
0.856667 0 0 0 0
0.863333 0 0 0 0
0.87 0 0 0 0
0.876667 0 0 0 0
0.883333 0 0 0 0
0.89 0 0 0 0
0.896667 0 0 0 0
0.903333 0 0 0 0
0.91 0 0 0 0
0.916667 0 0 0 0
0.923333 0 0 0 0
0.93 0 0 0 0
0.936667 0 0 0 0
0.943333 0 0 0 0
0.95 0 0 0 0
0.956667 0 0 0 0
0.963333 0 0 0 0
0.97 0 0 0 0
0.976667 0 0 0 0
0.983333 0 0 0 0
0.99 0 0 0 0
0.996667 0 0 0 0
1.00333 0 0 0 0
1.01 0 0 0 0
1.01667 0 0 0 0
1.02333 0 0 0 0
1.03 0 0 0 0
1.03667 0 0 0 0
1.04333 0 0 0 0
1.05 0 0 0 0
1.05667 0 0 0 0
1.06333 0 0 0 0
1.07 0 0 0 0
1.07667 0 0 0 0
1.08333 0 0 0 0
1.09 0 0 0 0
1.09667 0 0 0 0
1.10333 0 0 0 0
1.11 0 0 0 0
1.11667 0 0 0 0
1.12333 0 0 0 0
1.13 0 0 0 0
1.13667 0 0 0 0
1.14333 0 0 0 0
1.15 0 0 0 0
1.15667 0 0 0 0
1.16333 0 0 0 0
1.17 0 0 0 0
1.17667 0 0 0 0
1.18333 0 0 0 0
1.19 0 0 0 0
1.19667 0 0 0 0
1.20333 0 0 0 0
1.21 0 0 0 0
1.21667 0 0 0 0
1.22333 0 0 0 0
1.23 0 0 0 0
1.23667 0 0 0 0
1.24333 0 0 0 0
1.25 0 0 0 0
1.25667 0 0 0 0
1.26333 0 0 0 0
1.27 0 0 0 0
1.27667 0 0 0 0
1.28333 0 0 0 0
1.29 0 0 0 0
1.29667 0 0 0 0
1.30333 0 0 0 0
1.31 0 0 0 0
1.31667 0 0 0 0
1.32333 0 0 0 0
1.33 0 0 0 0
1.33667 0 0 0 0
1.34333 0 0 0 0
1.35 0 0 0 0
1.35667 0 0 0 0
1.36333 0 0 0 0
1.37 0 0 0 0
1.37667 0 0 0 0
1.38333 0 0 0 0
1.39 0 0 0 0
1.39667 0 0 0 0
1.40333 0 0 0 0
1.41 0 0 0 0
1.41667 0 0 0 0
1.42333 0 0 0 0
1.43 0 0 0 0
1.43667 0 0 0 0
1.44333 0 0 0 0
1.45 0 0 0 0
1.45667 0 0 0 0
1.46333 0 0 0 0
1.47 0 0 0 0
1.47667 0 0 0 0
1.48333 0 0 0 0
1.49 0 0 0 0
1.49667 0 0 0 0
1.50333 0 0 0 0
1.51 0 0 0 0
1.51667 0 0 0 0
1.52333 0 0 0 0
1.53 0 0 0 0
1.53667 0 0 0 0
1.54333 0 0 0 0
1.55 0 0 0 0
1.55667 0 0 0 0
1.56333 0 0 0 0
1.57 0 0 0 0
1.57667 0 0 0 0
1.58333 0 0 0 0
1.59 0 0 0 0
1.59667 0 0 0 0
1.60333 0 0 0 0
1.61 0 0 0 0
1.61667 0 0 0 0
1.62333 0 0 0 0
1.63 0 0 0 0
1.63667 0 0 0 0
1.64333 0 0 0 0
1.65 0 0 0 0
1.65667 0 0 0 0
1.66333 0 0 0 0
1.67 0 0 0 0
1.67667 0 0 0 0
1.68333 0 0 0 0
1.69 0 0 0 0
1.69667 0 0 0 0
1.70333 0 0 0 0
1.71 0 0 0 0
1.71667 0 0 0 0
1.72333 0 0 0 0
1.73 0 0 0 0
1.73667 0 0 0 0
1.74333 0 0 0 0
1.75 0 0 0 0
1.75667 0 0 0 0
1.76333 0 0 0 0
1.77 0 0 0 0
1.77667 0 0 0 0
1.78333 0 0 0 0
1.79 0 0 0 0
1.79667 0 0 0 0
1.80333 0 0 0 0
1.81 0 0 0 0
1.81667 0 0 0 0
1.82333 0 0 0 0
1.83 0 0 0 0
1.83667 0 0 0 0
1.84333 0 0 0 0
1.85 0 0 0 0
1.85667 0 0 0 0
1.86333 0 0 0 0
1.87 0 0 0 0
1.87667 0 0 0 0
1.88333 0 0 0 0
1.89 0 0 0 0
1.89667 0 0 0 0
1.90333 0 0 0 0
1.91 0 0 0 0
1.91667 0 0 0 0
1.92333 0 0 0 0
1.93 0 0 0 0
1.93667 0 0 0 0
1.94333 0 0 0 0
1.95 0 0 0 0
1.95667 0 0 0 0
1.96333 0 0 0 0
1.97 0 0 0 0
1.97667 0 0 0 0
1.98333 0 0 0 0
1.99 0 0 0 0
1.99667 0 0 0 0
