0.00333333 1 1 5 191
0.01 2 1 13 221
0.0166667 4 4 19 216
0.0233333 5 1 22 210
0.03 2 1 17 208
0.0366667 5 0 23 220
0.0433333 4 3 38 235
0.05 2 4 49 274
0.0566667 5 5 54 301
0.0633333 5 4 63 281
0.07 1 2 64 346
0.0766667 6 7 58 377
0.0833333 6 10 53 350
0.09 7 4 60 372
0.0966667 4 6 50 375
0.103333 4 2 60 365
0.11 5 4 48 377
0.116667 4 3 38 421
0.123333 2 4 46 469
0.13 8 3 48 440
0.136667 5 4 33 454
0.143333 3 4 28 389
0.15 6 3 44 452
0.156667 5 4 34 417
0.163333 3 6 27 440
0.17 6 8 42 444
0.176667 5 5 41 442
0.183333 5 3 42 540
0.19 11 1 36 778
0.196667 5 3 38 756
0.203333 6 9 26 689
0.21 9 2 29 641
0.216667 8 6 31 548
0.223333 9 8 30 519
0.23 8 2 26 462
0.236667 3 4 32 412
0.243333 9 1 33 412
0.25 4 2 25 361
0.256667 5 8 17 340
0.263333 5 4 26 298
0.27 1 4 23 292
0.276667 5 0 28 286
0.283333 2 4 33 288
0.29 3 3 24 290
0.296667 3 2 24 244
0.303333 2 3 26 257
0.31 4 4 20 241
0.316667 6 3 21 218
0.323333 4 0 27 230
0.33 3 1 22 266
0.336667 4 3 20 201
0.343333 1 3 18 233
0.35 4 2 21 233
0.356667 4 2 18 206
0.363333 4 2 16 195
0.37 5 3 24 236
0.376667 1 2 23 216
0.383333 3 4 30 193
0.39 3 0 18 186
0.396667 1 1 13 204
0.403333 3 2 14 195
0.41 6 2 18 203
0.416667 2 0 12 215
0.423333 4 0 16 188
0.43 5 2 16 200
0.436667 4 1 18 224
0.443333 7 2 7 219
0.45 4 1 19 233
0.456667 3 1 9 209
0.463333 7 2 13 223
0.47 6 1 5 216
0.476667 5 2 14 154
0.483333 2 1 14 108
0.49 4 2 8 81
0.496667 5 0 8 84
0.503333 2 0 8 81
0.51 2 0 11 71
0.516667 1 0 4 70
0.523333 1 0 8 57
0.53 2 2 22 56
0.536667 3 0 6 76
0.543333 5 0 9 54
0.55 3 0 9 56
0.556667 1 1 10 50
0.563333 1 3 8 50
0.57 1 0 9 68
0.576667 2 0 11 42
0.583333 4 0 10 65
0.59 3 1 8 54
0.596667 3 5 8 49
0.603333 2 0 14 53
0.61 3 2 4 48
0.616667 2 0 9 51
0.623333 3 3 6 45
0.63 2 1 12 62
0.636667 3 1 13 68
0.643333 1 0 5 34
0.65 2 2 12 43
0.656667 0 1 5 35
0.663333 169 20 223 12281
0.67 0 0 0 0
0.676667 0 0 0 0
0.683333 0 0 0 0
0.69 0 0 0 0
0.696667 0 0 0 0
0.703333 0 0 0 0
0.71 0 0 0 0
0.716667 0 0 0 0
0.723333 0 0 0 0
0.73 0 0 0 0
0.736667 0 0 0 0
0.743333 0 0 0 0
0.75 0 0 0 0
0.756667 0 0 0 0
0.763333 0 0 0 0
0.77 0 0 0 0
0.776667 0 0 0 0
0.783333 0 0 0 0
0.79 0 0 0 0
0.796667 0 0 0 0
0.803333 0 0 0 0
0.81 0 0 0 0
0.816667 0 0 0 0
0.823333 0 0 0 0
0.83 0 0 0 0
0.836667 0 0 0 0
0.843333 0 0 0 0
0.85 0 0 0 0
0.856667 0 0 0 0
0.863333 0 0 0 0
0.87 0 0 0 0
0.876667 0 0 0 0
0.883333 0 0 0 0
0.89 0 0 0 0
0.896667 0 0 0 0
0.903333 0 0 0 0
0.91 0 0 0 0
0.916667 0 0 0 0
0.923333 0 0 0 0
0.93 0 0 0 0
0.936667 0 0 0 0
0.943333 0 0 0 0
0.95 0 0 0 0
0.956667 0 0 0 0
0.963333 0 0 0 0
0.97 0 0 0 0
0.976667 0 0 0 0
0.983333 0 0 0 0
0.99 0 0 0 0
0.996667 0 0 0 0
1.00333 0 0 0 0
1.01 0 0 0 0
1.01667 0 0 0 0
1.02333 0 0 0 0
1.03 0 0 0 0
1.03667 0 0 0 0
1.04333 0 0 0 0
1.05 0 0 0 0
1.05667 0 0 0 0
1.06333 0 0 0 0
1.07 0 0 0 0
1.07667 0 0 0 0
1.08333 0 0 0 0
1.09 0 0 0 0
1.09667 0 0 0 0
1.10333 0 0 0 0
1.11 0 0 0 0
1.11667 0 0 0 0
1.12333 0 0 0 0
1.13 0 0 0 0
1.13667 0 0 0 0
1.14333 0 0 0 0
1.15 0 0 0 0
1.15667 0 0 0 0
1.16333 0 0 0 0
1.17 0 0 0 0
1.17667 0 0 0 0
1.18333 0 0 0 0
1.19 0 0 0 0
1.19667 0 0 0 0
1.20333 0 0 0 0
1.21 0 0 0 0
1.21667 0 0 0 0
1.22333 0 0 0 0
1.23 0 0 0 0
1.23667 0 0 0 0
1.24333 0 0 0 0
1.25 0 0 0 0
1.25667 0 0 0 0
1.26333 0 0 0 0
1.27 0 0 0 0
1.27667 0 0 0 0
1.28333 0 0 0 0
1.29 0 0 0 0
1.29667 0 0 0 0
1.30333 0 0 0 0
1.31 0 0 0 0
1.31667 0 0 0 0
1.32333 0 0 0 0
1.33 0 0 0 0
1.33667 0 0 0 0
1.34333 0 0 0 0
1.35 0 0 0 0
1.35667 0 0 0 0
1.36333 0 0 0 0
1.37 0 0 0 0
1.37667 0 0 0 0
1.38333 0 0 0 0
1.39 0 0 0 0
1.39667 0 0 0 0
1.40333 0 0 0 0
1.41 0 0 0 0
1.41667 0 0 0 0
1.42333 0 0 0 0
1.43 0 0 0 0
1.43667 0 0 0 0
1.44333 0 0 0 0
1.45 0 0 0 0
1.45667 0 0 0 0
1.46333 0 0 0 0
1.47 0 0 0 0
1.47667 0 0 0 0
1.48333 0 0 0 0
1.49 0 0 0 0
1.49667 0 0 0 0
1.50333 0 0 0 0
1.51 0 0 0 0
1.51667 0 0 0 0
1.52333 0 0 0 0
1.53 0 0 0 0
1.53667 0 0 0 0
1.54333 0 0 0 0
1.55 0 0 0 0
1.55667 0 0 0 0
1.56333 0 0 0 0
1.57 0 0 0 0
1.57667 0 0 0 0
1.58333 0 0 0 0
1.59 0 0 0 0
1.59667 0 0 0 0
1.60333 0 0 0 0
1.61 0 0 0 0
1.61667 0 0 0 0
1.62333 0 0 0 0
1.63 0 0 0 0
1.63667 0 0 0 0
1.64333 0 0 0 0
1.65 0 0 0 0
1.65667 0 0 0 0
1.66333 0 0 0 0
1.67 0 0 0 0
1.67667 0 0 0 0
1.68333 0 0 0 0
1.69 0 0 0 0
1.69667 0 0 0 0
1.70333 0 0 0 0
1.71 0 0 0 0
1.71667 0 0 0 0
1.72333 0 0 0 0
1.73 0 0 0 0
1.73667 0 0 0 0
1.74333 0 0 0 0
1.75 0 0 0 0
1.75667 0 0 0 0
1.76333 0 0 0 0
1.77 0 0 0 0
1.77667 0 0 0 0
1.78333 0 0 0 0
1.79 0 0 0 0
1.79667 0 0 0 0
1.80333 0 0 0 0
1.81 0 0 0 0
1.81667 0 0 0 0
1.82333 0 0 0 0
1.83 0 0 0 0
1.83667 0 0 0 0
1.84333 0 0 0 0
1.85 0 0 0 0
1.85667 0 0 0 0
1.86333 0 0 0 0
1.87 0 0 0 0
1.87667 0 0 0 0
1.88333 0 0 0 0
1.89 0 0 0 0
1.89667 0 0 0 0
1.90333 0 0 0 0
1.91 0 0 0 0
1.91667 0 0 0 0
1.92333 0 0 0 0
1.93 0 0 0 0
1.93667 0 0 0 0
1.94333 0 0 0 0
1.95 0 0 0 0
1.95667 0 0 0 0
1.96333 0 0 0 0
1.97 0 0 0 0
1.97667 0 0 0 0
1.98333 0 0 0 0
1.99 0 0 0 0
1.99667 0 0 0 0
