0.00333333 0 1 71 24
0.01 0 3 80 22
0.0166667 0 2 73 35
0.0233333 0 4 84 45
0.03 0 4 113 36
0.0366667 0 4 108 65
0.0433333 3 2 132 83
0.05 1 7 188 113
0.0566667 4 13 194 111
0.0633333 2 10 221 129
0.07 2 13 263 158
0.0766667 1 4 255 141
0.0833333 5 8 294 152
0.09 4 13 295 146
0.0966667 4 7 259 116
0.103333 1 5 258 123
0.11 4 15 286 136
0.116667 3 17 293 134
0.123333 6 12 244 131
0.13 1 7 269 121
0.136667 2 3 253 110
0.143333 4 6 287 118
0.15 3 12 248 99
0.156667 0 11 248 97
0.163333 2 6 254 96
0.17 4 14 206 103
0.176667 2 8 196 89
0.183333 3 3 235 92
0.19 2 9 268 105
0.196667 1 6 221 80
0.203333 2 11 233 72
0.21 3 9 229 74
0.216667 6 5 211 71
0.223333 3 9 198 74
0.23 3 6 193 66
0.236667 1 4 190 80
0.243333 0 3 183 68
0.25 1 6 183 76
0.256667 4 4 152 49
0.263333 2 4 143 59
0.27 0 8 145 60
0.276667 2 4 150 62
0.283333 3 4 139 51
0.29 0 4 137 49
0.296667 0 4 141 58
0.303333 1 2 117 47
0.31 3 6 116 60
0.316667 2 1 121 46
0.323333 1 7 106 45
0.33 0 6 108 54
0.336667 1 6 109 57
0.343333 2 1 112 53
0.35 2 5 99 54
0.356667 0 2 93 42
0.363333 0 2 99 38
0.37 1 2 97 42
0.376667 0 3 102 32
0.383333 1 6 103 43
0.39 1 3 82 34
0.396667 1 2 82 38
0.403333 1 5 84 33
0.41 1 1 91 47
0.416667 3 3 86 36
0.423333 1 6 95 36
0.43 1 4 90 34
0.436667 3 2 69 35
0.443333 3 5 78 44
0.45 1 3 71 34
0.456667 2 6 78 35
0.463333 0 2 79 38
0.47 3 3 80 35
0.476667 0 4 65 22
0.483333 0 1 57 17
0.49 0 1 47 21
0.496667 1 2 48 32
0.503333 0 7 43 24
0.51 0 4 44 30
0.516667 0 3 47 19
0.523333 2 2 43 27
0.53 0 2 49 18
0.536667 1 1 42 28
0.543333 1 2 32 16
0.55 0 3 49 16
0.556667 1 7 42 25
0.563333 0 2 40 24
0.57 1 1 33 23
0.576667 0 2 34 18
0.583333 0 3 36 16
0.59 0 3 36 15
0.596667 2 1 25 9
0.603333 0 1 44 16
0.61 0 2 43 9
0.616667 1 5 34 15
0.623333 3 2 36 16
0.63 0 3 36 18
0.636667 1 3 53 16
0.643333 0 2 29 15
0.65 2 2 31 21
0.656667 2 1 27 22
0.663333 10 46 2719 740
0.67 0 0 0 0
0.676667 0 0 0 0
0.683333 0 0 0 0
0.69 0 0 0 0
0.696667 0 0 0 0
0.703333 0 0 0 0
0.71 0 0 0 0
0.716667 0 0 0 0
0.723333 0 0 0 0
0.73 0 0 0 0
0.736667 0 0 0 0
0.743333 0 0 0 0
0.75 0 0 0 0
0.756667 0 0 0 0
0.763333 0 0 0 0
0.77 0 0 0 0
0.776667 0 0 0 0
0.783333 0 0 0 0
0.79 0 0 0 0
0.796667 0 0 0 0
0.803333 0 0 0 0
0.81 0 0 0 0
0.816667 0 0 0 0
0.823333 0 0 0 0
0.83 0 0 0 0
0.836667 0 0 0 0
0.843333 0 0 0 0
0.85 0 0 0 0
0.856667 0 0 0 0
0.863333 0 0 0 0
0.87 0 0 0 0
0.876667 0 0 0 0
0.883333 0 0 0 0
0.89 0 0 0 0
0.896667 0 0 0 0
0.903333 0 0 0 0
0.91 0 0 0 0
0.916667 0 0 0 0
0.923333 0 0 0 0
0.93 0 0 0 0
0.936667 0 0 0 0
0.943333 0 0 0 0
0.95 0 0 0 0
0.956667 0 0 0 0
0.963333 0 0 0 0
0.97 0 0 0 0
0.976667 0 0 0 0
0.983333 0 0 0 0
0.99 0 0 0 0
0.996667 0 0 0 0
1.00333 0 0 0 0
1.01 0 0 0 0
1.01667 0 0 0 0
1.02333 0 0 0 0
1.03 0 0 0 0
1.03667 0 0 0 0
1.04333 0 0 0 0
1.05 0 0 0 0
1.05667 0 0 0 0
1.06333 0 0 0 0
1.07 0 0 0 0
1.07667 0 0 0 0
1.08333 0 0 0 0
1.09 0 0 0 0
1.09667 0 0 0 0
1.10333 0 0 0 0
1.11 0 0 0 0
1.11667 0 0 0 0
1.12333 0 0 0 0
1.13 0 0 0 0
1.13667 0 0 0 0
1.14333 0 0 0 0
1.15 0 0 0 0
1.15667 0 0 0 0
1.16333 0 0 0 0
1.17 0 0 0 0
1.17667 0 0 0 0
1.18333 0 0 0 0
1.19 0 0 0 0
1.19667 0 0 0 0
1.20333 0 0 0 0
1.21 0 0 0 0
1.21667 0 0 0 0
1.22333 0 0 0 0
1.23 0 0 0 0
1.23667 0 0 0 0
1.24333 0 0 0 0
1.25 0 0 0 0
1.25667 0 0 0 0
1.26333 0 0 0 0
1.27 0 0 0 0
1.27667 0 0 0 0
1.28333 0 0 0 0
1.29 0 0 0 0
1.29667 0 0 0 0
1.30333 0 0 0 0
1.31 0 0 0 0
1.31667 0 0 0 0
1.32333 0 0 0 0
1.33 0 0 0 0
1.33667 0 0 0 0
1.34333 0 0 0 0
1.35 0 0 0 0
1.35667 0 0 0 0
1.36333 0 0 0 0
1.37 0 0 0 0
1.37667 0 0 0 0
1.38333 0 0 0 0
1.39 0 0 0 0
1.39667 0 0 0 0
1.40333 0 0 0 0
1.41 0 0 0 0
1.41667 0 0 0 0
1.42333 0 0 0 0
1.43 0 0 0 0
1.43667 0 0 0 0
1.44333 0 0 0 0
1.45 0 0 0 0
1.45667 0 0 0 0
1.46333 0 0 0 0
1.47 0 0 0 0
1.47667 0 0 0 0
1.48333 0 0 0 0
1.49 0 0 0 0
1.49667 0 0 0 0
1.50333 0 0 0 0
1.51 0 0 0 0
1.51667 0 0 0 0
1.52333 0 0 0 0
1.53 0 0 0 0
1.53667 0 0 0 0
1.54333 0 0 0 0
1.55 0 0 0 0
1.55667 0 0 0 0
1.56333 0 0 0 0
1.57 0 0 0 0
1.57667 0 0 0 0
1.58333 0 0 0 0
1.59 0 0 0 0
1.59667 0 0 0 0
1.60333 0 0 0 0
1.61 0 0 0 0
1.61667 0 0 0 0
1.62333 0 0 0 0
1.63 0 0 0 0
1.63667 0 0 0 0
1.64333 0 0 0 0
1.65 0 0 0 0
1.65667 0 0 0 0
1.66333 0 0 0 0
1.67 0 0 0 0
1.67667 0 0 0 0
1.68333 0 0 0 0
1.69 0 0 0 0
1.69667 0 0 0 0
1.70333 0 0 0 0
1.71 0 0 0 0
1.71667 0 0 0 0
1.72333 0 0 0 0
1.73 0 0 0 0
1.73667 0 0 0 0
1.74333 0 0 0 0
1.75 0 0 0 0
1.75667 0 0 0 0
1.76333 0 0 0 0
1.77 0 0 0 0
1.77667 0 0 0 0
1.78333 0 0 0 0
1.79 0 0 0 0
1.79667 0 0 0 0
1.80333 0 0 0 0
1.81 0 0 0 0
1.81667 0 0 0 0
1.82333 0 0 0 0
1.83 0 0 0 0
1.83667 0 0 0 0
1.84333 0 0 0 0
1.85 0 0 0 0
1.85667 0 0 0 0
1.86333 0 0 0 0
1.87 0 0 0 0
1.87667 0 0 0 0
1.88333 0 0 0 0
1.89 0 0 0 0
1.89667 0 0 0 0
1.90333 0 0 0 0
1.91 0 0 0 0
1.91667 0 0 0 0
1.92333 0 0 0 0
1.93 0 0 0 0
1.93667 0 0 0 0
1.94333 0 0 0 0
1.95 0 0 0 0
1.95667 0 0 0 0
1.96333 0 0 0 0
1.97 0 0 0 0
1.97667 0 0 0 0
1.98333 0 0 0 0
1.99 0 0 0 0
1.99667 0 0 0 0
