0.00333333 133 12 3 2
0.01 133 10 0 3
0.0166667 132 14 2 2
0.0233333 131 15 0 6
0.03 141 20 0 4
0.0366667 153 27 2 5
0.0433333 159 30 2 3
0.05 176 43 0 2
0.0566667 201 55 1 1
0.0633333 211 38 4 6
0.07 209 49 2 6
0.0766667 239 44 5 5
0.0833333 239 42 3 1
0.09 249 63 1 5
0.0966667 245 63 4 3
0.103333 280 43 1 4
0.11 257 48 1 4
0.116667 283 45 5 5
0.123333 248 42 2 2
0.13 290 47 1 4
0.136667 316 42 3 5
0.143333 259 46 2 6
0.15 286 34 2 3
0.156667 273 35 1 4
0.163333 277 27 1 3
0.17 283 23 3 6
0.176667 272 37 1 6
0.183333 330 42 0 6
0.19 398 36 0 4
0.196667 368 36 3 14
0.203333 384 40 0 8
0.21 356 36 1 5
0.216667 351 23 2 6
0.223333 335 24 3 4
0.23 301 30 2 10
0.236667 333 28 0 2
0.243333 241 27 3 4
0.25 241 35 2 4
0.256667 229 23 2 7
0.263333 237 28 2 4
0.27 219 20 3 2
0.276667 241 19 1 5
0.283333 186 26 3 6
0.29 188 26 1 3
0.296667 188 28 0 4
0.303333 174 17 3 5
0.31 170 17 3 2
0.316667 167 20 0 4
0.323333 191 18 0 5
0.33 177 22 2 2
0.336667 176 22 2 4
0.343333 139 17 3 4
0.35 153 13 1 4
0.356667 190 14 5 3
0.363333 145 21 1 3
0.37 161 21 1 2
0.376667 138 20 1 3
0.383333 145 14 2 2
0.39 144 7 0 6
0.396667 164 23 1 7
0.403333 149 10 3 0
0.41 151 19 1 3
0.416667 156 15 0 4
0.423333 174 14 0 2
0.43 155 20 2 1
0.436667 143 12 2 2
0.443333 162 15 0 6
0.45 138 22 0 5
0.456667 160 14 0 3
0.463333 145 16 0 4
0.47 167 19 0 3
0.476667 122 17 1 2
0.483333 64 10 1 3
0.49 58 13 1 3
0.496667 70 14 0 2
0.503333 70 16 1 3
0.51 61 12 0 1
0.516667 47 7 1 4
0.523333 37 12 0 0
0.53 51 11 0 0
0.536667 44 6 0 4
0.543333 45 5 0 1
0.55 41 15 1 3
0.556667 35 8 0 1
0.563333 46 14 2 1
0.57 45 9 0 1
0.576667 50 5 0 2
0.583333 52 4 0 4
0.59 33 2 0 3
0.596667 38 9 1 3
0.603333 44 6 1 5
0.61 40 7 1 0
0.616667 28 15 0 0
0.623333 35 6 2 3
0.63 42 8 2 0
0.636667 43 8 2 2
0.643333 31 7 0 1
0.65 26 5 0 1
0.656667 18 10 1 2
0.663333 7719 279 10 179
0.67 0 0 0 0
0.676667 0 0 0 0
0.683333 0 0 0 0
0.69 0 0 0 0
0.696667 0 0 0 0
0.703333 0 0 0 0
0.71 0 0 0 0
0.716667 0 0 0 0
0.723333 0 0 0 0
0.73 0 0 0 0
0.736667 0 0 0 0
0.743333 0 0 0 0
0.75 0 0 0 0
0.756667 0 0 0 0
0.763333 0 0 0 0
0.77 0 0 0 0
0.776667 0 0 0 0
0.783333 0 0 0 0
0.79 0 0 0 0
0.796667 0 0 0 0
0.803333 0 0 0 0
0.81 0 0 0 0
0.816667 0 0 0 0
0.823333 0 0 0 0
0.83 0 0 0 0
0.836667 0 0 0 0
0.843333 0 0 0 0
0.85 0 0 0 0
0.856667 0 0 0 0
0.863333 0 0 0 0
0.87 0 0 0 0
0.876667 0 0 0 0
0.883333 0 0 0 0
0.89 0 0 0 0
0.896667 0 0 0 0
0.903333 0 0 0 0
0.91 0 0 0 0
0.916667 0 0 0 0
0.923333 0 0 0 0
0.93 0 0 0 0
0.936667 0 0 0 0
0.943333 0 0 0 0
0.95 0 0 0 0
0.956667 0 0 0 0
0.963333 0 0 0 0
0.97 0 0 0 0
0.976667 0 0 0 0
0.983333 0 0 0 0
0.99 0 0 0 0
0.996667 0 0 0 0
1.00333 0 0 0 0
1.01 0 0 0 0
1.01667 0 0 0 0
1.02333 0 0 0 0
1.03 0 0 0 0
1.03667 0 0 0 0
1.04333 0 0 0 0
1.05 0 0 0 0
1.05667 0 0 0 0
1.06333 0 0 0 0
1.07 0 0 0 0
1.07667 0 0 0 0
1.08333 0 0 0 0
1.09 0 0 0 0
1.09667 0 0 0 0
1.10333 0 0 0 0
1.11 0 0 0 0
1.11667 0 0 0 0
1.12333 0 0 0 0
1.13 0 0 0 0
1.13667 0 0 0 0
1.14333 0 0 0 0
1.15 0 0 0 0
1.15667 0 0 0 0
1.16333 0 0 0 0
1.17 0 0 0 0
1.17667 0 0 0 0
1.18333 0 0 0 0
1.19 0 0 0 0
1.19667 0 0 0 0
1.20333 0 0 0 0
1.21 0 0 0 0
1.21667 0 0 0 0
1.22333 0 0 0 0
1.23 0 0 0 0
1.23667 0 0 0 0
1.24333 0 0 0 0
1.25 0 0 0 0
1.25667 0 0 0 0
1.26333 0 0 0 0
1.27 0 0 0 0
1.27667 0 0 0 0
1.28333 0 0 0 0
1.29 0 0 0 0
1.29667 0 0 0 0
1.30333 0 0 0 0
1.31 0 0 0 0
1.31667 0 0 0 0
1.32333 0 0 0 0
1.33 0 0 0 0
1.33667 0 0 0 0
1.34333 0 0 0 0
1.35 0 0 0 0
1.35667 0 0 0 0
1.36333 0 0 0 0
1.37 0 0 0 0
1.37667 0 0 0 0
1.38333 0 0 0 0
1.39 0 0 0 0
1.39667 0 0 0 0
1.40333 0 0 0 0
1.41 0 0 0 0
1.41667 0 0 0 0
1.42333 0 0 0 0
1.43 0 0 0 0
1.43667 0 0 0 0
1.44333 0 0 0 0
1.45 0 0 0 0
1.45667 0 0 0 0
1.46333 0 0 0 0
1.47 0 0 0 0
1.47667 0 0 0 0
1.48333 0 0 0 0
1.49 0 0 0 0
1.49667 0 0 0 0
1.50333 0 0 0 0
1.51 0 0 0 0
1.51667 0 0 0 0
1.52333 0 0 0 0
1.53 0 0 0 0
1.53667 0 0 0 0
1.54333 0 0 0 0
1.55 0 0 0 0
1.55667 0 0 0 0
1.56333 0 0 0 0
1.57 0 0 0 0
1.57667 0 0 0 0
1.58333 0 0 0 0
1.59 0 0 0 0
1.59667 0 0 0 0
1.60333 0 0 0 0
1.61 0 0 0 0
1.61667 0 0 0 0
1.62333 0 0 0 0
1.63 0 0 0 0
1.63667 0 0 0 0
1.64333 0 0 0 0
1.65 0 0 0 0
1.65667 0 0 0 0
1.66333 0 0 0 0
1.67 0 0 0 0
1.67667 0 0 0 0
1.68333 0 0 0 0
1.69 0 0 0 0
1.69667 0 0 0 0
1.70333 0 0 0 0
1.71 0 0 0 0
1.71667 0 0 0 0
1.72333 0 0 0 0
1.73 0 0 0 0
1.73667 0 0 0 0
1.74333 0 0 0 0
1.75 0 0 0 0
1.75667 0 0 0 0
1.76333 0 0 0 0
1.77 0 0 0 0
1.77667 0 0 0 0
1.78333 0 0 0 0
1.79 0 0 0 0
1.79667 0 0 0 0
1.80333 0 0 0 0
1.81 0 0 0 0
1.81667 0 0 0 0
1.82333 0 0 0 0
1.83 0 0 0 0
1.83667 0 0 0 0
1.84333 0 0 0 0
1.85 0 0 0 0
1.85667 0 0 0 0
1.86333 0 0 0 0
1.87 0 0 0 0
1.87667 0 0 0 0
1.88333 0 0 0 0
1.89 0 0 0 0
1.89667 0 0 0 0
1.90333 0 0 0 0
1.91 0 0 0 0
1.91667 0 0 0 0
1.92333 0 0 0 0
1.93 0 0 0 0
1.93667 0 0 0 0
1.94333 0 0 0 0
1.95 0 0 0 0
1.95667 0 0 0 0
1.96333 0 0 0 0
1.97 0 0 0 0
1.97667 0 0 0 0
1.98333 0 0 0 0
1.99 0 0 0 0
1.99667 0 0 0 0
