0.00333333 3 1 17 145
0.01 1 2 16 134
0.0166667 7 3 21 172
0.0233333 0 3 18 142
0.03 5 7 19 172
0.0366667 4 7 27 163
0.0433333 8 5 52 181
0.05 2 7 37 203
0.0566667 6 5 55 227
0.0633333 1 14 57 189
0.07 5 5 49 249
0.0766667 1 10 63 248
0.0833333 5 10 64 290
0.09 3 9 60 293
0.0966667 6 10 61 306
0.103333 3 7 52 292
0.11 7 11 49 315
0.116667 5 7 43 346
0.123333 5 10 51 321
0.13 9 10 55 355
0.136667 7 9 48 329
0.143333 5 12 48 331
0.15 8 9 43 318
0.156667 6 9 37 341
0.163333 2 7 44 318
0.17 5 8 33 317
0.176667 7 5 38 354
0.183333 8 6 34 393
0.19 6 12 37 459
0.196667 6 12 28 468
0.203333 14 17 44 441
0.21 5 10 36 434
0.216667 2 3 26 394
0.223333 13 8 36 417
0.23 8 9 27 365
0.236667 6 7 28 353
0.243333 3 7 28 314
0.25 7 7 24 290
0.256667 6 5 27 287
0.263333 5 7 30 272
0.27 4 6 32 229
0.276667 3 5 17 236
0.283333 8 6 30 238
0.29 2 4 24 204
0.296667 2 4 27 210
0.303333 3 9 20 191
0.31 7 6 31 190
0.316667 3 2 28 176
0.323333 4 4 18 193
0.33 5 7 18 185
0.336667 4 6 25 175
0.343333 3 7 26 175
0.35 4 6 17 181
0.356667 5 6 24 181
0.363333 4 5 34 157
0.37 2 5 19 156
0.376667 4 3 20 182
0.383333 6 7 23 175
0.39 2 1 15 185
0.396667 4 3 16 170
0.403333 3 6 22 157
0.41 7 6 23 165
0.416667 6 6 17 155
0.423333 9 8 26 144
0.43 4 2 14 163
0.436667 3 6 11 171
0.443333 4 4 21 171
0.45 5 1 13 158
0.456667 6 1 16 155
0.463333 6 9 18 138
0.47 5 4 20 162
0.476667 2 4 12 131
0.483333 5 1 14 76
0.49 3 6 10 82
0.496667 3 1 16 76
0.503333 2 2 16 61
0.51 0 4 10 65
0.516667 5 3 17 58
0.523333 1 4 10 51
0.53 3 4 10 59
0.536667 1 1 6 54
0.543333 1 2 7 53
0.55 2 5 11 57
0.556667 3 3 6 45
0.563333 2 2 9 43
0.57 0 2 7 51
0.576667 3 8 11 49
0.583333 3 2 7 40
0.59 8 4 11 40
0.596667 1 3 5 40
0.603333 1 1 10 46
0.61 3 6 11 30
0.616667 3 3 10 28
0.623333 5 2 3 31
0.63 1 3 8 27
0.636667 4 4 7 57
0.643333 3 2 9 32
0.65 2 3 11 39
0.656667 4 4 6 29
0.663333 176 125 244 8647
0.67 0 0 0 0
0.676667 0 0 0 0
0.683333 0 0 0 0
0.69 0 0 0 0
0.696667 0 0 0 0
0.703333 0 0 0 0
0.71 0 0 0 0
0.716667 0 0 0 0
0.723333 0 0 0 0
0.73 0 0 0 0
0.736667 0 0 0 0
0.743333 0 0 0 0
0.75 0 0 0 0
0.756667 0 0 0 0
0.763333 0 0 0 0
0.77 0 0 0 0
0.776667 0 0 0 0
0.783333 0 0 0 0
0.79 0 0 0 0
0.796667 0 0 0 0
0.803333 0 0 0 0
0.81 0 0 0 0
0.816667 0 0 0 0
0.823333 0 0 0 0
0.83 0 0 0 0
0.836667 0 0 0 0
0.843333 0 0 0 0
0.85 0 0 0 0
0.856667 0 0 0 0
0.863333 0 0 0 0
0.87 0 0 0 0
0.876667 0 0 0 0
0.883333 0 0 0 0
0.89 0 0 0 0
0.896667 0 0 0 0
0.903333 0 0 0 0
0.91 0 0 0 0
0.916667 0 0 0 0
0.923333 0 0 0 0
0.93 0 0 0 0
0.936667 0 0 0 0
0.943333 0 0 0 0
0.95 0 0 0 0
0.956667 0 0 0 0
0.963333 0 0 0 0
0.97 0 0 0 0
0.976667 0 0 0 0
0.983333 0 0 0 0
0.99 0 0 0 0
0.996667 0 0 0 0
1.00333 0 0 0 0
1.01 0 0 0 0
1.01667 0 0 0 0
1.02333 0 0 0 0
1.03 0 0 0 0
1.03667 0 0 0 0
1.04333 0 0 0 0
1.05 0 0 0 0
1.05667 0 0 0 0
1.06333 0 0 0 0
1.07 0 0 0 0
1.07667 0 0 0 0
1.08333 0 0 0 0
1.09 0 0 0 0
1.09667 0 0 0 0
1.10333 0 0 0 0
1.11 0 0 0 0
1.11667 0 0 0 0
1.12333 0 0 0 0
1.13 0 0 0 0
1.13667 0 0 0 0
1.14333 0 0 0 0
1.15 0 0 0 0
1.15667 0 0 0 0
1.16333 0 0 0 0
1.17 0 0 0 0
1.17667 0 0 0 0
1.18333 0 0 0 0
1.19 0 0 0 0
1.19667 0 0 0 0
1.20333 0 0 0 0
1.21 0 0 0 0
1.21667 0 0 0 0
1.22333 0 0 0 0
1.23 0 0 0 0
1.23667 0 0 0 0
1.24333 0 0 0 0
1.25 0 0 0 0
1.25667 0 0 0 0
1.26333 0 0 0 0
1.27 0 0 0 0
1.27667 0 0 0 0
1.28333 0 0 0 0
1.29 0 0 0 0
1.29667 0 0 0 0
1.30333 0 0 0 0
1.31 0 0 0 0
1.31667 0 0 0 0
1.32333 0 0 0 0
1.33 0 0 0 0
1.33667 0 0 0 0
1.34333 0 0 0 0
1.35 0 0 0 0
1.35667 0 0 0 0
1.36333 0 0 0 0
1.37 0 0 0 0
1.37667 0 0 0 0
1.38333 0 0 0 0
1.39 0 0 0 0
1.39667 0 0 0 0
1.40333 0 0 0 0
1.41 0 0 0 0
1.41667 0 0 0 0
1.42333 0 0 0 0
1.43 0 0 0 0
1.43667 0 0 0 0
1.44333 0 0 0 0
1.45 0 0 0 0
1.45667 0 0 0 0
1.46333 0 0 0 0
1.47 0 0 0 0
1.47667 0 0 0 0
1.48333 0 0 0 0
1.49 0 0 0 0
1.49667 0 0 0 0
1.50333 0 0 0 0
1.51 0 0 0 0
1.51667 0 0 0 0
1.52333 0 0 0 0
1.53 0 0 0 0
1.53667 0 0 0 0
1.54333 0 0 0 0
1.55 0 0 0 0
1.55667 0 0 0 0
1.56333 0 0 0 0
1.57 0 0 0 0
1.57667 0 0 0 0
1.58333 0 0 0 0
1.59 0 0 0 0
1.59667 0 0 0 0
1.60333 0 0 0 0
1.61 0 0 0 0
1.61667 0 0 0 0
1.62333 0 0 0 0
1.63 0 0 0 0
1.63667 0 0 0 0
1.64333 0 0 0 0
1.65 0 0 0 0
1.65667 0 0 0 0
1.66333 0 0 0 0
1.67 0 0 0 0
1.67667 0 0 0 0
1.68333 0 0 0 0
1.69 0 0 0 0
1.69667 0 0 0 0
1.70333 0 0 0 0
1.71 0 0 0 0
1.71667 0 0 0 0
1.72333 0 0 0 0
1.73 0 0 0 0
1.73667 0 0 0 0
1.74333 0 0 0 0
1.75 0 0 0 0
1.75667 0 0 0 0
1.76333 0 0 0 0
1.77 0 0 0 0
1.77667 0 0 0 0
1.78333 0 0 0 0
1.79 0 0 0 0
1.79667 0 0 0 0
1.80333 0 0 0 0
1.81 0 0 0 0
1.81667 0 0 0 0
1.82333 0 0 0 0
1.83 0 0 0 0
1.83667 0 0 0 0
1.84333 0 0 0 0
1.85 0 0 0 0
1.85667 0 0 0 0
1.86333 0 0 0 0
1.87 0 0 0 0
1.87667 0 0 0 0
1.88333 0 0 0 0
1.89 0 0 0 0
1.89667 0 0 0 0
1.90333 0 0 0 0
1.91 0 0 0 0
1.91667 0 0 0 0
1.92333 0 0 0 0
1.93 0 0 0 0
1.93667 0 0 0 0
1.94333 0 0 0 0
1.95 0 0 0 0
1.95667 0 0 0 0
1.96333 0 0 0 0
1.97 0 0 0 0
1.97667 0 0 0 0
1.98333 0 0 0 0
1.99 0 0 0 0
1.99667 0 0 0 0
