0.00333333 98 41 1 0
0.01 104 48 1 3
0.0166667 136 57 1 0
0.0233333 127 68 2 2
0.03 124 60 1 0
0.0366667 173 57 2 2
0.0433333 178 110 2 0
0.05 234 118 7 2
0.0566667 238 125 0 3
0.0633333 284 142 6 7
0.07 276 160 4 2
0.0766667 337 170 3 2
0.0833333 326 167 7 4
0.09 342 178 10 2
0.0966667 340 195 2 5
0.103333 345 164 2 3
0.11 333 153 6 4
0.116667 387 166 4 3
0.123333 368 145 4 4
0.13 365 175 3 6
0.136667 339 154 3 3
0.143333 365 155 5 2
0.15 328 151 3 1
0.156667 331 128 9 2
0.163333 337 126 1 3
0.17 327 140 9 3
0.176667 320 124 3 6
0.183333 339 162 2 2
0.19 410 146 5 4
0.196667 398 167 2 5
0.203333 380 146 2 4
0.21 348 126 2 1
0.216667 316 131 2 5
0.223333 309 125 4 5
0.23 304 111 2 4
0.236667 272 114 2 1
0.243333 256 101 3 8
0.25 250 91 6 5
0.256667 249 110 2 2
0.263333 211 93 2 5
0.27 202 83 1 5
0.276667 191 91 2 1
0.283333 181 104 1 2
0.29 194 89 0 5
0.296667 177 82 2 2
0.303333 183 72 2 0
0.31 178 94 5 1
0.316667 163 74 3 2
0.323333 165 69 3 3
0.33 148 81 2 3
0.336667 163 66 3 0
0.343333 143 69 4 1
0.35 146 69 2 4
0.356667 161 76 1 2
0.363333 130 54 2 1
0.37 136 69 4 0
0.376667 115 57 4 3
0.383333 136 61 3 1
0.39 132 62 4 0
0.396667 153 57 2 1
0.403333 142 50 4 0
0.41 125 62 4 2
0.416667 113 57 1 1
0.423333 109 62 2 2
0.43 123 46 0 2
0.436667 126 55 1 3
0.443333 127 59 2 3
0.45 142 55 0 0
0.456667 126 54 1 1
0.463333 126 47 1 2
0.47 132 59 1 2
0.476667 113 54 2 4
0.483333 67 42 2 3
0.49 69 29 4 2
0.496667 69 24 1 0
0.503333 48 39 4 2
0.51 53 26 2 0
0.516667 55 31 3 2
0.523333 54 30 2 2
0.53 59 30 0 2
0.536667 49 24 2 1
0.543333 61 26 2 0
0.55 58 27 0 1
0.556667 52 23 1 0
0.563333 48 17 1 0
0.57 47 26 1 2
0.576667 55 26 1 4
0.583333 62 43 0 0
0.59 45 27 1 0
0.596667 33 24 0 2
0.603333 43 31 2 0
0.61 42 22 1 0
0.616667 45 24 2 2
0.623333 54 26 0 2
0.63 48 26 1 2
0.636667 64 37 3 2
0.643333 54 26 0 0
0.65 47 31 1 1
0.656667 38 19 3 3
0.663333 5249 1705 19 48
0.67 0 0 0 0
0.676667 0 0 0 0
0.683333 0 0 0 0
0.69 0 0 0 0
0.696667 0 0 0 0
0.703333 0 0 0 0
0.71 0 0 0 0
0.716667 0 0 0 0
0.723333 0 0 0 0
0.73 0 0 0 0
0.736667 0 0 0 0
0.743333 0 0 0 0
0.75 0 0 0 0
0.756667 0 0 0 0
0.763333 0 0 0 0
0.77 0 0 0 0
0.776667 0 0 0 0
0.783333 0 0 0 0
0.79 0 0 0 0
0.796667 0 0 0 0
0.803333 0 0 0 0
0.81 0 0 0 0
0.816667 0 0 0 0
0.823333 0 0 0 0
0.83 0 0 0 0
0.836667 0 0 0 0
0.843333 0 0 0 0
0.85 0 0 0 0
0.856667 0 0 0 0
0.863333 0 0 0 0
0.87 0 0 0 0
0.876667 0 0 0 0
0.883333 0 0 0 0
0.89 0 0 0 0
0.896667 0 0 0 0
0.903333 0 0 0 0
0.91 0 0 0 0
0.916667 0 0 0 0
0.923333 0 0 0 0
0.93 0 0 0 0
0.936667 0 0 0 0
0.943333 0 0 0 0
0.95 0 0 0 0
0.956667 0 0 0 0
0.963333 0 0 0 0
0.97 0 0 0 0
0.976667 0 0 0 0
0.983333 0 0 0 0
0.99 0 0 0 0
0.996667 0 0 0 0
1.00333 0 0 0 0
1.01 0 0 0 0
1.01667 0 0 0 0
1.02333 0 0 0 0
1.03 0 0 0 0
1.03667 0 0 0 0
1.04333 0 0 0 0
1.05 0 0 0 0
1.05667 0 0 0 0
1.06333 0 0 0 0
1.07 0 0 0 0
1.07667 0 0 0 0
1.08333 0 0 0 0
1.09 0 0 0 0
1.09667 0 0 0 0
1.10333 0 0 0 0
1.11 0 0 0 0
1.11667 0 0 0 0
1.12333 0 0 0 0
1.13 0 0 0 0
1.13667 0 0 0 0
1.14333 0 0 0 0
1.15 0 0 0 0
1.15667 0 0 0 0
1.16333 0 0 0 0
1.17 0 0 0 0
1.17667 0 0 0 0
1.18333 0 0 0 0
1.19 0 0 0 0
1.19667 0 0 0 0
1.20333 0 0 0 0
1.21 0 0 0 0
1.21667 0 0 0 0
1.22333 0 0 0 0
1.23 0 0 0 0
1.23667 0 0 0 0
1.24333 0 0 0 0
1.25 0 0 0 0
1.25667 0 0 0 0
1.26333 0 0 0 0
1.27 0 0 0 0
1.27667 0 0 0 0
1.28333 0 0 0 0
1.29 0 0 0 0
1.29667 0 0 0 0
1.30333 0 0 0 0
1.31 0 0 0 0
1.31667 0 0 0 0
1.32333 0 0 0 0
1.33 0 0 0 0
1.33667 0 0 0 0
1.34333 0 0 0 0
1.35 0 0 0 0
1.35667 0 0 0 0
1.36333 0 0 0 0
1.37 0 0 0 0
1.37667 0 0 0 0
1.38333 0 0 0 0
1.39 0 0 0 0
1.39667 0 0 0 0
1.40333 0 0 0 0
1.41 0 0 0 0
1.41667 0 0 0 0
1.42333 0 0 0 0
1.43 0 0 0 0
1.43667 0 0 0 0
1.44333 0 0 0 0
1.45 0 0 0 0
1.45667 0 0 0 0
1.46333 0 0 0 0
1.47 0 0 0 0
1.47667 0 0 0 0
1.48333 0 0 0 0
1.49 0 0 0 0
1.49667 0 0 0 0
1.50333 0 0 0 0
1.51 0 0 0 0
1.51667 0 0 0 0
1.52333 0 0 0 0
1.53 0 0 0 0
1.53667 0 0 0 0
1.54333 0 0 0 0
1.55 0 0 0 0
1.55667 0 0 0 0
1.56333 0 0 0 0
1.57 0 0 0 0
1.57667 0 0 0 0
1.58333 0 0 0 0
1.59 0 0 0 0
1.59667 0 0 0 0
1.60333 0 0 0 0
1.61 0 0 0 0
1.61667 0 0 0 0
1.62333 0 0 0 0
1.63 0 0 0 0
1.63667 0 0 0 0
1.64333 0 0 0 0
1.65 0 0 0 0
1.65667 0 0 0 0
1.66333 0 0 0 0
1.67 0 0 0 0
1.67667 0 0 0 0
1.68333 0 0 0 0
1.69 0 0 0 0
1.69667 0 0 0 0
1.70333 0 0 0 0
1.71 0 0 0 0
1.71667 0 0 0 0
1.72333 0 0 0 0
1.73 0 0 0 0
1.73667 0 0 0 0
1.74333 0 0 0 0
1.75 0 0 0 0
1.75667 0 0 0 0
1.76333 0 0 0 0
1.77 0 0 0 0
1.77667 0 0 0 0
1.78333 0 0 0 0
1.79 0 0 0 0
1.79667 0 0 0 0
1.80333 0 0 0 0
1.81 0 0 0 0
1.81667 0 0 0 0
1.82333 0 0 0 0
1.83 0 0 0 0
1.83667 0 0 0 0
1.84333 0 0 0 0
1.85 0 0 0 0
1.85667 0 0 0 0
1.86333 0 0 0 0
1.87 0 0 0 0
1.87667 0 0 0 0
1.88333 0 0 0 0
1.89 0 0 0 0
1.89667 0 0 0 0
1.90333 0 0 0 0
1.91 0 0 0 0
1.91667 0 0 0 0
1.92333 0 0 0 0
1.93 0 0 0 0
1.93667 0 0 0 0
1.94333 0 0 0 0
1.95 0 0 0 0
1.95667 0 0 0 0
1.96333 0 0 0 0
1.97 0 0 0 0
1.97667 0 0 0 0
1.98333 0 0 0 0
1.99 0 0 0 0
1.99667 0 0 0 0
