0.00333333 0 16 20 1
0.01 7 9 40 2
0.0166667 4 18 38 3
0.0233333 11 25 35 2
0.03 6 28 32 4
0.0366667 11 27 42 5
0.0433333 15 33 57 7
0.05 9 48 56 4
0.0566667 12 56 50 7
0.0633333 15 52 66 14
0.07 12 54 78 6
0.0766667 18 65 66 13
0.0833333 17 62 83 7
0.09 19 61 72 6
0.0966667 16 60 82 10
0.103333 20 50 73 10
0.11 20 66 72 13
0.116667 16 54 89 11
0.123333 20 57 83 9
0.13 15 52 73 1
0.136667 6 40 72 3
0.143333 10 50 77 6
0.15 13 49 70 9
0.156667 10 51 69 8
0.163333 11 34 61 5
0.17 13 28 80 7
0.176667 12 35 61 3
0.183333 15 33 84 3
0.19 6 46 77 4
0.196667 15 33 88 5
0.203333 8 38 81 9
0.21 9 36 70 7
0.216667 15 34 67 5
0.223333 8 30 75 10
0.23 13 34 61 12
0.236667 9 34 64 7
0.243333 10 25 49 3
0.25 14 26 71 3
0.256667 9 24 57 5
0.263333 4 29 54 8
0.27 13 28 53 3
0.276667 2 26 38 6
0.283333 10 24 47 4
0.29 10 26 40 7
0.296667 11 22 53 2
0.303333 6 28 43 3
0.31 12 27 42 4
0.316667 10 20 52 7
0.323333 14 29 43 2
0.33 11 27 47 1
0.336667 3 23 33 5
0.343333 9 15 38 2
0.35 6 26 42 3
0.356667 6 17 35 1
0.363333 7 21 38 3
0.37 5 20 33 4
0.376667 6 17 35 3
0.383333 5 15 27 2
0.39 6 21 39 3
0.396667 6 16 41 3
0.403333 6 19 32 4
0.41 11 17 31 3
0.416667 5 16 32 5
0.423333 3 21 42 2
0.43 6 19 37 4
0.436667 6 21 37 3
0.443333 2 18 43 3
0.45 9 24 32 4
0.456667 6 22 36 1
0.463333 5 17 32 7
0.47 7 16 38 3
0.476667 5 9 36 3
0.483333 3 11 17 4
0.49 5 7 23 1
0.496667 3 6 22 0
0.503333 4 12 25 0
0.51 5 9 18 5
0.516667 2 13 22 2
0.523333 2 10 26 1
0.53 2 16 18 2
0.536667 4 11 15 1
0.543333 2 6 13 3
0.55 5 11 21 3
0.556667 3 7 12 0
0.563333 2 6 13 1
0.57 1 13 18 5
0.576667 3 9 15 2
0.583333 2 9 20 1
0.59 2 9 16 1
0.596667 3 7 19 0
0.603333 1 8 7 1
0.61 2 6 18 0
0.616667 3 7 5 3
0.623333 3 7 16 1
0.63 6 13 8 0
0.636667 1 8 19 1
0.643333 2 7 8 0
0.65 3 16 5 3
0.656667 3 11 18 3
0.663333 90 300 1249 39
0.67 0 0 0 0
0.676667 0 0 0 0
0.683333 0 0 0 0
0.69 0 0 0 0
0.696667 0 0 0 0
0.703333 0 0 0 0
0.71 0 0 0 0
0.716667 0 0 0 0
0.723333 0 0 0 0
0.73 0 0 0 0
0.736667 0 0 0 0
0.743333 0 0 0 0
0.75 0 0 0 0
0.756667 0 0 0 0
0.763333 0 0 0 0
0.77 0 0 0 0
0.776667 0 0 0 0
0.783333 0 0 0 0
0.79 0 0 0 0
0.796667 0 0 0 0
0.803333 0 0 0 0
0.81 0 0 0 0
0.816667 0 0 0 0
0.823333 0 0 0 0
0.83 0 0 0 0
0.836667 0 0 0 0
0.843333 0 0 0 0
0.85 0 0 0 0
0.856667 0 0 0 0
0.863333 0 0 0 0
0.87 0 0 0 0
0.876667 0 0 0 0
0.883333 0 0 0 0
0.89 0 0 0 0
0.896667 0 0 0 0
0.903333 0 0 0 0
0.91 0 0 0 0
0.916667 0 0 0 0
0.923333 0 0 0 0
0.93 0 0 0 0
0.936667 0 0 0 0
0.943333 0 0 0 0
0.95 0 0 0 0
0.956667 0 0 0 0
0.963333 0 0 0 0
0.97 0 0 0 0
0.976667 0 0 0 0
0.983333 0 0 0 0
0.99 0 0 0 0
0.996667 0 0 0 0
1.00333 0 0 0 0
1.01 0 0 0 0
1.01667 0 0 0 0
1.02333 0 0 0 0
1.03 0 0 0 0
1.03667 0 0 0 0
1.04333 0 0 0 0
1.05 0 0 0 0
1.05667 0 0 0 0
1.06333 0 0 0 0
1.07 0 0 0 0
1.07667 0 0 0 0
1.08333 0 0 0 0
1.09 0 0 0 0
1.09667 0 0 0 0
1.10333 0 0 0 0
1.11 0 0 0 0
1.11667 0 0 0 0
1.12333 0 0 0 0
1.13 0 0 0 0
1.13667 0 0 0 0
1.14333 0 0 0 0
1.15 0 0 0 0
1.15667 0 0 0 0
1.16333 0 0 0 0
1.17 0 0 0 0
1.17667 0 0 0 0
1.18333 0 0 0 0
1.19 0 0 0 0
1.19667 0 0 0 0
1.20333 0 0 0 0
1.21 0 0 0 0
1.21667 0 0 0 0
1.22333 0 0 0 0
1.23 0 0 0 0
1.23667 0 0 0 0
1.24333 0 0 0 0
1.25 0 0 0 0
1.25667 0 0 0 0
1.26333 0 0 0 0
1.27 0 0 0 0
1.27667 0 0 0 0
1.28333 0 0 0 0
1.29 0 0 0 0
1.29667 0 0 0 0
1.30333 0 0 0 0
1.31 0 0 0 0
1.31667 0 0 0 0
1.32333 0 0 0 0
1.33 0 0 0 0
1.33667 0 0 0 0
1.34333 0 0 0 0
1.35 0 0 0 0
1.35667 0 0 0 0
1.36333 0 0 0 0
1.37 0 0 0 0
1.37667 0 0 0 0
1.38333 0 0 0 0
1.39 0 0 0 0
1.39667 0 0 0 0
1.40333 0 0 0 0
1.41 0 0 0 0
1.41667 0 0 0 0
1.42333 0 0 0 0
1.43 0 0 0 0
1.43667 0 0 0 0
1.44333 0 0 0 0
1.45 0 0 0 0
1.45667 0 0 0 0
1.46333 0 0 0 0
1.47 0 0 0 0
1.47667 0 0 0 0
1.48333 0 0 0 0
1.49 0 0 0 0
1.49667 0 0 0 0
1.50333 0 0 0 0
1.51 0 0 0 0
1.51667 0 0 0 0
1.52333 0 0 0 0
1.53 0 0 0 0
1.53667 0 0 0 0
1.54333 0 0 0 0
1.55 0 0 0 0
1.55667 0 0 0 0
1.56333 0 0 0 0
1.57 0 0 0 0
1.57667 0 0 0 0
1.58333 0 0 0 0
1.59 0 0 0 0
1.59667 0 0 0 0
1.60333 0 0 0 0
1.61 0 0 0 0
1.61667 0 0 0 0
1.62333 0 0 0 0
1.63 0 0 0 0
1.63667 0 0 0 0
1.64333 0 0 0 0
1.65 0 0 0 0
1.65667 0 0 0 0
1.66333 0 0 0 0
1.67 0 0 0 0
1.67667 0 0 0 0
1.68333 0 0 0 0
1.69 0 0 0 0
1.69667 0 0 0 0
1.70333 0 0 0 0
1.71 0 0 0 0
1.71667 0 0 0 0
1.72333 0 0 0 0
1.73 0 0 0 0
1.73667 0 0 0 0
1.74333 0 0 0 0
1.75 0 0 0 0
1.75667 0 0 0 0
1.76333 0 0 0 0
1.77 0 0 0 0
1.77667 0 0 0 0
1.78333 0 0 0 0
1.79 0 0 0 0
1.79667 0 0 0 0
1.80333 0 0 0 0
1.81 0 0 0 0
1.81667 0 0 0 0
1.82333 0 0 0 0
1.83 0 0 0 0
1.83667 0 0 0 0
1.84333 0 0 0 0
1.85 0 0 0 0
1.85667 0 0 0 0
1.86333 0 0 0 0
1.87 0 0 0 0
1.87667 0 0 0 0
1.88333 0 0 0 0
1.89 0 0 0 0
1.89667 0 0 0 0
1.90333 0 0 0 0
1.91 0 0 0 0
1.91667 0 0 0 0
1.92333 0 0 0 0
1.93 0 0 0 0
1.93667 0 0 0 0
1.94333 0 0 0 0
1.95 0 0 0 0
1.95667 0 0 0 0
1.96333 0 0 0 0
1.97 0 0 0 0
1.97667 0 0 0 0
1.98333 0 0 0 0
1.99 0 0 0 0
1.99667 0 0 0 0
