0.00333333 3 18 73 11
0.01 1 19 83 11
0.0166667 5 21 72 18
0.0233333 6 16 78 20
0.03 3 11 100 13
0.0366667 8 15 111 20
0.0433333 6 22 145 27
0.05 9 43 187 31
0.0566667 11 41 228 42
0.0633333 9 39 216 35
0.07 8 50 268 58
0.0766667 6 43 254 51
0.0833333 18 48 318 41
0.09 11 49 287 41
0.0966667 9 42 279 58
0.103333 13 45 292 44
0.11 10 42 267 44
0.116667 6 46 297 55
0.123333 6 44 260 39
0.13 7 37 266 44
0.136667 5 28 266 41
0.143333 15 30 232 39
0.15 10 30 238 30
0.156667 5 32 232 30
0.163333 10 36 248 34
0.17 7 34 208 32
0.176667 3 24 235 28
0.183333 7 41 211 35
0.19 9 39 262 39
0.196667 7 41 245 33
0.203333 5 46 250 26
0.21 7 20 220 20
0.216667 11 27 254 29
0.223333 8 23 180 21
0.23 4 25 197 24
0.236667 1 29 161 25
0.243333 6 38 175 21
0.25 9 23 173 25
0.256667 3 17 138 24
0.263333 6 23 140 19
0.27 8 18 146 21
0.276667 3 15 135 23
0.283333 4 6 125 23
0.29 5 19 146 13
0.296667 2 23 113 13
0.303333 4 16 125 13
0.31 9 17 102 14
0.316667 4 15 105 13
0.323333 2 21 101 19
0.33 4 15 95 13
0.336667 4 20 103 6
0.343333 9 13 101 21
0.35 2 11 110 16
0.356667 0 14 89 13
0.363333 3 13 97 17
0.37 1 16 84 17
0.376667 4 23 89 18
0.383333 3 11 85 15
0.39 5 13 70 10
0.396667 7 8 79 12
0.403333 3 12 77 12
0.41 3 10 75 8
0.416667 4 9 92 10
0.423333 6 13 87 16
0.43 3 16 80 17
0.436667 3 15 84 11
0.443333 5 14 74 22
0.45 1 11 83 12
0.456667 6 12 82 20
0.463333 2 15 72 5
0.47 4 11 82 9
0.476667 4 15 60 14
0.483333 5 11 44 11
0.49 2 7 47 12
0.496667 1 16 60 8
0.503333 2 11 53 16
0.51 1 7 55 4
0.516667 2 10 52 7
0.523333 2 7 48 7
0.53 1 6 49 6
0.536667 4 5 40 7
0.543333 1 10 32 3
0.55 2 10 48 4
0.556667 1 3 43 6
0.563333 2 7 35 8
0.57 2 8 48 7
0.576667 6 12 37 8
0.583333 0 6 40 9
0.59 1 10 44 6
0.596667 2 3 31 10
0.603333 5 6 37 3
0.61 0 6 34 8
0.616667 5 6 30 4
0.623333 1 11 33 6
0.63 2 7 27 2
0.636667 1 9 40 6
0.643333 2 4 31 7
0.65 3 3 33 3
0.656667 0 4 26 7
0.663333 39 191 2681 194
0.67 0 0 0 0
0.676667 0 0 0 0
0.683333 0 0 0 0
0.69 0 0 0 0
0.696667 0 0 0 0
0.703333 0 0 0 0
0.71 0 0 0 0
0.716667 0 0 0 0
0.723333 0 0 0 0
0.73 0 0 0 0
0.736667 0 0 0 0
0.743333 0 0 0 0
0.75 0 0 0 0
0.756667 0 0 0 0
0.763333 0 0 0 0
0.77 0 0 0 0
0.776667 0 0 0 0
0.783333 0 0 0 0
0.79 0 0 0 0
0.796667 0 0 0 0
0.803333 0 0 0 0
0.81 0 0 0 0
0.816667 0 0 0 0
0.823333 0 0 0 0
0.83 0 0 0 0
0.836667 0 0 0 0
0.843333 0 0 0 0
0.85 0 0 0 0
0.856667 0 0 0 0
0.863333 0 0 0 0
0.87 0 0 0 0
0.876667 0 0 0 0
0.883333 0 0 0 0
0.89 0 0 0 0
0.896667 0 0 0 0
0.903333 0 0 0 0
0.91 0 0 0 0
0.916667 0 0 0 0
0.923333 0 0 0 0
0.93 0 0 0 0
0.936667 0 0 0 0
0.943333 0 0 0 0
0.95 0 0 0 0
0.956667 0 0 0 0
0.963333 0 0 0 0
0.97 0 0 0 0
0.976667 0 0 0 0
0.983333 0 0 0 0
0.99 0 0 0 0
0.996667 0 0 0 0
1.00333 0 0 0 0
1.01 0 0 0 0
1.01667 0 0 0 0
1.02333 0 0 0 0
1.03 0 0 0 0
1.03667 0 0 0 0
1.04333 0 0 0 0
1.05 0 0 0 0
1.05667 0 0 0 0
1.06333 0 0 0 0
1.07 0 0 0 0
1.07667 0 0 0 0
1.08333 0 0 0 0
1.09 0 0 0 0
1.09667 0 0 0 0
1.10333 0 0 0 0
1.11 0 0 0 0
1.11667 0 0 0 0
1.12333 0 0 0 0
1.13 0 0 0 0
1.13667 0 0 0 0
1.14333 0 0 0 0
1.15 0 0 0 0
1.15667 0 0 0 0
1.16333 0 0 0 0
1.17 0 0 0 0
1.17667 0 0 0 0
1.18333 0 0 0 0
1.19 0 0 0 0
1.19667 0 0 0 0
1.20333 0 0 0 0
1.21 0 0 0 0
1.21667 0 0 0 0
1.22333 0 0 0 0
1.23 0 0 0 0
1.23667 0 0 0 0
1.24333 0 0 0 0
1.25 0 0 0 0
1.25667 0 0 0 0
1.26333 0 0 0 0
1.27 0 0 0 0
1.27667 0 0 0 0
1.28333 0 0 0 0
1.29 0 0 0 0
1.29667 0 0 0 0
1.30333 0 0 0 0
1.31 0 0 0 0
1.31667 0 0 0 0
1.32333 0 0 0 0
1.33 0 0 0 0
1.33667 0 0 0 0
1.34333 0 0 0 0
1.35 0 0 0 0
1.35667 0 0 0 0
1.36333 0 0 0 0
1.37 0 0 0 0
1.37667 0 0 0 0
1.38333 0 0 0 0
1.39 0 0 0 0
1.39667 0 0 0 0
1.40333 0 0 0 0
1.41 0 0 0 0
1.41667 0 0 0 0
1.42333 0 0 0 0
1.43 0 0 0 0
1.43667 0 0 0 0
1.44333 0 0 0 0
1.45 0 0 0 0
1.45667 0 0 0 0
1.46333 0 0 0 0
1.47 0 0 0 0
1.47667 0 0 0 0
1.48333 0 0 0 0
1.49 0 0 0 0
1.49667 0 0 0 0
1.50333 0 0 0 0
1.51 0 0 0 0
1.51667 0 0 0 0
1.52333 0 0 0 0
1.53 0 0 0 0
1.53667 0 0 0 0
1.54333 0 0 0 0
1.55 0 0 0 0
1.55667 0 0 0 0
1.56333 0 0 0 0
1.57 0 0 0 0
1.57667 0 0 0 0
1.58333 0 0 0 0
1.59 0 0 0 0
1.59667 0 0 0 0
1.60333 0 0 0 0
1.61 0 0 0 0
1.61667 0 0 0 0
1.62333 0 0 0 0
1.63 0 0 0 0
1.63667 0 0 0 0
1.64333 0 0 0 0
1.65 0 0 0 0
1.65667 0 0 0 0
1.66333 0 0 0 0
1.67 0 0 0 0
1.67667 0 0 0 0
1.68333 0 0 0 0
1.69 0 0 0 0
1.69667 0 0 0 0
1.70333 0 0 0 0
1.71 0 0 0 0
1.71667 0 0 0 0
1.72333 0 0 0 0
1.73 0 0 0 0
1.73667 0 0 0 0
1.74333 0 0 0 0
1.75 0 0 0 0
1.75667 0 0 0 0
1.76333 0 0 0 0
1.77 0 0 0 0
1.77667 0 0 0 0
1.78333 0 0 0 0
1.79 0 0 0 0
1.79667 0 0 0 0
1.80333 0 0 0 0
1.81 0 0 0 0
1.81667 0 0 0 0
1.82333 0 0 0 0
1.83 0 0 0 0
1.83667 0 0 0 0
1.84333 0 0 0 0
1.85 0 0 0 0
1.85667 0 0 0 0
1.86333 0 0 0 0
1.87 0 0 0 0
1.87667 0 0 0 0
1.88333 0 0 0 0
1.89 0 0 0 0
1.89667 0 0 0 0
1.90333 0 0 0 0
1.91 0 0 0 0
1.91667 0 0 0 0
1.92333 0 0 0 0
1.93 0 0 0 0
1.93667 0 0 0 0
1.94333 0 0 0 0
1.95 0 0 0 0
1.95667 0 0 0 0
1.96333 0 0 0 0
1.97 0 0 0 0
1.97667 0 0 0 0
1.98333 0 0 0 0
1.99 0 0 0 0
1.99667 0 0 0 0
