0.00333333 8 17 12 25
0.01 11 23 21 29
0.0166667 12 22 16 16
0.0233333 10 21 16 32
0.03 16 22 27 19
0.0366667 13 26 32 31
0.0433333 23 32 39 31
0.05 15 34 48 38
0.0566667 17 38 72 50
0.0633333 18 36 70 46
0.07 22 46 67 44
0.0766667 25 55 75 56
0.0833333 18 58 68 47
0.09 26 65 62 43
0.0966667 18 57 77 46
0.103333 18 54 65 64
0.11 18 62 55 61
0.116667 18 56 70 67
0.123333 20 54 51 49
0.13 27 62 51 53
0.136667 23 49 51 62
0.143333 24 52 55 36
0.15 16 52 42 51
0.156667 27 46 55 69
0.163333 27 48 52 32
0.17 24 45 52 42
0.176667 22 46 35 50
0.183333 17 33 52 72
0.19 42 51 42 84
0.196667 26 54 40 83
0.203333 37 61 21 52
0.21 24 38 50 48
0.216667 22 44 40 60
0.223333 32 36 31 48
0.23 18 47 32 39
0.236667 20 42 34 42
0.243333 23 28 31 45
0.25 20 44 25 36
0.256667 14 36 32 33
0.263333 16 32 33 38
0.27 23 27 28 31
0.276667 18 32 36 32
0.283333 17 25 26 49
0.29 22 35 31 27
0.296667 11 34 25 25
0.303333 13 39 29 35
0.31 22 33 21 27
0.316667 15 26 28 25
0.323333 14 26 24 43
0.33 9 22 17 33
0.336667 16 29 9 23
0.343333 9 18 28 37
0.35 21 22 23 30
0.356667 18 23 18 41
0.363333 12 25 13 32
0.37 12 32 15 25
0.376667 12 18 27 28
0.383333 9 20 17 28
0.39 8 19 29 26
0.396667 22 27 21 27
0.403333 12 19 23 26
0.41 13 19 19 23
0.416667 14 23 19 33
0.423333 17 18 18 30
0.43 5 22 21 29
0.436667 14 18 28 31
0.443333 9 14 20 27
0.45 16 21 15 31
0.456667 9 23 18 29
0.463333 12 21 19 36
0.47 16 14 15 30
0.476667 11 26 9 32
0.483333 8 15 11 18
0.49 10 12 14 21
0.496667 6 15 20 15
0.503333 4 21 14 15
0.51 9 6 17 15
0.516667 5 21 5 16
0.523333 2 12 19 8
0.53 4 18 15 12
0.536667 4 7 10 8
0.543333 2 9 14 8
0.55 7 11 13 12
0.556667 9 14 14 12
0.563333 5 13 11 11
0.57 8 10 12 7
0.576667 4 17 13 9
0.583333 4 10 11 9
0.59 10 13 11 8
0.596667 7 11 4 7
0.603333 6 13 4 7
0.61 4 15 7 15
0.616667 6 13 10 8
0.623333 8 14 8 8
0.63 4 15 10 10
0.636667 5 12 6 15
0.643333 4 10 7 7
0.65 2 12 5 9
0.656667 3 10 7 10
0.663333 502 621 295 1044
0.67 0 0 0 0
0.676667 0 0 0 0
0.683333 0 0 0 0
0.69 0 0 0 0
0.696667 0 0 0 0
0.703333 0 0 0 0
0.71 0 0 0 0
0.716667 0 0 0 0
0.723333 0 0 0 0
0.73 0 0 0 0
0.736667 0 0 0 0
0.743333 0 0 0 0
0.75 0 0 0 0
0.756667 0 0 0 0
0.763333 0 0 0 0
0.77 0 0 0 0
0.776667 0 0 0 0
0.783333 0 0 0 0
0.79 0 0 0 0
0.796667 0 0 0 0
0.803333 0 0 0 0
0.81 0 0 0 0
0.816667 0 0 0 0
0.823333 0 0 0 0
0.83 0 0 0 0
0.836667 0 0 0 0
0.843333 0 0 0 0
0.85 0 0 0 0
0.856667 0 0 0 0
0.863333 0 0 0 0
0.87 0 0 0 0
0.876667 0 0 0 0
0.883333 0 0 0 0
0.89 0 0 0 0
0.896667 0 0 0 0
0.903333 0 0 0 0
0.91 0 0 0 0
0.916667 0 0 0 0
0.923333 0 0 0 0
0.93 0 0 0 0
0.936667 0 0 0 0
0.943333 0 0 0 0
0.95 0 0 0 0
0.956667 0 0 0 0
0.963333 0 0 0 0
0.97 0 0 0 0
0.976667 0 0 0 0
0.983333 0 0 0 0
0.99 0 0 0 0
0.996667 0 0 0 0
1.00333 0 0 0 0
1.01 0 0 0 0
1.01667 0 0 0 0
1.02333 0 0 0 0
1.03 0 0 0 0
1.03667 0 0 0 0
1.04333 0 0 0 0
1.05 0 0 0 0
1.05667 0 0 0 0
1.06333 0 0 0 0
1.07 0 0 0 0
1.07667 0 0 0 0
1.08333 0 0 0 0
1.09 0 0 0 0
1.09667 0 0 0 0
1.10333 0 0 0 0
1.11 0 0 0 0
1.11667 0 0 0 0
1.12333 0 0 0 0
1.13 0 0 0 0
1.13667 0 0 0 0
1.14333 0 0 0 0
1.15 0 0 0 0
1.15667 0 0 0 0
1.16333 0 0 0 0
1.17 0 0 0 0
1.17667 0 0 0 0
1.18333 0 0 0 0
1.19 0 0 0 0
1.19667 0 0 0 0
1.20333 0 0 0 0
1.21 0 0 0 0
1.21667 0 0 0 0
1.22333 0 0 0 0
1.23 0 0 0 0
1.23667 0 0 0 0
1.24333 0 0 0 0
1.25 0 0 0 0
1.25667 0 0 0 0
1.26333 0 0 0 0
1.27 0 0 0 0
1.27667 0 0 0 0
1.28333 0 0 0 0
1.29 0 0 0 0
1.29667 0 0 0 0
1.30333 0 0 0 0
1.31 0 0 0 0
1.31667 0 0 0 0
1.32333 0 0 0 0
1.33 0 0 0 0
1.33667 0 0 0 0
1.34333 0 0 0 0
1.35 0 0 0 0
1.35667 0 0 0 0
1.36333 0 0 0 0
1.37 0 0 0 0
1.37667 0 0 0 0
1.38333 0 0 0 0
1.39 0 0 0 0
1.39667 0 0 0 0
1.40333 0 0 0 0
1.41 0 0 0 0
1.41667 0 0 0 0
1.42333 0 0 0 0
1.43 0 0 0 0
1.43667 0 0 0 0
1.44333 0 0 0 0
1.45 0 0 0 0
1.45667 0 0 0 0
1.46333 0 0 0 0
1.47 0 0 0 0
1.47667 0 0 0 0
1.48333 0 0 0 0
1.49 0 0 0 0
1.49667 0 0 0 0
1.50333 0 0 0 0
1.51 0 0 0 0
1.51667 0 0 0 0
1.52333 0 0 0 0
1.53 0 0 0 0
1.53667 0 0 0 0
1.54333 0 0 0 0
1.55 0 0 0 0
1.55667 0 0 0 0
1.56333 0 0 0 0
1.57 0 0 0 0
1.57667 0 0 0 0
1.58333 0 0 0 0
1.59 0 0 0 0
1.59667 0 0 0 0
1.60333 0 0 0 0
1.61 0 0 0 0
1.61667 0 0 0 0
1.62333 0 0 0 0
1.63 0 0 0 0
1.63667 0 0 0 0
1.64333 0 0 0 0
1.65 0 0 0 0
1.65667 0 0 0 0
1.66333 0 0 0 0
1.67 0 0 0 0
1.67667 0 0 0 0
1.68333 0 0 0 0
1.69 0 0 0 0
1.69667 0 0 0 0
1.70333 0 0 0 0
1.71 0 0 0 0
1.71667 0 0 0 0
1.72333 0 0 0 0
1.73 0 0 0 0
1.73667 0 0 0 0
1.74333 0 0 0 0
1.75 0 0 0 0
1.75667 0 0 0 0
1.76333 0 0 0 0
1.77 0 0 0 0
1.77667 0 0 0 0
1.78333 0 0 0 0
1.79 0 0 0 0
1.79667 0 0 0 0
1.80333 0 0 0 0
1.81 0 0 0 0
1.81667 0 0 0 0
1.82333 0 0 0 0
1.83 0 0 0 0
1.83667 0 0 0 0
1.84333 0 0 0 0
1.85 0 0 0 0
1.85667 0 0 0 0
1.86333 0 0 0 0
1.87 0 0 0 0
1.87667 0 0 0 0
1.88333 0 0 0 0
1.89 0 0 0 0
1.89667 0 0 0 0
1.90333 0 0 0 0
1.91 0 0 0 0
1.91667 0 0 0 0
1.92333 0 0 0 0
1.93 0 0 0 0
1.93667 0 0 0 0
1.94333 0 0 0 0
1.95 0 0 0 0
1.95667 0 0 0 0
1.96333 0 0 0 0
1.97 0 0 0 0
1.97667 0 0 0 0
1.98333 0 0 0 0
1.99 0 0 0 0
1.99667 0 0 0 0
