0.00333333 9 26 15 14
0.01 11 26 24 17
0.0166667 8 24 32 11
0.0233333 10 39 23 17
0.03 10 46 34 16
0.0366667 9 44 43 20
0.0433333 15 65 51 19
0.05 17 75 84 33
0.0566667 27 97 83 44
0.0633333 30 90 83 38
0.07 18 116 99 32
0.0766667 29 91 84 32
0.0833333 28 95 99 43
0.09 28 95 91 44
0.0966667 23 117 92 36
0.103333 39 127 78 44
0.11 35 87 92 39
0.116667 37 119 99 36
0.123333 29 90 93 22
0.13 33 98 81 37
0.136667 21 81 83 39
0.143333 31 79 65 25
0.15 29 81 66 36
0.156667 24 70 70 23
0.163333 24 68 57 30
0.17 24 73 53 28
0.176667 24 80 60 29
0.183333 25 84 61 35
0.19 36 79 65 35
0.196667 27 83 44 34
0.203333 18 101 60 32
0.21 17 82 51 30
0.216667 16 68 47 27
0.223333 14 59 42 28
0.23 16 69 43 22
0.236667 19 64 43 34
0.243333 14 45 34 25
0.25 17 63 34 15
0.256667 19 52 39 16
0.263333 19 62 44 25
0.27 15 52 39 17
0.276667 14 55 32 14
0.283333 12 41 30 17
0.29 17 60 32 7
0.296667 13 43 37 12
0.303333 13 60 31 18
0.31 15 39 28 17
0.316667 14 47 36 15
0.323333 16 46 28 19
0.33 8 39 42 17
0.336667 11 40 32 13
0.343333 13 29 27 11
0.35 12 42 18 17
0.356667 16 40 27 13
0.363333 21 36 28 9
0.37 13 34 29 17
0.376667 8 30 35 14
0.383333 13 35 28 23
0.39 13 38 20 12
0.396667 13 32 28 12
0.403333 9 39 20 16
0.41 5 38 29 16
0.416667 12 26 23 12
0.423333 7 28 17 15
0.43 14 35 19 18
0.436667 12 29 33 13
0.443333 9 40 26 18
0.45 9 40 20 14
0.456667 6 27 18 21
0.463333 12 25 11 10
0.47 11 27 21 13
0.476667 3 31 17 16
0.483333 14 20 22 12
0.49 2 27 16 8
0.496667 12 17 19 7
0.503333 10 16 14 10
0.51 6 12 12 7
0.516667 3 25 12 7
0.523333 5 13 22 8
0.53 5 13 9 4
0.536667 13 21 15 4
0.543333 4 21 17 5
0.55 5 24 11 8
0.556667 5 20 20 4
0.563333 10 20 13 7
0.57 4 26 9 11
0.576667 11 16 13 7
0.583333 5 21 10 6
0.59 7 18 8 8
0.596667 6 15 8 8
0.603333 5 11 5 11
0.61 4 18 4 7
0.616667 8 13 16 3
0.623333 7 12 11 4
0.63 4 23 7 2
0.636667 1 16 13 6
0.643333 3 9 14 7
0.65 4 15 7 5
0.656667 5 16 6 9
0.663333 231 754 380 307
0.67 0 0 0 0
0.676667 0 0 0 0
0.683333 0 0 0 0
0.69 0 0 0 0
0.696667 0 0 0 0
0.703333 0 0 0 0
0.71 0 0 0 0
0.716667 0 0 0 0
0.723333 0 0 0 0
0.73 0 0 0 0
0.736667 0 0 0 0
0.743333 0 0 0 0
0.75 0 0 0 0
0.756667 0 0 0 0
0.763333 0 0 0 0
0.77 0 0 0 0
0.776667 0 0 0 0
0.783333 0 0 0 0
0.79 0 0 0 0
0.796667 0 0 0 0
0.803333 0 0 0 0
0.81 0 0 0 0
0.816667 0 0 0 0
0.823333 0 0 0 0
0.83 0 0 0 0
0.836667 0 0 0 0
0.843333 0 0 0 0
0.85 0 0 0 0
0.856667 0 0 0 0
0.863333 0 0 0 0
0.87 0 0 0 0
0.876667 0 0 0 0
0.883333 0 0 0 0
0.89 0 0 0 0
0.896667 0 0 0 0
0.903333 0 0 0 0
0.91 0 0 0 0
0.916667 0 0 0 0
0.923333 0 0 0 0
0.93 0 0 0 0
0.936667 0 0 0 0
0.943333 0 0 0 0
0.95 0 0 0 0
0.956667 0 0 0 0
0.963333 0 0 0 0
0.97 0 0 0 0
0.976667 0 0 0 0
0.983333 0 0 0 0
0.99 0 0 0 0
0.996667 0 0 0 0
1.00333 0 0 0 0
1.01 0 0 0 0
1.01667 0 0 0 0
1.02333 0 0 0 0
1.03 0 0 0 0
1.03667 0 0 0 0
1.04333 0 0 0 0
1.05 0 0 0 0
1.05667 0 0 0 0
1.06333 0 0 0 0
1.07 0 0 0 0
1.07667 0 0 0 0
1.08333 0 0 0 0
1.09 0 0 0 0
1.09667 0 0 0 0
1.10333 0 0 0 0
1.11 0 0 0 0
1.11667 0 0 0 0
1.12333 0 0 0 0
1.13 0 0 0 0
1.13667 0 0 0 0
1.14333 0 0 0 0
1.15 0 0 0 0
1.15667 0 0 0 0
1.16333 0 0 0 0
1.17 0 0 0 0
1.17667 0 0 0 0
1.18333 0 0 0 0
1.19 0 0 0 0
1.19667 0 0 0 0
1.20333 0 0 0 0
1.21 0 0 0 0
1.21667 0 0 0 0
1.22333 0 0 0 0
1.23 0 0 0 0
1.23667 0 0 0 0
1.24333 0 0 0 0
1.25 0 0 0 0
1.25667 0 0 0 0
1.26333 0 0 0 0
1.27 0 0 0 0
1.27667 0 0 0 0
1.28333 0 0 0 0
1.29 0 0 0 0
1.29667 0 0 0 0
1.30333 0 0 0 0
1.31 0 0 0 0
1.31667 0 0 0 0
1.32333 0 0 0 0
1.33 0 0 0 0
1.33667 0 0 0 0
1.34333 0 0 0 0
1.35 0 0 0 0
1.35667 0 0 0 0
1.36333 0 0 0 0
1.37 0 0 0 0
1.37667 0 0 0 0
1.38333 0 0 0 0
1.39 0 0 0 0
1.39667 0 0 0 0
1.40333 0 0 0 0
1.41 0 0 0 0
1.41667 0 0 0 0
1.42333 0 0 0 0
1.43 0 0 0 0
1.43667 0 0 0 0
1.44333 0 0 0 0
1.45 0 0 0 0
1.45667 0 0 0 0
1.46333 0 0 0 0
1.47 0 0 0 0
1.47667 0 0 0 0
1.48333 0 0 0 0
1.49 0 0 0 0
1.49667 0 0 0 0
1.50333 0 0 0 0
1.51 0 0 0 0
1.51667 0 0 0 0
1.52333 0 0 0 0
1.53 0 0 0 0
1.53667 0 0 0 0
1.54333 0 0 0 0
1.55 0 0 0 0
1.55667 0 0 0 0
1.56333 0 0 0 0
1.57 0 0 0 0
1.57667 0 0 0 0
1.58333 0 0 0 0
1.59 0 0 0 0
1.59667 0 0 0 0
1.60333 0 0 0 0
1.61 0 0 0 0
1.61667 0 0 0 0
1.62333 0 0 0 0
1.63 0 0 0 0
1.63667 0 0 0 0
1.64333 0 0 0 0
1.65 0 0 0 0
1.65667 0 0 0 0
1.66333 0 0 0 0
1.67 0 0 0 0
1.67667 0 0 0 0
1.68333 0 0 0 0
1.69 0 0 0 0
1.69667 0 0 0 0
1.70333 0 0 0 0
1.71 0 0 0 0
1.71667 0 0 0 0
1.72333 0 0 0 0
1.73 0 0 0 0
1.73667 0 0 0 0
1.74333 0 0 0 0
1.75 0 0 0 0
1.75667 0 0 0 0
1.76333 0 0 0 0
1.77 0 0 0 0
1.77667 0 0 0 0
1.78333 0 0 0 0
1.79 0 0 0 0
1.79667 0 0 0 0
1.80333 0 0 0 0
1.81 0 0 0 0
1.81667 0 0 0 0
1.82333 0 0 0 0
1.83 0 0 0 0
1.83667 0 0 0 0
1.84333 0 0 0 0
1.85 0 0 0 0
1.85667 0 0 0 0
1.86333 0 0 0 0
1.87 0 0 0 0
1.87667 0 0 0 0
1.88333 0 0 0 0
1.89 0 0 0 0
1.89667 0 0 0 0
1.90333 0 0 0 0
1.91 0 0 0 0
1.91667 0 0 0 0
1.92333 0 0 0 0
1.93 0 0 0 0
1.93667 0 0 0 0
1.94333 0 0 0 0
1.95 0 0 0 0
1.95667 0 0 0 0
1.96333 0 0 0 0
1.97 0 0 0 0
1.97667 0 0 0 0
1.98333 0 0 0 0
1.99 0 0 0 0
1.99667 0 0 0 0
