0.00333333 5 10 12 10
0.01 3 7 18 11
0.0166667 7 7 16 10
0.0233333 7 7 20 8
0.03 1 7 21 11
0.0366667 7 8 33 24
0.0433333 4 21 31 16
0.05 7 19 40 20
0.0566667 8 13 55 19
0.0633333 12 34 47 21
0.07 7 28 63 22
0.0766667 17 22 55 30
0.0833333 13 22 65 30
0.09 8 25 63 27
0.0966667 20 23 72 22
0.103333 18 28 57 37
0.11 14 26 65 22
0.116667 9 31 69 31
0.123333 11 18 57 35
0.13 12 21 48 27
0.136667 9 28 41 18
0.143333 8 21 45 27
0.15 10 20 50 24
0.156667 15 17 30 24
0.163333 14 23 32 17
0.17 10 18 43 20
0.176667 5 22 50 23
0.183333 13 19 35 17
0.19 7 13 41 31
0.196667 12 17 41 28
0.203333 12 15 34 22
0.21 12 16 28 23
0.216667 14 14 40 35
0.223333 12 18 37 23
0.23 10 9 35 24
0.236667 13 24 34 11
0.243333 11 15 37 16
0.25 8 16 25 16
0.256667 8 19 33 16
0.263333 12 15 22 13
0.27 5 10 27 22
0.276667 7 16 35 14
0.283333 9 17 37 13
0.29 11 9 28 10
0.296667 6 14 23 20
0.303333 3 13 27 21
0.31 5 11 25 14
0.316667 8 8 25 11
0.323333 6 12 19 11
0.33 5 12 23 13
0.336667 7 16 23 21
0.343333 4 10 31 13
0.35 13 12 20 17
0.356667 11 11 23 13
0.363333 8 12 23 6
0.37 9 8 24 18
0.376667 8 7 18 11
0.383333 6 12 18 6
0.39 7 13 17 17
0.396667 3 4 19 13
0.403333 3 5 16 10
0.41 7 10 17 17
0.416667 2 6 19 11
0.423333 8 13 15 10
0.43 3 8 17 8
0.436667 4 5 18 12
0.443333 7 4 17 12
0.45 5 9 22 14
0.456667 5 6 18 7
0.463333 4 12 16 12
0.47 5 10 19 9
0.476667 7 5 14 6
0.483333 4 5 18 8
0.49 4 8 15 8
0.496667 9 9 8 9
0.503333 4 7 18 13
0.51 2 5 10 9
0.516667 4 5 14 6
0.523333 3 5 15 7
0.53 4 7 8 12
0.536667 2 6 19 6
0.543333 1 8 12 12
0.55 1 6 7 9
0.556667 4 7 9 10
0.563333 0 3 11 9
0.57 4 7 13 5
0.576667 3 5 19 6
0.583333 2 5 12 9
0.59 3 7 15 6
0.596667 3 4 6 8
0.603333 2 1 13 11
0.61 6 6 6 4
0.616667 3 5 10 9
0.623333 2 4 9 7
0.63 3 5 11 7
0.636667 2 5 15 7
0.643333 4 4 7 6
0.65 4 9 12 4
0.656667 4 2 8 7
0.663333 183 114 398 403
0.67 0 0 0 0
0.676667 0 0 0 0
0.683333 0 0 0 0
0.69 0 0 0 0
0.696667 0 0 0 0
0.703333 0 0 0 0
0.71 0 0 0 0
0.716667 0 0 0 0
0.723333 0 0 0 0
0.73 0 0 0 0
0.736667 0 0 0 0
0.743333 0 0 0 0
0.75 0 0 0 0
0.756667 0 0 0 0
0.763333 0 0 0 0
0.77 0 0 0 0
0.776667 0 0 0 0
0.783333 0 0 0 0
0.79 0 0 0 0
0.796667 0 0 0 0
0.803333 0 0 0 0
0.81 0 0 0 0
0.816667 0 0 0 0
0.823333 0 0 0 0
0.83 0 0 0 0
0.836667 0 0 0 0
0.843333 0 0 0 0
0.85 0 0 0 0
0.856667 0 0 0 0
0.863333 0 0 0 0
0.87 0 0 0 0
0.876667 0 0 0 0
0.883333 0 0 0 0
0.89 0 0 0 0
0.896667 0 0 0 0
0.903333 0 0 0 0
0.91 0 0 0 0
0.916667 0 0 0 0
0.923333 0 0 0 0
0.93 0 0 0 0
0.936667 0 0 0 0
0.943333 0 0 0 0
0.95 0 0 0 0
0.956667 0 0 0 0
0.963333 0 0 0 0
0.97 0 0 0 0
0.976667 0 0 0 0
0.983333 0 0 0 0
0.99 0 0 0 0
0.996667 0 0 0 0
1.00333 0 0 0 0
1.01 0 0 0 0
1.01667 0 0 0 0
1.02333 0 0 0 0
1.03 0 0 0 0
1.03667 0 0 0 0
1.04333 0 0 0 0
1.05 0 0 0 0
1.05667 0 0 0 0
1.06333 0 0 0 0
1.07 0 0 0 0
1.07667 0 0 0 0
1.08333 0 0 0 0
1.09 0 0 0 0
1.09667 0 0 0 0
1.10333 0 0 0 0
1.11 0 0 0 0
1.11667 0 0 0 0
1.12333 0 0 0 0
1.13 0 0 0 0
1.13667 0 0 0 0
1.14333 0 0 0 0
1.15 0 0 0 0
1.15667 0 0 0 0
1.16333 0 0 0 0
1.17 0 0 0 0
1.17667 0 0 0 0
1.18333 0 0 0 0
1.19 0 0 0 0
1.19667 0 0 0 0
1.20333 0 0 0 0
1.21 0 0 0 0
1.21667 0 0 0 0
1.22333 0 0 0 0
1.23 0 0 0 0
1.23667 0 0 0 0
1.24333 0 0 0 0
1.25 0 0 0 0
1.25667 0 0 0 0
1.26333 0 0 0 0
1.27 0 0 0 0
1.27667 0 0 0 0
1.28333 0 0 0 0
1.29 0 0 0 0
1.29667 0 0 0 0
1.30333 0 0 0 0
1.31 0 0 0 0
1.31667 0 0 0 0
1.32333 0 0 0 0
1.33 0 0 0 0
1.33667 0 0 0 0
1.34333 0 0 0 0
1.35 0 0 0 0
1.35667 0 0 0 0
1.36333 0 0 0 0
1.37 0 0 0 0
1.37667 0 0 0 0
1.38333 0 0 0 0
1.39 0 0 0 0
1.39667 0 0 0 0
1.40333 0 0 0 0
1.41 0 0 0 0
1.41667 0 0 0 0
1.42333 0 0 0 0
1.43 0 0 0 0
1.43667 0 0 0 0
1.44333 0 0 0 0
1.45 0 0 0 0
1.45667 0 0 0 0
1.46333 0 0 0 0
1.47 0 0 0 0
1.47667 0 0 0 0
1.48333 0 0 0 0
1.49 0 0 0 0
1.49667 0 0 0 0
1.50333 0 0 0 0
1.51 0 0 0 0
1.51667 0 0 0 0
1.52333 0 0 0 0
1.53 0 0 0 0
1.53667 0 0 0 0
1.54333 0 0 0 0
1.55 0 0 0 0
1.55667 0 0 0 0
1.56333 0 0 0 0
1.57 0 0 0 0
1.57667 0 0 0 0
1.58333 0 0 0 0
1.59 0 0 0 0
1.59667 0 0 0 0
1.60333 0 0 0 0
1.61 0 0 0 0
1.61667 0 0 0 0
1.62333 0 0 0 0
1.63 0 0 0 0
1.63667 0 0 0 0
1.64333 0 0 0 0
1.65 0 0 0 0
1.65667 0 0 0 0
1.66333 0 0 0 0
1.67 0 0 0 0
1.67667 0 0 0 0
1.68333 0 0 0 0
1.69 0 0 0 0
1.69667 0 0 0 0
1.70333 0 0 0 0
1.71 0 0 0 0
1.71667 0 0 0 0
1.72333 0 0 0 0
1.73 0 0 0 0
1.73667 0 0 0 0
1.74333 0 0 0 0
1.75 0 0 0 0
1.75667 0 0 0 0
1.76333 0 0 0 0
1.77 0 0 0 0
1.77667 0 0 0 0
1.78333 0 0 0 0
1.79 0 0 0 0
1.79667 0 0 0 0
1.80333 0 0 0 0
1.81 0 0 0 0
1.81667 0 0 0 0
1.82333 0 0 0 0
1.83 0 0 0 0
1.83667 0 0 0 0
1.84333 0 0 0 0
1.85 0 0 0 0
1.85667 0 0 0 0
1.86333 0 0 0 0
1.87 0 0 0 0
1.87667 0 0 0 0
1.88333 0 0 0 0
1.89 0 0 0 0
1.89667 0 0 0 0
1.90333 0 0 0 0
1.91 0 0 0 0
1.91667 0 0 0 0
1.92333 0 0 0 0
1.93 0 0 0 0
1.93667 0 0 0 0
1.94333 0 0 0 0
1.95 0 0 0 0
1.95667 0 0 0 0
1.96333 0 0 0 0
1.97 0 0 0 0
1.97667 0 0 0 0
1.98333 0 0 0 0
1.99 0 0 0 0
1.99667 0 0 0 0
