0.00333333 66 13 1 5
0.01 66 28 3 4
0.0166667 63 28 3 2
0.0233333 69 20 6 4
0.03 77 29 4 0
0.0366667 78 43 4 6
0.0433333 89 60 1 7
0.05 103 64 5 5
0.0566667 122 82 4 2
0.0633333 156 94 3 5
0.07 153 86 7 4
0.0766667 153 87 9 5
0.0833333 162 87 9 7
0.09 171 94 6 3
0.0966667 167 90 12 8
0.103333 151 88 12 8
0.11 164 98 7 7
0.116667 206 89 7 12
0.123333 180 93 6 1
0.13 181 89 5 12
0.136667 193 82 6 5
0.143333 179 74 4 10
0.15 180 60 4 6
0.156667 171 70 3 5
0.163333 178 61 2 6
0.17 155 58 6 8
0.176667 153 68 7 8
0.183333 169 57 4 9
0.19 207 60 6 14
0.196667 201 67 5 9
0.203333 206 60 4 8
0.21 180 45 5 9
0.216667 172 61 3 6
0.223333 158 48 1 6
0.23 168 50 3 8
0.236667 141 52 2 3
0.243333 136 48 4 4
0.25 148 59 5 6
0.256667 124 40 5 7
0.263333 132 39 5 1
0.27 125 59 4 4
0.276667 116 52 1 4
0.283333 96 26 5 8
0.29 89 35 7 3
0.296667 116 31 5 3
0.303333 90 35 2 3
0.31 106 34 4 3
0.316667 81 37 0 6
0.323333 96 33 2 6
0.33 91 34 5 7
0.336667 87 36 4 1
0.343333 96 31 3 3
0.35 75 31 0 4
0.356667 83 36 4 7
0.363333 80 31 4 2
0.37 73 32 7 1
0.376667 80 35 2 3
0.383333 94 27 3 6
0.39 78 35 3 4
0.396667 72 19 4 3
0.403333 72 27 2 3
0.41 82 34 7 2
0.416667 89 23 3 3
0.423333 62 26 7 1
0.43 92 21 3 4
0.436667 84 25 2 3
0.443333 85 27 5 5
0.45 67 32 5 6
0.456667 75 21 2 1
0.463333 76 24 2 4
0.47 70 23 6 3
0.476667 72 16 2 8
0.483333 45 17 3 3
0.49 33 25 2 3
0.496667 43 22 2 5
0.503333 42 18 1 1
0.51 26 23 0 4
0.516667 37 15 3 2
0.523333 36 14 1 2
0.53 34 18 2 2
0.536667 26 18 2 5
0.543333 34 17 1 3
0.55 28 9 2 0
0.556667 28 14 1 5
0.563333 27 19 3 2
0.57 23 19 1 1
0.576667 26 15 1 2
0.583333 20 12 1 3
0.59 17 10 3 3
0.596667 30 15 3 2
0.603333 19 16 1 4
0.61 25 14 3 0
0.616667 28 16 0 3
0.623333 40 10 1 0
0.63 19 9 1 0
0.636667 28 12 1 3
0.643333 13 10 2 4
0.65 18 10 0 2
0.656667 22 14 1 1
0.663333 3185 485 35 164
0.67 0 0 0 0
0.676667 0 0 0 0
0.683333 0 0 0 0
0.69 0 0 0 0
0.696667 0 0 0 0
0.703333 0 0 0 0
0.71 0 0 0 0
0.716667 0 0 0 0
0.723333 0 0 0 0
0.73 0 0 0 0
0.736667 0 0 0 0
0.743333 0 0 0 0
0.75 0 0 0 0
0.756667 0 0 0 0
0.763333 0 0 0 0
0.77 0 0 0 0
0.776667 0 0 0 0
0.783333 0 0 0 0
0.79 0 0 0 0
0.796667 0 0 0 0
0.803333 0 0 0 0
0.81 0 0 0 0
0.816667 0 0 0 0
0.823333 0 0 0 0
0.83 0 0 0 0
0.836667 0 0 0 0
0.843333 0 0 0 0
0.85 0 0 0 0
0.856667 0 0 0 0
0.863333 0 0 0 0
0.87 0 0 0 0
0.876667 0 0 0 0
0.883333 0 0 0 0
0.89 0 0 0 0
0.896667 0 0 0 0
0.903333 0 0 0 0
0.91 0 0 0 0
0.916667 0 0 0 0
0.923333 0 0 0 0
0.93 0 0 0 0
0.936667 0 0 0 0
0.943333 0 0 0 0
0.95 0 0 0 0
0.956667 0 0 0 0
0.963333 0 0 0 0
0.97 0 0 0 0
0.976667 0 0 0 0
0.983333 0 0 0 0
0.99 0 0 0 0
0.996667 0 0 0 0
1.00333 0 0 0 0
1.01 0 0 0 0
1.01667 0 0 0 0
1.02333 0 0 0 0
1.03 0 0 0 0
1.03667 0 0 0 0
1.04333 0 0 0 0
1.05 0 0 0 0
1.05667 0 0 0 0
1.06333 0 0 0 0
1.07 0 0 0 0
1.07667 0 0 0 0
1.08333 0 0 0 0
1.09 0 0 0 0
1.09667 0 0 0 0
1.10333 0 0 0 0
1.11 0 0 0 0
1.11667 0 0 0 0
1.12333 0 0 0 0
1.13 0 0 0 0
1.13667 0 0 0 0
1.14333 0 0 0 0
1.15 0 0 0 0
1.15667 0 0 0 0
1.16333 0 0 0 0
1.17 0 0 0 0
1.17667 0 0 0 0
1.18333 0 0 0 0
1.19 0 0 0 0
1.19667 0 0 0 0
1.20333 0 0 0 0
1.21 0 0 0 0
1.21667 0 0 0 0
1.22333 0 0 0 0
1.23 0 0 0 0
1.23667 0 0 0 0
1.24333 0 0 0 0
1.25 0 0 0 0
1.25667 0 0 0 0
1.26333 0 0 0 0
1.27 0 0 0 0
1.27667 0 0 0 0
1.28333 0 0 0 0
1.29 0 0 0 0
1.29667 0 0 0 0
1.30333 0 0 0 0
1.31 0 0 0 0
1.31667 0 0 0 0
1.32333 0 0 0 0
1.33 0 0 0 0
1.33667 0 0 0 0
1.34333 0 0 0 0
1.35 0 0 0 0
1.35667 0 0 0 0
1.36333 0 0 0 0
1.37 0 0 0 0
1.37667 0 0 0 0
1.38333 0 0 0 0
1.39 0 0 0 0
1.39667 0 0 0 0
1.40333 0 0 0 0
1.41 0 0 0 0
1.41667 0 0 0 0
1.42333 0 0 0 0
1.43 0 0 0 0
1.43667 0 0 0 0
1.44333 0 0 0 0
1.45 0 0 0 0
1.45667 0 0 0 0
1.46333 0 0 0 0
1.47 0 0 0 0
1.47667 0 0 0 0
1.48333 0 0 0 0
1.49 0 0 0 0
1.49667 0 0 0 0
1.50333 0 0 0 0
1.51 0 0 0 0
1.51667 0 0 0 0
1.52333 0 0 0 0
1.53 0 0 0 0
1.53667 0 0 0 0
1.54333 0 0 0 0
1.55 0 0 0 0
1.55667 0 0 0 0
1.56333 0 0 0 0
1.57 0 0 0 0
1.57667 0 0 0 0
1.58333 0 0 0 0
1.59 0 0 0 0
1.59667 0 0 0 0
1.60333 0 0 0 0
1.61 0 0 0 0
1.61667 0 0 0 0
1.62333 0 0 0 0
1.63 0 0 0 0
1.63667 0 0 0 0
1.64333 0 0 0 0
1.65 0 0 0 0
1.65667 0 0 0 0
1.66333 0 0 0 0
1.67 0 0 0 0
1.67667 0 0 0 0
1.68333 0 0 0 0
1.69 0 0 0 0
1.69667 0 0 0 0
1.70333 0 0 0 0
1.71 0 0 0 0
1.71667 0 0 0 0
1.72333 0 0 0 0
1.73 0 0 0 0
1.73667 0 0 0 0
1.74333 0 0 0 0
1.75 0 0 0 0
1.75667 0 0 0 0
1.76333 0 0 0 0
1.77 0 0 0 0
1.77667 0 0 0 0
1.78333 0 0 0 0
1.79 0 0 0 0
1.79667 0 0 0 0
1.80333 0 0 0 0
1.81 0 0 0 0
1.81667 0 0 0 0
1.82333 0 0 0 0
1.83 0 0 0 0
1.83667 0 0 0 0
1.84333 0 0 0 0
1.85 0 0 0 0
1.85667 0 0 0 0
1.86333 0 0 0 0
1.87 0 0 0 0
1.87667 0 0 0 0
1.88333 0 0 0 0
1.89 0 0 0 0
1.89667 0 0 0 0
1.90333 0 0 0 0
1.91 0 0 0 0
1.91667 0 0 0 0
1.92333 0 0 0 0
1.93 0 0 0 0
1.93667 0 0 0 0
1.94333 0 0 0 0
1.95 0 0 0 0
1.95667 0 0 0 0
1.96333 0 0 0 0
1.97 0 0 0 0
1.97667 0 0 0 0
1.98333 0 0 0 0
1.99 0 0 0 0
1.99667 0 0 0 0
