0.00333333 7 49 13 4
0.01 5 66 21 7
0.0166667 8 44 21 9
0.0233333 4 55 24 8
0.03 11 46 25 7
0.0366667 11 68 20 14
0.0433333 15 72 41 13
0.05 13 82 51 19
0.0566667 22 96 46 16
0.0633333 14 108 67 19
0.07 19 118 59 23
0.0766667 18 100 64 22
0.0833333 16 127 65 24
0.09 23 123 62 16
0.0966667 20 130 66 23
0.103333 17 125 62 20
0.11 16 126 60 20
0.116667 19 123 62 21
0.123333 20 122 54 25
0.13 14 150 42 18
0.136667 16 116 51 19
0.143333 14 140 56 20
0.15 19 121 47 14
0.156667 10 126 39 15
0.163333 14 129 50 16
0.17 8 94 31 21
0.176667 14 111 55 17
0.183333 19 141 48 13
0.19 17 182 48 27
0.196667 17 153 36 25
0.203333 16 132 34 22
0.21 19 131 31 25
0.216667 15 128 30 10
0.223333 16 119 29 19
0.23 9 105 35 20
0.236667 12 96 42 13
0.243333 5 91 25 13
0.25 9 106 27 15
0.256667 11 85 50 8
0.263333 17 79 33 15
0.27 12 84 43 10
0.276667 10 99 40 10
0.283333 13 84 26 14
0.29 16 72 29 8
0.296667 9 84 36 10
0.303333 5 60 21 9
0.31 12 77 29 8
0.316667 14 78 25 16
0.323333 5 66 24 8
0.33 10 65 19 10
0.336667 8 66 25 9
0.343333 9 64 26 15
0.35 8 65 31 13
0.356667 9 53 21 10
0.363333 7 67 24 11
0.37 9 54 26 4
0.376667 10 63 28 12
0.383333 8 60 18 12
0.39 8 70 13 5
0.396667 8 59 16 12
0.403333 7 58 16 8
0.41 12 63 19 10
0.416667 6 63 14 14
0.423333 9 51 21 8
0.43 10 59 16 7
0.436667 7 58 16 12
0.443333 6 64 21 15
0.45 8 46 17 7
0.456667 10 49 19 8
0.463333 7 65 17 6
0.47 5 63 30 8
0.476667 8 45 15 14
0.483333 3 30 16 3
0.49 5 37 12 5
0.496667 7 27 8 7
0.503333 4 26 14 6
0.51 3 31 9 5
0.516667 3 36 7 7
0.523333 5 27 8 7
0.53 5 18 9 3
0.536667 10 23 10 6
0.543333 8 23 10 7
0.55 4 20 10 3
0.556667 6 25 6 5
0.563333 6 15 12 5
0.57 4 27 15 5
0.576667 9 29 14 7
0.583333 7 16 12 7
0.59 4 15 12 1
0.596667 5 14 16 5
0.603333 5 13 6 6
0.61 12 22 12 10
0.616667 1 11 8 4
0.623333 10 9 11 6
0.63 6 17 6 4
0.636667 4 24 15 4
0.643333 5 14 10 7
0.65 2 12 12 6
0.656667 2 17 13 9
0.663333 206 2657 419 238
0.67 0 0 0 0
0.676667 0 0 0 0
0.683333 0 0 0 0
0.69 0 0 0 0
0.696667 0 0 0 0
0.703333 0 0 0 0
0.71 0 0 0 0
0.716667 0 0 0 0
0.723333 0 0 0 0
0.73 0 0 0 0
0.736667 0 0 0 0
0.743333 0 0 0 0
0.75 0 0 0 0
0.756667 0 0 0 0
0.763333 0 0 0 0
0.77 0 0 0 0
0.776667 0 0 0 0
0.783333 0 0 0 0
0.79 0 0 0 0
0.796667 0 0 0 0
0.803333 0 0 0 0
0.81 0 0 0 0
0.816667 0 0 0 0
0.823333 0 0 0 0
0.83 0 0 0 0
0.836667 0 0 0 0
0.843333 0 0 0 0
0.85 0 0 0 0
0.856667 0 0 0 0
0.863333 0 0 0 0
0.87 0 0 0 0
0.876667 0 0 0 0
0.883333 0 0 0 0
0.89 0 0 0 0
0.896667 0 0 0 0
0.903333 0 0 0 0
0.91 0 0 0 0
0.916667 0 0 0 0
0.923333 0 0 0 0
0.93 0 0 0 0
0.936667 0 0 0 0
0.943333 0 0 0 0
0.95 0 0 0 0
0.956667 0 0 0 0
0.963333 0 0 0 0
0.97 0 0 0 0
0.976667 0 0 0 0
0.983333 0 0 0 0
0.99 0 0 0 0
0.996667 0 0 0 0
1.00333 0 0 0 0
1.01 0 0 0 0
1.01667 0 0 0 0
1.02333 0 0 0 0
1.03 0 0 0 0
1.03667 0 0 0 0
1.04333 0 0 0 0
1.05 0 0 0 0
1.05667 0 0 0 0
1.06333 0 0 0 0
1.07 0 0 0 0
1.07667 0 0 0 0
1.08333 0 0 0 0
1.09 0 0 0 0
1.09667 0 0 0 0
1.10333 0 0 0 0
1.11 0 0 0 0
1.11667 0 0 0 0
1.12333 0 0 0 0
1.13 0 0 0 0
1.13667 0 0 0 0
1.14333 0 0 0 0
1.15 0 0 0 0
1.15667 0 0 0 0
1.16333 0 0 0 0
1.17 0 0 0 0
1.17667 0 0 0 0
1.18333 0 0 0 0
1.19 0 0 0 0
1.19667 0 0 0 0
1.20333 0 0 0 0
1.21 0 0 0 0
1.21667 0 0 0 0
1.22333 0 0 0 0
1.23 0 0 0 0
1.23667 0 0 0 0
1.24333 0 0 0 0
1.25 0 0 0 0
1.25667 0 0 0 0
1.26333 0 0 0 0
1.27 0 0 0 0
1.27667 0 0 0 0
1.28333 0 0 0 0
1.29 0 0 0 0
1.29667 0 0 0 0
1.30333 0 0 0 0
1.31 0 0 0 0
1.31667 0 0 0 0
1.32333 0 0 0 0
1.33 0 0 0 0
1.33667 0 0 0 0
1.34333 0 0 0 0
1.35 0 0 0 0
1.35667 0 0 0 0
1.36333 0 0 0 0
1.37 0 0 0 0
1.37667 0 0 0 0
1.38333 0 0 0 0
1.39 0 0 0 0
1.39667 0 0 0 0
1.40333 0 0 0 0
1.41 0 0 0 0
1.41667 0 0 0 0
1.42333 0 0 0 0
1.43 0 0 0 0
1.43667 0 0 0 0
1.44333 0 0 0 0
1.45 0 0 0 0
1.45667 0 0 0 0
1.46333 0 0 0 0
1.47 0 0 0 0
1.47667 0 0 0 0
1.48333 0 0 0 0
1.49 0 0 0 0
1.49667 0 0 0 0
1.50333 0 0 0 0
1.51 0 0 0 0
1.51667 0 0 0 0
1.52333 0 0 0 0
1.53 0 0 0 0
1.53667 0 0 0 0
1.54333 0 0 0 0
1.55 0 0 0 0
1.55667 0 0 0 0
1.56333 0 0 0 0
1.57 0 0 0 0
1.57667 0 0 0 0
1.58333 0 0 0 0
1.59 0 0 0 0
1.59667 0 0 0 0
1.60333 0 0 0 0
1.61 0 0 0 0
1.61667 0 0 0 0
1.62333 0 0 0 0
1.63 0 0 0 0
1.63667 0 0 0 0
1.64333 0 0 0 0
1.65 0 0 0 0
1.65667 0 0 0 0
1.66333 0 0 0 0
1.67 0 0 0 0
1.67667 0 0 0 0
1.68333 0 0 0 0
1.69 0 0 0 0
1.69667 0 0 0 0
1.70333 0 0 0 0
1.71 0 0 0 0
1.71667 0 0 0 0
1.72333 0 0 0 0
1.73 0 0 0 0
1.73667 0 0 0 0
1.74333 0 0 0 0
1.75 0 0 0 0
1.75667 0 0 0 0
1.76333 0 0 0 0
1.77 0 0 0 0
1.77667 0 0 0 0
1.78333 0 0 0 0
1.79 0 0 0 0
1.79667 0 0 0 0
1.80333 0 0 0 0
1.81 0 0 0 0
1.81667 0 0 0 0
1.82333 0 0 0 0
1.83 0 0 0 0
1.83667 0 0 0 0
1.84333 0 0 0 0
1.85 0 0 0 0
1.85667 0 0 0 0
1.86333 0 0 0 0
1.87 0 0 0 0
1.87667 0 0 0 0
1.88333 0 0 0 0
1.89 0 0 0 0
1.89667 0 0 0 0
1.90333 0 0 0 0
1.91 0 0 0 0
1.91667 0 0 0 0
1.92333 0 0 0 0
1.93 0 0 0 0
1.93667 0 0 0 0
1.94333 0 0 0 0
1.95 0 0 0 0
1.95667 0 0 0 0
1.96333 0 0 0 0
1.97 0 0 0 0
1.97667 0 0 0 0
1.98333 0 0 0 0
1.99 0 0 0 0
1.99667 0 0 0 0
