0.00333333 6 19 13 33
0.01 10 14 16 47
0.0166667 8 11 25 38
0.0233333 5 21 28 47
0.03 4 14 25 39
0.0366667 9 17 32 50
0.0433333 7 17 30 60
0.05 7 19 69 62
0.0566667 9 22 54 56
0.0633333 6 23 70 69
0.07 14 40 60 92
0.0766667 5 29 79 69
0.0833333 9 34 60 77
0.09 11 31 78 81
0.0966667 12 33 59 78
0.103333 12 31 75 87
0.11 15 35 76 78
0.116667 8 32 68 87
0.123333 7 27 62 85
0.13 13 20 74 84
0.136667 13 32 60 78
0.143333 12 31 48 85
0.15 10 34 55 82
0.156667 11 23 48 92
0.163333 12 30 36 91
0.17 12 20 43 72
0.176667 16 24 49 80
0.183333 9 21 57 92
0.19 15 34 32 133
0.196667 23 30 47 98
0.203333 19 30 43 102
0.21 16 34 35 77
0.216667 7 30 27 82
0.223333 17 40 32 65
0.23 17 31 25 87
0.236667 17 35 44 77
0.243333 9 20 41 60
0.25 9 39 45 64
0.256667 4 28 30 65
0.263333 8 18 26 71
0.27 9 24 37 65
0.276667 6 16 30 68
0.283333 9 25 26 64
0.29 14 21 21 64
0.296667 7 28 42 51
0.303333 7 26 25 70
0.31 9 23 31 58
0.316667 7 12 34 52
0.323333 9 28 44 57
0.33 9 13 21 49
0.336667 6 15 24 48
0.343333 7 34 28 58
0.35 10 18 23 58
0.356667 11 21 27 38
0.363333 4 19 31 42
0.37 6 15 23 51
0.376667 6 17 26 46
0.383333 8 19 15 51
0.39 12 17 22 36
0.396667 6 10 16 52
0.403333 6 11 28 44
0.41 11 17 25 49
0.416667 9 13 27 40
0.423333 8 17 19 52
0.43 6 13 17 46
0.436667 7 15 12 58
0.443333 7 19 20 54
0.45 6 18 25 44
0.456667 12 20 17 44
0.463333 8 18 17 46
0.47 9 13 23 64
0.476667 3 16 21 43
0.483333 2 5 20 15
0.49 6 12 11 31
0.496667 5 11 20 17
0.503333 4 12 15 28
0.51 4 9 14 24
0.516667 3 11 11 21
0.523333 5 10 11 28
0.53 4 10 7 17
0.536667 1 8 11 14
0.543333 2 6 16 13
0.55 5 10 8 12
0.556667 7 8 16 23
0.563333 4 8 12 19
0.57 5 7 13 26
0.576667 4 8 7 15
0.583333 4 8 19 11
0.59 10 9 16 15
0.596667 7 10 13 11
0.603333 5 7 13 14
0.61 5 6 7 11
0.616667 5 7 13 17
0.623333 2 6 8 11
0.63 3 6 10 6
0.636667 3 15 12 20
0.643333 3 5 11 14
0.65 3 9 11 11
0.656667 2 7 17 15
0.663333 319 639 335 2101
0.67 0 0 0 0
0.676667 0 0 0 0
0.683333 0 0 0 0
0.69 0 0 0 0
0.696667 0 0 0 0
0.703333 0 0 0 0
0.71 0 0 0 0
0.716667 0 0 0 0
0.723333 0 0 0 0
0.73 0 0 0 0
0.736667 0 0 0 0
0.743333 0 0 0 0
0.75 0 0 0 0
0.756667 0 0 0 0
0.763333 0 0 0 0
0.77 0 0 0 0
0.776667 0 0 0 0
0.783333 0 0 0 0
0.79 0 0 0 0
0.796667 0 0 0 0
0.803333 0 0 0 0
0.81 0 0 0 0
0.816667 0 0 0 0
0.823333 0 0 0 0
0.83 0 0 0 0
0.836667 0 0 0 0
0.843333 0 0 0 0
0.85 0 0 0 0
0.856667 0 0 0 0
0.863333 0 0 0 0
0.87 0 0 0 0
0.876667 0 0 0 0
0.883333 0 0 0 0
0.89 0 0 0 0
0.896667 0 0 0 0
0.903333 0 0 0 0
0.91 0 0 0 0
0.916667 0 0 0 0
0.923333 0 0 0 0
0.93 0 0 0 0
0.936667 0 0 0 0
0.943333 0 0 0 0
0.95 0 0 0 0
0.956667 0 0 0 0
0.963333 0 0 0 0
0.97 0 0 0 0
0.976667 0 0 0 0
0.983333 0 0 0 0
0.99 0 0 0 0
0.996667 0 0 0 0
1.00333 0 0 0 0
1.01 0 0 0 0
1.01667 0 0 0 0
1.02333 0 0 0 0
1.03 0 0 0 0
1.03667 0 0 0 0
1.04333 0 0 0 0
1.05 0 0 0 0
1.05667 0 0 0 0
1.06333 0 0 0 0
1.07 0 0 0 0
1.07667 0 0 0 0
1.08333 0 0 0 0
1.09 0 0 0 0
1.09667 0 0 0 0
1.10333 0 0 0 0
1.11 0 0 0 0
1.11667 0 0 0 0
1.12333 0 0 0 0
1.13 0 0 0 0
1.13667 0 0 0 0
1.14333 0 0 0 0
1.15 0 0 0 0
1.15667 0 0 0 0
1.16333 0 0 0 0
1.17 0 0 0 0
1.17667 0 0 0 0
1.18333 0 0 0 0
1.19 0 0 0 0
1.19667 0 0 0 0
1.20333 0 0 0 0
1.21 0 0 0 0
1.21667 0 0 0 0
1.22333 0 0 0 0
1.23 0 0 0 0
1.23667 0 0 0 0
1.24333 0 0 0 0
1.25 0 0 0 0
1.25667 0 0 0 0
1.26333 0 0 0 0
1.27 0 0 0 0
1.27667 0 0 0 0
1.28333 0 0 0 0
1.29 0 0 0 0
1.29667 0 0 0 0
1.30333 0 0 0 0
1.31 0 0 0 0
1.31667 0 0 0 0
1.32333 0 0 0 0
1.33 0 0 0 0
1.33667 0 0 0 0
1.34333 0 0 0 0
1.35 0 0 0 0
1.35667 0 0 0 0
1.36333 0 0 0 0
1.37 0 0 0 0
1.37667 0 0 0 0
1.38333 0 0 0 0
1.39 0 0 0 0
1.39667 0 0 0 0
1.40333 0 0 0 0
1.41 0 0 0 0
1.41667 0 0 0 0
1.42333 0 0 0 0
1.43 0 0 0 0
1.43667 0 0 0 0
1.44333 0 0 0 0
1.45 0 0 0 0
1.45667 0 0 0 0
1.46333 0 0 0 0
1.47 0 0 0 0
1.47667 0 0 0 0
1.48333 0 0 0 0
1.49 0 0 0 0
1.49667 0 0 0 0
1.50333 0 0 0 0
1.51 0 0 0 0
1.51667 0 0 0 0
1.52333 0 0 0 0
1.53 0 0 0 0
1.53667 0 0 0 0
1.54333 0 0 0 0
1.55 0 0 0 0
1.55667 0 0 0 0
1.56333 0 0 0 0
1.57 0 0 0 0
1.57667 0 0 0 0
1.58333 0 0 0 0
1.59 0 0 0 0
1.59667 0 0 0 0
1.60333 0 0 0 0
1.61 0 0 0 0
1.61667 0 0 0 0
1.62333 0 0 0 0
1.63 0 0 0 0
1.63667 0 0 0 0
1.64333 0 0 0 0
1.65 0 0 0 0
1.65667 0 0 0 0
1.66333 0 0 0 0
1.67 0 0 0 0
1.67667 0 0 0 0
1.68333 0 0 0 0
1.69 0 0 0 0
1.69667 0 0 0 0
1.70333 0 0 0 0
1.71 0 0 0 0
1.71667 0 0 0 0
1.72333 0 0 0 0
1.73 0 0 0 0
1.73667 0 0 0 0
1.74333 0 0 0 0
1.75 0 0 0 0
1.75667 0 0 0 0
1.76333 0 0 0 0
1.77 0 0 0 0
1.77667 0 0 0 0
1.78333 0 0 0 0
1.79 0 0 0 0
1.79667 0 0 0 0
1.80333 0 0 0 0
1.81 0 0 0 0
1.81667 0 0 0 0
1.82333 0 0 0 0
1.83 0 0 0 0
1.83667 0 0 0 0
1.84333 0 0 0 0
1.85 0 0 0 0
1.85667 0 0 0 0
1.86333 0 0 0 0
1.87 0 0 0 0
1.87667 0 0 0 0
1.88333 0 0 0 0
1.89 0 0 0 0
1.89667 0 0 0 0
1.90333 0 0 0 0
1.91 0 0 0 0
1.91667 0 0 0 0
1.92333 0 0 0 0
1.93 0 0 0 0
1.93667 0 0 0 0
1.94333 0 0 0 0
1.95 0 0 0 0
1.95667 0 0 0 0
1.96333 0 0 0 0
1.97 0 0 0 0
1.97667 0 0 0 0
1.98333 0 0 0 0
1.99 0 0 0 0
1.99667 0 0 0 0
