0.00333333 30 79 2 0
0.01 29 111 1 2
0.0166667 32 108 0 1
0.0233333 38 115 2 1
0.03 43 112 3 2
0.0366667 53 130 5 1
0.0433333 77 148 5 0
0.05 91 174 5 1
0.0566667 97 211 4 1
0.0633333 115 211 8 1
0.07 125 223 11 0
0.0766667 113 226 4 2
0.0833333 136 226 10 2
0.09 126 233 4 0
0.0966667 129 220 6 6
0.103333 133 228 7 4
0.11 136 238 6 1
0.116667 129 261 6 2
0.123333 120 244 7 1
0.13 120 276 5 3
0.136667 100 260 6 4
0.143333 105 237 9 0
0.15 111 257 5 1
0.156667 86 258 10 2
0.163333 89 240 5 0
0.17 88 252 7 4
0.176667 77 205 12 3
0.183333 97 260 7 3
0.19 83 373 7 4
0.196667 98 352 11 1
0.203333 89 336 7 0
0.21 85 294 6 2
0.216667 89 257 2 1
0.223333 69 263 9 2
0.23 76 227 4 2
0.236667 70 247 5 1
0.243333 68 192 6 1
0.25 82 192 6 0
0.256667 75 215 7 0
0.263333 67 201 4 4
0.27 59 167 3 2
0.276667 64 161 5 1
0.283333 62 151 1 0
0.29 64 146 4 2
0.296667 58 156 7 1
0.303333 46 182 5 1
0.31 52 140 7 1
0.316667 61 132 5 1
0.323333 53 148 4 0
0.33 47 123 3 4
0.336667 37 148 3 2
0.343333 44 129 4 1
0.35 41 153 5 2
0.356667 48 107 4 1
0.363333 40 112 2 0
0.37 46 119 6 1
0.376667 35 119 2 0
0.383333 42 109 4 3
0.39 36 119 4 2
0.396667 43 117 3 0
0.403333 41 110 4 0
0.41 39 122 4 2
0.416667 41 115 5 1
0.423333 41 134 7 2
0.43 43 101 5 2
0.436667 40 99 5 1
0.443333 33 110 0 1
0.45 37 109 3 2
0.456667 45 95 2 1
0.463333 49 118 4 1
0.47 28 116 5 0
0.476667 37 99 3 0
0.483333 20 65 4 0
0.49 26 49 3 2
0.496667 26 47 2 2
0.503333 28 40 3 1
0.51 24 36 1 0
0.516667 20 35 6 0
0.523333 26 40 3 0
0.53 25 43 1 0
0.536667 24 39 1 0
0.543333 20 26 1 0
0.55 16 38 1 0
0.556667 24 28 3 0
0.563333 24 33 1 1
0.57 24 36 0 2
0.576667 29 39 1 0
0.583333 15 36 2 1
0.59 22 29 1 0
0.596667 19 30 4 0
0.603333 17 33 3 1
0.61 26 26 0 0
0.616667 24 36 2 0
0.623333 24 24 1 0
0.63 12 29 4 0
0.636667 29 52 2 0
0.643333 8 21 4 0
0.65 17 22 1 1
0.656667 17 24 0 0
0.663333 992 5415 62 16
0.67 0 0 0 0
0.676667 0 0 0 0
0.683333 0 0 0 0
0.69 0 0 0 0
0.696667 0 0 0 0
0.703333 0 0 0 0
0.71 0 0 0 0
0.716667 0 0 0 0
0.723333 0 0 0 0
0.73 0 0 0 0
0.736667 0 0 0 0
0.743333 0 0 0 0
0.75 0 0 0 0
0.756667 0 0 0 0
0.763333 0 0 0 0
0.77 0 0 0 0
0.776667 0 0 0 0
0.783333 0 0 0 0
0.79 0 0 0 0
0.796667 0 0 0 0
0.803333 0 0 0 0
0.81 0 0 0 0
0.816667 0 0 0 0
0.823333 0 0 0 0
0.83 0 0 0 0
0.836667 0 0 0 0
0.843333 0 0 0 0
0.85 0 0 0 0
0.856667 0 0 0 0
0.863333 0 0 0 0
0.87 0 0 0 0
0.876667 0 0 0 0
0.883333 0 0 0 0
0.89 0 0 0 0
0.896667 0 0 0 0
0.903333 0 0 0 0
0.91 0 0 0 0
0.916667 0 0 0 0
0.923333 0 0 0 0
0.93 0 0 0 0
0.936667 0 0 0 0
0.943333 0 0 0 0
0.95 0 0 0 0
0.956667 0 0 0 0
0.963333 0 0 0 0
0.97 0 0 0 0
0.976667 0 0 0 0
0.983333 0 0 0 0
0.99 0 0 0 0
0.996667 0 0 0 0
1.00333 0 0 0 0
1.01 0 0 0 0
1.01667 0 0 0 0
1.02333 0 0 0 0
1.03 0 0 0 0
1.03667 0 0 0 0
1.04333 0 0 0 0
1.05 0 0 0 0
1.05667 0 0 0 0
1.06333 0 0 0 0
1.07 0 0 0 0
1.07667 0 0 0 0
1.08333 0 0 0 0
1.09 0 0 0 0
1.09667 0 0 0 0
1.10333 0 0 0 0
1.11 0 0 0 0
1.11667 0 0 0 0
1.12333 0 0 0 0
1.13 0 0 0 0
1.13667 0 0 0 0
1.14333 0 0 0 0
1.15 0 0 0 0
1.15667 0 0 0 0
1.16333 0 0 0 0
1.17 0 0 0 0
1.17667 0 0 0 0
1.18333 0 0 0 0
1.19 0 0 0 0
1.19667 0 0 0 0
1.20333 0 0 0 0
1.21 0 0 0 0
1.21667 0 0 0 0
1.22333 0 0 0 0
1.23 0 0 0 0
1.23667 0 0 0 0
1.24333 0 0 0 0
1.25 0 0 0 0
1.25667 0 0 0 0
1.26333 0 0 0 0
1.27 0 0 0 0
1.27667 0 0 0 0
1.28333 0 0 0 0
1.29 0 0 0 0
1.29667 0 0 0 0
1.30333 0 0 0 0
1.31 0 0 0 0
1.31667 0 0 0 0
1.32333 0 0 0 0
1.33 0 0 0 0
1.33667 0 0 0 0
1.34333 0 0 0 0
1.35 0 0 0 0
1.35667 0 0 0 0
1.36333 0 0 0 0
1.37 0 0 0 0
1.37667 0 0 0 0
1.38333 0 0 0 0
1.39 0 0 0 0
1.39667 0 0 0 0
1.40333 0 0 0 0
1.41 0 0 0 0
1.41667 0 0 0 0
1.42333 0 0 0 0
1.43 0 0 0 0
1.43667 0 0 0 0
1.44333 0 0 0 0
1.45 0 0 0 0
1.45667 0 0 0 0
1.46333 0 0 0 0
1.47 0 0 0 0
1.47667 0 0 0 0
1.48333 0 0 0 0
1.49 0 0 0 0
1.49667 0 0 0 0
1.50333 0 0 0 0
1.51 0 0 0 0
1.51667 0 0 0 0
1.52333 0 0 0 0
1.53 0 0 0 0
1.53667 0 0 0 0
1.54333 0 0 0 0
1.55 0 0 0 0
1.55667 0 0 0 0
1.56333 0 0 0 0
1.57 0 0 0 0
1.57667 0 0 0 0
1.58333 0 0 0 0
1.59 0 0 0 0
1.59667 0 0 0 0
1.60333 0 0 0 0
1.61 0 0 0 0
1.61667 0 0 0 0
1.62333 0 0 0 0
1.63 0 0 0 0
1.63667 0 0 0 0
1.64333 0 0 0 0
1.65 0 0 0 0
1.65667 0 0 0 0
1.66333 0 0 0 0
1.67 0 0 0 0
1.67667 0 0 0 0
1.68333 0 0 0 0
1.69 0 0 0 0
1.69667 0 0 0 0
1.70333 0 0 0 0
1.71 0 0 0 0
1.71667 0 0 0 0
1.72333 0 0 0 0
1.73 0 0 0 0
1.73667 0 0 0 0
1.74333 0 0 0 0
1.75 0 0 0 0
1.75667 0 0 0 0
1.76333 0 0 0 0
1.77 0 0 0 0
1.77667 0 0 0 0
1.78333 0 0 0 0
1.79 0 0 0 0
1.79667 0 0 0 0
1.80333 0 0 0 0
1.81 0 0 0 0
1.81667 0 0 0 0
1.82333 0 0 0 0
1.83 0 0 0 0
1.83667 0 0 0 0
1.84333 0 0 0 0
1.85 0 0 0 0
1.85667 0 0 0 0
1.86333 0 0 0 0
1.87 0 0 0 0
1.87667 0 0 0 0
1.88333 0 0 0 0
1.89 0 0 0 0
1.89667 0 0 0 0
1.90333 0 0 0 0
1.91 0 0 0 0
1.91667 0 0 0 0
1.92333 0 0 0 0
1.93 0 0 0 0
1.93667 0 0 0 0
1.94333 0 0 0 0
1.95 0 0 0 0
1.95667 0 0 0 0
1.96333 0 0 0 0
1.97 0 0 0 0
1.97667 0 0 0 0
1.98333 0 0 0 0
1.99 0 0 0 0
1.99667 0 0 0 0
