0.00333333 11 131 8 1
0.01 13 148 6 2
0.0166667 24 136 15 3
0.0233333 16 146 17 4
0.03 19 158 15 5
0.0366667 25 172 19 2
0.0433333 32 207 25 7
0.05 34 245 20 7
0.0566667 46 237 35 13
0.0633333 49 269 31 8
0.07 62 309 46 11
0.0766667 47 292 27 10
0.0833333 55 321 43 9
0.09 57 351 26 9
0.0966667 50 344 36 10
0.103333 52 350 29 13
0.11 42 382 35 7
0.116667 53 348 27 8
0.123333 48 353 33 15
0.13 49 350 34 14
0.136667 34 380 33 12
0.143333 43 357 20 3
0.15 48 372 42 7
0.156667 45 346 22 9
0.163333 40 318 28 7
0.17 37 341 25 9
0.176667 37 338 31 7
0.183333 43 392 23 5
0.19 38 432 28 10
0.196667 36 467 43 4
0.203333 41 433 20 8
0.21 44 383 25 9
0.216667 36 376 24 2
0.223333 35 355 17 8
0.23 20 327 27 7
0.236667 38 301 24 6
0.243333 41 280 13 2
0.25 31 250 13 5
0.256667 31 231 21 0
0.263333 33 241 18 8
0.27 27 209 21 4
0.276667 32 209 14 2
0.283333 22 208 14 2
0.29 26 190 12 5
0.296667 27 205 8 3
0.303333 27 175 14 9
0.31 24 170 17 4
0.316667 24 193 14 4
0.323333 32 189 13 6
0.33 23 183 10 6
0.336667 18 163 10 5
0.343333 22 149 12 4
0.35 16 145 14 4
0.356667 13 144 9 4
0.363333 15 148 16 5
0.37 17 136 16 2
0.376667 22 132 11 4
0.383333 18 143 20 3
0.39 17 137 16 2
0.396667 16 129 9 3
0.403333 20 126 8 5
0.41 17 136 11 3
0.416667 12 133 15 3
0.423333 17 128 10 3
0.43 13 150 13 6
0.436667 15 129 10 4
0.443333 11 152 8 5
0.45 19 127 10 6
0.456667 17 138 11 4
0.463333 16 154 15 2
0.47 26 152 12 5
0.476667 9 124 11 4
0.483333 7 77 5 2
0.49 10 67 7 1
0.496667 14 72 10 3
0.503333 13 55 8 3
0.51 4 61 6 1
0.516667 13 58 12 1
0.523333 9 46 8 1
0.53 9 47 6 2
0.536667 11 64 2 3
0.543333 6 44 4 1
0.55 8 40 5 1
0.556667 7 41 9 3
0.563333 7 50 8 3
0.57 7 47 10 3
0.576667 17 47 8 3
0.583333 11 47 10 1
0.59 9 47 4 4
0.596667 11 40 4 2
0.603333 10 47 9 1
0.61 7 34 5 3
0.616667 11 36 2 1
0.623333 13 42 8 2
0.63 6 47 6 3
0.636667 12 45 3 2
0.643333 8 32 4 2
0.65 7 47 7 3
0.656667 8 35 8 2
0.663333 397 6829 189 59
0.67 0 0 0 0
0.676667 0 0 0 0
0.683333 0 0 0 0
0.69 0 0 0 0
0.696667 0 0 0 0
0.703333 0 0 0 0
0.71 0 0 0 0
0.716667 0 0 0 0
0.723333 0 0 0 0
0.73 0 0 0 0
0.736667 0 0 0 0
0.743333 0 0 0 0
0.75 0 0 0 0
0.756667 0 0 0 0
0.763333 0 0 0 0
0.77 0 0 0 0
0.776667 0 0 0 0
0.783333 0 0 0 0
0.79 0 0 0 0
0.796667 0 0 0 0
0.803333 0 0 0 0
0.81 0 0 0 0
0.816667 0 0 0 0
0.823333 0 0 0 0
0.83 0 0 0 0
0.836667 0 0 0 0
0.843333 0 0 0 0
0.85 0 0 0 0
0.856667 0 0 0 0
0.863333 0 0 0 0
0.87 0 0 0 0
0.876667 0 0 0 0
0.883333 0 0 0 0
0.89 0 0 0 0
0.896667 0 0 0 0
0.903333 0 0 0 0
0.91 0 0 0 0
0.916667 0 0 0 0
0.923333 0 0 0 0
0.93 0 0 0 0
0.936667 0 0 0 0
0.943333 0 0 0 0
0.95 0 0 0 0
0.956667 0 0 0 0
0.963333 0 0 0 0
0.97 0 0 0 0
0.976667 0 0 0 0
0.983333 0 0 0 0
0.99 0 0 0 0
0.996667 0 0 0 0
1.00333 0 0 0 0
1.01 0 0 0 0
1.01667 0 0 0 0
1.02333 0 0 0 0
1.03 0 0 0 0
1.03667 0 0 0 0
1.04333 0 0 0 0
1.05 0 0 0 0
1.05667 0 0 0 0
1.06333 0 0 0 0
1.07 0 0 0 0
1.07667 0 0 0 0
1.08333 0 0 0 0
1.09 0 0 0 0
1.09667 0 0 0 0
1.10333 0 0 0 0
1.11 0 0 0 0
1.11667 0 0 0 0
1.12333 0 0 0 0
1.13 0 0 0 0
1.13667 0 0 0 0
1.14333 0 0 0 0
1.15 0 0 0 0
1.15667 0 0 0 0
1.16333 0 0 0 0
1.17 0 0 0 0
1.17667 0 0 0 0
1.18333 0 0 0 0
1.19 0 0 0 0
1.19667 0 0 0 0
1.20333 0 0 0 0
1.21 0 0 0 0
1.21667 0 0 0 0
1.22333 0 0 0 0
1.23 0 0 0 0
1.23667 0 0 0 0
1.24333 0 0 0 0
1.25 0 0 0 0
1.25667 0 0 0 0
1.26333 0 0 0 0
1.27 0 0 0 0
1.27667 0 0 0 0
1.28333 0 0 0 0
1.29 0 0 0 0
1.29667 0 0 0 0
1.30333 0 0 0 0
1.31 0 0 0 0
1.31667 0 0 0 0
1.32333 0 0 0 0
1.33 0 0 0 0
1.33667 0 0 0 0
1.34333 0 0 0 0
1.35 0 0 0 0
1.35667 0 0 0 0
1.36333 0 0 0 0
1.37 0 0 0 0
1.37667 0 0 0 0
1.38333 0 0 0 0
1.39 0 0 0 0
1.39667 0 0 0 0
1.40333 0 0 0 0
1.41 0 0 0 0
1.41667 0 0 0 0
1.42333 0 0 0 0
1.43 0 0 0 0
1.43667 0 0 0 0
1.44333 0 0 0 0
1.45 0 0 0 0
1.45667 0 0 0 0
1.46333 0 0 0 0
1.47 0 0 0 0
1.47667 0 0 0 0
1.48333 0 0 0 0
1.49 0 0 0 0
1.49667 0 0 0 0
1.50333 0 0 0 0
1.51 0 0 0 0
1.51667 0 0 0 0
1.52333 0 0 0 0
1.53 0 0 0 0
1.53667 0 0 0 0
1.54333 0 0 0 0
1.55 0 0 0 0
1.55667 0 0 0 0
1.56333 0 0 0 0
1.57 0 0 0 0
1.57667 0 0 0 0
1.58333 0 0 0 0
1.59 0 0 0 0
1.59667 0 0 0 0
1.60333 0 0 0 0
1.61 0 0 0 0
1.61667 0 0 0 0
1.62333 0 0 0 0
1.63 0 0 0 0
1.63667 0 0 0 0
1.64333 0 0 0 0
1.65 0 0 0 0
1.65667 0 0 0 0
1.66333 0 0 0 0
1.67 0 0 0 0
1.67667 0 0 0 0
1.68333 0 0 0 0
1.69 0 0 0 0
1.69667 0 0 0 0
1.70333 0 0 0 0
1.71 0 0 0 0
1.71667 0 0 0 0
1.72333 0 0 0 0
1.73 0 0 0 0
1.73667 0 0 0 0
1.74333 0 0 0 0
1.75 0 0 0 0
1.75667 0 0 0 0
1.76333 0 0 0 0
1.77 0 0 0 0
1.77667 0 0 0 0
1.78333 0 0 0 0
1.79 0 0 0 0
1.79667 0 0 0 0
1.80333 0 0 0 0
1.81 0 0 0 0
1.81667 0 0 0 0
1.82333 0 0 0 0
1.83 0 0 0 0
1.83667 0 0 0 0
1.84333 0 0 0 0
1.85 0 0 0 0
1.85667 0 0 0 0
1.86333 0 0 0 0
1.87 0 0 0 0
1.87667 0 0 0 0
1.88333 0 0 0 0
1.89 0 0 0 0
1.89667 0 0 0 0
1.90333 0 0 0 0
1.91 0 0 0 0
1.91667 0 0 0 0
1.92333 0 0 0 0
1.93 0 0 0 0
1.93667 0 0 0 0
1.94333 0 0 0 0
1.95 0 0 0 0
1.95667 0 0 0 0
1.96333 0 0 0 0
1.97 0 0 0 0
1.97667 0 0 0 0
1.98333 0 0 0 0
1.99 0 0 0 0
1.99667 0 0 0 0
