0.00333333 21 86 5 8
0.01 18 99 5 8
0.0166667 28 87 8 6
0.0233333 22 90 14 3
0.03 32 101 15 7
0.0366667 20 140 11 9
0.0433333 31 142 21 8
0.05 46 189 23 6
0.0566667 46 191 16 10
0.0633333 60 195 20 12
0.07 59 206 37 14
0.0766667 65 225 39 25
0.0833333 60 245 33 19
0.09 72 257 22 16
0.0966667 61 265 28 11
0.103333 69 241 26 19
0.11 62 278 23 15
0.116667 61 245 19 14
0.123333 81 249 18 11
0.13 66 265 16 21
0.136667 60 256 17 15
0.143333 59 247 23 9
0.15 68 248 29 15
0.156667 65 240 16 17
0.163333 52 235 24 17
0.17 50 210 17 16
0.176667 49 241 23 20
0.183333 57 256 21 18
0.19 71 338 18 24
0.196667 61 283 22 24
0.203333 69 297 6 24
0.21 56 288 18 15
0.216667 51 256 16 14
0.223333 50 217 13 8
0.23 47 225 14 7
0.236667 46 218 14 16
0.243333 41 183 14 8
0.25 45 192 12 11
0.256667 43 146 14 8
0.263333 54 180 10 18
0.27 36 164 11 12
0.276667 36 175 13 11
0.283333 39 157 12 9
0.29 38 153 9 11
0.296667 36 128 13 8
0.303333 45 164 10 11
0.31 30 140 15 6
0.316667 40 134 9 4
0.323333 28 127 8 5
0.33 32 129 9 7
0.336667 24 120 9 14
0.343333 27 134 5 7
0.35 31 123 3 6
0.356667 35 110 4 7
0.363333 30 91 8 12
0.37 26 104 8 9
0.376667 25 118 8 9
0.383333 27 118 8 7
0.39 28 98 7 4
0.396667 31 115 13 8
0.403333 17 104 11 7
0.41 20 94 11 8
0.416667 33 110 4 6
0.423333 27 117 3 11
0.43 24 90 6 8
0.436667 22 107 7 6
0.443333 31 98 4 9
0.45 28 92 8 9
0.456667 24 104 7 8
0.463333 32 88 9 1
0.47 31 111 11 9
0.476667 31 103 8 7
0.483333 15 77 6 6
0.49 27 48 6 4
0.496667 20 50 2 6
0.503333 22 48 13 2
0.51 17 41 2 6
0.516667 17 50 5 4
0.523333 16 56 5 7
0.53 14 45 5 3
0.536667 17 47 4 3
0.543333 16 32 4 3
0.55 13 45 8 3
0.556667 10 43 5 8
0.563333 5 36 3 3
0.57 10 35 5 6
0.576667 12 37 5 6
0.583333 17 40 4 3
0.59 10 39 3 3
0.596667 15 40 6 2
0.603333 10 40 3 4
0.61 12 35 9 4
0.616667 10 37 6 7
0.623333 10 37 7 2
0.63 12 25 3 2
0.636667 8 46 6 5
0.643333 13 31 3 0
0.65 14 39 3 4
0.656667 8 28 3 2
0.663333 865 4154 113 224
0.67 0 0 0 0
0.676667 0 0 0 0
0.683333 0 0 0 0
0.69 0 0 0 0
0.696667 0 0 0 0
0.703333 0 0 0 0
0.71 0 0 0 0
0.716667 0 0 0 0
0.723333 0 0 0 0
0.73 0 0 0 0
0.736667 0 0 0 0
0.743333 0 0 0 0
0.75 0 0 0 0
0.756667 0 0 0 0
0.763333 0 0 0 0
0.77 0 0 0 0
0.776667 0 0 0 0
0.783333 0 0 0 0
0.79 0 0 0 0
0.796667 0 0 0 0
0.803333 0 0 0 0
0.81 0 0 0 0
0.816667 0 0 0 0
0.823333 0 0 0 0
0.83 0 0 0 0
0.836667 0 0 0 0
0.843333 0 0 0 0
0.85 0 0 0 0
0.856667 0 0 0 0
0.863333 0 0 0 0
0.87 0 0 0 0
0.876667 0 0 0 0
0.883333 0 0 0 0
0.89 0 0 0 0
0.896667 0 0 0 0
0.903333 0 0 0 0
0.91 0 0 0 0
0.916667 0 0 0 0
0.923333 0 0 0 0
0.93 0 0 0 0
0.936667 0 0 0 0
0.943333 0 0 0 0
0.95 0 0 0 0
0.956667 0 0 0 0
0.963333 0 0 0 0
0.97 0 0 0 0
0.976667 0 0 0 0
0.983333 0 0 0 0
0.99 0 0 0 0
0.996667 0 0 0 0
1.00333 0 0 0 0
1.01 0 0 0 0
1.01667 0 0 0 0
1.02333 0 0 0 0
1.03 0 0 0 0
1.03667 0 0 0 0
1.04333 0 0 0 0
1.05 0 0 0 0
1.05667 0 0 0 0
1.06333 0 0 0 0
1.07 0 0 0 0
1.07667 0 0 0 0
1.08333 0 0 0 0
1.09 0 0 0 0
1.09667 0 0 0 0
1.10333 0 0 0 0
1.11 0 0 0 0
1.11667 0 0 0 0
1.12333 0 0 0 0
1.13 0 0 0 0
1.13667 0 0 0 0
1.14333 0 0 0 0
1.15 0 0 0 0
1.15667 0 0 0 0
1.16333 0 0 0 0
1.17 0 0 0 0
1.17667 0 0 0 0
1.18333 0 0 0 0
1.19 0 0 0 0
1.19667 0 0 0 0
1.20333 0 0 0 0
1.21 0 0 0 0
1.21667 0 0 0 0
1.22333 0 0 0 0
1.23 0 0 0 0
1.23667 0 0 0 0
1.24333 0 0 0 0
1.25 0 0 0 0
1.25667 0 0 0 0
1.26333 0 0 0 0
1.27 0 0 0 0
1.27667 0 0 0 0
1.28333 0 0 0 0
1.29 0 0 0 0
1.29667 0 0 0 0
1.30333 0 0 0 0
1.31 0 0 0 0
1.31667 0 0 0 0
1.32333 0 0 0 0
1.33 0 0 0 0
1.33667 0 0 0 0
1.34333 0 0 0 0
1.35 0 0 0 0
1.35667 0 0 0 0
1.36333 0 0 0 0
1.37 0 0 0 0
1.37667 0 0 0 0
1.38333 0 0 0 0
1.39 0 0 0 0
1.39667 0 0 0 0
1.40333 0 0 0 0
1.41 0 0 0 0
1.41667 0 0 0 0
1.42333 0 0 0 0
1.43 0 0 0 0
1.43667 0 0 0 0
1.44333 0 0 0 0
1.45 0 0 0 0
1.45667 0 0 0 0
1.46333 0 0 0 0
1.47 0 0 0 0
1.47667 0 0 0 0
1.48333 0 0 0 0
1.49 0 0 0 0
1.49667 0 0 0 0
1.50333 0 0 0 0
1.51 0 0 0 0
1.51667 0 0 0 0
1.52333 0 0 0 0
1.53 0 0 0 0
1.53667 0 0 0 0
1.54333 0 0 0 0
1.55 0 0 0 0
1.55667 0 0 0 0
1.56333 0 0 0 0
1.57 0 0 0 0
1.57667 0 0 0 0
1.58333 0 0 0 0
1.59 0 0 0 0
1.59667 0 0 0 0
1.60333 0 0 0 0
1.61 0 0 0 0
1.61667 0 0 0 0
1.62333 0 0 0 0
1.63 0 0 0 0
1.63667 0 0 0 0
1.64333 0 0 0 0
1.65 0 0 0 0
1.65667 0 0 0 0
1.66333 0 0 0 0
1.67 0 0 0 0
1.67667 0 0 0 0
1.68333 0 0 0 0
1.69 0 0 0 0
1.69667 0 0 0 0
1.70333 0 0 0 0
1.71 0 0 0 0
1.71667 0 0 0 0
1.72333 0 0 0 0
1.73 0 0 0 0
1.73667 0 0 0 0
1.74333 0 0 0 0
1.75 0 0 0 0
1.75667 0 0 0 0
1.76333 0 0 0 0
1.77 0 0 0 0
1.77667 0 0 0 0
1.78333 0 0 0 0
1.79 0 0 0 0
1.79667 0 0 0 0
1.80333 0 0 0 0
1.81 0 0 0 0
1.81667 0 0 0 0
1.82333 0 0 0 0
1.83 0 0 0 0
1.83667 0 0 0 0
1.84333 0 0 0 0
1.85 0 0 0 0
1.85667 0 0 0 0
1.86333 0 0 0 0
1.87 0 0 0 0
1.87667 0 0 0 0
1.88333 0 0 0 0
1.89 0 0 0 0
1.89667 0 0 0 0
1.90333 0 0 0 0
1.91 0 0 0 0
1.91667 0 0 0 0
1.92333 0 0 0 0
1.93 0 0 0 0
1.93667 0 0 0 0
1.94333 0 0 0 0
1.95 0 0 0 0
1.95667 0 0 0 0
1.96333 0 0 0 0
1.97 0 0 0 0
1.97667 0 0 0 0
1.98333 0 0 0 0
1.99 0 0 0 0
1.99667 0 0 0 0
