0.00333333 1 7 213 8
0.01 2 8 224 16
0.0166667 2 6 194 20
0.0233333 1 14 209 17
0.03 0 12 235 25
0.0366667 0 9 235 24
0.0433333 3 11 275 36
0.05 1 8 307 32
0.0566667 5 17 369 47
0.0633333 1 24 371 43
0.07 0 22 433 58
0.0766667 2 23 449 71
0.0833333 8 21 465 61
0.09 4 26 444 51
0.0966667 2 22 487 56
0.103333 6 34 475 52
0.11 6 22 485 52
0.116667 2 22 496 57
0.123333 8 17 495 53
0.13 2 22 528 54
0.136667 2 13 571 47
0.143333 3 11 522 46
0.15 3 14 537 30
0.156667 4 16 521 26
0.163333 2 13 551 42
0.17 5 15 531 32
0.176667 5 13 476 42
0.183333 2 18 638 42
0.19 2 20 832 35
0.196667 4 13 778 34
0.203333 3 13 693 31
0.21 4 11 615 23
0.216667 4 10 595 23
0.223333 5 8 549 31
0.23 3 11 498 31
0.236667 0 20 488 26
0.243333 4 12 379 21
0.25 4 13 386 29
0.256667 4 12 378 26
0.263333 4 13 345 34
0.27 0 12 329 36
0.276667 0 8 335 27
0.283333 0 4 342 23
0.29 1 10 304 29
0.296667 0 6 280 11
0.303333 1 14 235 18
0.31 2 10 292 22
0.316667 2 9 263 18
0.323333 0 14 242 21
0.33 1 7 242 21
0.336667 3 9 229 15
0.343333 4 5 267 24
0.35 1 9 222 25
0.356667 1 4 228 23
0.363333 0 4 237 18
0.37 0 6 221 17
0.376667 1 2 225 14
0.383333 1 9 199 19
0.39 2 8 212 20
0.396667 0 9 174 13
0.403333 0 8 216 22
0.41 0 7 206 23
0.416667 1 4 215 21
0.423333 2 11 211 18
0.43 1 6 208 18
0.436667 3 7 248 16
0.443333 1 9 219 19
0.45 2 6 234 16
0.456667 0 4 238 14
0.463333 2 5 221 14
0.47 1 7 239 21
0.476667 1 10 188 20
0.483333 2 7 109 15
0.49 1 6 100 10
0.496667 2 4 110 18
0.503333 0 3 93 12
0.51 1 8 74 13
0.516667 0 7 84 9
0.523333 2 3 78 11
0.53 1 8 73 9
0.536667 0 2 60 9
0.543333 0 5 75 9
0.55 1 2 74 6
0.556667 0 5 51 14
0.563333 2 12 71 11
0.57 1 0 59 12
0.576667 3 6 63 5
0.583333 2 3 76 8
0.59 1 4 55 6
0.596667 0 3 59 7
0.603333 1 5 59 2
0.61 1 5 63 4
0.616667 1 5 57 5
0.623333 0 0 58 6
0.63 3 3 75 5
0.636667 3 2 74 9
0.643333 0 12 46 5
0.65 1 7 49 9
0.656667 0 1 58 7
0.663333 11 126 11854 241
0.67 0 0 0 0
0.676667 0 0 0 0
0.683333 0 0 0 0
0.69 0 0 0 0
0.696667 0 0 0 0
0.703333 0 0 0 0
0.71 0 0 0 0
0.716667 0 0 0 0
0.723333 0 0 0 0
0.73 0 0 0 0
0.736667 0 0 0 0
0.743333 0 0 0 0
0.75 0 0 0 0
0.756667 0 0 0 0
0.763333 0 0 0 0
0.77 0 0 0 0
0.776667 0 0 0 0
0.783333 0 0 0 0
0.79 0 0 0 0
0.796667 0 0 0 0
0.803333 0 0 0 0
0.81 0 0 0 0
0.816667 0 0 0 0
0.823333 0 0 0 0
0.83 0 0 0 0
0.836667 0 0 0 0
0.843333 0 0 0 0
0.85 0 0 0 0
0.856667 0 0 0 0
0.863333 0 0 0 0
0.87 0 0 0 0
0.876667 0 0 0 0
0.883333 0 0 0 0
0.89 0 0 0 0
0.896667 0 0 0 0
0.903333 0 0 0 0
0.91 0 0 0 0
0.916667 0 0 0 0
0.923333 0 0 0 0
0.93 0 0 0 0
0.936667 0 0 0 0
0.943333 0 0 0 0
0.95 0 0 0 0
0.956667 0 0 0 0
0.963333 0 0 0 0
0.97 0 0 0 0
0.976667 0 0 0 0
0.983333 0 0 0 0
0.99 0 0 0 0
0.996667 0 0 0 0
1.00333 0 0 0 0
1.01 0 0 0 0
1.01667 0 0 0 0
1.02333 0 0 0 0
1.03 0 0 0 0
1.03667 0 0 0 0
1.04333 0 0 0 0
1.05 0 0 0 0
1.05667 0 0 0 0
1.06333 0 0 0 0
1.07 0 0 0 0
1.07667 0 0 0 0
1.08333 0 0 0 0
1.09 0 0 0 0
1.09667 0 0 0 0
1.10333 0 0 0 0
1.11 0 0 0 0
1.11667 0 0 0 0
1.12333 0 0 0 0
1.13 0 0 0 0
1.13667 0 0 0 0
1.14333 0 0 0 0
1.15 0 0 0 0
1.15667 0 0 0 0
1.16333 0 0 0 0
1.17 0 0 0 0
1.17667 0 0 0 0
1.18333 0 0 0 0
1.19 0 0 0 0
1.19667 0 0 0 0
1.20333 0 0 0 0
1.21 0 0 0 0
1.21667 0 0 0 0
1.22333 0 0 0 0
1.23 0 0 0 0
1.23667 0 0 0 0
1.24333 0 0 0 0
1.25 0 0 0 0
1.25667 0 0 0 0
1.26333 0 0 0 0
1.27 0 0 0 0
1.27667 0 0 0 0
1.28333 0 0 0 0
1.29 0 0 0 0
1.29667 0 0 0 0
1.30333 0 0 0 0
1.31 0 0 0 0
1.31667 0 0 0 0
1.32333 0 0 0 0
1.33 0 0 0 0
1.33667 0 0 0 0
1.34333 0 0 0 0
1.35 0 0 0 0
1.35667 0 0 0 0
1.36333 0 0 0 0
1.37 0 0 0 0
1.37667 0 0 0 0
1.38333 0 0 0 0
1.39 0 0 0 0
1.39667 0 0 0 0
1.40333 0 0 0 0
1.41 0 0 0 0
1.41667 0 0 0 0
1.42333 0 0 0 0
1.43 0 0 0 0
1.43667 0 0 0 0
1.44333 0 0 0 0
1.45 0 0 0 0
1.45667 0 0 0 0
1.46333 0 0 0 0
1.47 0 0 0 0
1.47667 0 0 0 0
1.48333 0 0 0 0
1.49 0 0 0 0
1.49667 0 0 0 0
1.50333 0 0 0 0
1.51 0 0 0 0
1.51667 0 0 0 0
1.52333 0 0 0 0
1.53 0 0 0 0
1.53667 0 0 0 0
1.54333 0 0 0 0
1.55 0 0 0 0
1.55667 0 0 0 0
1.56333 0 0 0 0
1.57 0 0 0 0
1.57667 0 0 0 0
1.58333 0 0 0 0
1.59 0 0 0 0
1.59667 0 0 0 0
1.60333 0 0 0 0
1.61 0 0 0 0
1.61667 0 0 0 0
1.62333 0 0 0 0
1.63 0 0 0 0
1.63667 0 0 0 0
1.64333 0 0 0 0
1.65 0 0 0 0
1.65667 0 0 0 0
1.66333 0 0 0 0
1.67 0 0 0 0
1.67667 0 0 0 0
1.68333 0 0 0 0
1.69 0 0 0 0
1.69667 0 0 0 0
1.70333 0 0 0 0
1.71 0 0 0 0
1.71667 0 0 0 0
1.72333 0 0 0 0
1.73 0 0 0 0
1.73667 0 0 0 0
1.74333 0 0 0 0
1.75 0 0 0 0
1.75667 0 0 0 0
1.76333 0 0 0 0
1.77 0 0 0 0
1.77667 0 0 0 0
1.78333 0 0 0 0
1.79 0 0 0 0
1.79667 0 0 0 0
1.80333 0 0 0 0
1.81 0 0 0 0
1.81667 0 0 0 0
1.82333 0 0 0 0
1.83 0 0 0 0
1.83667 0 0 0 0
1.84333 0 0 0 0
1.85 0 0 0 0
1.85667 0 0 0 0
1.86333 0 0 0 0
1.87 0 0 0 0
1.87667 0 0 0 0
1.88333 0 0 0 0
1.89 0 0 0 0
1.89667 0 0 0 0
1.90333 0 0 0 0
1.91 0 0 0 0
1.91667 0 0 0 0
1.92333 0 0 0 0
1.93 0 0 0 0
1.93667 0 0 0 0
1.94333 0 0 0 0
1.95 0 0 0 0
1.95667 0 0 0 0
1.96333 0 0 0 0
1.97 0 0 0 0
1.97667 0 0 0 0
1.98333 0 0 0 0
1.99 0 0 0 0
1.99667 0 0 0 0
