0.00333333 42 124 3 3
0.01 33 113 8 2
0.0166667 29 126 13 0
0.0233333 30 150 6 2
0.03 34 155 9 2
0.0366667 42 161 11 5
0.0433333 64 217 21 4
0.05 95 263 21 4
0.0566667 73 276 18 5
0.0633333 109 361 24 5
0.07 117 366 22 8
0.0766667 110 408 25 7
0.0833333 107 388 27 6
0.09 110 454 24 7
0.0966667 114 420 21 2
0.103333 119 392 27 8
0.11 101 407 22 5
0.116667 119 404 31 7
0.123333 106 402 20 5
0.13 85 407 17 10
0.136667 92 416 19 16
0.143333 89 382 16 2
0.15 92 388 22 3
0.156667 80 395 18 7
0.163333 93 351 23 6
0.17 67 358 20 7
0.176667 81 326 20 5
0.183333 77 390 17 4
0.19 82 427 19 4
0.196667 80 423 18 4
0.203333 85 388 15 6
0.21 65 384 24 5
0.216667 63 348 23 7
0.223333 69 335 16 6
0.23 67 320 11 4
0.236667 61 334 14 5
0.243333 68 285 10 2
0.25 61 298 6 0
0.256667 55 283 7 4
0.263333 40 237 12 7
0.27 67 237 9 4
0.276667 60 224 8 3
0.283333 59 211 10 4
0.29 41 220 11 3
0.296667 42 220 11 4
0.303333 41 191 8 3
0.31 48 205 16 3
0.316667 46 170 3 2
0.323333 42 172 8 5
0.33 33 172 12 3
0.336667 49 157 5 3
0.343333 39 165 9 2
0.35 36 167 11 3
0.356667 33 146 7 1
0.363333 38 149 11 3
0.37 31 109 12 1
0.376667 41 124 7 3
0.383333 42 141 6 2
0.39 30 110 8 0
0.396667 40 140 5 2
0.403333 39 138 9 1
0.41 27 138 8 5
0.416667 21 121 7 2
0.423333 26 151 12 3
0.43 29 110 11 3
0.436667 28 143 11 2
0.443333 21 126 6 3
0.45 31 154 13 0
0.456667 40 141 8 3
0.463333 29 145 13 1
0.47 27 119 10 2
0.476667 27 107 7 3
0.483333 22 71 8 2
0.49 20 80 9 2
0.496667 11 71 2 2
0.503333 22 69 5 3
0.51 18 65 2 1
0.516667 14 65 5 1
0.523333 17 60 5 0
0.53 13 61 2 0
0.536667 22 62 1 2
0.543333 16 54 10 0
0.55 16 54 5 3
0.556667 15 51 1 2
0.563333 11 65 7 0
0.57 17 48 3 1
0.576667 20 74 2 1
0.583333 17 50 5 0
0.59 17 50 6 2
0.596667 8 46 2 1
0.603333 9 56 2 1
0.61 17 44 2 4
0.616667 17 35 3 4
0.623333 7 44 8 2
0.63 17 49 6 0
0.636667 16 58 5 1
0.643333 19 42 3 1
0.65 12 49 3 0
0.656667 12 51 4 2
0.663333 637 5383 132 39
0.67 0 0 0 0
0.676667 0 0 0 0
0.683333 0 0 0 0
0.69 0 0 0 0
0.696667 0 0 0 0
0.703333 0 0 0 0
0.71 0 0 0 0
0.716667 0 0 0 0
0.723333 0 0 0 0
0.73 0 0 0 0
0.736667 0 0 0 0
0.743333 0 0 0 0
0.75 0 0 0 0
0.756667 0 0 0 0
0.763333 0 0 0 0
0.77 0 0 0 0
0.776667 0 0 0 0
0.783333 0 0 0 0
0.79 0 0 0 0
0.796667 0 0 0 0
0.803333 0 0 0 0
0.81 0 0 0 0
0.816667 0 0 0 0
0.823333 0 0 0 0
0.83 0 0 0 0
0.836667 0 0 0 0
0.843333 0 0 0 0
0.85 0 0 0 0
0.856667 0 0 0 0
0.863333 0 0 0 0
0.87 0 0 0 0
0.876667 0 0 0 0
0.883333 0 0 0 0
0.89 0 0 0 0
0.896667 0 0 0 0
0.903333 0 0 0 0
0.91 0 0 0 0
0.916667 0 0 0 0
0.923333 0 0 0 0
0.93 0 0 0 0
0.936667 0 0 0 0
0.943333 0 0 0 0
0.95 0 0 0 0
0.956667 0 0 0 0
0.963333 0 0 0 0
0.97 0 0 0 0
0.976667 0 0 0 0
0.983333 0 0 0 0
0.99 0 0 0 0
0.996667 0 0 0 0
1.00333 0 0 0 0
1.01 0 0 0 0
1.01667 0 0 0 0
1.02333 0 0 0 0
1.03 0 0 0 0
1.03667 0 0 0 0
1.04333 0 0 0 0
1.05 0 0 0 0
1.05667 0 0 0 0
1.06333 0 0 0 0
1.07 0 0 0 0
1.07667 0 0 0 0
1.08333 0 0 0 0
1.09 0 0 0 0
1.09667 0 0 0 0
1.10333 0 0 0 0
1.11 0 0 0 0
1.11667 0 0 0 0
1.12333 0 0 0 0
1.13 0 0 0 0
1.13667 0 0 0 0
1.14333 0 0 0 0
1.15 0 0 0 0
1.15667 0 0 0 0
1.16333 0 0 0 0
1.17 0 0 0 0
1.17667 0 0 0 0
1.18333 0 0 0 0
1.19 0 0 0 0
1.19667 0 0 0 0
1.20333 0 0 0 0
1.21 0 0 0 0
1.21667 0 0 0 0
1.22333 0 0 0 0
1.23 0 0 0 0
1.23667 0 0 0 0
1.24333 0 0 0 0
1.25 0 0 0 0
1.25667 0 0 0 0
1.26333 0 0 0 0
1.27 0 0 0 0
1.27667 0 0 0 0
1.28333 0 0 0 0
1.29 0 0 0 0
1.29667 0 0 0 0
1.30333 0 0 0 0
1.31 0 0 0 0
1.31667 0 0 0 0
1.32333 0 0 0 0
1.33 0 0 0 0
1.33667 0 0 0 0
1.34333 0 0 0 0
1.35 0 0 0 0
1.35667 0 0 0 0
1.36333 0 0 0 0
1.37 0 0 0 0
1.37667 0 0 0 0
1.38333 0 0 0 0
1.39 0 0 0 0
1.39667 0 0 0 0
1.40333 0 0 0 0
1.41 0 0 0 0
1.41667 0 0 0 0
1.42333 0 0 0 0
1.43 0 0 0 0
1.43667 0 0 0 0
1.44333 0 0 0 0
1.45 0 0 0 0
1.45667 0 0 0 0
1.46333 0 0 0 0
1.47 0 0 0 0
1.47667 0 0 0 0
1.48333 0 0 0 0
1.49 0 0 0 0
1.49667 0 0 0 0
1.50333 0 0 0 0
1.51 0 0 0 0
1.51667 0 0 0 0
1.52333 0 0 0 0
1.53 0 0 0 0
1.53667 0 0 0 0
1.54333 0 0 0 0
1.55 0 0 0 0
1.55667 0 0 0 0
1.56333 0 0 0 0
1.57 0 0 0 0
1.57667 0 0 0 0
1.58333 0 0 0 0
1.59 0 0 0 0
1.59667 0 0 0 0
1.60333 0 0 0 0
1.61 0 0 0 0
1.61667 0 0 0 0
1.62333 0 0 0 0
1.63 0 0 0 0
1.63667 0 0 0 0
1.64333 0 0 0 0
1.65 0 0 0 0
1.65667 0 0 0 0
1.66333 0 0 0 0
1.67 0 0 0 0
1.67667 0 0 0 0
1.68333 0 0 0 0
1.69 0 0 0 0
1.69667 0 0 0 0
1.70333 0 0 0 0
1.71 0 0 0 0
1.71667 0 0 0 0
1.72333 0 0 0 0
1.73 0 0 0 0
1.73667 0 0 0 0
1.74333 0 0 0 0
1.75 0 0 0 0
1.75667 0 0 0 0
1.76333 0 0 0 0
1.77 0 0 0 0
1.77667 0 0 0 0
1.78333 0 0 0 0
1.79 0 0 0 0
1.79667 0 0 0 0
1.80333 0 0 0 0
1.81 0 0 0 0
1.81667 0 0 0 0
1.82333 0 0 0 0
1.83 0 0 0 0
1.83667 0 0 0 0
1.84333 0 0 0 0
1.85 0 0 0 0
1.85667 0 0 0 0
1.86333 0 0 0 0
1.87 0 0 0 0
1.87667 0 0 0 0
1.88333 0 0 0 0
1.89 0 0 0 0
1.89667 0 0 0 0
1.90333 0 0 0 0
1.91 0 0 0 0
1.91667 0 0 0 0
1.92333 0 0 0 0
1.93 0 0 0 0
1.93667 0 0 0 0
1.94333 0 0 0 0
1.95 0 0 0 0
1.95667 0 0 0 0
1.96333 0 0 0 0
1.97 0 0 0 0
1.97667 0 0 0 0
1.98333 0 0 0 0
1.99 0 0 0 0
1.99667 0 0 0 0
