0.00333333 54 30 4 8
0.01 82 26 7 4
0.0166667 74 31 2 5
0.0233333 85 36 4 6
0.03 79 45 3 2
0.0366667 86 50 3 7
0.0433333 88 54 6 8
0.05 102 83 16 4
0.0566667 126 98 5 2
0.0633333 157 97 6 3
0.07 151 109 6 14
0.0766667 175 113 10 3
0.0833333 180 88 14 8
0.09 184 109 4 6
0.0966667 144 97 10 8
0.103333 177 93 15 9
0.11 182 117 8 12
0.116667 181 109 7 9
0.123333 189 102 4 7
0.13 184 101 8 10
0.136667 182 108 12 7
0.143333 195 86 3 8
0.15 189 69 8 9
0.156667 163 74 5 9
0.163333 179 81 7 5
0.17 160 74 9 8
0.176667 204 66 8 8
0.183333 207 78 4 11
0.19 226 57 6 12
0.196667 239 79 6 15
0.203333 206 69 6 13
0.21 190 66 6 10
0.216667 172 66 5 9
0.223333 198 50 6 11
0.23 157 63 3 7
0.236667 160 63 4 6
0.243333 146 60 8 7
0.25 133 65 6 5
0.256667 131 46 2 7
0.263333 131 53 3 4
0.27 135 59 3 5
0.276667 121 60 3 8
0.283333 105 37 3 9
0.29 113 45 9 9
0.296667 135 44 5 11
0.303333 101 58 3 9
0.31 122 43 6 2
0.316667 102 37 3 9
0.323333 107 36 3 5
0.33 89 43 4 5
0.336667 106 39 5 7
0.343333 82 26 7 9
0.35 82 39 1 6
0.356667 83 27 3 6
0.363333 95 34 1 4
0.37 82 34 3 5
0.376667 80 42 3 0
0.383333 90 39 3 6
0.39 74 38 4 10
0.396667 69 21 1 4
0.403333 78 30 5 6
0.41 79 36 3 9
0.416667 86 36 2 8
0.423333 69 25 8 5
0.43 91 37 3 3
0.436667 78 38 6 11
0.443333 82 28 2 7
0.45 71 29 3 4
0.456667 71 25 2 3
0.463333 70 35 2 13
0.47 74 28 3 3
0.476667 58 23 3 9
0.483333 40 23 1 2
0.49 33 29 0 7
0.496667 33 20 4 5
0.503333 31 16 1 3
0.51 22 23 2 3
0.516667 27 22 1 6
0.523333 29 18 3 2
0.53 35 19 3 2
0.536667 24 23 1 5
0.543333 17 18 0 1
0.55 24 16 2 3
0.556667 28 20 0 2
0.563333 21 21 2 2
0.57 20 26 2 1
0.576667 25 22 2 3
0.583333 27 19 1 2
0.59 18 15 1 3
0.596667 22 12 3 6
0.603333 26 15 0 3
0.61 19 13 2 2
0.616667 20 14 4 0
0.623333 24 11 0 4
0.63 20 15 0 1
0.636667 38 14 6 2
0.643333 7 11 1 2
0.65 14 10 3 1
0.656667 13 18 2 1
0.663333 3771 655 39 250
0.67 0 0 0 0
0.676667 0 0 0 0
0.683333 0 0 0 0
0.69 0 0 0 0
0.696667 0 0 0 0
0.703333 0 0 0 0
0.71 0 0 0 0
0.716667 0 0 0 0
0.723333 0 0 0 0
0.73 0 0 0 0
0.736667 0 0 0 0
0.743333 0 0 0 0
0.75 0 0 0 0
0.756667 0 0 0 0
0.763333 0 0 0 0
0.77 0 0 0 0
0.776667 0 0 0 0
0.783333 0 0 0 0
0.79 0 0 0 0
0.796667 0 0 0 0
0.803333 0 0 0 0
0.81 0 0 0 0
0.816667 0 0 0 0
0.823333 0 0 0 0
0.83 0 0 0 0
0.836667 0 0 0 0
0.843333 0 0 0 0
0.85 0 0 0 0
0.856667 0 0 0 0
0.863333 0 0 0 0
0.87 0 0 0 0
0.876667 0 0 0 0
0.883333 0 0 0 0
0.89 0 0 0 0
0.896667 0 0 0 0
0.903333 0 0 0 0
0.91 0 0 0 0
0.916667 0 0 0 0
0.923333 0 0 0 0
0.93 0 0 0 0
0.936667 0 0 0 0
0.943333 0 0 0 0
0.95 0 0 0 0
0.956667 0 0 0 0
0.963333 0 0 0 0
0.97 0 0 0 0
0.976667 0 0 0 0
0.983333 0 0 0 0
0.99 0 0 0 0
0.996667 0 0 0 0
1.00333 0 0 0 0
1.01 0 0 0 0
1.01667 0 0 0 0
1.02333 0 0 0 0
1.03 0 0 0 0
1.03667 0 0 0 0
1.04333 0 0 0 0
1.05 0 0 0 0
1.05667 0 0 0 0
1.06333 0 0 0 0
1.07 0 0 0 0
1.07667 0 0 0 0
1.08333 0 0 0 0
1.09 0 0 0 0
1.09667 0 0 0 0
1.10333 0 0 0 0
1.11 0 0 0 0
1.11667 0 0 0 0
1.12333 0 0 0 0
1.13 0 0 0 0
1.13667 0 0 0 0
1.14333 0 0 0 0
1.15 0 0 0 0
1.15667 0 0 0 0
1.16333 0 0 0 0
1.17 0 0 0 0
1.17667 0 0 0 0
1.18333 0 0 0 0
1.19 0 0 0 0
1.19667 0 0 0 0
1.20333 0 0 0 0
1.21 0 0 0 0
1.21667 0 0 0 0
1.22333 0 0 0 0
1.23 0 0 0 0
1.23667 0 0 0 0
1.24333 0 0 0 0
1.25 0 0 0 0
1.25667 0 0 0 0
1.26333 0 0 0 0
1.27 0 0 0 0
1.27667 0 0 0 0
1.28333 0 0 0 0
1.29 0 0 0 0
1.29667 0 0 0 0
1.30333 0 0 0 0
1.31 0 0 0 0
1.31667 0 0 0 0
1.32333 0 0 0 0
1.33 0 0 0 0
1.33667 0 0 0 0
1.34333 0 0 0 0
1.35 0 0 0 0
1.35667 0 0 0 0
1.36333 0 0 0 0
1.37 0 0 0 0
1.37667 0 0 0 0
1.38333 0 0 0 0
1.39 0 0 0 0
1.39667 0 0 0 0
1.40333 0 0 0 0
1.41 0 0 0 0
1.41667 0 0 0 0
1.42333 0 0 0 0
1.43 0 0 0 0
1.43667 0 0 0 0
1.44333 0 0 0 0
1.45 0 0 0 0
1.45667 0 0 0 0
1.46333 0 0 0 0
1.47 0 0 0 0
1.47667 0 0 0 0
1.48333 0 0 0 0
1.49 0 0 0 0
1.49667 0 0 0 0
1.50333 0 0 0 0
1.51 0 0 0 0
1.51667 0 0 0 0
1.52333 0 0 0 0
1.53 0 0 0 0
1.53667 0 0 0 0
1.54333 0 0 0 0
1.55 0 0 0 0
1.55667 0 0 0 0
1.56333 0 0 0 0
1.57 0 0 0 0
1.57667 0 0 0 0
1.58333 0 0 0 0
1.59 0 0 0 0
1.59667 0 0 0 0
1.60333 0 0 0 0
1.61 0 0 0 0
1.61667 0 0 0 0
1.62333 0 0 0 0
1.63 0 0 0 0
1.63667 0 0 0 0
1.64333 0 0 0 0
1.65 0 0 0 0
1.65667 0 0 0 0
1.66333 0 0 0 0
1.67 0 0 0 0
1.67667 0 0 0 0
1.68333 0 0 0 0
1.69 0 0 0 0
1.69667 0 0 0 0
1.70333 0 0 0 0
1.71 0 0 0 0
1.71667 0 0 0 0
1.72333 0 0 0 0
1.73 0 0 0 0
1.73667 0 0 0 0
1.74333 0 0 0 0
1.75 0 0 0 0
1.75667 0 0 0 0
1.76333 0 0 0 0
1.77 0 0 0 0
1.77667 0 0 0 0
1.78333 0 0 0 0
1.79 0 0 0 0
1.79667 0 0 0 0
1.80333 0 0 0 0
1.81 0 0 0 0
1.81667 0 0 0 0
1.82333 0 0 0 0
1.83 0 0 0 0
1.83667 0 0 0 0
1.84333 0 0 0 0
1.85 0 0 0 0
1.85667 0 0 0 0
1.86333 0 0 0 0
1.87 0 0 0 0
1.87667 0 0 0 0
1.88333 0 0 0 0
1.89 0 0 0 0
1.89667 0 0 0 0
1.90333 0 0 0 0
1.91 0 0 0 0
1.91667 0 0 0 0
1.92333 0 0 0 0
1.93 0 0 0 0
1.93667 0 0 0 0
1.94333 0 0 0 0
1.95 0 0 0 0
1.95667 0 0 0 0
1.96333 0 0 0 0
1.97 0 0 0 0
1.97667 0 0 0 0
1.98333 0 0 0 0
1.99 0 0 0 0
1.99667 0 0 0 0
