0.00333333 17 54 11 0
0.01 27 90 12 0
0.0166667 23 90 9 2
0.0233333 28 87 13 1
0.03 24 87 9 1
0.0366667 37 112 12 0
0.0433333 45 149 12 0
0.05 69 156 20 3
0.0566667 82 228 24 4
0.0633333 98 240 20 5
0.07 91 224 29 6
0.0766667 91 283 28 4
0.0833333 114 253 22 8
0.09 107 268 26 3
0.0966667 95 235 21 3
0.103333 101 280 23 5
0.11 102 247 19 3
0.116667 89 261 31 5
0.123333 81 284 32 2
0.13 75 263 34 5
0.136667 69 223 21 7
0.143333 79 232 30 0
0.15 58 228 24 2
0.156667 56 223 23 5
0.163333 54 212 30 2
0.17 55 225 27 2
0.176667 47 206 29 3
0.183333 54 216 25 2
0.19 60 232 29 1
0.196667 56 234 24 1
0.203333 40 223 22 5
0.21 51 208 12 0
0.216667 51 199 20 1
0.223333 58 173 23 2
0.23 61 184 16 1
0.236667 53 189 17 4
0.243333 54 136 18 3
0.25 47 153 17 3
0.256667 39 141 15 1
0.263333 45 149 12 3
0.27 36 111 9 3
0.276667 46 140 17 2
0.283333 37 122 12 2
0.29 41 119 10 1
0.296667 35 127 7 2
0.303333 49 142 11 3
0.31 39 130 16 0
0.316667 40 99 15 2
0.323333 44 99 9 2
0.33 39 107 17 1
0.336667 26 102 14 0
0.343333 32 98 2 3
0.35 29 98 15 1
0.356667 24 99 9 2
0.363333 24 99 16 0
0.37 25 92 12 0
0.376667 28 99 11 2
0.383333 22 81 10 4
0.39 18 95 18 3
0.396667 21 97 6 3
0.403333 33 99 10 2
0.41 26 90 12 0
0.416667 31 84 14 3
0.423333 27 63 9 2
0.43 27 73 13 1
0.436667 20 75 14 2
0.443333 26 64 5 3
0.45 28 85 13 1
0.456667 20 79 8 2
0.463333 31 60 7 1
0.47 15 75 8 1
0.476667 19 76 10 2
0.483333 14 49 3 2
0.49 26 65 6 2
0.496667 15 50 5 0
0.503333 10 40 9 3
0.51 22 42 8 0
0.516667 22 47 4 2
0.523333 17 50 6 1
0.53 19 34 10 0
0.536667 17 36 6 3
0.543333 7 42 4 0
0.55 19 40 3 1
0.556667 5 38 10 1
0.563333 15 42 7 2
0.57 13 38 6 0
0.576667 8 44 9 0
0.583333 15 28 4 1
0.59 9 35 9 0
0.596667 18 49 5 1
0.603333 11 32 4 0
0.61 8 41 8 1
0.616667 11 33 5 1
0.623333 13 31 6 0
0.63 9 43 6 1
0.636667 11 43 4 1
0.643333 9 35 6 2
0.65 13 27 9 1
0.656667 9 21 4 0
0.663333 434 2434 239 11
0.67 0 0 0 0
0.676667 0 0 0 0
0.683333 0 0 0 0
0.69 0 0 0 0
0.696667 0 0 0 0
0.703333 0 0 0 0
0.71 0 0 0 0
0.716667 0 0 0 0
0.723333 0 0 0 0
0.73 0 0 0 0
0.736667 0 0 0 0
0.743333 0 0 0 0
0.75 0 0 0 0
0.756667 0 0 0 0
0.763333 0 0 0 0
0.77 0 0 0 0
0.776667 0 0 0 0
0.783333 0 0 0 0
0.79 0 0 0 0
0.796667 0 0 0 0
0.803333 0 0 0 0
0.81 0 0 0 0
0.816667 0 0 0 0
0.823333 0 0 0 0
0.83 0 0 0 0
0.836667 0 0 0 0
0.843333 0 0 0 0
0.85 0 0 0 0
0.856667 0 0 0 0
0.863333 0 0 0 0
0.87 0 0 0 0
0.876667 0 0 0 0
0.883333 0 0 0 0
0.89 0 0 0 0
0.896667 0 0 0 0
0.903333 0 0 0 0
0.91 0 0 0 0
0.916667 0 0 0 0
0.923333 0 0 0 0
0.93 0 0 0 0
0.936667 0 0 0 0
0.943333 0 0 0 0
0.95 0 0 0 0
0.956667 0 0 0 0
0.963333 0 0 0 0
0.97 0 0 0 0
0.976667 0 0 0 0
0.983333 0 0 0 0
0.99 0 0 0 0
0.996667 0 0 0 0
1.00333 0 0 0 0
1.01 0 0 0 0
1.01667 0 0 0 0
1.02333 0 0 0 0
1.03 0 0 0 0
1.03667 0 0 0 0
1.04333 0 0 0 0
1.05 0 0 0 0
1.05667 0 0 0 0
1.06333 0 0 0 0
1.07 0 0 0 0
1.07667 0 0 0 0
1.08333 0 0 0 0
1.09 0 0 0 0
1.09667 0 0 0 0
1.10333 0 0 0 0
1.11 0 0 0 0
1.11667 0 0 0 0
1.12333 0 0 0 0
1.13 0 0 0 0
1.13667 0 0 0 0
1.14333 0 0 0 0
1.15 0 0 0 0
1.15667 0 0 0 0
1.16333 0 0 0 0
1.17 0 0 0 0
1.17667 0 0 0 0
1.18333 0 0 0 0
1.19 0 0 0 0
1.19667 0 0 0 0
1.20333 0 0 0 0
1.21 0 0 0 0
1.21667 0 0 0 0
1.22333 0 0 0 0
1.23 0 0 0 0
1.23667 0 0 0 0
1.24333 0 0 0 0
1.25 0 0 0 0
1.25667 0 0 0 0
1.26333 0 0 0 0
1.27 0 0 0 0
1.27667 0 0 0 0
1.28333 0 0 0 0
1.29 0 0 0 0
1.29667 0 0 0 0
1.30333 0 0 0 0
1.31 0 0 0 0
1.31667 0 0 0 0
1.32333 0 0 0 0
1.33 0 0 0 0
1.33667 0 0 0 0
1.34333 0 0 0 0
1.35 0 0 0 0
1.35667 0 0 0 0
1.36333 0 0 0 0
1.37 0 0 0 0
1.37667 0 0 0 0
1.38333 0 0 0 0
1.39 0 0 0 0
1.39667 0 0 0 0
1.40333 0 0 0 0
1.41 0 0 0 0
1.41667 0 0 0 0
1.42333 0 0 0 0
1.43 0 0 0 0
1.43667 0 0 0 0
1.44333 0 0 0 0
1.45 0 0 0 0
1.45667 0 0 0 0
1.46333 0 0 0 0
1.47 0 0 0 0
1.47667 0 0 0 0
1.48333 0 0 0 0
1.49 0 0 0 0
1.49667 0 0 0 0
1.50333 0 0 0 0
1.51 0 0 0 0
1.51667 0 0 0 0
1.52333 0 0 0 0
1.53 0 0 0 0
1.53667 0 0 0 0
1.54333 0 0 0 0
1.55 0 0 0 0
1.55667 0 0 0 0
1.56333 0 0 0 0
1.57 0 0 0 0
1.57667 0 0 0 0
1.58333 0 0 0 0
1.59 0 0 0 0
1.59667 0 0 0 0
1.60333 0 0 0 0
1.61 0 0 0 0
1.61667 0 0 0 0
1.62333 0 0 0 0
1.63 0 0 0 0
1.63667 0 0 0 0
1.64333 0 0 0 0
1.65 0 0 0 0
1.65667 0 0 0 0
1.66333 0 0 0 0
1.67 0 0 0 0
1.67667 0 0 0 0
1.68333 0 0 0 0
1.69 0 0 0 0
1.69667 0 0 0 0
1.70333 0 0 0 0
1.71 0 0 0 0
1.71667 0 0 0 0
1.72333 0 0 0 0
1.73 0 0 0 0
1.73667 0 0 0 0
1.74333 0 0 0 0
1.75 0 0 0 0
1.75667 0 0 0 0
1.76333 0 0 0 0
1.77 0 0 0 0
1.77667 0 0 0 0
1.78333 0 0 0 0
1.79 0 0 0 0
1.79667 0 0 0 0
1.80333 0 0 0 0
1.81 0 0 0 0
1.81667 0 0 0 0
1.82333 0 0 0 0
1.83 0 0 0 0
1.83667 0 0 0 0
1.84333 0 0 0 0
1.85 0 0 0 0
1.85667 0 0 0 0
1.86333 0 0 0 0
1.87 0 0 0 0
1.87667 0 0 0 0
1.88333 0 0 0 0
1.89 0 0 0 0
1.89667 0 0 0 0
1.90333 0 0 0 0
1.91 0 0 0 0
1.91667 0 0 0 0
1.92333 0 0 0 0
1.93 0 0 0 0
1.93667 0 0 0 0
1.94333 0 0 0 0
1.95 0 0 0 0
1.95667 0 0 0 0
1.96333 0 0 0 0
1.97 0 0 0 0
1.97667 0 0 0 0
1.98333 0 0 0 0
1.99 0 0 0 0
1.99667 0 0 0 0
