0.00333333 0 0 35 20
0.01 0 1 38 23
0.0166667 0 0 33 19
0.0233333 0 3 31 21
0.03 0 0 37 34
0.0366667 1 3 52 39
0.0433333 2 2 52 42
0.05 2 1 76 66
0.0566667 1 7 60 57
0.0633333 1 4 75 67
0.07 1 2 101 79
0.0766667 0 5 90 85
0.0833333 2 4 92 78
0.09 0 5 106 86
0.0966667 2 4 85 79
0.103333 3 2 74 87
0.11 1 2 106 85
0.116667 0 1 91 92
0.123333 0 4 83 86
0.13 3 3 81 71
0.136667 0 8 80 77
0.143333 2 4 86 62
0.15 1 2 62 53
0.156667 0 3 63 51
0.163333 1 2 71 67
0.17 1 4 75 49
0.176667 0 5 67 57
0.183333 0 2 53 62
0.19 0 3 82 75
0.196667 4 1 79 67
0.203333 1 4 72 40
0.21 2 1 71 53
0.216667 1 3 87 54
0.223333 1 1 91 63
0.23 1 3 69 58
0.236667 2 2 78 48
0.243333 0 1 76 51
0.25 1 3 64 35
0.256667 1 5 54 38
0.263333 1 2 57 39
0.27 1 2 50 47
0.276667 0 0 63 44
0.283333 1 1 57 44
0.29 2 3 49 41
0.296667 1 3 54 38
0.303333 1 1 65 35
0.31 0 4 48 33
0.316667 0 3 42 41
0.323333 0 1 44 43
0.33 2 0 48 37
0.336667 0 1 46 36
0.343333 0 0 48 41
0.35 0 2 51 26
0.356667 0 1 36 36
0.363333 1 0 49 26
0.37 0 0 32 38
0.376667 0 0 47 41
0.383333 1 0 37 39
0.39 0 4 38 25
0.396667 0 1 45 27
0.403333 0 1 51 31
0.41 0 0 42 29
0.416667 0 1 35 33
0.423333 0 4 40 27
0.43 0 3 45 33
0.436667 0 0 44 36
0.443333 1 0 47 30
0.45 0 2 42 29
0.456667 2 1 32 48
0.463333 0 0 44 29
0.47 0 0 44 26
0.476667 0 1 40 25
0.483333 0 1 26 14
0.49 0 2 27 22
0.496667 0 1 18 16
0.503333 0 3 19 16
0.51 0 3 19 21
0.516667 0 3 15 23
0.523333 0 0 21 21
0.53 0 1 22 26
0.536667 0 1 15 24
0.543333 0 1 16 19
0.55 3 2 22 20
0.556667 2 0 20 21
0.563333 0 4 25 17
0.57 1 0 20 18
0.576667 0 0 22 12
0.583333 1 1 16 16
0.59 0 1 19 20
0.596667 0 1 23 25
0.603333 0 0 19 21
0.61 2 1 20 18
0.616667 0 1 20 15
0.623333 0 2 23 15
0.63 0 0 24 16
0.636667 0 0 27 13
0.643333 0 0 19 16
0.65 0 2 22 20
0.656667 0 2 17 18
0.663333 2 14 1337 729
0.67 0 0 0 0
0.676667 0 0 0 0
0.683333 0 0 0 0
0.69 0 0 0 0
0.696667 0 0 0 0
0.703333 0 0 0 0
0.71 0 0 0 0
0.716667 0 0 0 0
0.723333 0 0 0 0
0.73 0 0 0 0
0.736667 0 0 0 0
0.743333 0 0 0 0
0.75 0 0 0 0
0.756667 0 0 0 0
0.763333 0 0 0 0
0.77 0 0 0 0
0.776667 0 0 0 0
0.783333 0 0 0 0
0.79 0 0 0 0
0.796667 0 0 0 0
0.803333 0 0 0 0
0.81 0 0 0 0
0.816667 0 0 0 0
0.823333 0 0 0 0
0.83 0 0 0 0
0.836667 0 0 0 0
0.843333 0 0 0 0
0.85 0 0 0 0
0.856667 0 0 0 0
0.863333 0 0 0 0
0.87 0 0 0 0
0.876667 0 0 0 0
0.883333 0 0 0 0
0.89 0 0 0 0
0.896667 0 0 0 0
0.903333 0 0 0 0
0.91 0 0 0 0
0.916667 0 0 0 0
0.923333 0 0 0 0
0.93 0 0 0 0
0.936667 0 0 0 0
0.943333 0 0 0 0
0.95 0 0 0 0
0.956667 0 0 0 0
0.963333 0 0 0 0
0.97 0 0 0 0
0.976667 0 0 0 0
0.983333 0 0 0 0
0.99 0 0 0 0
0.996667 0 0 0 0
1.00333 0 0 0 0
1.01 0 0 0 0
1.01667 0 0 0 0
1.02333 0 0 0 0
1.03 0 0 0 0
1.03667 0 0 0 0
1.04333 0 0 0 0
1.05 0 0 0 0
1.05667 0 0 0 0
1.06333 0 0 0 0
1.07 0 0 0 0
1.07667 0 0 0 0
1.08333 0 0 0 0
1.09 0 0 0 0
1.09667 0 0 0 0
1.10333 0 0 0 0
1.11 0 0 0 0
1.11667 0 0 0 0
1.12333 0 0 0 0
1.13 0 0 0 0
1.13667 0 0 0 0
1.14333 0 0 0 0
1.15 0 0 0 0
1.15667 0 0 0 0
1.16333 0 0 0 0
1.17 0 0 0 0
1.17667 0 0 0 0
1.18333 0 0 0 0
1.19 0 0 0 0
1.19667 0 0 0 0
1.20333 0 0 0 0
1.21 0 0 0 0
1.21667 0 0 0 0
1.22333 0 0 0 0
1.23 0 0 0 0
1.23667 0 0 0 0
1.24333 0 0 0 0
1.25 0 0 0 0
1.25667 0 0 0 0
1.26333 0 0 0 0
1.27 0 0 0 0
1.27667 0 0 0 0
1.28333 0 0 0 0
1.29 0 0 0 0
1.29667 0 0 0 0
1.30333 0 0 0 0
1.31 0 0 0 0
1.31667 0 0 0 0
1.32333 0 0 0 0
1.33 0 0 0 0
1.33667 0 0 0 0
1.34333 0 0 0 0
1.35 0 0 0 0
1.35667 0 0 0 0
1.36333 0 0 0 0
1.37 0 0 0 0
1.37667 0 0 0 0
1.38333 0 0 0 0
1.39 0 0 0 0
1.39667 0 0 0 0
1.40333 0 0 0 0
1.41 0 0 0 0
1.41667 0 0 0 0
1.42333 0 0 0 0
1.43 0 0 0 0
1.43667 0 0 0 0
1.44333 0 0 0 0
1.45 0 0 0 0
1.45667 0 0 0 0
1.46333 0 0 0 0
1.47 0 0 0 0
1.47667 0 0 0 0
1.48333 0 0 0 0
1.49 0 0 0 0
1.49667 0 0 0 0
1.50333 0 0 0 0
1.51 0 0 0 0
1.51667 0 0 0 0
1.52333 0 0 0 0
1.53 0 0 0 0
1.53667 0 0 0 0
1.54333 0 0 0 0
1.55 0 0 0 0
1.55667 0 0 0 0
1.56333 0 0 0 0
1.57 0 0 0 0
1.57667 0 0 0 0
1.58333 0 0 0 0
1.59 0 0 0 0
1.59667 0 0 0 0
1.60333 0 0 0 0
1.61 0 0 0 0
1.61667 0 0 0 0
1.62333 0 0 0 0
1.63 0 0 0 0
1.63667 0 0 0 0
1.64333 0 0 0 0
1.65 0 0 0 0
1.65667 0 0 0 0
1.66333 0 0 0 0
1.67 0 0 0 0
1.67667 0 0 0 0
1.68333 0 0 0 0
1.69 0 0 0 0
1.69667 0 0 0 0
1.70333 0 0 0 0
1.71 0 0 0 0
1.71667 0 0 0 0
1.72333 0 0 0 0
1.73 0 0 0 0
1.73667 0 0 0 0
1.74333 0 0 0 0
1.75 0 0 0 0
1.75667 0 0 0 0
1.76333 0 0 0 0
1.77 0 0 0 0
1.77667 0 0 0 0
1.78333 0 0 0 0
1.79 0 0 0 0
1.79667 0 0 0 0
1.80333 0 0 0 0
1.81 0 0 0 0
1.81667 0 0 0 0
1.82333 0 0 0 0
1.83 0 0 0 0
1.83667 0 0 0 0
1.84333 0 0 0 0
1.85 0 0 0 0
1.85667 0 0 0 0
1.86333 0 0 0 0
1.87 0 0 0 0
1.87667 0 0 0 0
1.88333 0 0 0 0
1.89 0 0 0 0
1.89667 0 0 0 0
1.90333 0 0 0 0
1.91 0 0 0 0
1.91667 0 0 0 0
1.92333 0 0 0 0
1.93 0 0 0 0
1.93667 0 0 0 0
1.94333 0 0 0 0
1.95 0 0 0 0
1.95667 0 0 0 0
1.96333 0 0 0 0
1.97 0 0 0 0
1.97667 0 0 0 0
1.98333 0 0 0 0
1.99 0 0 0 0
1.99667 0 0 0 0
