0.00333333 0 6 28 33
0.01 1 6 32 34
0.0166667 0 5 33 43
0.0233333 3 6 42 41
0.03 1 11 55 47
0.0366667 0 7 36 52
0.0433333 0 12 62 66
0.05 3 8 68 79
0.0566667 0 8 79 103
0.0633333 0 7 72 105
0.07 2 17 92 130
0.0766667 0 11 103 122
0.0833333 0 7 94 121
0.09 3 13 91 124
0.0966667 3 16 107 123
0.103333 3 14 98 140
0.11 0 13 93 131
0.116667 5 13 116 140
0.123333 4 12 101 126
0.13 0 18 100 116
0.136667 1 11 81 111
0.143333 2 12 79 109
0.15 1 13 75 107
0.156667 1 16 78 94
0.163333 3 7 81 108
0.17 1 10 88 80
0.176667 2 13 63 88
0.183333 0 11 89 99
0.19 3 21 78 94
0.196667 3 17 91 84
0.203333 4 15 83 90
0.21 1 21 77 93
0.216667 1 18 59 87
0.223333 0 14 65 94
0.23 1 16 63 107
0.236667 3 19 74 75
0.243333 0 12 73 66
0.25 2 5 68 70
0.256667 0 11 64 75
0.263333 1 6 50 80
0.27 0 11 62 64
0.276667 3 5 63 58
0.283333 1 11 40 70
0.29 1 12 58 59
0.296667 1 6 43 73
0.303333 0 6 44 62
0.31 1 11 42 59
0.316667 0 16 35 49
0.323333 0 8 43 51
0.33 1 7 48 61
0.336667 1 10 37 58
0.343333 3 7 50 56
0.35 1 9 44 55
0.356667 1 9 55 61
0.363333 0 6 49 55
0.37 1 9 35 47
0.376667 1 7 45 49
0.383333 0 7 34 40
0.39 2 7 49 44
0.396667 2 5 30 59
0.403333 0 14 33 30
0.41 0 7 38 47
0.416667 0 10 38 49
0.423333 0 8 28 30
0.43 2 8 36 48
0.436667 1 10 38 54
0.443333 1 4 23 47
0.45 0 8 34 34
0.456667 0 11 38 32
0.463333 2 10 36 49
0.47 0 11 22 35
0.476667 1 6 29 35
0.483333 0 7 19 42
0.49 0 6 20 37
0.496667 1 5 31 30
0.503333 0 9 28 37
0.51 1 3 19 35
0.516667 0 1 22 26
0.523333 1 4 25 26
0.53 0 2 20 34
0.536667 0 5 15 23
0.543333 1 3 18 23
0.55 0 1 13 23
0.556667 0 5 26 22
0.563333 0 3 25 21
0.57 1 2 17 24
0.576667 0 3 18 30
0.583333 0 10 21 26
0.59 0 3 14 17
0.596667 0 2 21 25
0.603333 0 5 17 25
0.61 0 2 17 22
0.616667 0 1 15 34
0.623333 0 5 13 23
0.63 1 7 18 24
0.636667 3 5 17 24
0.643333 0 4 13 11
0.65 0 2 13 19
0.656667 0 0 23 12
0.663333 8 323 924 1119
0.67 0 0 0 0
0.676667 0 0 0 0
0.683333 0 0 0 0
0.69 0 0 0 0
0.696667 0 0 0 0
0.703333 0 0 0 0
0.71 0 0 0 0
0.716667 0 0 0 0
0.723333 0 0 0 0
0.73 0 0 0 0
0.736667 0 0 0 0
0.743333 0 0 0 0
0.75 0 0 0 0
0.756667 0 0 0 0
0.763333 0 0 0 0
0.77 0 0 0 0
0.776667 0 0 0 0
0.783333 0 0 0 0
0.79 0 0 0 0
0.796667 0 0 0 0
0.803333 0 0 0 0
0.81 0 0 0 0
0.816667 0 0 0 0
0.823333 0 0 0 0
0.83 0 0 0 0
0.836667 0 0 0 0
0.843333 0 0 0 0
0.85 0 0 0 0
0.856667 0 0 0 0
0.863333 0 0 0 0
0.87 0 0 0 0
0.876667 0 0 0 0
0.883333 0 0 0 0
0.89 0 0 0 0
0.896667 0 0 0 0
0.903333 0 0 0 0
0.91 0 0 0 0
0.916667 0 0 0 0
0.923333 0 0 0 0
0.93 0 0 0 0
0.936667 0 0 0 0
0.943333 0 0 0 0
0.95 0 0 0 0
0.956667 0 0 0 0
0.963333 0 0 0 0
0.97 0 0 0 0
0.976667 0 0 0 0
0.983333 0 0 0 0
0.99 0 0 0 0
0.996667 0 0 0 0
1.00333 0 0 0 0
1.01 0 0 0 0
1.01667 0 0 0 0
1.02333 0 0 0 0
1.03 0 0 0 0
1.03667 0 0 0 0
1.04333 0 0 0 0
1.05 0 0 0 0
1.05667 0 0 0 0
1.06333 0 0 0 0
1.07 0 0 0 0
1.07667 0 0 0 0
1.08333 0 0 0 0
1.09 0 0 0 0
1.09667 0 0 0 0
1.10333 0 0 0 0
1.11 0 0 0 0
1.11667 0 0 0 0
1.12333 0 0 0 0
1.13 0 0 0 0
1.13667 0 0 0 0
1.14333 0 0 0 0
1.15 0 0 0 0
1.15667 0 0 0 0
1.16333 0 0 0 0
1.17 0 0 0 0
1.17667 0 0 0 0
1.18333 0 0 0 0
1.19 0 0 0 0
1.19667 0 0 0 0
1.20333 0 0 0 0
1.21 0 0 0 0
1.21667 0 0 0 0
1.22333 0 0 0 0
1.23 0 0 0 0
1.23667 0 0 0 0
1.24333 0 0 0 0
1.25 0 0 0 0
1.25667 0 0 0 0
1.26333 0 0 0 0
1.27 0 0 0 0
1.27667 0 0 0 0
1.28333 0 0 0 0
1.29 0 0 0 0
1.29667 0 0 0 0
1.30333 0 0 0 0
1.31 0 0 0 0
1.31667 0 0 0 0
1.32333 0 0 0 0
1.33 0 0 0 0
1.33667 0 0 0 0
1.34333 0 0 0 0
1.35 0 0 0 0
1.35667 0 0 0 0
1.36333 0 0 0 0
1.37 0 0 0 0
1.37667 0 0 0 0
1.38333 0 0 0 0
1.39 0 0 0 0
1.39667 0 0 0 0
1.40333 0 0 0 0
1.41 0 0 0 0
1.41667 0 0 0 0
1.42333 0 0 0 0
1.43 0 0 0 0
1.43667 0 0 0 0
1.44333 0 0 0 0
1.45 0 0 0 0
1.45667 0 0 0 0
1.46333 0 0 0 0
1.47 0 0 0 0
1.47667 0 0 0 0
1.48333 0 0 0 0
1.49 0 0 0 0
1.49667 0 0 0 0
1.50333 0 0 0 0
1.51 0 0 0 0
1.51667 0 0 0 0
1.52333 0 0 0 0
1.53 0 0 0 0
1.53667 0 0 0 0
1.54333 0 0 0 0
1.55 0 0 0 0
1.55667 0 0 0 0
1.56333 0 0 0 0
1.57 0 0 0 0
1.57667 0 0 0 0
1.58333 0 0 0 0
1.59 0 0 0 0
1.59667 0 0 0 0
1.60333 0 0 0 0
1.61 0 0 0 0
1.61667 0 0 0 0
1.62333 0 0 0 0
1.63 0 0 0 0
1.63667 0 0 0 0
1.64333 0 0 0 0
1.65 0 0 0 0
1.65667 0 0 0 0
1.66333 0 0 0 0
1.67 0 0 0 0
1.67667 0 0 0 0
1.68333 0 0 0 0
1.69 0 0 0 0
1.69667 0 0 0 0
1.70333 0 0 0 0
1.71 0 0 0 0
1.71667 0 0 0 0
1.72333 0 0 0 0
1.73 0 0 0 0
1.73667 0 0 0 0
1.74333 0 0 0 0
1.75 0 0 0 0
1.75667 0 0 0 0
1.76333 0 0 0 0
1.77 0 0 0 0
1.77667 0 0 0 0
1.78333 0 0 0 0
1.79 0 0 0 0
1.79667 0 0 0 0
1.80333 0 0 0 0
1.81 0 0 0 0
1.81667 0 0 0 0
1.82333 0 0 0 0
1.83 0 0 0 0
1.83667 0 0 0 0
1.84333 0 0 0 0
1.85 0 0 0 0
1.85667 0 0 0 0
1.86333 0 0 0 0
1.87 0 0 0 0
1.87667 0 0 0 0
1.88333 0 0 0 0
1.89 0 0 0 0
1.89667 0 0 0 0
1.90333 0 0 0 0
1.91 0 0 0 0
1.91667 0 0 0 0
1.92333 0 0 0 0
1.93 0 0 0 0
1.93667 0 0 0 0
1.94333 0 0 0 0
1.95 0 0 0 0
1.95667 0 0 0 0
1.96333 0 0 0 0
1.97 0 0 0 0
1.97667 0 0 0 0
1.98333 0 0 0 0
1.99 0 0 0 0
1.99667 0 0 0 0
