0.00333333 0 0 37 31
0.01 0 1 36 40
0.0166667 0 1 34 52
0.0233333 3 5 45 50
0.03 0 0 60 48
0.0366667 0 2 66 66
0.0433333 0 2 97 76
0.05 0 3 117 128
0.0566667 0 3 130 141
0.0633333 3 6 131 144
0.07 0 7 138 171
0.0766667 0 4 170 155
0.0833333 2 5 139 165
0.09 2 8 160 187
0.0966667 2 7 138 152
0.103333 2 6 135 158
0.11 1 5 137 158
0.116667 2 6 166 135
0.123333 2 14 129 155
0.13 3 2 139 149
0.136667 2 3 147 156
0.143333 0 2 140 118
0.15 1 2 118 104
0.156667 0 4 112 127
0.163333 1 3 141 126
0.17 0 3 108 134
0.176667 0 1 114 101
0.183333 3 1 126 110
0.19 1 4 123 130
0.196667 1 9 94 108
0.203333 0 4 101 93
0.21 1 7 130 115
0.216667 2 4 112 91
0.223333 0 5 98 94
0.23 2 4 118 98
0.236667 0 2 93 83
0.243333 1 1 94 91
0.25 1 2 91 78
0.256667 0 1 77 73
0.263333 1 3 71 79
0.27 1 1 70 73
0.276667 1 0 73 70
0.283333 1 2 72 71
0.29 0 4 71 77
0.296667 0 1 54 76
0.303333 1 4 69 60
0.31 0 1 68 69
0.316667 1 3 53 65
0.323333 1 3 64 66
0.33 0 3 63 47
0.336667 1 4 53 71
0.343333 3 5 48 43
0.35 1 4 60 54
0.356667 0 0 58 61
0.363333 0 2 53 50
0.37 2 2 45 53
0.376667 2 4 55 47
0.383333 0 2 55 41
0.39 0 3 43 47
0.396667 0 4 52 51
0.403333 1 3 47 44
0.41 0 2 53 46
0.416667 0 1 50 40
0.423333 0 2 56 46
0.43 1 5 49 57
0.436667 0 4 37 51
0.443333 1 1 52 49
0.45 1 3 46 49
0.456667 1 2 40 48
0.463333 0 3 48 44
0.47 2 3 34 51
0.476667 1 3 34 35
0.483333 1 1 24 31
0.49 0 1 29 29
0.496667 1 0 30 23
0.503333 0 1 26 31
0.51 0 1 21 25
0.516667 0 3 29 22
0.523333 1 0 22 24
0.53 1 0 23 24
0.536667 0 1 26 16
0.543333 1 1 26 21
0.55 0 0 22 21
0.556667 1 4 20 25
0.563333 0 3 20 22
0.57 1 3 25 31
0.576667 0 2 21 31
0.583333 0 0 19 26
0.59 0 0 25 19
0.596667 1 0 18 23
0.603333 0 2 26 22
0.61 0 1 21 13
0.616667 0 1 14 11
0.623333 0 0 23 32
0.63 0 0 22 21
0.636667 0 1 21 30
0.643333 0 0 24 22
0.65 1 0 22 13
0.656667 1 1 20 18
0.663333 8 15 1265 1033
0.67 0 0 0 0
0.676667 0 0 0 0
0.683333 0 0 0 0
0.69 0 0 0 0
0.696667 0 0 0 0
0.703333 0 0 0 0
0.71 0 0 0 0
0.716667 0 0 0 0
0.723333 0 0 0 0
0.73 0 0 0 0
0.736667 0 0 0 0
0.743333 0 0 0 0
0.75 0 0 0 0
0.756667 0 0 0 0
0.763333 0 0 0 0
0.77 0 0 0 0
0.776667 0 0 0 0
0.783333 0 0 0 0
0.79 0 0 0 0
0.796667 0 0 0 0
0.803333 0 0 0 0
0.81 0 0 0 0
0.816667 0 0 0 0
0.823333 0 0 0 0
0.83 0 0 0 0
0.836667 0 0 0 0
0.843333 0 0 0 0
0.85 0 0 0 0
0.856667 0 0 0 0
0.863333 0 0 0 0
0.87 0 0 0 0
0.876667 0 0 0 0
0.883333 0 0 0 0
0.89 0 0 0 0
0.896667 0 0 0 0
0.903333 0 0 0 0
0.91 0 0 0 0
0.916667 0 0 0 0
0.923333 0 0 0 0
0.93 0 0 0 0
0.936667 0 0 0 0
0.943333 0 0 0 0
0.95 0 0 0 0
0.956667 0 0 0 0
0.963333 0 0 0 0
0.97 0 0 0 0
0.976667 0 0 0 0
0.983333 0 0 0 0
0.99 0 0 0 0
0.996667 0 0 0 0
1.00333 0 0 0 0
1.01 0 0 0 0
1.01667 0 0 0 0
1.02333 0 0 0 0
1.03 0 0 0 0
1.03667 0 0 0 0
1.04333 0 0 0 0
1.05 0 0 0 0
1.05667 0 0 0 0
1.06333 0 0 0 0
1.07 0 0 0 0
1.07667 0 0 0 0
1.08333 0 0 0 0
1.09 0 0 0 0
1.09667 0 0 0 0
1.10333 0 0 0 0
1.11 0 0 0 0
1.11667 0 0 0 0
1.12333 0 0 0 0
1.13 0 0 0 0
1.13667 0 0 0 0
1.14333 0 0 0 0
1.15 0 0 0 0
1.15667 0 0 0 0
1.16333 0 0 0 0
1.17 0 0 0 0
1.17667 0 0 0 0
1.18333 0 0 0 0
1.19 0 0 0 0
1.19667 0 0 0 0
1.20333 0 0 0 0
1.21 0 0 0 0
1.21667 0 0 0 0
1.22333 0 0 0 0
1.23 0 0 0 0
1.23667 0 0 0 0
1.24333 0 0 0 0
1.25 0 0 0 0
1.25667 0 0 0 0
1.26333 0 0 0 0
1.27 0 0 0 0
1.27667 0 0 0 0
1.28333 0 0 0 0
1.29 0 0 0 0
1.29667 0 0 0 0
1.30333 0 0 0 0
1.31 0 0 0 0
1.31667 0 0 0 0
1.32333 0 0 0 0
1.33 0 0 0 0
1.33667 0 0 0 0
1.34333 0 0 0 0
1.35 0 0 0 0
1.35667 0 0 0 0
1.36333 0 0 0 0
1.37 0 0 0 0
1.37667 0 0 0 0
1.38333 0 0 0 0
1.39 0 0 0 0
1.39667 0 0 0 0
1.40333 0 0 0 0
1.41 0 0 0 0
1.41667 0 0 0 0
1.42333 0 0 0 0
1.43 0 0 0 0
1.43667 0 0 0 0
1.44333 0 0 0 0
1.45 0 0 0 0
1.45667 0 0 0 0
1.46333 0 0 0 0
1.47 0 0 0 0
1.47667 0 0 0 0
1.48333 0 0 0 0
1.49 0 0 0 0
1.49667 0 0 0 0
1.50333 0 0 0 0
1.51 0 0 0 0
1.51667 0 0 0 0
1.52333 0 0 0 0
1.53 0 0 0 0
1.53667 0 0 0 0
1.54333 0 0 0 0
1.55 0 0 0 0
1.55667 0 0 0 0
1.56333 0 0 0 0
1.57 0 0 0 0
1.57667 0 0 0 0
1.58333 0 0 0 0
1.59 0 0 0 0
1.59667 0 0 0 0
1.60333 0 0 0 0
1.61 0 0 0 0
1.61667 0 0 0 0
1.62333 0 0 0 0
1.63 0 0 0 0
1.63667 0 0 0 0
1.64333 0 0 0 0
1.65 0 0 0 0
1.65667 0 0 0 0
1.66333 0 0 0 0
1.67 0 0 0 0
1.67667 0 0 0 0
1.68333 0 0 0 0
1.69 0 0 0 0
1.69667 0 0 0 0
1.70333 0 0 0 0
1.71 0 0 0 0
1.71667 0 0 0 0
1.72333 0 0 0 0
1.73 0 0 0 0
1.73667 0 0 0 0
1.74333 0 0 0 0
1.75 0 0 0 0
1.75667 0 0 0 0
1.76333 0 0 0 0
1.77 0 0 0 0
1.77667 0 0 0 0
1.78333 0 0 0 0
1.79 0 0 0 0
1.79667 0 0 0 0
1.80333 0 0 0 0
1.81 0 0 0 0
1.81667 0 0 0 0
1.82333 0 0 0 0
1.83 0 0 0 0
1.83667 0 0 0 0
1.84333 0 0 0 0
1.85 0 0 0 0
1.85667 0 0 0 0
1.86333 0 0 0 0
1.87 0 0 0 0
1.87667 0 0 0 0
1.88333 0 0 0 0
1.89 0 0 0 0
1.89667 0 0 0 0
1.90333 0 0 0 0
1.91 0 0 0 0
1.91667 0 0 0 0
1.92333 0 0 0 0
1.93 0 0 0 0
1.93667 0 0 0 0
1.94333 0 0 0 0
1.95 0 0 0 0
1.95667 0 0 0 0
1.96333 0 0 0 0
1.97 0 0 0 0
1.97667 0 0 0 0
1.98333 0 0 0 0
1.99 0 0 0 0
1.99667 0 0 0 0
