0.00333333 0 3 13 172
0.01 2 0 9 226
0.0166667 2 2 22 240
0.0233333 1 2 13 209
0.03 1 1 17 215
0.0366667 3 1 21 213
0.0433333 2 1 33 245
0.05 2 5 40 283
0.0566667 2 5 57 315
0.0633333 0 6 65 356
0.07 1 3 51 376
0.0766667 3 10 53 376
0.0833333 1 6 42 402
0.09 5 7 51 396
0.0966667 3 6 40 415
0.103333 5 1 62 397
0.11 5 6 51 427
0.116667 0 2 45 447
0.123333 2 2 50 468
0.13 3 7 40 483
0.136667 7 4 33 481
0.143333 2 2 30 473
0.15 1 3 40 497
0.156667 1 2 31 481
0.163333 0 2 38 461
0.17 4 5 37 485
0.176667 7 2 35 435
0.183333 3 3 42 591
0.19 6 3 27 691
0.196667 9 1 26 686
0.203333 3 3 37 646
0.21 8 3 35 590
0.216667 2 4 34 549
0.223333 3 1 25 487
0.23 4 1 19 491
0.236667 3 4 24 437
0.243333 3 3 24 373
0.25 4 3 17 386
0.256667 1 0 17 370
0.263333 4 2 27 325
0.27 4 3 24 323
0.276667 5 0 22 261
0.283333 2 0 32 305
0.29 2 4 23 271
0.296667 4 4 17 263
0.303333 2 0 14 261
0.31 5 2 12 237
0.316667 4 2 21 218
0.323333 3 2 19 245
0.33 1 0 20 212
0.336667 2 2 21 244
0.343333 1 1 19 208
0.35 3 5 18 237
0.356667 2 1 15 219
0.363333 1 0 12 260
0.37 3 3 16 213
0.376667 1 1 17 204
0.383333 0 3 18 205
0.39 2 1 10 187
0.396667 1 1 16 202
0.403333 1 4 20 234
0.41 2 1 29 193
0.416667 1 3 13 202
0.423333 1 1 13 184
0.43 3 1 12 200
0.436667 4 1 12 212
0.443333 0 1 13 193
0.45 2 2 18 215
0.456667 2 0 9 209
0.463333 2 0 15 226
0.47 2 2 9 225
0.476667 3 2 8 207
0.483333 3 2 10 88
0.49 1 1 12 119
0.496667 0 0 8 83
0.503333 1 0 4 103
0.51 1 0 10 77
0.516667 2 1 10 92
0.523333 0 0 7 53
0.53 2 1 12 76
0.536667 0 0 6 59
0.543333 2 2 9 63
0.55 0 1 8 62
0.556667 1 4 7 68
0.563333 1 0 6 45
0.57 2 2 11 68
0.576667 1 0 8 69
0.583333 1 1 10 70
0.59 0 1 9 71
0.596667 0 1 10 52
0.603333 2 0 8 63
0.61 0 1 5 52
0.616667 1 1 6 56
0.623333 1 1 5 47
0.63 2 0 5 66
0.636667 0 1 9 84
0.643333 0 1 6 41
0.65 0 1 3 51
0.656667 0 0 7 30
0.663333 90 23 181 11405
0.67 0 0 0 0
0.676667 0 0 0 0
0.683333 0 0 0 0
0.69 0 0 0 0
0.696667 0 0 0 0
0.703333 0 0 0 0
0.71 0 0 0 0
0.716667 0 0 0 0
0.723333 0 0 0 0
0.73 0 0 0 0
0.736667 0 0 0 0
0.743333 0 0 0 0
0.75 0 0 0 0
0.756667 0 0 0 0
0.763333 0 0 0 0
0.77 0 0 0 0
0.776667 0 0 0 0
0.783333 0 0 0 0
0.79 0 0 0 0
0.796667 0 0 0 0
0.803333 0 0 0 0
0.81 0 0 0 0
0.816667 0 0 0 0
0.823333 0 0 0 0
0.83 0 0 0 0
0.836667 0 0 0 0
0.843333 0 0 0 0
0.85 0 0 0 0
0.856667 0 0 0 0
0.863333 0 0 0 0
0.87 0 0 0 0
0.876667 0 0 0 0
0.883333 0 0 0 0
0.89 0 0 0 0
0.896667 0 0 0 0
0.903333 0 0 0 0
0.91 0 0 0 0
0.916667 0 0 0 0
0.923333 0 0 0 0
0.93 0 0 0 0
0.936667 0 0 0 0
0.943333 0 0 0 0
0.95 0 0 0 0
0.956667 0 0 0 0
0.963333 0 0 0 0
0.97 0 0 0 0
0.976667 0 0 0 0
0.983333 0 0 0 0
0.99 0 0 0 0
0.996667 0 0 0 0
1.00333 0 0 0 0
1.01 0 0 0 0
1.01667 0 0 0 0
1.02333 0 0 0 0
1.03 0 0 0 0
1.03667 0 0 0 0
1.04333 0 0 0 0
1.05 0 0 0 0
1.05667 0 0 0 0
1.06333 0 0 0 0
1.07 0 0 0 0
1.07667 0 0 0 0
1.08333 0 0 0 0
1.09 0 0 0 0
1.09667 0 0 0 0
1.10333 0 0 0 0
1.11 0 0 0 0
1.11667 0 0 0 0
1.12333 0 0 0 0
1.13 0 0 0 0
1.13667 0 0 0 0
1.14333 0 0 0 0
1.15 0 0 0 0
1.15667 0 0 0 0
1.16333 0 0 0 0
1.17 0 0 0 0
1.17667 0 0 0 0
1.18333 0 0 0 0
1.19 0 0 0 0
1.19667 0 0 0 0
1.20333 0 0 0 0
1.21 0 0 0 0
1.21667 0 0 0 0
1.22333 0 0 0 0
1.23 0 0 0 0
1.23667 0 0 0 0
1.24333 0 0 0 0
1.25 0 0 0 0
1.25667 0 0 0 0
1.26333 0 0 0 0
1.27 0 0 0 0
1.27667 0 0 0 0
1.28333 0 0 0 0
1.29 0 0 0 0
1.29667 0 0 0 0
1.30333 0 0 0 0
1.31 0 0 0 0
1.31667 0 0 0 0
1.32333 0 0 0 0
1.33 0 0 0 0
1.33667 0 0 0 0
1.34333 0 0 0 0
1.35 0 0 0 0
1.35667 0 0 0 0
1.36333 0 0 0 0
1.37 0 0 0 0
1.37667 0 0 0 0
1.38333 0 0 0 0
1.39 0 0 0 0
1.39667 0 0 0 0
1.40333 0 0 0 0
1.41 0 0 0 0
1.41667 0 0 0 0
1.42333 0 0 0 0
1.43 0 0 0 0
1.43667 0 0 0 0
1.44333 0 0 0 0
1.45 0 0 0 0
1.45667 0 0 0 0
1.46333 0 0 0 0
1.47 0 0 0 0
1.47667 0 0 0 0
1.48333 0 0 0 0
1.49 0 0 0 0
1.49667 0 0 0 0
1.50333 0 0 0 0
1.51 0 0 0 0
1.51667 0 0 0 0
1.52333 0 0 0 0
1.53 0 0 0 0
1.53667 0 0 0 0
1.54333 0 0 0 0
1.55 0 0 0 0
1.55667 0 0 0 0
1.56333 0 0 0 0
1.57 0 0 0 0
1.57667 0 0 0 0
1.58333 0 0 0 0
1.59 0 0 0 0
1.59667 0 0 0 0
1.60333 0 0 0 0
1.61 0 0 0 0
1.61667 0 0 0 0
1.62333 0 0 0 0
1.63 0 0 0 0
1.63667 0 0 0 0
1.64333 0 0 0 0
1.65 0 0 0 0
1.65667 0 0 0 0
1.66333 0 0 0 0
1.67 0 0 0 0
1.67667 0 0 0 0
1.68333 0 0 0 0
1.69 0 0 0 0
1.69667 0 0 0 0
1.70333 0 0 0 0
1.71 0 0 0 0
1.71667 0 0 0 0
1.72333 0 0 0 0
1.73 0 0 0 0
1.73667 0 0 0 0
1.74333 0 0 0 0
1.75 0 0 0 0
1.75667 0 0 0 0
1.76333 0 0 0 0
1.77 0 0 0 0
1.77667 0 0 0 0
1.78333 0 0 0 0
1.79 0 0 0 0
1.79667 0 0 0 0
1.80333 0 0 0 0
1.81 0 0 0 0
1.81667 0 0 0 0
1.82333 0 0 0 0
1.83 0 0 0 0
1.83667 0 0 0 0
1.84333 0 0 0 0
1.85 0 0 0 0
1.85667 0 0 0 0
1.86333 0 0 0 0
1.87 0 0 0 0
1.87667 0 0 0 0
1.88333 0 0 0 0
1.89 0 0 0 0
1.89667 0 0 0 0
1.90333 0 0 0 0
1.91 0 0 0 0
1.91667 0 0 0 0
1.92333 0 0 0 0
1.93 0 0 0 0
1.93667 0 0 0 0
1.94333 0 0 0 0
1.95 0 0 0 0
1.95667 0 0 0 0
1.96333 0 0 0 0
1.97 0 0 0 0
1.97667 0 0 0 0
1.98333 0 0 0 0
1.99 0 0 0 0
1.99667 0 0 0 0
