0.00333333 26 44 8 11
0.01 38 55 9 13
0.0166667 27 56 15 11
0.0233333 24 58 11 11
0.03 35 68 9 11
0.0366667 47 73 10 3
0.0433333 48 104 17 5
0.05 60 96 12 17
0.0566667 76 133 26 14
0.0633333 63 145 29 13
0.07 74 148 32 18
0.0766667 72 139 28 18
0.0833333 69 157 22 15
0.09 82 151 23 14
0.0966667 61 176 27 15
0.103333 78 172 32 19
0.11 80 177 21 20
0.116667 75 154 20 15
0.123333 86 169 24 22
0.13 80 145 16 20
0.136667 70 163 17 20
0.143333 75 152 11 13
0.15 87 168 21 13
0.156667 79 119 15 23
0.163333 62 127 14 17
0.17 71 153 8 14
0.176667 72 148 18 20
0.183333 96 138 11 22
0.19 104 147 14 26
0.196667 77 166 11 24
0.203333 90 140 10 18
0.21 73 140 9 19
0.216667 58 149 11 18
0.223333 61 127 14 17
0.23 57 143 16 9
0.236667 74 113 11 18
0.243333 53 96 13 11
0.25 60 130 6 17
0.256667 40 90 10 15
0.263333 63 119 7 17
0.27 47 100 8 16
0.276667 51 81 13 16
0.283333 53 97 8 12
0.29 51 85 12 13
0.296667 55 73 14 11
0.303333 43 95 6 13
0.31 48 100 9 8
0.316667 47 81 13 10
0.323333 42 94 14 19
0.33 48 73 4 12
0.336667 44 73 7 7
0.343333 40 72 10 13
0.35 45 81 4 8
0.356667 51 68 4 11
0.363333 45 70 13 7
0.37 45 77 6 10
0.376667 27 61 7 8
0.383333 43 62 4 9
0.39 34 60 11 10
0.396667 39 82 11 8
0.403333 32 68 5 8
0.41 39 59 7 9
0.416667 50 67 7 13
0.423333 34 87 5 14
0.43 35 51 7 10
0.436667 46 70 5 7
0.443333 41 57 5 12
0.45 44 62 6 11
0.456667 35 68 9 15
0.463333 43 53 9 15
0.47 49 67 6 11
0.476667 32 48 4 7
0.483333 19 43 2 4
0.49 16 33 8 7
0.496667 21 34 6 8
0.503333 17 29 7 8
0.51 19 37 2 3
0.516667 12 40 3 9
0.523333 20 54 2 9
0.53 14 32 4 1
0.536667 15 30 4 6
0.543333 14 39 7 4
0.55 16 27 2 9
0.556667 18 32 5 2
0.563333 12 42 2 3
0.57 9 34 9 6
0.576667 12 33 3 5
0.583333 16 28 8 5
0.59 6 42 7 1
0.596667 12 33 8 7
0.603333 10 30 5 1
0.61 11 30 4 7
0.616667 19 28 4 1
0.623333 6 33 3 3
0.63 12 29 1 5
0.636667 9 24 5 3
0.643333 10 28 4 3
0.65 7 34 1 4
0.656667 4 23 4 10
0.663333 1496 1817 98 424
0.67 0 0 0 0
0.676667 0 0 0 0
0.683333 0 0 0 0
0.69 0 0 0 0
0.696667 0 0 0 0
0.703333 0 0 0 0
0.71 0 0 0 0
0.716667 0 0 0 0
0.723333 0 0 0 0
0.73 0 0 0 0
0.736667 0 0 0 0
0.743333 0 0 0 0
0.75 0 0 0 0
0.756667 0 0 0 0
0.763333 0 0 0 0
0.77 0 0 0 0
0.776667 0 0 0 0
0.783333 0 0 0 0
0.79 0 0 0 0
0.796667 0 0 0 0
0.803333 0 0 0 0
0.81 0 0 0 0
0.816667 0 0 0 0
0.823333 0 0 0 0
0.83 0 0 0 0
0.836667 0 0 0 0
0.843333 0 0 0 0
0.85 0 0 0 0
0.856667 0 0 0 0
0.863333 0 0 0 0
0.87 0 0 0 0
0.876667 0 0 0 0
0.883333 0 0 0 0
0.89 0 0 0 0
0.896667 0 0 0 0
0.903333 0 0 0 0
0.91 0 0 0 0
0.916667 0 0 0 0
0.923333 0 0 0 0
0.93 0 0 0 0
0.936667 0 0 0 0
0.943333 0 0 0 0
0.95 0 0 0 0
0.956667 0 0 0 0
0.963333 0 0 0 0
0.97 0 0 0 0
0.976667 0 0 0 0
0.983333 0 0 0 0
0.99 0 0 0 0
0.996667 0 0 0 0
1.00333 0 0 0 0
1.01 0 0 0 0
1.01667 0 0 0 0
1.02333 0 0 0 0
1.03 0 0 0 0
1.03667 0 0 0 0
1.04333 0 0 0 0
1.05 0 0 0 0
1.05667 0 0 0 0
1.06333 0 0 0 0
1.07 0 0 0 0
1.07667 0 0 0 0
1.08333 0 0 0 0
1.09 0 0 0 0
1.09667 0 0 0 0
1.10333 0 0 0 0
1.11 0 0 0 0
1.11667 0 0 0 0
1.12333 0 0 0 0
1.13 0 0 0 0
1.13667 0 0 0 0
1.14333 0 0 0 0
1.15 0 0 0 0
1.15667 0 0 0 0
1.16333 0 0 0 0
1.17 0 0 0 0
1.17667 0 0 0 0
1.18333 0 0 0 0
1.19 0 0 0 0
1.19667 0 0 0 0
1.20333 0 0 0 0
1.21 0 0 0 0
1.21667 0 0 0 0
1.22333 0 0 0 0
1.23 0 0 0 0
1.23667 0 0 0 0
1.24333 0 0 0 0
1.25 0 0 0 0
1.25667 0 0 0 0
1.26333 0 0 0 0
1.27 0 0 0 0
1.27667 0 0 0 0
1.28333 0 0 0 0
1.29 0 0 0 0
1.29667 0 0 0 0
1.30333 0 0 0 0
1.31 0 0 0 0
1.31667 0 0 0 0
1.32333 0 0 0 0
1.33 0 0 0 0
1.33667 0 0 0 0
1.34333 0 0 0 0
1.35 0 0 0 0
1.35667 0 0 0 0
1.36333 0 0 0 0
1.37 0 0 0 0
1.37667 0 0 0 0
1.38333 0 0 0 0
1.39 0 0 0 0
1.39667 0 0 0 0
1.40333 0 0 0 0
1.41 0 0 0 0
1.41667 0 0 0 0
1.42333 0 0 0 0
1.43 0 0 0 0
1.43667 0 0 0 0
1.44333 0 0 0 0
1.45 0 0 0 0
1.45667 0 0 0 0
1.46333 0 0 0 0
1.47 0 0 0 0
1.47667 0 0 0 0
1.48333 0 0 0 0
1.49 0 0 0 0
1.49667 0 0 0 0
1.50333 0 0 0 0
1.51 0 0 0 0
1.51667 0 0 0 0
1.52333 0 0 0 0
1.53 0 0 0 0
1.53667 0 0 0 0
1.54333 0 0 0 0
1.55 0 0 0 0
1.55667 0 0 0 0
1.56333 0 0 0 0
1.57 0 0 0 0
1.57667 0 0 0 0
1.58333 0 0 0 0
1.59 0 0 0 0
1.59667 0 0 0 0
1.60333 0 0 0 0
1.61 0 0 0 0
1.61667 0 0 0 0
1.62333 0 0 0 0
1.63 0 0 0 0
1.63667 0 0 0 0
1.64333 0 0 0 0
1.65 0 0 0 0
1.65667 0 0 0 0
1.66333 0 0 0 0
1.67 0 0 0 0
1.67667 0 0 0 0
1.68333 0 0 0 0
1.69 0 0 0 0
1.69667 0 0 0 0
1.70333 0 0 0 0
1.71 0 0 0 0
1.71667 0 0 0 0
1.72333 0 0 0 0
1.73 0 0 0 0
1.73667 0 0 0 0
1.74333 0 0 0 0
1.75 0 0 0 0
1.75667 0 0 0 0
1.76333 0 0 0 0
1.77 0 0 0 0
1.77667 0 0 0 0
1.78333 0 0 0 0
1.79 0 0 0 0
1.79667 0 0 0 0
1.80333 0 0 0 0
1.81 0 0 0 0
1.81667 0 0 0 0
1.82333 0 0 0 0
1.83 0 0 0 0
1.83667 0 0 0 0
1.84333 0 0 0 0
1.85 0 0 0 0
1.85667 0 0 0 0
1.86333 0 0 0 0
1.87 0 0 0 0
1.87667 0 0 0 0
1.88333 0 0 0 0
1.89 0 0 0 0
1.89667 0 0 0 0
1.90333 0 0 0 0
1.91 0 0 0 0
1.91667 0 0 0 0
1.92333 0 0 0 0
1.93 0 0 0 0
1.93667 0 0 0 0
1.94333 0 0 0 0
1.95 0 0 0 0
1.95667 0 0 0 0
1.96333 0 0 0 0
1.97 0 0 0 0
1.97667 0 0 0 0
1.98333 0 0 0 0
1.99 0 0 0 0
1.99667 0 0 0 0
