0.00333333 1 0 10 76
0.01 1 0 6 80
0.0166667 0 1 5 103
0.0233333 0 2 17 87
0.03 0 2 8 92
0.0366667 0 1 11 98
0.0433333 1 1 15 104
0.05 1 1 18 124
0.0566667 1 2 27 143
0.0633333 0 4 31 144
0.07 0 1 27 159
0.0766667 2 1 35 188
0.0833333 0 4 34 212
0.09 2 3 36 196
0.0966667 0 2 29 209
0.103333 0 3 24 209
0.11 2 2 34 214
0.116667 2 0 30 211
0.123333 0 3 31 203
0.13 0 2 31 190
0.136667 2 2 30 218
0.143333 2 1 21 245
0.15 1 1 30 172
0.156667 1 2 22 212
0.163333 1 2 25 188
0.17 1 4 22 198
0.176667 3 2 17 217
0.183333 1 2 29 208
0.19 0 2 25 216
0.196667 2 1 22 232
0.203333 0 2 22 204
0.21 3 1 18 216
0.216667 3 0 14 209
0.223333 4 0 13 211
0.23 0 3 22 182
0.236667 1 0 12 183
0.243333 2 0 13 186
0.25 1 0 16 189
0.256667 3 2 15 148
0.263333 3 2 13 160
0.27 0 2 19 158
0.276667 0 1 12 163
0.283333 0 1 14 144
0.29 2 1 10 151
0.296667 0 1 16 154
0.303333 2 2 12 181
0.31 2 0 9 148
0.316667 1 1 6 121
0.323333 0 3 8 153
0.33 0 0 13 145
0.336667 1 1 14 128
0.343333 0 1 9 97
0.35 1 0 10 126
0.356667 0 0 9 122
0.363333 1 1 16 137
0.37 1 1 11 105
0.376667 1 4 17 133
0.383333 2 4 10 94
0.39 0 2 9 119
0.396667 1 2 7 104
0.403333 1 1 9 105
0.41 1 2 13 116
0.416667 3 2 8 96
0.423333 1 3 11 108
0.43 1 2 13 111
0.436667 4 2 5 101
0.443333 1 1 10 111
0.45 1 0 8 99
0.456667 1 0 11 96
0.463333 0 0 10 126
0.47 1 1 7 115
0.476667 1 0 7 90
0.483333 3 2 5 58
0.49 0 1 8 61
0.496667 0 0 6 62
0.503333 1 1 6 69
0.51 1 0 12 68
0.516667 1 2 4 55
0.523333 1 1 10 54
0.53 1 0 6 44
0.536667 0 0 6 57
0.543333 0 1 4 49
0.55 0 1 10 43
0.556667 2 1 5 45
0.563333 1 1 3 30
0.57 0 0 4 42
0.576667 1 0 8 47
0.583333 0 0 6 39
0.59 0 1 2 38
0.596667 0 0 7 42
0.603333 0 0 4 23
0.61 1 1 4 33
0.616667 0 0 7 54
0.623333 0 0 3 44
0.63 3 0 6 61
0.636667 0 0 6 55
0.643333 0 0 4 43
0.65 0 1 5 37
0.656667 3 1 6 31
0.663333 24 12 139 4193
0.67 0 0 0 0
0.676667 0 0 0 0
0.683333 0 0 0 0
0.69 0 0 0 0
0.696667 0 0 0 0
0.703333 0 0 0 0
0.71 0 0 0 0
0.716667 0 0 0 0
0.723333 0 0 0 0
0.73 0 0 0 0
0.736667 0 0 0 0
0.743333 0 0 0 0
0.75 0 0 0 0
0.756667 0 0 0 0
0.763333 0 0 0 0
0.77 0 0 0 0
0.776667 0 0 0 0
0.783333 0 0 0 0
0.79 0 0 0 0
0.796667 0 0 0 0
0.803333 0 0 0 0
0.81 0 0 0 0
0.816667 0 0 0 0
0.823333 0 0 0 0
0.83 0 0 0 0
0.836667 0 0 0 0
0.843333 0 0 0 0
0.85 0 0 0 0
0.856667 0 0 0 0
0.863333 0 0 0 0
0.87 0 0 0 0
0.876667 0 0 0 0
0.883333 0 0 0 0
0.89 0 0 0 0
0.896667 0 0 0 0
0.903333 0 0 0 0
0.91 0 0 0 0
0.916667 0 0 0 0
0.923333 0 0 0 0
0.93 0 0 0 0
0.936667 0 0 0 0
0.943333 0 0 0 0
0.95 0 0 0 0
0.956667 0 0 0 0
0.963333 0 0 0 0
0.97 0 0 0 0
0.976667 0 0 0 0
0.983333 0 0 0 0
0.99 0 0 0 0
0.996667 0 0 0 0
1.00333 0 0 0 0
1.01 0 0 0 0
1.01667 0 0 0 0
1.02333 0 0 0 0
1.03 0 0 0 0
1.03667 0 0 0 0
1.04333 0 0 0 0
1.05 0 0 0 0
1.05667 0 0 0 0
1.06333 0 0 0 0
1.07 0 0 0 0
1.07667 0 0 0 0
1.08333 0 0 0 0
1.09 0 0 0 0
1.09667 0 0 0 0
1.10333 0 0 0 0
1.11 0 0 0 0
1.11667 0 0 0 0
1.12333 0 0 0 0
1.13 0 0 0 0
1.13667 0 0 0 0
1.14333 0 0 0 0
1.15 0 0 0 0
1.15667 0 0 0 0
1.16333 0 0 0 0
1.17 0 0 0 0
1.17667 0 0 0 0
1.18333 0 0 0 0
1.19 0 0 0 0
1.19667 0 0 0 0
1.20333 0 0 0 0
1.21 0 0 0 0
1.21667 0 0 0 0
1.22333 0 0 0 0
1.23 0 0 0 0
1.23667 0 0 0 0
1.24333 0 0 0 0
1.25 0 0 0 0
1.25667 0 0 0 0
1.26333 0 0 0 0
1.27 0 0 0 0
1.27667 0 0 0 0
1.28333 0 0 0 0
1.29 0 0 0 0
1.29667 0 0 0 0
1.30333 0 0 0 0
1.31 0 0 0 0
1.31667 0 0 0 0
1.32333 0 0 0 0
1.33 0 0 0 0
1.33667 0 0 0 0
1.34333 0 0 0 0
1.35 0 0 0 0
1.35667 0 0 0 0
1.36333 0 0 0 0
1.37 0 0 0 0
1.37667 0 0 0 0
1.38333 0 0 0 0
1.39 0 0 0 0
1.39667 0 0 0 0
1.40333 0 0 0 0
1.41 0 0 0 0
1.41667 0 0 0 0
1.42333 0 0 0 0
1.43 0 0 0 0
1.43667 0 0 0 0
1.44333 0 0 0 0
1.45 0 0 0 0
1.45667 0 0 0 0
1.46333 0 0 0 0
1.47 0 0 0 0
1.47667 0 0 0 0
1.48333 0 0 0 0
1.49 0 0 0 0
1.49667 0 0 0 0
1.50333 0 0 0 0
1.51 0 0 0 0
1.51667 0 0 0 0
1.52333 0 0 0 0
1.53 0 0 0 0
1.53667 0 0 0 0
1.54333 0 0 0 0
1.55 0 0 0 0
1.55667 0 0 0 0
1.56333 0 0 0 0
1.57 0 0 0 0
1.57667 0 0 0 0
1.58333 0 0 0 0
1.59 0 0 0 0
1.59667 0 0 0 0
1.60333 0 0 0 0
1.61 0 0 0 0
1.61667 0 0 0 0
1.62333 0 0 0 0
1.63 0 0 0 0
1.63667 0 0 0 0
1.64333 0 0 0 0
1.65 0 0 0 0
1.65667 0 0 0 0
1.66333 0 0 0 0
1.67 0 0 0 0
1.67667 0 0 0 0
1.68333 0 0 0 0
1.69 0 0 0 0
1.69667 0 0 0 0
1.70333 0 0 0 0
1.71 0 0 0 0
1.71667 0 0 0 0
1.72333 0 0 0 0
1.73 0 0 0 0
1.73667 0 0 0 0
1.74333 0 0 0 0
1.75 0 0 0 0
1.75667 0 0 0 0
1.76333 0 0 0 0
1.77 0 0 0 0
1.77667 0 0 0 0
1.78333 0 0 0 0
1.79 0 0 0 0
1.79667 0 0 0 0
1.80333 0 0 0 0
1.81 0 0 0 0
1.81667 0 0 0 0
1.82333 0 0 0 0
1.83 0 0 0 0
1.83667 0 0 0 0
1.84333 0 0 0 0
1.85 0 0 0 0
1.85667 0 0 0 0
1.86333 0 0 0 0
1.87 0 0 0 0
1.87667 0 0 0 0
1.88333 0 0 0 0
1.89 0 0 0 0
1.89667 0 0 0 0
1.90333 0 0 0 0
1.91 0 0 0 0
1.91667 0 0 0 0
1.92333 0 0 0 0
1.93 0 0 0 0
1.93667 0 0 0 0
1.94333 0 0 0 0
1.95 0 0 0 0
1.95667 0 0 0 0
1.96333 0 0 0 0
1.97 0 0 0 0
1.97667 0 0 0 0
1.98333 0 0 0 0
1.99 0 0 0 0
1.99667 0 0 0 0
