0.00333333 25 9 2 1
0.01 28 11 2 0
0.0166667 20 11 1 1
0.0233333 30 14 1 1
0.03 34 11 1 0
0.0366667 35 18 2 0
0.0433333 59 23 2 0
0.05 75 24 3 2
0.0566667 62 34 2 0
0.0633333 69 44 3 0
0.07 91 46 3 1
0.0766667 110 40 3 1
0.0833333 101 47 1 1
0.09 96 41 5 1
0.0966667 95 38 4 1
0.103333 97 45 2 1
0.11 104 38 3 2
0.116667 104 33 2 0
0.123333 114 29 3 1
0.13 95 36 6 1
0.136667 101 21 5 0
0.143333 79 20 1 1
0.15 82 31 5 0
0.156667 92 27 2 0
0.163333 72 27 2 0
0.17 78 19 5 1
0.176667 90 20 3 1
0.183333 74 21 2 0
0.19 89 26 4 1
0.196667 78 16 3 1
0.203333 61 23 2 1
0.21 73 29 8 0
0.216667 63 20 3 0
0.223333 77 24 4 1
0.23 63 22 2 2
0.236667 65 16 3 0
0.243333 71 13 1 0
0.25 59 15 2 1
0.256667 62 16 1 0
0.263333 55 24 4 2
0.27 55 18 2 1
0.276667 60 22 3 1
0.283333 49 15 5 1
0.29 54 19 6 0
0.296667 51 22 0 1
0.303333 49 14 6 0
0.31 43 13 1 1
0.316667 63 19 3 0
0.323333 50 20 2 1
0.33 37 14 3 1
0.336667 52 22 2 0
0.343333 45 17 3 0
0.35 42 10 3 0
0.356667 30 16 1 1
0.363333 36 16 3 0
0.37 46 15 3 1
0.376667 43 12 1 1
0.383333 41 11 3 1
0.39 43 13 1 0
0.396667 36 18 1 0
0.403333 45 14 2 0
0.41 35 10 0 0
0.416667 41 10 1 1
0.423333 39 12 1 0
0.43 48 12 1 1
0.436667 50 7 1 0
0.443333 31 9 0 2
0.45 46 8 4 0
0.456667 53 12 2 0
0.463333 39 10 2 0
0.47 32 8 0 0
0.476667 28 10 1 0
0.483333 16 5 1 0
0.49 23 11 1 0
0.496667 19 10 3 0
0.503333 33 6 4 0
0.51 26 2 1 0
0.516667 27 7 3 0
0.523333 30 8 0 1
0.53 27 11 0 0
0.536667 30 10 1 1
0.543333 22 11 0 1
0.55 27 8 0 1
0.556667 21 10 2 1
0.563333 17 6 3 0
0.57 28 7 0 0
0.576667 17 2 1 0
0.583333 16 6 0 0
0.59 24 6 1 1
0.596667 25 3 2 0
0.603333 20 10 2 0
0.61 21 4 1 1
0.616667 21 5 0 0
0.623333 19 9 0 0
0.63 23 11 0 0
0.636667 21 9 3 1
0.643333 13 6 2 0
0.65 25 2 2 0
0.656667 23 9 3 0
0.663333 909 151 35 2
0.67 0 0 0 0
0.676667 0 0 0 0
0.683333 0 0 0 0
0.69 0 0 0 0
0.696667 0 0 0 0
0.703333 0 0 0 0
0.71 0 0 0 0
0.716667 0 0 0 0
0.723333 0 0 0 0
0.73 0 0 0 0
0.736667 0 0 0 0
0.743333 0 0 0 0
0.75 0 0 0 0
0.756667 0 0 0 0
0.763333 0 0 0 0
0.77 0 0 0 0
0.776667 0 0 0 0
0.783333 0 0 0 0
0.79 0 0 0 0
0.796667 0 0 0 0
0.803333 0 0 0 0
0.81 0 0 0 0
0.816667 0 0 0 0
0.823333 0 0 0 0
0.83 0 0 0 0
0.836667 0 0 0 0
0.843333 0 0 0 0
0.85 0 0 0 0
0.856667 0 0 0 0
0.863333 0 0 0 0
0.87 0 0 0 0
0.876667 0 0 0 0
0.883333 0 0 0 0
0.89 0 0 0 0
0.896667 0 0 0 0
0.903333 0 0 0 0
0.91 0 0 0 0
0.916667 0 0 0 0
0.923333 0 0 0 0
0.93 0 0 0 0
0.936667 0 0 0 0
0.943333 0 0 0 0
0.95 0 0 0 0
0.956667 0 0 0 0
0.963333 0 0 0 0
0.97 0 0 0 0
0.976667 0 0 0 0
0.983333 0 0 0 0
0.99 0 0 0 0
0.996667 0 0 0 0
1.00333 0 0 0 0
1.01 0 0 0 0
1.01667 0 0 0 0
1.02333 0 0 0 0
1.03 0 0 0 0
1.03667 0 0 0 0
1.04333 0 0 0 0
1.05 0 0 0 0
1.05667 0 0 0 0
1.06333 0 0 0 0
1.07 0 0 0 0
1.07667 0 0 0 0
1.08333 0 0 0 0
1.09 0 0 0 0
1.09667 0 0 0 0
1.10333 0 0 0 0
1.11 0 0 0 0
1.11667 0 0 0 0
1.12333 0 0 0 0
1.13 0 0 0 0
1.13667 0 0 0 0
1.14333 0 0 0 0
1.15 0 0 0 0
1.15667 0 0 0 0
1.16333 0 0 0 0
1.17 0 0 0 0
1.17667 0 0 0 0
1.18333 0 0 0 0
1.19 0 0 0 0
1.19667 0 0 0 0
1.20333 0 0 0 0
1.21 0 0 0 0
1.21667 0 0 0 0
1.22333 0 0 0 0
1.23 0 0 0 0
1.23667 0 0 0 0
1.24333 0 0 0 0
1.25 0 0 0 0
1.25667 0 0 0 0
1.26333 0 0 0 0
1.27 0 0 0 0
1.27667 0 0 0 0
1.28333 0 0 0 0
1.29 0 0 0 0
1.29667 0 0 0 0
1.30333 0 0 0 0
1.31 0 0 0 0
1.31667 0 0 0 0
1.32333 0 0 0 0
1.33 0 0 0 0
1.33667 0 0 0 0
1.34333 0 0 0 0
1.35 0 0 0 0
1.35667 0 0 0 0
1.36333 0 0 0 0
1.37 0 0 0 0
1.37667 0 0 0 0
1.38333 0 0 0 0
1.39 0 0 0 0
1.39667 0 0 0 0
1.40333 0 0 0 0
1.41 0 0 0 0
1.41667 0 0 0 0
1.42333 0 0 0 0
1.43 0 0 0 0
1.43667 0 0 0 0
1.44333 0 0 0 0
1.45 0 0 0 0
1.45667 0 0 0 0
1.46333 0 0 0 0
1.47 0 0 0 0
1.47667 0 0 0 0
1.48333 0 0 0 0
1.49 0 0 0 0
1.49667 0 0 0 0
1.50333 0 0 0 0
1.51 0 0 0 0
1.51667 0 0 0 0
1.52333 0 0 0 0
1.53 0 0 0 0
1.53667 0 0 0 0
1.54333 0 0 0 0
1.55 0 0 0 0
1.55667 0 0 0 0
1.56333 0 0 0 0
1.57 0 0 0 0
1.57667 0 0 0 0
1.58333 0 0 0 0
1.59 0 0 0 0
1.59667 0 0 0 0
1.60333 0 0 0 0
1.61 0 0 0 0
1.61667 0 0 0 0
1.62333 0 0 0 0
1.63 0 0 0 0
1.63667 0 0 0 0
1.64333 0 0 0 0
1.65 0 0 0 0
1.65667 0 0 0 0
1.66333 0 0 0 0
1.67 0 0 0 0
1.67667 0 0 0 0
1.68333 0 0 0 0
1.69 0 0 0 0
1.69667 0 0 0 0
1.70333 0 0 0 0
1.71 0 0 0 0
1.71667 0 0 0 0
1.72333 0 0 0 0
1.73 0 0 0 0
1.73667 0 0 0 0
1.74333 0 0 0 0
1.75 0 0 0 0
1.75667 0 0 0 0
1.76333 0 0 0 0
1.77 0 0 0 0
1.77667 0 0 0 0
1.78333 0 0 0 0
1.79 0 0 0 0
1.79667 0 0 0 0
1.80333 0 0 0 0
1.81 0 0 0 0
1.81667 0 0 0 0
1.82333 0 0 0 0
1.83 0 0 0 0
1.83667 0 0 0 0
1.84333 0 0 0 0
1.85 0 0 0 0
1.85667 0 0 0 0
1.86333 0 0 0 0
1.87 0 0 0 0
1.87667 0 0 0 0
1.88333 0 0 0 0
1.89 0 0 0 0
1.89667 0 0 0 0
1.90333 0 0 0 0
1.91 0 0 0 0
1.91667 0 0 0 0
1.92333 0 0 0 0
1.93 0 0 0 0
1.93667 0 0 0 0
1.94333 0 0 0 0
1.95 0 0 0 0
1.95667 0 0 0 0
1.96333 0 0 0 0
1.97 0 0 0 0
1.97667 0 0 0 0
1.98333 0 0 0 0
1.99 0 0 0 0
1.99667 0 0 0 0
