0.00333333 6 95 17 4
0.01 8 96 26 6
0.0166667 11 109 25 3
0.0233333 9 88 24 2
0.03 6 129 21 5
0.0366667 10 118 28 4
0.0433333 18 140 33 7
0.05 28 151 55 5
0.0566667 25 173 51 7
0.0633333 27 214 43 9
0.07 29 218 50 7
0.0766667 27 224 73 10
0.0833333 24 241 73 7
0.09 25 206 51 6
0.0966667 22 235 62 8
0.103333 42 219 54 12
0.11 32 214 65 7
0.116667 36 241 48 12
0.123333 24 259 64 8
0.13 27 251 56 8
0.136667 24 237 41 10
0.143333 20 236 44 8
0.15 11 239 56 5
0.156667 22 224 50 8
0.163333 12 228 62 7
0.17 14 231 52 5
0.176667 27 271 46 8
0.183333 17 256 46 5
0.19 10 283 59 6
0.196667 22 316 50 4
0.203333 15 306 58 5
0.21 18 274 58 6
0.216667 11 268 63 3
0.223333 18 242 48 5
0.23 11 228 40 7
0.236667 13 224 54 3
0.243333 19 177 34 1
0.25 7 181 38 9
0.256667 17 179 44 2
0.263333 12 162 43 4
0.27 15 151 43 2
0.276667 14 160 35 5
0.283333 14 151 42 4
0.29 12 131 45 4
0.296667 10 160 29 4
0.303333 10 127 31 3
0.31 18 142 30 3
0.316667 12 131 27 5
0.323333 13 145 28 3
0.33 10 150 23 4
0.336667 10 114 38 1
0.343333 19 142 21 2
0.35 11 100 35 3
0.356667 7 120 29 3
0.363333 8 112 22 3
0.37 12 119 30 6
0.376667 13 98 26 7
0.383333 10 109 24 1
0.39 16 126 29 4
0.396667 13 102 29 3
0.403333 6 100 18 1
0.41 9 111 23 0
0.416667 13 104 23 0
0.423333 7 103 24 1
0.43 8 96 20 3
0.436667 4 101 22 0
0.443333 12 99 27 4
0.45 6 101 18 2
0.456667 8 98 18 1
0.463333 4 125 35 4
0.47 7 111 22 0
0.476667 5 82 20 2
0.483333 7 66 13 0
0.49 1 70 23 4
0.496667 6 59 22 5
0.503333 2 27 15 3
0.51 0 45 16 1
0.516667 2 40 21 1
0.523333 5 35 11 1
0.53 5 44 14 0
0.536667 2 43 7 3
0.543333 6 35 10 1
0.55 1 46 12 2
0.556667 5 38 11 0
0.563333 3 24 8 1
0.57 4 36 9 3
0.576667 9 35 11 3
0.583333 1 49 18 1
0.59 7 34 9 0
0.596667 1 42 17 1
0.603333 3 36 6 1
0.61 4 38 15 1
0.616667 3 31 9 1
0.623333 1 35 12 2
0.63 6 30 11 1
0.636667 6 36 12 4
0.643333 8 36 7 0
0.65 4 34 17 1
0.656667 7 34 7 0
0.663333 132 4549 753 30
0.67 0 0 0 0
0.676667 0 0 0 0
0.683333 0 0 0 0
0.69 0 0 0 0
0.696667 0 0 0 0
0.703333 0 0 0 0
0.71 0 0 0 0
0.716667 0 0 0 0
0.723333 0 0 0 0
0.73 0 0 0 0
0.736667 0 0 0 0
0.743333 0 0 0 0
0.75 0 0 0 0
0.756667 0 0 0 0
0.763333 0 0 0 0
0.77 0 0 0 0
0.776667 0 0 0 0
0.783333 0 0 0 0
0.79 0 0 0 0
0.796667 0 0 0 0
0.803333 0 0 0 0
0.81 0 0 0 0
0.816667 0 0 0 0
0.823333 0 0 0 0
0.83 0 0 0 0
0.836667 0 0 0 0
0.843333 0 0 0 0
0.85 0 0 0 0
0.856667 0 0 0 0
0.863333 0 0 0 0
0.87 0 0 0 0
0.876667 0 0 0 0
0.883333 0 0 0 0
0.89 0 0 0 0
0.896667 0 0 0 0
0.903333 0 0 0 0
0.91 0 0 0 0
0.916667 0 0 0 0
0.923333 0 0 0 0
0.93 0 0 0 0
0.936667 0 0 0 0
0.943333 0 0 0 0
0.95 0 0 0 0
0.956667 0 0 0 0
0.963333 0 0 0 0
0.97 0 0 0 0
0.976667 0 0 0 0
0.983333 0 0 0 0
0.99 0 0 0 0
0.996667 0 0 0 0
1.00333 0 0 0 0
1.01 0 0 0 0
1.01667 0 0 0 0
1.02333 0 0 0 0
1.03 0 0 0 0
1.03667 0 0 0 0
1.04333 0 0 0 0
1.05 0 0 0 0
1.05667 0 0 0 0
1.06333 0 0 0 0
1.07 0 0 0 0
1.07667 0 0 0 0
1.08333 0 0 0 0
1.09 0 0 0 0
1.09667 0 0 0 0
1.10333 0 0 0 0
1.11 0 0 0 0
1.11667 0 0 0 0
1.12333 0 0 0 0
1.13 0 0 0 0
1.13667 0 0 0 0
1.14333 0 0 0 0
1.15 0 0 0 0
1.15667 0 0 0 0
1.16333 0 0 0 0
1.17 0 0 0 0
1.17667 0 0 0 0
1.18333 0 0 0 0
1.19 0 0 0 0
1.19667 0 0 0 0
1.20333 0 0 0 0
1.21 0 0 0 0
1.21667 0 0 0 0
1.22333 0 0 0 0
1.23 0 0 0 0
1.23667 0 0 0 0
1.24333 0 0 0 0
1.25 0 0 0 0
1.25667 0 0 0 0
1.26333 0 0 0 0
1.27 0 0 0 0
1.27667 0 0 0 0
1.28333 0 0 0 0
1.29 0 0 0 0
1.29667 0 0 0 0
1.30333 0 0 0 0
1.31 0 0 0 0
1.31667 0 0 0 0
1.32333 0 0 0 0
1.33 0 0 0 0
1.33667 0 0 0 0
1.34333 0 0 0 0
1.35 0 0 0 0
1.35667 0 0 0 0
1.36333 0 0 0 0
1.37 0 0 0 0
1.37667 0 0 0 0
1.38333 0 0 0 0
1.39 0 0 0 0
1.39667 0 0 0 0
1.40333 0 0 0 0
1.41 0 0 0 0
1.41667 0 0 0 0
1.42333 0 0 0 0
1.43 0 0 0 0
1.43667 0 0 0 0
1.44333 0 0 0 0
1.45 0 0 0 0
1.45667 0 0 0 0
1.46333 0 0 0 0
1.47 0 0 0 0
1.47667 0 0 0 0
1.48333 0 0 0 0
1.49 0 0 0 0
1.49667 0 0 0 0
1.50333 0 0 0 0
1.51 0 0 0 0
1.51667 0 0 0 0
1.52333 0 0 0 0
1.53 0 0 0 0
1.53667 0 0 0 0
1.54333 0 0 0 0
1.55 0 0 0 0
1.55667 0 0 0 0
1.56333 0 0 0 0
1.57 0 0 0 0
1.57667 0 0 0 0
1.58333 0 0 0 0
1.59 0 0 0 0
1.59667 0 0 0 0
1.60333 0 0 0 0
1.61 0 0 0 0
1.61667 0 0 0 0
1.62333 0 0 0 0
1.63 0 0 0 0
1.63667 0 0 0 0
1.64333 0 0 0 0
1.65 0 0 0 0
1.65667 0 0 0 0
1.66333 0 0 0 0
1.67 0 0 0 0
1.67667 0 0 0 0
1.68333 0 0 0 0
1.69 0 0 0 0
1.69667 0 0 0 0
1.70333 0 0 0 0
1.71 0 0 0 0
1.71667 0 0 0 0
1.72333 0 0 0 0
1.73 0 0 0 0
1.73667 0 0 0 0
1.74333 0 0 0 0
1.75 0 0 0 0
1.75667 0 0 0 0
1.76333 0 0 0 0
1.77 0 0 0 0
1.77667 0 0 0 0
1.78333 0 0 0 0
1.79 0 0 0 0
1.79667 0 0 0 0
1.80333 0 0 0 0
1.81 0 0 0 0
1.81667 0 0 0 0
1.82333 0 0 0 0
1.83 0 0 0 0
1.83667 0 0 0 0
1.84333 0 0 0 0
1.85 0 0 0 0
1.85667 0 0 0 0
1.86333 0 0 0 0
1.87 0 0 0 0
1.87667 0 0 0 0
1.88333 0 0 0 0
1.89 0 0 0 0
1.89667 0 0 0 0
1.90333 0 0 0 0
1.91 0 0 0 0
1.91667 0 0 0 0
1.92333 0 0 0 0
1.93 0 0 0 0
1.93667 0 0 0 0
1.94333 0 0 0 0
1.95 0 0 0 0
1.95667 0 0 0 0
1.96333 0 0 0 0
1.97 0 0 0 0
1.97667 0 0 0 0
1.98333 0 0 0 0
1.99 0 0 0 0
1.99667 0 0 0 0
