0.00333333 12 28 8 1
0.01 20 31 10 3
0.0166667 15 44 8 2
0.0233333 22 61 19 2
0.03 24 52 15 4
0.0366667 27 61 17 4
0.0433333 40 103 15 2
0.05 59 113 26 5
0.0566667 64 138 39 4
0.0633333 49 149 30 10
0.07 58 141 32 5
0.0766667 68 181 43 8
0.0833333 71 139 44 7
0.09 61 147 40 8
0.0966667 62 138 47 2
0.103333 77 146 34 4
0.11 73 146 38 9
0.116667 68 139 50 8
0.123333 62 143 34 3
0.13 47 158 38 4
0.136667 55 124 34 3
0.143333 57 112 33 2
0.15 50 99 38 4
0.156667 46 124 26 7
0.163333 45 102 29 4
0.17 51 101 19 5
0.176667 37 101 23 4
0.183333 41 99 28 5
0.19 43 98 34 5
0.196667 43 109 33 2
0.203333 37 75 33 4
0.21 31 79 30 4
0.216667 38 88 31 1
0.223333 36 78 35 3
0.23 35 81 21 3
0.236667 38 80 25 4
0.243333 31 68 24 2
0.25 30 78 21 3
0.256667 25 68 24 3
0.263333 37 80 19 3
0.27 18 65 23 2
0.276667 25 74 20 3
0.283333 31 56 16 1
0.29 22 70 23 3
0.296667 24 62 16 1
0.303333 39 54 14 4
0.31 19 60 16 1
0.316667 19 50 19 1
0.323333 23 56 16 5
0.33 28 69 18 2
0.336667 22 57 20 1
0.343333 14 49 17 1
0.35 22 47 12 1
0.356667 25 37 17 2
0.363333 23 46 15 2
0.37 28 48 18 3
0.376667 28 38 20 6
0.383333 15 45 6 1
0.39 11 36 10 1
0.396667 20 38 13 3
0.403333 13 46 18 1
0.41 17 37 17 3
0.416667 21 27 14 1
0.423333 8 36 13 3
0.43 16 48 17 3
0.436667 13 45 10 2
0.443333 12 34 15 1
0.45 13 29 11 0
0.456667 19 41 16 4
0.463333 15 39 15 0
0.47 15 35 15 1
0.476667 19 32 5 1
0.483333 18 24 11 2
0.49 17 26 12 2
0.496667 6 25 3 1
0.503333 11 19 10 2
0.51 13 23 12 2
0.516667 10 18 14 0
0.523333 15 11 4 1
0.53 10 21 6 0
0.536667 7 19 12 1
0.543333 8 24 4 3
0.55 8 24 8 2
0.556667 2 13 8 1
0.563333 8 20 6 2
0.57 8 13 7 2
0.576667 11 15 12 3
0.583333 8 19 6 2
0.59 12 24 6 2
0.596667 7 18 8 1
0.603333 8 19 7 1
0.61 11 21 6 1
0.616667 9 21 9 0
0.623333 6 25 8 3
0.63 10 12 4 1
0.636667 11 9 8 2
0.643333 12 20 4 2
0.65 6 23 7 1
0.656667 14 29 7 0
0.663333 291 801 315 24
0.67 0 0 0 0
0.676667 0 0 0 0
0.683333 0 0 0 0
0.69 0 0 0 0
0.696667 0 0 0 0
0.703333 0 0 0 0
0.71 0 0 0 0
0.716667 0 0 0 0
0.723333 0 0 0 0
0.73 0 0 0 0
0.736667 0 0 0 0
0.743333 0 0 0 0
0.75 0 0 0 0
0.756667 0 0 0 0
0.763333 0 0 0 0
0.77 0 0 0 0
0.776667 0 0 0 0
0.783333 0 0 0 0
0.79 0 0 0 0
0.796667 0 0 0 0
0.803333 0 0 0 0
0.81 0 0 0 0
0.816667 0 0 0 0
0.823333 0 0 0 0
0.83 0 0 0 0
0.836667 0 0 0 0
0.843333 0 0 0 0
0.85 0 0 0 0
0.856667 0 0 0 0
0.863333 0 0 0 0
0.87 0 0 0 0
0.876667 0 0 0 0
0.883333 0 0 0 0
0.89 0 0 0 0
0.896667 0 0 0 0
0.903333 0 0 0 0
0.91 0 0 0 0
0.916667 0 0 0 0
0.923333 0 0 0 0
0.93 0 0 0 0
0.936667 0 0 0 0
0.943333 0 0 0 0
0.95 0 0 0 0
0.956667 0 0 0 0
0.963333 0 0 0 0
0.97 0 0 0 0
0.976667 0 0 0 0
0.983333 0 0 0 0
0.99 0 0 0 0
0.996667 0 0 0 0
1.00333 0 0 0 0
1.01 0 0 0 0
1.01667 0 0 0 0
1.02333 0 0 0 0
1.03 0 0 0 0
1.03667 0 0 0 0
1.04333 0 0 0 0
1.05 0 0 0 0
1.05667 0 0 0 0
1.06333 0 0 0 0
1.07 0 0 0 0
1.07667 0 0 0 0
1.08333 0 0 0 0
1.09 0 0 0 0
1.09667 0 0 0 0
1.10333 0 0 0 0
1.11 0 0 0 0
1.11667 0 0 0 0
1.12333 0 0 0 0
1.13 0 0 0 0
1.13667 0 0 0 0
1.14333 0 0 0 0
1.15 0 0 0 0
1.15667 0 0 0 0
1.16333 0 0 0 0
1.17 0 0 0 0
1.17667 0 0 0 0
1.18333 0 0 0 0
1.19 0 0 0 0
1.19667 0 0 0 0
1.20333 0 0 0 0
1.21 0 0 0 0
1.21667 0 0 0 0
1.22333 0 0 0 0
1.23 0 0 0 0
1.23667 0 0 0 0
1.24333 0 0 0 0
1.25 0 0 0 0
1.25667 0 0 0 0
1.26333 0 0 0 0
1.27 0 0 0 0
1.27667 0 0 0 0
1.28333 0 0 0 0
1.29 0 0 0 0
1.29667 0 0 0 0
1.30333 0 0 0 0
1.31 0 0 0 0
1.31667 0 0 0 0
1.32333 0 0 0 0
1.33 0 0 0 0
1.33667 0 0 0 0
1.34333 0 0 0 0
1.35 0 0 0 0
1.35667 0 0 0 0
1.36333 0 0 0 0
1.37 0 0 0 0
1.37667 0 0 0 0
1.38333 0 0 0 0
1.39 0 0 0 0
1.39667 0 0 0 0
1.40333 0 0 0 0
1.41 0 0 0 0
1.41667 0 0 0 0
1.42333 0 0 0 0
1.43 0 0 0 0
1.43667 0 0 0 0
1.44333 0 0 0 0
1.45 0 0 0 0
1.45667 0 0 0 0
1.46333 0 0 0 0
1.47 0 0 0 0
1.47667 0 0 0 0
1.48333 0 0 0 0
1.49 0 0 0 0
1.49667 0 0 0 0
1.50333 0 0 0 0
1.51 0 0 0 0
1.51667 0 0 0 0
1.52333 0 0 0 0
1.53 0 0 0 0
1.53667 0 0 0 0
1.54333 0 0 0 0
1.55 0 0 0 0
1.55667 0 0 0 0
1.56333 0 0 0 0
1.57 0 0 0 0
1.57667 0 0 0 0
1.58333 0 0 0 0
1.59 0 0 0 0
1.59667 0 0 0 0
1.60333 0 0 0 0
1.61 0 0 0 0
1.61667 0 0 0 0
1.62333 0 0 0 0
1.63 0 0 0 0
1.63667 0 0 0 0
1.64333 0 0 0 0
1.65 0 0 0 0
1.65667 0 0 0 0
1.66333 0 0 0 0
1.67 0 0 0 0
1.67667 0 0 0 0
1.68333 0 0 0 0
1.69 0 0 0 0
1.69667 0 0 0 0
1.70333 0 0 0 0
1.71 0 0 0 0
1.71667 0 0 0 0
1.72333 0 0 0 0
1.73 0 0 0 0
1.73667 0 0 0 0
1.74333 0 0 0 0
1.75 0 0 0 0
1.75667 0 0 0 0
1.76333 0 0 0 0
1.77 0 0 0 0
1.77667 0 0 0 0
1.78333 0 0 0 0
1.79 0 0 0 0
1.79667 0 0 0 0
1.80333 0 0 0 0
1.81 0 0 0 0
1.81667 0 0 0 0
1.82333 0 0 0 0
1.83 0 0 0 0
1.83667 0 0 0 0
1.84333 0 0 0 0
1.85 0 0 0 0
1.85667 0 0 0 0
1.86333 0 0 0 0
1.87 0 0 0 0
1.87667 0 0 0 0
1.88333 0 0 0 0
1.89 0 0 0 0
1.89667 0 0 0 0
1.90333 0 0 0 0
1.91 0 0 0 0
1.91667 0 0 0 0
1.92333 0 0 0 0
1.93 0 0 0 0
1.93667 0 0 0 0
1.94333 0 0 0 0
1.95 0 0 0 0
1.95667 0 0 0 0
1.96333 0 0 0 0
1.97 0 0 0 0
1.97667 0 0 0 0
1.98333 0 0 0 0
1.99 0 0 0 0
1.99667 0 0 0 0
