0.00333333 0 7 45 16
0.01 2 19 51 25
0.0166667 2 12 70 32
0.0233333 2 21 66 32
0.03 3 12 84 35
0.0366667 2 15 80 42
0.0433333 4 22 111 60
0.05 2 24 148 78
0.0566667 7 25 188 80
0.0633333 10 32 193 83
0.07 7 40 217 96
0.0766667 5 37 220 100
0.0833333 4 38 194 104
0.09 9 33 229 88
0.0966667 5 31 190 91
0.103333 4 31 242 92
0.11 5 48 209 90
0.116667 2 25 204 94
0.123333 7 34 212 95
0.13 8 31 204 87
0.136667 6 38 204 86
0.143333 5 38 166 81
0.15 9 36 174 73
0.156667 8 31 176 64
0.163333 5 39 172 72
0.17 3 41 145 68
0.176667 1 26 153 75
0.183333 8 28 148 72
0.19 2 43 163 57
0.196667 5 45 153 70
0.203333 4 25 153 68
0.21 5 35 146 64
0.216667 4 27 127 56
0.223333 2 28 138 59
0.23 3 27 150 62
0.236667 5 19 120 54
0.243333 1 26 120 48
0.25 9 15 107 62
0.256667 4 12 104 49
0.263333 3 20 89 57
0.27 5 12 86 63
0.276667 9 11 102 59
0.283333 3 22 110 38
0.29 2 12 93 43
0.296667 2 16 90 42
0.303333 3 15 85 36
0.31 5 17 73 44
0.316667 2 21 83 45
0.323333 2 28 96 27
0.33 1 14 73 37
0.336667 2 15 67 42
0.343333 5 12 76 31
0.35 4 13 66 23
0.356667 1 19 61 33
0.363333 2 21 70 34
0.37 1 12 59 32
0.376667 2 18 64 36
0.383333 0 20 67 33
0.39 0 22 69 31
0.396667 2 13 54 26
0.403333 5 16 60 24
0.41 4 18 57 30
0.416667 2 16 57 19
0.423333 3 10 65 17
0.43 1 9 75 24
0.436667 2 14 61 26
0.443333 1 14 68 23
0.45 4 10 45 26
0.456667 1 11 57 39
0.463333 3 13 62 30
0.47 7 19 55 30
0.476667 0 18 52 26
0.483333 1 14 37 26
0.49 0 12 26 28
0.496667 3 14 41 24
0.503333 1 17 36 24
0.51 3 11 25 24
0.516667 1 10 35 14
0.523333 4 12 39 20
0.53 2 11 31 14
0.536667 3 8 37 19
0.543333 1 9 24 13
0.55 0 6 44 10
0.556667 2 6 29 16
0.563333 1 11 18 17
0.57 2 12 26 17
0.576667 2 7 30 18
0.583333 2 13 30 19
0.59 1 5 29 11
0.596667 1 13 25 17
0.603333 1 8 33 16
0.61 1 3 29 18
0.616667 2 5 29 8
0.623333 2 4 26 15
0.63 1 3 25 17
0.636667 2 8 45 13
0.643333 2 10 29 9
0.65 2 7 24 15
0.656667 1 11 32 10
0.663333 38 374 1537 632
0.67 0 0 0 0
0.676667 0 0 0 0
0.683333 0 0 0 0
0.69 0 0 0 0
0.696667 0 0 0 0
0.703333 0 0 0 0
0.71 0 0 0 0
0.716667 0 0 0 0
0.723333 0 0 0 0
0.73 0 0 0 0
0.736667 0 0 0 0
0.743333 0 0 0 0
0.75 0 0 0 0
0.756667 0 0 0 0
0.763333 0 0 0 0
0.77 0 0 0 0
0.776667 0 0 0 0
0.783333 0 0 0 0
0.79 0 0 0 0
0.796667 0 0 0 0
0.803333 0 0 0 0
0.81 0 0 0 0
0.816667 0 0 0 0
0.823333 0 0 0 0
0.83 0 0 0 0
0.836667 0 0 0 0
0.843333 0 0 0 0
0.85 0 0 0 0
0.856667 0 0 0 0
0.863333 0 0 0 0
0.87 0 0 0 0
0.876667 0 0 0 0
0.883333 0 0 0 0
0.89 0 0 0 0
0.896667 0 0 0 0
0.903333 0 0 0 0
0.91 0 0 0 0
0.916667 0 0 0 0
0.923333 0 0 0 0
0.93 0 0 0 0
0.936667 0 0 0 0
0.943333 0 0 0 0
0.95 0 0 0 0
0.956667 0 0 0 0
0.963333 0 0 0 0
0.97 0 0 0 0
0.976667 0 0 0 0
0.983333 0 0 0 0
0.99 0 0 0 0
0.996667 0 0 0 0
1.00333 0 0 0 0
1.01 0 0 0 0
1.01667 0 0 0 0
1.02333 0 0 0 0
1.03 0 0 0 0
1.03667 0 0 0 0
1.04333 0 0 0 0
1.05 0 0 0 0
1.05667 0 0 0 0
1.06333 0 0 0 0
1.07 0 0 0 0
1.07667 0 0 0 0
1.08333 0 0 0 0
1.09 0 0 0 0
1.09667 0 0 0 0
1.10333 0 0 0 0
1.11 0 0 0 0
1.11667 0 0 0 0
1.12333 0 0 0 0
1.13 0 0 0 0
1.13667 0 0 0 0
1.14333 0 0 0 0
1.15 0 0 0 0
1.15667 0 0 0 0
1.16333 0 0 0 0
1.17 0 0 0 0
1.17667 0 0 0 0
1.18333 0 0 0 0
1.19 0 0 0 0
1.19667 0 0 0 0
1.20333 0 0 0 0
1.21 0 0 0 0
1.21667 0 0 0 0
1.22333 0 0 0 0
1.23 0 0 0 0
1.23667 0 0 0 0
1.24333 0 0 0 0
1.25 0 0 0 0
1.25667 0 0 0 0
1.26333 0 0 0 0
1.27 0 0 0 0
1.27667 0 0 0 0
1.28333 0 0 0 0
1.29 0 0 0 0
1.29667 0 0 0 0
1.30333 0 0 0 0
1.31 0 0 0 0
1.31667 0 0 0 0
1.32333 0 0 0 0
1.33 0 0 0 0
1.33667 0 0 0 0
1.34333 0 0 0 0
1.35 0 0 0 0
1.35667 0 0 0 0
1.36333 0 0 0 0
1.37 0 0 0 0
1.37667 0 0 0 0
1.38333 0 0 0 0
1.39 0 0 0 0
1.39667 0 0 0 0
1.40333 0 0 0 0
1.41 0 0 0 0
1.41667 0 0 0 0
1.42333 0 0 0 0
1.43 0 0 0 0
1.43667 0 0 0 0
1.44333 0 0 0 0
1.45 0 0 0 0
1.45667 0 0 0 0
1.46333 0 0 0 0
1.47 0 0 0 0
1.47667 0 0 0 0
1.48333 0 0 0 0
1.49 0 0 0 0
1.49667 0 0 0 0
1.50333 0 0 0 0
1.51 0 0 0 0
1.51667 0 0 0 0
1.52333 0 0 0 0
1.53 0 0 0 0
1.53667 0 0 0 0
1.54333 0 0 0 0
1.55 0 0 0 0
1.55667 0 0 0 0
1.56333 0 0 0 0
1.57 0 0 0 0
1.57667 0 0 0 0
1.58333 0 0 0 0
1.59 0 0 0 0
1.59667 0 0 0 0
1.60333 0 0 0 0
1.61 0 0 0 0
1.61667 0 0 0 0
1.62333 0 0 0 0
1.63 0 0 0 0
1.63667 0 0 0 0
1.64333 0 0 0 0
1.65 0 0 0 0
1.65667 0 0 0 0
1.66333 0 0 0 0
1.67 0 0 0 0
1.67667 0 0 0 0
1.68333 0 0 0 0
1.69 0 0 0 0
1.69667 0 0 0 0
1.70333 0 0 0 0
1.71 0 0 0 0
1.71667 0 0 0 0
1.72333 0 0 0 0
1.73 0 0 0 0
1.73667 0 0 0 0
1.74333 0 0 0 0
1.75 0 0 0 0
1.75667 0 0 0 0
1.76333 0 0 0 0
1.77 0 0 0 0
1.77667 0 0 0 0
1.78333 0 0 0 0
1.79 0 0 0 0
1.79667 0 0 0 0
1.80333 0 0 0 0
1.81 0 0 0 0
1.81667 0 0 0 0
1.82333 0 0 0 0
1.83 0 0 0 0
1.83667 0 0 0 0
1.84333 0 0 0 0
1.85 0 0 0 0
1.85667 0 0 0 0
1.86333 0 0 0 0
1.87 0 0 0 0
1.87667 0 0 0 0
1.88333 0 0 0 0
1.89 0 0 0 0
1.89667 0 0 0 0
1.90333 0 0 0 0
1.91 0 0 0 0
1.91667 0 0 0 0
1.92333 0 0 0 0
1.93 0 0 0 0
1.93667 0 0 0 0
1.94333 0 0 0 0
1.95 0 0 0 0
1.95667 0 0 0 0
1.96333 0 0 0 0
1.97 0 0 0 0
1.97667 0 0 0 0
1.98333 0 0 0 0
1.99 0 0 0 0
1.99667 0 0 0 0
