0.00333333 8 46 26 3
0.01 7 57 30 2
0.0166667 11 66 29 4
0.0233333 9 75 31 5
0.03 9 96 26 8
0.0366667 20 78 42 7
0.0433333 15 99 67 10
0.05 16 115 58 10
0.0566667 24 158 74 14
0.0633333 27 146 78 12
0.07 27 186 97 17
0.0766667 18 172 115 11
0.0833333 29 191 105 20
0.09 32 196 82 24
0.0966667 28 200 105 19
0.103333 27 194 100 19
0.11 30 192 97 13
0.116667 25 206 103 14
0.123333 26 193 99 13
0.13 22 199 108 6
0.136667 20 164 75 18
0.143333 28 183 85 15
0.15 24 147 92 11
0.156667 17 151 71 16
0.163333 18 140 93 11
0.17 16 150 71 14
0.176667 20 159 71 22
0.183333 18 181 62 18
0.19 22 183 83 13
0.196667 17 175 90 8
0.203333 20 170 71 10
0.21 17 175 76 7
0.216667 11 171 69 11
0.223333 23 144 60 9
0.23 19 147 66 9
0.236667 13 117 54 9
0.243333 13 126 55 6
0.25 13 118 58 14
0.256667 14 116 42 9
0.263333 16 97 44 9
0.27 10 97 56 7
0.276667 17 104 51 10
0.283333 17 76 48 4
0.29 17 90 39 6
0.296667 6 86 30 7
0.303333 8 93 41 5
0.31 13 94 43 4
0.316667 9 81 31 6
0.323333 8 85 37 5
0.33 14 88 34 10
0.336667 7 72 42 3
0.343333 11 54 35 9
0.35 11 68 34 6
0.356667 8 79 33 7
0.363333 13 88 34 7
0.37 5 62 26 5
0.376667 14 70 36 6
0.383333 9 70 29 8
0.39 7 50 38 11
0.396667 15 69 27 4
0.403333 8 62 28 3
0.41 10 60 23 1
0.416667 7 67 27 7
0.423333 11 70 21 3
0.43 10 72 26 3
0.436667 9 58 35 6
0.443333 8 49 38 6
0.45 7 62 27 9
0.456667 6 65 29 6
0.463333 15 61 37 4
0.47 12 53 26 4
0.476667 6 56 26 5
0.483333 11 46 27 4
0.49 1 41 20 3
0.496667 5 39 9 8
0.503333 4 35 23 4
0.51 6 29 12 1
0.516667 6 36 16 3
0.523333 9 27 17 2
0.53 5 29 13 4
0.536667 5 29 11 7
0.543333 7 22 11 4
0.55 1 35 14 4
0.556667 2 26 11 3
0.563333 3 22 19 3
0.57 4 27 9 4
0.576667 0 21 23 5
0.583333 6 35 15 2
0.59 3 29 11 4
0.596667 3 25 9 1
0.603333 4 27 15 3
0.61 4 26 6 1
0.616667 5 25 9 3
0.623333 4 21 10 3
0.63 3 21 13 3
0.636667 7 21 13 3
0.643333 3 19 11 2
0.65 1 26 17 3
0.656667 2 33 11 1
0.663333 139 1848 722 54
0.67 0 0 0 0
0.676667 0 0 0 0
0.683333 0 0 0 0
0.69 0 0 0 0
0.696667 0 0 0 0
0.703333 0 0 0 0
0.71 0 0 0 0
0.716667 0 0 0 0
0.723333 0 0 0 0
0.73 0 0 0 0
0.736667 0 0 0 0
0.743333 0 0 0 0
0.75 0 0 0 0
0.756667 0 0 0 0
0.763333 0 0 0 0
0.77 0 0 0 0
0.776667 0 0 0 0
0.783333 0 0 0 0
0.79 0 0 0 0
0.796667 0 0 0 0
0.803333 0 0 0 0
0.81 0 0 0 0
0.816667 0 0 0 0
0.823333 0 0 0 0
0.83 0 0 0 0
0.836667 0 0 0 0
0.843333 0 0 0 0
0.85 0 0 0 0
0.856667 0 0 0 0
0.863333 0 0 0 0
0.87 0 0 0 0
0.876667 0 0 0 0
0.883333 0 0 0 0
0.89 0 0 0 0
0.896667 0 0 0 0
0.903333 0 0 0 0
0.91 0 0 0 0
0.916667 0 0 0 0
0.923333 0 0 0 0
0.93 0 0 0 0
0.936667 0 0 0 0
0.943333 0 0 0 0
0.95 0 0 0 0
0.956667 0 0 0 0
0.963333 0 0 0 0
0.97 0 0 0 0
0.976667 0 0 0 0
0.983333 0 0 0 0
0.99 0 0 0 0
0.996667 0 0 0 0
1.00333 0 0 0 0
1.01 0 0 0 0
1.01667 0 0 0 0
1.02333 0 0 0 0
1.03 0 0 0 0
1.03667 0 0 0 0
1.04333 0 0 0 0
1.05 0 0 0 0
1.05667 0 0 0 0
1.06333 0 0 0 0
1.07 0 0 0 0
1.07667 0 0 0 0
1.08333 0 0 0 0
1.09 0 0 0 0
1.09667 0 0 0 0
1.10333 0 0 0 0
1.11 0 0 0 0
1.11667 0 0 0 0
1.12333 0 0 0 0
1.13 0 0 0 0
1.13667 0 0 0 0
1.14333 0 0 0 0
1.15 0 0 0 0
1.15667 0 0 0 0
1.16333 0 0 0 0
1.17 0 0 0 0
1.17667 0 0 0 0
1.18333 0 0 0 0
1.19 0 0 0 0
1.19667 0 0 0 0
1.20333 0 0 0 0
1.21 0 0 0 0
1.21667 0 0 0 0
1.22333 0 0 0 0
1.23 0 0 0 0
1.23667 0 0 0 0
1.24333 0 0 0 0
1.25 0 0 0 0
1.25667 0 0 0 0
1.26333 0 0 0 0
1.27 0 0 0 0
1.27667 0 0 0 0
1.28333 0 0 0 0
1.29 0 0 0 0
1.29667 0 0 0 0
1.30333 0 0 0 0
1.31 0 0 0 0
1.31667 0 0 0 0
1.32333 0 0 0 0
1.33 0 0 0 0
1.33667 0 0 0 0
1.34333 0 0 0 0
1.35 0 0 0 0
1.35667 0 0 0 0
1.36333 0 0 0 0
1.37 0 0 0 0
1.37667 0 0 0 0
1.38333 0 0 0 0
1.39 0 0 0 0
1.39667 0 0 0 0
1.40333 0 0 0 0
1.41 0 0 0 0
1.41667 0 0 0 0
1.42333 0 0 0 0
1.43 0 0 0 0
1.43667 0 0 0 0
1.44333 0 0 0 0
1.45 0 0 0 0
1.45667 0 0 0 0
1.46333 0 0 0 0
1.47 0 0 0 0
1.47667 0 0 0 0
1.48333 0 0 0 0
1.49 0 0 0 0
1.49667 0 0 0 0
1.50333 0 0 0 0
1.51 0 0 0 0
1.51667 0 0 0 0
1.52333 0 0 0 0
1.53 0 0 0 0
1.53667 0 0 0 0
1.54333 0 0 0 0
1.55 0 0 0 0
1.55667 0 0 0 0
1.56333 0 0 0 0
1.57 0 0 0 0
1.57667 0 0 0 0
1.58333 0 0 0 0
1.59 0 0 0 0
1.59667 0 0 0 0
1.60333 0 0 0 0
1.61 0 0 0 0
1.61667 0 0 0 0
1.62333 0 0 0 0
1.63 0 0 0 0
1.63667 0 0 0 0
1.64333 0 0 0 0
1.65 0 0 0 0
1.65667 0 0 0 0
1.66333 0 0 0 0
1.67 0 0 0 0
1.67667 0 0 0 0
1.68333 0 0 0 0
1.69 0 0 0 0
1.69667 0 0 0 0
1.70333 0 0 0 0
1.71 0 0 0 0
1.71667 0 0 0 0
1.72333 0 0 0 0
1.73 0 0 0 0
1.73667 0 0 0 0
1.74333 0 0 0 0
1.75 0 0 0 0
1.75667 0 0 0 0
1.76333 0 0 0 0
1.77 0 0 0 0
1.77667 0 0 0 0
1.78333 0 0 0 0
1.79 0 0 0 0
1.79667 0 0 0 0
1.80333 0 0 0 0
1.81 0 0 0 0
1.81667 0 0 0 0
1.82333 0 0 0 0
1.83 0 0 0 0
1.83667 0 0 0 0
1.84333 0 0 0 0
1.85 0 0 0 0
1.85667 0 0 0 0
1.86333 0 0 0 0
1.87 0 0 0 0
1.87667 0 0 0 0
1.88333 0 0 0 0
1.89 0 0 0 0
1.89667 0 0 0 0
1.90333 0 0 0 0
1.91 0 0 0 0
1.91667 0 0 0 0
1.92333 0 0 0 0
1.93 0 0 0 0
1.93667 0 0 0 0
1.94333 0 0 0 0
1.95 0 0 0 0
1.95667 0 0 0 0
1.96333 0 0 0 0
1.97 0 0 0 0
1.97667 0 0 0 0
1.98333 0 0 0 0
1.99 0 0 0 0
1.99667 0 0 0 0
