0.00333333 0 16 53 5
0.01 5 24 68 11
0.0166667 5 20 58 7
0.0233333 5 29 60 9
0.03 2 29 75 7
0.0366667 11 26 93 8
0.0433333 8 32 98 12
0.05 12 64 97 17
0.0566667 16 59 135 18
0.0633333 15 66 147 14
0.07 16 81 157 22
0.0766667 18 87 145 21
0.0833333 17 81 157 21
0.09 12 85 168 16
0.0966667 17 72 180 24
0.103333 21 69 174 18
0.11 10 81 161 9
0.116667 11 75 186 21
0.123333 18 76 185 17
0.13 12 61 150 15
0.136667 11 48 158 17
0.143333 17 61 164 15
0.15 12 60 153 8
0.156667 9 37 147 13
0.163333 11 47 143 10
0.17 13 43 154 14
0.176667 8 27 163 15
0.183333 11 54 166 12
0.19 17 36 206 7
0.196667 7 55 197 11
0.203333 5 50 151 11
0.21 11 26 159 8
0.216667 4 44 140 5
0.223333 13 39 156 10
0.23 10 52 128 12
0.236667 7 38 136 7
0.243333 9 48 119 8
0.25 8 39 107 8
0.256667 8 31 96 4
0.263333 6 34 92 10
0.27 8 45 112 8
0.276667 3 31 117 7
0.283333 6 27 87 8
0.29 6 32 92 13
0.296667 6 40 71 7
0.303333 5 31 92 11
0.31 10 40 76 5
0.316667 3 31 89 7
0.323333 6 23 87 7
0.33 6 28 73 7
0.336667 9 26 73 6
0.343333 4 23 65 7
0.35 7 25 68 6
0.356667 6 27 64 6
0.363333 5 25 77 4
0.37 5 34 60 4
0.376667 1 26 58 7
0.383333 4 25 55 3
0.39 7 19 45 5
0.396667 2 18 63 3
0.403333 6 16 61 2
0.41 4 21 62 5
0.416667 5 18 81 5
0.423333 5 27 64 7
0.43 3 15 56 6
0.436667 3 11 73 6
0.443333 2 22 51 7
0.45 2 13 53 3
0.456667 2 20 57 3
0.463333 3 22 50 3
0.47 7 25 58 4
0.476667 5 10 52 7
0.483333 3 15 34 3
0.49 2 8 33 5
0.496667 3 13 27 5
0.503333 2 13 29 4
0.51 2 14 44 1
0.516667 4 10 24 5
0.523333 5 15 36 3
0.53 1 10 35 5
0.536667 3 14 29 3
0.543333 3 7 18 1
0.55 1 16 23 1
0.556667 4 13 24 1
0.563333 3 9 18 5
0.57 2 17 27 7
0.576667 4 11 19 1
0.583333 1 12 29 2
0.59 1 14 20 3
0.596667 3 18 36 5
0.603333 1 2 26 2
0.61 0 9 23 4
0.616667 2 9 20 5
0.623333 1 8 25 2
0.63 5 8 24 1
0.636667 3 4 31 4
0.643333 3 15 23 4
0.65 1 13 20 3
0.656667 0 8 23 3
0.663333 55 385 2207 70
0.67 0 0 0 0
0.676667 0 0 0 0
0.683333 0 0 0 0
0.69 0 0 0 0
0.696667 0 0 0 0
0.703333 0 0 0 0
0.71 0 0 0 0
0.716667 0 0 0 0
0.723333 0 0 0 0
0.73 0 0 0 0
0.736667 0 0 0 0
0.743333 0 0 0 0
0.75 0 0 0 0
0.756667 0 0 0 0
0.763333 0 0 0 0
0.77 0 0 0 0
0.776667 0 0 0 0
0.783333 0 0 0 0
0.79 0 0 0 0
0.796667 0 0 0 0
0.803333 0 0 0 0
0.81 0 0 0 0
0.816667 0 0 0 0
0.823333 0 0 0 0
0.83 0 0 0 0
0.836667 0 0 0 0
0.843333 0 0 0 0
0.85 0 0 0 0
0.856667 0 0 0 0
0.863333 0 0 0 0
0.87 0 0 0 0
0.876667 0 0 0 0
0.883333 0 0 0 0
0.89 0 0 0 0
0.896667 0 0 0 0
0.903333 0 0 0 0
0.91 0 0 0 0
0.916667 0 0 0 0
0.923333 0 0 0 0
0.93 0 0 0 0
0.936667 0 0 0 0
0.943333 0 0 0 0
0.95 0 0 0 0
0.956667 0 0 0 0
0.963333 0 0 0 0
0.97 0 0 0 0
0.976667 0 0 0 0
0.983333 0 0 0 0
0.99 0 0 0 0
0.996667 0 0 0 0
1.00333 0 0 0 0
1.01 0 0 0 0
1.01667 0 0 0 0
1.02333 0 0 0 0
1.03 0 0 0 0
1.03667 0 0 0 0
1.04333 0 0 0 0
1.05 0 0 0 0
1.05667 0 0 0 0
1.06333 0 0 0 0
1.07 0 0 0 0
1.07667 0 0 0 0
1.08333 0 0 0 0
1.09 0 0 0 0
1.09667 0 0 0 0
1.10333 0 0 0 0
1.11 0 0 0 0
1.11667 0 0 0 0
1.12333 0 0 0 0
1.13 0 0 0 0
1.13667 0 0 0 0
1.14333 0 0 0 0
1.15 0 0 0 0
1.15667 0 0 0 0
1.16333 0 0 0 0
1.17 0 0 0 0
1.17667 0 0 0 0
1.18333 0 0 0 0
1.19 0 0 0 0
1.19667 0 0 0 0
1.20333 0 0 0 0
1.21 0 0 0 0
1.21667 0 0 0 0
1.22333 0 0 0 0
1.23 0 0 0 0
1.23667 0 0 0 0
1.24333 0 0 0 0
1.25 0 0 0 0
1.25667 0 0 0 0
1.26333 0 0 0 0
1.27 0 0 0 0
1.27667 0 0 0 0
1.28333 0 0 0 0
1.29 0 0 0 0
1.29667 0 0 0 0
1.30333 0 0 0 0
1.31 0 0 0 0
1.31667 0 0 0 0
1.32333 0 0 0 0
1.33 0 0 0 0
1.33667 0 0 0 0
1.34333 0 0 0 0
1.35 0 0 0 0
1.35667 0 0 0 0
1.36333 0 0 0 0
1.37 0 0 0 0
1.37667 0 0 0 0
1.38333 0 0 0 0
1.39 0 0 0 0
1.39667 0 0 0 0
1.40333 0 0 0 0
1.41 0 0 0 0
1.41667 0 0 0 0
1.42333 0 0 0 0
1.43 0 0 0 0
1.43667 0 0 0 0
1.44333 0 0 0 0
1.45 0 0 0 0
1.45667 0 0 0 0
1.46333 0 0 0 0
1.47 0 0 0 0
1.47667 0 0 0 0
1.48333 0 0 0 0
1.49 0 0 0 0
1.49667 0 0 0 0
1.50333 0 0 0 0
1.51 0 0 0 0
1.51667 0 0 0 0
1.52333 0 0 0 0
1.53 0 0 0 0
1.53667 0 0 0 0
1.54333 0 0 0 0
1.55 0 0 0 0
1.55667 0 0 0 0
1.56333 0 0 0 0
1.57 0 0 0 0
1.57667 0 0 0 0
1.58333 0 0 0 0
1.59 0 0 0 0
1.59667 0 0 0 0
1.60333 0 0 0 0
1.61 0 0 0 0
1.61667 0 0 0 0
1.62333 0 0 0 0
1.63 0 0 0 0
1.63667 0 0 0 0
1.64333 0 0 0 0
1.65 0 0 0 0
1.65667 0 0 0 0
1.66333 0 0 0 0
1.67 0 0 0 0
1.67667 0 0 0 0
1.68333 0 0 0 0
1.69 0 0 0 0
1.69667 0 0 0 0
1.70333 0 0 0 0
1.71 0 0 0 0
1.71667 0 0 0 0
1.72333 0 0 0 0
1.73 0 0 0 0
1.73667 0 0 0 0
1.74333 0 0 0 0
1.75 0 0 0 0
1.75667 0 0 0 0
1.76333 0 0 0 0
1.77 0 0 0 0
1.77667 0 0 0 0
1.78333 0 0 0 0
1.79 0 0 0 0
1.79667 0 0 0 0
1.80333 0 0 0 0
1.81 0 0 0 0
1.81667 0 0 0 0
1.82333 0 0 0 0
1.83 0 0 0 0
1.83667 0 0 0 0
1.84333 0 0 0 0
1.85 0 0 0 0
1.85667 0 0 0 0
1.86333 0 0 0 0
1.87 0 0 0 0
1.87667 0 0 0 0
1.88333 0 0 0 0
1.89 0 0 0 0
1.89667 0 0 0 0
1.90333 0 0 0 0
1.91 0 0 0 0
1.91667 0 0 0 0
1.92333 0 0 0 0
1.93 0 0 0 0
1.93667 0 0 0 0
1.94333 0 0 0 0
1.95 0 0 0 0
1.95667 0 0 0 0
1.96333 0 0 0 0
1.97 0 0 0 0
1.97667 0 0 0 0
1.98333 0 0 0 0
1.99 0 0 0 0
1.99667 0 0 0 0
