0.00333333 192 16 0 4
0.01 251 22 2 7
0.0166667 240 27 1 3
0.0233333 244 23 2 2
0.03 239 27 1 2
0.0366667 278 35 1 1
0.0433333 294 27 2 2
0.05 320 42 2 0
0.0566667 314 45 3 5
0.0633333 337 68 4 5
0.07 377 53 2 5
0.0766667 337 47 1 2
0.0833333 391 69 1 4
0.09 387 58 1 1
0.0966667 414 60 2 1
0.103333 415 55 3 11
0.11 411 57 2 6
0.116667 444 61 2 5
0.123333 501 67 0 5
0.13 528 51 2 2
0.136667 498 52 1 3
0.143333 485 50 2 2
0.15 490 46 3 1
0.156667 521 50 2 3
0.163333 494 38 1 4
0.17 499 35 2 2
0.176667 465 37 1 6
0.183333 584 42 1 7
0.19 816 44 1 6
0.196667 762 45 2 9
0.203333 707 44 3 5
0.21 689 42 1 3
0.216667 626 32 1 4
0.223333 587 43 2 4
0.23 527 35 1 6
0.236667 483 42 1 7
0.243333 415 55 2 3
0.25 392 43 2 1
0.256667 391 36 0 3
0.263333 346 32 2 4
0.27 367 41 1 4
0.276667 281 28 1 6
0.283333 328 38 1 2
0.29 306 30 1 5
0.296667 297 25 0 5
0.303333 288 19 2 2
0.31 273 37 1 3
0.316667 232 33 1 1
0.323333 246 34 3 7
0.33 219 24 0 3
0.336667 234 28 1 0
0.343333 270 32 1 4
0.35 270 22 1 2
0.356667 229 20 1 3
0.363333 228 20 1 2
0.37 225 22 2 2
0.376667 220 25 0 5
0.383333 215 28 3 6
0.39 210 25 1 2
0.396667 226 19 2 4
0.403333 226 24 0 4
0.41 234 25 3 4
0.416667 261 25 0 3
0.423333 217 22 2 3
0.43 212 21 0 4
0.436667 266 18 0 7
0.443333 249 20 1 5
0.45 233 21 2 2
0.456667 269 23 0 2
0.463333 258 21 0 3
0.47 268 21 0 2
0.476667 207 21 4 6
0.483333 117 14 2 1
0.49 107 12 0 3
0.496667 92 17 1 0
0.503333 88 9 2 4
0.51 76 10 2 2
0.516667 69 18 2 4
0.523333 65 10 1 1
0.53 66 19 0 4
0.536667 73 15 1 1
0.543333 65 7 0 3
0.55 62 10 3 1
0.556667 69 11 0 0
0.563333 57 14 0 3
0.57 66 11 0 2
0.576667 66 15 1 1
0.583333 69 15 0 0
0.59 64 20 0 0
0.596667 49 14 0 1
0.603333 58 10 1 2
0.61 52 12 4 1
0.616667 55 11 0 1
0.623333 41 14 0 3
0.63 66 12 0 0
0.636667 73 14 0 1
0.643333 36 11 0 1
0.65 43 14 0 1
0.656667 38 9 2 4
0.663333 14642 511 7 152
0.67 0 0 0 0
0.676667 0 0 0 0
0.683333 0 0 0 0
0.69 0 0 0 0
0.696667 0 0 0 0
0.703333 0 0 0 0
0.71 0 0 0 0
0.716667 0 0 0 0
0.723333 0 0 0 0
0.73 0 0 0 0
0.736667 0 0 0 0
0.743333 0 0 0 0
0.75 0 0 0 0
0.756667 0 0 0 0
0.763333 0 0 0 0
0.77 0 0 0 0
0.776667 0 0 0 0
0.783333 0 0 0 0
0.79 0 0 0 0
0.796667 0 0 0 0
0.803333 0 0 0 0
0.81 0 0 0 0
0.816667 0 0 0 0
0.823333 0 0 0 0
0.83 0 0 0 0
0.836667 0 0 0 0
0.843333 0 0 0 0
0.85 0 0 0 0
0.856667 0 0 0 0
0.863333 0 0 0 0
0.87 0 0 0 0
0.876667 0 0 0 0
0.883333 0 0 0 0
0.89 0 0 0 0
0.896667 0 0 0 0
0.903333 0 0 0 0
0.91 0 0 0 0
0.916667 0 0 0 0
0.923333 0 0 0 0
0.93 0 0 0 0
0.936667 0 0 0 0
0.943333 0 0 0 0
0.95 0 0 0 0
0.956667 0 0 0 0
0.963333 0 0 0 0
0.97 0 0 0 0
0.976667 0 0 0 0
0.983333 0 0 0 0
0.99 0 0 0 0
0.996667 0 0 0 0
1.00333 0 0 0 0
1.01 0 0 0 0
1.01667 0 0 0 0
1.02333 0 0 0 0
1.03 0 0 0 0
1.03667 0 0 0 0
1.04333 0 0 0 0
1.05 0 0 0 0
1.05667 0 0 0 0
1.06333 0 0 0 0
1.07 0 0 0 0
1.07667 0 0 0 0
1.08333 0 0 0 0
1.09 0 0 0 0
1.09667 0 0 0 0
1.10333 0 0 0 0
1.11 0 0 0 0
1.11667 0 0 0 0
1.12333 0 0 0 0
1.13 0 0 0 0
1.13667 0 0 0 0
1.14333 0 0 0 0
1.15 0 0 0 0
1.15667 0 0 0 0
1.16333 0 0 0 0
1.17 0 0 0 0
1.17667 0 0 0 0
1.18333 0 0 0 0
1.19 0 0 0 0
1.19667 0 0 0 0
1.20333 0 0 0 0
1.21 0 0 0 0
1.21667 0 0 0 0
1.22333 0 0 0 0
1.23 0 0 0 0
1.23667 0 0 0 0
1.24333 0 0 0 0
1.25 0 0 0 0
1.25667 0 0 0 0
1.26333 0 0 0 0
1.27 0 0 0 0
1.27667 0 0 0 0
1.28333 0 0 0 0
1.29 0 0 0 0
1.29667 0 0 0 0
1.30333 0 0 0 0
1.31 0 0 0 0
1.31667 0 0 0 0
1.32333 0 0 0 0
1.33 0 0 0 0
1.33667 0 0 0 0
1.34333 0 0 0 0
1.35 0 0 0 0
1.35667 0 0 0 0
1.36333 0 0 0 0
1.37 0 0 0 0
1.37667 0 0 0 0
1.38333 0 0 0 0
1.39 0 0 0 0
1.39667 0 0 0 0
1.40333 0 0 0 0
1.41 0 0 0 0
1.41667 0 0 0 0
1.42333 0 0 0 0
1.43 0 0 0 0
1.43667 0 0 0 0
1.44333 0 0 0 0
1.45 0 0 0 0
1.45667 0 0 0 0
1.46333 0 0 0 0
1.47 0 0 0 0
1.47667 0 0 0 0
1.48333 0 0 0 0
1.49 0 0 0 0
1.49667 0 0 0 0
1.50333 0 0 0 0
1.51 0 0 0 0
1.51667 0 0 0 0
1.52333 0 0 0 0
1.53 0 0 0 0
1.53667 0 0 0 0
1.54333 0 0 0 0
1.55 0 0 0 0
1.55667 0 0 0 0
1.56333 0 0 0 0
1.57 0 0 0 0
1.57667 0 0 0 0
1.58333 0 0 0 0
1.59 0 0 0 0
1.59667 0 0 0 0
1.60333 0 0 0 0
1.61 0 0 0 0
1.61667 0 0 0 0
1.62333 0 0 0 0
1.63 0 0 0 0
1.63667 0 0 0 0
1.64333 0 0 0 0
1.65 0 0 0 0
1.65667 0 0 0 0
1.66333 0 0 0 0
1.67 0 0 0 0
1.67667 0 0 0 0
1.68333 0 0 0 0
1.69 0 0 0 0
1.69667 0 0 0 0
1.70333 0 0 0 0
1.71 0 0 0 0
1.71667 0 0 0 0
1.72333 0 0 0 0
1.73 0 0 0 0
1.73667 0 0 0 0
1.74333 0 0 0 0
1.75 0 0 0 0
1.75667 0 0 0 0
1.76333 0 0 0 0
1.77 0 0 0 0
1.77667 0 0 0 0
1.78333 0 0 0 0
1.79 0 0 0 0
1.79667 0 0 0 0
1.80333 0 0 0 0
1.81 0 0 0 0
1.81667 0 0 0 0
1.82333 0 0 0 0
1.83 0 0 0 0
1.83667 0 0 0 0
1.84333 0 0 0 0
1.85 0 0 0 0
1.85667 0 0 0 0
1.86333 0 0 0 0
1.87 0 0 0 0
1.87667 0 0 0 0
1.88333 0 0 0 0
1.89 0 0 0 0
1.89667 0 0 0 0
1.90333 0 0 0 0
1.91 0 0 0 0
1.91667 0 0 0 0
1.92333 0 0 0 0
1.93 0 0 0 0
1.93667 0 0 0 0
1.94333 0 0 0 0
1.95 0 0 0 0
1.95667 0 0 0 0
1.96333 0 0 0 0
1.97 0 0 0 0
1.97667 0 0 0 0
1.98333 0 0 0 0
1.99 0 0 0 0
1.99667 0 0 0 0
