0.00333333 8 63 23 1
0.01 7 63 23 3
0.0166667 6 67 26 3
0.0233333 10 50 28 2
0.03 18 90 20 9
0.0366667 15 89 33 3
0.0433333 30 116 50 7
0.05 31 159 39 5
0.0566667 33 179 71 7
0.0633333 35 205 59 5
0.07 29 216 79 8
0.0766667 42 208 81 10
0.0833333 42 208 75 11
0.09 42 231 71 14
0.0966667 32 204 59 9
0.103333 41 222 58 8
0.11 50 191 66 9
0.116667 29 234 76 10
0.123333 34 219 75 8
0.13 20 186 65 7
0.136667 27 191 66 7
0.143333 23 209 63 8
0.15 23 175 66 6
0.156667 16 169 62 7
0.163333 16 171 75 8
0.17 23 182 69 8
0.176667 34 170 55 6
0.183333 20 146 59 7
0.19 15 179 80 4
0.196667 30 160 67 9
0.203333 21 171 72 6
0.21 16 166 50 4
0.216667 15 163 61 2
0.223333 23 139 59 8
0.23 16 149 43 8
0.236667 18 137 53 4
0.243333 19 118 47 3
0.25 20 123 36 4
0.256667 11 107 42 3
0.263333 24 103 34 2
0.27 17 99 29 3
0.276667 13 106 37 8
0.283333 13 104 33 2
0.29 18 86 35 1
0.296667 13 94 28 9
0.303333 14 105 30 4
0.31 15 112 40 2
0.316667 17 95 28 3
0.323333 17 87 31 4
0.33 13 91 32 2
0.336667 14 80 29 1
0.343333 6 74 22 2
0.35 9 85 37 4
0.356667 11 67 25 6
0.363333 16 78 28 4
0.37 8 88 24 1
0.376667 9 73 36 6
0.383333 11 86 22 0
0.39 7 71 31 4
0.396667 10 84 34 2
0.403333 10 74 25 2
0.41 15 65 25 1
0.416667 8 59 20 2
0.423333 4 66 33 2
0.43 10 57 27 2
0.436667 9 61 33 1
0.443333 8 64 24 2
0.45 7 53 24 5
0.456667 11 46 20 2
0.463333 10 78 19 2
0.47 8 65 22 2
0.476667 9 55 27 1
0.483333 10 40 14 4
0.49 6 39 20 4
0.496667 4 25 15 5
0.503333 2 25 15 1
0.51 6 42 13 2
0.516667 12 25 13 3
0.523333 3 32 9 2
0.53 4 38 11 0
0.536667 8 33 11 4
0.543333 8 36 17 0
0.55 6 40 14 1
0.556667 5 36 11 1
0.563333 5 32 15 0
0.57 5 33 16 3
0.576667 2 28 13 3
0.583333 2 28 19 1
0.59 2 35 11 1
0.596667 2 31 17 2
0.603333 2 30 10 0
0.61 2 30 12 2
0.616667 5 31 11 3
0.623333 4 24 11 2
0.63 6 26 13 2
0.636667 3 33 13 1
0.643333 1 28 6 2
0.65 3 23 10 1
0.656667 6 38 12 0
0.663333 149 1926 725 30
0.67 0 0 0 0
0.676667 0 0 0 0
0.683333 0 0 0 0
0.69 0 0 0 0
0.696667 0 0 0 0
0.703333 0 0 0 0
0.71 0 0 0 0
0.716667 0 0 0 0
0.723333 0 0 0 0
0.73 0 0 0 0
0.736667 0 0 0 0
0.743333 0 0 0 0
0.75 0 0 0 0
0.756667 0 0 0 0
0.763333 0 0 0 0
0.77 0 0 0 0
0.776667 0 0 0 0
0.783333 0 0 0 0
0.79 0 0 0 0
0.796667 0 0 0 0
0.803333 0 0 0 0
0.81 0 0 0 0
0.816667 0 0 0 0
0.823333 0 0 0 0
0.83 0 0 0 0
0.836667 0 0 0 0
0.843333 0 0 0 0
0.85 0 0 0 0
0.856667 0 0 0 0
0.863333 0 0 0 0
0.87 0 0 0 0
0.876667 0 0 0 0
0.883333 0 0 0 0
0.89 0 0 0 0
0.896667 0 0 0 0
0.903333 0 0 0 0
0.91 0 0 0 0
0.916667 0 0 0 0
0.923333 0 0 0 0
0.93 0 0 0 0
0.936667 0 0 0 0
0.943333 0 0 0 0
0.95 0 0 0 0
0.956667 0 0 0 0
0.963333 0 0 0 0
0.97 0 0 0 0
0.976667 0 0 0 0
0.983333 0 0 0 0
0.99 0 0 0 0
0.996667 0 0 0 0
1.00333 0 0 0 0
1.01 0 0 0 0
1.01667 0 0 0 0
1.02333 0 0 0 0
1.03 0 0 0 0
1.03667 0 0 0 0
1.04333 0 0 0 0
1.05 0 0 0 0
1.05667 0 0 0 0
1.06333 0 0 0 0
1.07 0 0 0 0
1.07667 0 0 0 0
1.08333 0 0 0 0
1.09 0 0 0 0
1.09667 0 0 0 0
1.10333 0 0 0 0
1.11 0 0 0 0
1.11667 0 0 0 0
1.12333 0 0 0 0
1.13 0 0 0 0
1.13667 0 0 0 0
1.14333 0 0 0 0
1.15 0 0 0 0
1.15667 0 0 0 0
1.16333 0 0 0 0
1.17 0 0 0 0
1.17667 0 0 0 0
1.18333 0 0 0 0
1.19 0 0 0 0
1.19667 0 0 0 0
1.20333 0 0 0 0
1.21 0 0 0 0
1.21667 0 0 0 0
1.22333 0 0 0 0
1.23 0 0 0 0
1.23667 0 0 0 0
1.24333 0 0 0 0
1.25 0 0 0 0
1.25667 0 0 0 0
1.26333 0 0 0 0
1.27 0 0 0 0
1.27667 0 0 0 0
1.28333 0 0 0 0
1.29 0 0 0 0
1.29667 0 0 0 0
1.30333 0 0 0 0
1.31 0 0 0 0
1.31667 0 0 0 0
1.32333 0 0 0 0
1.33 0 0 0 0
1.33667 0 0 0 0
1.34333 0 0 0 0
1.35 0 0 0 0
1.35667 0 0 0 0
1.36333 0 0 0 0
1.37 0 0 0 0
1.37667 0 0 0 0
1.38333 0 0 0 0
1.39 0 0 0 0
1.39667 0 0 0 0
1.40333 0 0 0 0
1.41 0 0 0 0
1.41667 0 0 0 0
1.42333 0 0 0 0
1.43 0 0 0 0
1.43667 0 0 0 0
1.44333 0 0 0 0
1.45 0 0 0 0
1.45667 0 0 0 0
1.46333 0 0 0 0
1.47 0 0 0 0
1.47667 0 0 0 0
1.48333 0 0 0 0
1.49 0 0 0 0
1.49667 0 0 0 0
1.50333 0 0 0 0
1.51 0 0 0 0
1.51667 0 0 0 0
1.52333 0 0 0 0
1.53 0 0 0 0
1.53667 0 0 0 0
1.54333 0 0 0 0
1.55 0 0 0 0
1.55667 0 0 0 0
1.56333 0 0 0 0
1.57 0 0 0 0
1.57667 0 0 0 0
1.58333 0 0 0 0
1.59 0 0 0 0
1.59667 0 0 0 0
1.60333 0 0 0 0
1.61 0 0 0 0
1.61667 0 0 0 0
1.62333 0 0 0 0
1.63 0 0 0 0
1.63667 0 0 0 0
1.64333 0 0 0 0
1.65 0 0 0 0
1.65667 0 0 0 0
1.66333 0 0 0 0
1.67 0 0 0 0
1.67667 0 0 0 0
1.68333 0 0 0 0
1.69 0 0 0 0
1.69667 0 0 0 0
1.70333 0 0 0 0
1.71 0 0 0 0
1.71667 0 0 0 0
1.72333 0 0 0 0
1.73 0 0 0 0
1.73667 0 0 0 0
1.74333 0 0 0 0
1.75 0 0 0 0
1.75667 0 0 0 0
1.76333 0 0 0 0
1.77 0 0 0 0
1.77667 0 0 0 0
1.78333 0 0 0 0
1.79 0 0 0 0
1.79667 0 0 0 0
1.80333 0 0 0 0
1.81 0 0 0 0
1.81667 0 0 0 0
1.82333 0 0 0 0
1.83 0 0 0 0
1.83667 0 0 0 0
1.84333 0 0 0 0
1.85 0 0 0 0
1.85667 0 0 0 0
1.86333 0 0 0 0
1.87 0 0 0 0
1.87667 0 0 0 0
1.88333 0 0 0 0
1.89 0 0 0 0
1.89667 0 0 0 0
1.90333 0 0 0 0
1.91 0 0 0 0
1.91667 0 0 0 0
1.92333 0 0 0 0
1.93 0 0 0 0
1.93667 0 0 0 0
1.94333 0 0 0 0
1.95 0 0 0 0
1.95667 0 0 0 0
1.96333 0 0 0 0
1.97 0 0 0 0
1.97667 0 0 0 0
1.98333 0 0 0 0
1.99 0 0 0 0
1.99667 0 0 0 0
