0.00333333 3 10 15 10
0.01 2 12 25 13
0.0166667 7 12 20 18
0.0233333 15 13 35 19
0.03 8 17 42 12
0.0366667 9 12 45 26
0.0433333 12 16 71 28
0.05 16 35 74 42
0.0566667 9 53 104 30
0.0633333 18 50 88 42
0.07 14 46 100 46
0.0766667 15 41 112 42
0.0833333 18 44 108 59
0.09 16 46 100 56
0.0966667 18 43 108 56
0.103333 6 47 94 66
0.11 24 36 112 36
0.116667 14 46 110 52
0.123333 15 41 119 55
0.13 15 37 104 44
0.136667 10 26 85 53
0.143333 22 25 108 39
0.15 8 23 80 33
0.156667 9 36 67 45
0.163333 13 27 75 49
0.17 18 25 77 39
0.176667 9 34 72 36
0.183333 15 27 61 53
0.19 15 26 78 36
0.196667 24 27 62 46
0.203333 13 21 86 43
0.21 8 25 48 36
0.216667 11 30 57 51
0.223333 25 26 54 29
0.23 14 15 59 37
0.236667 15 21 51 35
0.243333 14 21 60 30
0.25 9 16 54 21
0.256667 11 14 38 29
0.263333 8 23 52 32
0.27 7 21 52 38
0.276667 6 23 53 26
0.283333 8 19 47 20
0.29 11 17 52 27
0.296667 4 14 44 32
0.303333 4 12 32 29
0.31 11 21 50 28
0.316667 6 17 38 27
0.323333 8 16 33 19
0.33 8 15 48 22
0.336667 11 17 37 30
0.343333 9 14 49 22
0.35 8 13 31 27
0.356667 4 23 29 19
0.363333 7 13 32 13
0.37 9 9 32 27
0.376667 12 10 32 15
0.383333 6 7 30 14
0.39 8 16 32 16
0.396667 12 11 31 16
0.403333 5 13 25 22
0.41 8 12 22 27
0.416667 6 13 31 13
0.423333 8 9 21 14
0.43 5 27 22 11
0.436667 8 9 27 17
0.443333 10 10 29 13
0.45 5 16 34 21
0.456667 8 12 24 13
0.463333 2 12 28 13
0.47 2 17 27 22
0.476667 5 11 23 22
0.483333 5 11 20 11
0.49 8 11 17 14
0.496667 2 12 17 14
0.503333 10 8 18 8
0.51 4 6 19 11
0.516667 7 11 24 15
0.523333 3 3 20 7
0.53 3 4 16 5
0.536667 3 6 24 9
0.543333 3 8 20 14
0.55 6 10 11 7
0.556667 7 10 12 9
0.563333 4 6 23 8
0.57 3 10 10 18
0.576667 6 6 14 7
0.583333 4 3 12 10
0.59 6 10 7 8
0.596667 3 4 11 7
0.603333 8 6 17 9
0.61 5 9 11 9
0.616667 4 4 15 8
0.623333 4 5 11 6
0.63 5 4 12 7
0.636667 5 5 14 10
0.643333 6 7 8 12
0.65 5 5 15 8
0.656667 2 4 7 6
0.663333 169 165 504 502
0.67 0 0 0 0
0.676667 0 0 0 0
0.683333 0 0 0 0
0.69 0 0 0 0
0.696667 0 0 0 0
0.703333 0 0 0 0
0.71 0 0 0 0
0.716667 0 0 0 0
0.723333 0 0 0 0
0.73 0 0 0 0
0.736667 0 0 0 0
0.743333 0 0 0 0
0.75 0 0 0 0
0.756667 0 0 0 0
0.763333 0 0 0 0
0.77 0 0 0 0
0.776667 0 0 0 0
0.783333 0 0 0 0
0.79 0 0 0 0
0.796667 0 0 0 0
0.803333 0 0 0 0
0.81 0 0 0 0
0.816667 0 0 0 0
0.823333 0 0 0 0
0.83 0 0 0 0
0.836667 0 0 0 0
0.843333 0 0 0 0
0.85 0 0 0 0
0.856667 0 0 0 0
0.863333 0 0 0 0
0.87 0 0 0 0
0.876667 0 0 0 0
0.883333 0 0 0 0
0.89 0 0 0 0
0.896667 0 0 0 0
0.903333 0 0 0 0
0.91 0 0 0 0
0.916667 0 0 0 0
0.923333 0 0 0 0
0.93 0 0 0 0
0.936667 0 0 0 0
0.943333 0 0 0 0
0.95 0 0 0 0
0.956667 0 0 0 0
0.963333 0 0 0 0
0.97 0 0 0 0
0.976667 0 0 0 0
0.983333 0 0 0 0
0.99 0 0 0 0
0.996667 0 0 0 0
1.00333 0 0 0 0
1.01 0 0 0 0
1.01667 0 0 0 0
1.02333 0 0 0 0
1.03 0 0 0 0
1.03667 0 0 0 0
1.04333 0 0 0 0
1.05 0 0 0 0
1.05667 0 0 0 0
1.06333 0 0 0 0
1.07 0 0 0 0
1.07667 0 0 0 0
1.08333 0 0 0 0
1.09 0 0 0 0
1.09667 0 0 0 0
1.10333 0 0 0 0
1.11 0 0 0 0
1.11667 0 0 0 0
1.12333 0 0 0 0
1.13 0 0 0 0
1.13667 0 0 0 0
1.14333 0 0 0 0
1.15 0 0 0 0
1.15667 0 0 0 0
1.16333 0 0 0 0
1.17 0 0 0 0
1.17667 0 0 0 0
1.18333 0 0 0 0
1.19 0 0 0 0
1.19667 0 0 0 0
1.20333 0 0 0 0
1.21 0 0 0 0
1.21667 0 0 0 0
1.22333 0 0 0 0
1.23 0 0 0 0
1.23667 0 0 0 0
1.24333 0 0 0 0
1.25 0 0 0 0
1.25667 0 0 0 0
1.26333 0 0 0 0
1.27 0 0 0 0
1.27667 0 0 0 0
1.28333 0 0 0 0
1.29 0 0 0 0
1.29667 0 0 0 0
1.30333 0 0 0 0
1.31 0 0 0 0
1.31667 0 0 0 0
1.32333 0 0 0 0
1.33 0 0 0 0
1.33667 0 0 0 0
1.34333 0 0 0 0
1.35 0 0 0 0
1.35667 0 0 0 0
1.36333 0 0 0 0
1.37 0 0 0 0
1.37667 0 0 0 0
1.38333 0 0 0 0
1.39 0 0 0 0
1.39667 0 0 0 0
1.40333 0 0 0 0
1.41 0 0 0 0
1.41667 0 0 0 0
1.42333 0 0 0 0
1.43 0 0 0 0
1.43667 0 0 0 0
1.44333 0 0 0 0
1.45 0 0 0 0
1.45667 0 0 0 0
1.46333 0 0 0 0
1.47 0 0 0 0
1.47667 0 0 0 0
1.48333 0 0 0 0
1.49 0 0 0 0
1.49667 0 0 0 0
1.50333 0 0 0 0
1.51 0 0 0 0
1.51667 0 0 0 0
1.52333 0 0 0 0
1.53 0 0 0 0
1.53667 0 0 0 0
1.54333 0 0 0 0
1.55 0 0 0 0
1.55667 0 0 0 0
1.56333 0 0 0 0
1.57 0 0 0 0
1.57667 0 0 0 0
1.58333 0 0 0 0
1.59 0 0 0 0
1.59667 0 0 0 0
1.60333 0 0 0 0
1.61 0 0 0 0
1.61667 0 0 0 0
1.62333 0 0 0 0
1.63 0 0 0 0
1.63667 0 0 0 0
1.64333 0 0 0 0
1.65 0 0 0 0
1.65667 0 0 0 0
1.66333 0 0 0 0
1.67 0 0 0 0
1.67667 0 0 0 0
1.68333 0 0 0 0
1.69 0 0 0 0
1.69667 0 0 0 0
1.70333 0 0 0 0
1.71 0 0 0 0
1.71667 0 0 0 0
1.72333 0 0 0 0
1.73 0 0 0 0
1.73667 0 0 0 0
1.74333 0 0 0 0
1.75 0 0 0 0
1.75667 0 0 0 0
1.76333 0 0 0 0
1.77 0 0 0 0
1.77667 0 0 0 0
1.78333 0 0 0 0
1.79 0 0 0 0
1.79667 0 0 0 0
1.80333 0 0 0 0
1.81 0 0 0 0
1.81667 0 0 0 0
1.82333 0 0 0 0
1.83 0 0 0 0
1.83667 0 0 0 0
1.84333 0 0 0 0
1.85 0 0 0 0
1.85667 0 0 0 0
1.86333 0 0 0 0
1.87 0 0 0 0
1.87667 0 0 0 0
1.88333 0 0 0 0
1.89 0 0 0 0
1.89667 0 0 0 0
1.90333 0 0 0 0
1.91 0 0 0 0
1.91667 0 0 0 0
1.92333 0 0 0 0
1.93 0 0 0 0
1.93667 0 0 0 0
1.94333 0 0 0 0
1.95 0 0 0 0
1.95667 0 0 0 0
1.96333 0 0 0 0
1.97 0 0 0 0
1.97667 0 0 0 0
1.98333 0 0 0 0
1.99 0 0 0 0
1.99667 0 0 0 0
