0.00333333 9 7 18 3
0.01 11 30 14 4
0.0166667 19 30 14 3
0.0233333 13 31 25 6
0.03 16 49 15 3
0.0366667 15 62 30 8
0.0433333 21 73 36 4
0.05 28 85 55 5
0.0566667 27 100 54 16
0.0633333 34 98 57 10
0.07 40 119 58 11
0.0766667 51 125 62 11
0.0833333 37 113 63 12
0.09 44 94 68 13
0.0966667 45 131 66 8
0.103333 35 113 54 14
0.11 45 113 63 15
0.116667 35 119 58 13
0.123333 41 93 53 10
0.13 22 104 47 9
0.136667 30 87 59 8
0.143333 38 96 46 10
0.15 28 89 49 14
0.156667 22 77 44 7
0.163333 24 80 53 13
0.17 35 80 41 6
0.176667 31 61 41 8
0.183333 28 63 42 13
0.19 26 61 44 10
0.196667 32 86 50 7
0.203333 32 60 38 6
0.21 18 65 47 12
0.216667 23 67 48 12
0.223333 25 66 42 13
0.23 27 55 31 6
0.236667 20 55 38 4
0.243333 22 60 42 6
0.25 23 53 38 10
0.256667 16 57 32 8
0.263333 17 41 33 6
0.27 20 41 26 7
0.276667 15 67 41 6
0.283333 13 55 35 6
0.29 16 44 29 5
0.296667 19 44 29 3
0.303333 18 40 24 7
0.31 26 48 40 5
0.316667 15 37 28 6
0.323333 14 33 25 5
0.33 14 46 23 3
0.336667 19 40 26 8
0.343333 12 28 16 7
0.35 14 36 19 4
0.356667 16 28 23 6
0.363333 9 39 12 6
0.37 13 38 26 6
0.376667 12 26 20 3
0.383333 17 38 14 1
0.39 17 35 20 2
0.396667 12 38 17 1
0.403333 15 30 19 6
0.41 14 26 22 3
0.416667 12 34 18 4
0.423333 10 31 19 2
0.43 8 36 18 3
0.436667 11 30 17 7
0.443333 13 24 22 1
0.45 12 27 16 5
0.456667 10 30 19 2
0.463333 9 27 18 2
0.47 12 22 24 4
0.476667 13 23 13 4
0.483333 13 26 12 1
0.49 13 19 16 3
0.496667 8 18 16 4
0.503333 6 26 15 3
0.51 6 16 12 1
0.516667 8 12 10 2
0.523333 2 19 9 3
0.53 6 20 13 0
0.536667 5 18 10 1
0.543333 5 16 11 3
0.55 7 14 10 2
0.556667 4 8 12 1
0.563333 7 11 12 3
0.57 11 13 17 6
0.576667 11 22 9 3
0.583333 10 8 8 6
0.59 8 8 4 1
0.596667 7 15 16 1
0.603333 5 17 13 3
0.61 5 9 13 2
0.616667 7 14 8 1
0.623333 14 11 10 4
0.63 8 9 8 3
0.636667 5 8 12 3
0.643333 6 11 5 2
0.65 10 13 8 2
0.656667 4 18 6 3
0.663333 224 462 430 51
0.67 0 0 0 0
0.676667 0 0 0 0
0.683333 0 0 0 0
0.69 0 0 0 0
0.696667 0 0 0 0
0.703333 0 0 0 0
0.71 0 0 0 0
0.716667 0 0 0 0
0.723333 0 0 0 0
0.73 0 0 0 0
0.736667 0 0 0 0
0.743333 0 0 0 0
0.75 0 0 0 0
0.756667 0 0 0 0
0.763333 0 0 0 0
0.77 0 0 0 0
0.776667 0 0 0 0
0.783333 0 0 0 0
0.79 0 0 0 0
0.796667 0 0 0 0
0.803333 0 0 0 0
0.81 0 0 0 0
0.816667 0 0 0 0
0.823333 0 0 0 0
0.83 0 0 0 0
0.836667 0 0 0 0
0.843333 0 0 0 0
0.85 0 0 0 0
0.856667 0 0 0 0
0.863333 0 0 0 0
0.87 0 0 0 0
0.876667 0 0 0 0
0.883333 0 0 0 0
0.89 0 0 0 0
0.896667 0 0 0 0
0.903333 0 0 0 0
0.91 0 0 0 0
0.916667 0 0 0 0
0.923333 0 0 0 0
0.93 0 0 0 0
0.936667 0 0 0 0
0.943333 0 0 0 0
0.95 0 0 0 0
0.956667 0 0 0 0
0.963333 0 0 0 0
0.97 0 0 0 0
0.976667 0 0 0 0
0.983333 0 0 0 0
0.99 0 0 0 0
0.996667 0 0 0 0
1.00333 0 0 0 0
1.01 0 0 0 0
1.01667 0 0 0 0
1.02333 0 0 0 0
1.03 0 0 0 0
1.03667 0 0 0 0
1.04333 0 0 0 0
1.05 0 0 0 0
1.05667 0 0 0 0
1.06333 0 0 0 0
1.07 0 0 0 0
1.07667 0 0 0 0
1.08333 0 0 0 0
1.09 0 0 0 0
1.09667 0 0 0 0
1.10333 0 0 0 0
1.11 0 0 0 0
1.11667 0 0 0 0
1.12333 0 0 0 0
1.13 0 0 0 0
1.13667 0 0 0 0
1.14333 0 0 0 0
1.15 0 0 0 0
1.15667 0 0 0 0
1.16333 0 0 0 0
1.17 0 0 0 0
1.17667 0 0 0 0
1.18333 0 0 0 0
1.19 0 0 0 0
1.19667 0 0 0 0
1.20333 0 0 0 0
1.21 0 0 0 0
1.21667 0 0 0 0
1.22333 0 0 0 0
1.23 0 0 0 0
1.23667 0 0 0 0
1.24333 0 0 0 0
1.25 0 0 0 0
1.25667 0 0 0 0
1.26333 0 0 0 0
1.27 0 0 0 0
1.27667 0 0 0 0
1.28333 0 0 0 0
1.29 0 0 0 0
1.29667 0 0 0 0
1.30333 0 0 0 0
1.31 0 0 0 0
1.31667 0 0 0 0
1.32333 0 0 0 0
1.33 0 0 0 0
1.33667 0 0 0 0
1.34333 0 0 0 0
1.35 0 0 0 0
1.35667 0 0 0 0
1.36333 0 0 0 0
1.37 0 0 0 0
1.37667 0 0 0 0
1.38333 0 0 0 0
1.39 0 0 0 0
1.39667 0 0 0 0
1.40333 0 0 0 0
1.41 0 0 0 0
1.41667 0 0 0 0
1.42333 0 0 0 0
1.43 0 0 0 0
1.43667 0 0 0 0
1.44333 0 0 0 0
1.45 0 0 0 0
1.45667 0 0 0 0
1.46333 0 0 0 0
1.47 0 0 0 0
1.47667 0 0 0 0
1.48333 0 0 0 0
1.49 0 0 0 0
1.49667 0 0 0 0
1.50333 0 0 0 0
1.51 0 0 0 0
1.51667 0 0 0 0
1.52333 0 0 0 0
1.53 0 0 0 0
1.53667 0 0 0 0
1.54333 0 0 0 0
1.55 0 0 0 0
1.55667 0 0 0 0
1.56333 0 0 0 0
1.57 0 0 0 0
1.57667 0 0 0 0
1.58333 0 0 0 0
1.59 0 0 0 0
1.59667 0 0 0 0
1.60333 0 0 0 0
1.61 0 0 0 0
1.61667 0 0 0 0
1.62333 0 0 0 0
1.63 0 0 0 0
1.63667 0 0 0 0
1.64333 0 0 0 0
1.65 0 0 0 0
1.65667 0 0 0 0
1.66333 0 0 0 0
1.67 0 0 0 0
1.67667 0 0 0 0
1.68333 0 0 0 0
1.69 0 0 0 0
1.69667 0 0 0 0
1.70333 0 0 0 0
1.71 0 0 0 0
1.71667 0 0 0 0
1.72333 0 0 0 0
1.73 0 0 0 0
1.73667 0 0 0 0
1.74333 0 0 0 0
1.75 0 0 0 0
1.75667 0 0 0 0
1.76333 0 0 0 0
1.77 0 0 0 0
1.77667 0 0 0 0
1.78333 0 0 0 0
1.79 0 0 0 0
1.79667 0 0 0 0
1.80333 0 0 0 0
1.81 0 0 0 0
1.81667 0 0 0 0
1.82333 0 0 0 0
1.83 0 0 0 0
1.83667 0 0 0 0
1.84333 0 0 0 0
1.85 0 0 0 0
1.85667 0 0 0 0
1.86333 0 0 0 0
1.87 0 0 0 0
1.87667 0 0 0 0
1.88333 0 0 0 0
1.89 0 0 0 0
1.89667 0 0 0 0
1.90333 0 0 0 0
1.91 0 0 0 0
1.91667 0 0 0 0
1.92333 0 0 0 0
1.93 0 0 0 0
1.93667 0 0 0 0
1.94333 0 0 0 0
1.95 0 0 0 0
1.95667 0 0 0 0
1.96333 0 0 0 0
1.97 0 0 0 0
1.97667 0 0 0 0
1.98333 0 0 0 0
1.99 0 0 0 0
1.99667 0 0 0 0
