0.00333333 8 10 32 24
0.01 2 6 62 31
0.0166667 3 13 61 33
0.0233333 8 17 48 28
0.03 3 12 64 38
0.0366667 0 20 89 49
0.0433333 2 23 119 63
0.05 2 36 161 65
0.0566667 16 34 158 104
0.0633333 14 38 180 97
0.07 12 46 193 109
0.0766667 13 37 229 94
0.0833333 9 31 199 114
0.09 6 35 209 95
0.0966667 6 44 193 129
0.103333 11 36 207 112
0.11 12 45 194 109
0.116667 11 39 217 116
0.123333 11 21 184 95
0.13 11 39 188 112
0.136667 9 38 195 105
0.143333 8 39 142 92
0.15 9 31 142 78
0.156667 8 27 162 78
0.163333 6 35 137 88
0.17 10 33 131 74
0.176667 5 17 134 83
0.183333 6 29 126 87
0.19 9 32 139 91
0.196667 5 36 131 80
0.203333 8 23 136 81
0.21 6 32 118 87
0.216667 7 29 125 66
0.223333 3 17 99 66
0.23 6 30 116 55
0.236667 4 18 112 65
0.243333 2 22 112 46
0.25 4 28 101 71
0.256667 2 18 105 55
0.263333 6 24 81 54
0.27 4 24 69 63
0.276667 3 14 84 52
0.283333 0 24 72 68
0.29 3 17 90 47
0.296667 4 14 87 42
0.303333 5 9 69 44
0.31 3 20 72 36
0.316667 5 16 60 48
0.323333 5 18 84 39
0.33 4 16 72 34
0.336667 4 12 64 37
0.343333 5 14 58 39
0.35 3 9 67 44
0.356667 4 19 52 37
0.363333 0 15 61 33
0.37 4 19 53 27
0.376667 1 14 63 31
0.383333 2 18 55 33
0.39 1 11 68 35
0.396667 3 14 48 35
0.403333 4 12 44 29
0.41 1 18 57 29
0.416667 4 18 46 30
0.423333 2 9 54 32
0.43 8 12 54 41
0.436667 7 16 43 32
0.443333 2 10 54 23
0.45 4 15 46 27
0.456667 1 14 54 41
0.463333 1 15 53 36
0.47 2 8 48 32
0.476667 4 11 39 25
0.483333 3 11 42 23
0.49 2 16 33 20
0.496667 6 8 28 8
0.503333 6 7 22 22
0.51 4 9 33 25
0.516667 2 8 31 21
0.523333 2 5 34 23
0.53 2 2 29 17
0.536667 5 5 36 13
0.543333 1 7 20 18
0.55 3 7 36 15
0.556667 3 9 24 13
0.563333 1 5 17 11
0.57 4 7 22 11
0.576667 2 8 21 15
0.583333 4 8 27 21
0.59 3 8 20 19
0.596667 1 10 20 13
0.603333 3 6 25 19
0.61 2 4 20 12
0.616667 3 7 18 9
0.623333 5 6 29 16
0.63 2 5 28 13
0.636667 2 9 19 12
0.643333 1 11 14 9
0.65 3 7 25 13
0.656667 4 6 17 8
0.663333 47 279 1182 747
0.67 0 0 0 0
0.676667 0 0 0 0
0.683333 0 0 0 0
0.69 0 0 0 0
0.696667 0 0 0 0
0.703333 0 0 0 0
0.71 0 0 0 0
0.716667 0 0 0 0
0.723333 0 0 0 0
0.73 0 0 0 0
0.736667 0 0 0 0
0.743333 0 0 0 0
0.75 0 0 0 0
0.756667 0 0 0 0
0.763333 0 0 0 0
0.77 0 0 0 0
0.776667 0 0 0 0
0.783333 0 0 0 0
0.79 0 0 0 0
0.796667 0 0 0 0
0.803333 0 0 0 0
0.81 0 0 0 0
0.816667 0 0 0 0
0.823333 0 0 0 0
0.83 0 0 0 0
0.836667 0 0 0 0
0.843333 0 0 0 0
0.85 0 0 0 0
0.856667 0 0 0 0
0.863333 0 0 0 0
0.87 0 0 0 0
0.876667 0 0 0 0
0.883333 0 0 0 0
0.89 0 0 0 0
0.896667 0 0 0 0
0.903333 0 0 0 0
0.91 0 0 0 0
0.916667 0 0 0 0
0.923333 0 0 0 0
0.93 0 0 0 0
0.936667 0 0 0 0
0.943333 0 0 0 0
0.95 0 0 0 0
0.956667 0 0 0 0
0.963333 0 0 0 0
0.97 0 0 0 0
0.976667 0 0 0 0
0.983333 0 0 0 0
0.99 0 0 0 0
0.996667 0 0 0 0
1.00333 0 0 0 0
1.01 0 0 0 0
1.01667 0 0 0 0
1.02333 0 0 0 0
1.03 0 0 0 0
1.03667 0 0 0 0
1.04333 0 0 0 0
1.05 0 0 0 0
1.05667 0 0 0 0
1.06333 0 0 0 0
1.07 0 0 0 0
1.07667 0 0 0 0
1.08333 0 0 0 0
1.09 0 0 0 0
1.09667 0 0 0 0
1.10333 0 0 0 0
1.11 0 0 0 0
1.11667 0 0 0 0
1.12333 0 0 0 0
1.13 0 0 0 0
1.13667 0 0 0 0
1.14333 0 0 0 0
1.15 0 0 0 0
1.15667 0 0 0 0
1.16333 0 0 0 0
1.17 0 0 0 0
1.17667 0 0 0 0
1.18333 0 0 0 0
1.19 0 0 0 0
1.19667 0 0 0 0
1.20333 0 0 0 0
1.21 0 0 0 0
1.21667 0 0 0 0
1.22333 0 0 0 0
1.23 0 0 0 0
1.23667 0 0 0 0
1.24333 0 0 0 0
1.25 0 0 0 0
1.25667 0 0 0 0
1.26333 0 0 0 0
1.27 0 0 0 0
1.27667 0 0 0 0
1.28333 0 0 0 0
1.29 0 0 0 0
1.29667 0 0 0 0
1.30333 0 0 0 0
1.31 0 0 0 0
1.31667 0 0 0 0
1.32333 0 0 0 0
1.33 0 0 0 0
1.33667 0 0 0 0
1.34333 0 0 0 0
1.35 0 0 0 0
1.35667 0 0 0 0
1.36333 0 0 0 0
1.37 0 0 0 0
1.37667 0 0 0 0
1.38333 0 0 0 0
1.39 0 0 0 0
1.39667 0 0 0 0
1.40333 0 0 0 0
1.41 0 0 0 0
1.41667 0 0 0 0
1.42333 0 0 0 0
1.43 0 0 0 0
1.43667 0 0 0 0
1.44333 0 0 0 0
1.45 0 0 0 0
1.45667 0 0 0 0
1.46333 0 0 0 0
1.47 0 0 0 0
1.47667 0 0 0 0
1.48333 0 0 0 0
1.49 0 0 0 0
1.49667 0 0 0 0
1.50333 0 0 0 0
1.51 0 0 0 0
1.51667 0 0 0 0
1.52333 0 0 0 0
1.53 0 0 0 0
1.53667 0 0 0 0
1.54333 0 0 0 0
1.55 0 0 0 0
1.55667 0 0 0 0
1.56333 0 0 0 0
1.57 0 0 0 0
1.57667 0 0 0 0
1.58333 0 0 0 0
1.59 0 0 0 0
1.59667 0 0 0 0
1.60333 0 0 0 0
1.61 0 0 0 0
1.61667 0 0 0 0
1.62333 0 0 0 0
1.63 0 0 0 0
1.63667 0 0 0 0
1.64333 0 0 0 0
1.65 0 0 0 0
1.65667 0 0 0 0
1.66333 0 0 0 0
1.67 0 0 0 0
1.67667 0 0 0 0
1.68333 0 0 0 0
1.69 0 0 0 0
1.69667 0 0 0 0
1.70333 0 0 0 0
1.71 0 0 0 0
1.71667 0 0 0 0
1.72333 0 0 0 0
1.73 0 0 0 0
1.73667 0 0 0 0
1.74333 0 0 0 0
1.75 0 0 0 0
1.75667 0 0 0 0
1.76333 0 0 0 0
1.77 0 0 0 0
1.77667 0 0 0 0
1.78333 0 0 0 0
1.79 0 0 0 0
1.79667 0 0 0 0
1.80333 0 0 0 0
1.81 0 0 0 0
1.81667 0 0 0 0
1.82333 0 0 0 0
1.83 0 0 0 0
1.83667 0 0 0 0
1.84333 0 0 0 0
1.85 0 0 0 0
1.85667 0 0 0 0
1.86333 0 0 0 0
1.87 0 0 0 0
1.87667 0 0 0 0
1.88333 0 0 0 0
1.89 0 0 0 0
1.89667 0 0 0 0
1.90333 0 0 0 0
1.91 0 0 0 0
1.91667 0 0 0 0
1.92333 0 0 0 0
1.93 0 0 0 0
1.93667 0 0 0 0
1.94333 0 0 0 0
1.95 0 0 0 0
1.95667 0 0 0 0
1.96333 0 0 0 0
1.97 0 0 0 0
1.97667 0 0 0 0
1.98333 0 0 0 0
1.99 0 0 0 0
1.99667 0 0 0 0
