0.00333333 5 30 26 1
0.01 3 25 53 13
0.0166667 4 36 61 10
0.0233333 7 36 58 7
0.03 4 30 75 8
0.0366667 5 43 63 5
0.0433333 9 56 93 15
0.05 6 62 109 24
0.0566667 11 84 124 26
0.0633333 14 88 124 29
0.07 11 71 133 29
0.0766667 9 73 145 33
0.0833333 7 110 132 28
0.09 9 77 159 28
0.0966667 7 80 139 26
0.103333 15 100 136 22
0.11 12 85 185 23
0.116667 12 76 151 26
0.123333 11 95 140 24
0.13 5 103 131 30
0.136667 6 93 136 24
0.143333 11 102 150 23
0.15 11 73 149 18
0.156667 7 90 122 22
0.163333 6 71 121 23
0.17 4 85 124 30
0.176667 8 78 145 30
0.183333 7 91 118 28
0.19 12 82 119 20
0.196667 3 108 130 12
0.203333 11 92 117 14
0.21 9 104 105 18
0.216667 7 78 94 22
0.223333 7 68 126 16
0.23 5 79 102 15
0.236667 4 70 93 14
0.243333 5 61 96 17
0.25 9 67 92 18
0.256667 4 64 92 9
0.263333 4 45 80 15
0.27 3 44 75 12
0.276667 4 59 83 22
0.283333 4 52 61 13
0.29 6 54 63 7
0.296667 3 47 58 13
0.303333 14 43 69 9
0.31 2 72 65 11
0.316667 3 46 69 8
0.323333 6 57 65 13
0.33 8 43 65 10
0.336667 5 50 60 12
0.343333 2 33 46 10
0.35 2 41 70 5
0.356667 5 47 38 14
0.363333 2 39 56 11
0.37 2 46 58 7
0.376667 6 46 52 11
0.383333 6 37 62 3
0.39 3 51 48 16
0.396667 7 54 45 10
0.403333 3 41 53 11
0.41 4 36 52 11
0.416667 5 41 54 12
0.423333 8 38 47 9
0.43 3 23 48 6
0.436667 5 32 60 5
0.443333 3 33 57 7
0.45 6 35 53 8
0.456667 4 33 40 7
0.463333 4 45 41 9
0.47 2 35 52 7
0.476667 1 32 53 10
0.483333 1 28 27 9
0.49 3 22 23 8
0.496667 1 24 26 2
0.503333 3 20 34 8
0.51 2 20 35 6
0.516667 3 15 24 5
0.523333 3 18 24 3
0.53 0 16 25 4
0.536667 2 15 22 4
0.543333 2 13 26 6
0.55 2 14 41 5
0.556667 2 18 28 8
0.563333 1 17 22 3
0.57 3 12 29 5
0.576667 0 12 27 4
0.583333 3 27 22 4
0.59 1 19 30 9
0.596667 3 13 22 11
0.603333 2 16 13 4
0.61 1 14 26 7
0.616667 4 17 22 4
0.623333 4 9 40 5
0.63 1 12 29 5
0.636667 0 21 17 8
0.643333 1 7 21 3
0.65 2 12 26 6
0.656667 2 16 23 4
0.663333 46 1460 1415 177
0.67 0 0 0 0
0.676667 0 0 0 0
0.683333 0 0 0 0
0.69 0 0 0 0
0.696667 0 0 0 0
0.703333 0 0 0 0
0.71 0 0 0 0
0.716667 0 0 0 0
0.723333 0 0 0 0
0.73 0 0 0 0
0.736667 0 0 0 0
0.743333 0 0 0 0
0.75 0 0 0 0
0.756667 0 0 0 0
0.763333 0 0 0 0
0.77 0 0 0 0
0.776667 0 0 0 0
0.783333 0 0 0 0
0.79 0 0 0 0
0.796667 0 0 0 0
0.803333 0 0 0 0
0.81 0 0 0 0
0.816667 0 0 0 0
0.823333 0 0 0 0
0.83 0 0 0 0
0.836667 0 0 0 0
0.843333 0 0 0 0
0.85 0 0 0 0
0.856667 0 0 0 0
0.863333 0 0 0 0
0.87 0 0 0 0
0.876667 0 0 0 0
0.883333 0 0 0 0
0.89 0 0 0 0
0.896667 0 0 0 0
0.903333 0 0 0 0
0.91 0 0 0 0
0.916667 0 0 0 0
0.923333 0 0 0 0
0.93 0 0 0 0
0.936667 0 0 0 0
0.943333 0 0 0 0
0.95 0 0 0 0
0.956667 0 0 0 0
0.963333 0 0 0 0
0.97 0 0 0 0
0.976667 0 0 0 0
0.983333 0 0 0 0
0.99 0 0 0 0
0.996667 0 0 0 0
1.00333 0 0 0 0
1.01 0 0 0 0
1.01667 0 0 0 0
1.02333 0 0 0 0
1.03 0 0 0 0
1.03667 0 0 0 0
1.04333 0 0 0 0
1.05 0 0 0 0
1.05667 0 0 0 0
1.06333 0 0 0 0
1.07 0 0 0 0
1.07667 0 0 0 0
1.08333 0 0 0 0
1.09 0 0 0 0
1.09667 0 0 0 0
1.10333 0 0 0 0
1.11 0 0 0 0
1.11667 0 0 0 0
1.12333 0 0 0 0
1.13 0 0 0 0
1.13667 0 0 0 0
1.14333 0 0 0 0
1.15 0 0 0 0
1.15667 0 0 0 0
1.16333 0 0 0 0
1.17 0 0 0 0
1.17667 0 0 0 0
1.18333 0 0 0 0
1.19 0 0 0 0
1.19667 0 0 0 0
1.20333 0 0 0 0
1.21 0 0 0 0
1.21667 0 0 0 0
1.22333 0 0 0 0
1.23 0 0 0 0
1.23667 0 0 0 0
1.24333 0 0 0 0
1.25 0 0 0 0
1.25667 0 0 0 0
1.26333 0 0 0 0
1.27 0 0 0 0
1.27667 0 0 0 0
1.28333 0 0 0 0
1.29 0 0 0 0
1.29667 0 0 0 0
1.30333 0 0 0 0
1.31 0 0 0 0
1.31667 0 0 0 0
1.32333 0 0 0 0
1.33 0 0 0 0
1.33667 0 0 0 0
1.34333 0 0 0 0
1.35 0 0 0 0
1.35667 0 0 0 0
1.36333 0 0 0 0
1.37 0 0 0 0
1.37667 0 0 0 0
1.38333 0 0 0 0
1.39 0 0 0 0
1.39667 0 0 0 0
1.40333 0 0 0 0
1.41 0 0 0 0
1.41667 0 0 0 0
1.42333 0 0 0 0
1.43 0 0 0 0
1.43667 0 0 0 0
1.44333 0 0 0 0
1.45 0 0 0 0
1.45667 0 0 0 0
1.46333 0 0 0 0
1.47 0 0 0 0
1.47667 0 0 0 0
1.48333 0 0 0 0
1.49 0 0 0 0
1.49667 0 0 0 0
1.50333 0 0 0 0
1.51 0 0 0 0
1.51667 0 0 0 0
1.52333 0 0 0 0
1.53 0 0 0 0
1.53667 0 0 0 0
1.54333 0 0 0 0
1.55 0 0 0 0
1.55667 0 0 0 0
1.56333 0 0 0 0
1.57 0 0 0 0
1.57667 0 0 0 0
1.58333 0 0 0 0
1.59 0 0 0 0
1.59667 0 0 0 0
1.60333 0 0 0 0
1.61 0 0 0 0
1.61667 0 0 0 0
1.62333 0 0 0 0
1.63 0 0 0 0
1.63667 0 0 0 0
1.64333 0 0 0 0
1.65 0 0 0 0
1.65667 0 0 0 0
1.66333 0 0 0 0
1.67 0 0 0 0
1.67667 0 0 0 0
1.68333 0 0 0 0
1.69 0 0 0 0
1.69667 0 0 0 0
1.70333 0 0 0 0
1.71 0 0 0 0
1.71667 0 0 0 0
1.72333 0 0 0 0
1.73 0 0 0 0
1.73667 0 0 0 0
1.74333 0 0 0 0
1.75 0 0 0 0
1.75667 0 0 0 0
1.76333 0 0 0 0
1.77 0 0 0 0
1.77667 0 0 0 0
1.78333 0 0 0 0
1.79 0 0 0 0
1.79667 0 0 0 0
1.80333 0 0 0 0
1.81 0 0 0 0
1.81667 0 0 0 0
1.82333 0 0 0 0
1.83 0 0 0 0
1.83667 0 0 0 0
1.84333 0 0 0 0
1.85 0 0 0 0
1.85667 0 0 0 0
1.86333 0 0 0 0
1.87 0 0 0 0
1.87667 0 0 0 0
1.88333 0 0 0 0
1.89 0 0 0 0
1.89667 0 0 0 0
1.90333 0 0 0 0
1.91 0 0 0 0
1.91667 0 0 0 0
1.92333 0 0 0 0
1.93 0 0 0 0
1.93667 0 0 0 0
1.94333 0 0 0 0
1.95 0 0 0 0
1.95667 0 0 0 0
1.96333 0 0 0 0
1.97 0 0 0 0
1.97667 0 0 0 0
1.98333 0 0 0 0
1.99 0 0 0 0
1.99667 0 0 0 0
