0.00333333 0 12 63 16
0.01 0 22 63 15
0.0166667 2 11 64 34
0.0233333 5 18 60 22
0.03 3 15 87 25
0.0366667 3 28 117 28
0.0433333 6 28 162 43
0.05 6 30 171 62
0.0566667 9 38 216 77
0.0633333 10 33 229 71
0.07 10 43 250 84
0.0766667 9 51 269 72
0.0833333 6 40 241 83
0.09 10 46 273 84
0.0966667 5 33 255 79
0.103333 9 41 255 82
0.11 12 49 260 81
0.116667 9 46 240 70
0.123333 9 41 241 90
0.13 11 40 252 61
0.136667 7 38 218 74
0.143333 8 43 194 79
0.15 6 43 190 59
0.156667 8 43 221 52
0.163333 7 30 220 68
0.17 6 30 153 50
0.176667 2 36 186 56
0.183333 3 39 180 59
0.19 9 30 188 58
0.196667 8 49 187 61
0.203333 3 31 203 52
0.21 8 31 183 51
0.216667 4 38 160 37
0.223333 1 19 161 35
0.23 7 27 157 48
0.236667 2 43 141 46
0.243333 7 27 136 28
0.25 7 19 143 39
0.256667 2 27 124 29
0.263333 3 30 111 37
0.27 6 15 100 53
0.276667 8 19 122 45
0.283333 4 24 125 36
0.29 1 27 120 24
0.296667 6 21 96 30
0.303333 3 17 94 33
0.31 3 19 96 29
0.316667 6 16 94 28
0.323333 3 23 101 31
0.33 2 16 77 27
0.336667 3 15 83 31
0.343333 6 12 88 25
0.35 4 21 86 20
0.356667 4 25 80 26
0.363333 3 14 69 25
0.37 2 22 60 38
0.376667 4 15 73 22
0.383333 5 16 68 29
0.39 2 12 88 25
0.396667 3 12 74 24
0.403333 3 19 62 21
0.41 3 16 62 21
0.416667 1 21 76 19
0.423333 2 17 79 14
0.43 5 13 70 21
0.436667 1 16 66 23
0.443333 5 14 77 20
0.45 4 14 63 15
0.456667 5 18 66 30
0.463333 2 20 69 22
0.47 2 12 65 24
0.476667 2 15 58 27
0.483333 2 9 52 17
0.49 3 18 32 17
0.496667 2 9 42 16
0.503333 3 13 35 25
0.51 0 10 36 12
0.516667 2 10 42 18
0.523333 2 11 44 18
0.53 2 7 34 16
0.536667 1 4 24 11
0.543333 1 9 31 10
0.55 0 11 37 17
0.556667 2 8 40 14
0.563333 2 9 25 11
0.57 1 9 26 16
0.576667 1 9 29 14
0.583333 0 10 37 19
0.59 1 6 29 13
0.596667 0 7 25 16
0.603333 3 10 31 12
0.61 4 6 31 14
0.616667 1 4 24 4
0.623333 1 4 34 9
0.63 1 8 23 11
0.636667 3 7 35 12
0.643333 3 8 28 11
0.65 5 8 35 12
0.656667 0 8 22 8
0.663333 43 355 1895 422
0.67 0 0 0 0
0.676667 0 0 0 0
0.683333 0 0 0 0
0.69 0 0 0 0
0.696667 0 0 0 0
0.703333 0 0 0 0
0.71 0 0 0 0
0.716667 0 0 0 0
0.723333 0 0 0 0
0.73 0 0 0 0
0.736667 0 0 0 0
0.743333 0 0 0 0
0.75 0 0 0 0
0.756667 0 0 0 0
0.763333 0 0 0 0
0.77 0 0 0 0
0.776667 0 0 0 0
0.783333 0 0 0 0
0.79 0 0 0 0
0.796667 0 0 0 0
0.803333 0 0 0 0
0.81 0 0 0 0
0.816667 0 0 0 0
0.823333 0 0 0 0
0.83 0 0 0 0
0.836667 0 0 0 0
0.843333 0 0 0 0
0.85 0 0 0 0
0.856667 0 0 0 0
0.863333 0 0 0 0
0.87 0 0 0 0
0.876667 0 0 0 0
0.883333 0 0 0 0
0.89 0 0 0 0
0.896667 0 0 0 0
0.903333 0 0 0 0
0.91 0 0 0 0
0.916667 0 0 0 0
0.923333 0 0 0 0
0.93 0 0 0 0
0.936667 0 0 0 0
0.943333 0 0 0 0
0.95 0 0 0 0
0.956667 0 0 0 0
0.963333 0 0 0 0
0.97 0 0 0 0
0.976667 0 0 0 0
0.983333 0 0 0 0
0.99 0 0 0 0
0.996667 0 0 0 0
1.00333 0 0 0 0
1.01 0 0 0 0
1.01667 0 0 0 0
1.02333 0 0 0 0
1.03 0 0 0 0
1.03667 0 0 0 0
1.04333 0 0 0 0
1.05 0 0 0 0
1.05667 0 0 0 0
1.06333 0 0 0 0
1.07 0 0 0 0
1.07667 0 0 0 0
1.08333 0 0 0 0
1.09 0 0 0 0
1.09667 0 0 0 0
1.10333 0 0 0 0
1.11 0 0 0 0
1.11667 0 0 0 0
1.12333 0 0 0 0
1.13 0 0 0 0
1.13667 0 0 0 0
1.14333 0 0 0 0
1.15 0 0 0 0
1.15667 0 0 0 0
1.16333 0 0 0 0
1.17 0 0 0 0
1.17667 0 0 0 0
1.18333 0 0 0 0
1.19 0 0 0 0
1.19667 0 0 0 0
1.20333 0 0 0 0
1.21 0 0 0 0
1.21667 0 0 0 0
1.22333 0 0 0 0
1.23 0 0 0 0
1.23667 0 0 0 0
1.24333 0 0 0 0
1.25 0 0 0 0
1.25667 0 0 0 0
1.26333 0 0 0 0
1.27 0 0 0 0
1.27667 0 0 0 0
1.28333 0 0 0 0
1.29 0 0 0 0
1.29667 0 0 0 0
1.30333 0 0 0 0
1.31 0 0 0 0
1.31667 0 0 0 0
1.32333 0 0 0 0
1.33 0 0 0 0
1.33667 0 0 0 0
1.34333 0 0 0 0
1.35 0 0 0 0
1.35667 0 0 0 0
1.36333 0 0 0 0
1.37 0 0 0 0
1.37667 0 0 0 0
1.38333 0 0 0 0
1.39 0 0 0 0
1.39667 0 0 0 0
1.40333 0 0 0 0
1.41 0 0 0 0
1.41667 0 0 0 0
1.42333 0 0 0 0
1.43 0 0 0 0
1.43667 0 0 0 0
1.44333 0 0 0 0
1.45 0 0 0 0
1.45667 0 0 0 0
1.46333 0 0 0 0
1.47 0 0 0 0
1.47667 0 0 0 0
1.48333 0 0 0 0
1.49 0 0 0 0
1.49667 0 0 0 0
1.50333 0 0 0 0
1.51 0 0 0 0
1.51667 0 0 0 0
1.52333 0 0 0 0
1.53 0 0 0 0
1.53667 0 0 0 0
1.54333 0 0 0 0
1.55 0 0 0 0
1.55667 0 0 0 0
1.56333 0 0 0 0
1.57 0 0 0 0
1.57667 0 0 0 0
1.58333 0 0 0 0
1.59 0 0 0 0
1.59667 0 0 0 0
1.60333 0 0 0 0
1.61 0 0 0 0
1.61667 0 0 0 0
1.62333 0 0 0 0
1.63 0 0 0 0
1.63667 0 0 0 0
1.64333 0 0 0 0
1.65 0 0 0 0
1.65667 0 0 0 0
1.66333 0 0 0 0
1.67 0 0 0 0
1.67667 0 0 0 0
1.68333 0 0 0 0
1.69 0 0 0 0
1.69667 0 0 0 0
1.70333 0 0 0 0
1.71 0 0 0 0
1.71667 0 0 0 0
1.72333 0 0 0 0
1.73 0 0 0 0
1.73667 0 0 0 0
1.74333 0 0 0 0
1.75 0 0 0 0
1.75667 0 0 0 0
1.76333 0 0 0 0
1.77 0 0 0 0
1.77667 0 0 0 0
1.78333 0 0 0 0
1.79 0 0 0 0
1.79667 0 0 0 0
1.80333 0 0 0 0
1.81 0 0 0 0
1.81667 0 0 0 0
1.82333 0 0 0 0
1.83 0 0 0 0
1.83667 0 0 0 0
1.84333 0 0 0 0
1.85 0 0 0 0
1.85667 0 0 0 0
1.86333 0 0 0 0
1.87 0 0 0 0
1.87667 0 0 0 0
1.88333 0 0 0 0
1.89 0 0 0 0
1.89667 0 0 0 0
1.90333 0 0 0 0
1.91 0 0 0 0
1.91667 0 0 0 0
1.92333 0 0 0 0
1.93 0 0 0 0
1.93667 0 0 0 0
1.94333 0 0 0 0
1.95 0 0 0 0
1.95667 0 0 0 0
1.96333 0 0 0 0
1.97 0 0 0 0
1.97667 0 0 0 0
1.98333 0 0 0 0
1.99 0 0 0 0
1.99667 0 0 0 0
