0.00333333 22 72 3 2
0.01 25 80 5 0
0.0166667 51 87 5 1
0.0233333 38 105 6 6
0.03 48 115 5 6
0.0366667 58 133 6 2
0.0433333 79 169 14 2
0.05 108 201 12 2
0.0566667 114 249 18 2
0.0633333 145 288 19 7
0.07 149 305 16 6
0.0766667 135 302 22 2
0.0833333 142 337 24 6
0.09 147 337 17 3
0.0966667 140 297 33 6
0.103333 148 313 16 5
0.11 150 297 21 4
0.116667 136 304 25 7
0.123333 109 330 21 2
0.13 116 305 11 5
0.136667 112 260 11 8
0.143333 118 274 19 4
0.15 96 267 27 3
0.156667 73 311 15 4
0.163333 110 243 12 2
0.17 95 268 20 3
0.176667 92 244 12 5
0.183333 91 256 13 3
0.19 94 285 13 1
0.196667 86 261 20 3
0.203333 78 271 15 3
0.21 92 232 16 4
0.216667 74 229 14 5
0.223333 86 209 13 2
0.23 77 223 14 2
0.236667 69 192 16 3
0.243333 85 179 9 3
0.25 71 162 9 1
0.256667 58 168 10 2
0.263333 56 175 6 4
0.27 64 164 9 1
0.276667 56 162 13 4
0.283333 67 152 6 2
0.29 54 133 12 1
0.296667 57 158 9 2
0.303333 66 138 8 3
0.31 52 155 11 1
0.316667 57 122 9 2
0.323333 56 98 6 3
0.33 49 132 5 2
0.336667 47 115 11 2
0.343333 52 92 6 5
0.35 38 122 10 0
0.356667 36 115 9 0
0.363333 34 105 11 0
0.37 54 101 9 3
0.376667 40 98 5 2
0.383333 27 100 5 1
0.39 33 102 5 0
0.396667 47 88 9 1
0.403333 44 101 12 0
0.41 38 108 10 0
0.416667 45 83 7 1
0.423333 43 84 13 0
0.43 31 97 8 0
0.436667 25 98 4 1
0.443333 30 89 10 1
0.45 31 81 8 1
0.456667 31 92 8 0
0.463333 38 73 9 3
0.47 29 88 4 3
0.476667 34 72 4 4
0.483333 22 63 4 2
0.49 27 62 4 1
0.496667 20 55 3 2
0.503333 19 60 6 2
0.51 24 36 3 0
0.516667 28 52 8 0
0.523333 23 50 4 1
0.53 16 37 5 1
0.536667 15 44 1 2
0.543333 16 41 8 1
0.55 19 35 1 1
0.556667 8 35 1 2
0.563333 23 39 3 2
0.57 17 41 7 0
0.576667 19 48 7 0
0.583333 11 33 4 2
0.59 17 47 3 1
0.596667 19 40 2 0
0.603333 19 43 7 0
0.61 15 36 3 1
0.616667 18 35 4 3
0.623333 20 34 7 1
0.63 21 45 2 4
0.636667 12 42 2 2
0.643333 18 41 10 1
0.65 14 45 2 0
0.656667 14 36 2 0
0.663333 778 2996 124 19
0.67 0 0 0 0
0.676667 0 0 0 0
0.683333 0 0 0 0
0.69 0 0 0 0
0.696667 0 0 0 0
0.703333 0 0 0 0
0.71 0 0 0 0
0.716667 0 0 0 0
0.723333 0 0 0 0
0.73 0 0 0 0
0.736667 0 0 0 0
0.743333 0 0 0 0
0.75 0 0 0 0
0.756667 0 0 0 0
0.763333 0 0 0 0
0.77 0 0 0 0
0.776667 0 0 0 0
0.783333 0 0 0 0
0.79 0 0 0 0
0.796667 0 0 0 0
0.803333 0 0 0 0
0.81 0 0 0 0
0.816667 0 0 0 0
0.823333 0 0 0 0
0.83 0 0 0 0
0.836667 0 0 0 0
0.843333 0 0 0 0
0.85 0 0 0 0
0.856667 0 0 0 0
0.863333 0 0 0 0
0.87 0 0 0 0
0.876667 0 0 0 0
0.883333 0 0 0 0
0.89 0 0 0 0
0.896667 0 0 0 0
0.903333 0 0 0 0
0.91 0 0 0 0
0.916667 0 0 0 0
0.923333 0 0 0 0
0.93 0 0 0 0
0.936667 0 0 0 0
0.943333 0 0 0 0
0.95 0 0 0 0
0.956667 0 0 0 0
0.963333 0 0 0 0
0.97 0 0 0 0
0.976667 0 0 0 0
0.983333 0 0 0 0
0.99 0 0 0 0
0.996667 0 0 0 0
1.00333 0 0 0 0
1.01 0 0 0 0
1.01667 0 0 0 0
1.02333 0 0 0 0
1.03 0 0 0 0
1.03667 0 0 0 0
1.04333 0 0 0 0
1.05 0 0 0 0
1.05667 0 0 0 0
1.06333 0 0 0 0
1.07 0 0 0 0
1.07667 0 0 0 0
1.08333 0 0 0 0
1.09 0 0 0 0
1.09667 0 0 0 0
1.10333 0 0 0 0
1.11 0 0 0 0
1.11667 0 0 0 0
1.12333 0 0 0 0
1.13 0 0 0 0
1.13667 0 0 0 0
1.14333 0 0 0 0
1.15 0 0 0 0
1.15667 0 0 0 0
1.16333 0 0 0 0
1.17 0 0 0 0
1.17667 0 0 0 0
1.18333 0 0 0 0
1.19 0 0 0 0
1.19667 0 0 0 0
1.20333 0 0 0 0
1.21 0 0 0 0
1.21667 0 0 0 0
1.22333 0 0 0 0
1.23 0 0 0 0
1.23667 0 0 0 0
1.24333 0 0 0 0
1.25 0 0 0 0
1.25667 0 0 0 0
1.26333 0 0 0 0
1.27 0 0 0 0
1.27667 0 0 0 0
1.28333 0 0 0 0
1.29 0 0 0 0
1.29667 0 0 0 0
1.30333 0 0 0 0
1.31 0 0 0 0
1.31667 0 0 0 0
1.32333 0 0 0 0
1.33 0 0 0 0
1.33667 0 0 0 0
1.34333 0 0 0 0
1.35 0 0 0 0
1.35667 0 0 0 0
1.36333 0 0 0 0
1.37 0 0 0 0
1.37667 0 0 0 0
1.38333 0 0 0 0
1.39 0 0 0 0
1.39667 0 0 0 0
1.40333 0 0 0 0
1.41 0 0 0 0
1.41667 0 0 0 0
1.42333 0 0 0 0
1.43 0 0 0 0
1.43667 0 0 0 0
1.44333 0 0 0 0
1.45 0 0 0 0
1.45667 0 0 0 0
1.46333 0 0 0 0
1.47 0 0 0 0
1.47667 0 0 0 0
1.48333 0 0 0 0
1.49 0 0 0 0
1.49667 0 0 0 0
1.50333 0 0 0 0
1.51 0 0 0 0
1.51667 0 0 0 0
1.52333 0 0 0 0
1.53 0 0 0 0
1.53667 0 0 0 0
1.54333 0 0 0 0
1.55 0 0 0 0
1.55667 0 0 0 0
1.56333 0 0 0 0
1.57 0 0 0 0
1.57667 0 0 0 0
1.58333 0 0 0 0
1.59 0 0 0 0
1.59667 0 0 0 0
1.60333 0 0 0 0
1.61 0 0 0 0
1.61667 0 0 0 0
1.62333 0 0 0 0
1.63 0 0 0 0
1.63667 0 0 0 0
1.64333 0 0 0 0
1.65 0 0 0 0
1.65667 0 0 0 0
1.66333 0 0 0 0
1.67 0 0 0 0
1.67667 0 0 0 0
1.68333 0 0 0 0
1.69 0 0 0 0
1.69667 0 0 0 0
1.70333 0 0 0 0
1.71 0 0 0 0
1.71667 0 0 0 0
1.72333 0 0 0 0
1.73 0 0 0 0
1.73667 0 0 0 0
1.74333 0 0 0 0
1.75 0 0 0 0
1.75667 0 0 0 0
1.76333 0 0 0 0
1.77 0 0 0 0
1.77667 0 0 0 0
1.78333 0 0 0 0
1.79 0 0 0 0
1.79667 0 0 0 0
1.80333 0 0 0 0
1.81 0 0 0 0
1.81667 0 0 0 0
1.82333 0 0 0 0
1.83 0 0 0 0
1.83667 0 0 0 0
1.84333 0 0 0 0
1.85 0 0 0 0
1.85667 0 0 0 0
1.86333 0 0 0 0
1.87 0 0 0 0
1.87667 0 0 0 0
1.88333 0 0 0 0
1.89 0 0 0 0
1.89667 0 0 0 0
1.90333 0 0 0 0
1.91 0 0 0 0
1.91667 0 0 0 0
1.92333 0 0 0 0
1.93 0 0 0 0
1.93667 0 0 0 0
1.94333 0 0 0 0
1.95 0 0 0 0
1.95667 0 0 0 0
1.96333 0 0 0 0
1.97 0 0 0 0
1.97667 0 0 0 0
1.98333 0 0 0 0
1.99 0 0 0 0
1.99667 0 0 0 0
