0.00333333 0 2 52 47
0.01 2 5 53 53
0.0166667 3 2 55 52
0.0233333 1 2 64 62
0.03 1 2 69 73
0.0366667 0 6 79 93
0.0433333 2 5 109 115
0.05 3 5 152 151
0.0566667 4 7 177 187
0.0633333 7 14 208 180
0.07 4 18 206 201
0.0766667 3 10 206 210
0.0833333 8 16 203 244
0.09 1 10 204 226
0.0966667 4 19 218 231
0.103333 5 14 196 214
0.11 4 17 205 238
0.116667 7 14 190 202
0.123333 3 15 190 242
0.13 1 17 187 207
0.136667 3 13 172 188
0.143333 6 9 165 175
0.15 1 9 154 178
0.156667 8 11 153 171
0.163333 4 11 151 165
0.17 4 11 154 163
0.176667 4 7 142 157
0.183333 2 9 125 164
0.19 2 8 153 188
0.196667 2 10 142 133
0.203333 5 7 125 151
0.21 5 6 131 138
0.216667 2 10 140 137
0.223333 2 5 103 169
0.23 4 10 105 116
0.236667 2 4 117 117
0.243333 3 2 95 144
0.25 4 4 100 128
0.256667 2 3 106 95
0.263333 2 4 84 107
0.27 1 9 99 100
0.276667 2 3 100 95
0.283333 4 3 81 105
0.29 2 1 77 97
0.296667 1 3 85 97
0.303333 2 2 87 76
0.31 4 5 69 85
0.316667 0 7 82 74
0.323333 2 7 65 85
0.33 1 8 78 85
0.336667 3 4 63 85
0.343333 1 4 77 89
0.35 3 4 84 84
0.356667 2 6 70 74
0.363333 0 7 50 82
0.37 1 6 73 59
0.376667 2 4 59 51
0.383333 0 2 69 44
0.39 2 5 63 64
0.396667 1 3 45 69
0.403333 1 1 67 48
0.41 3 5 55 68
0.416667 1 4 67 76
0.423333 1 5 59 55
0.43 1 5 45 61
0.436667 1 7 45 51
0.443333 1 3 43 54
0.45 2 2 47 55
0.456667 0 5 48 54
0.463333 2 5 42 54
0.47 1 2 60 53
0.476667 1 4 35 49
0.483333 1 5 29 40
0.49 0 3 29 41
0.496667 1 1 24 57
0.503333 0 0 27 26
0.51 0 2 25 49
0.516667 1 1 34 25
0.523333 1 1 28 34
0.53 1 2 36 28
0.536667 1 0 23 24
0.543333 4 4 17 29
0.55 1 1 23 28
0.556667 2 1 30 29
0.563333 0 3 29 24
0.57 2 1 25 25
0.576667 1 4 23 26
0.583333 2 3 25 26
0.59 3 1 32 27
0.596667 2 4 24 23
0.603333 0 2 29 31
0.61 1 3 26 24
0.616667 2 2 28 24
0.623333 0 3 24 34
0.63 0 3 18 29
0.636667 0 3 29 30
0.643333 1 1 23 21
0.65 2 1 24 19
0.656667 0 1 22 19
0.663333 15 49 1283 1584
0.67 0 0 0 0
0.676667 0 0 0 0
0.683333 0 0 0 0
0.69 0 0 0 0
0.696667 0 0 0 0
0.703333 0 0 0 0
0.71 0 0 0 0
0.716667 0 0 0 0
0.723333 0 0 0 0
0.73 0 0 0 0
0.736667 0 0 0 0
0.743333 0 0 0 0
0.75 0 0 0 0
0.756667 0 0 0 0
0.763333 0 0 0 0
0.77 0 0 0 0
0.776667 0 0 0 0
0.783333 0 0 0 0
0.79 0 0 0 0
0.796667 0 0 0 0
0.803333 0 0 0 0
0.81 0 0 0 0
0.816667 0 0 0 0
0.823333 0 0 0 0
0.83 0 0 0 0
0.836667 0 0 0 0
0.843333 0 0 0 0
0.85 0 0 0 0
0.856667 0 0 0 0
0.863333 0 0 0 0
0.87 0 0 0 0
0.876667 0 0 0 0
0.883333 0 0 0 0
0.89 0 0 0 0
0.896667 0 0 0 0
0.903333 0 0 0 0
0.91 0 0 0 0
0.916667 0 0 0 0
0.923333 0 0 0 0
0.93 0 0 0 0
0.936667 0 0 0 0
0.943333 0 0 0 0
0.95 0 0 0 0
0.956667 0 0 0 0
0.963333 0 0 0 0
0.97 0 0 0 0
0.976667 0 0 0 0
0.983333 0 0 0 0
0.99 0 0 0 0
0.996667 0 0 0 0
1.00333 0 0 0 0
1.01 0 0 0 0
1.01667 0 0 0 0
1.02333 0 0 0 0
1.03 0 0 0 0
1.03667 0 0 0 0
1.04333 0 0 0 0
1.05 0 0 0 0
1.05667 0 0 0 0
1.06333 0 0 0 0
1.07 0 0 0 0
1.07667 0 0 0 0
1.08333 0 0 0 0
1.09 0 0 0 0
1.09667 0 0 0 0
1.10333 0 0 0 0
1.11 0 0 0 0
1.11667 0 0 0 0
1.12333 0 0 0 0
1.13 0 0 0 0
1.13667 0 0 0 0
1.14333 0 0 0 0
1.15 0 0 0 0
1.15667 0 0 0 0
1.16333 0 0 0 0
1.17 0 0 0 0
1.17667 0 0 0 0
1.18333 0 0 0 0
1.19 0 0 0 0
1.19667 0 0 0 0
1.20333 0 0 0 0
1.21 0 0 0 0
1.21667 0 0 0 0
1.22333 0 0 0 0
1.23 0 0 0 0
1.23667 0 0 0 0
1.24333 0 0 0 0
1.25 0 0 0 0
1.25667 0 0 0 0
1.26333 0 0 0 0
1.27 0 0 0 0
1.27667 0 0 0 0
1.28333 0 0 0 0
1.29 0 0 0 0
1.29667 0 0 0 0
1.30333 0 0 0 0
1.31 0 0 0 0
1.31667 0 0 0 0
1.32333 0 0 0 0
1.33 0 0 0 0
1.33667 0 0 0 0
1.34333 0 0 0 0
1.35 0 0 0 0
1.35667 0 0 0 0
1.36333 0 0 0 0
1.37 0 0 0 0
1.37667 0 0 0 0
1.38333 0 0 0 0
1.39 0 0 0 0
1.39667 0 0 0 0
1.40333 0 0 0 0
1.41 0 0 0 0
1.41667 0 0 0 0
1.42333 0 0 0 0
1.43 0 0 0 0
1.43667 0 0 0 0
1.44333 0 0 0 0
1.45 0 0 0 0
1.45667 0 0 0 0
1.46333 0 0 0 0
1.47 0 0 0 0
1.47667 0 0 0 0
1.48333 0 0 0 0
1.49 0 0 0 0
1.49667 0 0 0 0
1.50333 0 0 0 0
1.51 0 0 0 0
1.51667 0 0 0 0
1.52333 0 0 0 0
1.53 0 0 0 0
1.53667 0 0 0 0
1.54333 0 0 0 0
1.55 0 0 0 0
1.55667 0 0 0 0
1.56333 0 0 0 0
1.57 0 0 0 0
1.57667 0 0 0 0
1.58333 0 0 0 0
1.59 0 0 0 0
1.59667 0 0 0 0
1.60333 0 0 0 0
1.61 0 0 0 0
1.61667 0 0 0 0
1.62333 0 0 0 0
1.63 0 0 0 0
1.63667 0 0 0 0
1.64333 0 0 0 0
1.65 0 0 0 0
1.65667 0 0 0 0
1.66333 0 0 0 0
1.67 0 0 0 0
1.67667 0 0 0 0
1.68333 0 0 0 0
1.69 0 0 0 0
1.69667 0 0 0 0
1.70333 0 0 0 0
1.71 0 0 0 0
1.71667 0 0 0 0
1.72333 0 0 0 0
1.73 0 0 0 0
1.73667 0 0 0 0
1.74333 0 0 0 0
1.75 0 0 0 0
1.75667 0 0 0 0
1.76333 0 0 0 0
1.77 0 0 0 0
1.77667 0 0 0 0
1.78333 0 0 0 0
1.79 0 0 0 0
1.79667 0 0 0 0
1.80333 0 0 0 0
1.81 0 0 0 0
1.81667 0 0 0 0
1.82333 0 0 0 0
1.83 0 0 0 0
1.83667 0 0 0 0
1.84333 0 0 0 0
1.85 0 0 0 0
1.85667 0 0 0 0
1.86333 0 0 0 0
1.87 0 0 0 0
1.87667 0 0 0 0
1.88333 0 0 0 0
1.89 0 0 0 0
1.89667 0 0 0 0
1.90333 0 0 0 0
1.91 0 0 0 0
1.91667 0 0 0 0
1.92333 0 0 0 0
1.93 0 0 0 0
1.93667 0 0 0 0
1.94333 0 0 0 0
1.95 0 0 0 0
1.95667 0 0 0 0
1.96333 0 0 0 0
1.97 0 0 0 0
1.97667 0 0 0 0
1.98333 0 0 0 0
1.99 0 0 0 0
1.99667 0 0 0 0
