0.00333333 0 0 7 89
0.01 0 1 9 104
0.0166667 2 0 12 112
0.0233333 2 2 19 137
0.03 0 1 17 111
0.0366667 1 1 19 144
0.0433333 1 0 23 164
0.05 4 1 27 183
0.0566667 3 5 41 210
0.0633333 0 4 35 234
0.07 2 2 43 201
0.0766667 2 2 46 256
0.0833333 3 6 41 254
0.09 2 4 45 254
0.0966667 3 2 36 289
0.103333 3 2 27 271
0.11 3 3 44 277
0.116667 1 0 30 340
0.123333 1 2 34 314
0.13 3 3 34 289
0.136667 4 1 32 315
0.143333 1 1 26 313
0.15 1 2 28 308
0.156667 1 2 30 296
0.163333 1 5 28 273
0.17 0 3 21 292
0.176667 1 3 22 294
0.183333 2 3 31 320
0.19 2 2 25 388
0.196667 2 0 27 367
0.203333 1 0 29 350
0.21 4 4 22 326
0.216667 3 2 19 345
0.223333 6 0 16 296
0.23 1 1 20 298
0.236667 4 2 16 271
0.243333 1 0 14 241
0.25 2 0 17 259
0.256667 1 2 11 216
0.263333 0 3 21 218
0.27 1 2 15 203
0.276667 0 2 9 225
0.283333 3 1 19 202
0.29 2 1 12 193
0.296667 1 0 17 218
0.303333 2 0 9 208
0.31 4 0 9 205
0.316667 4 2 13 161
0.323333 0 4 14 199
0.33 1 0 17 162
0.336667 2 3 21 159
0.343333 1 1 13 142
0.35 1 1 11 169
0.356667 0 1 18 165
0.363333 1 1 10 151
0.37 0 4 14 133
0.376667 0 2 22 140
0.383333 1 3 9 136
0.39 0 2 8 141
0.396667 1 3 12 137
0.403333 0 2 14 135
0.41 1 2 9 144
0.416667 1 0 8 127
0.423333 0 0 9 134
0.43 1 2 19 142
0.436667 3 1 6 139
0.443333 2 1 8 133
0.45 1 1 12 132
0.456667 1 0 10 141
0.463333 2 0 15 145
0.47 1 2 7 154
0.476667 3 1 7 122
0.483333 4 2 9 88
0.49 1 0 10 75
0.496667 0 0 5 68
0.503333 1 1 5 71
0.51 0 0 6 63
0.516667 1 1 2 65
0.523333 1 0 8 72
0.53 1 0 4 54
0.536667 1 0 4 67
0.543333 1 0 11 55
0.55 0 1 8 43
0.556667 0 1 5 52
0.563333 0 1 8 42
0.57 0 2 5 47
0.576667 0 0 6 55
0.583333 0 0 8 49
0.59 1 1 5 42
0.596667 0 0 5 43
0.603333 0 0 7 33
0.61 2 1 5 40
0.616667 0 0 3 46
0.623333 1 1 4 46
0.63 4 0 5 53
0.636667 0 0 5 72
0.643333 0 1 4 44
0.65 1 1 0 36
0.656667 3 1 6 41
0.663333 42 15 142 6178
0.67 0 0 0 0
0.676667 0 0 0 0
0.683333 0 0 0 0
0.69 0 0 0 0
0.696667 0 0 0 0
0.703333 0 0 0 0
0.71 0 0 0 0
0.716667 0 0 0 0
0.723333 0 0 0 0
0.73 0 0 0 0
0.736667 0 0 0 0
0.743333 0 0 0 0
0.75 0 0 0 0
0.756667 0 0 0 0
0.763333 0 0 0 0
0.77 0 0 0 0
0.776667 0 0 0 0
0.783333 0 0 0 0
0.79 0 0 0 0
0.796667 0 0 0 0
0.803333 0 0 0 0
0.81 0 0 0 0
0.816667 0 0 0 0
0.823333 0 0 0 0
0.83 0 0 0 0
0.836667 0 0 0 0
0.843333 0 0 0 0
0.85 0 0 0 0
0.856667 0 0 0 0
0.863333 0 0 0 0
0.87 0 0 0 0
0.876667 0 0 0 0
0.883333 0 0 0 0
0.89 0 0 0 0
0.896667 0 0 0 0
0.903333 0 0 0 0
0.91 0 0 0 0
0.916667 0 0 0 0
0.923333 0 0 0 0
0.93 0 0 0 0
0.936667 0 0 0 0
0.943333 0 0 0 0
0.95 0 0 0 0
0.956667 0 0 0 0
0.963333 0 0 0 0
0.97 0 0 0 0
0.976667 0 0 0 0
0.983333 0 0 0 0
0.99 0 0 0 0
0.996667 0 0 0 0
1.00333 0 0 0 0
1.01 0 0 0 0
1.01667 0 0 0 0
1.02333 0 0 0 0
1.03 0 0 0 0
1.03667 0 0 0 0
1.04333 0 0 0 0
1.05 0 0 0 0
1.05667 0 0 0 0
1.06333 0 0 0 0
1.07 0 0 0 0
1.07667 0 0 0 0
1.08333 0 0 0 0
1.09 0 0 0 0
1.09667 0 0 0 0
1.10333 0 0 0 0
1.11 0 0 0 0
1.11667 0 0 0 0
1.12333 0 0 0 0
1.13 0 0 0 0
1.13667 0 0 0 0
1.14333 0 0 0 0
1.15 0 0 0 0
1.15667 0 0 0 0
1.16333 0 0 0 0
1.17 0 0 0 0
1.17667 0 0 0 0
1.18333 0 0 0 0
1.19 0 0 0 0
1.19667 0 0 0 0
1.20333 0 0 0 0
1.21 0 0 0 0
1.21667 0 0 0 0
1.22333 0 0 0 0
1.23 0 0 0 0
1.23667 0 0 0 0
1.24333 0 0 0 0
1.25 0 0 0 0
1.25667 0 0 0 0
1.26333 0 0 0 0
1.27 0 0 0 0
1.27667 0 0 0 0
1.28333 0 0 0 0
1.29 0 0 0 0
1.29667 0 0 0 0
1.30333 0 0 0 0
1.31 0 0 0 0
1.31667 0 0 0 0
1.32333 0 0 0 0
1.33 0 0 0 0
1.33667 0 0 0 0
1.34333 0 0 0 0
1.35 0 0 0 0
1.35667 0 0 0 0
1.36333 0 0 0 0
1.37 0 0 0 0
1.37667 0 0 0 0
1.38333 0 0 0 0
1.39 0 0 0 0
1.39667 0 0 0 0
1.40333 0 0 0 0
1.41 0 0 0 0
1.41667 0 0 0 0
1.42333 0 0 0 0
1.43 0 0 0 0
1.43667 0 0 0 0
1.44333 0 0 0 0
1.45 0 0 0 0
1.45667 0 0 0 0
1.46333 0 0 0 0
1.47 0 0 0 0
1.47667 0 0 0 0
1.48333 0 0 0 0
1.49 0 0 0 0
1.49667 0 0 0 0
1.50333 0 0 0 0
1.51 0 0 0 0
1.51667 0 0 0 0
1.52333 0 0 0 0
1.53 0 0 0 0
1.53667 0 0 0 0
1.54333 0 0 0 0
1.55 0 0 0 0
1.55667 0 0 0 0
1.56333 0 0 0 0
1.57 0 0 0 0
1.57667 0 0 0 0
1.58333 0 0 0 0
1.59 0 0 0 0
1.59667 0 0 0 0
1.60333 0 0 0 0
1.61 0 0 0 0
1.61667 0 0 0 0
1.62333 0 0 0 0
1.63 0 0 0 0
1.63667 0 0 0 0
1.64333 0 0 0 0
1.65 0 0 0 0
1.65667 0 0 0 0
1.66333 0 0 0 0
1.67 0 0 0 0
1.67667 0 0 0 0
1.68333 0 0 0 0
1.69 0 0 0 0
1.69667 0 0 0 0
1.70333 0 0 0 0
1.71 0 0 0 0
1.71667 0 0 0 0
1.72333 0 0 0 0
1.73 0 0 0 0
1.73667 0 0 0 0
1.74333 0 0 0 0
1.75 0 0 0 0
1.75667 0 0 0 0
1.76333 0 0 0 0
1.77 0 0 0 0
1.77667 0 0 0 0
1.78333 0 0 0 0
1.79 0 0 0 0
1.79667 0 0 0 0
1.80333 0 0 0 0
1.81 0 0 0 0
1.81667 0 0 0 0
1.82333 0 0 0 0
1.83 0 0 0 0
1.83667 0 0 0 0
1.84333 0 0 0 0
1.85 0 0 0 0
1.85667 0 0 0 0
1.86333 0 0 0 0
1.87 0 0 0 0
1.87667 0 0 0 0
1.88333 0 0 0 0
1.89 0 0 0 0
1.89667 0 0 0 0
1.90333 0 0 0 0
1.91 0 0 0 0
1.91667 0 0 0 0
1.92333 0 0 0 0
1.93 0 0 0 0
1.93667 0 0 0 0
1.94333 0 0 0 0
1.95 0 0 0 0
1.95667 0 0 0 0
1.96333 0 0 0 0
1.97 0 0 0 0
1.97667 0 0 0 0
1.98333 0 0 0 0
1.99 0 0 0 0
1.99667 0 0 0 0
