0.00333333 12 3 6 21
0.01 8 4 14 26
0.0166667 6 5 12 22
0.0233333 6 3 12 31
0.03 6 5 16 35
0.0366667 10 10 21 34
0.0433333 11 10 34 31
0.05 15 8 37 46
0.0566667 12 5 35 41
0.0633333 11 12 34 39
0.07 8 9 48 62
0.0766667 14 14 41 53
0.0833333 15 6 51 59
0.09 11 16 37 59
0.0966667 20 10 46 40
0.103333 10 16 38 40
0.11 11 8 40 48
0.116667 14 14 41 54
0.123333 21 16 43 56
0.13 14 14 23 62
0.136667 18 6 32 52
0.143333 14 7 32 53
0.15 14 7 32 33
0.156667 17 6 31 51
0.163333 17 4 27 55
0.17 13 11 37 55
0.176667 11 10 32 53
0.183333 16 8 23 60
0.19 23 8 27 67
0.196667 26 11 28 63
0.203333 10 9 18 73
0.21 14 7 19 63
0.216667 25 10 24 48
0.223333 18 8 12 54
0.23 15 5 27 43
0.236667 13 13 28 34
0.243333 10 7 17 56
0.25 16 6 15 57
0.256667 17 8 21 55
0.263333 11 9 21 56
0.27 15 9 28 40
0.276667 10 5 24 46
0.283333 8 5 25 46
0.29 19 5 20 39
0.296667 12 6 21 53
0.303333 11 6 17 50
0.31 16 7 27 43
0.316667 18 1 17 42
0.323333 9 5 25 38
0.33 16 6 21 33
0.336667 15 3 21 39
0.343333 12 6 18 35
0.35 11 5 19 23
0.356667 5 7 22 41
0.363333 14 6 21 32
0.37 10 4 19 31
0.376667 13 6 16 39
0.383333 13 7 12 30
0.39 16 5 11 40
0.396667 11 3 20 44
0.403333 11 6 17 37
0.41 12 7 25 46
0.416667 15 6 17 35
0.423333 10 3 18 39
0.43 16 5 14 39
0.436667 12 7 12 31
0.443333 13 3 17 45
0.45 14 5 14 28
0.456667 13 3 13 37
0.463333 18 8 15 47
0.47 9 4 7 31
0.476667 10 5 20 34
0.483333 5 0 12 18
0.49 5 5 15 22
0.496667 4 3 10 15
0.503333 12 1 11 13
0.51 1 4 9 19
0.516667 6 3 14 12
0.523333 5 4 15 4
0.53 3 4 11 17
0.536667 6 3 10 14
0.543333 7 2 9 8
0.55 4 5 9 11
0.556667 2 3 9 9
0.563333 6 0 10 2
0.57 3 3 8 8
0.576667 3 3 12 13
0.583333 5 2 7 12
0.59 3 5 4 7
0.596667 0 3 10 6
0.603333 6 4 9 2
0.61 3 5 8 5
0.616667 2 5 6 4
0.623333 4 3 7 8
0.63 1 3 6 4
0.636667 3 2 7 11
0.643333 4 3 9 4
0.65 1 3 9 3
0.656667 1 2 7 0
0.663333 683 84 245 1924
0.67 0 0 0 0
0.676667 0 0 0 0
0.683333 0 0 0 0
0.69 0 0 0 0
0.696667 0 0 0 0
0.703333 0 0 0 0
0.71 0 0 0 0
0.716667 0 0 0 0
0.723333 0 0 0 0
0.73 0 0 0 0
0.736667 0 0 0 0
0.743333 0 0 0 0
0.75 0 0 0 0
0.756667 0 0 0 0
0.763333 0 0 0 0
0.77 0 0 0 0
0.776667 0 0 0 0
0.783333 0 0 0 0
0.79 0 0 0 0
0.796667 0 0 0 0
0.803333 0 0 0 0
0.81 0 0 0 0
0.816667 0 0 0 0
0.823333 0 0 0 0
0.83 0 0 0 0
0.836667 0 0 0 0
0.843333 0 0 0 0
0.85 0 0 0 0
0.856667 0 0 0 0
0.863333 0 0 0 0
0.87 0 0 0 0
0.876667 0 0 0 0
0.883333 0 0 0 0
0.89 0 0 0 0
0.896667 0 0 0 0
0.903333 0 0 0 0
0.91 0 0 0 0
0.916667 0 0 0 0
0.923333 0 0 0 0
0.93 0 0 0 0
0.936667 0 0 0 0
0.943333 0 0 0 0
0.95 0 0 0 0
0.956667 0 0 0 0
0.963333 0 0 0 0
0.97 0 0 0 0
0.976667 0 0 0 0
0.983333 0 0 0 0
0.99 0 0 0 0
0.996667 0 0 0 0
1.00333 0 0 0 0
1.01 0 0 0 0
1.01667 0 0 0 0
1.02333 0 0 0 0
1.03 0 0 0 0
1.03667 0 0 0 0
1.04333 0 0 0 0
1.05 0 0 0 0
1.05667 0 0 0 0
1.06333 0 0 0 0
1.07 0 0 0 0
1.07667 0 0 0 0
1.08333 0 0 0 0
1.09 0 0 0 0
1.09667 0 0 0 0
1.10333 0 0 0 0
1.11 0 0 0 0
1.11667 0 0 0 0
1.12333 0 0 0 0
1.13 0 0 0 0
1.13667 0 0 0 0
1.14333 0 0 0 0
1.15 0 0 0 0
1.15667 0 0 0 0
1.16333 0 0 0 0
1.17 0 0 0 0
1.17667 0 0 0 0
1.18333 0 0 0 0
1.19 0 0 0 0
1.19667 0 0 0 0
1.20333 0 0 0 0
1.21 0 0 0 0
1.21667 0 0 0 0
1.22333 0 0 0 0
1.23 0 0 0 0
1.23667 0 0 0 0
1.24333 0 0 0 0
1.25 0 0 0 0
1.25667 0 0 0 0
1.26333 0 0 0 0
1.27 0 0 0 0
1.27667 0 0 0 0
1.28333 0 0 0 0
1.29 0 0 0 0
1.29667 0 0 0 0
1.30333 0 0 0 0
1.31 0 0 0 0
1.31667 0 0 0 0
1.32333 0 0 0 0
1.33 0 0 0 0
1.33667 0 0 0 0
1.34333 0 0 0 0
1.35 0 0 0 0
1.35667 0 0 0 0
1.36333 0 0 0 0
1.37 0 0 0 0
1.37667 0 0 0 0
1.38333 0 0 0 0
1.39 0 0 0 0
1.39667 0 0 0 0
1.40333 0 0 0 0
1.41 0 0 0 0
1.41667 0 0 0 0
1.42333 0 0 0 0
1.43 0 0 0 0
1.43667 0 0 0 0
1.44333 0 0 0 0
1.45 0 0 0 0
1.45667 0 0 0 0
1.46333 0 0 0 0
1.47 0 0 0 0
1.47667 0 0 0 0
1.48333 0 0 0 0
1.49 0 0 0 0
1.49667 0 0 0 0
1.50333 0 0 0 0
1.51 0 0 0 0
1.51667 0 0 0 0
1.52333 0 0 0 0
1.53 0 0 0 0
1.53667 0 0 0 0
1.54333 0 0 0 0
1.55 0 0 0 0
1.55667 0 0 0 0
1.56333 0 0 0 0
1.57 0 0 0 0
1.57667 0 0 0 0
1.58333 0 0 0 0
1.59 0 0 0 0
1.59667 0 0 0 0
1.60333 0 0 0 0
1.61 0 0 0 0
1.61667 0 0 0 0
1.62333 0 0 0 0
1.63 0 0 0 0
1.63667 0 0 0 0
1.64333 0 0 0 0
1.65 0 0 0 0
1.65667 0 0 0 0
1.66333 0 0 0 0
1.67 0 0 0 0
1.67667 0 0 0 0
1.68333 0 0 0 0
1.69 0 0 0 0
1.69667 0 0 0 0
1.70333 0 0 0 0
1.71 0 0 0 0
1.71667 0 0 0 0
1.72333 0 0 0 0
1.73 0 0 0 0
1.73667 0 0 0 0
1.74333 0 0 0 0
1.75 0 0 0 0
1.75667 0 0 0 0
1.76333 0 0 0 0
1.77 0 0 0 0
1.77667 0 0 0 0
1.78333 0 0 0 0
1.79 0 0 0 0
1.79667 0 0 0 0
1.80333 0 0 0 0
1.81 0 0 0 0
1.81667 0 0 0 0
1.82333 0 0 0 0
1.83 0 0 0 0
1.83667 0 0 0 0
1.84333 0 0 0 0
1.85 0 0 0 0
1.85667 0 0 0 0
1.86333 0 0 0 0
1.87 0 0 0 0
1.87667 0 0 0 0
1.88333 0 0 0 0
1.89 0 0 0 0
1.89667 0 0 0 0
1.90333 0 0 0 0
1.91 0 0 0 0
1.91667 0 0 0 0
1.92333 0 0 0 0
1.93 0 0 0 0
1.93667 0 0 0 0
1.94333 0 0 0 0
1.95 0 0 0 0
1.95667 0 0 0 0
1.96333 0 0 0 0
1.97 0 0 0 0
1.97667 0 0 0 0
1.98333 0 0 0 0
1.99 0 0 0 0
1.99667 0 0 0 0
