0.00333333 111 39 0 1
0.01 111 44 2 1
0.0166667 132 54 2 2
0.0233333 136 44 2 4
0.03 141 51 2 1
0.0366667 170 54 3 3
0.0433333 195 93 3 2
0.05 228 105 3 5
0.0566667 258 122 3 2
0.0633333 282 120 3 9
0.07 291 135 5 2
0.0766667 322 166 5 6
0.0833333 337 162 6 9
0.09 350 154 9 2
0.0966667 332 167 2 4
0.103333 350 140 6 8
0.11 341 116 3 4
0.116667 424 164 7 5
0.123333 395 138 4 3
0.13 359 175 5 7
0.136667 370 125 4 5
0.143333 364 119 2 6
0.15 339 125 2 4
0.156667 346 133 4 3
0.163333 327 117 4 5
0.17 329 109 6 4
0.176667 310 124 3 5
0.183333 390 125 3 5
0.19 457 128 6 8
0.196667 442 117 4 4
0.203333 394 121 6 5
0.21 407 103 6 4
0.216667 361 117 4 6
0.223333 350 111 9 5
0.23 319 95 4 6
0.236667 274 107 7 8
0.243333 270 86 2 6
0.25 275 82 6 5
0.256667 242 67 3 9
0.263333 228 84 4 4
0.27 210 87 2 0
0.276667 207 82 3 1
0.283333 200 74 2 3
0.29 201 80 2 3
0.296667 184 70 2 2
0.303333 176 80 4 2
0.31 183 73 5 2
0.316667 174 74 2 3
0.323333 177 62 5 4
0.33 157 68 1 3
0.336667 160 45 6 3
0.343333 136 59 0 4
0.35 163 50 5 2
0.356667 144 52 5 4
0.363333 157 42 1 0
0.37 138 70 3 1
0.376667 148 58 4 3
0.383333 137 48 4 2
0.39 160 55 4 3
0.396667 130 47 1 1
0.403333 156 46 2 1
0.41 152 53 2 1
0.416667 114 50 2 3
0.423333 140 61 2 2
0.43 130 58 2 3
0.436667 143 46 1 3
0.443333 121 40 0 6
0.45 148 51 3 0
0.456667 142 57 1 1
0.463333 137 36 2 4
0.47 155 57 0 3
0.476667 120 39 5 1
0.483333 70 37 3 3
0.49 70 36 3 4
0.496667 62 23 2 2
0.503333 58 33 2 2
0.51 65 32 2 0
0.516667 67 26 4 2
0.523333 48 21 3 1
0.53 57 26 1 2
0.536667 66 29 1 2
0.543333 52 24 3 1
0.55 50 25 1 2
0.556667 46 25 2 2
0.563333 43 19 2 1
0.57 45 33 0 2
0.576667 63 15 1 1
0.583333 61 33 1 3
0.59 38 20 0 1
0.596667 37 21 0 3
0.603333 45 21 3 0
0.61 45 17 4 2
0.616667 48 23 3 4
0.623333 52 25 0 2
0.63 36 37 0 3
0.636667 67 21 0 3
0.643333 46 27 1 1
0.65 35 29 1 2
0.656667 25 16 4 2
0.663333 6055 1343 20 87
0.67 0 0 0 0
0.676667 0 0 0 0
0.683333 0 0 0 0
0.69 0 0 0 0
0.696667 0 0 0 0
0.703333 0 0 0 0
0.71 0 0 0 0
0.716667 0 0 0 0
0.723333 0 0 0 0
0.73 0 0 0 0
0.736667 0 0 0 0
0.743333 0 0 0 0
0.75 0 0 0 0
0.756667 0 0 0 0
0.763333 0 0 0 0
0.77 0 0 0 0
0.776667 0 0 0 0
0.783333 0 0 0 0
0.79 0 0 0 0
0.796667 0 0 0 0
0.803333 0 0 0 0
0.81 0 0 0 0
0.816667 0 0 0 0
0.823333 0 0 0 0
0.83 0 0 0 0
0.836667 0 0 0 0
0.843333 0 0 0 0
0.85 0 0 0 0
0.856667 0 0 0 0
0.863333 0 0 0 0
0.87 0 0 0 0
0.876667 0 0 0 0
0.883333 0 0 0 0
0.89 0 0 0 0
0.896667 0 0 0 0
0.903333 0 0 0 0
0.91 0 0 0 0
0.916667 0 0 0 0
0.923333 0 0 0 0
0.93 0 0 0 0
0.936667 0 0 0 0
0.943333 0 0 0 0
0.95 0 0 0 0
0.956667 0 0 0 0
0.963333 0 0 0 0
0.97 0 0 0 0
0.976667 0 0 0 0
0.983333 0 0 0 0
0.99 0 0 0 0
0.996667 0 0 0 0
1.00333 0 0 0 0
1.01 0 0 0 0
1.01667 0 0 0 0
1.02333 0 0 0 0
1.03 0 0 0 0
1.03667 0 0 0 0
1.04333 0 0 0 0
1.05 0 0 0 0
1.05667 0 0 0 0
1.06333 0 0 0 0
1.07 0 0 0 0
1.07667 0 0 0 0
1.08333 0 0 0 0
1.09 0 0 0 0
1.09667 0 0 0 0
1.10333 0 0 0 0
1.11 0 0 0 0
1.11667 0 0 0 0
1.12333 0 0 0 0
1.13 0 0 0 0
1.13667 0 0 0 0
1.14333 0 0 0 0
1.15 0 0 0 0
1.15667 0 0 0 0
1.16333 0 0 0 0
1.17 0 0 0 0
1.17667 0 0 0 0
1.18333 0 0 0 0
1.19 0 0 0 0
1.19667 0 0 0 0
1.20333 0 0 0 0
1.21 0 0 0 0
1.21667 0 0 0 0
1.22333 0 0 0 0
1.23 0 0 0 0
1.23667 0 0 0 0
1.24333 0 0 0 0
1.25 0 0 0 0
1.25667 0 0 0 0
1.26333 0 0 0 0
1.27 0 0 0 0
1.27667 0 0 0 0
1.28333 0 0 0 0
1.29 0 0 0 0
1.29667 0 0 0 0
1.30333 0 0 0 0
1.31 0 0 0 0
1.31667 0 0 0 0
1.32333 0 0 0 0
1.33 0 0 0 0
1.33667 0 0 0 0
1.34333 0 0 0 0
1.35 0 0 0 0
1.35667 0 0 0 0
1.36333 0 0 0 0
1.37 0 0 0 0
1.37667 0 0 0 0
1.38333 0 0 0 0
1.39 0 0 0 0
1.39667 0 0 0 0
1.40333 0 0 0 0
1.41 0 0 0 0
1.41667 0 0 0 0
1.42333 0 0 0 0
1.43 0 0 0 0
1.43667 0 0 0 0
1.44333 0 0 0 0
1.45 0 0 0 0
1.45667 0 0 0 0
1.46333 0 0 0 0
1.47 0 0 0 0
1.47667 0 0 0 0
1.48333 0 0 0 0
1.49 0 0 0 0
1.49667 0 0 0 0
1.50333 0 0 0 0
1.51 0 0 0 0
1.51667 0 0 0 0
1.52333 0 0 0 0
1.53 0 0 0 0
1.53667 0 0 0 0
1.54333 0 0 0 0
1.55 0 0 0 0
1.55667 0 0 0 0
1.56333 0 0 0 0
1.57 0 0 0 0
1.57667 0 0 0 0
1.58333 0 0 0 0
1.59 0 0 0 0
1.59667 0 0 0 0
1.60333 0 0 0 0
1.61 0 0 0 0
1.61667 0 0 0 0
1.62333 0 0 0 0
1.63 0 0 0 0
1.63667 0 0 0 0
1.64333 0 0 0 0
1.65 0 0 0 0
1.65667 0 0 0 0
1.66333 0 0 0 0
1.67 0 0 0 0
1.67667 0 0 0 0
1.68333 0 0 0 0
1.69 0 0 0 0
1.69667 0 0 0 0
1.70333 0 0 0 0
1.71 0 0 0 0
1.71667 0 0 0 0
1.72333 0 0 0 0
1.73 0 0 0 0
1.73667 0 0 0 0
1.74333 0 0 0 0
1.75 0 0 0 0
1.75667 0 0 0 0
1.76333 0 0 0 0
1.77 0 0 0 0
1.77667 0 0 0 0
1.78333 0 0 0 0
1.79 0 0 0 0
1.79667 0 0 0 0
1.80333 0 0 0 0
1.81 0 0 0 0
1.81667 0 0 0 0
1.82333 0 0 0 0
1.83 0 0 0 0
1.83667 0 0 0 0
1.84333 0 0 0 0
1.85 0 0 0 0
1.85667 0 0 0 0
1.86333 0 0 0 0
1.87 0 0 0 0
1.87667 0 0 0 0
1.88333 0 0 0 0
1.89 0 0 0 0
1.89667 0 0 0 0
1.90333 0 0 0 0
1.91 0 0 0 0
1.91667 0 0 0 0
1.92333 0 0 0 0
1.93 0 0 0 0
1.93667 0 0 0 0
1.94333 0 0 0 0
1.95 0 0 0 0
1.95667 0 0 0 0
1.96333 0 0 0 0
1.97 0 0 0 0
1.97667 0 0 0 0
1.98333 0 0 0 0
1.99 0 0 0 0
1.99667 0 0 0 0
