0.00333333 47 82 4 0
0.01 55 103 0 0
0.0166667 46 102 3 0
0.0233333 66 98 4 2
0.03 75 104 2 1
0.0366667 84 138 7 1
0.0433333 90 136 5 3
0.05 123 144 9 3
0.0566667 124 184 8 2
0.0633333 157 190 13 0
0.07 182 223 7 1
0.0766667 192 210 1 1
0.0833333 185 222 11 2
0.09 172 234 4 2
0.0966667 203 250 6 3
0.103333 185 252 4 2
0.11 186 244 8 3
0.116667 194 240 5 4
0.123333 191 261 12 3
0.13 149 224 6 3
0.136667 166 215 4 3
0.143333 179 223 8 3
0.15 181 233 3 1
0.156667 154 232 10 2
0.163333 147 221 6 1
0.17 133 241 5 3
0.176667 152 227 9 4
0.183333 145 247 5 3
0.19 174 272 7 1
0.196667 191 291 2 2
0.203333 176 264 2 5
0.21 153 222 2 1
0.216667 148 207 6 2
0.223333 111 217 9 2
0.23 132 195 4 4
0.236667 128 211 1 1
0.243333 129 180 3 1
0.25 114 169 5 2
0.256667 113 192 5 1
0.263333 97 144 6 5
0.27 91 148 4 1
0.276667 95 158 6 0
0.283333 91 135 1 3
0.29 100 147 4 0
0.296667 84 123 1 2
0.303333 91 148 5 0
0.31 81 130 5 1
0.316667 73 124 2 0
0.323333 78 104 4 3
0.33 70 119 3 0
0.336667 76 134 1 0
0.343333 71 93 3 1
0.35 72 132 4 1
0.356667 73 123 1 2
0.363333 65 116 4 1
0.37 60 92 8 0
0.376667 70 97 3 2
0.383333 81 108 1 1
0.39 46 106 3 2
0.396667 58 87 2 1
0.403333 63 93 3 1
0.41 70 108 4 2
0.416667 61 101 3 1
0.423333 57 92 2 2
0.43 65 80 4 3
0.436667 57 98 5 2
0.443333 73 83 1 0
0.45 67 91 5 0
0.456667 59 91 1 0
0.463333 75 105 6 1
0.47 76 88 6 1
0.476667 49 72 2 1
0.483333 35 57 0 3
0.49 40 49 4 1
0.496667 39 38 0 0
0.503333 28 36 3 1
0.51 36 44 2 0
0.516667 26 41 1 0
0.523333 32 40 0 2
0.53 34 40 2 0
0.536667 36 39 2 1
0.543333 35 39 2 0
0.55 32 27 1 1
0.556667 33 34 4 1
0.563333 26 25 1 1
0.57 26 33 1 0
0.576667 30 36 3 0
0.583333 34 36 1 0
0.59 29 35 1 0
0.596667 25 40 2 0
0.603333 23 37 1 0
0.61 40 35 0 0
0.616667 30 36 2 1
0.623333 28 26 2 0
0.63 24 43 4 0
0.636667 40 38 0 2
0.643333 21 17 2 1
0.65 25 18 0 2
0.656667 29 31 0 1
0.663333 1866 4162 47 12
0.67 0 0 0 0
0.676667 0 0 0 0
0.683333 0 0 0 0
0.69 0 0 0 0
0.696667 0 0 0 0
0.703333 0 0 0 0
0.71 0 0 0 0
0.716667 0 0 0 0
0.723333 0 0 0 0
0.73 0 0 0 0
0.736667 0 0 0 0
0.743333 0 0 0 0
0.75 0 0 0 0
0.756667 0 0 0 0
0.763333 0 0 0 0
0.77 0 0 0 0
0.776667 0 0 0 0
0.783333 0 0 0 0
0.79 0 0 0 0
0.796667 0 0 0 0
0.803333 0 0 0 0
0.81 0 0 0 0
0.816667 0 0 0 0
0.823333 0 0 0 0
0.83 0 0 0 0
0.836667 0 0 0 0
0.843333 0 0 0 0
0.85 0 0 0 0
0.856667 0 0 0 0
0.863333 0 0 0 0
0.87 0 0 0 0
0.876667 0 0 0 0
0.883333 0 0 0 0
0.89 0 0 0 0
0.896667 0 0 0 0
0.903333 0 0 0 0
0.91 0 0 0 0
0.916667 0 0 0 0
0.923333 0 0 0 0
0.93 0 0 0 0
0.936667 0 0 0 0
0.943333 0 0 0 0
0.95 0 0 0 0
0.956667 0 0 0 0
0.963333 0 0 0 0
0.97 0 0 0 0
0.976667 0 0 0 0
0.983333 0 0 0 0
0.99 0 0 0 0
0.996667 0 0 0 0
1.00333 0 0 0 0
1.01 0 0 0 0
1.01667 0 0 0 0
1.02333 0 0 0 0
1.03 0 0 0 0
1.03667 0 0 0 0
1.04333 0 0 0 0
1.05 0 0 0 0
1.05667 0 0 0 0
1.06333 0 0 0 0
1.07 0 0 0 0
1.07667 0 0 0 0
1.08333 0 0 0 0
1.09 0 0 0 0
1.09667 0 0 0 0
1.10333 0 0 0 0
1.11 0 0 0 0
1.11667 0 0 0 0
1.12333 0 0 0 0
1.13 0 0 0 0
1.13667 0 0 0 0
1.14333 0 0 0 0
1.15 0 0 0 0
1.15667 0 0 0 0
1.16333 0 0 0 0
1.17 0 0 0 0
1.17667 0 0 0 0
1.18333 0 0 0 0
1.19 0 0 0 0
1.19667 0 0 0 0
1.20333 0 0 0 0
1.21 0 0 0 0
1.21667 0 0 0 0
1.22333 0 0 0 0
1.23 0 0 0 0
1.23667 0 0 0 0
1.24333 0 0 0 0
1.25 0 0 0 0
1.25667 0 0 0 0
1.26333 0 0 0 0
1.27 0 0 0 0
1.27667 0 0 0 0
1.28333 0 0 0 0
1.29 0 0 0 0
1.29667 0 0 0 0
1.30333 0 0 0 0
1.31 0 0 0 0
1.31667 0 0 0 0
1.32333 0 0 0 0
1.33 0 0 0 0
1.33667 0 0 0 0
1.34333 0 0 0 0
1.35 0 0 0 0
1.35667 0 0 0 0
1.36333 0 0 0 0
1.37 0 0 0 0
1.37667 0 0 0 0
1.38333 0 0 0 0
1.39 0 0 0 0
1.39667 0 0 0 0
1.40333 0 0 0 0
1.41 0 0 0 0
1.41667 0 0 0 0
1.42333 0 0 0 0
1.43 0 0 0 0
1.43667 0 0 0 0
1.44333 0 0 0 0
1.45 0 0 0 0
1.45667 0 0 0 0
1.46333 0 0 0 0
1.47 0 0 0 0
1.47667 0 0 0 0
1.48333 0 0 0 0
1.49 0 0 0 0
1.49667 0 0 0 0
1.50333 0 0 0 0
1.51 0 0 0 0
1.51667 0 0 0 0
1.52333 0 0 0 0
1.53 0 0 0 0
1.53667 0 0 0 0
1.54333 0 0 0 0
1.55 0 0 0 0
1.55667 0 0 0 0
1.56333 0 0 0 0
1.57 0 0 0 0
1.57667 0 0 0 0
1.58333 0 0 0 0
1.59 0 0 0 0
1.59667 0 0 0 0
1.60333 0 0 0 0
1.61 0 0 0 0
1.61667 0 0 0 0
1.62333 0 0 0 0
1.63 0 0 0 0
1.63667 0 0 0 0
1.64333 0 0 0 0
1.65 0 0 0 0
1.65667 0 0 0 0
1.66333 0 0 0 0
1.67 0 0 0 0
1.67667 0 0 0 0
1.68333 0 0 0 0
1.69 0 0 0 0
1.69667 0 0 0 0
1.70333 0 0 0 0
1.71 0 0 0 0
1.71667 0 0 0 0
1.72333 0 0 0 0
1.73 0 0 0 0
1.73667 0 0 0 0
1.74333 0 0 0 0
1.75 0 0 0 0
1.75667 0 0 0 0
1.76333 0 0 0 0
1.77 0 0 0 0
1.77667 0 0 0 0
1.78333 0 0 0 0
1.79 0 0 0 0
1.79667 0 0 0 0
1.80333 0 0 0 0
1.81 0 0 0 0
1.81667 0 0 0 0
1.82333 0 0 0 0
1.83 0 0 0 0
1.83667 0 0 0 0
1.84333 0 0 0 0
1.85 0 0 0 0
1.85667 0 0 0 0
1.86333 0 0 0 0
1.87 0 0 0 0
1.87667 0 0 0 0
1.88333 0 0 0 0
1.89 0 0 0 0
1.89667 0 0 0 0
1.90333 0 0 0 0
1.91 0 0 0 0
1.91667 0 0 0 0
1.92333 0 0 0 0
1.93 0 0 0 0
1.93667 0 0 0 0
1.94333 0 0 0 0
1.95 0 0 0 0
1.95667 0 0 0 0
1.96333 0 0 0 0
1.97 0 0 0 0
1.97667 0 0 0 0
1.98333 0 0 0 0
1.99 0 0 0 0
1.99667 0 0 0 0
