0.00333333 44 20 1 0
0.01 47 24 0 0
0.0166667 60 21 4 2
0.0233333 56 26 4 0
0.03 55 26 2 2
0.0366667 83 42 6 0
0.0433333 86 57 3 0
0.05 129 55 4 2
0.0566667 126 72 5 3
0.0633333 149 73 4 0
0.07 154 81 5 3
0.0766667 183 87 3 1
0.0833333 185 77 4 6
0.09 184 100 8 1
0.0966667 160 65 9 0
0.103333 168 85 6 5
0.11 159 80 6 0
0.116667 158 84 6 3
0.123333 169 76 6 2
0.13 168 69 7 3
0.136667 138 68 2 1
0.143333 128 53 5 0
0.15 145 44 5 2
0.156667 138 78 5 1
0.163333 115 52 3 4
0.17 140 53 3 0
0.176667 116 57 7 3
0.183333 133 61 7 2
0.19 135 55 4 2
0.196667 117 46 5 2
0.203333 107 50 3 1
0.21 109 43 2 2
0.216667 112 45 2 1
0.223333 118 45 2 0
0.23 92 52 7 1
0.236667 82 46 9 1
0.243333 98 38 6 1
0.25 95 36 7 1
0.256667 81 35 5 1
0.263333 94 36 5 0
0.27 82 29 3 1
0.276667 89 34 3 0
0.283333 74 29 5 0
0.29 75 35 3 0
0.296667 69 37 2 1
0.303333 72 43 3 1
0.31 87 28 1 2
0.316667 68 29 3 0
0.323333 75 31 0 1
0.33 63 31 5 0
0.336667 76 29 4 0
0.343333 64 33 2 0
0.35 67 28 3 1
0.356667 47 25 3 0
0.363333 60 25 3 0
0.37 54 31 4 1
0.376667 48 18 6 0
0.383333 68 24 1 0
0.39 49 15 1 0
0.396667 57 22 5 1
0.403333 57 18 2 0
0.41 42 20 4 0
0.416667 48 22 1 1
0.423333 53 26 2 0
0.43 52 17 5 0
0.436667 48 26 4 0
0.443333 51 21 4 0
0.45 52 19 2 0
0.456667 54 21 3 0
0.463333 44 19 2 1
0.47 54 17 1 1
0.476667 42 18 0 0
0.483333 40 18 4 1
0.49 41 18 3 0
0.496667 34 9 2 0
0.503333 26 19 2 0
0.51 32 18 0 0
0.516667 29 18 1 0
0.523333 30 11 1 1
0.53 24 11 2 1
0.536667 20 17 1 2
0.543333 16 12 1 0
0.55 28 11 2 1
0.556667 29 13 2 0
0.563333 27 9 1 0
0.57 29 16 0 0
0.576667 25 7 2 0
0.583333 28 12 2 1
0.59 24 12 3 1
0.596667 27 17 0 1
0.603333 21 12 0 0
0.61 14 9 2 0
0.616667 19 10 2 0
0.623333 29 15 1 1
0.63 21 8 1 0
0.636667 28 15 0 2
0.643333 25 8 1 1
0.65 23 5 2 2
0.656667 21 14 2 1
0.663333 1246 437 30 7
0.67 0 0 0 0
0.676667 0 0 0 0
0.683333 0 0 0 0
0.69 0 0 0 0
0.696667 0 0 0 0
0.703333 0 0 0 0
0.71 0 0 0 0
0.716667 0 0 0 0
0.723333 0 0 0 0
0.73 0 0 0 0
0.736667 0 0 0 0
0.743333 0 0 0 0
0.75 0 0 0 0
0.756667 0 0 0 0
0.763333 0 0 0 0
0.77 0 0 0 0
0.776667 0 0 0 0
0.783333 0 0 0 0
0.79 0 0 0 0
0.796667 0 0 0 0
0.803333 0 0 0 0
0.81 0 0 0 0
0.816667 0 0 0 0
0.823333 0 0 0 0
0.83 0 0 0 0
0.836667 0 0 0 0
0.843333 0 0 0 0
0.85 0 0 0 0
0.856667 0 0 0 0
0.863333 0 0 0 0
0.87 0 0 0 0
0.876667 0 0 0 0
0.883333 0 0 0 0
0.89 0 0 0 0
0.896667 0 0 0 0
0.903333 0 0 0 0
0.91 0 0 0 0
0.916667 0 0 0 0
0.923333 0 0 0 0
0.93 0 0 0 0
0.936667 0 0 0 0
0.943333 0 0 0 0
0.95 0 0 0 0
0.956667 0 0 0 0
0.963333 0 0 0 0
0.97 0 0 0 0
0.976667 0 0 0 0
0.983333 0 0 0 0
0.99 0 0 0 0
0.996667 0 0 0 0
1.00333 0 0 0 0
1.01 0 0 0 0
1.01667 0 0 0 0
1.02333 0 0 0 0
1.03 0 0 0 0
1.03667 0 0 0 0
1.04333 0 0 0 0
1.05 0 0 0 0
1.05667 0 0 0 0
1.06333 0 0 0 0
1.07 0 0 0 0
1.07667 0 0 0 0
1.08333 0 0 0 0
1.09 0 0 0 0
1.09667 0 0 0 0
1.10333 0 0 0 0
1.11 0 0 0 0
1.11667 0 0 0 0
1.12333 0 0 0 0
1.13 0 0 0 0
1.13667 0 0 0 0
1.14333 0 0 0 0
1.15 0 0 0 0
1.15667 0 0 0 0
1.16333 0 0 0 0
1.17 0 0 0 0
1.17667 0 0 0 0
1.18333 0 0 0 0
1.19 0 0 0 0
1.19667 0 0 0 0
1.20333 0 0 0 0
1.21 0 0 0 0
1.21667 0 0 0 0
1.22333 0 0 0 0
1.23 0 0 0 0
1.23667 0 0 0 0
1.24333 0 0 0 0
1.25 0 0 0 0
1.25667 0 0 0 0
1.26333 0 0 0 0
1.27 0 0 0 0
1.27667 0 0 0 0
1.28333 0 0 0 0
1.29 0 0 0 0
1.29667 0 0 0 0
1.30333 0 0 0 0
1.31 0 0 0 0
1.31667 0 0 0 0
1.32333 0 0 0 0
1.33 0 0 0 0
1.33667 0 0 0 0
1.34333 0 0 0 0
1.35 0 0 0 0
1.35667 0 0 0 0
1.36333 0 0 0 0
1.37 0 0 0 0
1.37667 0 0 0 0
1.38333 0 0 0 0
1.39 0 0 0 0
1.39667 0 0 0 0
1.40333 0 0 0 0
1.41 0 0 0 0
1.41667 0 0 0 0
1.42333 0 0 0 0
1.43 0 0 0 0
1.43667 0 0 0 0
1.44333 0 0 0 0
1.45 0 0 0 0
1.45667 0 0 0 0
1.46333 0 0 0 0
1.47 0 0 0 0
1.47667 0 0 0 0
1.48333 0 0 0 0
1.49 0 0 0 0
1.49667 0 0 0 0
1.50333 0 0 0 0
1.51 0 0 0 0
1.51667 0 0 0 0
1.52333 0 0 0 0
1.53 0 0 0 0
1.53667 0 0 0 0
1.54333 0 0 0 0
1.55 0 0 0 0
1.55667 0 0 0 0
1.56333 0 0 0 0
1.57 0 0 0 0
1.57667 0 0 0 0
1.58333 0 0 0 0
1.59 0 0 0 0
1.59667 0 0 0 0
1.60333 0 0 0 0
1.61 0 0 0 0
1.61667 0 0 0 0
1.62333 0 0 0 0
1.63 0 0 0 0
1.63667 0 0 0 0
1.64333 0 0 0 0
1.65 0 0 0 0
1.65667 0 0 0 0
1.66333 0 0 0 0
1.67 0 0 0 0
1.67667 0 0 0 0
1.68333 0 0 0 0
1.69 0 0 0 0
1.69667 0 0 0 0
1.70333 0 0 0 0
1.71 0 0 0 0
1.71667 0 0 0 0
1.72333 0 0 0 0
1.73 0 0 0 0
1.73667 0 0 0 0
1.74333 0 0 0 0
1.75 0 0 0 0
1.75667 0 0 0 0
1.76333 0 0 0 0
1.77 0 0 0 0
1.77667 0 0 0 0
1.78333 0 0 0 0
1.79 0 0 0 0
1.79667 0 0 0 0
1.80333 0 0 0 0
1.81 0 0 0 0
1.81667 0 0 0 0
1.82333 0 0 0 0
1.83 0 0 0 0
1.83667 0 0 0 0
1.84333 0 0 0 0
1.85 0 0 0 0
1.85667 0 0 0 0
1.86333 0 0 0 0
1.87 0 0 0 0
1.87667 0 0 0 0
1.88333 0 0 0 0
1.89 0 0 0 0
1.89667 0 0 0 0
1.90333 0 0 0 0
1.91 0 0 0 0
1.91667 0 0 0 0
1.92333 0 0 0 0
1.93 0 0 0 0
1.93667 0 0 0 0
1.94333 0 0 0 0
1.95 0 0 0 0
1.95667 0 0 0 0
1.96333 0 0 0 0
1.97 0 0 0 0
1.97667 0 0 0 0
1.98333 0 0 0 0
1.99 0 0 0 0
1.99667 0 0 0 0
