0.00333333 1 1 18 247
0.01 4 0 10 256
0.0166667 5 0 13 258
0.0233333 2 0 12 271
0.03 2 0 23 287
0.0366667 6 5 16 271
0.0433333 4 1 35 287
0.05 2 3 36 313
0.0566667 2 2 44 340
0.0633333 3 5 50 389
0.07 6 5 62 331
0.0766667 5 4 45 405
0.0833333 5 8 52 420
0.09 2 5 43 436
0.0966667 3 10 52 462
0.103333 5 3 50 427
0.11 5 1 35 468
0.116667 8 4 44 470
0.123333 5 6 54 494
0.13 4 5 35 530
0.136667 4 5 30 491
0.143333 6 3 32 519
0.15 4 4 42 506
0.156667 6 5 33 508
0.163333 3 1 32 545
0.17 6 7 41 560
0.176667 4 3 29 515
0.183333 3 3 33 716
0.19 10 5 21 882
0.196667 6 7 31 880
0.203333 5 4 34 734
0.21 4 3 28 731
0.216667 2 4 23 672
0.223333 6 0 24 552
0.23 6 1 29 543
0.236667 4 9 20 501
0.243333 3 1 25 426
0.25 10 1 21 442
0.256667 7 4 17 420
0.263333 3 1 25 351
0.27 4 3 23 378
0.276667 4 3 19 333
0.283333 6 1 17 343
0.29 6 4 18 302
0.296667 3 0 17 302
0.303333 3 0 13 318
0.31 3 2 14 300
0.316667 6 4 17 251
0.323333 5 4 21 299
0.33 0 3 24 290
0.336667 3 4 17 291
0.343333 4 2 18 229
0.35 8 2 13 242
0.356667 2 0 17 247
0.363333 3 0 16 237
0.37 4 1 17 259
0.376667 5 1 14 228
0.383333 6 2 13 241
0.39 1 2 14 251
0.396667 5 2 17 264
0.403333 3 2 16 265
0.41 5 1 15 250
0.416667 1 2 14 219
0.423333 4 1 12 228
0.43 2 0 10 212
0.436667 3 3 16 239
0.443333 3 1 14 252
0.45 3 3 13 281
0.456667 2 1 8 253
0.463333 3 5 12 292
0.47 1 2 13 262
0.476667 2 4 7 213
0.483333 0 2 12 118
0.49 0 1 9 127
0.496667 1 1 5 94
0.503333 0 0 6 87
0.51 1 3 5 79
0.516667 2 1 9 88
0.523333 3 0 4 90
0.53 2 4 8 79
0.536667 0 1 11 75
0.543333 3 1 7 63
0.55 3 2 8 55
0.556667 1 6 11 63
0.563333 1 2 10 50
0.57 0 2 9 65
0.576667 4 1 7 72
0.583333 0 1 6 70
0.59 5 0 5 61
0.596667 3 0 5 59
0.603333 2 1 11 50
0.61 1 1 7 47
0.616667 1 0 8 53
0.623333 4 2 7 45
0.63 0 0 6 58
0.636667 1 2 10 79
0.643333 2 1 5 34
0.65 2 2 5 44
0.656667 3 1 10 38
0.663333 122 29 196 15411
0.67 0 0 0 0
0.676667 0 0 0 0
0.683333 0 0 0 0
0.69 0 0 0 0
0.696667 0 0 0 0
0.703333 0 0 0 0
0.71 0 0 0 0
0.716667 0 0 0 0
0.723333 0 0 0 0
0.73 0 0 0 0
0.736667 0 0 0 0
0.743333 0 0 0 0
0.75 0 0 0 0
0.756667 0 0 0 0
0.763333 0 0 0 0
0.77 0 0 0 0
0.776667 0 0 0 0
0.783333 0 0 0 0
0.79 0 0 0 0
0.796667 0 0 0 0
0.803333 0 0 0 0
0.81 0 0 0 0
0.816667 0 0 0 0
0.823333 0 0 0 0
0.83 0 0 0 0
0.836667 0 0 0 0
0.843333 0 0 0 0
0.85 0 0 0 0
0.856667 0 0 0 0
0.863333 0 0 0 0
0.87 0 0 0 0
0.876667 0 0 0 0
0.883333 0 0 0 0
0.89 0 0 0 0
0.896667 0 0 0 0
0.903333 0 0 0 0
0.91 0 0 0 0
0.916667 0 0 0 0
0.923333 0 0 0 0
0.93 0 0 0 0
0.936667 0 0 0 0
0.943333 0 0 0 0
0.95 0 0 0 0
0.956667 0 0 0 0
0.963333 0 0 0 0
0.97 0 0 0 0
0.976667 0 0 0 0
0.983333 0 0 0 0
0.99 0 0 0 0
0.996667 0 0 0 0
1.00333 0 0 0 0
1.01 0 0 0 0
1.01667 0 0 0 0
1.02333 0 0 0 0
1.03 0 0 0 0
1.03667 0 0 0 0
1.04333 0 0 0 0
1.05 0 0 0 0
1.05667 0 0 0 0
1.06333 0 0 0 0
1.07 0 0 0 0
1.07667 0 0 0 0
1.08333 0 0 0 0
1.09 0 0 0 0
1.09667 0 0 0 0
1.10333 0 0 0 0
1.11 0 0 0 0
1.11667 0 0 0 0
1.12333 0 0 0 0
1.13 0 0 0 0
1.13667 0 0 0 0
1.14333 0 0 0 0
1.15 0 0 0 0
1.15667 0 0 0 0
1.16333 0 0 0 0
1.17 0 0 0 0
1.17667 0 0 0 0
1.18333 0 0 0 0
1.19 0 0 0 0
1.19667 0 0 0 0
1.20333 0 0 0 0
1.21 0 0 0 0
1.21667 0 0 0 0
1.22333 0 0 0 0
1.23 0 0 0 0
1.23667 0 0 0 0
1.24333 0 0 0 0
1.25 0 0 0 0
1.25667 0 0 0 0
1.26333 0 0 0 0
1.27 0 0 0 0
1.27667 0 0 0 0
1.28333 0 0 0 0
1.29 0 0 0 0
1.29667 0 0 0 0
1.30333 0 0 0 0
1.31 0 0 0 0
1.31667 0 0 0 0
1.32333 0 0 0 0
1.33 0 0 0 0
1.33667 0 0 0 0
1.34333 0 0 0 0
1.35 0 0 0 0
1.35667 0 0 0 0
1.36333 0 0 0 0
1.37 0 0 0 0
1.37667 0 0 0 0
1.38333 0 0 0 0
1.39 0 0 0 0
1.39667 0 0 0 0
1.40333 0 0 0 0
1.41 0 0 0 0
1.41667 0 0 0 0
1.42333 0 0 0 0
1.43 0 0 0 0
1.43667 0 0 0 0
1.44333 0 0 0 0
1.45 0 0 0 0
1.45667 0 0 0 0
1.46333 0 0 0 0
1.47 0 0 0 0
1.47667 0 0 0 0
1.48333 0 0 0 0
1.49 0 0 0 0
1.49667 0 0 0 0
1.50333 0 0 0 0
1.51 0 0 0 0
1.51667 0 0 0 0
1.52333 0 0 0 0
1.53 0 0 0 0
1.53667 0 0 0 0
1.54333 0 0 0 0
1.55 0 0 0 0
1.55667 0 0 0 0
1.56333 0 0 0 0
1.57 0 0 0 0
1.57667 0 0 0 0
1.58333 0 0 0 0
1.59 0 0 0 0
1.59667 0 0 0 0
1.60333 0 0 0 0
1.61 0 0 0 0
1.61667 0 0 0 0
1.62333 0 0 0 0
1.63 0 0 0 0
1.63667 0 0 0 0
1.64333 0 0 0 0
1.65 0 0 0 0
1.65667 0 0 0 0
1.66333 0 0 0 0
1.67 0 0 0 0
1.67667 0 0 0 0
1.68333 0 0 0 0
1.69 0 0 0 0
1.69667 0 0 0 0
1.70333 0 0 0 0
1.71 0 0 0 0
1.71667 0 0 0 0
1.72333 0 0 0 0
1.73 0 0 0 0
1.73667 0 0 0 0
1.74333 0 0 0 0
1.75 0 0 0 0
1.75667 0 0 0 0
1.76333 0 0 0 0
1.77 0 0 0 0
1.77667 0 0 0 0
1.78333 0 0 0 0
1.79 0 0 0 0
1.79667 0 0 0 0
1.80333 0 0 0 0
1.81 0 0 0 0
1.81667 0 0 0 0
1.82333 0 0 0 0
1.83 0 0 0 0
1.83667 0 0 0 0
1.84333 0 0 0 0
1.85 0 0 0 0
1.85667 0 0 0 0
1.86333 0 0 0 0
1.87 0 0 0 0
1.87667 0 0 0 0
1.88333 0 0 0 0
1.89 0 0 0 0
1.89667 0 0 0 0
1.90333 0 0 0 0
1.91 0 0 0 0
1.91667 0 0 0 0
1.92333 0 0 0 0
1.93 0 0 0 0
1.93667 0 0 0 0
1.94333 0 0 0 0
1.95 0 0 0 0
1.95667 0 0 0 0
1.96333 0 0 0 0
1.97 0 0 0 0
1.97667 0 0 0 0
1.98333 0 0 0 0
1.99 0 0 0 0
1.99667 0 0 0 0
