0.00333333 2 13 12 24
0.01 8 23 24 30
0.0166667 9 20 26 30
0.0233333 5 11 18 14
0.03 13 22 26 24
0.0366667 11 17 31 33
0.0433333 9 28 52 44
0.05 15 22 75 43
0.0566667 10 42 71 42
0.0633333 17 40 95 52
0.07 15 45 76 54
0.0766667 22 71 108 46
0.0833333 15 49 105 58
0.09 21 52 78 60
0.0966667 17 54 77 65
0.103333 22 46 85 67
0.11 17 45 72 80
0.116667 21 46 82 79
0.123333 26 54 79 58
0.13 26 50 62 78
0.136667 18 45 69 57
0.143333 22 36 62 58
0.15 13 49 78 59
0.156667 14 29 60 74
0.163333 20 34 60 51
0.17 16 35 61 54
0.176667 16 31 58 51
0.183333 19 31 53 72
0.19 28 39 49 77
0.196667 22 38 44 77
0.203333 28 43 44 67
0.21 21 37 53 61
0.216667 14 30 44 49
0.223333 13 29 44 43
0.23 14 28 51 57
0.236667 16 32 40 44
0.243333 13 31 43 47
0.25 17 26 44 31
0.256667 12 23 39 42
0.263333 16 32 41 39
0.27 7 29 40 44
0.276667 15 25 44 36
0.283333 9 19 38 42
0.29 17 19 37 34
0.296667 10 19 37 34
0.303333 10 23 35 51
0.31 13 23 27 30
0.316667 9 29 39 34
0.323333 14 15 34 32
0.33 9 21 22 38
0.336667 15 15 23 37
0.343333 11 24 37 33
0.35 9 17 25 31
0.356667 9 20 26 35
0.363333 7 16 18 37
0.37 16 21 28 25
0.376667 12 14 31 31
0.383333 8 18 28 33
0.39 5 15 25 30
0.396667 14 16 21 38
0.403333 14 19 34 26
0.41 7 18 20 19
0.416667 7 17 29 28
0.423333 16 12 22 24
0.43 5 18 23 25
0.436667 10 13 37 32
0.443333 12 18 26 32
0.45 8 28 21 34
0.456667 10 16 23 20
0.463333 11 11 19 22
0.47 12 11 19 37
0.476667 7 18 19 35
0.483333 10 10 12 14
0.49 5 13 15 15
0.496667 8 6 14 16
0.503333 8 13 18 9
0.51 2 10 12 16
0.516667 6 13 13 15
0.523333 6 10 16 13
0.53 8 11 17 15
0.536667 3 12 15 10
0.543333 4 10 8 16
0.55 4 16 8 11
0.556667 8 9 12 9
0.563333 4 9 12 10
0.57 8 8 16 21
0.576667 3 11 16 15
0.583333 6 10 14 13
0.59 8 11 14 12
0.596667 4 6 9 10
0.603333 8 10 8 7
0.61 7 9 10 14
0.616667 9 7 7 12
0.623333 8 7 10 13
0.63 9 17 9 13
0.636667 9 9 8 6
0.643333 5 10 8 10
0.65 1 5 7 12
0.656667 2 9 20 19
0.663333 321 343 393 951
0.67 0 0 0 0
0.676667 0 0 0 0
0.683333 0 0 0 0
0.69 0 0 0 0
0.696667 0 0 0 0
0.703333 0 0 0 0
0.71 0 0 0 0
0.716667 0 0 0 0
0.723333 0 0 0 0
0.73 0 0 0 0
0.736667 0 0 0 0
0.743333 0 0 0 0
0.75 0 0 0 0
0.756667 0 0 0 0
0.763333 0 0 0 0
0.77 0 0 0 0
0.776667 0 0 0 0
0.783333 0 0 0 0
0.79 0 0 0 0
0.796667 0 0 0 0
0.803333 0 0 0 0
0.81 0 0 0 0
0.816667 0 0 0 0
0.823333 0 0 0 0
0.83 0 0 0 0
0.836667 0 0 0 0
0.843333 0 0 0 0
0.85 0 0 0 0
0.856667 0 0 0 0
0.863333 0 0 0 0
0.87 0 0 0 0
0.876667 0 0 0 0
0.883333 0 0 0 0
0.89 0 0 0 0
0.896667 0 0 0 0
0.903333 0 0 0 0
0.91 0 0 0 0
0.916667 0 0 0 0
0.923333 0 0 0 0
0.93 0 0 0 0
0.936667 0 0 0 0
0.943333 0 0 0 0
0.95 0 0 0 0
0.956667 0 0 0 0
0.963333 0 0 0 0
0.97 0 0 0 0
0.976667 0 0 0 0
0.983333 0 0 0 0
0.99 0 0 0 0
0.996667 0 0 0 0
1.00333 0 0 0 0
1.01 0 0 0 0
1.01667 0 0 0 0
1.02333 0 0 0 0
1.03 0 0 0 0
1.03667 0 0 0 0
1.04333 0 0 0 0
1.05 0 0 0 0
1.05667 0 0 0 0
1.06333 0 0 0 0
1.07 0 0 0 0
1.07667 0 0 0 0
1.08333 0 0 0 0
1.09 0 0 0 0
1.09667 0 0 0 0
1.10333 0 0 0 0
1.11 0 0 0 0
1.11667 0 0 0 0
1.12333 0 0 0 0
1.13 0 0 0 0
1.13667 0 0 0 0
1.14333 0 0 0 0
1.15 0 0 0 0
1.15667 0 0 0 0
1.16333 0 0 0 0
1.17 0 0 0 0
1.17667 0 0 0 0
1.18333 0 0 0 0
1.19 0 0 0 0
1.19667 0 0 0 0
1.20333 0 0 0 0
1.21 0 0 0 0
1.21667 0 0 0 0
1.22333 0 0 0 0
1.23 0 0 0 0
1.23667 0 0 0 0
1.24333 0 0 0 0
1.25 0 0 0 0
1.25667 0 0 0 0
1.26333 0 0 0 0
1.27 0 0 0 0
1.27667 0 0 0 0
1.28333 0 0 0 0
1.29 0 0 0 0
1.29667 0 0 0 0
1.30333 0 0 0 0
1.31 0 0 0 0
1.31667 0 0 0 0
1.32333 0 0 0 0
1.33 0 0 0 0
1.33667 0 0 0 0
1.34333 0 0 0 0
1.35 0 0 0 0
1.35667 0 0 0 0
1.36333 0 0 0 0
1.37 0 0 0 0
1.37667 0 0 0 0
1.38333 0 0 0 0
1.39 0 0 0 0
1.39667 0 0 0 0
1.40333 0 0 0 0
1.41 0 0 0 0
1.41667 0 0 0 0
1.42333 0 0 0 0
1.43 0 0 0 0
1.43667 0 0 0 0
1.44333 0 0 0 0
1.45 0 0 0 0
1.45667 0 0 0 0
1.46333 0 0 0 0
1.47 0 0 0 0
1.47667 0 0 0 0
1.48333 0 0 0 0
1.49 0 0 0 0
1.49667 0 0 0 0
1.50333 0 0 0 0
1.51 0 0 0 0
1.51667 0 0 0 0
1.52333 0 0 0 0
1.53 0 0 0 0
1.53667 0 0 0 0
1.54333 0 0 0 0
1.55 0 0 0 0
1.55667 0 0 0 0
1.56333 0 0 0 0
1.57 0 0 0 0
1.57667 0 0 0 0
1.58333 0 0 0 0
1.59 0 0 0 0
1.59667 0 0 0 0
1.60333 0 0 0 0
1.61 0 0 0 0
1.61667 0 0 0 0
1.62333 0 0 0 0
1.63 0 0 0 0
1.63667 0 0 0 0
1.64333 0 0 0 0
1.65 0 0 0 0
1.65667 0 0 0 0
1.66333 0 0 0 0
1.67 0 0 0 0
1.67667 0 0 0 0
1.68333 0 0 0 0
1.69 0 0 0 0
1.69667 0 0 0 0
1.70333 0 0 0 0
1.71 0 0 0 0
1.71667 0 0 0 0
1.72333 0 0 0 0
1.73 0 0 0 0
1.73667 0 0 0 0
1.74333 0 0 0 0
1.75 0 0 0 0
1.75667 0 0 0 0
1.76333 0 0 0 0
1.77 0 0 0 0
1.77667 0 0 0 0
1.78333 0 0 0 0
1.79 0 0 0 0
1.79667 0 0 0 0
1.80333 0 0 0 0
1.81 0 0 0 0
1.81667 0 0 0 0
1.82333 0 0 0 0
1.83 0 0 0 0
1.83667 0 0 0 0
1.84333 0 0 0 0
1.85 0 0 0 0
1.85667 0 0 0 0
1.86333 0 0 0 0
1.87 0 0 0 0
1.87667 0 0 0 0
1.88333 0 0 0 0
1.89 0 0 0 0
1.89667 0 0 0 0
1.90333 0 0 0 0
1.91 0 0 0 0
1.91667 0 0 0 0
1.92333 0 0 0 0
1.93 0 0 0 0
1.93667 0 0 0 0
1.94333 0 0 0 0
1.95 0 0 0 0
1.95667 0 0 0 0
1.96333 0 0 0 0
1.97 0 0 0 0
1.97667 0 0 0 0
1.98333 0 0 0 0
1.99 0 0 0 0
1.99667 0 0 0 0
