0.00333333 0 9 177 7
0.01 0 6 177 11
0.0166667 0 14 180 12
0.0233333 2 5 218 15
0.03 2 14 201 17
0.0366667 3 15 214 29
0.0433333 1 19 248 25
0.05 2 15 289 29
0.0566667 2 22 268 40
0.0633333 3 27 350 30
0.07 5 27 358 43
0.0766667 3 22 351 37
0.0833333 6 30 364 32
0.09 2 17 364 36
0.0966667 1 36 380 50
0.103333 3 25 381 40
0.11 2 30 422 29
0.116667 1 35 461 41
0.123333 6 25 398 47
0.13 2 23 429 28
0.136667 3 19 456 32
0.143333 5 22 450 40
0.15 2 13 454 31
0.156667 5 19 448 27
0.163333 1 23 471 25
0.17 3 14 460 15
0.176667 5 26 469 16
0.183333 4 24 566 26
0.19 2 26 687 24
0.196667 1 32 756 28
0.203333 3 21 662 29
0.21 3 33 604 22
0.216667 3 19 547 19
0.223333 1 15 490 27
0.23 2 23 447 22
0.236667 1 17 430 25
0.243333 3 21 398 17
0.25 2 19 349 17
0.256667 1 21 360 25
0.263333 0 22 291 24
0.27 0 20 263 19
0.276667 0 9 318 11
0.283333 0 12 279 24
0.29 2 8 259 18
0.296667 2 16 245 10
0.303333 3 15 242 15
0.31 0 11 244 17
0.316667 2 6 230 11
0.323333 1 13 227 12
0.33 3 17 215 13
0.336667 2 17 226 13
0.343333 1 10 254 17
0.35 1 12 222 14
0.356667 2 14 200 15
0.363333 3 9 207 15
0.37 1 12 208 3
0.376667 1 9 208 10
0.383333 6 14 210 16
0.39 1 8 203 9
0.396667 4 16 207 10
0.403333 1 13 187 11
0.41 0 10 202 13
0.416667 1 9 204 11
0.423333 0 7 199 15
0.43 3 13 218 14
0.436667 2 11 209 5
0.443333 0 12 193 13
0.45 0 5 225 13
0.456667 0 12 197 9
0.463333 1 10 232 10
0.47 3 9 222 10
0.476667 0 5 185 7
0.483333 1 5 113 6
0.49 1 9 82 9
0.496667 1 11 82 6
0.503333 2 14 96 12
0.51 0 11 80 8
0.516667 1 5 66 12
0.523333 1 3 62 6
0.53 2 4 58 7
0.536667 0 4 49 7
0.543333 0 9 70 7
0.55 2 2 60 11
0.556667 0 8 43 10
0.563333 1 3 58 1
0.57 1 11 48 10
0.576667 2 9 54 7
0.583333 3 3 49 5
0.59 2 6 40 6
0.596667 3 9 53 2
0.603333 0 5 55 4
0.61 0 7 48 4
0.616667 0 10 39 10
0.623333 1 4 38 6
0.63 1 4 63 6
0.636667 0 11 76 4
0.643333 0 5 40 5
0.65 3 5 42 6
0.656667 0 3 43 4
0.663333 9 286 11951 138
0.67 0 0 0 0
0.676667 0 0 0 0
0.683333 0 0 0 0
0.69 0 0 0 0
0.696667 0 0 0 0
0.703333 0 0 0 0
0.71 0 0 0 0
0.716667 0 0 0 0
0.723333 0 0 0 0
0.73 0 0 0 0
0.736667 0 0 0 0
0.743333 0 0 0 0
0.75 0 0 0 0
0.756667 0 0 0 0
0.763333 0 0 0 0
0.77 0 0 0 0
0.776667 0 0 0 0
0.783333 0 0 0 0
0.79 0 0 0 0
0.796667 0 0 0 0
0.803333 0 0 0 0
0.81 0 0 0 0
0.816667 0 0 0 0
0.823333 0 0 0 0
0.83 0 0 0 0
0.836667 0 0 0 0
0.843333 0 0 0 0
0.85 0 0 0 0
0.856667 0 0 0 0
0.863333 0 0 0 0
0.87 0 0 0 0
0.876667 0 0 0 0
0.883333 0 0 0 0
0.89 0 0 0 0
0.896667 0 0 0 0
0.903333 0 0 0 0
0.91 0 0 0 0
0.916667 0 0 0 0
0.923333 0 0 0 0
0.93 0 0 0 0
0.936667 0 0 0 0
0.943333 0 0 0 0
0.95 0 0 0 0
0.956667 0 0 0 0
0.963333 0 0 0 0
0.97 0 0 0 0
0.976667 0 0 0 0
0.983333 0 0 0 0
0.99 0 0 0 0
0.996667 0 0 0 0
1.00333 0 0 0 0
1.01 0 0 0 0
1.01667 0 0 0 0
1.02333 0 0 0 0
1.03 0 0 0 0
1.03667 0 0 0 0
1.04333 0 0 0 0
1.05 0 0 0 0
1.05667 0 0 0 0
1.06333 0 0 0 0
1.07 0 0 0 0
1.07667 0 0 0 0
1.08333 0 0 0 0
1.09 0 0 0 0
1.09667 0 0 0 0
1.10333 0 0 0 0
1.11 0 0 0 0
1.11667 0 0 0 0
1.12333 0 0 0 0
1.13 0 0 0 0
1.13667 0 0 0 0
1.14333 0 0 0 0
1.15 0 0 0 0
1.15667 0 0 0 0
1.16333 0 0 0 0
1.17 0 0 0 0
1.17667 0 0 0 0
1.18333 0 0 0 0
1.19 0 0 0 0
1.19667 0 0 0 0
1.20333 0 0 0 0
1.21 0 0 0 0
1.21667 0 0 0 0
1.22333 0 0 0 0
1.23 0 0 0 0
1.23667 0 0 0 0
1.24333 0 0 0 0
1.25 0 0 0 0
1.25667 0 0 0 0
1.26333 0 0 0 0
1.27 0 0 0 0
1.27667 0 0 0 0
1.28333 0 0 0 0
1.29 0 0 0 0
1.29667 0 0 0 0
1.30333 0 0 0 0
1.31 0 0 0 0
1.31667 0 0 0 0
1.32333 0 0 0 0
1.33 0 0 0 0
1.33667 0 0 0 0
1.34333 0 0 0 0
1.35 0 0 0 0
1.35667 0 0 0 0
1.36333 0 0 0 0
1.37 0 0 0 0
1.37667 0 0 0 0
1.38333 0 0 0 0
1.39 0 0 0 0
1.39667 0 0 0 0
1.40333 0 0 0 0
1.41 0 0 0 0
1.41667 0 0 0 0
1.42333 0 0 0 0
1.43 0 0 0 0
1.43667 0 0 0 0
1.44333 0 0 0 0
1.45 0 0 0 0
1.45667 0 0 0 0
1.46333 0 0 0 0
1.47 0 0 0 0
1.47667 0 0 0 0
1.48333 0 0 0 0
1.49 0 0 0 0
1.49667 0 0 0 0
1.50333 0 0 0 0
1.51 0 0 0 0
1.51667 0 0 0 0
1.52333 0 0 0 0
1.53 0 0 0 0
1.53667 0 0 0 0
1.54333 0 0 0 0
1.55 0 0 0 0
1.55667 0 0 0 0
1.56333 0 0 0 0
1.57 0 0 0 0
1.57667 0 0 0 0
1.58333 0 0 0 0
1.59 0 0 0 0
1.59667 0 0 0 0
1.60333 0 0 0 0
1.61 0 0 0 0
1.61667 0 0 0 0
1.62333 0 0 0 0
1.63 0 0 0 0
1.63667 0 0 0 0
1.64333 0 0 0 0
1.65 0 0 0 0
1.65667 0 0 0 0
1.66333 0 0 0 0
1.67 0 0 0 0
1.67667 0 0 0 0
1.68333 0 0 0 0
1.69 0 0 0 0
1.69667 0 0 0 0
1.70333 0 0 0 0
1.71 0 0 0 0
1.71667 0 0 0 0
1.72333 0 0 0 0
1.73 0 0 0 0
1.73667 0 0 0 0
1.74333 0 0 0 0
1.75 0 0 0 0
1.75667 0 0 0 0
1.76333 0 0 0 0
1.77 0 0 0 0
1.77667 0 0 0 0
1.78333 0 0 0 0
1.79 0 0 0 0
1.79667 0 0 0 0
1.80333 0 0 0 0
1.81 0 0 0 0
1.81667 0 0 0 0
1.82333 0 0 0 0
1.83 0 0 0 0
1.83667 0 0 0 0
1.84333 0 0 0 0
1.85 0 0 0 0
1.85667 0 0 0 0
1.86333 0 0 0 0
1.87 0 0 0 0
1.87667 0 0 0 0
1.88333 0 0 0 0
1.89 0 0 0 0
1.89667 0 0 0 0
1.90333 0 0 0 0
1.91 0 0 0 0
1.91667 0 0 0 0
1.92333 0 0 0 0
1.93 0 0 0 0
1.93667 0 0 0 0
1.94333 0 0 0 0
1.95 0 0 0 0
1.95667 0 0 0 0
1.96333 0 0 0 0
1.97 0 0 0 0
1.97667 0 0 0 0
1.98333 0 0 0 0
1.99 0 0 0 0
1.99667 0 0 0 0
