0.00333333 29 23 5 12
0.01 37 34 6 14
0.0166667 42 26 6 10
0.0233333 45 36 15 7
0.03 32 43 7 7
0.0366667 41 59 7 10
0.0433333 55 58 6 9
0.05 61 72 7 10
0.0566667 47 86 12 16
0.0633333 57 90 16 11
0.07 67 81 21 17
0.0766667 87 103 13 14
0.0833333 88 105 14 10
0.09 65 114 9 18
0.0966667 71 98 22 16
0.103333 82 130 18 26
0.11 88 128 14 21
0.116667 76 103 22 18
0.123333 74 98 20 21
0.13 77 98 22 17
0.136667 84 85 10 25
0.143333 88 89 9 19
0.15 85 78 10 23
0.156667 71 77 9 14
0.163333 77 82 8 11
0.17 76 82 5 18
0.176667 88 78 19 19
0.183333 104 91 7 16
0.19 119 79 11 32
0.196667 103 93 15 24
0.203333 76 73 7 13
0.21 85 75 8 20
0.216667 66 77 10 18
0.223333 70 64 3 19
0.23 67 71 6 17
0.236667 76 58 17 22
0.243333 76 74 6 19
0.25 80 64 8 18
0.256667 52 53 8 15
0.263333 72 63 9 16
0.27 61 47 9 9
0.276667 61 66 7 12
0.283333 56 49 6 11
0.29 63 48 5 18
0.296667 64 37 6 9
0.303333 61 47 11 13
0.31 58 55 7 12
0.316667 51 49 8 10
0.323333 42 52 5 11
0.33 45 48 5 15
0.336667 57 39 7 5
0.343333 49 30 5 15
0.35 46 38 5 8
0.356667 47 36 9 13
0.363333 48 31 3 14
0.37 47 54 5 12
0.376667 51 35 9 16
0.383333 40 41 6 13
0.39 41 39 4 7
0.396667 45 36 8 9
0.403333 38 26 6 17
0.41 47 32 8 10
0.416667 60 27 4 11
0.423333 40 36 10 10
0.43 41 44 6 16
0.436667 57 38 6 11
0.443333 48 31 7 11
0.45 42 41 5 6
0.456667 48 38 7 19
0.463333 42 37 7 13
0.47 52 31 5 18
0.476667 29 39 5 16
0.483333 32 36 1 3
0.49 17 16 3 9
0.496667 12 26 6 5
0.503333 24 31 3 10
0.51 24 24 2 5
0.516667 18 22 5 7
0.523333 17 19 6 4
0.53 10 18 1 3
0.536667 11 16 2 4
0.543333 14 22 0 4
0.55 12 19 2 6
0.556667 12 21 1 6
0.563333 6 21 3 5
0.57 16 26 2 5
0.576667 5 19 3 3
0.583333 8 22 6 3
0.59 5 22 1 7
0.596667 6 26 6 5
0.603333 9 24 4 3
0.61 4 22 8 7
0.616667 6 18 7 3
0.623333 3 17 2 2
0.63 8 16 4 2
0.636667 8 21 5 3
0.643333 2 19 2 1
0.65 2 18 2 2
0.656667 3 17 4 1
0.663333 2333 968 68 634
0.67 0 0 0 0
0.676667 0 0 0 0
0.683333 0 0 0 0
0.69 0 0 0 0
0.696667 0 0 0 0
0.703333 0 0 0 0
0.71 0 0 0 0
0.716667 0 0 0 0
0.723333 0 0 0 0
0.73 0 0 0 0
0.736667 0 0 0 0
0.743333 0 0 0 0
0.75 0 0 0 0
0.756667 0 0 0 0
0.763333 0 0 0 0
0.77 0 0 0 0
0.776667 0 0 0 0
0.783333 0 0 0 0
0.79 0 0 0 0
0.796667 0 0 0 0
0.803333 0 0 0 0
0.81 0 0 0 0
0.816667 0 0 0 0
0.823333 0 0 0 0
0.83 0 0 0 0
0.836667 0 0 0 0
0.843333 0 0 0 0
0.85 0 0 0 0
0.856667 0 0 0 0
0.863333 0 0 0 0
0.87 0 0 0 0
0.876667 0 0 0 0
0.883333 0 0 0 0
0.89 0 0 0 0
0.896667 0 0 0 0
0.903333 0 0 0 0
0.91 0 0 0 0
0.916667 0 0 0 0
0.923333 0 0 0 0
0.93 0 0 0 0
0.936667 0 0 0 0
0.943333 0 0 0 0
0.95 0 0 0 0
0.956667 0 0 0 0
0.963333 0 0 0 0
0.97 0 0 0 0
0.976667 0 0 0 0
0.983333 0 0 0 0
0.99 0 0 0 0
0.996667 0 0 0 0
1.00333 0 0 0 0
1.01 0 0 0 0
1.01667 0 0 0 0
1.02333 0 0 0 0
1.03 0 0 0 0
1.03667 0 0 0 0
1.04333 0 0 0 0
1.05 0 0 0 0
1.05667 0 0 0 0
1.06333 0 0 0 0
1.07 0 0 0 0
1.07667 0 0 0 0
1.08333 0 0 0 0
1.09 0 0 0 0
1.09667 0 0 0 0
1.10333 0 0 0 0
1.11 0 0 0 0
1.11667 0 0 0 0
1.12333 0 0 0 0
1.13 0 0 0 0
1.13667 0 0 0 0
1.14333 0 0 0 0
1.15 0 0 0 0
1.15667 0 0 0 0
1.16333 0 0 0 0
1.17 0 0 0 0
1.17667 0 0 0 0
1.18333 0 0 0 0
1.19 0 0 0 0
1.19667 0 0 0 0
1.20333 0 0 0 0
1.21 0 0 0 0
1.21667 0 0 0 0
1.22333 0 0 0 0
1.23 0 0 0 0
1.23667 0 0 0 0
1.24333 0 0 0 0
1.25 0 0 0 0
1.25667 0 0 0 0
1.26333 0 0 0 0
1.27 0 0 0 0
1.27667 0 0 0 0
1.28333 0 0 0 0
1.29 0 0 0 0
1.29667 0 0 0 0
1.30333 0 0 0 0
1.31 0 0 0 0
1.31667 0 0 0 0
1.32333 0 0 0 0
1.33 0 0 0 0
1.33667 0 0 0 0
1.34333 0 0 0 0
1.35 0 0 0 0
1.35667 0 0 0 0
1.36333 0 0 0 0
1.37 0 0 0 0
1.37667 0 0 0 0
1.38333 0 0 0 0
1.39 0 0 0 0
1.39667 0 0 0 0
1.40333 0 0 0 0
1.41 0 0 0 0
1.41667 0 0 0 0
1.42333 0 0 0 0
1.43 0 0 0 0
1.43667 0 0 0 0
1.44333 0 0 0 0
1.45 0 0 0 0
1.45667 0 0 0 0
1.46333 0 0 0 0
1.47 0 0 0 0
1.47667 0 0 0 0
1.48333 0 0 0 0
1.49 0 0 0 0
1.49667 0 0 0 0
1.50333 0 0 0 0
1.51 0 0 0 0
1.51667 0 0 0 0
1.52333 0 0 0 0
1.53 0 0 0 0
1.53667 0 0 0 0
1.54333 0 0 0 0
1.55 0 0 0 0
1.55667 0 0 0 0
1.56333 0 0 0 0
1.57 0 0 0 0
1.57667 0 0 0 0
1.58333 0 0 0 0
1.59 0 0 0 0
1.59667 0 0 0 0
1.60333 0 0 0 0
1.61 0 0 0 0
1.61667 0 0 0 0
1.62333 0 0 0 0
1.63 0 0 0 0
1.63667 0 0 0 0
1.64333 0 0 0 0
1.65 0 0 0 0
1.65667 0 0 0 0
1.66333 0 0 0 0
1.67 0 0 0 0
1.67667 0 0 0 0
1.68333 0 0 0 0
1.69 0 0 0 0
1.69667 0 0 0 0
1.70333 0 0 0 0
1.71 0 0 0 0
1.71667 0 0 0 0
1.72333 0 0 0 0
1.73 0 0 0 0
1.73667 0 0 0 0
1.74333 0 0 0 0
1.75 0 0 0 0
1.75667 0 0 0 0
1.76333 0 0 0 0
1.77 0 0 0 0
1.77667 0 0 0 0
1.78333 0 0 0 0
1.79 0 0 0 0
1.79667 0 0 0 0
1.80333 0 0 0 0
1.81 0 0 0 0
1.81667 0 0 0 0
1.82333 0 0 0 0
1.83 0 0 0 0
1.83667 0 0 0 0
1.84333 0 0 0 0
1.85 0 0 0 0
1.85667 0 0 0 0
1.86333 0 0 0 0
1.87 0 0 0 0
1.87667 0 0 0 0
1.88333 0 0 0 0
1.89 0 0 0 0
1.89667 0 0 0 0
1.90333 0 0 0 0
1.91 0 0 0 0
1.91667 0 0 0 0
1.92333 0 0 0 0
1.93 0 0 0 0
1.93667 0 0 0 0
1.94333 0 0 0 0
1.95 0 0 0 0
1.95667 0 0 0 0
1.96333 0 0 0 0
1.97 0 0 0 0
1.97667 0 0 0 0
1.98333 0 0 0 0
1.99 0 0 0 0
1.99667 0 0 0 0
