0.00333333 10 21 12 2
0.01 15 24 10 4
0.0166667 21 35 17 2
0.0233333 23 26 22 3
0.03 18 48 18 4
0.0366667 22 55 19 8
0.0433333 35 69 28 1
0.05 36 99 28 1
0.0566667 43 103 31 5
0.0633333 56 117 29 5
0.07 44 129 47 8
0.0766667 51 130 38 8
0.0833333 47 110 43 8
0.09 43 104 63 10
0.0966667 45 107 43 4
0.103333 39 122 34 6
0.11 68 103 41 7
0.116667 46 108 33 12
0.123333 58 105 40 6
0.13 39 104 43 6
0.136667 38 93 42 5
0.143333 48 82 35 5
0.15 29 80 26 12
0.156667 38 78 30 3
0.163333 23 67 31 11
0.17 55 78 24 5
0.176667 35 74 25 6
0.183333 31 85 27 8
0.19 29 86 25 6
0.196667 35 75 36 6
0.203333 40 63 34 6
0.21 19 67 27 5
0.216667 33 73 27 8
0.223333 26 48 30 9
0.23 30 61 22 2
0.236667 26 53 15 4
0.243333 27 52 27 4
0.25 23 53 22 4
0.256667 18 54 19 5
0.263333 21 54 21 4
0.27 23 48 17 8
0.276667 17 49 16 0
0.283333 30 61 19 3
0.29 15 42 20 3
0.296667 20 42 21 1
0.303333 25 34 15 4
0.31 22 40 25 5
0.316667 17 33 18 2
0.323333 22 34 17 2
0.33 21 40 15 5
0.336667 23 32 23 5
0.343333 18 37 11 6
0.35 22 46 17 4
0.356667 21 30 18 3
0.363333 17 42 14 4
0.37 16 40 22 5
0.376667 18 34 16 3
0.383333 16 31 12 2
0.39 16 36 12 4
0.396667 11 32 12 2
0.403333 23 38 18 2
0.41 12 23 11 2
0.416667 14 26 13 4
0.423333 9 24 8 3
0.43 13 26 13 2
0.436667 18 19 10 3
0.443333 11 25 17 2
0.45 17 35 8 3
0.456667 9 28 15 4
0.463333 17 35 12 1
0.47 17 25 12 5
0.476667 12 16 10 3
0.483333 16 20 11 1
0.49 12 22 12 3
0.496667 10 16 14 1
0.503333 13 25 11 4
0.51 6 18 10 1
0.516667 11 16 8 2
0.523333 9 19 5 4
0.53 12 14 12 1
0.536667 5 14 12 2
0.543333 16 15 6 4
0.55 13 10 9 1
0.556667 7 12 9 0
0.563333 7 14 5 1
0.57 13 8 12 4
0.576667 9 17 10 3
0.583333 14 13 7 5
0.59 10 14 4 2
0.596667 4 14 8 1
0.603333 8 17 9 2
0.61 9 20 6 4
0.616667 5 16 8 0
0.623333 11 14 7 4
0.63 11 20 11 1
0.636667 4 14 10 2
0.643333 7 14 7 1
0.65 11 15 8 2
0.656667 8 18 5 3
0.663333 282 468 308 33
0.67 0 0 0 0
0.676667 0 0 0 0
0.683333 0 0 0 0
0.69 0 0 0 0
0.696667 0 0 0 0
0.703333 0 0 0 0
0.71 0 0 0 0
0.716667 0 0 0 0
0.723333 0 0 0 0
0.73 0 0 0 0
0.736667 0 0 0 0
0.743333 0 0 0 0
0.75 0 0 0 0
0.756667 0 0 0 0
0.763333 0 0 0 0
0.77 0 0 0 0
0.776667 0 0 0 0
0.783333 0 0 0 0
0.79 0 0 0 0
0.796667 0 0 0 0
0.803333 0 0 0 0
0.81 0 0 0 0
0.816667 0 0 0 0
0.823333 0 0 0 0
0.83 0 0 0 0
0.836667 0 0 0 0
0.843333 0 0 0 0
0.85 0 0 0 0
0.856667 0 0 0 0
0.863333 0 0 0 0
0.87 0 0 0 0
0.876667 0 0 0 0
0.883333 0 0 0 0
0.89 0 0 0 0
0.896667 0 0 0 0
0.903333 0 0 0 0
0.91 0 0 0 0
0.916667 0 0 0 0
0.923333 0 0 0 0
0.93 0 0 0 0
0.936667 0 0 0 0
0.943333 0 0 0 0
0.95 0 0 0 0
0.956667 0 0 0 0
0.963333 0 0 0 0
0.97 0 0 0 0
0.976667 0 0 0 0
0.983333 0 0 0 0
0.99 0 0 0 0
0.996667 0 0 0 0
1.00333 0 0 0 0
1.01 0 0 0 0
1.01667 0 0 0 0
1.02333 0 0 0 0
1.03 0 0 0 0
1.03667 0 0 0 0
1.04333 0 0 0 0
1.05 0 0 0 0
1.05667 0 0 0 0
1.06333 0 0 0 0
1.07 0 0 0 0
1.07667 0 0 0 0
1.08333 0 0 0 0
1.09 0 0 0 0
1.09667 0 0 0 0
1.10333 0 0 0 0
1.11 0 0 0 0
1.11667 0 0 0 0
1.12333 0 0 0 0
1.13 0 0 0 0
1.13667 0 0 0 0
1.14333 0 0 0 0
1.15 0 0 0 0
1.15667 0 0 0 0
1.16333 0 0 0 0
1.17 0 0 0 0
1.17667 0 0 0 0
1.18333 0 0 0 0
1.19 0 0 0 0
1.19667 0 0 0 0
1.20333 0 0 0 0
1.21 0 0 0 0
1.21667 0 0 0 0
1.22333 0 0 0 0
1.23 0 0 0 0
1.23667 0 0 0 0
1.24333 0 0 0 0
1.25 0 0 0 0
1.25667 0 0 0 0
1.26333 0 0 0 0
1.27 0 0 0 0
1.27667 0 0 0 0
1.28333 0 0 0 0
1.29 0 0 0 0
1.29667 0 0 0 0
1.30333 0 0 0 0
1.31 0 0 0 0
1.31667 0 0 0 0
1.32333 0 0 0 0
1.33 0 0 0 0
1.33667 0 0 0 0
1.34333 0 0 0 0
1.35 0 0 0 0
1.35667 0 0 0 0
1.36333 0 0 0 0
1.37 0 0 0 0
1.37667 0 0 0 0
1.38333 0 0 0 0
1.39 0 0 0 0
1.39667 0 0 0 0
1.40333 0 0 0 0
1.41 0 0 0 0
1.41667 0 0 0 0
1.42333 0 0 0 0
1.43 0 0 0 0
1.43667 0 0 0 0
1.44333 0 0 0 0
1.45 0 0 0 0
1.45667 0 0 0 0
1.46333 0 0 0 0
1.47 0 0 0 0
1.47667 0 0 0 0
1.48333 0 0 0 0
1.49 0 0 0 0
1.49667 0 0 0 0
1.50333 0 0 0 0
1.51 0 0 0 0
1.51667 0 0 0 0
1.52333 0 0 0 0
1.53 0 0 0 0
1.53667 0 0 0 0
1.54333 0 0 0 0
1.55 0 0 0 0
1.55667 0 0 0 0
1.56333 0 0 0 0
1.57 0 0 0 0
1.57667 0 0 0 0
1.58333 0 0 0 0
1.59 0 0 0 0
1.59667 0 0 0 0
1.60333 0 0 0 0
1.61 0 0 0 0
1.61667 0 0 0 0
1.62333 0 0 0 0
1.63 0 0 0 0
1.63667 0 0 0 0
1.64333 0 0 0 0
1.65 0 0 0 0
1.65667 0 0 0 0
1.66333 0 0 0 0
1.67 0 0 0 0
1.67667 0 0 0 0
1.68333 0 0 0 0
1.69 0 0 0 0
1.69667 0 0 0 0
1.70333 0 0 0 0
1.71 0 0 0 0
1.71667 0 0 0 0
1.72333 0 0 0 0
1.73 0 0 0 0
1.73667 0 0 0 0
1.74333 0 0 0 0
1.75 0 0 0 0
1.75667 0 0 0 0
1.76333 0 0 0 0
1.77 0 0 0 0
1.77667 0 0 0 0
1.78333 0 0 0 0
1.79 0 0 0 0
1.79667 0 0 0 0
1.80333 0 0 0 0
1.81 0 0 0 0
1.81667 0 0 0 0
1.82333 0 0 0 0
1.83 0 0 0 0
1.83667 0 0 0 0
1.84333 0 0 0 0
1.85 0 0 0 0
1.85667 0 0 0 0
1.86333 0 0 0 0
1.87 0 0 0 0
1.87667 0 0 0 0
1.88333 0 0 0 0
1.89 0 0 0 0
1.89667 0 0 0 0
1.90333 0 0 0 0
1.91 0 0 0 0
1.91667 0 0 0 0
1.92333 0 0 0 0
1.93 0 0 0 0
1.93667 0 0 0 0
1.94333 0 0 0 0
1.95 0 0 0 0
1.95667 0 0 0 0
1.96333 0 0 0 0
1.97 0 0 0 0
1.97667 0 0 0 0
1.98333 0 0 0 0
1.99 0 0 0 0
1.99667 0 0 0 0
