0.00333333 31 85 4 0
0.01 42 74 3 1
0.0166667 28 84 3 3
0.0233333 49 80 3 2
0.03 52 111 4 1
0.0366667 59 112 4 3
0.0433333 94 152 8 1
0.05 119 156 7 5
0.0566667 103 208 6 1
0.0633333 135 210 9 1
0.07 146 243 13 2
0.0766667 152 229 7 1
0.0833333 176 264 8 1
0.09 163 267 9 2
0.0966667 175 256 14 5
0.103333 164 252 9 3
0.11 160 259 8 1
0.116667 162 224 12 3
0.123333 159 263 7 2
0.13 139 245 6 2
0.136667 139 251 10 6
0.143333 148 244 7 2
0.15 139 228 5 0
0.156667 112 263 9 2
0.163333 128 224 5 1
0.17 105 248 6 6
0.176667 100 228 12 1
0.183333 107 220 7 2
0.19 104 291 10 3
0.196667 119 270 9 0
0.203333 122 268 5 1
0.21 118 252 8 2
0.216667 95 224 7 2
0.223333 91 228 6 2
0.23 88 195 8 1
0.236667 75 196 5 0
0.243333 87 179 8 0
0.25 82 178 8 0
0.256667 66 183 8 2
0.263333 76 142 8 3
0.27 75 146 4 2
0.276667 69 145 4 2
0.283333 58 140 3 1
0.29 78 144 7 2
0.296667 57 130 10 0
0.303333 50 154 2 1
0.31 58 148 4 1
0.316667 59 119 5 1
0.323333 65 129 6 1
0.33 55 97 4 3
0.336667 49 113 4 1
0.343333 63 103 6 1
0.35 48 133 7 1
0.356667 54 94 4 1
0.363333 46 104 3 0
0.37 51 100 6 1
0.376667 45 109 4 0
0.383333 52 101 4 1
0.39 32 112 3 1
0.396667 49 95 4 1
0.403333 46 99 5 0
0.41 46 84 2 2
0.416667 44 96 4 0
0.423333 41 91 6 2
0.43 47 79 8 4
0.436667 45 94 3 1
0.443333 47 84 2 0
0.45 45 102 5 1
0.456667 41 93 4 0
0.463333 50 101 3 1
0.47 39 89 4 1
0.476667 34 79 4 1
0.483333 17 49 4 0
0.49 31 55 5 0
0.496667 30 49 2 1
0.503333 30 39 3 1
0.51 28 36 2 0
0.516667 26 38 6 0
0.523333 24 35 5 0
0.53 21 44 2 0
0.536667 24 53 1 1
0.543333 20 41 3 0
0.55 28 35 2 1
0.556667 30 28 2 0
0.563333 26 37 1 3
0.57 25 41 0 2
0.576667 33 35 1 0
0.583333 21 28 2 1
0.59 24 36 2 1
0.596667 23 40 2 1
0.603333 23 35 2 1
0.61 33 22 0 2
0.616667 24 28 2 0
0.623333 21 38 5 1
0.63 13 35 2 1
0.636667 24 54 2 0
0.643333 14 29 8 0
0.65 27 24 0 1
0.656667 14 29 1 0
0.663333 1110 3679 55 15
0.67 0 0 0 0
0.676667 0 0 0 0
0.683333 0 0 0 0
0.69 0 0 0 0
0.696667 0 0 0 0
0.703333 0 0 0 0
0.71 0 0 0 0
0.716667 0 0 0 0
0.723333 0 0 0 0
0.73 0 0 0 0
0.736667 0 0 0 0
0.743333 0 0 0 0
0.75 0 0 0 0
0.756667 0 0 0 0
0.763333 0 0 0 0
0.77 0 0 0 0
0.776667 0 0 0 0
0.783333 0 0 0 0
0.79 0 0 0 0
0.796667 0 0 0 0
0.803333 0 0 0 0
0.81 0 0 0 0
0.816667 0 0 0 0
0.823333 0 0 0 0
0.83 0 0 0 0
0.836667 0 0 0 0
0.843333 0 0 0 0
0.85 0 0 0 0
0.856667 0 0 0 0
0.863333 0 0 0 0
0.87 0 0 0 0
0.876667 0 0 0 0
0.883333 0 0 0 0
0.89 0 0 0 0
0.896667 0 0 0 0
0.903333 0 0 0 0
0.91 0 0 0 0
0.916667 0 0 0 0
0.923333 0 0 0 0
0.93 0 0 0 0
0.936667 0 0 0 0
0.943333 0 0 0 0
0.95 0 0 0 0
0.956667 0 0 0 0
0.963333 0 0 0 0
0.97 0 0 0 0
0.976667 0 0 0 0
0.983333 0 0 0 0
0.99 0 0 0 0
0.996667 0 0 0 0
1.00333 0 0 0 0
1.01 0 0 0 0
1.01667 0 0 0 0
1.02333 0 0 0 0
1.03 0 0 0 0
1.03667 0 0 0 0
1.04333 0 0 0 0
1.05 0 0 0 0
1.05667 0 0 0 0
1.06333 0 0 0 0
1.07 0 0 0 0
1.07667 0 0 0 0
1.08333 0 0 0 0
1.09 0 0 0 0
1.09667 0 0 0 0
1.10333 0 0 0 0
1.11 0 0 0 0
1.11667 0 0 0 0
1.12333 0 0 0 0
1.13 0 0 0 0
1.13667 0 0 0 0
1.14333 0 0 0 0
1.15 0 0 0 0
1.15667 0 0 0 0
1.16333 0 0 0 0
1.17 0 0 0 0
1.17667 0 0 0 0
1.18333 0 0 0 0
1.19 0 0 0 0
1.19667 0 0 0 0
1.20333 0 0 0 0
1.21 0 0 0 0
1.21667 0 0 0 0
1.22333 0 0 0 0
1.23 0 0 0 0
1.23667 0 0 0 0
1.24333 0 0 0 0
1.25 0 0 0 0
1.25667 0 0 0 0
1.26333 0 0 0 0
1.27 0 0 0 0
1.27667 0 0 0 0
1.28333 0 0 0 0
1.29 0 0 0 0
1.29667 0 0 0 0
1.30333 0 0 0 0
1.31 0 0 0 0
1.31667 0 0 0 0
1.32333 0 0 0 0
1.33 0 0 0 0
1.33667 0 0 0 0
1.34333 0 0 0 0
1.35 0 0 0 0
1.35667 0 0 0 0
1.36333 0 0 0 0
1.37 0 0 0 0
1.37667 0 0 0 0
1.38333 0 0 0 0
1.39 0 0 0 0
1.39667 0 0 0 0
1.40333 0 0 0 0
1.41 0 0 0 0
1.41667 0 0 0 0
1.42333 0 0 0 0
1.43 0 0 0 0
1.43667 0 0 0 0
1.44333 0 0 0 0
1.45 0 0 0 0
1.45667 0 0 0 0
1.46333 0 0 0 0
1.47 0 0 0 0
1.47667 0 0 0 0
1.48333 0 0 0 0
1.49 0 0 0 0
1.49667 0 0 0 0
1.50333 0 0 0 0
1.51 0 0 0 0
1.51667 0 0 0 0
1.52333 0 0 0 0
1.53 0 0 0 0
1.53667 0 0 0 0
1.54333 0 0 0 0
1.55 0 0 0 0
1.55667 0 0 0 0
1.56333 0 0 0 0
1.57 0 0 0 0
1.57667 0 0 0 0
1.58333 0 0 0 0
1.59 0 0 0 0
1.59667 0 0 0 0
1.60333 0 0 0 0
1.61 0 0 0 0
1.61667 0 0 0 0
1.62333 0 0 0 0
1.63 0 0 0 0
1.63667 0 0 0 0
1.64333 0 0 0 0
1.65 0 0 0 0
1.65667 0 0 0 0
1.66333 0 0 0 0
1.67 0 0 0 0
1.67667 0 0 0 0
1.68333 0 0 0 0
1.69 0 0 0 0
1.69667 0 0 0 0
1.70333 0 0 0 0
1.71 0 0 0 0
1.71667 0 0 0 0
1.72333 0 0 0 0
1.73 0 0 0 0
1.73667 0 0 0 0
1.74333 0 0 0 0
1.75 0 0 0 0
1.75667 0 0 0 0
1.76333 0 0 0 0
1.77 0 0 0 0
1.77667 0 0 0 0
1.78333 0 0 0 0
1.79 0 0 0 0
1.79667 0 0 0 0
1.80333 0 0 0 0
1.81 0 0 0 0
1.81667 0 0 0 0
1.82333 0 0 0 0
1.83 0 0 0 0
1.83667 0 0 0 0
1.84333 0 0 0 0
1.85 0 0 0 0
1.85667 0 0 0 0
1.86333 0 0 0 0
1.87 0 0 0 0
1.87667 0 0 0 0
1.88333 0 0 0 0
1.89 0 0 0 0
1.89667 0 0 0 0
1.90333 0 0 0 0
1.91 0 0 0 0
1.91667 0 0 0 0
1.92333 0 0 0 0
1.93 0 0 0 0
1.93667 0 0 0 0
1.94333 0 0 0 0
1.95 0 0 0 0
1.95667 0 0 0 0
1.96333 0 0 0 0
1.97 0 0 0 0
1.97667 0 0 0 0
1.98333 0 0 0 0
1.99 0 0 0 0
1.99667 0 0 0 0
