0.00333333 20 59 5 3
0.01 17 64 5 0
0.0166667 34 82 14 2
0.0233333 27 87 6 2
0.03 35 103 16 5
0.0366667 40 120 21 4
0.0433333 55 161 22 5
0.05 70 177 32 6
0.0566667 67 223 38 5
0.0633333 84 239 37 13
0.07 91 235 33 13
0.0766667 80 261 29 13
0.0833333 81 273 48 12
0.09 95 279 48 13
0.0966667 97 264 41 12
0.103333 105 269 39 14
0.11 89 288 54 9
0.116667 99 270 54 13
0.123333 85 270 30 12
0.13 72 255 42 12
0.136667 76 261 28 15
0.143333 66 236 26 12
0.15 79 216 29 12
0.156667 66 232 28 13
0.163333 68 195 30 11
0.17 58 198 32 12
0.176667 75 176 33 6
0.183333 76 223 29 10
0.19 62 210 22 13
0.196667 62 220 25 9
0.203333 66 197 26 14
0.21 70 190 22 7
0.216667 52 192 25 11
0.223333 56 195 21 14
0.23 45 174 17 7
0.236667 40 179 23 9
0.243333 45 150 13 8
0.25 64 154 17 5
0.256667 46 140 13 7
0.263333 38 128 16 9
0.27 41 134 17 10
0.276667 46 129 23 7
0.283333 27 131 14 10
0.29 24 151 10 2
0.296667 42 123 8 6
0.303333 30 109 16 7
0.31 37 101 13 4
0.316667 30 105 8 6
0.323333 36 91 12 3
0.33 29 85 10 5
0.336667 33 93 12 7
0.343333 21 100 12 2
0.35 26 94 17 8
0.356667 35 84 13 3
0.363333 27 85 11 2
0.37 31 79 12 5
0.376667 35 67 12 7
0.383333 32 78 15 5
0.39 26 74 13 2
0.396667 28 75 7 5
0.403333 21 83 14 4
0.41 27 77 7 4
0.416667 28 74 10 6
0.423333 23 79 10 3
0.43 18 75 9 5
0.436667 34 80 4 3
0.443333 30 72 6 3
0.45 41 90 7 0
0.456667 22 68 13 9
0.463333 19 69 7 5
0.47 23 66 14 4
0.476667 21 48 10 4
0.483333 14 58 9 3
0.49 9 56 6 5
0.496667 16 49 11 2
0.503333 21 39 5 4
0.51 14 46 15 3
0.516667 10 50 6 2
0.523333 14 44 5 3
0.53 17 33 4 2
0.536667 14 37 3 2
0.543333 12 35 10 2
0.55 7 29 3 4
0.556667 14 34 4 1
0.563333 14 44 3 3
0.57 6 44 7 2
0.576667 15 31 5 2
0.583333 15 42 6 1
0.59 12 36 6 3
0.596667 13 39 8 4
0.603333 8 32 4 3
0.61 7 43 5 3
0.616667 10 31 2 2
0.623333 14 31 7 5
0.63 14 32 1 1
0.636667 14 42 5 5
0.643333 7 25 3 1
0.65 11 28 6 3
0.656667 3 23 7 3
0.663333 583 2213 184 63
0.67 0 0 0 0
0.676667 0 0 0 0
0.683333 0 0 0 0
0.69 0 0 0 0
0.696667 0 0 0 0
0.703333 0 0 0 0
0.71 0 0 0 0
0.716667 0 0 0 0
0.723333 0 0 0 0
0.73 0 0 0 0
0.736667 0 0 0 0
0.743333 0 0 0 0
0.75 0 0 0 0
0.756667 0 0 0 0
0.763333 0 0 0 0
0.77 0 0 0 0
0.776667 0 0 0 0
0.783333 0 0 0 0
0.79 0 0 0 0
0.796667 0 0 0 0
0.803333 0 0 0 0
0.81 0 0 0 0
0.816667 0 0 0 0
0.823333 0 0 0 0
0.83 0 0 0 0
0.836667 0 0 0 0
0.843333 0 0 0 0
0.85 0 0 0 0
0.856667 0 0 0 0
0.863333 0 0 0 0
0.87 0 0 0 0
0.876667 0 0 0 0
0.883333 0 0 0 0
0.89 0 0 0 0
0.896667 0 0 0 0
0.903333 0 0 0 0
0.91 0 0 0 0
0.916667 0 0 0 0
0.923333 0 0 0 0
0.93 0 0 0 0
0.936667 0 0 0 0
0.943333 0 0 0 0
0.95 0 0 0 0
0.956667 0 0 0 0
0.963333 0 0 0 0
0.97 0 0 0 0
0.976667 0 0 0 0
0.983333 0 0 0 0
0.99 0 0 0 0
0.996667 0 0 0 0
1.00333 0 0 0 0
1.01 0 0 0 0
1.01667 0 0 0 0
1.02333 0 0 0 0
1.03 0 0 0 0
1.03667 0 0 0 0
1.04333 0 0 0 0
1.05 0 0 0 0
1.05667 0 0 0 0
1.06333 0 0 0 0
1.07 0 0 0 0
1.07667 0 0 0 0
1.08333 0 0 0 0
1.09 0 0 0 0
1.09667 0 0 0 0
1.10333 0 0 0 0
1.11 0 0 0 0
1.11667 0 0 0 0
1.12333 0 0 0 0
1.13 0 0 0 0
1.13667 0 0 0 0
1.14333 0 0 0 0
1.15 0 0 0 0
1.15667 0 0 0 0
1.16333 0 0 0 0
1.17 0 0 0 0
1.17667 0 0 0 0
1.18333 0 0 0 0
1.19 0 0 0 0
1.19667 0 0 0 0
1.20333 0 0 0 0
1.21 0 0 0 0
1.21667 0 0 0 0
1.22333 0 0 0 0
1.23 0 0 0 0
1.23667 0 0 0 0
1.24333 0 0 0 0
1.25 0 0 0 0
1.25667 0 0 0 0
1.26333 0 0 0 0
1.27 0 0 0 0
1.27667 0 0 0 0
1.28333 0 0 0 0
1.29 0 0 0 0
1.29667 0 0 0 0
1.30333 0 0 0 0
1.31 0 0 0 0
1.31667 0 0 0 0
1.32333 0 0 0 0
1.33 0 0 0 0
1.33667 0 0 0 0
1.34333 0 0 0 0
1.35 0 0 0 0
1.35667 0 0 0 0
1.36333 0 0 0 0
1.37 0 0 0 0
1.37667 0 0 0 0
1.38333 0 0 0 0
1.39 0 0 0 0
1.39667 0 0 0 0
1.40333 0 0 0 0
1.41 0 0 0 0
1.41667 0 0 0 0
1.42333 0 0 0 0
1.43 0 0 0 0
1.43667 0 0 0 0
1.44333 0 0 0 0
1.45 0 0 0 0
1.45667 0 0 0 0
1.46333 0 0 0 0
1.47 0 0 0 0
1.47667 0 0 0 0
1.48333 0 0 0 0
1.49 0 0 0 0
1.49667 0 0 0 0
1.50333 0 0 0 0
1.51 0 0 0 0
1.51667 0 0 0 0
1.52333 0 0 0 0
1.53 0 0 0 0
1.53667 0 0 0 0
1.54333 0 0 0 0
1.55 0 0 0 0
1.55667 0 0 0 0
1.56333 0 0 0 0
1.57 0 0 0 0
1.57667 0 0 0 0
1.58333 0 0 0 0
1.59 0 0 0 0
1.59667 0 0 0 0
1.60333 0 0 0 0
1.61 0 0 0 0
1.61667 0 0 0 0
1.62333 0 0 0 0
1.63 0 0 0 0
1.63667 0 0 0 0
1.64333 0 0 0 0
1.65 0 0 0 0
1.65667 0 0 0 0
1.66333 0 0 0 0
1.67 0 0 0 0
1.67667 0 0 0 0
1.68333 0 0 0 0
1.69 0 0 0 0
1.69667 0 0 0 0
1.70333 0 0 0 0
1.71 0 0 0 0
1.71667 0 0 0 0
1.72333 0 0 0 0
1.73 0 0 0 0
1.73667 0 0 0 0
1.74333 0 0 0 0
1.75 0 0 0 0
1.75667 0 0 0 0
1.76333 0 0 0 0
1.77 0 0 0 0
1.77667 0 0 0 0
1.78333 0 0 0 0
1.79 0 0 0 0
1.79667 0 0 0 0
1.80333 0 0 0 0
1.81 0 0 0 0
1.81667 0 0 0 0
1.82333 0 0 0 0
1.83 0 0 0 0
1.83667 0 0 0 0
1.84333 0 0 0 0
1.85 0 0 0 0
1.85667 0 0 0 0
1.86333 0 0 0 0
1.87 0 0 0 0
1.87667 0 0 0 0
1.88333 0 0 0 0
1.89 0 0 0 0
1.89667 0 0 0 0
1.90333 0 0 0 0
1.91 0 0 0 0
1.91667 0 0 0 0
1.92333 0 0 0 0
1.93 0 0 0 0
1.93667 0 0 0 0
1.94333 0 0 0 0
1.95 0 0 0 0
1.95667 0 0 0 0
1.96333 0 0 0 0
1.97 0 0 0 0
1.97667 0 0 0 0
1.98333 0 0 0 0
1.99 0 0 0 0
1.99667 0 0 0 0
