0.00333333 12 114 12 2
0.01 11 138 15 1
0.0166667 13 144 15 1
0.0233333 12 150 16 0
0.03 14 149 9 1
0.0366667 17 156 11 2
0.0433333 27 190 16 5
0.05 30 194 22 3
0.0566667 41 202 31 3
0.0633333 41 229 36 3
0.07 48 310 30 0
0.0766667 41 274 28 2
0.0833333 43 344 41 5
0.09 31 311 29 5
0.0966667 34 302 31 4
0.103333 36 301 27 2
0.11 46 311 39 3
0.116667 46 312 33 6
0.123333 34 374 30 4
0.13 30 326 46 3
0.136667 39 333 29 5
0.143333 31 366 28 4
0.15 29 314 20 2
0.156667 26 319 33 5
0.163333 24 345 29 1
0.17 26 340 33 2
0.176667 31 332 37 4
0.183333 36 354 32 2
0.19 26 447 44 3
0.196667 30 468 39 5
0.203333 22 430 38 4
0.21 34 408 29 2
0.216667 10 391 37 1
0.223333 30 388 23 4
0.23 19 322 26 3
0.236667 17 313 17 2
0.243333 20 290 27 1
0.25 20 295 23 4
0.256667 29 287 36 3
0.263333 26 277 28 0
0.27 20 241 27 2
0.276667 23 228 20 1
0.283333 15 215 22 0
0.29 17 224 13 2
0.296667 17 208 18 1
0.303333 26 185 19 1
0.31 17 199 28 0
0.316667 20 180 10 4
0.323333 27 189 22 4
0.33 14 202 15 0
0.336667 15 178 19 0
0.343333 12 178 11 1
0.35 14 180 19 2
0.356667 14 161 15 0
0.363333 9 177 21 0
0.37 19 178 11 0
0.376667 9 151 16 5
0.383333 17 137 17 0
0.39 9 165 19 1
0.396667 9 171 15 3
0.403333 11 167 13 1
0.41 10 178 18 0
0.416667 11 153 15 1
0.423333 14 157 21 1
0.43 10 143 21 1
0.436667 13 161 17 2
0.443333 13 157 9 1
0.45 9 136 24 1
0.456667 15 144 16 1
0.463333 9 139 16 2
0.47 9 152 19 0
0.476667 9 132 16 2
0.483333 10 64 15 1
0.49 9 81 9 1
0.496667 13 66 9 1
0.503333 12 57 9 1
0.51 5 57 14 1
0.516667 7 57 18 0
0.523333 8 45 14 0
0.53 11 64 9 0
0.536667 6 54 6 2
0.543333 9 50 10 1
0.55 5 56 5 1
0.556667 9 44 4 0
0.563333 4 65 9 0
0.57 11 68 7 0
0.576667 4 54 9 0
0.583333 10 64 11 1
0.59 5 52 8 0
0.596667 13 52 13 1
0.603333 6 42 11 1
0.61 11 51 9 0
0.616667 7 46 5 0
0.623333 3 49 9 2
0.63 8 49 3 0
0.636667 5 57 10 2
0.643333 12 44 5 0
0.65 9 42 7 0
0.656667 6 36 6 0
0.663333 192 7316 534 20
0.67 0 0 0 0
0.676667 0 0 0 0
0.683333 0 0 0 0
0.69 0 0 0 0
0.696667 0 0 0 0
0.703333 0 0 0 0
0.71 0 0 0 0
0.716667 0 0 0 0
0.723333 0 0 0 0
0.73 0 0 0 0
0.736667 0 0 0 0
0.743333 0 0 0 0
0.75 0 0 0 0
0.756667 0 0 0 0
0.763333 0 0 0 0
0.77 0 0 0 0
0.776667 0 0 0 0
0.783333 0 0 0 0
0.79 0 0 0 0
0.796667 0 0 0 0
0.803333 0 0 0 0
0.81 0 0 0 0
0.816667 0 0 0 0
0.823333 0 0 0 0
0.83 0 0 0 0
0.836667 0 0 0 0
0.843333 0 0 0 0
0.85 0 0 0 0
0.856667 0 0 0 0
0.863333 0 0 0 0
0.87 0 0 0 0
0.876667 0 0 0 0
0.883333 0 0 0 0
0.89 0 0 0 0
0.896667 0 0 0 0
0.903333 0 0 0 0
0.91 0 0 0 0
0.916667 0 0 0 0
0.923333 0 0 0 0
0.93 0 0 0 0
0.936667 0 0 0 0
0.943333 0 0 0 0
0.95 0 0 0 0
0.956667 0 0 0 0
0.963333 0 0 0 0
0.97 0 0 0 0
0.976667 0 0 0 0
0.983333 0 0 0 0
0.99 0 0 0 0
0.996667 0 0 0 0
1.00333 0 0 0 0
1.01 0 0 0 0
1.01667 0 0 0 0
1.02333 0 0 0 0
1.03 0 0 0 0
1.03667 0 0 0 0
1.04333 0 0 0 0
1.05 0 0 0 0
1.05667 0 0 0 0
1.06333 0 0 0 0
1.07 0 0 0 0
1.07667 0 0 0 0
1.08333 0 0 0 0
1.09 0 0 0 0
1.09667 0 0 0 0
1.10333 0 0 0 0
1.11 0 0 0 0
1.11667 0 0 0 0
1.12333 0 0 0 0
1.13 0 0 0 0
1.13667 0 0 0 0
1.14333 0 0 0 0
1.15 0 0 0 0
1.15667 0 0 0 0
1.16333 0 0 0 0
1.17 0 0 0 0
1.17667 0 0 0 0
1.18333 0 0 0 0
1.19 0 0 0 0
1.19667 0 0 0 0
1.20333 0 0 0 0
1.21 0 0 0 0
1.21667 0 0 0 0
1.22333 0 0 0 0
1.23 0 0 0 0
1.23667 0 0 0 0
1.24333 0 0 0 0
1.25 0 0 0 0
1.25667 0 0 0 0
1.26333 0 0 0 0
1.27 0 0 0 0
1.27667 0 0 0 0
1.28333 0 0 0 0
1.29 0 0 0 0
1.29667 0 0 0 0
1.30333 0 0 0 0
1.31 0 0 0 0
1.31667 0 0 0 0
1.32333 0 0 0 0
1.33 0 0 0 0
1.33667 0 0 0 0
1.34333 0 0 0 0
1.35 0 0 0 0
1.35667 0 0 0 0
1.36333 0 0 0 0
1.37 0 0 0 0
1.37667 0 0 0 0
1.38333 0 0 0 0
1.39 0 0 0 0
1.39667 0 0 0 0
1.40333 0 0 0 0
1.41 0 0 0 0
1.41667 0 0 0 0
1.42333 0 0 0 0
1.43 0 0 0 0
1.43667 0 0 0 0
1.44333 0 0 0 0
1.45 0 0 0 0
1.45667 0 0 0 0
1.46333 0 0 0 0
1.47 0 0 0 0
1.47667 0 0 0 0
1.48333 0 0 0 0
1.49 0 0 0 0
1.49667 0 0 0 0
1.50333 0 0 0 0
1.51 0 0 0 0
1.51667 0 0 0 0
1.52333 0 0 0 0
1.53 0 0 0 0
1.53667 0 0 0 0
1.54333 0 0 0 0
1.55 0 0 0 0
1.55667 0 0 0 0
1.56333 0 0 0 0
1.57 0 0 0 0
1.57667 0 0 0 0
1.58333 0 0 0 0
1.59 0 0 0 0
1.59667 0 0 0 0
1.60333 0 0 0 0
1.61 0 0 0 0
1.61667 0 0 0 0
1.62333 0 0 0 0
1.63 0 0 0 0
1.63667 0 0 0 0
1.64333 0 0 0 0
1.65 0 0 0 0
1.65667 0 0 0 0
1.66333 0 0 0 0
1.67 0 0 0 0
1.67667 0 0 0 0
1.68333 0 0 0 0
1.69 0 0 0 0
1.69667 0 0 0 0
1.70333 0 0 0 0
1.71 0 0 0 0
1.71667 0 0 0 0
1.72333 0 0 0 0
1.73 0 0 0 0
1.73667 0 0 0 0
1.74333 0 0 0 0
1.75 0 0 0 0
1.75667 0 0 0 0
1.76333 0 0 0 0
1.77 0 0 0 0
1.77667 0 0 0 0
1.78333 0 0 0 0
1.79 0 0 0 0
1.79667 0 0 0 0
1.80333 0 0 0 0
1.81 0 0 0 0
1.81667 0 0 0 0
1.82333 0 0 0 0
1.83 0 0 0 0
1.83667 0 0 0 0
1.84333 0 0 0 0
1.85 0 0 0 0
1.85667 0 0 0 0
1.86333 0 0 0 0
1.87 0 0 0 0
1.87667 0 0 0 0
1.88333 0 0 0 0
1.89 0 0 0 0
1.89667 0 0 0 0
1.90333 0 0 0 0
1.91 0 0 0 0
1.91667 0 0 0 0
1.92333 0 0 0 0
1.93 0 0 0 0
1.93667 0 0 0 0
1.94333 0 0 0 0
1.95 0 0 0 0
1.95667 0 0 0 0
1.96333 0 0 0 0
1.97 0 0 0 0
1.97667 0 0 0 0
1.98333 0 0 0 0
1.99 0 0 0 0
1.99667 0 0 0 0
