0.00333333 10 61 10 0
0.01 27 86 8 0
0.0166667 29 80 11 1
0.0233333 26 79 11 0
0.03 27 79 11 2
0.0366667 36 97 13 1
0.0433333 46 131 15 2
0.05 63 144 22 2
0.0566667 72 208 28 2
0.0633333 87 249 22 4
0.07 88 212 27 2
0.0766667 95 256 33 4
0.0833333 96 258 36 4
0.09 99 256 25 3
0.0966667 82 222 30 3
0.103333 90 266 29 3
0.11 99 228 24 2
0.116667 93 260 36 2
0.123333 71 252 39 4
0.13 72 244 35 2
0.136667 65 220 21 5
0.143333 66 219 27 1
0.15 67 206 19 1
0.156667 49 217 35 3
0.163333 53 212 38 2
0.17 51 197 20 1
0.176667 39 213 27 2
0.183333 61 213 28 3
0.19 60 211 35 3
0.196667 45 199 23 6
0.203333 33 198 25 3
0.21 51 174 18 2
0.216667 45 189 19 1
0.223333 54 156 17 3
0.23 46 183 19 1
0.236667 56 182 25 5
0.243333 49 146 20 1
0.25 38 149 17 3
0.256667 40 146 23 0
0.263333 39 136 18 2
0.27 37 118 14 3
0.276667 43 131 23 5
0.283333 27 102 21 3
0.29 42 102 15 2
0.296667 27 112 10 3
0.303333 44 121 18 5
0.31 34 118 18 0
0.316667 36 95 12 1
0.323333 40 102 13 2
0.33 30 90 18 1
0.336667 24 86 8 1
0.343333 26 94 7 1
0.35 28 91 13 3
0.356667 21 91 17 2
0.363333 25 88 10 1
0.37 24 82 10 1
0.376667 28 92 6 1
0.383333 21 83 12 4
0.39 18 95 21 2
0.396667 22 89 12 3
0.403333 26 92 10 2
0.41 29 93 15 1
0.416667 25 89 19 1
0.423333 22 69 5 1
0.43 23 66 12 1
0.436667 22 66 19 3
0.443333 24 64 10 1
0.45 18 80 10 1
0.456667 21 73 10 2
0.463333 27 67 10 0
0.47 14 67 18 1
0.476667 18 73 9 2
0.483333 15 44 4 1
0.49 24 63 5 0
0.496667 19 50 6 0
0.503333 10 39 8 3
0.51 18 44 12 0
0.516667 19 42 4 2
0.523333 13 39 8 1
0.53 15 39 5 0
0.536667 17 47 8 2
0.543333 9 44 8 0
0.55 15 40 3 0
0.556667 7 42 9 1
0.563333 12 44 8 0
0.57 13 29 4 1
0.576667 10 40 5 0
0.583333 12 36 6 3
0.59 9 31 6 0
0.596667 12 56 7 2
0.603333 6 31 6 0
0.61 8 36 5 0
0.616667 7 35 5 0
0.623333 10 35 7 0
0.63 6 37 6 0
0.636667 8 42 4 0
0.643333 11 39 4 2
0.65 12 28 4 2
0.656667 8 26 5 0
0.663333 376 2318 293 8
0.67 0 0 0 0
0.676667 0 0 0 0
0.683333 0 0 0 0
0.69 0 0 0 0
0.696667 0 0 0 0
0.703333 0 0 0 0
0.71 0 0 0 0
0.716667 0 0 0 0
0.723333 0 0 0 0
0.73 0 0 0 0
0.736667 0 0 0 0
0.743333 0 0 0 0
0.75 0 0 0 0
0.756667 0 0 0 0
0.763333 0 0 0 0
0.77 0 0 0 0
0.776667 0 0 0 0
0.783333 0 0 0 0
0.79 0 0 0 0
0.796667 0 0 0 0
0.803333 0 0 0 0
0.81 0 0 0 0
0.816667 0 0 0 0
0.823333 0 0 0 0
0.83 0 0 0 0
0.836667 0 0 0 0
0.843333 0 0 0 0
0.85 0 0 0 0
0.856667 0 0 0 0
0.863333 0 0 0 0
0.87 0 0 0 0
0.876667 0 0 0 0
0.883333 0 0 0 0
0.89 0 0 0 0
0.896667 0 0 0 0
0.903333 0 0 0 0
0.91 0 0 0 0
0.916667 0 0 0 0
0.923333 0 0 0 0
0.93 0 0 0 0
0.936667 0 0 0 0
0.943333 0 0 0 0
0.95 0 0 0 0
0.956667 0 0 0 0
0.963333 0 0 0 0
0.97 0 0 0 0
0.976667 0 0 0 0
0.983333 0 0 0 0
0.99 0 0 0 0
0.996667 0 0 0 0
1.00333 0 0 0 0
1.01 0 0 0 0
1.01667 0 0 0 0
1.02333 0 0 0 0
1.03 0 0 0 0
1.03667 0 0 0 0
1.04333 0 0 0 0
1.05 0 0 0 0
1.05667 0 0 0 0
1.06333 0 0 0 0
1.07 0 0 0 0
1.07667 0 0 0 0
1.08333 0 0 0 0
1.09 0 0 0 0
1.09667 0 0 0 0
1.10333 0 0 0 0
1.11 0 0 0 0
1.11667 0 0 0 0
1.12333 0 0 0 0
1.13 0 0 0 0
1.13667 0 0 0 0
1.14333 0 0 0 0
1.15 0 0 0 0
1.15667 0 0 0 0
1.16333 0 0 0 0
1.17 0 0 0 0
1.17667 0 0 0 0
1.18333 0 0 0 0
1.19 0 0 0 0
1.19667 0 0 0 0
1.20333 0 0 0 0
1.21 0 0 0 0
1.21667 0 0 0 0
1.22333 0 0 0 0
1.23 0 0 0 0
1.23667 0 0 0 0
1.24333 0 0 0 0
1.25 0 0 0 0
1.25667 0 0 0 0
1.26333 0 0 0 0
1.27 0 0 0 0
1.27667 0 0 0 0
1.28333 0 0 0 0
1.29 0 0 0 0
1.29667 0 0 0 0
1.30333 0 0 0 0
1.31 0 0 0 0
1.31667 0 0 0 0
1.32333 0 0 0 0
1.33 0 0 0 0
1.33667 0 0 0 0
1.34333 0 0 0 0
1.35 0 0 0 0
1.35667 0 0 0 0
1.36333 0 0 0 0
1.37 0 0 0 0
1.37667 0 0 0 0
1.38333 0 0 0 0
1.39 0 0 0 0
1.39667 0 0 0 0
1.40333 0 0 0 0
1.41 0 0 0 0
1.41667 0 0 0 0
1.42333 0 0 0 0
1.43 0 0 0 0
1.43667 0 0 0 0
1.44333 0 0 0 0
1.45 0 0 0 0
1.45667 0 0 0 0
1.46333 0 0 0 0
1.47 0 0 0 0
1.47667 0 0 0 0
1.48333 0 0 0 0
1.49 0 0 0 0
1.49667 0 0 0 0
1.50333 0 0 0 0
1.51 0 0 0 0
1.51667 0 0 0 0
1.52333 0 0 0 0
1.53 0 0 0 0
1.53667 0 0 0 0
1.54333 0 0 0 0
1.55 0 0 0 0
1.55667 0 0 0 0
1.56333 0 0 0 0
1.57 0 0 0 0
1.57667 0 0 0 0
1.58333 0 0 0 0
1.59 0 0 0 0
1.59667 0 0 0 0
1.60333 0 0 0 0
1.61 0 0 0 0
1.61667 0 0 0 0
1.62333 0 0 0 0
1.63 0 0 0 0
1.63667 0 0 0 0
1.64333 0 0 0 0
1.65 0 0 0 0
1.65667 0 0 0 0
1.66333 0 0 0 0
1.67 0 0 0 0
1.67667 0 0 0 0
1.68333 0 0 0 0
1.69 0 0 0 0
1.69667 0 0 0 0
1.70333 0 0 0 0
1.71 0 0 0 0
1.71667 0 0 0 0
1.72333 0 0 0 0
1.73 0 0 0 0
1.73667 0 0 0 0
1.74333 0 0 0 0
1.75 0 0 0 0
1.75667 0 0 0 0
1.76333 0 0 0 0
1.77 0 0 0 0
1.77667 0 0 0 0
1.78333 0 0 0 0
1.79 0 0 0 0
1.79667 0 0 0 0
1.80333 0 0 0 0
1.81 0 0 0 0
1.81667 0 0 0 0
1.82333 0 0 0 0
1.83 0 0 0 0
1.83667 0 0 0 0
1.84333 0 0 0 0
1.85 0 0 0 0
1.85667 0 0 0 0
1.86333 0 0 0 0
1.87 0 0 0 0
1.87667 0 0 0 0
1.88333 0 0 0 0
1.89 0 0 0 0
1.89667 0 0 0 0
1.90333 0 0 0 0
1.91 0 0 0 0
1.91667 0 0 0 0
1.92333 0 0 0 0
1.93 0 0 0 0
1.93667 0 0 0 0
1.94333 0 0 0 0
1.95 0 0 0 0
1.95667 0 0 0 0
1.96333 0 0 0 0
1.97 0 0 0 0
1.97667 0 0 0 0
1.98333 0 0 0 0
1.99 0 0 0 0
1.99667 0 0 0 0
