0.00333333 21 19 3 5
0.01 21 26 9 2
0.0166667 30 27 4 3
0.0233333 30 31 3 7
0.03 26 42 10 5
0.0366667 24 39 13 5
0.0433333 39 59 16 1
0.05 39 89 21 7
0.0566667 62 95 17 9
0.0633333 73 93 26 7
0.07 50 99 32 11
0.0766667 71 92 24 6
0.0833333 69 101 30 10
0.09 64 106 41 10
0.0966667 65 115 30 7
0.103333 68 98 25 7
0.11 86 82 22 9
0.116667 76 86 24 5
0.123333 79 88 13 8
0.13 64 76 15 8
0.136667 66 86 16 4
0.143333 66 88 22 12
0.15 64 74 22 11
0.156667 62 76 14 6
0.163333 54 56 22 8
0.17 55 78 18 6
0.176667 42 47 21 2
0.183333 66 62 14 12
0.19 56 69 17 7
0.196667 62 67 22 10
0.203333 65 53 19 7
0.21 56 63 20 7
0.216667 65 49 15 6
0.223333 49 37 13 6
0.23 51 52 12 5
0.236667 47 57 12 5
0.243333 41 34 11 8
0.25 39 46 14 3
0.256667 54 42 10 6
0.263333 52 56 9 5
0.27 45 36 13 6
0.276667 40 40 12 4
0.283333 40 33 4 6
0.29 31 57 14 4
0.296667 20 34 9 3
0.303333 38 38 15 3
0.31 34 39 9 4
0.316667 36 42 8 3
0.323333 34 32 13 5
0.33 32 44 7 10
0.336667 25 39 7 3
0.343333 35 37 6 3
0.35 22 42 11 5
0.356667 24 39 12 3
0.363333 23 40 13 1
0.37 21 28 10 2
0.376667 37 26 10 2
0.383333 28 21 4 3
0.39 29 24 10 4
0.396667 27 20 5 7
0.403333 33 25 9 1
0.41 32 27 10 5
0.416667 25 21 7 1
0.423333 16 21 5 3
0.43 32 24 6 2
0.436667 24 25 6 4
0.443333 28 24 15 2
0.45 30 24 11 3
0.456667 23 20 6 10
0.463333 19 38 4 4
0.47 26 17 7 4
0.476667 21 17 10 3
0.483333 15 12 5 3
0.49 19 25 5 1
0.496667 12 18 5 2
0.503333 18 14 9 2
0.51 9 24 4 3
0.516667 18 16 5 2
0.523333 11 12 5 1
0.53 9 11 6 1
0.536667 13 13 3 6
0.543333 9 15 11 1
0.55 8 14 7 1
0.556667 13 11 3 0
0.563333 18 23 2 4
0.57 21 11 5 2
0.576667 9 16 2 2
0.583333 15 9 5 4
0.59 12 16 4 2
0.596667 14 11 7 2
0.603333 13 9 7 4
0.61 11 7 5 3
0.616667 14 15 3 0
0.623333 13 13 3 3
0.63 10 8 3 0
0.636667 11 16 7 3
0.643333 7 11 2 2
0.65 9 16 2 6
0.656667 15 11 3 4
0.663333 658 423 135 75
0.67 0 0 0 0
0.676667 0 0 0 0
0.683333 0 0 0 0
0.69 0 0 0 0
0.696667 0 0 0 0
0.703333 0 0 0 0
0.71 0 0 0 0
0.716667 0 0 0 0
0.723333 0 0 0 0
0.73 0 0 0 0
0.736667 0 0 0 0
0.743333 0 0 0 0
0.75 0 0 0 0
0.756667 0 0 0 0
0.763333 0 0 0 0
0.77 0 0 0 0
0.776667 0 0 0 0
0.783333 0 0 0 0
0.79 0 0 0 0
0.796667 0 0 0 0
0.803333 0 0 0 0
0.81 0 0 0 0
0.816667 0 0 0 0
0.823333 0 0 0 0
0.83 0 0 0 0
0.836667 0 0 0 0
0.843333 0 0 0 0
0.85 0 0 0 0
0.856667 0 0 0 0
0.863333 0 0 0 0
0.87 0 0 0 0
0.876667 0 0 0 0
0.883333 0 0 0 0
0.89 0 0 0 0
0.896667 0 0 0 0
0.903333 0 0 0 0
0.91 0 0 0 0
0.916667 0 0 0 0
0.923333 0 0 0 0
0.93 0 0 0 0
0.936667 0 0 0 0
0.943333 0 0 0 0
0.95 0 0 0 0
0.956667 0 0 0 0
0.963333 0 0 0 0
0.97 0 0 0 0
0.976667 0 0 0 0
0.983333 0 0 0 0
0.99 0 0 0 0
0.996667 0 0 0 0
1.00333 0 0 0 0
1.01 0 0 0 0
1.01667 0 0 0 0
1.02333 0 0 0 0
1.03 0 0 0 0
1.03667 0 0 0 0
1.04333 0 0 0 0
1.05 0 0 0 0
1.05667 0 0 0 0
1.06333 0 0 0 0
1.07 0 0 0 0
1.07667 0 0 0 0
1.08333 0 0 0 0
1.09 0 0 0 0
1.09667 0 0 0 0
1.10333 0 0 0 0
1.11 0 0 0 0
1.11667 0 0 0 0
1.12333 0 0 0 0
1.13 0 0 0 0
1.13667 0 0 0 0
1.14333 0 0 0 0
1.15 0 0 0 0
1.15667 0 0 0 0
1.16333 0 0 0 0
1.17 0 0 0 0
1.17667 0 0 0 0
1.18333 0 0 0 0
1.19 0 0 0 0
1.19667 0 0 0 0
1.20333 0 0 0 0
1.21 0 0 0 0
1.21667 0 0 0 0
1.22333 0 0 0 0
1.23 0 0 0 0
1.23667 0 0 0 0
1.24333 0 0 0 0
1.25 0 0 0 0
1.25667 0 0 0 0
1.26333 0 0 0 0
1.27 0 0 0 0
1.27667 0 0 0 0
1.28333 0 0 0 0
1.29 0 0 0 0
1.29667 0 0 0 0
1.30333 0 0 0 0
1.31 0 0 0 0
1.31667 0 0 0 0
1.32333 0 0 0 0
1.33 0 0 0 0
1.33667 0 0 0 0
1.34333 0 0 0 0
1.35 0 0 0 0
1.35667 0 0 0 0
1.36333 0 0 0 0
1.37 0 0 0 0
1.37667 0 0 0 0
1.38333 0 0 0 0
1.39 0 0 0 0
1.39667 0 0 0 0
1.40333 0 0 0 0
1.41 0 0 0 0
1.41667 0 0 0 0
1.42333 0 0 0 0
1.43 0 0 0 0
1.43667 0 0 0 0
1.44333 0 0 0 0
1.45 0 0 0 0
1.45667 0 0 0 0
1.46333 0 0 0 0
1.47 0 0 0 0
1.47667 0 0 0 0
1.48333 0 0 0 0
1.49 0 0 0 0
1.49667 0 0 0 0
1.50333 0 0 0 0
1.51 0 0 0 0
1.51667 0 0 0 0
1.52333 0 0 0 0
1.53 0 0 0 0
1.53667 0 0 0 0
1.54333 0 0 0 0
1.55 0 0 0 0
1.55667 0 0 0 0
1.56333 0 0 0 0
1.57 0 0 0 0
1.57667 0 0 0 0
1.58333 0 0 0 0
1.59 0 0 0 0
1.59667 0 0 0 0
1.60333 0 0 0 0
1.61 0 0 0 0
1.61667 0 0 0 0
1.62333 0 0 0 0
1.63 0 0 0 0
1.63667 0 0 0 0
1.64333 0 0 0 0
1.65 0 0 0 0
1.65667 0 0 0 0
1.66333 0 0 0 0
1.67 0 0 0 0
1.67667 0 0 0 0
1.68333 0 0 0 0
1.69 0 0 0 0
1.69667 0 0 0 0
1.70333 0 0 0 0
1.71 0 0 0 0
1.71667 0 0 0 0
1.72333 0 0 0 0
1.73 0 0 0 0
1.73667 0 0 0 0
1.74333 0 0 0 0
1.75 0 0 0 0
1.75667 0 0 0 0
1.76333 0 0 0 0
1.77 0 0 0 0
1.77667 0 0 0 0
1.78333 0 0 0 0
1.79 0 0 0 0
1.79667 0 0 0 0
1.80333 0 0 0 0
1.81 0 0 0 0
1.81667 0 0 0 0
1.82333 0 0 0 0
1.83 0 0 0 0
1.83667 0 0 0 0
1.84333 0 0 0 0
1.85 0 0 0 0
1.85667 0 0 0 0
1.86333 0 0 0 0
1.87 0 0 0 0
1.87667 0 0 0 0
1.88333 0 0 0 0
1.89 0 0 0 0
1.89667 0 0 0 0
1.90333 0 0 0 0
1.91 0 0 0 0
1.91667 0 0 0 0
1.92333 0 0 0 0
1.93 0 0 0 0
1.93667 0 0 0 0
1.94333 0 0 0 0
1.95 0 0 0 0
1.95667 0 0 0 0
1.96333 0 0 0 0
1.97 0 0 0 0
1.97667 0 0 0 0
1.98333 0 0 0 0
1.99 0 0 0 0
1.99667 0 0 0 0
