0.00333333 6 28 27 7
0.01 5 33 19 10
0.0166667 7 26 35 6
0.0233333 11 41 38 7
0.03 10 51 30 9
0.0366667 13 57 45 15
0.0433333 12 69 68 22
0.05 20 90 76 29
0.0566667 24 104 105 37
0.0633333 26 116 101 18
0.07 27 150 125 36
0.0766667 25 119 126 26
0.0833333 29 128 122 35
0.09 29 141 133 34
0.0966667 28 123 114 34
0.103333 30 129 117 27
0.11 29 103 124 33
0.116667 30 127 145 27
0.123333 29 110 114 28
0.13 25 97 119 20
0.136667 16 105 90 33
0.143333 26 104 86 19
0.15 32 115 102 24
0.156667 18 87 93 20
0.163333 17 95 92 21
0.17 23 92 75 21
0.176667 18 104 94 24
0.183333 25 96 72 23
0.19 22 91 86 27
0.196667 28 108 90 19
0.203333 18 102 79 24
0.21 16 100 72 14
0.216667 14 88 74 18
0.223333 14 84 64 15
0.23 16 86 67 16
0.236667 15 69 65 17
0.243333 11 74 67 11
0.25 29 81 45 14
0.256667 13 56 62 21
0.263333 11 58 50 24
0.27 16 57 52 13
0.276667 10 58 32 11
0.283333 8 42 49 7
0.29 10 56 44 6
0.296667 10 57 36 15
0.303333 7 57 54 16
0.31 14 46 40 12
0.316667 11 41 47 11
0.323333 9 52 37 6
0.33 13 43 44 14
0.336667 6 44 41 12
0.343333 8 33 40 9
0.35 7 26 46 7
0.356667 9 43 35 14
0.363333 7 34 34 7
0.37 8 42 31 19
0.376667 7 45 39 6
0.383333 9 36 34 8
0.39 13 32 26 7
0.396667 7 22 31 9
0.403333 6 42 32 10
0.41 5 28 35 10
0.416667 6 43 41 10
0.423333 10 31 22 2
0.43 5 31 33 10
0.436667 12 36 37 7
0.443333 11 28 26 11
0.45 8 33 23 13
0.456667 6 33 27 13
0.463333 12 32 25 7
0.47 12 42 29 11
0.476667 7 29 30 9
0.483333 9 26 24 6
0.49 5 30 7 5
0.496667 6 28 18 4
0.503333 9 24 23 3
0.51 5 19 20 7
0.516667 7 19 16 8
0.523333 4 16 23 6
0.53 2 23 13 3
0.536667 6 21 13 8
0.543333 4 13 19 9
0.55 4 23 17 5
0.556667 3 18 17 6
0.563333 8 20 10 6
0.57 2 23 9 8
0.576667 6 21 12 7
0.583333 10 19 17 2
0.59 4 22 10 5
0.596667 4 12 12 6
0.603333 4 16 17 6
0.61 5 15 14 6
0.616667 5 9 14 6
0.623333 0 12 16 6
0.63 4 21 14 5
0.636667 2 21 14 3
0.643333 4 6 15 5
0.65 6 19 13 5
0.656667 4 11 10 2
0.663333 149 846 635 146
0.67 0 0 0 0
0.676667 0 0 0 0
0.683333 0 0 0 0
0.69 0 0 0 0
0.696667 0 0 0 0
0.703333 0 0 0 0
0.71 0 0 0 0
0.716667 0 0 0 0
0.723333 0 0 0 0
0.73 0 0 0 0
0.736667 0 0 0 0
0.743333 0 0 0 0
0.75 0 0 0 0
0.756667 0 0 0 0
0.763333 0 0 0 0
0.77 0 0 0 0
0.776667 0 0 0 0
0.783333 0 0 0 0
0.79 0 0 0 0
0.796667 0 0 0 0
0.803333 0 0 0 0
0.81 0 0 0 0
0.816667 0 0 0 0
0.823333 0 0 0 0
0.83 0 0 0 0
0.836667 0 0 0 0
0.843333 0 0 0 0
0.85 0 0 0 0
0.856667 0 0 0 0
0.863333 0 0 0 0
0.87 0 0 0 0
0.876667 0 0 0 0
0.883333 0 0 0 0
0.89 0 0 0 0
0.896667 0 0 0 0
0.903333 0 0 0 0
0.91 0 0 0 0
0.916667 0 0 0 0
0.923333 0 0 0 0
0.93 0 0 0 0
0.936667 0 0 0 0
0.943333 0 0 0 0
0.95 0 0 0 0
0.956667 0 0 0 0
0.963333 0 0 0 0
0.97 0 0 0 0
0.976667 0 0 0 0
0.983333 0 0 0 0
0.99 0 0 0 0
0.996667 0 0 0 0
1.00333 0 0 0 0
1.01 0 0 0 0
1.01667 0 0 0 0
1.02333 0 0 0 0
1.03 0 0 0 0
1.03667 0 0 0 0
1.04333 0 0 0 0
1.05 0 0 0 0
1.05667 0 0 0 0
1.06333 0 0 0 0
1.07 0 0 0 0
1.07667 0 0 0 0
1.08333 0 0 0 0
1.09 0 0 0 0
1.09667 0 0 0 0
1.10333 0 0 0 0
1.11 0 0 0 0
1.11667 0 0 0 0
1.12333 0 0 0 0
1.13 0 0 0 0
1.13667 0 0 0 0
1.14333 0 0 0 0
1.15 0 0 0 0
1.15667 0 0 0 0
1.16333 0 0 0 0
1.17 0 0 0 0
1.17667 0 0 0 0
1.18333 0 0 0 0
1.19 0 0 0 0
1.19667 0 0 0 0
1.20333 0 0 0 0
1.21 0 0 0 0
1.21667 0 0 0 0
1.22333 0 0 0 0
1.23 0 0 0 0
1.23667 0 0 0 0
1.24333 0 0 0 0
1.25 0 0 0 0
1.25667 0 0 0 0
1.26333 0 0 0 0
1.27 0 0 0 0
1.27667 0 0 0 0
1.28333 0 0 0 0
1.29 0 0 0 0
1.29667 0 0 0 0
1.30333 0 0 0 0
1.31 0 0 0 0
1.31667 0 0 0 0
1.32333 0 0 0 0
1.33 0 0 0 0
1.33667 0 0 0 0
1.34333 0 0 0 0
1.35 0 0 0 0
1.35667 0 0 0 0
1.36333 0 0 0 0
1.37 0 0 0 0
1.37667 0 0 0 0
1.38333 0 0 0 0
1.39 0 0 0 0
1.39667 0 0 0 0
1.40333 0 0 0 0
1.41 0 0 0 0
1.41667 0 0 0 0
1.42333 0 0 0 0
1.43 0 0 0 0
1.43667 0 0 0 0
1.44333 0 0 0 0
1.45 0 0 0 0
1.45667 0 0 0 0
1.46333 0 0 0 0
1.47 0 0 0 0
1.47667 0 0 0 0
1.48333 0 0 0 0
1.49 0 0 0 0
1.49667 0 0 0 0
1.50333 0 0 0 0
1.51 0 0 0 0
1.51667 0 0 0 0
1.52333 0 0 0 0
1.53 0 0 0 0
1.53667 0 0 0 0
1.54333 0 0 0 0
1.55 0 0 0 0
1.55667 0 0 0 0
1.56333 0 0 0 0
1.57 0 0 0 0
1.57667 0 0 0 0
1.58333 0 0 0 0
1.59 0 0 0 0
1.59667 0 0 0 0
1.60333 0 0 0 0
1.61 0 0 0 0
1.61667 0 0 0 0
1.62333 0 0 0 0
1.63 0 0 0 0
1.63667 0 0 0 0
1.64333 0 0 0 0
1.65 0 0 0 0
1.65667 0 0 0 0
1.66333 0 0 0 0
1.67 0 0 0 0
1.67667 0 0 0 0
1.68333 0 0 0 0
1.69 0 0 0 0
1.69667 0 0 0 0
1.70333 0 0 0 0
1.71 0 0 0 0
1.71667 0 0 0 0
1.72333 0 0 0 0
1.73 0 0 0 0
1.73667 0 0 0 0
1.74333 0 0 0 0
1.75 0 0 0 0
1.75667 0 0 0 0
1.76333 0 0 0 0
1.77 0 0 0 0
1.77667 0 0 0 0
1.78333 0 0 0 0
1.79 0 0 0 0
1.79667 0 0 0 0
1.80333 0 0 0 0
1.81 0 0 0 0
1.81667 0 0 0 0
1.82333 0 0 0 0
1.83 0 0 0 0
1.83667 0 0 0 0
1.84333 0 0 0 0
1.85 0 0 0 0
1.85667 0 0 0 0
1.86333 0 0 0 0
1.87 0 0 0 0
1.87667 0 0 0 0
1.88333 0 0 0 0
1.89 0 0 0 0
1.89667 0 0 0 0
1.90333 0 0 0 0
1.91 0 0 0 0
1.91667 0 0 0 0
1.92333 0 0 0 0
1.93 0 0 0 0
1.93667 0 0 0 0
1.94333 0 0 0 0
1.95 0 0 0 0
1.95667 0 0 0 0
1.96333 0 0 0 0
1.97 0 0 0 0
1.97667 0 0 0 0
1.98333 0 0 0 0
1.99 0 0 0 0
1.99667 0 0 0 0
