0.00333333 31 20 4 3
0.01 47 27 4 1
0.0166667 42 20 7 3
0.0233333 40 39 7 3
0.03 48 35 4 3
0.0366667 57 61 5 5
0.0433333 68 59 12 3
0.05 88 84 7 7
0.0566667 103 100 15 2
0.0633333 121 121 8 6
0.07 115 127 20 7
0.0766667 110 101 18 5
0.0833333 136 121 13 5
0.09 129 117 17 6
0.0966667 131 124 14 7
0.103333 121 103 14 6
0.11 132 113 20 8
0.116667 141 109 22 6
0.123333 146 131 17 7
0.13 144 104 9 7
0.136667 101 95 9 3
0.143333 122 84 10 12
0.15 118 78 14 7
0.156667 118 78 12 1
0.163333 107 73 9 6
0.17 113 79 8 7
0.176667 102 70 12 4
0.183333 114 82 4 3
0.19 108 65 11 5
0.196667 96 76 14 8
0.203333 124 73 8 7
0.21 114 83 6 8
0.216667 112 69 9 2
0.223333 110 61 10 9
0.23 99 62 9 5
0.236667 95 66 2 1
0.243333 83 58 10 3
0.25 87 48 6 3
0.256667 85 51 3 6
0.263333 83 48 6 6
0.27 82 61 8 5
0.276667 72 51 4 3
0.283333 74 35 4 4
0.29 61 54 8 2
0.296667 79 34 5 3
0.303333 73 50 8 4
0.31 86 44 6 5
0.316667 67 39 2 3
0.323333 59 44 5 4
0.33 60 39 3 3
0.336667 63 37 5 2
0.343333 56 36 0 2
0.35 48 40 0 3
0.356667 52 35 9 4
0.363333 51 40 6 0
0.37 53 39 6 2
0.376667 56 32 9 1
0.383333 65 37 4 3
0.39 49 35 5 4
0.396667 47 27 2 4
0.403333 48 26 5 3
0.41 39 36 5 4
0.416667 44 33 4 3
0.423333 43 33 8 1
0.43 51 24 4 1
0.436667 48 32 3 2
0.443333 52 30 5 2
0.45 40 26 11 3
0.456667 41 24 4 1
0.463333 41 26 0 2
0.47 39 23 1 1
0.476667 33 29 3 5
0.483333 39 21 2 2
0.49 26 21 3 4
0.496667 34 21 1 1
0.503333 28 26 8 1
0.51 19 22 2 4
0.516667 24 26 3 3
0.523333 32 24 4 1
0.53 23 18 0 2
0.536667 20 16 1 7
0.543333 23 23 5 1
0.55 20 20 4 2
0.556667 19 20 4 4
0.563333 26 16 2 2
0.57 21 20 3 0
0.576667 23 17 1 0
0.583333 20 7 3 2
0.59 16 14 2 3
0.596667 21 13 2 3
0.603333 17 10 3 3
0.61 13 18 3 1
0.616667 25 10 3 4
0.623333 23 15 1 2
0.63 25 15 3 2
0.636667 23 11 2 2
0.643333 14 16 1 2
0.65 8 13 1 1
0.656667 20 13 3 2
0.663333 1465 593 69 69
0.67 0 0 0 0
0.676667 0 0 0 0
0.683333 0 0 0 0
0.69 0 0 0 0
0.696667 0 0 0 0
0.703333 0 0 0 0
0.71 0 0 0 0
0.716667 0 0 0 0
0.723333 0 0 0 0
0.73 0 0 0 0
0.736667 0 0 0 0
0.743333 0 0 0 0
0.75 0 0 0 0
0.756667 0 0 0 0
0.763333 0 0 0 0
0.77 0 0 0 0
0.776667 0 0 0 0
0.783333 0 0 0 0
0.79 0 0 0 0
0.796667 0 0 0 0
0.803333 0 0 0 0
0.81 0 0 0 0
0.816667 0 0 0 0
0.823333 0 0 0 0
0.83 0 0 0 0
0.836667 0 0 0 0
0.843333 0 0 0 0
0.85 0 0 0 0
0.856667 0 0 0 0
0.863333 0 0 0 0
0.87 0 0 0 0
0.876667 0 0 0 0
0.883333 0 0 0 0
0.89 0 0 0 0
0.896667 0 0 0 0
0.903333 0 0 0 0
0.91 0 0 0 0
0.916667 0 0 0 0
0.923333 0 0 0 0
0.93 0 0 0 0
0.936667 0 0 0 0
0.943333 0 0 0 0
0.95 0 0 0 0
0.956667 0 0 0 0
0.963333 0 0 0 0
0.97 0 0 0 0
0.976667 0 0 0 0
0.983333 0 0 0 0
0.99 0 0 0 0
0.996667 0 0 0 0
1.00333 0 0 0 0
1.01 0 0 0 0
1.01667 0 0 0 0
1.02333 0 0 0 0
1.03 0 0 0 0
1.03667 0 0 0 0
1.04333 0 0 0 0
1.05 0 0 0 0
1.05667 0 0 0 0
1.06333 0 0 0 0
1.07 0 0 0 0
1.07667 0 0 0 0
1.08333 0 0 0 0
1.09 0 0 0 0
1.09667 0 0 0 0
1.10333 0 0 0 0
1.11 0 0 0 0
1.11667 0 0 0 0
1.12333 0 0 0 0
1.13 0 0 0 0
1.13667 0 0 0 0
1.14333 0 0 0 0
1.15 0 0 0 0
1.15667 0 0 0 0
1.16333 0 0 0 0
1.17 0 0 0 0
1.17667 0 0 0 0
1.18333 0 0 0 0
1.19 0 0 0 0
1.19667 0 0 0 0
1.20333 0 0 0 0
1.21 0 0 0 0
1.21667 0 0 0 0
1.22333 0 0 0 0
1.23 0 0 0 0
1.23667 0 0 0 0
1.24333 0 0 0 0
1.25 0 0 0 0
1.25667 0 0 0 0
1.26333 0 0 0 0
1.27 0 0 0 0
1.27667 0 0 0 0
1.28333 0 0 0 0
1.29 0 0 0 0
1.29667 0 0 0 0
1.30333 0 0 0 0
1.31 0 0 0 0
1.31667 0 0 0 0
1.32333 0 0 0 0
1.33 0 0 0 0
1.33667 0 0 0 0
1.34333 0 0 0 0
1.35 0 0 0 0
1.35667 0 0 0 0
1.36333 0 0 0 0
1.37 0 0 0 0
1.37667 0 0 0 0
1.38333 0 0 0 0
1.39 0 0 0 0
1.39667 0 0 0 0
1.40333 0 0 0 0
1.41 0 0 0 0
1.41667 0 0 0 0
1.42333 0 0 0 0
1.43 0 0 0 0
1.43667 0 0 0 0
1.44333 0 0 0 0
1.45 0 0 0 0
1.45667 0 0 0 0
1.46333 0 0 0 0
1.47 0 0 0 0
1.47667 0 0 0 0
1.48333 0 0 0 0
1.49 0 0 0 0
1.49667 0 0 0 0
1.50333 0 0 0 0
1.51 0 0 0 0
1.51667 0 0 0 0
1.52333 0 0 0 0
1.53 0 0 0 0
1.53667 0 0 0 0
1.54333 0 0 0 0
1.55 0 0 0 0
1.55667 0 0 0 0
1.56333 0 0 0 0
1.57 0 0 0 0
1.57667 0 0 0 0
1.58333 0 0 0 0
1.59 0 0 0 0
1.59667 0 0 0 0
1.60333 0 0 0 0
1.61 0 0 0 0
1.61667 0 0 0 0
1.62333 0 0 0 0
1.63 0 0 0 0
1.63667 0 0 0 0
1.64333 0 0 0 0
1.65 0 0 0 0
1.65667 0 0 0 0
1.66333 0 0 0 0
1.67 0 0 0 0
1.67667 0 0 0 0
1.68333 0 0 0 0
1.69 0 0 0 0
1.69667 0 0 0 0
1.70333 0 0 0 0
1.71 0 0 0 0
1.71667 0 0 0 0
1.72333 0 0 0 0
1.73 0 0 0 0
1.73667 0 0 0 0
1.74333 0 0 0 0
1.75 0 0 0 0
1.75667 0 0 0 0
1.76333 0 0 0 0
1.77 0 0 0 0
1.77667 0 0 0 0
1.78333 0 0 0 0
1.79 0 0 0 0
1.79667 0 0 0 0
1.80333 0 0 0 0
1.81 0 0 0 0
1.81667 0 0 0 0
1.82333 0 0 0 0
1.83 0 0 0 0
1.83667 0 0 0 0
1.84333 0 0 0 0
1.85 0 0 0 0
1.85667 0 0 0 0
1.86333 0 0 0 0
1.87 0 0 0 0
1.87667 0 0 0 0
1.88333 0 0 0 0
1.89 0 0 0 0
1.89667 0 0 0 0
1.90333 0 0 0 0
1.91 0 0 0 0
1.91667 0 0 0 0
1.92333 0 0 0 0
1.93 0 0 0 0
1.93667 0 0 0 0
1.94333 0 0 0 0
1.95 0 0 0 0
1.95667 0 0 0 0
1.96333 0 0 0 0
1.97 0 0 0 0
1.97667 0 0 0 0
1.98333 0 0 0 0
1.99 0 0 0 0
1.99667 0 0 0 0
