0.00333333 1 15 53 5
0.01 0 26 33 14
0.0166667 2 30 51 17
0.0233333 1 20 56 10
0.03 2 21 67 14
0.0366667 0 23 62 20
0.0433333 3 25 66 24
0.05 5 27 102 42
0.0566667 4 26 139 41
0.0633333 3 29 125 48
0.07 7 31 140 45
0.0766667 2 49 140 44
0.0833333 6 31 134 33
0.09 3 39 114 53
0.0966667 4 28 133 63
0.103333 7 33 148 44
0.11 6 47 124 53
0.116667 6 38 134 45
0.123333 2 49 133 34
0.13 0 39 148 40
0.136667 5 44 134 43
0.143333 5 43 119 33
0.15 1 37 118 30
0.156667 5 33 117 32
0.163333 3 25 109 24
0.17 4 42 110 33
0.176667 6 31 106 26
0.183333 3 49 98 34
0.19 4 51 101 19
0.196667 3 55 123 37
0.203333 7 41 98 28
0.21 5 54 124 37
0.216667 2 44 120 28
0.223333 1 36 104 39
0.23 2 49 106 25
0.236667 1 51 96 34
0.243333 2 32 93 29
0.25 3 37 99 21
0.256667 2 30 87 26
0.263333 4 26 99 30
0.27 2 31 87 26
0.276667 3 28 87 28
0.283333 1 36 67 30
0.29 2 32 78 17
0.296667 7 28 76 26
0.303333 3 22 70 20
0.31 2 36 67 29
0.316667 2 26 62 16
0.323333 4 32 68 12
0.33 3 29 64 16
0.336667 2 27 68 17
0.343333 2 23 62 22
0.35 2 37 65 21
0.356667 2 27 69 20
0.363333 2 20 58 16
0.37 0 29 55 13
0.376667 0 25 55 16
0.383333 6 26 61 15
0.39 0 21 72 21
0.396667 3 17 53 19
0.403333 3 18 56 19
0.41 2 22 39 17
0.416667 1 28 54 13
0.423333 2 22 47 12
0.43 2 23 61 19
0.436667 1 21 48 12
0.443333 4 29 61 11
0.45 0 20 62 12
0.456667 0 22 58 16
0.463333 3 25 57 13
0.47 1 32 69 18
0.476667 2 23 40 15
0.483333 1 10 31 12
0.49 2 9 32 9
0.496667 0 12 40 13
0.503333 1 13 32 13
0.51 1 16 31 9
0.516667 2 9 32 9
0.523333 2 12 28 7
0.53 1 10 31 7
0.536667 1 14 33 10
0.543333 2 4 37 2
0.55 0 14 39 6
0.556667 1 4 26 14
0.563333 0 15 32 8
0.57 2 5 31 5
0.576667 4 6 22 11
0.583333 1 6 35 8
0.59 1 10 35 11
0.596667 1 3 32 13
0.603333 0 11 24 16
0.61 2 4 28 13
0.616667 1 5 21 6
0.623333 2 4 25 3
0.63 2 7 23 12
0.636667 0 3 29 9
0.643333 0 2 30 12
0.65 1 2 33 17
0.656667 2 2 32 6
0.663333 21 1366 1717 350
0.67 0 0 0 0
0.676667 0 0 0 0
0.683333 0 0 0 0
0.69 0 0 0 0
0.696667 0 0 0 0
0.703333 0 0 0 0
0.71 0 0 0 0
0.716667 0 0 0 0
0.723333 0 0 0 0
0.73 0 0 0 0
0.736667 0 0 0 0
0.743333 0 0 0 0
0.75 0 0 0 0
0.756667 0 0 0 0
0.763333 0 0 0 0
0.77 0 0 0 0
0.776667 0 0 0 0
0.783333 0 0 0 0
0.79 0 0 0 0
0.796667 0 0 0 0
0.803333 0 0 0 0
0.81 0 0 0 0
0.816667 0 0 0 0
0.823333 0 0 0 0
0.83 0 0 0 0
0.836667 0 0 0 0
0.843333 0 0 0 0
0.85 0 0 0 0
0.856667 0 0 0 0
0.863333 0 0 0 0
0.87 0 0 0 0
0.876667 0 0 0 0
0.883333 0 0 0 0
0.89 0 0 0 0
0.896667 0 0 0 0
0.903333 0 0 0 0
0.91 0 0 0 0
0.916667 0 0 0 0
0.923333 0 0 0 0
0.93 0 0 0 0
0.936667 0 0 0 0
0.943333 0 0 0 0
0.95 0 0 0 0
0.956667 0 0 0 0
0.963333 0 0 0 0
0.97 0 0 0 0
0.976667 0 0 0 0
0.983333 0 0 0 0
0.99 0 0 0 0
0.996667 0 0 0 0
1.00333 0 0 0 0
1.01 0 0 0 0
1.01667 0 0 0 0
1.02333 0 0 0 0
1.03 0 0 0 0
1.03667 0 0 0 0
1.04333 0 0 0 0
1.05 0 0 0 0
1.05667 0 0 0 0
1.06333 0 0 0 0
1.07 0 0 0 0
1.07667 0 0 0 0
1.08333 0 0 0 0
1.09 0 0 0 0
1.09667 0 0 0 0
1.10333 0 0 0 0
1.11 0 0 0 0
1.11667 0 0 0 0
1.12333 0 0 0 0
1.13 0 0 0 0
1.13667 0 0 0 0
1.14333 0 0 0 0
1.15 0 0 0 0
1.15667 0 0 0 0
1.16333 0 0 0 0
1.17 0 0 0 0
1.17667 0 0 0 0
1.18333 0 0 0 0
1.19 0 0 0 0
1.19667 0 0 0 0
1.20333 0 0 0 0
1.21 0 0 0 0
1.21667 0 0 0 0
1.22333 0 0 0 0
1.23 0 0 0 0
1.23667 0 0 0 0
1.24333 0 0 0 0
1.25 0 0 0 0
1.25667 0 0 0 0
1.26333 0 0 0 0
1.27 0 0 0 0
1.27667 0 0 0 0
1.28333 0 0 0 0
1.29 0 0 0 0
1.29667 0 0 0 0
1.30333 0 0 0 0
1.31 0 0 0 0
1.31667 0 0 0 0
1.32333 0 0 0 0
1.33 0 0 0 0
1.33667 0 0 0 0
1.34333 0 0 0 0
1.35 0 0 0 0
1.35667 0 0 0 0
1.36333 0 0 0 0
1.37 0 0 0 0
1.37667 0 0 0 0
1.38333 0 0 0 0
1.39 0 0 0 0
1.39667 0 0 0 0
1.40333 0 0 0 0
1.41 0 0 0 0
1.41667 0 0 0 0
1.42333 0 0 0 0
1.43 0 0 0 0
1.43667 0 0 0 0
1.44333 0 0 0 0
1.45 0 0 0 0
1.45667 0 0 0 0
1.46333 0 0 0 0
1.47 0 0 0 0
1.47667 0 0 0 0
1.48333 0 0 0 0
1.49 0 0 0 0
1.49667 0 0 0 0
1.50333 0 0 0 0
1.51 0 0 0 0
1.51667 0 0 0 0
1.52333 0 0 0 0
1.53 0 0 0 0
1.53667 0 0 0 0
1.54333 0 0 0 0
1.55 0 0 0 0
1.55667 0 0 0 0
1.56333 0 0 0 0
1.57 0 0 0 0
1.57667 0 0 0 0
1.58333 0 0 0 0
1.59 0 0 0 0
1.59667 0 0 0 0
1.60333 0 0 0 0
1.61 0 0 0 0
1.61667 0 0 0 0
1.62333 0 0 0 0
1.63 0 0 0 0
1.63667 0 0 0 0
1.64333 0 0 0 0
1.65 0 0 0 0
1.65667 0 0 0 0
1.66333 0 0 0 0
1.67 0 0 0 0
1.67667 0 0 0 0
1.68333 0 0 0 0
1.69 0 0 0 0
1.69667 0 0 0 0
1.70333 0 0 0 0
1.71 0 0 0 0
1.71667 0 0 0 0
1.72333 0 0 0 0
1.73 0 0 0 0
1.73667 0 0 0 0
1.74333 0 0 0 0
1.75 0 0 0 0
1.75667 0 0 0 0
1.76333 0 0 0 0
1.77 0 0 0 0
1.77667 0 0 0 0
1.78333 0 0 0 0
1.79 0 0 0 0
1.79667 0 0 0 0
1.80333 0 0 0 0
1.81 0 0 0 0
1.81667 0 0 0 0
1.82333 0 0 0 0
1.83 0 0 0 0
1.83667 0 0 0 0
1.84333 0 0 0 0
1.85 0 0 0 0
1.85667 0 0 0 0
1.86333 0 0 0 0
1.87 0 0 0 0
1.87667 0 0 0 0
1.88333 0 0 0 0
1.89 0 0 0 0
1.89667 0 0 0 0
1.90333 0 0 0 0
1.91 0 0 0 0
1.91667 0 0 0 0
1.92333 0 0 0 0
1.93 0 0 0 0
1.93667 0 0 0 0
1.94333 0 0 0 0
1.95 0 0 0 0
1.95667 0 0 0 0
1.96333 0 0 0 0
1.97 0 0 0 0
1.97667 0 0 0 0
1.98333 0 0 0 0
1.99 0 0 0 0
1.99667 0 0 0 0
