0.00333333 1 5 44 27
0.01 3 9 48 24
0.0166667 6 14 68 36
0.0233333 4 19 49 27
0.03 4 7 72 41
0.0366667 2 19 93 48
0.0433333 3 18 134 59
0.05 6 32 169 72
0.0566667 14 34 204 87
0.0633333 12 36 201 102
0.07 8 48 211 107
0.0766667 3 36 262 94
0.0833333 6 37 216 108
0.09 5 29 238 93
0.0966667 6 42 246 117
0.103333 14 33 239 128
0.11 11 42 220 91
0.116667 8 33 242 108
0.123333 10 33 207 93
0.13 8 30 219 108
0.136667 6 28 224 90
0.143333 8 34 184 101
0.15 7 34 153 61
0.156667 7 28 190 61
0.163333 5 24 182 98
0.17 10 34 146 82
0.176667 4 29 146 84
0.183333 7 25 144 71
0.19 6 30 150 89
0.196667 5 38 168 85
0.203333 6 27 149 85
0.21 11 32 142 86
0.216667 5 30 130 66
0.223333 7 19 122 64
0.23 4 28 134 55
0.236667 7 23 116 65
0.243333 4 24 122 46
0.25 5 19 120 59
0.256667 5 18 117 50
0.263333 6 22 97 46
0.27 4 23 92 57
0.276667 4 16 87 50
0.283333 3 28 97 56
0.29 2 12 96 48
0.296667 4 17 100 50
0.303333 5 11 81 44
0.31 4 20 88 39
0.316667 1 18 71 45
0.323333 8 13 85 39
0.33 2 11 73 36
0.336667 4 17 81 38
0.343333 6 14 83 33
0.35 2 14 72 34
0.356667 2 16 72 22
0.363333 1 11 52 41
0.37 3 21 63 34
0.376667 0 13 73 29
0.383333 5 14 72 33
0.39 3 17 77 26
0.396667 2 12 48 31
0.403333 4 10 51 26
0.41 2 17 61 31
0.416667 4 12 50 28
0.423333 1 12 65 36
0.43 2 15 55 34
0.436667 4 11 43 30
0.443333 5 7 65 28
0.45 3 12 48 13
0.456667 1 11 56 38
0.463333 3 11 54 31
0.47 2 10 44 29
0.476667 4 12 48 24
0.483333 3 8 45 16
0.49 2 10 35 18
0.496667 2 8 38 11
0.503333 4 5 26 27
0.51 0 8 41 17
0.516667 2 7 40 14
0.523333 2 7 31 24
0.53 2 3 34 15
0.536667 1 5 36 17
0.543333 2 7 24 15
0.55 1 9 34 16
0.556667 3 9 33 14
0.563333 1 11 23 16
0.57 2 10 31 19
0.576667 3 11 22 22
0.583333 3 11 29 19
0.59 7 9 23 17
0.596667 2 5 23 16
0.603333 1 6 34 13
0.61 3 7 21 15
0.616667 1 7 16 7
0.623333 1 7 24 11
0.63 2 10 29 9
0.636667 0 4 31 12
0.643333 0 7 18 12
0.65 3 7 35 14
0.656667 3 5 22 7
0.663333 51 242 1411 632
0.67 0 0 0 0
0.676667 0 0 0 0
0.683333 0 0 0 0
0.69 0 0 0 0
0.696667 0 0 0 0
0.703333 0 0 0 0
0.71 0 0 0 0
0.716667 0 0 0 0
0.723333 0 0 0 0
0.73 0 0 0 0
0.736667 0 0 0 0
0.743333 0 0 0 0
0.75 0 0 0 0
0.756667 0 0 0 0
0.763333 0 0 0 0
0.77 0 0 0 0
0.776667 0 0 0 0
0.783333 0 0 0 0
0.79 0 0 0 0
0.796667 0 0 0 0
0.803333 0 0 0 0
0.81 0 0 0 0
0.816667 0 0 0 0
0.823333 0 0 0 0
0.83 0 0 0 0
0.836667 0 0 0 0
0.843333 0 0 0 0
0.85 0 0 0 0
0.856667 0 0 0 0
0.863333 0 0 0 0
0.87 0 0 0 0
0.876667 0 0 0 0
0.883333 0 0 0 0
0.89 0 0 0 0
0.896667 0 0 0 0
0.903333 0 0 0 0
0.91 0 0 0 0
0.916667 0 0 0 0
0.923333 0 0 0 0
0.93 0 0 0 0
0.936667 0 0 0 0
0.943333 0 0 0 0
0.95 0 0 0 0
0.956667 0 0 0 0
0.963333 0 0 0 0
0.97 0 0 0 0
0.976667 0 0 0 0
0.983333 0 0 0 0
0.99 0 0 0 0
0.996667 0 0 0 0
1.00333 0 0 0 0
1.01 0 0 0 0
1.01667 0 0 0 0
1.02333 0 0 0 0
1.03 0 0 0 0
1.03667 0 0 0 0
1.04333 0 0 0 0
1.05 0 0 0 0
1.05667 0 0 0 0
1.06333 0 0 0 0
1.07 0 0 0 0
1.07667 0 0 0 0
1.08333 0 0 0 0
1.09 0 0 0 0
1.09667 0 0 0 0
1.10333 0 0 0 0
1.11 0 0 0 0
1.11667 0 0 0 0
1.12333 0 0 0 0
1.13 0 0 0 0
1.13667 0 0 0 0
1.14333 0 0 0 0
1.15 0 0 0 0
1.15667 0 0 0 0
1.16333 0 0 0 0
1.17 0 0 0 0
1.17667 0 0 0 0
1.18333 0 0 0 0
1.19 0 0 0 0
1.19667 0 0 0 0
1.20333 0 0 0 0
1.21 0 0 0 0
1.21667 0 0 0 0
1.22333 0 0 0 0
1.23 0 0 0 0
1.23667 0 0 0 0
1.24333 0 0 0 0
1.25 0 0 0 0
1.25667 0 0 0 0
1.26333 0 0 0 0
1.27 0 0 0 0
1.27667 0 0 0 0
1.28333 0 0 0 0
1.29 0 0 0 0
1.29667 0 0 0 0
1.30333 0 0 0 0
1.31 0 0 0 0
1.31667 0 0 0 0
1.32333 0 0 0 0
1.33 0 0 0 0
1.33667 0 0 0 0
1.34333 0 0 0 0
1.35 0 0 0 0
1.35667 0 0 0 0
1.36333 0 0 0 0
1.37 0 0 0 0
1.37667 0 0 0 0
1.38333 0 0 0 0
1.39 0 0 0 0
1.39667 0 0 0 0
1.40333 0 0 0 0
1.41 0 0 0 0
1.41667 0 0 0 0
1.42333 0 0 0 0
1.43 0 0 0 0
1.43667 0 0 0 0
1.44333 0 0 0 0
1.45 0 0 0 0
1.45667 0 0 0 0
1.46333 0 0 0 0
1.47 0 0 0 0
1.47667 0 0 0 0
1.48333 0 0 0 0
1.49 0 0 0 0
1.49667 0 0 0 0
1.50333 0 0 0 0
1.51 0 0 0 0
1.51667 0 0 0 0
1.52333 0 0 0 0
1.53 0 0 0 0
1.53667 0 0 0 0
1.54333 0 0 0 0
1.55 0 0 0 0
1.55667 0 0 0 0
1.56333 0 0 0 0
1.57 0 0 0 0
1.57667 0 0 0 0
1.58333 0 0 0 0
1.59 0 0 0 0
1.59667 0 0 0 0
1.60333 0 0 0 0
1.61 0 0 0 0
1.61667 0 0 0 0
1.62333 0 0 0 0
1.63 0 0 0 0
1.63667 0 0 0 0
1.64333 0 0 0 0
1.65 0 0 0 0
1.65667 0 0 0 0
1.66333 0 0 0 0
1.67 0 0 0 0
1.67667 0 0 0 0
1.68333 0 0 0 0
1.69 0 0 0 0
1.69667 0 0 0 0
1.70333 0 0 0 0
1.71 0 0 0 0
1.71667 0 0 0 0
1.72333 0 0 0 0
1.73 0 0 0 0
1.73667 0 0 0 0
1.74333 0 0 0 0
1.75 0 0 0 0
1.75667 0 0 0 0
1.76333 0 0 0 0
1.77 0 0 0 0
1.77667 0 0 0 0
1.78333 0 0 0 0
1.79 0 0 0 0
1.79667 0 0 0 0
1.80333 0 0 0 0
1.81 0 0 0 0
1.81667 0 0 0 0
1.82333 0 0 0 0
1.83 0 0 0 0
1.83667 0 0 0 0
1.84333 0 0 0 0
1.85 0 0 0 0
1.85667 0 0 0 0
1.86333 0 0 0 0
1.87 0 0 0 0
1.87667 0 0 0 0
1.88333 0 0 0 0
1.89 0 0 0 0
1.89667 0 0 0 0
1.90333 0 0 0 0
1.91 0 0 0 0
1.91667 0 0 0 0
1.92333 0 0 0 0
1.93 0 0 0 0
1.93667 0 0 0 0
1.94333 0 0 0 0
1.95 0 0 0 0
1.95667 0 0 0 0
1.96333 0 0 0 0
1.97 0 0 0 0
1.97667 0 0 0 0
1.98333 0 0 0 0
1.99 0 0 0 0
1.99667 0 0 0 0
