0.00333333 33 69 1 0
0.01 46 70 2 1
0.0166667 33 94 0 1
0.0233333 46 101 3 1
0.03 50 99 3 0
0.0366667 68 111 1 2
0.0433333 80 136 5 1
0.05 106 148 3 2
0.0566667 101 166 4 1
0.0633333 130 165 9 0
0.07 143 194 7 0
0.0766667 142 207 5 1
0.0833333 139 190 8 0
0.09 168 222 7 1
0.0966667 175 229 6 5
0.103333 137 205 9 3
0.11 149 209 6 0
0.116667 154 198 8 2
0.123333 142 222 6 2
0.13 141 216 6 3
0.136667 142 225 11 3
0.143333 121 236 6 1
0.15 131 202 3 1
0.156667 108 229 9 0
0.163333 121 199 4 0
0.17 107 210 3 4
0.176667 102 203 13 2
0.183333 98 234 12 2
0.19 114 272 9 3
0.196667 119 249 9 0
0.203333 95 278 5 1
0.21 96 228 3 2
0.216667 104 207 3 2
0.223333 98 199 5 2
0.23 98 174 5 1
0.236667 79 200 9 0
0.243333 85 157 3 1
0.25 89 168 6 0
0.256667 66 180 6 0
0.263333 69 145 6 4
0.27 61 149 4 2
0.276667 60 147 2 2
0.283333 72 129 2 0
0.29 80 123 6 2
0.296667 62 124 9 1
0.303333 52 148 3 1
0.31 56 116 3 1
0.316667 70 100 5 0
0.323333 66 117 4 1
0.33 54 107 3 3
0.336667 66 97 2 1
0.343333 59 104 6 1
0.35 53 128 5 2
0.356667 50 85 4 1
0.363333 46 100 3 0
0.37 51 97 5 2
0.376667 41 104 2 0
0.383333 50 81 4 2
0.39 40 108 3 1
0.396667 39 86 5 0
0.403333 51 83 5 1
0.41 47 101 3 2
0.416667 41 85 4 1
0.423333 44 75 6 1
0.43 54 76 7 2
0.436667 45 82 3 1
0.443333 39 83 1 0
0.45 42 90 3 2
0.456667 44 81 2 1
0.463333 55 72 2 2
0.47 37 82 3 1
0.476667 34 72 2 0
0.483333 31 59 5 0
0.49 27 35 3 1
0.496667 34 34 2 2
0.503333 23 36 2 1
0.51 40 25 1 0
0.516667 30 42 6 0
0.523333 23 31 5 0
0.53 21 38 1 0
0.536667 28 44 2 1
0.543333 21 30 1 0
0.55 25 32 1 0
0.556667 26 34 1 0
0.563333 23 30 1 2
0.57 22 39 2 2
0.576667 22 26 1 0
0.583333 24 30 2 1
0.59 24 42 1 0
0.596667 20 34 3 1
0.603333 21 27 2 1
0.61 29 24 0 0
0.616667 25 32 2 0
0.623333 23 28 3 1
0.63 22 24 3 0
0.636667 27 42 3 0
0.643333 14 21 4 0
0.65 23 21 0 1
0.656667 22 21 0 0
0.663333 1079 3677 48 16
0.67 0 0 0 0
0.676667 0 0 0 0
0.683333 0 0 0 0
0.69 0 0 0 0
0.696667 0 0 0 0
0.703333 0 0 0 0
0.71 0 0 0 0
0.716667 0 0 0 0
0.723333 0 0 0 0
0.73 0 0 0 0
0.736667 0 0 0 0
0.743333 0 0 0 0
0.75 0 0 0 0
0.756667 0 0 0 0
0.763333 0 0 0 0
0.77 0 0 0 0
0.776667 0 0 0 0
0.783333 0 0 0 0
0.79 0 0 0 0
0.796667 0 0 0 0
0.803333 0 0 0 0
0.81 0 0 0 0
0.816667 0 0 0 0
0.823333 0 0 0 0
0.83 0 0 0 0
0.836667 0 0 0 0
0.843333 0 0 0 0
0.85 0 0 0 0
0.856667 0 0 0 0
0.863333 0 0 0 0
0.87 0 0 0 0
0.876667 0 0 0 0
0.883333 0 0 0 0
0.89 0 0 0 0
0.896667 0 0 0 0
0.903333 0 0 0 0
0.91 0 0 0 0
0.916667 0 0 0 0
0.923333 0 0 0 0
0.93 0 0 0 0
0.936667 0 0 0 0
0.943333 0 0 0 0
0.95 0 0 0 0
0.956667 0 0 0 0
0.963333 0 0 0 0
0.97 0 0 0 0
0.976667 0 0 0 0
0.983333 0 0 0 0
0.99 0 0 0 0
0.996667 0 0 0 0
1.00333 0 0 0 0
1.01 0 0 0 0
1.01667 0 0 0 0
1.02333 0 0 0 0
1.03 0 0 0 0
1.03667 0 0 0 0
1.04333 0 0 0 0
1.05 0 0 0 0
1.05667 0 0 0 0
1.06333 0 0 0 0
1.07 0 0 0 0
1.07667 0 0 0 0
1.08333 0 0 0 0
1.09 0 0 0 0
1.09667 0 0 0 0
1.10333 0 0 0 0
1.11 0 0 0 0
1.11667 0 0 0 0
1.12333 0 0 0 0
1.13 0 0 0 0
1.13667 0 0 0 0
1.14333 0 0 0 0
1.15 0 0 0 0
1.15667 0 0 0 0
1.16333 0 0 0 0
1.17 0 0 0 0
1.17667 0 0 0 0
1.18333 0 0 0 0
1.19 0 0 0 0
1.19667 0 0 0 0
1.20333 0 0 0 0
1.21 0 0 0 0
1.21667 0 0 0 0
1.22333 0 0 0 0
1.23 0 0 0 0
1.23667 0 0 0 0
1.24333 0 0 0 0
1.25 0 0 0 0
1.25667 0 0 0 0
1.26333 0 0 0 0
1.27 0 0 0 0
1.27667 0 0 0 0
1.28333 0 0 0 0
1.29 0 0 0 0
1.29667 0 0 0 0
1.30333 0 0 0 0
1.31 0 0 0 0
1.31667 0 0 0 0
1.32333 0 0 0 0
1.33 0 0 0 0
1.33667 0 0 0 0
1.34333 0 0 0 0
1.35 0 0 0 0
1.35667 0 0 0 0
1.36333 0 0 0 0
1.37 0 0 0 0
1.37667 0 0 0 0
1.38333 0 0 0 0
1.39 0 0 0 0
1.39667 0 0 0 0
1.40333 0 0 0 0
1.41 0 0 0 0
1.41667 0 0 0 0
1.42333 0 0 0 0
1.43 0 0 0 0
1.43667 0 0 0 0
1.44333 0 0 0 0
1.45 0 0 0 0
1.45667 0 0 0 0
1.46333 0 0 0 0
1.47 0 0 0 0
1.47667 0 0 0 0
1.48333 0 0 0 0
1.49 0 0 0 0
1.49667 0 0 0 0
1.50333 0 0 0 0
1.51 0 0 0 0
1.51667 0 0 0 0
1.52333 0 0 0 0
1.53 0 0 0 0
1.53667 0 0 0 0
1.54333 0 0 0 0
1.55 0 0 0 0
1.55667 0 0 0 0
1.56333 0 0 0 0
1.57 0 0 0 0
1.57667 0 0 0 0
1.58333 0 0 0 0
1.59 0 0 0 0
1.59667 0 0 0 0
1.60333 0 0 0 0
1.61 0 0 0 0
1.61667 0 0 0 0
1.62333 0 0 0 0
1.63 0 0 0 0
1.63667 0 0 0 0
1.64333 0 0 0 0
1.65 0 0 0 0
1.65667 0 0 0 0
1.66333 0 0 0 0
1.67 0 0 0 0
1.67667 0 0 0 0
1.68333 0 0 0 0
1.69 0 0 0 0
1.69667 0 0 0 0
1.70333 0 0 0 0
1.71 0 0 0 0
1.71667 0 0 0 0
1.72333 0 0 0 0
1.73 0 0 0 0
1.73667 0 0 0 0
1.74333 0 0 0 0
1.75 0 0 0 0
1.75667 0 0 0 0
1.76333 0 0 0 0
1.77 0 0 0 0
1.77667 0 0 0 0
1.78333 0 0 0 0
1.79 0 0 0 0
1.79667 0 0 0 0
1.80333 0 0 0 0
1.81 0 0 0 0
1.81667 0 0 0 0
1.82333 0 0 0 0
1.83 0 0 0 0
1.83667 0 0 0 0
1.84333 0 0 0 0
1.85 0 0 0 0
1.85667 0 0 0 0
1.86333 0 0 0 0
1.87 0 0 0 0
1.87667 0 0 0 0
1.88333 0 0 0 0
1.89 0 0 0 0
1.89667 0 0 0 0
1.90333 0 0 0 0
1.91 0 0 0 0
1.91667 0 0 0 0
1.92333 0 0 0 0
1.93 0 0 0 0
1.93667 0 0 0 0
1.94333 0 0 0 0
1.95 0 0 0 0
1.95667 0 0 0 0
1.96333 0 0 0 0
1.97 0 0 0 0
1.97667 0 0 0 0
1.98333 0 0 0 0
1.99 0 0 0 0
1.99667 0 0 0 0
