0.00333333 11 87 6 3
0.01 20 110 13 5
0.0166667 27 108 13 3
0.0233333 13 120 21 3
0.03 23 113 13 2
0.0366667 27 140 22 6
0.0433333 33 178 32 4
0.05 49 223 33 9
0.0566667 60 248 42 10
0.0633333 74 253 39 12
0.07 64 299 51 8
0.0766667 48 266 33 14
0.0833333 56 292 44 12
0.09 58 319 42 16
0.0966667 63 347 46 7
0.103333 61 341 34 18
0.11 48 349 43 10
0.116667 66 396 31 7
0.123333 51 340 33 12
0.13 51 344 37 18
0.136667 41 383 37 12
0.143333 48 302 30 6
0.15 61 328 46 11
0.156667 60 286 29 10
0.163333 56 281 31 7
0.17 52 257 32 12
0.176667 48 294 30 9
0.183333 59 330 29 7
0.19 33 317 31 9
0.196667 48 321 27 5
0.203333 56 326 21 4
0.21 44 317 27 7
0.216667 29 293 23 5
0.223333 40 288 10 5
0.23 34 255 19 7
0.236667 35 277 23 5
0.243333 41 229 23 5
0.25 35 230 20 6
0.256667 29 205 22 3
0.263333 35 184 15 8
0.27 30 174 19 3
0.276667 31 182 20 2
0.283333 25 177 19 2
0.29 28 148 17 7
0.296667 24 176 11 2
0.303333 27 144 19 10
0.31 29 144 19 7
0.316667 27 147 7 4
0.323333 27 137 11 6
0.33 36 137 14 7
0.336667 18 140 13 5
0.343333 25 121 13 6
0.35 21 112 11 5
0.356667 16 132 14 4
0.363333 16 125 14 8
0.37 20 101 15 4
0.376667 20 107 14 2
0.383333 19 125 14 2
0.39 16 123 19 3
0.396667 17 110 15 4
0.403333 20 102 6 5
0.41 19 113 6 3
0.416667 14 114 15 4
0.423333 18 107 7 5
0.43 14 126 11 7
0.436667 20 102 7 4
0.443333 15 137 8 3
0.45 27 109 13 2
0.456667 17 107 9 7
0.463333 18 95 18 1
0.47 23 112 16 3
0.476667 18 94 8 4
0.483333 9 58 7 2
0.49 10 62 8 2
0.496667 17 62 5 5
0.503333 14 49 9 5
0.51 2 50 7 2
0.516667 14 51 8 2
0.523333 7 44 9 3
0.53 9 53 3 0
0.536667 12 48 5 4
0.543333 12 37 7 1
0.55 7 40 6 2
0.556667 7 49 10 3
0.563333 7 44 6 2
0.57 3 52 9 4
0.576667 14 45 8 5
0.583333 11 43 7 2
0.59 9 47 6 4
0.596667 7 45 5 0
0.603333 11 42 5 3
0.61 9 32 1 4
0.616667 14 38 1 2
0.623333 12 36 9 3
0.63 9 41 5 2
0.636667 16 41 6 1
0.643333 11 25 1 2
0.65 7 42 9 1
0.656667 5 37 8 4
0.663333 442 4403 201 72
0.67 0 0 0 0
0.676667 0 0 0 0
0.683333 0 0 0 0
0.69 0 0 0 0
0.696667 0 0 0 0
0.703333 0 0 0 0
0.71 0 0 0 0
0.716667 0 0 0 0
0.723333 0 0 0 0
0.73 0 0 0 0
0.736667 0 0 0 0
0.743333 0 0 0 0
0.75 0 0 0 0
0.756667 0 0 0 0
0.763333 0 0 0 0
0.77 0 0 0 0
0.776667 0 0 0 0
0.783333 0 0 0 0
0.79 0 0 0 0
0.796667 0 0 0 0
0.803333 0 0 0 0
0.81 0 0 0 0
0.816667 0 0 0 0
0.823333 0 0 0 0
0.83 0 0 0 0
0.836667 0 0 0 0
0.843333 0 0 0 0
0.85 0 0 0 0
0.856667 0 0 0 0
0.863333 0 0 0 0
0.87 0 0 0 0
0.876667 0 0 0 0
0.883333 0 0 0 0
0.89 0 0 0 0
0.896667 0 0 0 0
0.903333 0 0 0 0
0.91 0 0 0 0
0.916667 0 0 0 0
0.923333 0 0 0 0
0.93 0 0 0 0
0.936667 0 0 0 0
0.943333 0 0 0 0
0.95 0 0 0 0
0.956667 0 0 0 0
0.963333 0 0 0 0
0.97 0 0 0 0
0.976667 0 0 0 0
0.983333 0 0 0 0
0.99 0 0 0 0
0.996667 0 0 0 0
1.00333 0 0 0 0
1.01 0 0 0 0
1.01667 0 0 0 0
1.02333 0 0 0 0
1.03 0 0 0 0
1.03667 0 0 0 0
1.04333 0 0 0 0
1.05 0 0 0 0
1.05667 0 0 0 0
1.06333 0 0 0 0
1.07 0 0 0 0
1.07667 0 0 0 0
1.08333 0 0 0 0
1.09 0 0 0 0
1.09667 0 0 0 0
1.10333 0 0 0 0
1.11 0 0 0 0
1.11667 0 0 0 0
1.12333 0 0 0 0
1.13 0 0 0 0
1.13667 0 0 0 0
1.14333 0 0 0 0
1.15 0 0 0 0
1.15667 0 0 0 0
1.16333 0 0 0 0
1.17 0 0 0 0
1.17667 0 0 0 0
1.18333 0 0 0 0
1.19 0 0 0 0
1.19667 0 0 0 0
1.20333 0 0 0 0
1.21 0 0 0 0
1.21667 0 0 0 0
1.22333 0 0 0 0
1.23 0 0 0 0
1.23667 0 0 0 0
1.24333 0 0 0 0
1.25 0 0 0 0
1.25667 0 0 0 0
1.26333 0 0 0 0
1.27 0 0 0 0
1.27667 0 0 0 0
1.28333 0 0 0 0
1.29 0 0 0 0
1.29667 0 0 0 0
1.30333 0 0 0 0
1.31 0 0 0 0
1.31667 0 0 0 0
1.32333 0 0 0 0
1.33 0 0 0 0
1.33667 0 0 0 0
1.34333 0 0 0 0
1.35 0 0 0 0
1.35667 0 0 0 0
1.36333 0 0 0 0
1.37 0 0 0 0
1.37667 0 0 0 0
1.38333 0 0 0 0
1.39 0 0 0 0
1.39667 0 0 0 0
1.40333 0 0 0 0
1.41 0 0 0 0
1.41667 0 0 0 0
1.42333 0 0 0 0
1.43 0 0 0 0
1.43667 0 0 0 0
1.44333 0 0 0 0
1.45 0 0 0 0
1.45667 0 0 0 0
1.46333 0 0 0 0
1.47 0 0 0 0
1.47667 0 0 0 0
1.48333 0 0 0 0
1.49 0 0 0 0
1.49667 0 0 0 0
1.50333 0 0 0 0
1.51 0 0 0 0
1.51667 0 0 0 0
1.52333 0 0 0 0
1.53 0 0 0 0
1.53667 0 0 0 0
1.54333 0 0 0 0
1.55 0 0 0 0
1.55667 0 0 0 0
1.56333 0 0 0 0
1.57 0 0 0 0
1.57667 0 0 0 0
1.58333 0 0 0 0
1.59 0 0 0 0
1.59667 0 0 0 0
1.60333 0 0 0 0
1.61 0 0 0 0
1.61667 0 0 0 0
1.62333 0 0 0 0
1.63 0 0 0 0
1.63667 0 0 0 0
1.64333 0 0 0 0
1.65 0 0 0 0
1.65667 0 0 0 0
1.66333 0 0 0 0
1.67 0 0 0 0
1.67667 0 0 0 0
1.68333 0 0 0 0
1.69 0 0 0 0
1.69667 0 0 0 0
1.70333 0 0 0 0
1.71 0 0 0 0
1.71667 0 0 0 0
1.72333 0 0 0 0
1.73 0 0 0 0
1.73667 0 0 0 0
1.74333 0 0 0 0
1.75 0 0 0 0
1.75667 0 0 0 0
1.76333 0 0 0 0
1.77 0 0 0 0
1.77667 0 0 0 0
1.78333 0 0 0 0
1.79 0 0 0 0
1.79667 0 0 0 0
1.80333 0 0 0 0
1.81 0 0 0 0
1.81667 0 0 0 0
1.82333 0 0 0 0
1.83 0 0 0 0
1.83667 0 0 0 0
1.84333 0 0 0 0
1.85 0 0 0 0
1.85667 0 0 0 0
1.86333 0 0 0 0
1.87 0 0 0 0
1.87667 0 0 0 0
1.88333 0 0 0 0
1.89 0 0 0 0
1.89667 0 0 0 0
1.90333 0 0 0 0
1.91 0 0 0 0
1.91667 0 0 0 0
1.92333 0 0 0 0
1.93 0 0 0 0
1.93667 0 0 0 0
1.94333 0 0 0 0
1.95 0 0 0 0
1.95667 0 0 0 0
1.96333 0 0 0 0
1.97 0 0 0 0
1.97667 0 0 0 0
1.98333 0 0 0 0
1.99 0 0 0 0
1.99667 0 0 0 0
