0.00333333 7 34 14 2
0.01 4 59 28 3
0.0166667 15 42 33 9
0.0233333 14 63 29 7
0.03 16 61 33 8
0.0366667 15 57 38 17
0.0433333 20 96 55 17
0.05 18 121 67 19
0.0566667 27 116 67 30
0.0633333 27 153 84 20
0.07 33 166 98 26
0.0766667 29 122 83 25
0.0833333 32 148 96 27
0.09 25 127 89 26
0.0966667 25 128 82 30
0.103333 23 178 95 17
0.11 20 171 91 29
0.116667 22 171 90 20
0.123333 29 148 65 29
0.13 16 169 79 26
0.136667 22 144 71 27
0.143333 14 158 76 20
0.15 36 137 73 14
0.156667 18 139 57 24
0.163333 26 135 73 18
0.17 16 122 64 21
0.176667 18 121 75 20
0.183333 25 154 65 15
0.19 13 160 59 22
0.196667 20 155 58 22
0.203333 18 138 54 18
0.21 15 145 46 22
0.216667 15 124 57 16
0.223333 8 115 46 16
0.23 17 128 54 15
0.236667 9 100 39 15
0.243333 12 86 44 11
0.25 18 100 44 11
0.256667 19 88 41 9
0.263333 15 112 42 13
0.27 10 93 32 6
0.276667 16 78 29 10
0.283333 7 76 37 9
0.29 19 83 36 9
0.296667 14 84 42 13
0.303333 17 73 36 14
0.31 14 67 35 8
0.316667 12 79 38 15
0.323333 9 79 25 13
0.33 14 79 31 11
0.336667 19 61 37 13
0.343333 14 63 35 11
0.35 9 60 33 15
0.356667 11 63 24 9
0.363333 7 64 32 7
0.37 11 54 31 5
0.376667 6 63 25 10
0.383333 10 58 38 10
0.39 11 59 26 8
0.396667 9 46 28 7
0.403333 4 56 26 12
0.41 5 36 18 7
0.416667 5 56 31 11
0.423333 15 50 21 6
0.43 7 56 18 6
0.436667 9 49 24 7
0.443333 10 49 25 8
0.45 10 56 22 9
0.456667 12 50 21 8
0.463333 8 48 19 6
0.47 9 49 35 7
0.476667 6 43 25 7
0.483333 8 25 15 7
0.49 8 32 18 5
0.496667 13 34 18 6
0.503333 6 38 19 9
0.51 7 34 14 3
0.516667 3 33 21 7
0.523333 7 19 16 2
0.53 3 28 8 4
0.536667 10 33 15 2
0.543333 4 23 17 7
0.55 6 28 16 2
0.556667 9 26 17 9
0.563333 13 29 14 6
0.57 3 25 7 6
0.576667 6 21 16 4
0.583333 3 25 18 8
0.59 3 30 10 4
0.596667 3 15 9 6
0.603333 7 21 18 9
0.61 5 21 11 1
0.616667 4 24 8 5
0.623333 5 21 14 8
0.63 7 29 11 9
0.636667 4 32 13 5
0.643333 4 19 9 2
0.65 6 27 9 4
0.656667 4 24 8 5
0.663333 175 1818 469 171
0.67 0 0 0 0
0.676667 0 0 0 0
0.683333 0 0 0 0
0.69 0 0 0 0
0.696667 0 0 0 0
0.703333 0 0 0 0
0.71 0 0 0 0
0.716667 0 0 0 0
0.723333 0 0 0 0
0.73 0 0 0 0
0.736667 0 0 0 0
0.743333 0 0 0 0
0.75 0 0 0 0
0.756667 0 0 0 0
0.763333 0 0 0 0
0.77 0 0 0 0
0.776667 0 0 0 0
0.783333 0 0 0 0
0.79 0 0 0 0
0.796667 0 0 0 0
0.803333 0 0 0 0
0.81 0 0 0 0
0.816667 0 0 0 0
0.823333 0 0 0 0
0.83 0 0 0 0
0.836667 0 0 0 0
0.843333 0 0 0 0
0.85 0 0 0 0
0.856667 0 0 0 0
0.863333 0 0 0 0
0.87 0 0 0 0
0.876667 0 0 0 0
0.883333 0 0 0 0
0.89 0 0 0 0
0.896667 0 0 0 0
0.903333 0 0 0 0
0.91 0 0 0 0
0.916667 0 0 0 0
0.923333 0 0 0 0
0.93 0 0 0 0
0.936667 0 0 0 0
0.943333 0 0 0 0
0.95 0 0 0 0
0.956667 0 0 0 0
0.963333 0 0 0 0
0.97 0 0 0 0
0.976667 0 0 0 0
0.983333 0 0 0 0
0.99 0 0 0 0
0.996667 0 0 0 0
1.00333 0 0 0 0
1.01 0 0 0 0
1.01667 0 0 0 0
1.02333 0 0 0 0
1.03 0 0 0 0
1.03667 0 0 0 0
1.04333 0 0 0 0
1.05 0 0 0 0
1.05667 0 0 0 0
1.06333 0 0 0 0
1.07 0 0 0 0
1.07667 0 0 0 0
1.08333 0 0 0 0
1.09 0 0 0 0
1.09667 0 0 0 0
1.10333 0 0 0 0
1.11 0 0 0 0
1.11667 0 0 0 0
1.12333 0 0 0 0
1.13 0 0 0 0
1.13667 0 0 0 0
1.14333 0 0 0 0
1.15 0 0 0 0
1.15667 0 0 0 0
1.16333 0 0 0 0
1.17 0 0 0 0
1.17667 0 0 0 0
1.18333 0 0 0 0
1.19 0 0 0 0
1.19667 0 0 0 0
1.20333 0 0 0 0
1.21 0 0 0 0
1.21667 0 0 0 0
1.22333 0 0 0 0
1.23 0 0 0 0
1.23667 0 0 0 0
1.24333 0 0 0 0
1.25 0 0 0 0
1.25667 0 0 0 0
1.26333 0 0 0 0
1.27 0 0 0 0
1.27667 0 0 0 0
1.28333 0 0 0 0
1.29 0 0 0 0
1.29667 0 0 0 0
1.30333 0 0 0 0
1.31 0 0 0 0
1.31667 0 0 0 0
1.32333 0 0 0 0
1.33 0 0 0 0
1.33667 0 0 0 0
1.34333 0 0 0 0
1.35 0 0 0 0
1.35667 0 0 0 0
1.36333 0 0 0 0
1.37 0 0 0 0
1.37667 0 0 0 0
1.38333 0 0 0 0
1.39 0 0 0 0
1.39667 0 0 0 0
1.40333 0 0 0 0
1.41 0 0 0 0
1.41667 0 0 0 0
1.42333 0 0 0 0
1.43 0 0 0 0
1.43667 0 0 0 0
1.44333 0 0 0 0
1.45 0 0 0 0
1.45667 0 0 0 0
1.46333 0 0 0 0
1.47 0 0 0 0
1.47667 0 0 0 0
1.48333 0 0 0 0
1.49 0 0 0 0
1.49667 0 0 0 0
1.50333 0 0 0 0
1.51 0 0 0 0
1.51667 0 0 0 0
1.52333 0 0 0 0
1.53 0 0 0 0
1.53667 0 0 0 0
1.54333 0 0 0 0
1.55 0 0 0 0
1.55667 0 0 0 0
1.56333 0 0 0 0
1.57 0 0 0 0
1.57667 0 0 0 0
1.58333 0 0 0 0
1.59 0 0 0 0
1.59667 0 0 0 0
1.60333 0 0 0 0
1.61 0 0 0 0
1.61667 0 0 0 0
1.62333 0 0 0 0
1.63 0 0 0 0
1.63667 0 0 0 0
1.64333 0 0 0 0
1.65 0 0 0 0
1.65667 0 0 0 0
1.66333 0 0 0 0
1.67 0 0 0 0
1.67667 0 0 0 0
1.68333 0 0 0 0
1.69 0 0 0 0
1.69667 0 0 0 0
1.70333 0 0 0 0
1.71 0 0 0 0
1.71667 0 0 0 0
1.72333 0 0 0 0
1.73 0 0 0 0
1.73667 0 0 0 0
1.74333 0 0 0 0
1.75 0 0 0 0
1.75667 0 0 0 0
1.76333 0 0 0 0
1.77 0 0 0 0
1.77667 0 0 0 0
1.78333 0 0 0 0
1.79 0 0 0 0
1.79667 0 0 0 0
1.80333 0 0 0 0
1.81 0 0 0 0
1.81667 0 0 0 0
1.82333 0 0 0 0
1.83 0 0 0 0
1.83667 0 0 0 0
1.84333 0 0 0 0
1.85 0 0 0 0
1.85667 0 0 0 0
1.86333 0 0 0 0
1.87 0 0 0 0
1.87667 0 0 0 0
1.88333 0 0 0 0
1.89 0 0 0 0
1.89667 0 0 0 0
1.90333 0 0 0 0
1.91 0 0 0 0
1.91667 0 0 0 0
1.92333 0 0 0 0
1.93 0 0 0 0
1.93667 0 0 0 0
1.94333 0 0 0 0
1.95 0 0 0 0
1.95667 0 0 0 0
1.96333 0 0 0 0
1.97 0 0 0 0
1.97667 0 0 0 0
1.98333 0 0 0 0
1.99 0 0 0 0
1.99667 0 0 0 0
