0.00333333 2 7 68 4
0.01 5 14 73 13
0.0166667 4 13 59 8
0.0233333 6 13 54 10
0.03 1 21 78 6
0.0366667 8 18 70 19
0.0433333 4 32 119 19
0.05 10 33 145 22
0.0566667 17 36 146 24
0.0633333 12 50 171 23
0.07 8 51 177 30
0.0766667 16 50 162 30
0.0833333 14 40 184 36
0.09 3 38 208 22
0.0966667 13 38 199 38
0.103333 15 40 207 28
0.11 7 31 189 20
0.116667 9 47 215 23
0.123333 11 49 213 31
0.13 7 32 208 18
0.136667 8 24 214 20
0.143333 7 31 189 23
0.15 7 29 181 23
0.156667 3 41 178 18
0.163333 7 37 151 19
0.17 4 31 181 25
0.176667 4 33 189 19
0.183333 5 26 172 12
0.19 14 26 210 17
0.196667 10 29 181 22
0.203333 8 37 178 22
0.21 6 22 166 19
0.216667 11 24 168 14
0.223333 12 34 141 13
0.23 4 25 143 22
0.236667 8 21 121 18
0.243333 8 20 125 15
0.25 6 23 122 20
0.256667 2 19 104 15
0.263333 8 9 104 9
0.27 6 19 112 17
0.276667 2 16 102 11
0.283333 5 9 110 16
0.29 4 11 95 10
0.296667 3 14 102 10
0.303333 3 15 112 14
0.31 10 19 90 12
0.316667 3 22 86 13
0.323333 1 14 80 12
0.33 2 16 105 6
0.336667 6 18 75 10
0.343333 5 15 79 9
0.35 5 13 86 5
0.356667 3 17 77 15
0.363333 3 15 78 16
0.37 2 19 76 10
0.376667 2 13 72 8
0.383333 0 13 63 10
0.39 4 13 63 11
0.396667 4 17 65 5
0.403333 4 16 69 8
0.41 4 13 62 6
0.416667 4 15 67 9
0.423333 1 16 69 11
0.43 5 11 68 14
0.436667 4 7 73 7
0.443333 3 11 52 19
0.45 5 10 61 14
0.456667 5 17 52 9
0.463333 3 17 50 8
0.47 9 10 67 7
0.476667 3 7 58 7
0.483333 3 10 38 7
0.49 1 10 49 9
0.496667 2 6 43 7
0.503333 3 13 38 5
0.51 4 8 44 5
0.516667 0 7 29 5
0.523333 2 8 46 3
0.53 2 6 28 6
0.536667 2 10 30 5
0.543333 1 8 28 6
0.55 2 6 33 4
0.556667 2 5 43 2
0.563333 3 8 28 7
0.57 4 8 37 7
0.576667 5 5 30 8
0.583333 2 8 27 10
0.59 4 6 35 5
0.596667 5 8 23 9
0.603333 0 7 32 0
0.61 1 4 28 1
0.616667 2 9 26 4
0.623333 1 7 36 6
0.63 4 5 26 1
0.636667 3 4 34 5
0.643333 6 10 29 3
0.65 2 4 30 5
0.656667 1 5 19 8
0.663333 40 194 2300 129
0.67 0 0 0 0
0.676667 0 0 0 0
0.683333 0 0 0 0
0.69 0 0 0 0
0.696667 0 0 0 0
0.703333 0 0 0 0
0.71 0 0 0 0
0.716667 0 0 0 0
0.723333 0 0 0 0
0.73 0 0 0 0
0.736667 0 0 0 0
0.743333 0 0 0 0
0.75 0 0 0 0
0.756667 0 0 0 0
0.763333 0 0 0 0
0.77 0 0 0 0
0.776667 0 0 0 0
0.783333 0 0 0 0
0.79 0 0 0 0
0.796667 0 0 0 0
0.803333 0 0 0 0
0.81 0 0 0 0
0.816667 0 0 0 0
0.823333 0 0 0 0
0.83 0 0 0 0
0.836667 0 0 0 0
0.843333 0 0 0 0
0.85 0 0 0 0
0.856667 0 0 0 0
0.863333 0 0 0 0
0.87 0 0 0 0
0.876667 0 0 0 0
0.883333 0 0 0 0
0.89 0 0 0 0
0.896667 0 0 0 0
0.903333 0 0 0 0
0.91 0 0 0 0
0.916667 0 0 0 0
0.923333 0 0 0 0
0.93 0 0 0 0
0.936667 0 0 0 0
0.943333 0 0 0 0
0.95 0 0 0 0
0.956667 0 0 0 0
0.963333 0 0 0 0
0.97 0 0 0 0
0.976667 0 0 0 0
0.983333 0 0 0 0
0.99 0 0 0 0
0.996667 0 0 0 0
1.00333 0 0 0 0
1.01 0 0 0 0
1.01667 0 0 0 0
1.02333 0 0 0 0
1.03 0 0 0 0
1.03667 0 0 0 0
1.04333 0 0 0 0
1.05 0 0 0 0
1.05667 0 0 0 0
1.06333 0 0 0 0
1.07 0 0 0 0
1.07667 0 0 0 0
1.08333 0 0 0 0
1.09 0 0 0 0
1.09667 0 0 0 0
1.10333 0 0 0 0
1.11 0 0 0 0
1.11667 0 0 0 0
1.12333 0 0 0 0
1.13 0 0 0 0
1.13667 0 0 0 0
1.14333 0 0 0 0
1.15 0 0 0 0
1.15667 0 0 0 0
1.16333 0 0 0 0
1.17 0 0 0 0
1.17667 0 0 0 0
1.18333 0 0 0 0
1.19 0 0 0 0
1.19667 0 0 0 0
1.20333 0 0 0 0
1.21 0 0 0 0
1.21667 0 0 0 0
1.22333 0 0 0 0
1.23 0 0 0 0
1.23667 0 0 0 0
1.24333 0 0 0 0
1.25 0 0 0 0
1.25667 0 0 0 0
1.26333 0 0 0 0
1.27 0 0 0 0
1.27667 0 0 0 0
1.28333 0 0 0 0
1.29 0 0 0 0
1.29667 0 0 0 0
1.30333 0 0 0 0
1.31 0 0 0 0
1.31667 0 0 0 0
1.32333 0 0 0 0
1.33 0 0 0 0
1.33667 0 0 0 0
1.34333 0 0 0 0
1.35 0 0 0 0
1.35667 0 0 0 0
1.36333 0 0 0 0
1.37 0 0 0 0
1.37667 0 0 0 0
1.38333 0 0 0 0
1.39 0 0 0 0
1.39667 0 0 0 0
1.40333 0 0 0 0
1.41 0 0 0 0
1.41667 0 0 0 0
1.42333 0 0 0 0
1.43 0 0 0 0
1.43667 0 0 0 0
1.44333 0 0 0 0
1.45 0 0 0 0
1.45667 0 0 0 0
1.46333 0 0 0 0
1.47 0 0 0 0
1.47667 0 0 0 0
1.48333 0 0 0 0
1.49 0 0 0 0
1.49667 0 0 0 0
1.50333 0 0 0 0
1.51 0 0 0 0
1.51667 0 0 0 0
1.52333 0 0 0 0
1.53 0 0 0 0
1.53667 0 0 0 0
1.54333 0 0 0 0
1.55 0 0 0 0
1.55667 0 0 0 0
1.56333 0 0 0 0
1.57 0 0 0 0
1.57667 0 0 0 0
1.58333 0 0 0 0
1.59 0 0 0 0
1.59667 0 0 0 0
1.60333 0 0 0 0
1.61 0 0 0 0
1.61667 0 0 0 0
1.62333 0 0 0 0
1.63 0 0 0 0
1.63667 0 0 0 0
1.64333 0 0 0 0
1.65 0 0 0 0
1.65667 0 0 0 0
1.66333 0 0 0 0
1.67 0 0 0 0
1.67667 0 0 0 0
1.68333 0 0 0 0
1.69 0 0 0 0
1.69667 0 0 0 0
1.70333 0 0 0 0
1.71 0 0 0 0
1.71667 0 0 0 0
1.72333 0 0 0 0
1.73 0 0 0 0
1.73667 0 0 0 0
1.74333 0 0 0 0
1.75 0 0 0 0
1.75667 0 0 0 0
1.76333 0 0 0 0
1.77 0 0 0 0
1.77667 0 0 0 0
1.78333 0 0 0 0
1.79 0 0 0 0
1.79667 0 0 0 0
1.80333 0 0 0 0
1.81 0 0 0 0
1.81667 0 0 0 0
1.82333 0 0 0 0
1.83 0 0 0 0
1.83667 0 0 0 0
1.84333 0 0 0 0
1.85 0 0 0 0
1.85667 0 0 0 0
1.86333 0 0 0 0
1.87 0 0 0 0
1.87667 0 0 0 0
1.88333 0 0 0 0
1.89 0 0 0 0
1.89667 0 0 0 0
1.90333 0 0 0 0
1.91 0 0 0 0
1.91667 0 0 0 0
1.92333 0 0 0 0
1.93 0 0 0 0
1.93667 0 0 0 0
1.94333 0 0 0 0
1.95 0 0 0 0
1.95667 0 0 0 0
1.96333 0 0 0 0
1.97 0 0 0 0
1.97667 0 0 0 0
1.98333 0 0 0 0
1.99 0 0 0 0
1.99667 0 0 0 0
