0.00333333 0 3 169 14
0.01 1 3 168 17
0.0166667 1 7 172 21
0.0233333 2 4 187 12
0.03 1 6 146 17
0.0366667 0 2 191 25
0.0433333 2 7 216 37
0.05 2 5 264 34
0.0566667 2 9 272 51
0.0633333 2 10 279 55
0.07 2 6 317 49
0.0766667 2 11 289 49
0.0833333 0 11 344 52
0.09 1 12 323 54
0.0966667 1 7 347 40
0.103333 1 7 327 47
0.11 2 10 357 60
0.116667 1 6 369 57
0.123333 2 8 377 34
0.13 1 10 359 61
0.136667 2 4 362 39
0.143333 3 6 384 30
0.15 0 12 390 37
0.156667 0 7 387 38
0.163333 0 15 384 42
0.17 3 10 341 24
0.176667 2 8 364 26
0.183333 2 6 433 32
0.19 0 8 557 26
0.196667 2 4 553 35
0.203333 1 5 539 25
0.21 4 7 481 30
0.216667 2 4 457 37
0.223333 1 5 469 35
0.23 0 9 402 22
0.236667 2 4 363 25
0.243333 2 3 313 29
0.25 4 3 325 34
0.256667 1 9 291 25
0.263333 4 5 266 19
0.27 1 6 290 24
0.276667 1 6 246 25
0.283333 1 3 253 18
0.29 1 13 212 27
0.296667 1 7 248 22
0.303333 2 3 204 23
0.31 0 5 215 34
0.316667 2 3 224 19
0.323333 1 7 179 17
0.33 0 2 219 21
0.336667 0 1 203 25
0.343333 1 3 193 17
0.35 2 5 202 22
0.356667 2 3 192 22
0.363333 0 4 178 21
0.37 2 5 180 22
0.376667 1 1 180 19
0.383333 1 5 170 11
0.39 0 1 180 23
0.396667 0 6 170 23
0.403333 3 3 170 19
0.41 0 3 181 18
0.416667 3 1 166 15
0.423333 0 5 181 7
0.43 0 2 190 20
0.436667 0 3 174 20
0.443333 2 2 151 10
0.45 0 2 186 13
0.456667 1 2 205 17
0.463333 0 0 164 13
0.47 2 4 175 13
0.476667 0 1 155 10
0.483333 0 2 91 10
0.49 0 3 83 7
0.496667 1 1 74 12
0.503333 1 1 76 11
0.51 1 1 65 11
0.516667 0 3 69 10
0.523333 0 2 71 14
0.53 0 0 46 12
0.536667 1 1 59 11
0.543333 1 1 55 17
0.55 0 3 41 9
0.556667 0 1 40 8
0.563333 2 5 44 8
0.57 1 0 52 8
0.576667 1 1 45 5
0.583333 0 2 63 8
0.59 0 2 65 6
0.596667 0 1 39 7
0.603333 0 2 45 4
0.61 1 1 25 12
0.616667 0 3 49 7
0.623333 2 2 47 5
0.63 1 2 45 8
0.636667 0 1 65 7
0.643333 0 2 37 8
0.65 1 1 45 14
0.656667 0 4 38 8
0.663333 5 47 10010 240
0.67 0 0 0 0
0.676667 0 0 0 0
0.683333 0 0 0 0
0.69 0 0 0 0
0.696667 0 0 0 0
0.703333 0 0 0 0
0.71 0 0 0 0
0.716667 0 0 0 0
0.723333 0 0 0 0
0.73 0 0 0 0
0.736667 0 0 0 0
0.743333 0 0 0 0
0.75 0 0 0 0
0.756667 0 0 0 0
0.763333 0 0 0 0
0.77 0 0 0 0
0.776667 0 0 0 0
0.783333 0 0 0 0
0.79 0 0 0 0
0.796667 0 0 0 0
0.803333 0 0 0 0
0.81 0 0 0 0
0.816667 0 0 0 0
0.823333 0 0 0 0
0.83 0 0 0 0
0.836667 0 0 0 0
0.843333 0 0 0 0
0.85 0 0 0 0
0.856667 0 0 0 0
0.863333 0 0 0 0
0.87 0 0 0 0
0.876667 0 0 0 0
0.883333 0 0 0 0
0.89 0 0 0 0
0.896667 0 0 0 0
0.903333 0 0 0 0
0.91 0 0 0 0
0.916667 0 0 0 0
0.923333 0 0 0 0
0.93 0 0 0 0
0.936667 0 0 0 0
0.943333 0 0 0 0
0.95 0 0 0 0
0.956667 0 0 0 0
0.963333 0 0 0 0
0.97 0 0 0 0
0.976667 0 0 0 0
0.983333 0 0 0 0
0.99 0 0 0 0
0.996667 0 0 0 0
1.00333 0 0 0 0
1.01 0 0 0 0
1.01667 0 0 0 0
1.02333 0 0 0 0
1.03 0 0 0 0
1.03667 0 0 0 0
1.04333 0 0 0 0
1.05 0 0 0 0
1.05667 0 0 0 0
1.06333 0 0 0 0
1.07 0 0 0 0
1.07667 0 0 0 0
1.08333 0 0 0 0
1.09 0 0 0 0
1.09667 0 0 0 0
1.10333 0 0 0 0
1.11 0 0 0 0
1.11667 0 0 0 0
1.12333 0 0 0 0
1.13 0 0 0 0
1.13667 0 0 0 0
1.14333 0 0 0 0
1.15 0 0 0 0
1.15667 0 0 0 0
1.16333 0 0 0 0
1.17 0 0 0 0
1.17667 0 0 0 0
1.18333 0 0 0 0
1.19 0 0 0 0
1.19667 0 0 0 0
1.20333 0 0 0 0
1.21 0 0 0 0
1.21667 0 0 0 0
1.22333 0 0 0 0
1.23 0 0 0 0
1.23667 0 0 0 0
1.24333 0 0 0 0
1.25 0 0 0 0
1.25667 0 0 0 0
1.26333 0 0 0 0
1.27 0 0 0 0
1.27667 0 0 0 0
1.28333 0 0 0 0
1.29 0 0 0 0
1.29667 0 0 0 0
1.30333 0 0 0 0
1.31 0 0 0 0
1.31667 0 0 0 0
1.32333 0 0 0 0
1.33 0 0 0 0
1.33667 0 0 0 0
1.34333 0 0 0 0
1.35 0 0 0 0
1.35667 0 0 0 0
1.36333 0 0 0 0
1.37 0 0 0 0
1.37667 0 0 0 0
1.38333 0 0 0 0
1.39 0 0 0 0
1.39667 0 0 0 0
1.40333 0 0 0 0
1.41 0 0 0 0
1.41667 0 0 0 0
1.42333 0 0 0 0
1.43 0 0 0 0
1.43667 0 0 0 0
1.44333 0 0 0 0
1.45 0 0 0 0
1.45667 0 0 0 0
1.46333 0 0 0 0
1.47 0 0 0 0
1.47667 0 0 0 0
1.48333 0 0 0 0
1.49 0 0 0 0
1.49667 0 0 0 0
1.50333 0 0 0 0
1.51 0 0 0 0
1.51667 0 0 0 0
1.52333 0 0 0 0
1.53 0 0 0 0
1.53667 0 0 0 0
1.54333 0 0 0 0
1.55 0 0 0 0
1.55667 0 0 0 0
1.56333 0 0 0 0
1.57 0 0 0 0
1.57667 0 0 0 0
1.58333 0 0 0 0
1.59 0 0 0 0
1.59667 0 0 0 0
1.60333 0 0 0 0
1.61 0 0 0 0
1.61667 0 0 0 0
1.62333 0 0 0 0
1.63 0 0 0 0
1.63667 0 0 0 0
1.64333 0 0 0 0
1.65 0 0 0 0
1.65667 0 0 0 0
1.66333 0 0 0 0
1.67 0 0 0 0
1.67667 0 0 0 0
1.68333 0 0 0 0
1.69 0 0 0 0
1.69667 0 0 0 0
1.70333 0 0 0 0
1.71 0 0 0 0
1.71667 0 0 0 0
1.72333 0 0 0 0
1.73 0 0 0 0
1.73667 0 0 0 0
1.74333 0 0 0 0
1.75 0 0 0 0
1.75667 0 0 0 0
1.76333 0 0 0 0
1.77 0 0 0 0
1.77667 0 0 0 0
1.78333 0 0 0 0
1.79 0 0 0 0
1.79667 0 0 0 0
1.80333 0 0 0 0
1.81 0 0 0 0
1.81667 0 0 0 0
1.82333 0 0 0 0
1.83 0 0 0 0
1.83667 0 0 0 0
1.84333 0 0 0 0
1.85 0 0 0 0
1.85667 0 0 0 0
1.86333 0 0 0 0
1.87 0 0 0 0
1.87667 0 0 0 0
1.88333 0 0 0 0
1.89 0 0 0 0
1.89667 0 0 0 0
1.90333 0 0 0 0
1.91 0 0 0 0
1.91667 0 0 0 0
1.92333 0 0 0 0
1.93 0 0 0 0
1.93667 0 0 0 0
1.94333 0 0 0 0
1.95 0 0 0 0
1.95667 0 0 0 0
1.96333 0 0 0 0
1.97 0 0 0 0
1.97667 0 0 0 0
1.98333 0 0 0 0
1.99 0 0 0 0
1.99667 0 0 0 0
