0.00333333 16 239 3 1
0.01 14 231 6 2
0.0166667 17 251 7 1
0.0233333 12 251 5 1
0.03 17 247 7 2
0.0366667 25 244 6 0
0.0433333 27 291 19 2
0.05 29 297 12 2
0.0566667 39 302 15 4
0.0633333 51 334 23 2
0.07 36 412 20 1
0.0766667 41 365 17 5
0.0833333 59 360 23 7
0.09 35 355 9 2
0.0966667 44 357 20 2
0.103333 46 331 18 4
0.11 48 363 18 4
0.116667 42 379 14 3
0.123333 31 393 19 5
0.13 45 452 18 5
0.136667 41 403 9 4
0.143333 27 437 18 0
0.15 37 474 16 1
0.156667 34 477 15 0
0.163333 32 459 16 2
0.17 30 513 16 2
0.176667 26 491 16 3
0.183333 23 619 14 2
0.19 26 975 23 2
0.196667 30 932 17 4
0.203333 31 761 28 4
0.21 29 730 8 3
0.216667 27 585 19 2
0.223333 19 549 16 4
0.23 27 449 17 2
0.236667 33 431 18 1
0.243333 31 394 13 1
0.25 18 400 12 2
0.256667 30 375 11 1
0.263333 26 316 15 0
0.27 20 288 9 2
0.276667 16 262 15 1
0.283333 19 302 20 3
0.29 24 290 13 0
0.296667 24 286 10 1
0.303333 21 234 18 0
0.31 23 247 7 1
0.316667 19 237 9 3
0.323333 26 245 15 1
0.33 21 235 9 0
0.336667 24 261 11 3
0.343333 17 264 6 0
0.35 16 232 13 1
0.356667 18 244 6 0
0.363333 16 241 7 2
0.37 14 220 7 2
0.376667 26 222 12 1
0.383333 17 230 18 0
0.39 21 241 10 2
0.396667 10 255 5 2
0.403333 16 243 14 1
0.41 14 231 10 0
0.416667 19 266 9 2
0.423333 13 237 11 1
0.43 13 225 14 0
0.436667 14 249 6 1
0.443333 12 262 10 1
0.45 15 263 6 0
0.456667 8 266 9 1
0.463333 9 294 11 0
0.47 15 290 7 1
0.476667 11 247 8 0
0.483333 9 110 2 2
0.49 12 80 10 2
0.496667 9 79 9 0
0.503333 10 71 5 3
0.51 8 61 6 0
0.516667 8 60 7 0
0.523333 13 57 7 0
0.53 8 64 4 0
0.536667 2 47 2 0
0.543333 4 42 3 0
0.55 4 39 2 0
0.556667 14 47 3 1
0.563333 6 48 3 1
0.57 7 43 3 0
0.576667 8 49 7 0
0.583333 9 50 9 3
0.59 12 33 9 1
0.596667 7 44 9 0
0.603333 11 44 0 2
0.61 8 41 6 0
0.616667 10 32 4 1
0.623333 11 32 9 0
0.63 11 42 7 2
0.636667 8 71 5 1
0.643333 8 17 5 2
0.65 7 20 6 2
0.656667 6 20 6 0
0.663333 307 17753 258 19
0.67 0 0 0 0
0.676667 0 0 0 0
0.683333 0 0 0 0
0.69 0 0 0 0
0.696667 0 0 0 0
0.703333 0 0 0 0
0.71 0 0 0 0
0.716667 0 0 0 0
0.723333 0 0 0 0
0.73 0 0 0 0
0.736667 0 0 0 0
0.743333 0 0 0 0
0.75 0 0 0 0
0.756667 0 0 0 0
0.763333 0 0 0 0
0.77 0 0 0 0
0.776667 0 0 0 0
0.783333 0 0 0 0
0.79 0 0 0 0
0.796667 0 0 0 0
0.803333 0 0 0 0
0.81 0 0 0 0
0.816667 0 0 0 0
0.823333 0 0 0 0
0.83 0 0 0 0
0.836667 0 0 0 0
0.843333 0 0 0 0
0.85 0 0 0 0
0.856667 0 0 0 0
0.863333 0 0 0 0
0.87 0 0 0 0
0.876667 0 0 0 0
0.883333 0 0 0 0
0.89 0 0 0 0
0.896667 0 0 0 0
0.903333 0 0 0 0
0.91 0 0 0 0
0.916667 0 0 0 0
0.923333 0 0 0 0
0.93 0 0 0 0
0.936667 0 0 0 0
0.943333 0 0 0 0
0.95 0 0 0 0
0.956667 0 0 0 0
0.963333 0 0 0 0
0.97 0 0 0 0
0.976667 0 0 0 0
0.983333 0 0 0 0
0.99 0 0 0 0
0.996667 0 0 0 0
1.00333 0 0 0 0
1.01 0 0 0 0
1.01667 0 0 0 0
1.02333 0 0 0 0
1.03 0 0 0 0
1.03667 0 0 0 0
1.04333 0 0 0 0
1.05 0 0 0 0
1.05667 0 0 0 0
1.06333 0 0 0 0
1.07 0 0 0 0
1.07667 0 0 0 0
1.08333 0 0 0 0
1.09 0 0 0 0
1.09667 0 0 0 0
1.10333 0 0 0 0
1.11 0 0 0 0
1.11667 0 0 0 0
1.12333 0 0 0 0
1.13 0 0 0 0
1.13667 0 0 0 0
1.14333 0 0 0 0
1.15 0 0 0 0
1.15667 0 0 0 0
1.16333 0 0 0 0
1.17 0 0 0 0
1.17667 0 0 0 0
1.18333 0 0 0 0
1.19 0 0 0 0
1.19667 0 0 0 0
1.20333 0 0 0 0
1.21 0 0 0 0
1.21667 0 0 0 0
1.22333 0 0 0 0
1.23 0 0 0 0
1.23667 0 0 0 0
1.24333 0 0 0 0
1.25 0 0 0 0
1.25667 0 0 0 0
1.26333 0 0 0 0
1.27 0 0 0 0
1.27667 0 0 0 0
1.28333 0 0 0 0
1.29 0 0 0 0
1.29667 0 0 0 0
1.30333 0 0 0 0
1.31 0 0 0 0
1.31667 0 0 0 0
1.32333 0 0 0 0
1.33 0 0 0 0
1.33667 0 0 0 0
1.34333 0 0 0 0
1.35 0 0 0 0
1.35667 0 0 0 0
1.36333 0 0 0 0
1.37 0 0 0 0
1.37667 0 0 0 0
1.38333 0 0 0 0
1.39 0 0 0 0
1.39667 0 0 0 0
1.40333 0 0 0 0
1.41 0 0 0 0
1.41667 0 0 0 0
1.42333 0 0 0 0
1.43 0 0 0 0
1.43667 0 0 0 0
1.44333 0 0 0 0
1.45 0 0 0 0
1.45667 0 0 0 0
1.46333 0 0 0 0
1.47 0 0 0 0
1.47667 0 0 0 0
1.48333 0 0 0 0
1.49 0 0 0 0
1.49667 0 0 0 0
1.50333 0 0 0 0
1.51 0 0 0 0
1.51667 0 0 0 0
1.52333 0 0 0 0
1.53 0 0 0 0
1.53667 0 0 0 0
1.54333 0 0 0 0
1.55 0 0 0 0
1.55667 0 0 0 0
1.56333 0 0 0 0
1.57 0 0 0 0
1.57667 0 0 0 0
1.58333 0 0 0 0
1.59 0 0 0 0
1.59667 0 0 0 0
1.60333 0 0 0 0
1.61 0 0 0 0
1.61667 0 0 0 0
1.62333 0 0 0 0
1.63 0 0 0 0
1.63667 0 0 0 0
1.64333 0 0 0 0
1.65 0 0 0 0
1.65667 0 0 0 0
1.66333 0 0 0 0
1.67 0 0 0 0
1.67667 0 0 0 0
1.68333 0 0 0 0
1.69 0 0 0 0
1.69667 0 0 0 0
1.70333 0 0 0 0
1.71 0 0 0 0
1.71667 0 0 0 0
1.72333 0 0 0 0
1.73 0 0 0 0
1.73667 0 0 0 0
1.74333 0 0 0 0
1.75 0 0 0 0
1.75667 0 0 0 0
1.76333 0 0 0 0
1.77 0 0 0 0
1.77667 0 0 0 0
1.78333 0 0 0 0
1.79 0 0 0 0
1.79667 0 0 0 0
1.80333 0 0 0 0
1.81 0 0 0 0
1.81667 0 0 0 0
1.82333 0 0 0 0
1.83 0 0 0 0
1.83667 0 0 0 0
1.84333 0 0 0 0
1.85 0 0 0 0
1.85667 0 0 0 0
1.86333 0 0 0 0
1.87 0 0 0 0
1.87667 0 0 0 0
1.88333 0 0 0 0
1.89 0 0 0 0
1.89667 0 0 0 0
1.90333 0 0 0 0
1.91 0 0 0 0
1.91667 0 0 0 0
1.92333 0 0 0 0
1.93 0 0 0 0
1.93667 0 0 0 0
1.94333 0 0 0 0
1.95 0 0 0 0
1.95667 0 0 0 0
1.96333 0 0 0 0
1.97 0 0 0 0
1.97667 0 0 0 0
1.98333 0 0 0 0
1.99 0 0 0 0
1.99667 0 0 0 0
