0.00333333 175 25 1 3
0.01 170 27 0 3
0.0166667 149 25 1 2
0.0233333 151 25 0 5
0.03 193 34 0 0
0.0366667 188 36 0 2
0.0433333 184 42 2 1
0.05 216 58 1 3
0.0566667 238 62 4 3
0.0633333 220 49 0 2
0.07 253 55 2 2
0.0766667 264 53 0 6
0.0833333 278 66 0 0
0.09 279 75 1 4
0.0966667 300 61 1 4
0.103333 295 66 1 5
0.11 326 62 1 2
0.116667 323 62 1 6
0.123333 306 69 0 3
0.13 374 59 1 2
0.136667 359 55 4 3
0.143333 345 70 0 3
0.15 355 68 0 4
0.156667 347 78 2 3
0.163333 332 56 0 3
0.17 357 48 2 5
0.176667 334 67 1 4
0.183333 423 57 2 5
0.19 544 66 0 8
0.196667 494 61 0 5
0.203333 501 60 0 3
0.21 470 68 1 4
0.216667 487 68 0 5
0.223333 445 63 6 0
0.23 409 58 2 0
0.236667 354 57 1 6
0.243333 320 65 1 3
0.25 305 59 2 5
0.256667 314 49 1 4
0.263333 290 47 1 4
0.27 275 47 2 4
0.276667 238 43 3 6
0.283333 261 33 0 3
0.29 222 47 0 6
0.296667 223 36 1 2
0.303333 226 38 0 5
0.31 231 44 1 5
0.316667 190 35 1 3
0.323333 203 28 2 7
0.33 188 40 0 5
0.336667 171 42 1 3
0.343333 205 24 0 3
0.35 195 36 1 2
0.356667 204 32 0 1
0.363333 177 44 0 3
0.37 168 38 0 3
0.376667 192 38 0 3
0.383333 200 42 1 2
0.39 193 29 1 4
0.396667 164 26 0 5
0.403333 177 32 4 3
0.41 173 42 2 0
0.416667 173 28 0 4
0.423333 163 29 1 3
0.43 179 35 0 2
0.436667 188 44 0 2
0.443333 171 25 1 7
0.45 185 27 0 4
0.456667 148 23 0 5
0.463333 169 24 0 2
0.47 165 30 1 7
0.476667 148 20 2 3
0.483333 84 16 1 3
0.49 76 31 1 2
0.496667 87 19 0 1
0.503333 79 16 2 2
0.51 66 22 0 3
0.516667 58 16 1 3
0.523333 50 19 2 2
0.53 58 21 0 1
0.536667 65 18 0 3
0.543333 61 17 0 1
0.55 64 16 2 0
0.556667 52 14 0 2
0.563333 48 12 0 3
0.57 62 14 0 2
0.576667 55 20 1 3
0.583333 55 17 1 0
0.59 48 22 0 3
0.596667 43 24 0 1
0.603333 41 12 0 1
0.61 46 14 2 1
0.616667 30 8 1 3
0.623333 45 8 0 1
0.63 46 16 0 2
0.636667 57 22 2 3
0.643333 36 14 0 2
0.65 40 10 0 2
0.656667 31 7 0 3
0.663333 10098 1054 5 143
0.67 0 0 0 0
0.676667 0 0 0 0
0.683333 0 0 0 0
0.69 0 0 0 0
0.696667 0 0 0 0
0.703333 0 0 0 0
0.71 0 0 0 0
0.716667 0 0 0 0
0.723333 0 0 0 0
0.73 0 0 0 0
0.736667 0 0 0 0
0.743333 0 0 0 0
0.75 0 0 0 0
0.756667 0 0 0 0
0.763333 0 0 0 0
0.77 0 0 0 0
0.776667 0 0 0 0
0.783333 0 0 0 0
0.79 0 0 0 0
0.796667 0 0 0 0
0.803333 0 0 0 0
0.81 0 0 0 0
0.816667 0 0 0 0
0.823333 0 0 0 0
0.83 0 0 0 0
0.836667 0 0 0 0
0.843333 0 0 0 0
0.85 0 0 0 0
0.856667 0 0 0 0
0.863333 0 0 0 0
0.87 0 0 0 0
0.876667 0 0 0 0
0.883333 0 0 0 0
0.89 0 0 0 0
0.896667 0 0 0 0
0.903333 0 0 0 0
0.91 0 0 0 0
0.916667 0 0 0 0
0.923333 0 0 0 0
0.93 0 0 0 0
0.936667 0 0 0 0
0.943333 0 0 0 0
0.95 0 0 0 0
0.956667 0 0 0 0
0.963333 0 0 0 0
0.97 0 0 0 0
0.976667 0 0 0 0
0.983333 0 0 0 0
0.99 0 0 0 0
0.996667 0 0 0 0
1.00333 0 0 0 0
1.01 0 0 0 0
1.01667 0 0 0 0
1.02333 0 0 0 0
1.03 0 0 0 0
1.03667 0 0 0 0
1.04333 0 0 0 0
1.05 0 0 0 0
1.05667 0 0 0 0
1.06333 0 0 0 0
1.07 0 0 0 0
1.07667 0 0 0 0
1.08333 0 0 0 0
1.09 0 0 0 0
1.09667 0 0 0 0
1.10333 0 0 0 0
1.11 0 0 0 0
1.11667 0 0 0 0
1.12333 0 0 0 0
1.13 0 0 0 0
1.13667 0 0 0 0
1.14333 0 0 0 0
1.15 0 0 0 0
1.15667 0 0 0 0
1.16333 0 0 0 0
1.17 0 0 0 0
1.17667 0 0 0 0
1.18333 0 0 0 0
1.19 0 0 0 0
1.19667 0 0 0 0
1.20333 0 0 0 0
1.21 0 0 0 0
1.21667 0 0 0 0
1.22333 0 0 0 0
1.23 0 0 0 0
1.23667 0 0 0 0
1.24333 0 0 0 0
1.25 0 0 0 0
1.25667 0 0 0 0
1.26333 0 0 0 0
1.27 0 0 0 0
1.27667 0 0 0 0
1.28333 0 0 0 0
1.29 0 0 0 0
1.29667 0 0 0 0
1.30333 0 0 0 0
1.31 0 0 0 0
1.31667 0 0 0 0
1.32333 0 0 0 0
1.33 0 0 0 0
1.33667 0 0 0 0
1.34333 0 0 0 0
1.35 0 0 0 0
1.35667 0 0 0 0
1.36333 0 0 0 0
1.37 0 0 0 0
1.37667 0 0 0 0
1.38333 0 0 0 0
1.39 0 0 0 0
1.39667 0 0 0 0
1.40333 0 0 0 0
1.41 0 0 0 0
1.41667 0 0 0 0
1.42333 0 0 0 0
1.43 0 0 0 0
1.43667 0 0 0 0
1.44333 0 0 0 0
1.45 0 0 0 0
1.45667 0 0 0 0
1.46333 0 0 0 0
1.47 0 0 0 0
1.47667 0 0 0 0
1.48333 0 0 0 0
1.49 0 0 0 0
1.49667 0 0 0 0
1.50333 0 0 0 0
1.51 0 0 0 0
1.51667 0 0 0 0
1.52333 0 0 0 0
1.53 0 0 0 0
1.53667 0 0 0 0
1.54333 0 0 0 0
1.55 0 0 0 0
1.55667 0 0 0 0
1.56333 0 0 0 0
1.57 0 0 0 0
1.57667 0 0 0 0
1.58333 0 0 0 0
1.59 0 0 0 0
1.59667 0 0 0 0
1.60333 0 0 0 0
1.61 0 0 0 0
1.61667 0 0 0 0
1.62333 0 0 0 0
1.63 0 0 0 0
1.63667 0 0 0 0
1.64333 0 0 0 0
1.65 0 0 0 0
1.65667 0 0 0 0
1.66333 0 0 0 0
1.67 0 0 0 0
1.67667 0 0 0 0
1.68333 0 0 0 0
1.69 0 0 0 0
1.69667 0 0 0 0
1.70333 0 0 0 0
1.71 0 0 0 0
1.71667 0 0 0 0
1.72333 0 0 0 0
1.73 0 0 0 0
1.73667 0 0 0 0
1.74333 0 0 0 0
1.75 0 0 0 0
1.75667 0 0 0 0
1.76333 0 0 0 0
1.77 0 0 0 0
1.77667 0 0 0 0
1.78333 0 0 0 0
1.79 0 0 0 0
1.79667 0 0 0 0
1.80333 0 0 0 0
1.81 0 0 0 0
1.81667 0 0 0 0
1.82333 0 0 0 0
1.83 0 0 0 0
1.83667 0 0 0 0
1.84333 0 0 0 0
1.85 0 0 0 0
1.85667 0 0 0 0
1.86333 0 0 0 0
1.87 0 0 0 0
1.87667 0 0 0 0
1.88333 0 0 0 0
1.89 0 0 0 0
1.89667 0 0 0 0
1.90333 0 0 0 0
1.91 0 0 0 0
1.91667 0 0 0 0
1.92333 0 0 0 0
1.93 0 0 0 0
1.93667 0 0 0 0
1.94333 0 0 0 0
1.95 0 0 0 0
1.95667 0 0 0 0
1.96333 0 0 0 0
1.97 0 0 0 0
1.97667 0 0 0 0
1.98333 0 0 0 0
1.99 0 0 0 0
1.99667 0 0 0 0
