0.00333333 58 28 2 1
0.01 59 25 5 0
0.0166667 93 31 2 1
0.0233333 71 37 1 3
0.03 75 45 1 3
0.0366667 90 58 4 0
0.0433333 144 61 4 3
0.05 153 82 7 3
0.0566667 199 95 9 7
0.0633333 224 107 4 0
0.07 221 116 13 6
0.0766667 235 138 5 4
0.0833333 230 109 8 5
0.09 224 110 2 1
0.0966667 235 117 8 3
0.103333 215 112 8 4
0.11 221 107 9 3
0.116667 242 110 12 0
0.123333 255 112 9 7
0.13 225 96 11 4
0.136667 230 82 5 2
0.143333 209 79 4 8
0.15 201 87 8 5
0.156667 190 93 5 2
0.163333 219 84 9 1
0.17 202 73 8 4
0.176667 176 74 5 2
0.183333 176 81 8 2
0.19 177 76 5 4
0.196667 212 71 4 1
0.203333 187 73 5 0
0.21 170 67 6 1
0.216667 151 60 10 4
0.223333 170 58 5 2
0.23 157 50 6 2
0.236667 146 62 9 1
0.243333 143 50 7 3
0.25 163 61 5 1
0.256667 135 58 5 2
0.263333 128 44 5 1
0.27 124 57 4 1
0.276667 127 44 6 3
0.283333 121 63 8 4
0.29 125 45 4 1
0.296667 98 48 5 2
0.303333 118 46 2 1
0.31 87 54 3 1
0.316667 76 42 7 2
0.323333 102 46 6 0
0.33 92 40 3 2
0.336667 102 41 2 4
0.343333 88 30 4 2
0.35 75 38 8 2
0.356667 101 28 3 3
0.363333 90 33 2 1
0.37 80 39 4 0
0.376667 76 30 4 1
0.383333 84 22 2 1
0.39 75 30 2 1
0.396667 78 30 2 1
0.403333 69 37 3 0
0.41 65 36 2 2
0.416667 73 21 4 1
0.423333 80 24 3 0
0.43 78 27 2 0
0.436667 75 24 1 1
0.443333 86 29 2 2
0.45 70 23 0 2
0.456667 76 28 1 1
0.463333 59 31 1 0
0.47 81 28 4 1
0.476667 53 28 1 2
0.483333 42 15 4 1
0.49 40 16 2 0
0.496667 52 15 0 0
0.503333 32 18 3 0
0.51 36 15 3 2
0.516667 39 20 1 3
0.523333 36 15 2 0
0.53 38 20 1 2
0.536667 39 16 1 1
0.543333 47 21 4 1
0.55 38 21 3 1
0.556667 34 16 2 0
0.563333 38 18 1 2
0.57 31 6 1 0
0.576667 31 19 2 0
0.583333 35 15 3 2
0.59 40 12 2 1
0.596667 30 11 2 0
0.603333 30 6 1 0
0.61 38 21 3 0
0.616667 36 15 4 1
0.623333 28 12 1 0
0.63 40 16 1 0
0.636667 29 13 4 1
0.643333 32 18 0 4
0.65 30 7 2 1
0.656667 28 15 1 1
0.663333 2105 554 41 16
0.67 0 0 0 0
0.676667 0 0 0 0
0.683333 0 0 0 0
0.69 0 0 0 0
0.696667 0 0 0 0
0.703333 0 0 0 0
0.71 0 0 0 0
0.716667 0 0 0 0
0.723333 0 0 0 0
0.73 0 0 0 0
0.736667 0 0 0 0
0.743333 0 0 0 0
0.75 0 0 0 0
0.756667 0 0 0 0
0.763333 0 0 0 0
0.77 0 0 0 0
0.776667 0 0 0 0
0.783333 0 0 0 0
0.79 0 0 0 0
0.796667 0 0 0 0
0.803333 0 0 0 0
0.81 0 0 0 0
0.816667 0 0 0 0
0.823333 0 0 0 0
0.83 0 0 0 0
0.836667 0 0 0 0
0.843333 0 0 0 0
0.85 0 0 0 0
0.856667 0 0 0 0
0.863333 0 0 0 0
0.87 0 0 0 0
0.876667 0 0 0 0
0.883333 0 0 0 0
0.89 0 0 0 0
0.896667 0 0 0 0
0.903333 0 0 0 0
0.91 0 0 0 0
0.916667 0 0 0 0
0.923333 0 0 0 0
0.93 0 0 0 0
0.936667 0 0 0 0
0.943333 0 0 0 0
0.95 0 0 0 0
0.956667 0 0 0 0
0.963333 0 0 0 0
0.97 0 0 0 0
0.976667 0 0 0 0
0.983333 0 0 0 0
0.99 0 0 0 0
0.996667 0 0 0 0
1.00333 0 0 0 0
1.01 0 0 0 0
1.01667 0 0 0 0
1.02333 0 0 0 0
1.03 0 0 0 0
1.03667 0 0 0 0
1.04333 0 0 0 0
1.05 0 0 0 0
1.05667 0 0 0 0
1.06333 0 0 0 0
1.07 0 0 0 0
1.07667 0 0 0 0
1.08333 0 0 0 0
1.09 0 0 0 0
1.09667 0 0 0 0
1.10333 0 0 0 0
1.11 0 0 0 0
1.11667 0 0 0 0
1.12333 0 0 0 0
1.13 0 0 0 0
1.13667 0 0 0 0
1.14333 0 0 0 0
1.15 0 0 0 0
1.15667 0 0 0 0
1.16333 0 0 0 0
1.17 0 0 0 0
1.17667 0 0 0 0
1.18333 0 0 0 0
1.19 0 0 0 0
1.19667 0 0 0 0
1.20333 0 0 0 0
1.21 0 0 0 0
1.21667 0 0 0 0
1.22333 0 0 0 0
1.23 0 0 0 0
1.23667 0 0 0 0
1.24333 0 0 0 0
1.25 0 0 0 0
1.25667 0 0 0 0
1.26333 0 0 0 0
1.27 0 0 0 0
1.27667 0 0 0 0
1.28333 0 0 0 0
1.29 0 0 0 0
1.29667 0 0 0 0
1.30333 0 0 0 0
1.31 0 0 0 0
1.31667 0 0 0 0
1.32333 0 0 0 0
1.33 0 0 0 0
1.33667 0 0 0 0
1.34333 0 0 0 0
1.35 0 0 0 0
1.35667 0 0 0 0
1.36333 0 0 0 0
1.37 0 0 0 0
1.37667 0 0 0 0
1.38333 0 0 0 0
1.39 0 0 0 0
1.39667 0 0 0 0
1.40333 0 0 0 0
1.41 0 0 0 0
1.41667 0 0 0 0
1.42333 0 0 0 0
1.43 0 0 0 0
1.43667 0 0 0 0
1.44333 0 0 0 0
1.45 0 0 0 0
1.45667 0 0 0 0
1.46333 0 0 0 0
1.47 0 0 0 0
1.47667 0 0 0 0
1.48333 0 0 0 0
1.49 0 0 0 0
1.49667 0 0 0 0
1.50333 0 0 0 0
1.51 0 0 0 0
1.51667 0 0 0 0
1.52333 0 0 0 0
1.53 0 0 0 0
1.53667 0 0 0 0
1.54333 0 0 0 0
1.55 0 0 0 0
1.55667 0 0 0 0
1.56333 0 0 0 0
1.57 0 0 0 0
1.57667 0 0 0 0
1.58333 0 0 0 0
1.59 0 0 0 0
1.59667 0 0 0 0
1.60333 0 0 0 0
1.61 0 0 0 0
1.61667 0 0 0 0
1.62333 0 0 0 0
1.63 0 0 0 0
1.63667 0 0 0 0
1.64333 0 0 0 0
1.65 0 0 0 0
1.65667 0 0 0 0
1.66333 0 0 0 0
1.67 0 0 0 0
1.67667 0 0 0 0
1.68333 0 0 0 0
1.69 0 0 0 0
1.69667 0 0 0 0
1.70333 0 0 0 0
1.71 0 0 0 0
1.71667 0 0 0 0
1.72333 0 0 0 0
1.73 0 0 0 0
1.73667 0 0 0 0
1.74333 0 0 0 0
1.75 0 0 0 0
1.75667 0 0 0 0
1.76333 0 0 0 0
1.77 0 0 0 0
1.77667 0 0 0 0
1.78333 0 0 0 0
1.79 0 0 0 0
1.79667 0 0 0 0
1.80333 0 0 0 0
1.81 0 0 0 0
1.81667 0 0 0 0
1.82333 0 0 0 0
1.83 0 0 0 0
1.83667 0 0 0 0
1.84333 0 0 0 0
1.85 0 0 0 0
1.85667 0 0 0 0
1.86333 0 0 0 0
1.87 0 0 0 0
1.87667 0 0 0 0
1.88333 0 0 0 0
1.89 0 0 0 0
1.89667 0 0 0 0
1.90333 0 0 0 0
1.91 0 0 0 0
1.91667 0 0 0 0
1.92333 0 0 0 0
1.93 0 0 0 0
1.93667 0 0 0 0
1.94333 0 0 0 0
1.95 0 0 0 0
1.95667 0 0 0 0
1.96333 0 0 0 0
1.97 0 0 0 0
1.97667 0 0 0 0
1.98333 0 0 0 0
1.99 0 0 0 0
1.99667 0 0 0 0
