0.00333333 7 9 23 14
0.01 6 18 39 14
0.0166667 7 14 28 7
0.0233333 7 16 30 15
0.03 11 19 32 14
0.0366667 5 20 45 20
0.0433333 5 41 74 20
0.05 14 47 73 26
0.0566667 14 54 121 37
0.0633333 17 61 99 30
0.07 13 51 125 37
0.0766667 19 56 119 45
0.0833333 20 58 124 48
0.09 18 62 101 45
0.0966667 17 57 114 38
0.103333 19 76 115 41
0.11 21 59 121 33
0.116667 17 65 121 49
0.123333 13 52 125 39
0.13 21 54 110 33
0.136667 18 30 87 48
0.143333 22 51 106 35
0.15 10 41 87 35
0.156667 11 41 81 24
0.163333 12 45 95 42
0.17 13 46 85 26
0.176667 27 48 82 27
0.183333 21 38 67 30
0.19 15 37 98 28
0.196667 21 34 79 35
0.203333 18 37 72 28
0.21 17 49 63 28
0.216667 14 37 76 31
0.223333 18 28 67 29
0.23 12 28 58 28
0.236667 11 34 70 22
0.243333 14 23 62 19
0.25 14 24 62 15
0.256667 15 14 52 21
0.263333 12 26 53 28
0.27 12 19 61 24
0.276667 10 26 55 19
0.283333 16 22 52 23
0.29 12 25 45 19
0.296667 10 22 40 18
0.303333 5 27 56 22
0.31 9 29 42 11
0.316667 5 23 46 18
0.323333 10 25 32 18
0.33 9 17 39 22
0.336667 2 22 45 20
0.343333 9 14 49 13
0.35 5 14 44 13
0.356667 5 30 32 9
0.363333 5 31 36 13
0.37 7 17 36 17
0.376667 5 16 45 15
0.383333 8 11 34 13
0.39 9 18 30 10
0.396667 10 17 26 16
0.403333 5 16 30 16
0.41 6 16 33 10
0.416667 8 15 34 5
0.423333 9 12 29 8
0.43 7 28 29 6
0.436667 5 14 33 9
0.443333 10 8 26 10
0.45 4 17 41 9
0.456667 7 15 25 20
0.463333 6 16 24 14
0.47 8 24 32 17
0.476667 10 14 25 14
0.483333 5 19 17 18
0.49 5 11 24 8
0.496667 8 15 18 10
0.503333 4 12 19 8
0.51 2 10 21 9
0.516667 6 13 20 7
0.523333 3 9 23 8
0.53 4 5 19 9
0.536667 3 7 26 3
0.543333 5 8 19 7
0.55 2 8 19 6
0.556667 7 12 15 9
0.563333 2 8 20 7
0.57 8 11 15 11
0.576667 8 9 20 7
0.583333 5 14 25 12
0.59 3 13 14 6
0.596667 6 7 15 1
0.603333 8 6 16 7
0.61 2 10 18 8
0.616667 5 3 11 2
0.623333 3 11 19 5
0.63 5 7 13 4
0.636667 5 8 19 5
0.643333 7 6 10 6
0.65 2 10 14 8
0.656667 4 5 14 8
0.663333 141 245 597 279
0.67 0 0 0 0
0.676667 0 0 0 0
0.683333 0 0 0 0
0.69 0 0 0 0
0.696667 0 0 0 0
0.703333 0 0 0 0
0.71 0 0 0 0
0.716667 0 0 0 0
0.723333 0 0 0 0
0.73 0 0 0 0
0.736667 0 0 0 0
0.743333 0 0 0 0
0.75 0 0 0 0
0.756667 0 0 0 0
0.763333 0 0 0 0
0.77 0 0 0 0
0.776667 0 0 0 0
0.783333 0 0 0 0
0.79 0 0 0 0
0.796667 0 0 0 0
0.803333 0 0 0 0
0.81 0 0 0 0
0.816667 0 0 0 0
0.823333 0 0 0 0
0.83 0 0 0 0
0.836667 0 0 0 0
0.843333 0 0 0 0
0.85 0 0 0 0
0.856667 0 0 0 0
0.863333 0 0 0 0
0.87 0 0 0 0
0.876667 0 0 0 0
0.883333 0 0 0 0
0.89 0 0 0 0
0.896667 0 0 0 0
0.903333 0 0 0 0
0.91 0 0 0 0
0.916667 0 0 0 0
0.923333 0 0 0 0
0.93 0 0 0 0
0.936667 0 0 0 0
0.943333 0 0 0 0
0.95 0 0 0 0
0.956667 0 0 0 0
0.963333 0 0 0 0
0.97 0 0 0 0
0.976667 0 0 0 0
0.983333 0 0 0 0
0.99 0 0 0 0
0.996667 0 0 0 0
1.00333 0 0 0 0
1.01 0 0 0 0
1.01667 0 0 0 0
1.02333 0 0 0 0
1.03 0 0 0 0
1.03667 0 0 0 0
1.04333 0 0 0 0
1.05 0 0 0 0
1.05667 0 0 0 0
1.06333 0 0 0 0
1.07 0 0 0 0
1.07667 0 0 0 0
1.08333 0 0 0 0
1.09 0 0 0 0
1.09667 0 0 0 0
1.10333 0 0 0 0
1.11 0 0 0 0
1.11667 0 0 0 0
1.12333 0 0 0 0
1.13 0 0 0 0
1.13667 0 0 0 0
1.14333 0 0 0 0
1.15 0 0 0 0
1.15667 0 0 0 0
1.16333 0 0 0 0
1.17 0 0 0 0
1.17667 0 0 0 0
1.18333 0 0 0 0
1.19 0 0 0 0
1.19667 0 0 0 0
1.20333 0 0 0 0
1.21 0 0 0 0
1.21667 0 0 0 0
1.22333 0 0 0 0
1.23 0 0 0 0
1.23667 0 0 0 0
1.24333 0 0 0 0
1.25 0 0 0 0
1.25667 0 0 0 0
1.26333 0 0 0 0
1.27 0 0 0 0
1.27667 0 0 0 0
1.28333 0 0 0 0
1.29 0 0 0 0
1.29667 0 0 0 0
1.30333 0 0 0 0
1.31 0 0 0 0
1.31667 0 0 0 0
1.32333 0 0 0 0
1.33 0 0 0 0
1.33667 0 0 0 0
1.34333 0 0 0 0
1.35 0 0 0 0
1.35667 0 0 0 0
1.36333 0 0 0 0
1.37 0 0 0 0
1.37667 0 0 0 0
1.38333 0 0 0 0
1.39 0 0 0 0
1.39667 0 0 0 0
1.40333 0 0 0 0
1.41 0 0 0 0
1.41667 0 0 0 0
1.42333 0 0 0 0
1.43 0 0 0 0
1.43667 0 0 0 0
1.44333 0 0 0 0
1.45 0 0 0 0
1.45667 0 0 0 0
1.46333 0 0 0 0
1.47 0 0 0 0
1.47667 0 0 0 0
1.48333 0 0 0 0
1.49 0 0 0 0
1.49667 0 0 0 0
1.50333 0 0 0 0
1.51 0 0 0 0
1.51667 0 0 0 0
1.52333 0 0 0 0
1.53 0 0 0 0
1.53667 0 0 0 0
1.54333 0 0 0 0
1.55 0 0 0 0
1.55667 0 0 0 0
1.56333 0 0 0 0
1.57 0 0 0 0
1.57667 0 0 0 0
1.58333 0 0 0 0
1.59 0 0 0 0
1.59667 0 0 0 0
1.60333 0 0 0 0
1.61 0 0 0 0
1.61667 0 0 0 0
1.62333 0 0 0 0
1.63 0 0 0 0
1.63667 0 0 0 0
1.64333 0 0 0 0
1.65 0 0 0 0
1.65667 0 0 0 0
1.66333 0 0 0 0
1.67 0 0 0 0
1.67667 0 0 0 0
1.68333 0 0 0 0
1.69 0 0 0 0
1.69667 0 0 0 0
1.70333 0 0 0 0
1.71 0 0 0 0
1.71667 0 0 0 0
1.72333 0 0 0 0
1.73 0 0 0 0
1.73667 0 0 0 0
1.74333 0 0 0 0
1.75 0 0 0 0
1.75667 0 0 0 0
1.76333 0 0 0 0
1.77 0 0 0 0
1.77667 0 0 0 0
1.78333 0 0 0 0
1.79 0 0 0 0
1.79667 0 0 0 0
1.80333 0 0 0 0
1.81 0 0 0 0
1.81667 0 0 0 0
1.82333 0 0 0 0
1.83 0 0 0 0
1.83667 0 0 0 0
1.84333 0 0 0 0
1.85 0 0 0 0
1.85667 0 0 0 0
1.86333 0 0 0 0
1.87 0 0 0 0
1.87667 0 0 0 0
1.88333 0 0 0 0
1.89 0 0 0 0
1.89667 0 0 0 0
1.90333 0 0 0 0
1.91 0 0 0 0
1.91667 0 0 0 0
1.92333 0 0 0 0
1.93 0 0 0 0
1.93667 0 0 0 0
1.94333 0 0 0 0
1.95 0 0 0 0
1.95667 0 0 0 0
1.96333 0 0 0 0
1.97 0 0 0 0
1.97667 0 0 0 0
1.98333 0 0 0 0
1.99 0 0 0 0
1.99667 0 0 0 0
