0.00333333 9 32 13 20
0.01 15 34 20 17
0.0166667 10 25 16 28
0.0233333 7 28 15 19
0.03 10 28 16 16
0.0366667 17 34 23 27
0.0433333 16 33 32 28
0.05 14 53 36 24
0.0566667 22 65 62 34
0.0633333 23 68 60 32
0.07 35 59 58 42
0.0766667 20 66 53 44
0.0833333 28 62 57 26
0.09 33 68 47 35
0.0966667 22 72 56 31
0.103333 23 60 57 41
0.11 30 82 49 48
0.116667 25 95 46 56
0.123333 29 73 37 43
0.13 24 79 33 47
0.136667 28 81 41 43
0.143333 32 62 43 39
0.15 20 64 32 40
0.156667 29 78 39 43
0.163333 29 60 28 25
0.17 22 68 31 40
0.176667 21 58 28 35
0.183333 20 68 45 50
0.19 43 72 30 70
0.196667 33 76 29 61
0.203333 33 96 26 52
0.21 30 74 30 39
0.216667 20 53 30 46
0.223333 17 66 24 40
0.23 26 63 38 28
0.236667 23 63 33 34
0.243333 25 45 25 33
0.25 19 60 21 21
0.256667 14 62 30 22
0.263333 16 44 23 34
0.27 23 45 24 24
0.276667 13 52 16 30
0.283333 15 55 22 37
0.29 16 45 18 23
0.296667 18 45 22 19
0.303333 14 36 22 22
0.31 18 40 24 30
0.316667 11 44 20 26
0.323333 17 42 23 29
0.33 18 31 19 22
0.336667 13 43 14 22
0.343333 10 32 14 20
0.35 22 30 28 24
0.356667 18 28 17 26
0.363333 14 42 24 33
0.37 20 45 20 32
0.376667 10 30 19 24
0.383333 15 39 15 27
0.39 17 45 18 21
0.396667 17 49 16 19
0.403333 15 40 13 23
0.41 18 43 14 17
0.416667 24 41 19 26
0.423333 15 29 12 23
0.43 13 29 12 25
0.436667 16 21 18 18
0.443333 11 19 13 23
0.45 12 33 20 19
0.456667 16 36 16 27
0.463333 13 33 11 22
0.47 13 28 13 26
0.476667 18 31 10 25
0.483333 9 18 11 14
0.49 8 19 11 12
0.496667 9 18 14 13
0.503333 6 14 14 15
0.51 5 15 11 14
0.516667 8 25 10 16
0.523333 6 17 14 8
0.53 8 22 10 8
0.536667 8 17 6 10
0.543333 6 9 12 7
0.55 7 14 11 10
0.556667 13 13 17 11
0.563333 5 19 8 11
0.57 8 16 3 8
0.576667 5 23 6 7
0.583333 6 15 4 9
0.59 10 16 10 3
0.596667 11 9 3 3
0.603333 7 16 6 8
0.61 8 18 6 12
0.616667 11 15 9 6
0.623333 5 22 6 7
0.63 6 12 5 10
0.636667 5 16 6 5
0.643333 5 15 7 5
0.65 6 16 6 7
0.656667 5 12 4 7
0.663333 577 1099 251 866
0.67 0 0 0 0
0.676667 0 0 0 0
0.683333 0 0 0 0
0.69 0 0 0 0
0.696667 0 0 0 0
0.703333 0 0 0 0
0.71 0 0 0 0
0.716667 0 0 0 0
0.723333 0 0 0 0
0.73 0 0 0 0
0.736667 0 0 0 0
0.743333 0 0 0 0
0.75 0 0 0 0
0.756667 0 0 0 0
0.763333 0 0 0 0
0.77 0 0 0 0
0.776667 0 0 0 0
0.783333 0 0 0 0
0.79 0 0 0 0
0.796667 0 0 0 0
0.803333 0 0 0 0
0.81 0 0 0 0
0.816667 0 0 0 0
0.823333 0 0 0 0
0.83 0 0 0 0
0.836667 0 0 0 0
0.843333 0 0 0 0
0.85 0 0 0 0
0.856667 0 0 0 0
0.863333 0 0 0 0
0.87 0 0 0 0
0.876667 0 0 0 0
0.883333 0 0 0 0
0.89 0 0 0 0
0.896667 0 0 0 0
0.903333 0 0 0 0
0.91 0 0 0 0
0.916667 0 0 0 0
0.923333 0 0 0 0
0.93 0 0 0 0
0.936667 0 0 0 0
0.943333 0 0 0 0
0.95 0 0 0 0
0.956667 0 0 0 0
0.963333 0 0 0 0
0.97 0 0 0 0
0.976667 0 0 0 0
0.983333 0 0 0 0
0.99 0 0 0 0
0.996667 0 0 0 0
1.00333 0 0 0 0
1.01 0 0 0 0
1.01667 0 0 0 0
1.02333 0 0 0 0
1.03 0 0 0 0
1.03667 0 0 0 0
1.04333 0 0 0 0
1.05 0 0 0 0
1.05667 0 0 0 0
1.06333 0 0 0 0
1.07 0 0 0 0
1.07667 0 0 0 0
1.08333 0 0 0 0
1.09 0 0 0 0
1.09667 0 0 0 0
1.10333 0 0 0 0
1.11 0 0 0 0
1.11667 0 0 0 0
1.12333 0 0 0 0
1.13 0 0 0 0
1.13667 0 0 0 0
1.14333 0 0 0 0
1.15 0 0 0 0
1.15667 0 0 0 0
1.16333 0 0 0 0
1.17 0 0 0 0
1.17667 0 0 0 0
1.18333 0 0 0 0
1.19 0 0 0 0
1.19667 0 0 0 0
1.20333 0 0 0 0
1.21 0 0 0 0
1.21667 0 0 0 0
1.22333 0 0 0 0
1.23 0 0 0 0
1.23667 0 0 0 0
1.24333 0 0 0 0
1.25 0 0 0 0
1.25667 0 0 0 0
1.26333 0 0 0 0
1.27 0 0 0 0
1.27667 0 0 0 0
1.28333 0 0 0 0
1.29 0 0 0 0
1.29667 0 0 0 0
1.30333 0 0 0 0
1.31 0 0 0 0
1.31667 0 0 0 0
1.32333 0 0 0 0
1.33 0 0 0 0
1.33667 0 0 0 0
1.34333 0 0 0 0
1.35 0 0 0 0
1.35667 0 0 0 0
1.36333 0 0 0 0
1.37 0 0 0 0
1.37667 0 0 0 0
1.38333 0 0 0 0
1.39 0 0 0 0
1.39667 0 0 0 0
1.40333 0 0 0 0
1.41 0 0 0 0
1.41667 0 0 0 0
1.42333 0 0 0 0
1.43 0 0 0 0
1.43667 0 0 0 0
1.44333 0 0 0 0
1.45 0 0 0 0
1.45667 0 0 0 0
1.46333 0 0 0 0
1.47 0 0 0 0
1.47667 0 0 0 0
1.48333 0 0 0 0
1.49 0 0 0 0
1.49667 0 0 0 0
1.50333 0 0 0 0
1.51 0 0 0 0
1.51667 0 0 0 0
1.52333 0 0 0 0
1.53 0 0 0 0
1.53667 0 0 0 0
1.54333 0 0 0 0
1.55 0 0 0 0
1.55667 0 0 0 0
1.56333 0 0 0 0
1.57 0 0 0 0
1.57667 0 0 0 0
1.58333 0 0 0 0
1.59 0 0 0 0
1.59667 0 0 0 0
1.60333 0 0 0 0
1.61 0 0 0 0
1.61667 0 0 0 0
1.62333 0 0 0 0
1.63 0 0 0 0
1.63667 0 0 0 0
1.64333 0 0 0 0
1.65 0 0 0 0
1.65667 0 0 0 0
1.66333 0 0 0 0
1.67 0 0 0 0
1.67667 0 0 0 0
1.68333 0 0 0 0
1.69 0 0 0 0
1.69667 0 0 0 0
1.70333 0 0 0 0
1.71 0 0 0 0
1.71667 0 0 0 0
1.72333 0 0 0 0
1.73 0 0 0 0
1.73667 0 0 0 0
1.74333 0 0 0 0
1.75 0 0 0 0
1.75667 0 0 0 0
1.76333 0 0 0 0
1.77 0 0 0 0
1.77667 0 0 0 0
1.78333 0 0 0 0
1.79 0 0 0 0
1.79667 0 0 0 0
1.80333 0 0 0 0
1.81 0 0 0 0
1.81667 0 0 0 0
1.82333 0 0 0 0
1.83 0 0 0 0
1.83667 0 0 0 0
1.84333 0 0 0 0
1.85 0 0 0 0
1.85667 0 0 0 0
1.86333 0 0 0 0
1.87 0 0 0 0
1.87667 0 0 0 0
1.88333 0 0 0 0
1.89 0 0 0 0
1.89667 0 0 0 0
1.90333 0 0 0 0
1.91 0 0 0 0
1.91667 0 0 0 0
1.92333 0 0 0 0
1.93 0 0 0 0
1.93667 0 0 0 0
1.94333 0 0 0 0
1.95 0 0 0 0
1.95667 0 0 0 0
1.96333 0 0 0 0
1.97 0 0 0 0
1.97667 0 0 0 0
1.98333 0 0 0 0
1.99 0 0 0 0
1.99667 0 0 0 0
