0.00333333 7 19 13 17
0.01 10 19 23 22
0.0166667 5 18 14 17
0.0233333 10 32 23 15
0.03 7 37 39 26
0.0366667 7 27 33 22
0.0433333 7 37 56 41
0.05 13 48 66 45
0.0566667 16 72 81 50
0.0633333 13 64 95 43
0.07 20 62 76 62
0.0766667 24 74 95 49
0.0833333 11 62 82 53
0.09 22 65 93 47
0.0966667 21 65 101 41
0.103333 16 66 91 57
0.11 18 62 92 62
0.116667 26 71 84 58
0.123333 23 56 79 56
0.13 20 67 67 55
0.136667 20 64 78 51
0.143333 27 58 72 51
0.15 16 62 53 43
0.156667 22 46 66 64
0.163333 11 49 67 45
0.17 11 59 57 45
0.176667 22 45 53 63
0.183333 13 44 68 64
0.19 23 76 60 60
0.196667 21 68 50 68
0.203333 14 61 41 54
0.21 14 47 61 46
0.216667 13 44 57 56
0.223333 11 56 46 46
0.23 18 53 49 32
0.236667 19 42 53 38
0.243333 11 47 47 44
0.25 8 46 36 36
0.256667 12 36 39 26
0.263333 10 41 42 33
0.27 10 37 30 24
0.276667 8 32 44 25
0.283333 14 37 36 37
0.29 20 38 41 31
0.296667 8 39 43 23
0.303333 11 45 29 37
0.31 9 31 22 27
0.316667 10 36 37 37
0.323333 5 36 38 27
0.33 11 33 23 32
0.336667 12 29 16 26
0.343333 11 24 33 24
0.35 6 31 30 39
0.356667 16 32 28 32
0.363333 10 31 15 18
0.37 8 26 21 29
0.376667 10 26 29 27
0.383333 12 24 23 25
0.39 9 25 38 17
0.396667 9 34 24 26
0.403333 9 27 22 31
0.41 8 28 25 17
0.416667 11 31 26 20
0.423333 8 29 22 24
0.43 9 24 23 22
0.436667 10 22 21 21
0.443333 6 30 25 25
0.45 14 13 29 29
0.456667 5 28 26 23
0.463333 8 24 24 16
0.47 11 24 22 23
0.476667 13 28 15 23
0.483333 9 13 13 14
0.49 3 18 14 13
0.496667 8 12 15 15
0.503333 1 15 15 14
0.51 7 8 22 10
0.516667 3 21 11 11
0.523333 6 17 14 11
0.53 9 13 12 13
0.536667 5 21 12 6
0.543333 5 10 20 13
0.55 2 17 15 8
0.556667 4 9 15 9
0.563333 3 14 15 10
0.57 7 10 10 8
0.576667 6 19 15 14
0.583333 4 11 12 14
0.59 2 11 10 8
0.596667 5 18 6 7
0.603333 6 8 4 12
0.61 3 17 10 10
0.616667 6 16 12 10
0.623333 5 15 11 9
0.63 7 13 6 11
0.636667 2 19 3 8
0.643333 10 11 9 6
0.65 6 9 3 8
0.656667 5 16 7 6
0.663333 254 737 398 700
0.67 0 0 0 0
0.676667 0 0 0 0
0.683333 0 0 0 0
0.69 0 0 0 0
0.696667 0 0 0 0
0.703333 0 0 0 0
0.71 0 0 0 0
0.716667 0 0 0 0
0.723333 0 0 0 0
0.73 0 0 0 0
0.736667 0 0 0 0
0.743333 0 0 0 0
0.75 0 0 0 0
0.756667 0 0 0 0
0.763333 0 0 0 0
0.77 0 0 0 0
0.776667 0 0 0 0
0.783333 0 0 0 0
0.79 0 0 0 0
0.796667 0 0 0 0
0.803333 0 0 0 0
0.81 0 0 0 0
0.816667 0 0 0 0
0.823333 0 0 0 0
0.83 0 0 0 0
0.836667 0 0 0 0
0.843333 0 0 0 0
0.85 0 0 0 0
0.856667 0 0 0 0
0.863333 0 0 0 0
0.87 0 0 0 0
0.876667 0 0 0 0
0.883333 0 0 0 0
0.89 0 0 0 0
0.896667 0 0 0 0
0.903333 0 0 0 0
0.91 0 0 0 0
0.916667 0 0 0 0
0.923333 0 0 0 0
0.93 0 0 0 0
0.936667 0 0 0 0
0.943333 0 0 0 0
0.95 0 0 0 0
0.956667 0 0 0 0
0.963333 0 0 0 0
0.97 0 0 0 0
0.976667 0 0 0 0
0.983333 0 0 0 0
0.99 0 0 0 0
0.996667 0 0 0 0
1.00333 0 0 0 0
1.01 0 0 0 0
1.01667 0 0 0 0
1.02333 0 0 0 0
1.03 0 0 0 0
1.03667 0 0 0 0
1.04333 0 0 0 0
1.05 0 0 0 0
1.05667 0 0 0 0
1.06333 0 0 0 0
1.07 0 0 0 0
1.07667 0 0 0 0
1.08333 0 0 0 0
1.09 0 0 0 0
1.09667 0 0 0 0
1.10333 0 0 0 0
1.11 0 0 0 0
1.11667 0 0 0 0
1.12333 0 0 0 0
1.13 0 0 0 0
1.13667 0 0 0 0
1.14333 0 0 0 0
1.15 0 0 0 0
1.15667 0 0 0 0
1.16333 0 0 0 0
1.17 0 0 0 0
1.17667 0 0 0 0
1.18333 0 0 0 0
1.19 0 0 0 0
1.19667 0 0 0 0
1.20333 0 0 0 0
1.21 0 0 0 0
1.21667 0 0 0 0
1.22333 0 0 0 0
1.23 0 0 0 0
1.23667 0 0 0 0
1.24333 0 0 0 0
1.25 0 0 0 0
1.25667 0 0 0 0
1.26333 0 0 0 0
1.27 0 0 0 0
1.27667 0 0 0 0
1.28333 0 0 0 0
1.29 0 0 0 0
1.29667 0 0 0 0
1.30333 0 0 0 0
1.31 0 0 0 0
1.31667 0 0 0 0
1.32333 0 0 0 0
1.33 0 0 0 0
1.33667 0 0 0 0
1.34333 0 0 0 0
1.35 0 0 0 0
1.35667 0 0 0 0
1.36333 0 0 0 0
1.37 0 0 0 0
1.37667 0 0 0 0
1.38333 0 0 0 0
1.39 0 0 0 0
1.39667 0 0 0 0
1.40333 0 0 0 0
1.41 0 0 0 0
1.41667 0 0 0 0
1.42333 0 0 0 0
1.43 0 0 0 0
1.43667 0 0 0 0
1.44333 0 0 0 0
1.45 0 0 0 0
1.45667 0 0 0 0
1.46333 0 0 0 0
1.47 0 0 0 0
1.47667 0 0 0 0
1.48333 0 0 0 0
1.49 0 0 0 0
1.49667 0 0 0 0
1.50333 0 0 0 0
1.51 0 0 0 0
1.51667 0 0 0 0
1.52333 0 0 0 0
1.53 0 0 0 0
1.53667 0 0 0 0
1.54333 0 0 0 0
1.55 0 0 0 0
1.55667 0 0 0 0
1.56333 0 0 0 0
1.57 0 0 0 0
1.57667 0 0 0 0
1.58333 0 0 0 0
1.59 0 0 0 0
1.59667 0 0 0 0
1.60333 0 0 0 0
1.61 0 0 0 0
1.61667 0 0 0 0
1.62333 0 0 0 0
1.63 0 0 0 0
1.63667 0 0 0 0
1.64333 0 0 0 0
1.65 0 0 0 0
1.65667 0 0 0 0
1.66333 0 0 0 0
1.67 0 0 0 0
1.67667 0 0 0 0
1.68333 0 0 0 0
1.69 0 0 0 0
1.69667 0 0 0 0
1.70333 0 0 0 0
1.71 0 0 0 0
1.71667 0 0 0 0
1.72333 0 0 0 0
1.73 0 0 0 0
1.73667 0 0 0 0
1.74333 0 0 0 0
1.75 0 0 0 0
1.75667 0 0 0 0
1.76333 0 0 0 0
1.77 0 0 0 0
1.77667 0 0 0 0
1.78333 0 0 0 0
1.79 0 0 0 0
1.79667 0 0 0 0
1.80333 0 0 0 0
1.81 0 0 0 0
1.81667 0 0 0 0
1.82333 0 0 0 0
1.83 0 0 0 0
1.83667 0 0 0 0
1.84333 0 0 0 0
1.85 0 0 0 0
1.85667 0 0 0 0
1.86333 0 0 0 0
1.87 0 0 0 0
1.87667 0 0 0 0
1.88333 0 0 0 0
1.89 0 0 0 0
1.89667 0 0 0 0
1.90333 0 0 0 0
1.91 0 0 0 0
1.91667 0 0 0 0
1.92333 0 0 0 0
1.93 0 0 0 0
1.93667 0 0 0 0
1.94333 0 0 0 0
1.95 0 0 0 0
1.95667 0 0 0 0
1.96333 0 0 0 0
1.97 0 0 0 0
1.97667 0 0 0 0
1.98333 0 0 0 0
1.99 0 0 0 0
1.99667 0 0 0 0
