0.00333333 0 1 15 61
0.01 0 5 12 82
0.0166667 0 1 21 65
0.0233333 0 3 20 80
0.03 0 4 24 86
0.0366667 0 4 29 108
0.0433333 0 2 36 115
0.05 1 5 56 145
0.0566667 0 7 54 159
0.0633333 0 7 60 203
0.07 0 10 58 181
0.0766667 3 10 73 222
0.0833333 0 5 66 215
0.09 2 3 60 223
0.0966667 3 7 45 269
0.103333 1 10 60 250
0.11 3 6 52 236
0.116667 3 5 78 267
0.123333 3 7 57 245
0.13 1 9 57 198
0.136667 2 10 47 221
0.143333 1 10 52 230
0.15 2 10 45 203
0.156667 0 7 32 197
0.163333 1 5 60 193
0.17 3 8 54 187
0.176667 1 5 37 196
0.183333 2 7 36 205
0.19 2 6 34 197
0.196667 2 8 38 214
0.203333 3 6 27 213
0.21 1 2 34 195
0.216667 5 2 33 199
0.223333 2 6 29 161
0.23 2 2 39 179
0.236667 2 3 35 172
0.243333 1 4 42 173
0.25 2 6 37 149
0.256667 3 5 40 149
0.263333 0 8 32 132
0.27 0 2 23 119
0.276667 4 8 28 140
0.283333 1 2 17 141
0.29 0 4 34 125
0.296667 0 6 19 126
0.303333 2 4 22 118
0.31 3 2 26 107
0.316667 2 3 29 113
0.323333 2 3 23 109
0.33 2 1 28 102
0.336667 1 4 30 106
0.343333 1 2 20 109
0.35 1 4 30 94
0.356667 1 1 24 114
0.363333 2 7 17 84
0.37 0 4 18 85
0.376667 1 4 29 96
0.383333 0 4 20 82
0.39 0 5 18 82
0.396667 1 5 17 87
0.403333 0 3 19 85
0.41 2 9 22 84
0.416667 2 6 21 79
0.423333 1 3 10 83
0.43 0 1 17 84
0.436667 0 3 14 80
0.443333 1 1 13 68
0.45 1 5 12 80
0.456667 0 2 16 63
0.463333 0 4 18 83
0.47 1 5 22 77
0.476667 0 2 13 73
0.483333 1 4 16 55
0.49 0 2 17 62
0.496667 0 4 23 46
0.503333 0 2 16 44
0.51 0 3 14 54
0.516667 0 2 12 37
0.523333 1 2 14 43
0.53 0 3 12 37
0.536667 0 0 13 38
0.543333 0 1 13 52
0.55 1 5 9 47
0.556667 1 1 10 43
0.563333 1 1 14 41
0.57 2 2 5 35
0.576667 2 4 19 37
0.583333 0 2 8 39
0.59 1 2 7 48
0.596667 0 1 12 30
0.603333 0 1 18 36
0.61 0 1 7 41
0.616667 0 0 6 33
0.623333 0 6 9 36
0.63 0 0 8 34
0.636667 0 4 15 47
0.643333 0 3 10 32
0.65 0 2 9 38
0.656667 0 1 12 38
0.663333 14 72 326 2666
0.67 0 0 0 0
0.676667 0 0 0 0
0.683333 0 0 0 0
0.69 0 0 0 0
0.696667 0 0 0 0
0.703333 0 0 0 0
0.71 0 0 0 0
0.716667 0 0 0 0
0.723333 0 0 0 0
0.73 0 0 0 0
0.736667 0 0 0 0
0.743333 0 0 0 0
0.75 0 0 0 0
0.756667 0 0 0 0
0.763333 0 0 0 0
0.77 0 0 0 0
0.776667 0 0 0 0
0.783333 0 0 0 0
0.79 0 0 0 0
0.796667 0 0 0 0
0.803333 0 0 0 0
0.81 0 0 0 0
0.816667 0 0 0 0
0.823333 0 0 0 0
0.83 0 0 0 0
0.836667 0 0 0 0
0.843333 0 0 0 0
0.85 0 0 0 0
0.856667 0 0 0 0
0.863333 0 0 0 0
0.87 0 0 0 0
0.876667 0 0 0 0
0.883333 0 0 0 0
0.89 0 0 0 0
0.896667 0 0 0 0
0.903333 0 0 0 0
0.91 0 0 0 0
0.916667 0 0 0 0
0.923333 0 0 0 0
0.93 0 0 0 0
0.936667 0 0 0 0
0.943333 0 0 0 0
0.95 0 0 0 0
0.956667 0 0 0 0
0.963333 0 0 0 0
0.97 0 0 0 0
0.976667 0 0 0 0
0.983333 0 0 0 0
0.99 0 0 0 0
0.996667 0 0 0 0
1.00333 0 0 0 0
1.01 0 0 0 0
1.01667 0 0 0 0
1.02333 0 0 0 0
1.03 0 0 0 0
1.03667 0 0 0 0
1.04333 0 0 0 0
1.05 0 0 0 0
1.05667 0 0 0 0
1.06333 0 0 0 0
1.07 0 0 0 0
1.07667 0 0 0 0
1.08333 0 0 0 0
1.09 0 0 0 0
1.09667 0 0 0 0
1.10333 0 0 0 0
1.11 0 0 0 0
1.11667 0 0 0 0
1.12333 0 0 0 0
1.13 0 0 0 0
1.13667 0 0 0 0
1.14333 0 0 0 0
1.15 0 0 0 0
1.15667 0 0 0 0
1.16333 0 0 0 0
1.17 0 0 0 0
1.17667 0 0 0 0
1.18333 0 0 0 0
1.19 0 0 0 0
1.19667 0 0 0 0
1.20333 0 0 0 0
1.21 0 0 0 0
1.21667 0 0 0 0
1.22333 0 0 0 0
1.23 0 0 0 0
1.23667 0 0 0 0
1.24333 0 0 0 0
1.25 0 0 0 0
1.25667 0 0 0 0
1.26333 0 0 0 0
1.27 0 0 0 0
1.27667 0 0 0 0
1.28333 0 0 0 0
1.29 0 0 0 0
1.29667 0 0 0 0
1.30333 0 0 0 0
1.31 0 0 0 0
1.31667 0 0 0 0
1.32333 0 0 0 0
1.33 0 0 0 0
1.33667 0 0 0 0
1.34333 0 0 0 0
1.35 0 0 0 0
1.35667 0 0 0 0
1.36333 0 0 0 0
1.37 0 0 0 0
1.37667 0 0 0 0
1.38333 0 0 0 0
1.39 0 0 0 0
1.39667 0 0 0 0
1.40333 0 0 0 0
1.41 0 0 0 0
1.41667 0 0 0 0
1.42333 0 0 0 0
1.43 0 0 0 0
1.43667 0 0 0 0
1.44333 0 0 0 0
1.45 0 0 0 0
1.45667 0 0 0 0
1.46333 0 0 0 0
1.47 0 0 0 0
1.47667 0 0 0 0
1.48333 0 0 0 0
1.49 0 0 0 0
1.49667 0 0 0 0
1.50333 0 0 0 0
1.51 0 0 0 0
1.51667 0 0 0 0
1.52333 0 0 0 0
1.53 0 0 0 0
1.53667 0 0 0 0
1.54333 0 0 0 0
1.55 0 0 0 0
1.55667 0 0 0 0
1.56333 0 0 0 0
1.57 0 0 0 0
1.57667 0 0 0 0
1.58333 0 0 0 0
1.59 0 0 0 0
1.59667 0 0 0 0
1.60333 0 0 0 0
1.61 0 0 0 0
1.61667 0 0 0 0
1.62333 0 0 0 0
1.63 0 0 0 0
1.63667 0 0 0 0
1.64333 0 0 0 0
1.65 0 0 0 0
1.65667 0 0 0 0
1.66333 0 0 0 0
1.67 0 0 0 0
1.67667 0 0 0 0
1.68333 0 0 0 0
1.69 0 0 0 0
1.69667 0 0 0 0
1.70333 0 0 0 0
1.71 0 0 0 0
1.71667 0 0 0 0
1.72333 0 0 0 0
1.73 0 0 0 0
1.73667 0 0 0 0
1.74333 0 0 0 0
1.75 0 0 0 0
1.75667 0 0 0 0
1.76333 0 0 0 0
1.77 0 0 0 0
1.77667 0 0 0 0
1.78333 0 0 0 0
1.79 0 0 0 0
1.79667 0 0 0 0
1.80333 0 0 0 0
1.81 0 0 0 0
1.81667 0 0 0 0
1.82333 0 0 0 0
1.83 0 0 0 0
1.83667 0 0 0 0
1.84333 0 0 0 0
1.85 0 0 0 0
1.85667 0 0 0 0
1.86333 0 0 0 0
1.87 0 0 0 0
1.87667 0 0 0 0
1.88333 0 0 0 0
1.89 0 0 0 0
1.89667 0 0 0 0
1.90333 0 0 0 0
1.91 0 0 0 0
1.91667 0 0 0 0
1.92333 0 0 0 0
1.93 0 0 0 0
1.93667 0 0 0 0
1.94333 0 0 0 0
1.95 0 0 0 0
1.95667 0 0 0 0
1.96333 0 0 0 0
1.97 0 0 0 0
1.97667 0 0 0 0
1.98333 0 0 0 0
1.99 0 0 0 0
1.99667 0 0 0 0
