0.00333333 93 28 1 0
0.01 130 35 1 1
0.0166667 131 49 4 1
0.0233333 143 49 2 0
0.03 139 51 4 0
0.0366667 173 50 6 0
0.0433333 174 70 6 1
0.05 229 102 1 3
0.0566667 288 110 4 4
0.0633333 332 131 4 2
0.07 283 138 3 2
0.0766667 342 146 3 1
0.0833333 371 141 6 4
0.09 387 139 5 4
0.0966667 384 146 6 1
0.103333 343 122 4 2
0.11 378 131 9 3
0.116667 418 130 1 5
0.123333 421 124 5 2
0.13 376 129 1 2
0.136667 364 99 5 1
0.143333 377 97 4 1
0.15 318 109 4 1
0.156667 352 89 6 1
0.163333 352 97 1 6
0.17 343 82 3 2
0.176667 329 98 3 4
0.183333 350 125 5 2
0.19 420 77 6 2
0.196667 383 109 3 5
0.203333 366 87 3 4
0.21 355 89 5 3
0.216667 304 90 3 5
0.223333 298 92 2 5
0.23 302 72 2 4
0.236667 292 86 4 2
0.243333 243 79 1 2
0.25 252 75 4 3
0.256667 240 68 1 6
0.263333 201 78 5 2
0.27 229 63 3 5
0.276667 186 63 1 2
0.283333 185 63 4 3
0.29 210 63 2 5
0.296667 193 60 0 2
0.303333 189 55 6 1
0.31 184 68 3 3
0.316667 159 47 2 1
0.323333 170 40 4 1
0.33 184 64 5 3
0.336667 144 48 2 2
0.343333 144 50 3 2
0.35 153 38 3 3
0.356667 159 47 1 1
0.363333 162 40 1 3
0.37 143 38 5 2
0.376667 123 41 0 0
0.383333 142 37 1 1
0.39 142 31 2 2
0.396667 135 35 0 0
0.403333 163 46 5 3
0.41 128 42 4 1
0.416667 109 43 0 2
0.423333 121 37 3 1
0.43 110 35 4 1
0.436667 144 26 3 2
0.443333 121 38 2 1
0.45 131 39 0 0
0.456667 133 48 1 2
0.463333 121 29 3 2
0.47 116 36 1 0
0.476667 109 32 2 0
0.483333 68 27 3 3
0.49 73 14 5 1
0.496667 66 28 1 0
0.503333 68 17 2 2
0.51 64 27 1 0
0.516667 74 24 2 1
0.523333 60 19 2 2
0.53 57 17 1 0
0.536667 45 19 1 3
0.543333 71 22 2 0
0.55 47 18 1 1
0.556667 63 18 1 0
0.563333 49 18 0 0
0.57 44 20 1 4
0.576667 63 15 3 2
0.583333 56 36 0 0
0.59 42 16 1 0
0.596667 47 18 1 1
0.603333 48 24 3 3
0.61 41 14 3 0
0.616667 57 18 2 1
0.623333 48 17 0 1
0.63 41 21 0 1
0.636667 60 20 1 1
0.643333 53 15 1 0
0.65 39 18 2 3
0.656667 39 10 2 3
0.663333 5091 954 25 33
0.67 0 0 0 0
0.676667 0 0 0 0
0.683333 0 0 0 0
0.69 0 0 0 0
0.696667 0 0 0 0
0.703333 0 0 0 0
0.71 0 0 0 0
0.716667 0 0 0 0
0.723333 0 0 0 0
0.73 0 0 0 0
0.736667 0 0 0 0
0.743333 0 0 0 0
0.75 0 0 0 0
0.756667 0 0 0 0
0.763333 0 0 0 0
0.77 0 0 0 0
0.776667 0 0 0 0
0.783333 0 0 0 0
0.79 0 0 0 0
0.796667 0 0 0 0
0.803333 0 0 0 0
0.81 0 0 0 0
0.816667 0 0 0 0
0.823333 0 0 0 0
0.83 0 0 0 0
0.836667 0 0 0 0
0.843333 0 0 0 0
0.85 0 0 0 0
0.856667 0 0 0 0
0.863333 0 0 0 0
0.87 0 0 0 0
0.876667 0 0 0 0
0.883333 0 0 0 0
0.89 0 0 0 0
0.896667 0 0 0 0
0.903333 0 0 0 0
0.91 0 0 0 0
0.916667 0 0 0 0
0.923333 0 0 0 0
0.93 0 0 0 0
0.936667 0 0 0 0
0.943333 0 0 0 0
0.95 0 0 0 0
0.956667 0 0 0 0
0.963333 0 0 0 0
0.97 0 0 0 0
0.976667 0 0 0 0
0.983333 0 0 0 0
0.99 0 0 0 0
0.996667 0 0 0 0
1.00333 0 0 0 0
1.01 0 0 0 0
1.01667 0 0 0 0
1.02333 0 0 0 0
1.03 0 0 0 0
1.03667 0 0 0 0
1.04333 0 0 0 0
1.05 0 0 0 0
1.05667 0 0 0 0
1.06333 0 0 0 0
1.07 0 0 0 0
1.07667 0 0 0 0
1.08333 0 0 0 0
1.09 0 0 0 0
1.09667 0 0 0 0
1.10333 0 0 0 0
1.11 0 0 0 0
1.11667 0 0 0 0
1.12333 0 0 0 0
1.13 0 0 0 0
1.13667 0 0 0 0
1.14333 0 0 0 0
1.15 0 0 0 0
1.15667 0 0 0 0
1.16333 0 0 0 0
1.17 0 0 0 0
1.17667 0 0 0 0
1.18333 0 0 0 0
1.19 0 0 0 0
1.19667 0 0 0 0
1.20333 0 0 0 0
1.21 0 0 0 0
1.21667 0 0 0 0
1.22333 0 0 0 0
1.23 0 0 0 0
1.23667 0 0 0 0
1.24333 0 0 0 0
1.25 0 0 0 0
1.25667 0 0 0 0
1.26333 0 0 0 0
1.27 0 0 0 0
1.27667 0 0 0 0
1.28333 0 0 0 0
1.29 0 0 0 0
1.29667 0 0 0 0
1.30333 0 0 0 0
1.31 0 0 0 0
1.31667 0 0 0 0
1.32333 0 0 0 0
1.33 0 0 0 0
1.33667 0 0 0 0
1.34333 0 0 0 0
1.35 0 0 0 0
1.35667 0 0 0 0
1.36333 0 0 0 0
1.37 0 0 0 0
1.37667 0 0 0 0
1.38333 0 0 0 0
1.39 0 0 0 0
1.39667 0 0 0 0
1.40333 0 0 0 0
1.41 0 0 0 0
1.41667 0 0 0 0
1.42333 0 0 0 0
1.43 0 0 0 0
1.43667 0 0 0 0
1.44333 0 0 0 0
1.45 0 0 0 0
1.45667 0 0 0 0
1.46333 0 0 0 0
1.47 0 0 0 0
1.47667 0 0 0 0
1.48333 0 0 0 0
1.49 0 0 0 0
1.49667 0 0 0 0
1.50333 0 0 0 0
1.51 0 0 0 0
1.51667 0 0 0 0
1.52333 0 0 0 0
1.53 0 0 0 0
1.53667 0 0 0 0
1.54333 0 0 0 0
1.55 0 0 0 0
1.55667 0 0 0 0
1.56333 0 0 0 0
1.57 0 0 0 0
1.57667 0 0 0 0
1.58333 0 0 0 0
1.59 0 0 0 0
1.59667 0 0 0 0
1.60333 0 0 0 0
1.61 0 0 0 0
1.61667 0 0 0 0
1.62333 0 0 0 0
1.63 0 0 0 0
1.63667 0 0 0 0
1.64333 0 0 0 0
1.65 0 0 0 0
1.65667 0 0 0 0
1.66333 0 0 0 0
1.67 0 0 0 0
1.67667 0 0 0 0
1.68333 0 0 0 0
1.69 0 0 0 0
1.69667 0 0 0 0
1.70333 0 0 0 0
1.71 0 0 0 0
1.71667 0 0 0 0
1.72333 0 0 0 0
1.73 0 0 0 0
1.73667 0 0 0 0
1.74333 0 0 0 0
1.75 0 0 0 0
1.75667 0 0 0 0
1.76333 0 0 0 0
1.77 0 0 0 0
1.77667 0 0 0 0
1.78333 0 0 0 0
1.79 0 0 0 0
1.79667 0 0 0 0
1.80333 0 0 0 0
1.81 0 0 0 0
1.81667 0 0 0 0
1.82333 0 0 0 0
1.83 0 0 0 0
1.83667 0 0 0 0
1.84333 0 0 0 0
1.85 0 0 0 0
1.85667 0 0 0 0
1.86333 0 0 0 0
1.87 0 0 0 0
1.87667 0 0 0 0
1.88333 0 0 0 0
1.89 0 0 0 0
1.89667 0 0 0 0
1.90333 0 0 0 0
1.91 0 0 0 0
1.91667 0 0 0 0
1.92333 0 0 0 0
1.93 0 0 0 0
1.93667 0 0 0 0
1.94333 0 0 0 0
1.95 0 0 0 0
1.95667 0 0 0 0
1.96333 0 0 0 0
1.97 0 0 0 0
1.97667 0 0 0 0
1.98333 0 0 0 0
1.99 0 0 0 0
1.99667 0 0 0 0
