0.00333333 25 21 5 0
0.01 28 21 6 1
0.0166667 35 21 2 2
0.0233333 34 32 4 0
0.03 41 34 2 1
0.0366667 55 45 6 2
0.0433333 69 73 4 2
0.05 83 78 9 3
0.0566667 94 91 10 1
0.0633333 96 104 13 4
0.07 94 119 12 1
0.0766667 79 128 13 4
0.0833333 127 108 12 3
0.09 107 92 15 3
0.0966667 95 101 15 2
0.103333 107 116 17 3
0.11 103 91 18 3
0.116667 104 114 17 6
0.123333 89 108 14 1
0.13 94 101 12 4
0.136667 78 71 11 3
0.143333 86 83 11 2
0.15 92 61 8 3
0.156667 71 81 10 0
0.163333 56 62 9 2
0.17 68 81 12 4
0.176667 70 61 6 3
0.183333 74 61 15 3
0.19 78 64 9 3
0.196667 73 58 10 3
0.203333 66 61 12 3
0.21 61 50 11 1
0.216667 62 53 9 3
0.223333 49 48 14 2
0.23 65 52 9 3
0.236667 55 55 5 2
0.243333 52 52 10 2
0.25 56 48 7 5
0.256667 47 42 9 2
0.263333 46 44 9 3
0.27 47 55 8 3
0.276667 54 33 10 3
0.283333 46 40 6 3
0.29 43 43 7 2
0.296667 39 46 10 0
0.303333 57 39 7 1
0.31 61 32 4 1
0.316667 35 46 4 0
0.323333 46 36 6 2
0.33 47 44 8 5
0.336667 32 38 5 0
0.343333 27 34 7 0
0.35 28 45 5 1
0.356667 37 31 4 0
0.363333 44 35 7 1
0.37 34 27 11 1
0.376667 28 32 4 2
0.383333 31 24 5 1
0.39 37 31 3 0
0.396667 27 25 7 1
0.403333 29 29 2 2
0.41 29 33 9 0
0.416667 29 38 9 2
0.423333 21 33 4 1
0.43 32 25 6 1
0.436667 24 27 0 0
0.443333 31 24 7 3
0.45 28 21 6 2
0.456667 28 31 5 3
0.463333 20 21 6 1
0.47 24 19 7 4
0.476667 22 15 3 2
0.483333 17 19 4 0
0.49 28 16 3 1
0.496667 23 19 2 0
0.503333 14 25 0 0
0.51 22 12 7 2
0.516667 24 19 1 1
0.523333 17 12 2 1
0.53 16 17 4 2
0.536667 19 10 6 4
0.543333 17 16 2 3
0.55 17 14 2 0
0.556667 9 8 2 0
0.563333 18 21 7 1
0.57 18 15 5 0
0.576667 12 15 3 2
0.583333 22 10 2 0
0.59 22 11 4 0
0.596667 15 19 5 2
0.603333 18 12 5 0
0.61 12 12 2 2
0.616667 11 11 4 1
0.623333 15 10 5 1
0.63 14 8 5 0
0.636667 17 15 5 3
0.643333 20 12 2 1
0.65 20 10 3 0
0.656667 16 13 1 2
0.663333 728 531 106 17
0.67 0 0 0 0
0.676667 0 0 0 0
0.683333 0 0 0 0
0.69 0 0 0 0
0.696667 0 0 0 0
0.703333 0 0 0 0
0.71 0 0 0 0
0.716667 0 0 0 0
0.723333 0 0 0 0
0.73 0 0 0 0
0.736667 0 0 0 0
0.743333 0 0 0 0
0.75 0 0 0 0
0.756667 0 0 0 0
0.763333 0 0 0 0
0.77 0 0 0 0
0.776667 0 0 0 0
0.783333 0 0 0 0
0.79 0 0 0 0
0.796667 0 0 0 0
0.803333 0 0 0 0
0.81 0 0 0 0
0.816667 0 0 0 0
0.823333 0 0 0 0
0.83 0 0 0 0
0.836667 0 0 0 0
0.843333 0 0 0 0
0.85 0 0 0 0
0.856667 0 0 0 0
0.863333 0 0 0 0
0.87 0 0 0 0
0.876667 0 0 0 0
0.883333 0 0 0 0
0.89 0 0 0 0
0.896667 0 0 0 0
0.903333 0 0 0 0
0.91 0 0 0 0
0.916667 0 0 0 0
0.923333 0 0 0 0
0.93 0 0 0 0
0.936667 0 0 0 0
0.943333 0 0 0 0
0.95 0 0 0 0
0.956667 0 0 0 0
0.963333 0 0 0 0
0.97 0 0 0 0
0.976667 0 0 0 0
0.983333 0 0 0 0
0.99 0 0 0 0
0.996667 0 0 0 0
1.00333 0 0 0 0
1.01 0 0 0 0
1.01667 0 0 0 0
1.02333 0 0 0 0
1.03 0 0 0 0
1.03667 0 0 0 0
1.04333 0 0 0 0
1.05 0 0 0 0
1.05667 0 0 0 0
1.06333 0 0 0 0
1.07 0 0 0 0
1.07667 0 0 0 0
1.08333 0 0 0 0
1.09 0 0 0 0
1.09667 0 0 0 0
1.10333 0 0 0 0
1.11 0 0 0 0
1.11667 0 0 0 0
1.12333 0 0 0 0
1.13 0 0 0 0
1.13667 0 0 0 0
1.14333 0 0 0 0
1.15 0 0 0 0
1.15667 0 0 0 0
1.16333 0 0 0 0
1.17 0 0 0 0
1.17667 0 0 0 0
1.18333 0 0 0 0
1.19 0 0 0 0
1.19667 0 0 0 0
1.20333 0 0 0 0
1.21 0 0 0 0
1.21667 0 0 0 0
1.22333 0 0 0 0
1.23 0 0 0 0
1.23667 0 0 0 0
1.24333 0 0 0 0
1.25 0 0 0 0
1.25667 0 0 0 0
1.26333 0 0 0 0
1.27 0 0 0 0
1.27667 0 0 0 0
1.28333 0 0 0 0
1.29 0 0 0 0
1.29667 0 0 0 0
1.30333 0 0 0 0
1.31 0 0 0 0
1.31667 0 0 0 0
1.32333 0 0 0 0
1.33 0 0 0 0
1.33667 0 0 0 0
1.34333 0 0 0 0
1.35 0 0 0 0
1.35667 0 0 0 0
1.36333 0 0 0 0
1.37 0 0 0 0
1.37667 0 0 0 0
1.38333 0 0 0 0
1.39 0 0 0 0
1.39667 0 0 0 0
1.40333 0 0 0 0
1.41 0 0 0 0
1.41667 0 0 0 0
1.42333 0 0 0 0
1.43 0 0 0 0
1.43667 0 0 0 0
1.44333 0 0 0 0
1.45 0 0 0 0
1.45667 0 0 0 0
1.46333 0 0 0 0
1.47 0 0 0 0
1.47667 0 0 0 0
1.48333 0 0 0 0
1.49 0 0 0 0
1.49667 0 0 0 0
1.50333 0 0 0 0
1.51 0 0 0 0
1.51667 0 0 0 0
1.52333 0 0 0 0
1.53 0 0 0 0
1.53667 0 0 0 0
1.54333 0 0 0 0
1.55 0 0 0 0
1.55667 0 0 0 0
1.56333 0 0 0 0
1.57 0 0 0 0
1.57667 0 0 0 0
1.58333 0 0 0 0
1.59 0 0 0 0
1.59667 0 0 0 0
1.60333 0 0 0 0
1.61 0 0 0 0
1.61667 0 0 0 0
1.62333 0 0 0 0
1.63 0 0 0 0
1.63667 0 0 0 0
1.64333 0 0 0 0
1.65 0 0 0 0
1.65667 0 0 0 0
1.66333 0 0 0 0
1.67 0 0 0 0
1.67667 0 0 0 0
1.68333 0 0 0 0
1.69 0 0 0 0
1.69667 0 0 0 0
1.70333 0 0 0 0
1.71 0 0 0 0
1.71667 0 0 0 0
1.72333 0 0 0 0
1.73 0 0 0 0
1.73667 0 0 0 0
1.74333 0 0 0 0
1.75 0 0 0 0
1.75667 0 0 0 0
1.76333 0 0 0 0
1.77 0 0 0 0
1.77667 0 0 0 0
1.78333 0 0 0 0
1.79 0 0 0 0
1.79667 0 0 0 0
1.80333 0 0 0 0
1.81 0 0 0 0
1.81667 0 0 0 0
1.82333 0 0 0 0
1.83 0 0 0 0
1.83667 0 0 0 0
1.84333 0 0 0 0
1.85 0 0 0 0
1.85667 0 0 0 0
1.86333 0 0 0 0
1.87 0 0 0 0
1.87667 0 0 0 0
1.88333 0 0 0 0
1.89 0 0 0 0
1.89667 0 0 0 0
1.90333 0 0 0 0
1.91 0 0 0 0
1.91667 0 0 0 0
1.92333 0 0 0 0
1.93 0 0 0 0
1.93667 0 0 0 0
1.94333 0 0 0 0
1.95 0 0 0 0
1.95667 0 0 0 0
1.96333 0 0 0 0
1.97 0 0 0 0
1.97667 0 0 0 0
1.98333 0 0 0 0
1.99 0 0 0 0
1.99667 0 0 0 0
