0.00333333 2 2 49 28
0.01 2 5 60 38
0.0166667 3 5 55 56
0.0233333 1 9 82 59
0.03 0 3 94 58
0.0366667 1 6 75 72
0.0433333 3 6 160 86
0.05 3 9 181 110
0.0566667 7 14 186 121
0.0633333 6 13 237 144
0.07 7 30 251 182
0.0766667 4 12 252 174
0.0833333 3 18 238 168
0.09 2 20 245 172
0.0966667 6 20 251 169
0.103333 5 18 244 151
0.11 3 24 243 180
0.116667 6 16 214 152
0.123333 2 23 221 156
0.13 9 16 211 144
0.136667 4 11 232 122
0.143333 7 9 209 153
0.15 4 11 177 134
0.156667 8 13 217 128
0.163333 6 14 180 132
0.17 4 16 191 139
0.176667 4 9 155 111
0.183333 4 12 164 128
0.19 4 9 205 143
0.196667 3 11 180 128
0.203333 6 10 161 118
0.21 4 10 144 99
0.216667 3 11 169 122
0.223333 3 7 149 132
0.23 3 16 153 96
0.236667 3 7 119 84
0.243333 5 5 108 105
0.25 5 6 125 89
0.256667 2 5 121 74
0.263333 5 4 112 84
0.27 1 8 110 79
0.276667 1 8 115 62
0.283333 3 11 101 77
0.29 3 2 97 92
0.296667 1 8 91 80
0.303333 6 4 107 64
0.31 4 4 97 72
0.316667 1 6 89 60
0.323333 5 4 75 77
0.33 3 11 68 73
0.336667 3 9 80 49
0.343333 2 5 91 78
0.35 4 7 86 65
0.356667 1 6 78 69
0.363333 1 8 61 38
0.37 3 9 65 56
0.376667 2 8 68 47
0.383333 0 8 64 61
0.39 1 10 64 45
0.396667 4 6 61 38
0.403333 2 4 65 39
0.41 2 6 57 51
0.416667 1 3 73 53
0.423333 2 6 69 41
0.43 0 2 62 51
0.436667 2 7 65 29
0.443333 2 2 53 55
0.45 3 6 71 33
0.456667 0 4 69 28
0.463333 3 3 51 40
0.47 2 4 59 44
0.476667 1 9 49 44
0.483333 0 7 42 34
0.49 1 2 33 20
0.496667 1 2 33 30
0.503333 0 7 37 36
0.51 2 4 39 38
0.516667 1 1 28 31
0.523333 2 4 34 34
0.53 1 3 42 21
0.536667 1 2 42 21
0.543333 3 6 29 28
0.55 1 3 26 25
0.556667 2 4 26 28
0.563333 0 3 43 24
0.57 2 2 25 21
0.576667 2 3 27 20
0.583333 2 7 27 18
0.59 4 2 31 21
0.596667 2 6 23 21
0.603333 1 3 32 27
0.61 1 4 28 32
0.616667 2 3 28 21
0.623333 1 4 23 24
0.63 0 5 23 12
0.636667 2 5 33 23
0.643333 1 2 26 21
0.65 2 1 21 15
0.656667 0 2 23 21
0.663333 26 73 1609 1083
0.67 0 0 0 0
0.676667 0 0 0 0
0.683333 0 0 0 0
0.69 0 0 0 0
0.696667 0 0 0 0
0.703333 0 0 0 0
0.71 0 0 0 0
0.716667 0 0 0 0
0.723333 0 0 0 0
0.73 0 0 0 0
0.736667 0 0 0 0
0.743333 0 0 0 0
0.75 0 0 0 0
0.756667 0 0 0 0
0.763333 0 0 0 0
0.77 0 0 0 0
0.776667 0 0 0 0
0.783333 0 0 0 0
0.79 0 0 0 0
0.796667 0 0 0 0
0.803333 0 0 0 0
0.81 0 0 0 0
0.816667 0 0 0 0
0.823333 0 0 0 0
0.83 0 0 0 0
0.836667 0 0 0 0
0.843333 0 0 0 0
0.85 0 0 0 0
0.856667 0 0 0 0
0.863333 0 0 0 0
0.87 0 0 0 0
0.876667 0 0 0 0
0.883333 0 0 0 0
0.89 0 0 0 0
0.896667 0 0 0 0
0.903333 0 0 0 0
0.91 0 0 0 0
0.916667 0 0 0 0
0.923333 0 0 0 0
0.93 0 0 0 0
0.936667 0 0 0 0
0.943333 0 0 0 0
0.95 0 0 0 0
0.956667 0 0 0 0
0.963333 0 0 0 0
0.97 0 0 0 0
0.976667 0 0 0 0
0.983333 0 0 0 0
0.99 0 0 0 0
0.996667 0 0 0 0
1.00333 0 0 0 0
1.01 0 0 0 0
1.01667 0 0 0 0
1.02333 0 0 0 0
1.03 0 0 0 0
1.03667 0 0 0 0
1.04333 0 0 0 0
1.05 0 0 0 0
1.05667 0 0 0 0
1.06333 0 0 0 0
1.07 0 0 0 0
1.07667 0 0 0 0
1.08333 0 0 0 0
1.09 0 0 0 0
1.09667 0 0 0 0
1.10333 0 0 0 0
1.11 0 0 0 0
1.11667 0 0 0 0
1.12333 0 0 0 0
1.13 0 0 0 0
1.13667 0 0 0 0
1.14333 0 0 0 0
1.15 0 0 0 0
1.15667 0 0 0 0
1.16333 0 0 0 0
1.17 0 0 0 0
1.17667 0 0 0 0
1.18333 0 0 0 0
1.19 0 0 0 0
1.19667 0 0 0 0
1.20333 0 0 0 0
1.21 0 0 0 0
1.21667 0 0 0 0
1.22333 0 0 0 0
1.23 0 0 0 0
1.23667 0 0 0 0
1.24333 0 0 0 0
1.25 0 0 0 0
1.25667 0 0 0 0
1.26333 0 0 0 0
1.27 0 0 0 0
1.27667 0 0 0 0
1.28333 0 0 0 0
1.29 0 0 0 0
1.29667 0 0 0 0
1.30333 0 0 0 0
1.31 0 0 0 0
1.31667 0 0 0 0
1.32333 0 0 0 0
1.33 0 0 0 0
1.33667 0 0 0 0
1.34333 0 0 0 0
1.35 0 0 0 0
1.35667 0 0 0 0
1.36333 0 0 0 0
1.37 0 0 0 0
1.37667 0 0 0 0
1.38333 0 0 0 0
1.39 0 0 0 0
1.39667 0 0 0 0
1.40333 0 0 0 0
1.41 0 0 0 0
1.41667 0 0 0 0
1.42333 0 0 0 0
1.43 0 0 0 0
1.43667 0 0 0 0
1.44333 0 0 0 0
1.45 0 0 0 0
1.45667 0 0 0 0
1.46333 0 0 0 0
1.47 0 0 0 0
1.47667 0 0 0 0
1.48333 0 0 0 0
1.49 0 0 0 0
1.49667 0 0 0 0
1.50333 0 0 0 0
1.51 0 0 0 0
1.51667 0 0 0 0
1.52333 0 0 0 0
1.53 0 0 0 0
1.53667 0 0 0 0
1.54333 0 0 0 0
1.55 0 0 0 0
1.55667 0 0 0 0
1.56333 0 0 0 0
1.57 0 0 0 0
1.57667 0 0 0 0
1.58333 0 0 0 0
1.59 0 0 0 0
1.59667 0 0 0 0
1.60333 0 0 0 0
1.61 0 0 0 0
1.61667 0 0 0 0
1.62333 0 0 0 0
1.63 0 0 0 0
1.63667 0 0 0 0
1.64333 0 0 0 0
1.65 0 0 0 0
1.65667 0 0 0 0
1.66333 0 0 0 0
1.67 0 0 0 0
1.67667 0 0 0 0
1.68333 0 0 0 0
1.69 0 0 0 0
1.69667 0 0 0 0
1.70333 0 0 0 0
1.71 0 0 0 0
1.71667 0 0 0 0
1.72333 0 0 0 0
1.73 0 0 0 0
1.73667 0 0 0 0
1.74333 0 0 0 0
1.75 0 0 0 0
1.75667 0 0 0 0
1.76333 0 0 0 0
1.77 0 0 0 0
1.77667 0 0 0 0
1.78333 0 0 0 0
1.79 0 0 0 0
1.79667 0 0 0 0
1.80333 0 0 0 0
1.81 0 0 0 0
1.81667 0 0 0 0
1.82333 0 0 0 0
1.83 0 0 0 0
1.83667 0 0 0 0
1.84333 0 0 0 0
1.85 0 0 0 0
1.85667 0 0 0 0
1.86333 0 0 0 0
1.87 0 0 0 0
1.87667 0 0 0 0
1.88333 0 0 0 0
1.89 0 0 0 0
1.89667 0 0 0 0
1.90333 0 0 0 0
1.91 0 0 0 0
1.91667 0 0 0 0
1.92333 0 0 0 0
1.93 0 0 0 0
1.93667 0 0 0 0
1.94333 0 0 0 0
1.95 0 0 0 0
1.95667 0 0 0 0
1.96333 0 0 0 0
1.97 0 0 0 0
1.97667 0 0 0 0
1.98333 0 0 0 0
1.99 0 0 0 0
1.99667 0 0 0 0
