0.00333333 1 3 48 44
0.01 1 6 42 56
0.0166667 1 5 66 48
0.0233333 0 10 76 57
0.03 1 10 75 71
0.0366667 1 9 86 77
0.0433333 3 5 136 116
0.05 2 13 144 123
0.0566667 6 7 157 176
0.0633333 8 15 224 189
0.07 5 19 210 226
0.0766667 2 10 220 205
0.0833333 3 21 231 212
0.09 1 14 209 205
0.0966667 3 20 230 226
0.103333 1 19 231 204
0.11 8 20 209 228
0.116667 6 14 186 196
0.123333 5 11 204 216
0.13 5 23 217 182
0.136667 2 15 186 180
0.143333 5 7 179 174
0.15 4 12 149 174
0.156667 5 15 180 150
0.163333 3 13 155 171
0.17 6 11 164 141
0.176667 1 13 147 145
0.183333 3 19 140 150
0.19 1 13 154 196
0.196667 1 23 171 164
0.203333 3 11 132 123
0.21 4 17 150 139
0.216667 2 13 133 130
0.223333 4 5 112 140
0.23 5 10 125 99
0.236667 2 9 126 125
0.243333 3 10 114 133
0.25 0 9 100 128
0.256667 3 13 103 108
0.263333 4 6 97 109
0.27 2 7 104 105
0.276667 3 6 82 94
0.283333 3 6 84 97
0.29 1 8 76 88
0.296667 1 6 80 91
0.303333 2 5 85 75
0.31 4 3 78 88
0.316667 1 9 88 83
0.323333 2 10 66 76
0.33 2 8 79 68
0.336667 1 3 61 70
0.343333 2 10 67 83
0.35 1 8 62 82
0.356667 0 9 82 67
0.363333 2 6 65 59
0.37 1 7 65 63
0.376667 2 7 60 64
0.383333 0 1 71 54
0.39 1 8 53 57
0.396667 1 9 56 47
0.403333 4 8 68 55
0.41 3 7 63 58
0.416667 1 3 45 57
0.423333 0 4 51 58
0.43 1 8 59 51
0.436667 2 7 55 50
0.443333 3 2 63 51
0.45 2 2 55 53
0.456667 0 3 49 51
0.463333 2 3 48 49
0.47 0 5 52 55
0.476667 0 2 35 44
0.483333 0 9 37 38
0.49 0 3 29 33
0.496667 1 7 38 40
0.503333 0 2 26 44
0.51 0 6 28 42
0.516667 1 8 27 36
0.523333 3 5 27 41
0.53 0 4 38 19
0.536667 0 1 19 25
0.543333 2 4 26 34
0.55 1 2 29 23
0.556667 3 4 27 23
0.563333 1 5 31 24
0.57 1 4 21 24
0.576667 1 4 23 20
0.583333 1 2 31 41
0.59 3 3 27 23
0.596667 1 2 26 25
0.603333 0 5 17 21
0.61 0 3 18 33
0.616667 1 1 28 18
0.623333 1 2 22 32
0.63 1 3 21 21
0.636667 0 4 34 27
0.643333 0 3 25 22
0.65 1 4 20 15
0.656667 1 6 22 21
0.663333 19 87 1365 1446
0.67 0 0 0 0
0.676667 0 0 0 0
0.683333 0 0 0 0
0.69 0 0 0 0
0.696667 0 0 0 0
0.703333 0 0 0 0
0.71 0 0 0 0
0.716667 0 0 0 0
0.723333 0 0 0 0
0.73 0 0 0 0
0.736667 0 0 0 0
0.743333 0 0 0 0
0.75 0 0 0 0
0.756667 0 0 0 0
0.763333 0 0 0 0
0.77 0 0 0 0
0.776667 0 0 0 0
0.783333 0 0 0 0
0.79 0 0 0 0
0.796667 0 0 0 0
0.803333 0 0 0 0
0.81 0 0 0 0
0.816667 0 0 0 0
0.823333 0 0 0 0
0.83 0 0 0 0
0.836667 0 0 0 0
0.843333 0 0 0 0
0.85 0 0 0 0
0.856667 0 0 0 0
0.863333 0 0 0 0
0.87 0 0 0 0
0.876667 0 0 0 0
0.883333 0 0 0 0
0.89 0 0 0 0
0.896667 0 0 0 0
0.903333 0 0 0 0
0.91 0 0 0 0
0.916667 0 0 0 0
0.923333 0 0 0 0
0.93 0 0 0 0
0.936667 0 0 0 0
0.943333 0 0 0 0
0.95 0 0 0 0
0.956667 0 0 0 0
0.963333 0 0 0 0
0.97 0 0 0 0
0.976667 0 0 0 0
0.983333 0 0 0 0
0.99 0 0 0 0
0.996667 0 0 0 0
1.00333 0 0 0 0
1.01 0 0 0 0
1.01667 0 0 0 0
1.02333 0 0 0 0
1.03 0 0 0 0
1.03667 0 0 0 0
1.04333 0 0 0 0
1.05 0 0 0 0
1.05667 0 0 0 0
1.06333 0 0 0 0
1.07 0 0 0 0
1.07667 0 0 0 0
1.08333 0 0 0 0
1.09 0 0 0 0
1.09667 0 0 0 0
1.10333 0 0 0 0
1.11 0 0 0 0
1.11667 0 0 0 0
1.12333 0 0 0 0
1.13 0 0 0 0
1.13667 0 0 0 0
1.14333 0 0 0 0
1.15 0 0 0 0
1.15667 0 0 0 0
1.16333 0 0 0 0
1.17 0 0 0 0
1.17667 0 0 0 0
1.18333 0 0 0 0
1.19 0 0 0 0
1.19667 0 0 0 0
1.20333 0 0 0 0
1.21 0 0 0 0
1.21667 0 0 0 0
1.22333 0 0 0 0
1.23 0 0 0 0
1.23667 0 0 0 0
1.24333 0 0 0 0
1.25 0 0 0 0
1.25667 0 0 0 0
1.26333 0 0 0 0
1.27 0 0 0 0
1.27667 0 0 0 0
1.28333 0 0 0 0
1.29 0 0 0 0
1.29667 0 0 0 0
1.30333 0 0 0 0
1.31 0 0 0 0
1.31667 0 0 0 0
1.32333 0 0 0 0
1.33 0 0 0 0
1.33667 0 0 0 0
1.34333 0 0 0 0
1.35 0 0 0 0
1.35667 0 0 0 0
1.36333 0 0 0 0
1.37 0 0 0 0
1.37667 0 0 0 0
1.38333 0 0 0 0
1.39 0 0 0 0
1.39667 0 0 0 0
1.40333 0 0 0 0
1.41 0 0 0 0
1.41667 0 0 0 0
1.42333 0 0 0 0
1.43 0 0 0 0
1.43667 0 0 0 0
1.44333 0 0 0 0
1.45 0 0 0 0
1.45667 0 0 0 0
1.46333 0 0 0 0
1.47 0 0 0 0
1.47667 0 0 0 0
1.48333 0 0 0 0
1.49 0 0 0 0
1.49667 0 0 0 0
1.50333 0 0 0 0
1.51 0 0 0 0
1.51667 0 0 0 0
1.52333 0 0 0 0
1.53 0 0 0 0
1.53667 0 0 0 0
1.54333 0 0 0 0
1.55 0 0 0 0
1.55667 0 0 0 0
1.56333 0 0 0 0
1.57 0 0 0 0
1.57667 0 0 0 0
1.58333 0 0 0 0
1.59 0 0 0 0
1.59667 0 0 0 0
1.60333 0 0 0 0
1.61 0 0 0 0
1.61667 0 0 0 0
1.62333 0 0 0 0
1.63 0 0 0 0
1.63667 0 0 0 0
1.64333 0 0 0 0
1.65 0 0 0 0
1.65667 0 0 0 0
1.66333 0 0 0 0
1.67 0 0 0 0
1.67667 0 0 0 0
1.68333 0 0 0 0
1.69 0 0 0 0
1.69667 0 0 0 0
1.70333 0 0 0 0
1.71 0 0 0 0
1.71667 0 0 0 0
1.72333 0 0 0 0
1.73 0 0 0 0
1.73667 0 0 0 0
1.74333 0 0 0 0
1.75 0 0 0 0
1.75667 0 0 0 0
1.76333 0 0 0 0
1.77 0 0 0 0
1.77667 0 0 0 0
1.78333 0 0 0 0
1.79 0 0 0 0
1.79667 0 0 0 0
1.80333 0 0 0 0
1.81 0 0 0 0
1.81667 0 0 0 0
1.82333 0 0 0 0
1.83 0 0 0 0
1.83667 0 0 0 0
1.84333 0 0 0 0
1.85 0 0 0 0
1.85667 0 0 0 0
1.86333 0 0 0 0
1.87 0 0 0 0
1.87667 0 0 0 0
1.88333 0 0 0 0
1.89 0 0 0 0
1.89667 0 0 0 0
1.90333 0 0 0 0
1.91 0 0 0 0
1.91667 0 0 0 0
1.92333 0 0 0 0
1.93 0 0 0 0
1.93667 0 0 0 0
1.94333 0 0 0 0
1.95 0 0 0 0
1.95667 0 0 0 0
1.96333 0 0 0 0
1.97 0 0 0 0
1.97667 0 0 0 0
1.98333 0 0 0 0
1.99 0 0 0 0
1.99667 0 0 0 0
