0.00333333 2 4 16 25
0.01 4 5 25 31
0.0166667 1 4 30 37
0.0233333 3 8 33 27
0.03 3 5 38 36
0.0366667 3 5 43 34
0.0433333 5 11 65 58
0.05 3 7 74 62
0.0566667 4 13 93 49
0.0633333 5 8 116 74
0.07 3 8 128 65
0.0766667 8 13 108 76
0.0833333 9 14 117 79
0.09 6 15 83 70
0.0966667 3 18 136 77
0.103333 6 14 125 76
0.11 6 15 93 71
0.116667 4 20 117 81
0.123333 8 11 109 87
0.13 6 16 99 66
0.136667 5 7 79 60
0.143333 5 13 76 80
0.15 1 16 86 77
0.156667 4 13 75 70
0.163333 3 8 67 64
0.17 9 11 76 64
0.176667 4 10 80 43
0.183333 7 12 83 61
0.19 4 9 98 92
0.196667 9 23 72 71
0.203333 4 7 62 68
0.21 7 11 68 58
0.216667 8 6 52 73
0.223333 6 5 69 57
0.23 5 10 54 53
0.236667 4 12 61 61
0.243333 8 6 69 54
0.25 2 8 67 53
0.256667 6 14 59 46
0.263333 3 7 76 39
0.27 3 3 64 47
0.276667 6 5 58 46
0.283333 2 5 57 35
0.29 3 9 58 45
0.296667 1 2 54 48
0.303333 4 9 51 42
0.31 4 4 46 46
0.316667 5 6 40 35
0.323333 3 2 42 36
0.33 4 5 42 42
0.336667 3 2 54 37
0.343333 1 0 27 36
0.35 4 3 28 18
0.356667 0 9 44 26
0.363333 8 9 39 30
0.37 5 6 33 30
0.376667 3 7 30 32
0.383333 2 3 31 27
0.39 2 5 34 35
0.396667 2 5 35 23
0.403333 3 7 30 31
0.41 5 8 30 21
0.416667 1 5 39 35
0.423333 3 7 38 25
0.43 0 4 35 26
0.436667 1 2 37 32
0.443333 7 5 31 24
0.45 2 2 35 26
0.456667 4 8 38 27
0.463333 1 5 34 22
0.47 3 4 41 18
0.476667 3 4 29 24
0.483333 0 4 32 14
0.49 4 3 27 20
0.496667 1 3 24 22
0.503333 5 4 26 15
0.51 0 3 23 18
0.516667 0 5 24 16
0.523333 2 3 25 12
0.53 2 4 17 15
0.536667 2 2 13 12
0.543333 3 3 11 16
0.55 2 6 15 12
0.556667 2 2 24 11
0.563333 1 3 12 12
0.57 1 7 16 17
0.576667 1 3 19 14
0.583333 3 1 26 12
0.59 1 4 15 7
0.596667 0 0 17 15
0.603333 2 2 20 21
0.61 4 2 21 22
0.616667 1 1 13 18
0.623333 0 1 18 10
0.63 1 2 16 16
0.636667 3 5 18 15
0.643333 2 5 16 14
0.65 1 2 22 19
0.656667 2 4 13 12
0.663333 74 46 858 842
0.67 0 0 0 0
0.676667 0 0 0 0
0.683333 0 0 0 0
0.69 0 0 0 0
0.696667 0 0 0 0
0.703333 0 0 0 0
0.71 0 0 0 0
0.716667 0 0 0 0
0.723333 0 0 0 0
0.73 0 0 0 0
0.736667 0 0 0 0
0.743333 0 0 0 0
0.75 0 0 0 0
0.756667 0 0 0 0
0.763333 0 0 0 0
0.77 0 0 0 0
0.776667 0 0 0 0
0.783333 0 0 0 0
0.79 0 0 0 0
0.796667 0 0 0 0
0.803333 0 0 0 0
0.81 0 0 0 0
0.816667 0 0 0 0
0.823333 0 0 0 0
0.83 0 0 0 0
0.836667 0 0 0 0
0.843333 0 0 0 0
0.85 0 0 0 0
0.856667 0 0 0 0
0.863333 0 0 0 0
0.87 0 0 0 0
0.876667 0 0 0 0
0.883333 0 0 0 0
0.89 0 0 0 0
0.896667 0 0 0 0
0.903333 0 0 0 0
0.91 0 0 0 0
0.916667 0 0 0 0
0.923333 0 0 0 0
0.93 0 0 0 0
0.936667 0 0 0 0
0.943333 0 0 0 0
0.95 0 0 0 0
0.956667 0 0 0 0
0.963333 0 0 0 0
0.97 0 0 0 0
0.976667 0 0 0 0
0.983333 0 0 0 0
0.99 0 0 0 0
0.996667 0 0 0 0
1.00333 0 0 0 0
1.01 0 0 0 0
1.01667 0 0 0 0
1.02333 0 0 0 0
1.03 0 0 0 0
1.03667 0 0 0 0
1.04333 0 0 0 0
1.05 0 0 0 0
1.05667 0 0 0 0
1.06333 0 0 0 0
1.07 0 0 0 0
1.07667 0 0 0 0
1.08333 0 0 0 0
1.09 0 0 0 0
1.09667 0 0 0 0
1.10333 0 0 0 0
1.11 0 0 0 0
1.11667 0 0 0 0
1.12333 0 0 0 0
1.13 0 0 0 0
1.13667 0 0 0 0
1.14333 0 0 0 0
1.15 0 0 0 0
1.15667 0 0 0 0
1.16333 0 0 0 0
1.17 0 0 0 0
1.17667 0 0 0 0
1.18333 0 0 0 0
1.19 0 0 0 0
1.19667 0 0 0 0
1.20333 0 0 0 0
1.21 0 0 0 0
1.21667 0 0 0 0
1.22333 0 0 0 0
1.23 0 0 0 0
1.23667 0 0 0 0
1.24333 0 0 0 0
1.25 0 0 0 0
1.25667 0 0 0 0
1.26333 0 0 0 0
1.27 0 0 0 0
1.27667 0 0 0 0
1.28333 0 0 0 0
1.29 0 0 0 0
1.29667 0 0 0 0
1.30333 0 0 0 0
1.31 0 0 0 0
1.31667 0 0 0 0
1.32333 0 0 0 0
1.33 0 0 0 0
1.33667 0 0 0 0
1.34333 0 0 0 0
1.35 0 0 0 0
1.35667 0 0 0 0
1.36333 0 0 0 0
1.37 0 0 0 0
1.37667 0 0 0 0
1.38333 0 0 0 0
1.39 0 0 0 0
1.39667 0 0 0 0
1.40333 0 0 0 0
1.41 0 0 0 0
1.41667 0 0 0 0
1.42333 0 0 0 0
1.43 0 0 0 0
1.43667 0 0 0 0
1.44333 0 0 0 0
1.45 0 0 0 0
1.45667 0 0 0 0
1.46333 0 0 0 0
1.47 0 0 0 0
1.47667 0 0 0 0
1.48333 0 0 0 0
1.49 0 0 0 0
1.49667 0 0 0 0
1.50333 0 0 0 0
1.51 0 0 0 0
1.51667 0 0 0 0
1.52333 0 0 0 0
1.53 0 0 0 0
1.53667 0 0 0 0
1.54333 0 0 0 0
1.55 0 0 0 0
1.55667 0 0 0 0
1.56333 0 0 0 0
1.57 0 0 0 0
1.57667 0 0 0 0
1.58333 0 0 0 0
1.59 0 0 0 0
1.59667 0 0 0 0
1.60333 0 0 0 0
1.61 0 0 0 0
1.61667 0 0 0 0
1.62333 0 0 0 0
1.63 0 0 0 0
1.63667 0 0 0 0
1.64333 0 0 0 0
1.65 0 0 0 0
1.65667 0 0 0 0
1.66333 0 0 0 0
1.67 0 0 0 0
1.67667 0 0 0 0
1.68333 0 0 0 0
1.69 0 0 0 0
1.69667 0 0 0 0
1.70333 0 0 0 0
1.71 0 0 0 0
1.71667 0 0 0 0
1.72333 0 0 0 0
1.73 0 0 0 0
1.73667 0 0 0 0
1.74333 0 0 0 0
1.75 0 0 0 0
1.75667 0 0 0 0
1.76333 0 0 0 0
1.77 0 0 0 0
1.77667 0 0 0 0
1.78333 0 0 0 0
1.79 0 0 0 0
1.79667 0 0 0 0
1.80333 0 0 0 0
1.81 0 0 0 0
1.81667 0 0 0 0
1.82333 0 0 0 0
1.83 0 0 0 0
1.83667 0 0 0 0
1.84333 0 0 0 0
1.85 0 0 0 0
1.85667 0 0 0 0
1.86333 0 0 0 0
1.87 0 0 0 0
1.87667 0 0 0 0
1.88333 0 0 0 0
1.89 0 0 0 0
1.89667 0 0 0 0
1.90333 0 0 0 0
1.91 0 0 0 0
1.91667 0 0 0 0
1.92333 0 0 0 0
1.93 0 0 0 0
1.93667 0 0 0 0
1.94333 0 0 0 0
1.95 0 0 0 0
1.95667 0 0 0 0
1.96333 0 0 0 0
1.97 0 0 0 0
1.97667 0 0 0 0
1.98333 0 0 0 0
1.99 0 0 0 0
1.99667 0 0 0 0
