0.00333333 145 48 0 7
0.01 159 54 0 5
0.0166667 146 48 0 3
0.0233333 151 51 0 7
0.03 154 70 1 5
0.0366667 164 50 3 3
0.0433333 155 64 1 3
0.05 178 76 2 4
0.0566667 184 96 5 3
0.0633333 193 103 3 4
0.07 207 93 6 2
0.0766667 218 104 2 5
0.0833333 218 95 2 6
0.09 232 105 2 6
0.0966667 246 87 3 1
0.103333 250 96 6 7
0.11 239 91 1 10
0.116667 234 108 1 9
0.123333 248 90 2 6
0.13 267 109 0 4
0.136667 255 99 2 2
0.143333 283 101 2 5
0.15 290 99 4 6
0.156667 275 114 2 4
0.163333 267 102 4 5
0.17 280 84 3 3
0.176667 258 109 3 2
0.183333 321 81 2 4
0.19 463 133 1 7
0.196667 435 113 0 13
0.203333 402 107 2 4
0.21 403 116 0 7
0.216667 359 109 3 9
0.223333 369 108 3 4
0.23 301 112 4 4
0.236667 302 109 6 6
0.243333 269 82 1 8
0.25 247 98 1 6
0.256667 238 97 1 8
0.263333 225 91 1 6
0.27 196 78 2 6
0.276667 202 80 2 5
0.283333 200 87 1 7
0.29 223 78 0 6
0.296667 176 76 1 5
0.303333 174 75 0 5
0.31 185 81 1 7
0.316667 169 66 1 3
0.323333 169 63 2 6
0.33 183 88 0 3
0.336667 158 85 0 5
0.343333 167 73 0 3
0.35 146 58 4 5
0.356667 188 53 2 4
0.363333 176 73 2 9
0.37 169 41 2 3
0.376667 158 66 1 6
0.383333 150 59 1 7
0.39 139 53 0 7
0.396667 157 57 0 1
0.403333 161 58 3 5
0.41 157 56 1 1
0.416667 157 72 2 6
0.423333 170 56 1 7
0.43 147 49 2 8
0.436667 155 72 1 8
0.443333 162 63 0 10
0.45 173 49 3 11
0.456667 162 63 1 6
0.463333 163 52 2 5
0.47 159 48 2 10
0.476667 137 51 1 4
0.483333 52 38 2 1
0.49 58 28 1 2
0.496667 45 36 1 2
0.503333 40 33 2 2
0.51 37 29 1 1
0.516667 29 26 1 3
0.523333 52 28 1 3
0.53 37 23 1 1
0.536667 30 29 0 4
0.543333 26 20 0 1
0.55 18 33 1 1
0.556667 24 22 0 0
0.563333 22 20 1 2
0.57 29 22 0 0
0.576667 22 22 0 0
0.583333 24 27 0 1
0.59 30 19 0 0
0.596667 27 25 2 1
0.603333 23 22 0 2
0.61 30 24 0 1
0.616667 24 19 0 0
0.623333 26 23 0 0
0.63 31 24 0 2
0.636667 41 30 1 1
0.643333 21 24 0 1
0.65 25 24 0 2
0.656667 23 23 0 1
0.663333 10402 2593 10 336
0.67 0 0 0 0
0.676667 0 0 0 0
0.683333 0 0 0 0
0.69 0 0 0 0
0.696667 0 0 0 0
0.703333 0 0 0 0
0.71 0 0 0 0
0.716667 0 0 0 0
0.723333 0 0 0 0
0.73 0 0 0 0
0.736667 0 0 0 0
0.743333 0 0 0 0
0.75 0 0 0 0
0.756667 0 0 0 0
0.763333 0 0 0 0
0.77 0 0 0 0
0.776667 0 0 0 0
0.783333 0 0 0 0
0.79 0 0 0 0
0.796667 0 0 0 0
0.803333 0 0 0 0
0.81 0 0 0 0
0.816667 0 0 0 0
0.823333 0 0 0 0
0.83 0 0 0 0
0.836667 0 0 0 0
0.843333 0 0 0 0
0.85 0 0 0 0
0.856667 0 0 0 0
0.863333 0 0 0 0
0.87 0 0 0 0
0.876667 0 0 0 0
0.883333 0 0 0 0
0.89 0 0 0 0
0.896667 0 0 0 0
0.903333 0 0 0 0
0.91 0 0 0 0
0.916667 0 0 0 0
0.923333 0 0 0 0
0.93 0 0 0 0
0.936667 0 0 0 0
0.943333 0 0 0 0
0.95 0 0 0 0
0.956667 0 0 0 0
0.963333 0 0 0 0
0.97 0 0 0 0
0.976667 0 0 0 0
0.983333 0 0 0 0
0.99 0 0 0 0
0.996667 0 0 0 0
1.00333 0 0 0 0
1.01 0 0 0 0
1.01667 0 0 0 0
1.02333 0 0 0 0
1.03 0 0 0 0
1.03667 0 0 0 0
1.04333 0 0 0 0
1.05 0 0 0 0
1.05667 0 0 0 0
1.06333 0 0 0 0
1.07 0 0 0 0
1.07667 0 0 0 0
1.08333 0 0 0 0
1.09 0 0 0 0
1.09667 0 0 0 0
1.10333 0 0 0 0
1.11 0 0 0 0
1.11667 0 0 0 0
1.12333 0 0 0 0
1.13 0 0 0 0
1.13667 0 0 0 0
1.14333 0 0 0 0
1.15 0 0 0 0
1.15667 0 0 0 0
1.16333 0 0 0 0
1.17 0 0 0 0
1.17667 0 0 0 0
1.18333 0 0 0 0
1.19 0 0 0 0
1.19667 0 0 0 0
1.20333 0 0 0 0
1.21 0 0 0 0
1.21667 0 0 0 0
1.22333 0 0 0 0
1.23 0 0 0 0
1.23667 0 0 0 0
1.24333 0 0 0 0
1.25 0 0 0 0
1.25667 0 0 0 0
1.26333 0 0 0 0
1.27 0 0 0 0
1.27667 0 0 0 0
1.28333 0 0 0 0
1.29 0 0 0 0
1.29667 0 0 0 0
1.30333 0 0 0 0
1.31 0 0 0 0
1.31667 0 0 0 0
1.32333 0 0 0 0
1.33 0 0 0 0
1.33667 0 0 0 0
1.34333 0 0 0 0
1.35 0 0 0 0
1.35667 0 0 0 0
1.36333 0 0 0 0
1.37 0 0 0 0
1.37667 0 0 0 0
1.38333 0 0 0 0
1.39 0 0 0 0
1.39667 0 0 0 0
1.40333 0 0 0 0
1.41 0 0 0 0
1.41667 0 0 0 0
1.42333 0 0 0 0
1.43 0 0 0 0
1.43667 0 0 0 0
1.44333 0 0 0 0
1.45 0 0 0 0
1.45667 0 0 0 0
1.46333 0 0 0 0
1.47 0 0 0 0
1.47667 0 0 0 0
1.48333 0 0 0 0
1.49 0 0 0 0
1.49667 0 0 0 0
1.50333 0 0 0 0
1.51 0 0 0 0
1.51667 0 0 0 0
1.52333 0 0 0 0
1.53 0 0 0 0
1.53667 0 0 0 0
1.54333 0 0 0 0
1.55 0 0 0 0
1.55667 0 0 0 0
1.56333 0 0 0 0
1.57 0 0 0 0
1.57667 0 0 0 0
1.58333 0 0 0 0
1.59 0 0 0 0
1.59667 0 0 0 0
1.60333 0 0 0 0
1.61 0 0 0 0
1.61667 0 0 0 0
1.62333 0 0 0 0
1.63 0 0 0 0
1.63667 0 0 0 0
1.64333 0 0 0 0
1.65 0 0 0 0
1.65667 0 0 0 0
1.66333 0 0 0 0
1.67 0 0 0 0
1.67667 0 0 0 0
1.68333 0 0 0 0
1.69 0 0 0 0
1.69667 0 0 0 0
1.70333 0 0 0 0
1.71 0 0 0 0
1.71667 0 0 0 0
1.72333 0 0 0 0
1.73 0 0 0 0
1.73667 0 0 0 0
1.74333 0 0 0 0
1.75 0 0 0 0
1.75667 0 0 0 0
1.76333 0 0 0 0
1.77 0 0 0 0
1.77667 0 0 0 0
1.78333 0 0 0 0
1.79 0 0 0 0
1.79667 0 0 0 0
1.80333 0 0 0 0
1.81 0 0 0 0
1.81667 0 0 0 0
1.82333 0 0 0 0
1.83 0 0 0 0
1.83667 0 0 0 0
1.84333 0 0 0 0
1.85 0 0 0 0
1.85667 0 0 0 0
1.86333 0 0 0 0
1.87 0 0 0 0
1.87667 0 0 0 0
1.88333 0 0 0 0
1.89 0 0 0 0
1.89667 0 0 0 0
1.90333 0 0 0 0
1.91 0 0 0 0
1.91667 0 0 0 0
1.92333 0 0 0 0
1.93 0 0 0 0
1.93667 0 0 0 0
1.94333 0 0 0 0
1.95 0 0 0 0
1.95667 0 0 0 0
1.96333 0 0 0 0
1.97 0 0 0 0
1.97667 0 0 0 0
1.98333 0 0 0 0
1.99 0 0 0 0
1.99667 0 0 0 0
