0.00333333 20 69 10 9
0.01 15 83 7 6
0.0166667 31 92 10 6
0.0233333 18 101 11 5
0.03 38 100 18 7
0.0366667 31 134 17 9
0.0433333 38 152 17 5
0.05 60 159 20 14
0.0566667 79 200 24 11
0.0633333 80 227 26 9
0.07 63 238 34 10
0.0766667 84 270 32 11
0.0833333 94 304 32 12
0.09 80 282 28 11
0.0966667 81 284 19 9
0.103333 85 254 31 15
0.11 75 263 17 12
0.116667 76 299 30 12
0.123333 67 274 21 16
0.13 82 271 27 13
0.136667 53 287 22 13
0.143333 80 267 22 10
0.15 68 258 25 13
0.156667 91 241 27 7
0.163333 60 232 17 15
0.17 66 256 20 16
0.176667 68 237 28 18
0.183333 67 268 21 15
0.19 65 293 17 10
0.196667 84 290 17 15
0.203333 76 259 12 10
0.21 68 246 19 9
0.216667 57 251 11 12
0.223333 57 236 17 16
0.23 52 205 17 9
0.236667 56 199 16 8
0.243333 48 189 18 9
0.25 48 179 16 10
0.256667 35 148 20 5
0.263333 51 173 18 8
0.27 51 166 13 11
0.276667 55 167 9 12
0.283333 32 152 11 3
0.29 38 154 8 8
0.296667 44 155 13 7
0.303333 46 133 11 7
0.31 43 117 16 8
0.316667 51 128 13 5
0.323333 33 118 9 7
0.33 34 138 11 7
0.336667 40 112 11 4
0.343333 28 104 6 9
0.35 33 107 11 6
0.356667 41 100 11 4
0.363333 35 102 14 3
0.37 43 99 4 10
0.376667 34 106 11 9
0.383333 36 119 8 4
0.39 29 104 15 6
0.396667 34 101 12 9
0.403333 18 87 7 4
0.41 22 106 11 4
0.416667 32 103 5 7
0.423333 32 95 13 6
0.43 23 93 9 9
0.436667 41 110 6 7
0.443333 34 99 4 12
0.45 15 99 7 9
0.456667 23 93 8 6
0.463333 37 90 11 4
0.47 37 104 7 7
0.476667 24 82 3 5
0.483333 22 53 5 7
0.49 19 59 6 5
0.496667 24 51 11 2
0.503333 22 41 4 4
0.51 20 49 6 4
0.516667 10 49 6 4
0.523333 24 53 4 5
0.53 9 45 2 1
0.536667 16 39 2 2
0.543333 18 46 8 3
0.55 10 37 9 2
0.556667 14 39 6 4
0.563333 14 39 6 4
0.57 9 43 7 7
0.576667 21 41 5 2
0.583333 18 41 10 2
0.59 12 46 6 2
0.596667 11 35 8 2
0.603333 14 43 7 4
0.61 15 41 5 4
0.616667 16 35 0 5
0.623333 13 35 4 2
0.63 9 38 4 1
0.636667 17 37 3 3
0.643333 10 38 1 1
0.65 11 27 3 4
0.656667 8 23 5 5
0.663333 876 3321 106 182
0.67 0 0 0 0
0.676667 0 0 0 0
0.683333 0 0 0 0
0.69 0 0 0 0
0.696667 0 0 0 0
0.703333 0 0 0 0
0.71 0 0 0 0
0.716667 0 0 0 0
0.723333 0 0 0 0
0.73 0 0 0 0
0.736667 0 0 0 0
0.743333 0 0 0 0
0.75 0 0 0 0
0.756667 0 0 0 0
0.763333 0 0 0 0
0.77 0 0 0 0
0.776667 0 0 0 0
0.783333 0 0 0 0
0.79 0 0 0 0
0.796667 0 0 0 0
0.803333 0 0 0 0
0.81 0 0 0 0
0.816667 0 0 0 0
0.823333 0 0 0 0
0.83 0 0 0 0
0.836667 0 0 0 0
0.843333 0 0 0 0
0.85 0 0 0 0
0.856667 0 0 0 0
0.863333 0 0 0 0
0.87 0 0 0 0
0.876667 0 0 0 0
0.883333 0 0 0 0
0.89 0 0 0 0
0.896667 0 0 0 0
0.903333 0 0 0 0
0.91 0 0 0 0
0.916667 0 0 0 0
0.923333 0 0 0 0
0.93 0 0 0 0
0.936667 0 0 0 0
0.943333 0 0 0 0
0.95 0 0 0 0
0.956667 0 0 0 0
0.963333 0 0 0 0
0.97 0 0 0 0
0.976667 0 0 0 0
0.983333 0 0 0 0
0.99 0 0 0 0
0.996667 0 0 0 0
1.00333 0 0 0 0
1.01 0 0 0 0
1.01667 0 0 0 0
1.02333 0 0 0 0
1.03 0 0 0 0
1.03667 0 0 0 0
1.04333 0 0 0 0
1.05 0 0 0 0
1.05667 0 0 0 0
1.06333 0 0 0 0
1.07 0 0 0 0
1.07667 0 0 0 0
1.08333 0 0 0 0
1.09 0 0 0 0
1.09667 0 0 0 0
1.10333 0 0 0 0
1.11 0 0 0 0
1.11667 0 0 0 0
1.12333 0 0 0 0
1.13 0 0 0 0
1.13667 0 0 0 0
1.14333 0 0 0 0
1.15 0 0 0 0
1.15667 0 0 0 0
1.16333 0 0 0 0
1.17 0 0 0 0
1.17667 0 0 0 0
1.18333 0 0 0 0
1.19 0 0 0 0
1.19667 0 0 0 0
1.20333 0 0 0 0
1.21 0 0 0 0
1.21667 0 0 0 0
1.22333 0 0 0 0
1.23 0 0 0 0
1.23667 0 0 0 0
1.24333 0 0 0 0
1.25 0 0 0 0
1.25667 0 0 0 0
1.26333 0 0 0 0
1.27 0 0 0 0
1.27667 0 0 0 0
1.28333 0 0 0 0
1.29 0 0 0 0
1.29667 0 0 0 0
1.30333 0 0 0 0
1.31 0 0 0 0
1.31667 0 0 0 0
1.32333 0 0 0 0
1.33 0 0 0 0
1.33667 0 0 0 0
1.34333 0 0 0 0
1.35 0 0 0 0
1.35667 0 0 0 0
1.36333 0 0 0 0
1.37 0 0 0 0
1.37667 0 0 0 0
1.38333 0 0 0 0
1.39 0 0 0 0
1.39667 0 0 0 0
1.40333 0 0 0 0
1.41 0 0 0 0
1.41667 0 0 0 0
1.42333 0 0 0 0
1.43 0 0 0 0
1.43667 0 0 0 0
1.44333 0 0 0 0
1.45 0 0 0 0
1.45667 0 0 0 0
1.46333 0 0 0 0
1.47 0 0 0 0
1.47667 0 0 0 0
1.48333 0 0 0 0
1.49 0 0 0 0
1.49667 0 0 0 0
1.50333 0 0 0 0
1.51 0 0 0 0
1.51667 0 0 0 0
1.52333 0 0 0 0
1.53 0 0 0 0
1.53667 0 0 0 0
1.54333 0 0 0 0
1.55 0 0 0 0
1.55667 0 0 0 0
1.56333 0 0 0 0
1.57 0 0 0 0
1.57667 0 0 0 0
1.58333 0 0 0 0
1.59 0 0 0 0
1.59667 0 0 0 0
1.60333 0 0 0 0
1.61 0 0 0 0
1.61667 0 0 0 0
1.62333 0 0 0 0
1.63 0 0 0 0
1.63667 0 0 0 0
1.64333 0 0 0 0
1.65 0 0 0 0
1.65667 0 0 0 0
1.66333 0 0 0 0
1.67 0 0 0 0
1.67667 0 0 0 0
1.68333 0 0 0 0
1.69 0 0 0 0
1.69667 0 0 0 0
1.70333 0 0 0 0
1.71 0 0 0 0
1.71667 0 0 0 0
1.72333 0 0 0 0
1.73 0 0 0 0
1.73667 0 0 0 0
1.74333 0 0 0 0
1.75 0 0 0 0
1.75667 0 0 0 0
1.76333 0 0 0 0
1.77 0 0 0 0
1.77667 0 0 0 0
1.78333 0 0 0 0
1.79 0 0 0 0
1.79667 0 0 0 0
1.80333 0 0 0 0
1.81 0 0 0 0
1.81667 0 0 0 0
1.82333 0 0 0 0
1.83 0 0 0 0
1.83667 0 0 0 0
1.84333 0 0 0 0
1.85 0 0 0 0
1.85667 0 0 0 0
1.86333 0 0 0 0
1.87 0 0 0 0
1.87667 0 0 0 0
1.88333 0 0 0 0
1.89 0 0 0 0
1.89667 0 0 0 0
1.90333 0 0 0 0
1.91 0 0 0 0
1.91667 0 0 0 0
1.92333 0 0 0 0
1.93 0 0 0 0
1.93667 0 0 0 0
1.94333 0 0 0 0
1.95 0 0 0 0
1.95667 0 0 0 0
1.96333 0 0 0 0
1.97 0 0 0 0
1.97667 0 0 0 0
1.98333 0 0 0 0
1.99 0 0 0 0
1.99667 0 0 0 0
