0.00333333 13 75 12 1
0.01 22 83 21 2
0.0166667 29 78 14 1
0.0233333 27 84 11 1
0.03 26 98 9 4
0.0366667 40 112 18 3
0.0433333 45 157 27 5
0.05 46 202 36 4
0.0566667 65 235 29 4
0.0633333 81 236 30 11
0.07 92 294 38 6
0.0766667 65 285 50 6
0.0833333 86 245 45 11
0.09 75 289 46 10
0.0966667 82 306 38 8
0.103333 82 296 44 14
0.11 71 308 41 8
0.116667 80 285 46 5
0.123333 78 280 44 6
0.13 60 295 38 5
0.136667 60 281 27 11
0.143333 60 242 30 4
0.15 59 250 24 4
0.156667 54 244 28 7
0.163333 53 198 27 5
0.17 50 215 39 2
0.176667 72 231 31 6
0.183333 61 248 31 9
0.19 56 256 36 4
0.196667 45 228 30 5
0.203333 57 241 25 5
0.21 57 241 19 2
0.216667 39 208 19 7
0.223333 51 195 27 1
0.23 31 176 34 3
0.236667 39 186 20 7
0.243333 38 171 19 5
0.25 42 163 18 3
0.256667 34 151 16 4
0.263333 31 161 16 8
0.27 38 148 21 4
0.276667 33 166 23 2
0.283333 38 137 20 4
0.29 26 123 18 3
0.296667 31 146 16 5
0.303333 26 108 8 5
0.31 27 111 22 2
0.316667 42 108 20 3
0.323333 26 100 15 2
0.33 28 91 22 4
0.336667 26 122 21 2
0.343333 29 100 16 2
0.35 19 107 16 3
0.356667 29 104 19 4
0.363333 29 92 13 1
0.37 16 85 11 4
0.376667 25 74 16 4
0.383333 30 100 9 3
0.39 14 69 16 1
0.396667 29 69 15 2
0.403333 25 89 18 3
0.41 24 79 13 4
0.416667 21 63 12 5
0.423333 26 80 20 2
0.43 21 84 9 1
0.436667 8 70 5 2
0.443333 27 79 17 3
0.45 19 86 14 1
0.456667 19 68 16 1
0.463333 22 101 19 3
0.47 19 71 6 3
0.476667 18 55 8 6
0.483333 24 55 6 4
0.49 13 58 9 4
0.496667 12 53 5 1
0.503333 13 42 9 1
0.51 13 50 5 0
0.516667 14 44 11 0
0.523333 9 39 8 2
0.53 12 45 9 1
0.536667 17 36 5 3
0.543333 15 45 12 2
0.55 11 41 2 2
0.556667 9 30 3 2
0.563333 13 42 6 3
0.57 12 36 6 1
0.576667 10 43 12 2
0.583333 9 46 10 4
0.59 9 41 7 1
0.596667 4 28 4 0
0.603333 5 44 4 2
0.61 10 46 3 1
0.616667 6 34 9 6
0.623333 6 29 13 0
0.63 10 34 3 1
0.636667 11 37 7 3
0.643333 6 37 5 3
0.65 9 42 6 2
0.656667 10 45 8 0
0.663333 386 2417 243 26
0.67 0 0 0 0
0.676667 0 0 0 0
0.683333 0 0 0 0
0.69 0 0 0 0
0.696667 0 0 0 0
0.703333 0 0 0 0
0.71 0 0 0 0
0.716667 0 0 0 0
0.723333 0 0 0 0
0.73 0 0 0 0
0.736667 0 0 0 0
0.743333 0 0 0 0
0.75 0 0 0 0
0.756667 0 0 0 0
0.763333 0 0 0 0
0.77 0 0 0 0
0.776667 0 0 0 0
0.783333 0 0 0 0
0.79 0 0 0 0
0.796667 0 0 0 0
0.803333 0 0 0 0
0.81 0 0 0 0
0.816667 0 0 0 0
0.823333 0 0 0 0
0.83 0 0 0 0
0.836667 0 0 0 0
0.843333 0 0 0 0
0.85 0 0 0 0
0.856667 0 0 0 0
0.863333 0 0 0 0
0.87 0 0 0 0
0.876667 0 0 0 0
0.883333 0 0 0 0
0.89 0 0 0 0
0.896667 0 0 0 0
0.903333 0 0 0 0
0.91 0 0 0 0
0.916667 0 0 0 0
0.923333 0 0 0 0
0.93 0 0 0 0
0.936667 0 0 0 0
0.943333 0 0 0 0
0.95 0 0 0 0
0.956667 0 0 0 0
0.963333 0 0 0 0
0.97 0 0 0 0
0.976667 0 0 0 0
0.983333 0 0 0 0
0.99 0 0 0 0
0.996667 0 0 0 0
1.00333 0 0 0 0
1.01 0 0 0 0
1.01667 0 0 0 0
1.02333 0 0 0 0
1.03 0 0 0 0
1.03667 0 0 0 0
1.04333 0 0 0 0
1.05 0 0 0 0
1.05667 0 0 0 0
1.06333 0 0 0 0
1.07 0 0 0 0
1.07667 0 0 0 0
1.08333 0 0 0 0
1.09 0 0 0 0
1.09667 0 0 0 0
1.10333 0 0 0 0
1.11 0 0 0 0
1.11667 0 0 0 0
1.12333 0 0 0 0
1.13 0 0 0 0
1.13667 0 0 0 0
1.14333 0 0 0 0
1.15 0 0 0 0
1.15667 0 0 0 0
1.16333 0 0 0 0
1.17 0 0 0 0
1.17667 0 0 0 0
1.18333 0 0 0 0
1.19 0 0 0 0
1.19667 0 0 0 0
1.20333 0 0 0 0
1.21 0 0 0 0
1.21667 0 0 0 0
1.22333 0 0 0 0
1.23 0 0 0 0
1.23667 0 0 0 0
1.24333 0 0 0 0
1.25 0 0 0 0
1.25667 0 0 0 0
1.26333 0 0 0 0
1.27 0 0 0 0
1.27667 0 0 0 0
1.28333 0 0 0 0
1.29 0 0 0 0
1.29667 0 0 0 0
1.30333 0 0 0 0
1.31 0 0 0 0
1.31667 0 0 0 0
1.32333 0 0 0 0
1.33 0 0 0 0
1.33667 0 0 0 0
1.34333 0 0 0 0
1.35 0 0 0 0
1.35667 0 0 0 0
1.36333 0 0 0 0
1.37 0 0 0 0
1.37667 0 0 0 0
1.38333 0 0 0 0
1.39 0 0 0 0
1.39667 0 0 0 0
1.40333 0 0 0 0
1.41 0 0 0 0
1.41667 0 0 0 0
1.42333 0 0 0 0
1.43 0 0 0 0
1.43667 0 0 0 0
1.44333 0 0 0 0
1.45 0 0 0 0
1.45667 0 0 0 0
1.46333 0 0 0 0
1.47 0 0 0 0
1.47667 0 0 0 0
1.48333 0 0 0 0
1.49 0 0 0 0
1.49667 0 0 0 0
1.50333 0 0 0 0
1.51 0 0 0 0
1.51667 0 0 0 0
1.52333 0 0 0 0
1.53 0 0 0 0
1.53667 0 0 0 0
1.54333 0 0 0 0
1.55 0 0 0 0
1.55667 0 0 0 0
1.56333 0 0 0 0
1.57 0 0 0 0
1.57667 0 0 0 0
1.58333 0 0 0 0
1.59 0 0 0 0
1.59667 0 0 0 0
1.60333 0 0 0 0
1.61 0 0 0 0
1.61667 0 0 0 0
1.62333 0 0 0 0
1.63 0 0 0 0
1.63667 0 0 0 0
1.64333 0 0 0 0
1.65 0 0 0 0
1.65667 0 0 0 0
1.66333 0 0 0 0
1.67 0 0 0 0
1.67667 0 0 0 0
1.68333 0 0 0 0
1.69 0 0 0 0
1.69667 0 0 0 0
1.70333 0 0 0 0
1.71 0 0 0 0
1.71667 0 0 0 0
1.72333 0 0 0 0
1.73 0 0 0 0
1.73667 0 0 0 0
1.74333 0 0 0 0
1.75 0 0 0 0
1.75667 0 0 0 0
1.76333 0 0 0 0
1.77 0 0 0 0
1.77667 0 0 0 0
1.78333 0 0 0 0
1.79 0 0 0 0
1.79667 0 0 0 0
1.80333 0 0 0 0
1.81 0 0 0 0
1.81667 0 0 0 0
1.82333 0 0 0 0
1.83 0 0 0 0
1.83667 0 0 0 0
1.84333 0 0 0 0
1.85 0 0 0 0
1.85667 0 0 0 0
1.86333 0 0 0 0
1.87 0 0 0 0
1.87667 0 0 0 0
1.88333 0 0 0 0
1.89 0 0 0 0
1.89667 0 0 0 0
1.90333 0 0 0 0
1.91 0 0 0 0
1.91667 0 0 0 0
1.92333 0 0 0 0
1.93 0 0 0 0
1.93667 0 0 0 0
1.94333 0 0 0 0
1.95 0 0 0 0
1.95667 0 0 0 0
1.96333 0 0 0 0
1.97 0 0 0 0
1.97667 0 0 0 0
1.98333 0 0 0 0
1.99 0 0 0 0
1.99667 0 0 0 0
