0.00333333 5 28 18 2
0.01 8 35 27 2
0.0166667 4 38 24 2
0.0233333 5 42 19 1
0.03 8 34 22 1
0.0366667 14 57 34 1
0.0433333 22 58 27 5
0.05 27 92 29 4
0.0566667 27 113 42 5
0.0633333 34 138 44 8
0.07 39 118 49 4
0.0766667 37 112 50 5
0.0833333 28 103 73 9
0.09 33 110 59 9
0.0966667 34 112 55 5
0.103333 33 111 70 6
0.11 28 91 63 5
0.116667 32 116 60 4
0.123333 27 113 56 1
0.13 21 109 43 5
0.136667 26 99 52 3
0.143333 31 100 52 6
0.15 21 95 52 4
0.156667 22 88 38 2
0.163333 20 101 40 6
0.17 26 78 53 4
0.176667 18 75 47 2
0.183333 21 83 65 7
0.19 16 87 70 5
0.196667 30 82 82 4
0.203333 16 69 66 3
0.21 18 90 42 6
0.216667 20 72 46 3
0.223333 17 65 42 3
0.23 20 72 38 8
0.236667 15 71 48 2
0.243333 17 43 55 2
0.25 13 68 35 3
0.256667 14 72 29 1
0.263333 23 53 36 4
0.27 7 63 36 5
0.276667 14 61 41 6
0.283333 10 48 38 0
0.29 18 60 26 1
0.296667 6 58 36 2
0.303333 14 55 34 2
0.31 9 50 23 2
0.316667 15 52 39 1
0.323333 12 40 31 1
0.33 11 49 36 2
0.336667 14 48 30 1
0.343333 13 43 27 2
0.35 8 47 29 2
0.356667 9 36 29 3
0.363333 11 46 36 1
0.37 10 39 24 2
0.376667 16 45 31 2
0.383333 10 46 33 2
0.39 9 41 29 2
0.396667 15 50 22 0
0.403333 7 35 37 2
0.41 11 36 34 2
0.416667 8 48 25 2
0.423333 6 39 19 0
0.43 9 35 27 1
0.436667 10 40 17 3
0.443333 9 40 23 3
0.45 11 34 20 2
0.456667 10 44 29 2
0.463333 10 48 44 1
0.47 8 26 32 2
0.476667 9 31 24 4
0.483333 11 19 15 2
0.49 8 26 10 1
0.496667 6 29 13 0
0.503333 13 11 8 1
0.51 8 25 10 3
0.516667 6 20 14 2
0.523333 7 16 10 1
0.53 8 18 13 0
0.536667 5 23 8 0
0.543333 4 26 15 2
0.55 1 17 16 0
0.556667 4 19 15 1
0.563333 9 21 12 2
0.57 5 22 14 4
0.576667 7 19 12 2
0.583333 3 15 9 2
0.59 6 21 16 0
0.596667 3 21 5 0
0.603333 3 14 14 1
0.61 2 24 1 2
0.616667 2 21 8 2
0.623333 4 21 6 0
0.63 5 16 9 0
0.636667 5 26 14 0
0.643333 3 22 9 1
0.65 5 13 4 3
0.656667 9 16 7 0
0.663333 142 847 1107 19
0.67 0 0 0 0
0.676667 0 0 0 0
0.683333 0 0 0 0
0.69 0 0 0 0
0.696667 0 0 0 0
0.703333 0 0 0 0
0.71 0 0 0 0
0.716667 0 0 0 0
0.723333 0 0 0 0
0.73 0 0 0 0
0.736667 0 0 0 0
0.743333 0 0 0 0
0.75 0 0 0 0
0.756667 0 0 0 0
0.763333 0 0 0 0
0.77 0 0 0 0
0.776667 0 0 0 0
0.783333 0 0 0 0
0.79 0 0 0 0
0.796667 0 0 0 0
0.803333 0 0 0 0
0.81 0 0 0 0
0.816667 0 0 0 0
0.823333 0 0 0 0
0.83 0 0 0 0
0.836667 0 0 0 0
0.843333 0 0 0 0
0.85 0 0 0 0
0.856667 0 0 0 0
0.863333 0 0 0 0
0.87 0 0 0 0
0.876667 0 0 0 0
0.883333 0 0 0 0
0.89 0 0 0 0
0.896667 0 0 0 0
0.903333 0 0 0 0
0.91 0 0 0 0
0.916667 0 0 0 0
0.923333 0 0 0 0
0.93 0 0 0 0
0.936667 0 0 0 0
0.943333 0 0 0 0
0.95 0 0 0 0
0.956667 0 0 0 0
0.963333 0 0 0 0
0.97 0 0 0 0
0.976667 0 0 0 0
0.983333 0 0 0 0
0.99 0 0 0 0
0.996667 0 0 0 0
1.00333 0 0 0 0
1.01 0 0 0 0
1.01667 0 0 0 0
1.02333 0 0 0 0
1.03 0 0 0 0
1.03667 0 0 0 0
1.04333 0 0 0 0
1.05 0 0 0 0
1.05667 0 0 0 0
1.06333 0 0 0 0
1.07 0 0 0 0
1.07667 0 0 0 0
1.08333 0 0 0 0
1.09 0 0 0 0
1.09667 0 0 0 0
1.10333 0 0 0 0
1.11 0 0 0 0
1.11667 0 0 0 0
1.12333 0 0 0 0
1.13 0 0 0 0
1.13667 0 0 0 0
1.14333 0 0 0 0
1.15 0 0 0 0
1.15667 0 0 0 0
1.16333 0 0 0 0
1.17 0 0 0 0
1.17667 0 0 0 0
1.18333 0 0 0 0
1.19 0 0 0 0
1.19667 0 0 0 0
1.20333 0 0 0 0
1.21 0 0 0 0
1.21667 0 0 0 0
1.22333 0 0 0 0
1.23 0 0 0 0
1.23667 0 0 0 0
1.24333 0 0 0 0
1.25 0 0 0 0
1.25667 0 0 0 0
1.26333 0 0 0 0
1.27 0 0 0 0
1.27667 0 0 0 0
1.28333 0 0 0 0
1.29 0 0 0 0
1.29667 0 0 0 0
1.30333 0 0 0 0
1.31 0 0 0 0
1.31667 0 0 0 0
1.32333 0 0 0 0
1.33 0 0 0 0
1.33667 0 0 0 0
1.34333 0 0 0 0
1.35 0 0 0 0
1.35667 0 0 0 0
1.36333 0 0 0 0
1.37 0 0 0 0
1.37667 0 0 0 0
1.38333 0 0 0 0
1.39 0 0 0 0
1.39667 0 0 0 0
1.40333 0 0 0 0
1.41 0 0 0 0
1.41667 0 0 0 0
1.42333 0 0 0 0
1.43 0 0 0 0
1.43667 0 0 0 0
1.44333 0 0 0 0
1.45 0 0 0 0
1.45667 0 0 0 0
1.46333 0 0 0 0
1.47 0 0 0 0
1.47667 0 0 0 0
1.48333 0 0 0 0
1.49 0 0 0 0
1.49667 0 0 0 0
1.50333 0 0 0 0
1.51 0 0 0 0
1.51667 0 0 0 0
1.52333 0 0 0 0
1.53 0 0 0 0
1.53667 0 0 0 0
1.54333 0 0 0 0
1.55 0 0 0 0
1.55667 0 0 0 0
1.56333 0 0 0 0
1.57 0 0 0 0
1.57667 0 0 0 0
1.58333 0 0 0 0
1.59 0 0 0 0
1.59667 0 0 0 0
1.60333 0 0 0 0
1.61 0 0 0 0
1.61667 0 0 0 0
1.62333 0 0 0 0
1.63 0 0 0 0
1.63667 0 0 0 0
1.64333 0 0 0 0
1.65 0 0 0 0
1.65667 0 0 0 0
1.66333 0 0 0 0
1.67 0 0 0 0
1.67667 0 0 0 0
1.68333 0 0 0 0
1.69 0 0 0 0
1.69667 0 0 0 0
1.70333 0 0 0 0
1.71 0 0 0 0
1.71667 0 0 0 0
1.72333 0 0 0 0
1.73 0 0 0 0
1.73667 0 0 0 0
1.74333 0 0 0 0
1.75 0 0 0 0
1.75667 0 0 0 0
1.76333 0 0 0 0
1.77 0 0 0 0
1.77667 0 0 0 0
1.78333 0 0 0 0
1.79 0 0 0 0
1.79667 0 0 0 0
1.80333 0 0 0 0
1.81 0 0 0 0
1.81667 0 0 0 0
1.82333 0 0 0 0
1.83 0 0 0 0
1.83667 0 0 0 0
1.84333 0 0 0 0
1.85 0 0 0 0
1.85667 0 0 0 0
1.86333 0 0 0 0
1.87 0 0 0 0
1.87667 0 0 0 0
1.88333 0 0 0 0
1.89 0 0 0 0
1.89667 0 0 0 0
1.90333 0 0 0 0
1.91 0 0 0 0
1.91667 0 0 0 0
1.92333 0 0 0 0
1.93 0 0 0 0
1.93667 0 0 0 0
1.94333 0 0 0 0
1.95 0 0 0 0
1.95667 0 0 0 0
1.96333 0 0 0 0
1.97 0 0 0 0
1.97667 0 0 0 0
1.98333 0 0 0 0
1.99 0 0 0 0
1.99667 0 0 0 0
