0.00333333 5 71 34 1
0.01 6 62 35 3
0.0166667 6 63 37 2
0.0233333 6 69 40 0
0.03 8 86 37 5
0.0366667 8 83 32 5
0.0433333 11 103 50 4
0.05 16 127 59 6
0.0566667 20 133 70 7
0.0633333 26 167 56 8
0.07 11 160 63 3
0.0766667 20 159 91 7
0.0833333 19 169 82 14
0.09 18 163 70 5
0.0966667 17 191 83 6
0.103333 30 166 86 7
0.11 21 168 90 9
0.116667 22 185 91 7
0.123333 17 178 86 9
0.13 12 182 79 3
0.136667 17 184 83 5
0.143333 12 176 80 9
0.15 13 144 78 8
0.156667 10 152 69 6
0.163333 10 149 79 7
0.17 15 154 61 5
0.176667 13 173 89 4
0.183333 12 185 78 4
0.19 8 181 108 6
0.196667 20 171 76 6
0.203333 8 165 77 6
0.21 13 155 77 1
0.216667 8 166 82 5
0.223333 13 131 59 10
0.23 12 164 75 5
0.236667 6 148 66 4
0.243333 18 122 50 1
0.25 8 112 65 4
0.256667 13 124 62 8
0.263333 14 114 50 1
0.27 14 94 52 4
0.276667 11 95 58 3
0.283333 8 101 51 4
0.29 5 111 55 2
0.296667 9 93 47 2
0.303333 9 103 46 3
0.31 8 116 51 3
0.316667 10 106 42 5
0.323333 8 95 56 1
0.33 4 104 36 3
0.336667 7 88 43 3
0.343333 8 81 45 2
0.35 5 65 45 2
0.356667 10 79 37 2
0.363333 12 72 44 3
0.37 9 68 42 4
0.376667 10 78 43 6
0.383333 8 73 37 0
0.39 9 85 42 3
0.396667 4 85 43 4
0.403333 8 67 37 3
0.41 9 68 31 2
0.416667 8 63 35 2
0.423333 5 69 43 2
0.43 9 81 32 1
0.436667 5 79 33 5
0.443333 6 53 36 0
0.45 2 66 37 1
0.456667 6 50 35 5
0.463333 4 80 38 3
0.47 4 70 31 1
0.476667 3 61 29 1
0.483333 8 48 22 3
0.49 5 46 21 4
0.496667 7 41 20 3
0.503333 5 36 21 1
0.51 4 42 19 0
0.516667 4 29 24 2
0.523333 3 35 28 2
0.53 2 40 13 3
0.536667 4 27 14 1
0.543333 8 30 17 0
0.55 3 43 9 0
0.556667 3 23 9 2
0.563333 0 32 14 1
0.57 2 28 13 2
0.576667 6 22 15 3
0.583333 2 41 21 0
0.59 2 22 16 3
0.596667 2 34 19 1
0.603333 1 26 11 0
0.61 4 34 12 1
0.616667 4 20 4 1
0.623333 3 26 8 2
0.63 3 30 18 3
0.636667 6 29 14 1
0.643333 2 38 6 0
0.65 3 20 10 3
0.656667 4 20 15 0
0.663333 97 2370 1332 32
0.67 0 0 0 0
0.676667 0 0 0 0
0.683333 0 0 0 0
0.69 0 0 0 0
0.696667 0 0 0 0
0.703333 0 0 0 0
0.71 0 0 0 0
0.716667 0 0 0 0
0.723333 0 0 0 0
0.73 0 0 0 0
0.736667 0 0 0 0
0.743333 0 0 0 0
0.75 0 0 0 0
0.756667 0 0 0 0
0.763333 0 0 0 0
0.77 0 0 0 0
0.776667 0 0 0 0
0.783333 0 0 0 0
0.79 0 0 0 0
0.796667 0 0 0 0
0.803333 0 0 0 0
0.81 0 0 0 0
0.816667 0 0 0 0
0.823333 0 0 0 0
0.83 0 0 0 0
0.836667 0 0 0 0
0.843333 0 0 0 0
0.85 0 0 0 0
0.856667 0 0 0 0
0.863333 0 0 0 0
0.87 0 0 0 0
0.876667 0 0 0 0
0.883333 0 0 0 0
0.89 0 0 0 0
0.896667 0 0 0 0
0.903333 0 0 0 0
0.91 0 0 0 0
0.916667 0 0 0 0
0.923333 0 0 0 0
0.93 0 0 0 0
0.936667 0 0 0 0
0.943333 0 0 0 0
0.95 0 0 0 0
0.956667 0 0 0 0
0.963333 0 0 0 0
0.97 0 0 0 0
0.976667 0 0 0 0
0.983333 0 0 0 0
0.99 0 0 0 0
0.996667 0 0 0 0
1.00333 0 0 0 0
1.01 0 0 0 0
1.01667 0 0 0 0
1.02333 0 0 0 0
1.03 0 0 0 0
1.03667 0 0 0 0
1.04333 0 0 0 0
1.05 0 0 0 0
1.05667 0 0 0 0
1.06333 0 0 0 0
1.07 0 0 0 0
1.07667 0 0 0 0
1.08333 0 0 0 0
1.09 0 0 0 0
1.09667 0 0 0 0
1.10333 0 0 0 0
1.11 0 0 0 0
1.11667 0 0 0 0
1.12333 0 0 0 0
1.13 0 0 0 0
1.13667 0 0 0 0
1.14333 0 0 0 0
1.15 0 0 0 0
1.15667 0 0 0 0
1.16333 0 0 0 0
1.17 0 0 0 0
1.17667 0 0 0 0
1.18333 0 0 0 0
1.19 0 0 0 0
1.19667 0 0 0 0
1.20333 0 0 0 0
1.21 0 0 0 0
1.21667 0 0 0 0
1.22333 0 0 0 0
1.23 0 0 0 0
1.23667 0 0 0 0
1.24333 0 0 0 0
1.25 0 0 0 0
1.25667 0 0 0 0
1.26333 0 0 0 0
1.27 0 0 0 0
1.27667 0 0 0 0
1.28333 0 0 0 0
1.29 0 0 0 0
1.29667 0 0 0 0
1.30333 0 0 0 0
1.31 0 0 0 0
1.31667 0 0 0 0
1.32333 0 0 0 0
1.33 0 0 0 0
1.33667 0 0 0 0
1.34333 0 0 0 0
1.35 0 0 0 0
1.35667 0 0 0 0
1.36333 0 0 0 0
1.37 0 0 0 0
1.37667 0 0 0 0
1.38333 0 0 0 0
1.39 0 0 0 0
1.39667 0 0 0 0
1.40333 0 0 0 0
1.41 0 0 0 0
1.41667 0 0 0 0
1.42333 0 0 0 0
1.43 0 0 0 0
1.43667 0 0 0 0
1.44333 0 0 0 0
1.45 0 0 0 0
1.45667 0 0 0 0
1.46333 0 0 0 0
1.47 0 0 0 0
1.47667 0 0 0 0
1.48333 0 0 0 0
1.49 0 0 0 0
1.49667 0 0 0 0
1.50333 0 0 0 0
1.51 0 0 0 0
1.51667 0 0 0 0
1.52333 0 0 0 0
1.53 0 0 0 0
1.53667 0 0 0 0
1.54333 0 0 0 0
1.55 0 0 0 0
1.55667 0 0 0 0
1.56333 0 0 0 0
1.57 0 0 0 0
1.57667 0 0 0 0
1.58333 0 0 0 0
1.59 0 0 0 0
1.59667 0 0 0 0
1.60333 0 0 0 0
1.61 0 0 0 0
1.61667 0 0 0 0
1.62333 0 0 0 0
1.63 0 0 0 0
1.63667 0 0 0 0
1.64333 0 0 0 0
1.65 0 0 0 0
1.65667 0 0 0 0
1.66333 0 0 0 0
1.67 0 0 0 0
1.67667 0 0 0 0
1.68333 0 0 0 0
1.69 0 0 0 0
1.69667 0 0 0 0
1.70333 0 0 0 0
1.71 0 0 0 0
1.71667 0 0 0 0
1.72333 0 0 0 0
1.73 0 0 0 0
1.73667 0 0 0 0
1.74333 0 0 0 0
1.75 0 0 0 0
1.75667 0 0 0 0
1.76333 0 0 0 0
1.77 0 0 0 0
1.77667 0 0 0 0
1.78333 0 0 0 0
1.79 0 0 0 0
1.79667 0 0 0 0
1.80333 0 0 0 0
1.81 0 0 0 0
1.81667 0 0 0 0
1.82333 0 0 0 0
1.83 0 0 0 0
1.83667 0 0 0 0
1.84333 0 0 0 0
1.85 0 0 0 0
1.85667 0 0 0 0
1.86333 0 0 0 0
1.87 0 0 0 0
1.87667 0 0 0 0
1.88333 0 0 0 0
1.89 0 0 0 0
1.89667 0 0 0 0
1.90333 0 0 0 0
1.91 0 0 0 0
1.91667 0 0 0 0
1.92333 0 0 0 0
1.93 0 0 0 0
1.93667 0 0 0 0
1.94333 0 0 0 0
1.95 0 0 0 0
1.95667 0 0 0 0
1.96333 0 0 0 0
1.97 0 0 0 0
1.97667 0 0 0 0
1.98333 0 0 0 0
1.99 0 0 0 0
1.99667 0 0 0 0
