0.00333333 3 0 7 171
0.01 1 1 7 179
0.0166667 7 1 8 170
0.0233333 1 1 7 182
0.03 4 0 10 184
0.0366667 3 4 8 178
0.0433333 9 2 18 191
0.05 7 0 23 240
0.0566667 1 0 24 225
0.0633333 5 3 26 228
0.07 3 0 28 261
0.0766667 4 1 24 268
0.0833333 3 3 26 301
0.09 3 1 24 280
0.0966667 4 3 34 300
0.103333 4 2 25 297
0.11 4 1 20 307
0.116667 5 1 34 292
0.123333 6 3 23 314
0.13 3 2 19 344
0.136667 6 2 13 343
0.143333 3 3 26 350
0.15 6 0 20 349
0.156667 2 4 15 339
0.163333 10 2 8 364
0.17 7 3 15 335
0.176667 6 0 17 347
0.183333 2 2 20 478
0.19 6 2 11 643
0.196667 11 2 17 602
0.203333 3 3 21 552
0.21 7 1 16 515
0.216667 9 1 11 448
0.223333 8 2 15 433
0.23 7 2 12 406
0.236667 8 3 14 344
0.243333 6 3 17 288
0.25 7 0 16 320
0.256667 5 0 9 308
0.263333 4 5 18 292
0.27 5 0 17 256
0.276667 5 0 10 257
0.283333 3 0 10 238
0.29 4 2 10 229
0.296667 6 1 9 227
0.303333 7 0 6 201
0.31 4 3 13 238
0.316667 1 1 8 193
0.323333 3 2 4 208
0.33 5 2 15 239
0.336667 6 2 11 189
0.343333 7 1 9 222
0.35 12 2 12 211
0.356667 5 1 9 193
0.363333 5 2 9 212
0.37 5 2 6 181
0.376667 5 4 8 175
0.383333 4 1 9 201
0.39 4 2 10 166
0.396667 3 2 14 214
0.403333 4 2 7 230
0.41 1 2 7 182
0.416667 5 2 4 183
0.423333 4 0 9 218
0.43 5 0 9 199
0.436667 0 1 6 181
0.443333 1 1 8 203
0.45 4 0 14 205
0.456667 4 2 10 223
0.463333 5 2 8 226
0.47 5 1 13 233
0.476667 6 2 6 158
0.483333 1 0 6 78
0.49 4 1 5 55
0.496667 3 0 5 65
0.503333 2 0 2 59
0.51 2 1 11 36
0.516667 5 2 2 36
0.523333 2 0 5 39
0.53 1 1 6 43
0.536667 1 0 5 37
0.543333 4 0 7 33
0.55 2 4 5 28
0.556667 1 2 5 39
0.563333 0 0 10 29
0.57 2 1 6 35
0.576667 1 1 3 39
0.583333 0 0 4 51
0.59 1 1 5 32
0.596667 1 1 3 33
0.603333 0 1 2 29
0.61 2 2 4 41
0.616667 0 0 3 36
0.623333 1 0 4 27
0.63 0 0 4 38
0.636667 3 0 3 60
0.643333 1 1 1 26
0.65 1 2 6 22
0.656667 0 0 5 28
0.663333 242 36 111 13471
0.67 0 0 0 0
0.676667 0 0 0 0
0.683333 0 0 0 0
0.69 0 0 0 0
0.696667 0 0 0 0
0.703333 0 0 0 0
0.71 0 0 0 0
0.716667 0 0 0 0
0.723333 0 0 0 0
0.73 0 0 0 0
0.736667 0 0 0 0
0.743333 0 0 0 0
0.75 0 0 0 0
0.756667 0 0 0 0
0.763333 0 0 0 0
0.77 0 0 0 0
0.776667 0 0 0 0
0.783333 0 0 0 0
0.79 0 0 0 0
0.796667 0 0 0 0
0.803333 0 0 0 0
0.81 0 0 0 0
0.816667 0 0 0 0
0.823333 0 0 0 0
0.83 0 0 0 0
0.836667 0 0 0 0
0.843333 0 0 0 0
0.85 0 0 0 0
0.856667 0 0 0 0
0.863333 0 0 0 0
0.87 0 0 0 0
0.876667 0 0 0 0
0.883333 0 0 0 0
0.89 0 0 0 0
0.896667 0 0 0 0
0.903333 0 0 0 0
0.91 0 0 0 0
0.916667 0 0 0 0
0.923333 0 0 0 0
0.93 0 0 0 0
0.936667 0 0 0 0
0.943333 0 0 0 0
0.95 0 0 0 0
0.956667 0 0 0 0
0.963333 0 0 0 0
0.97 0 0 0 0
0.976667 0 0 0 0
0.983333 0 0 0 0
0.99 0 0 0 0
0.996667 0 0 0 0
1.00333 0 0 0 0
1.01 0 0 0 0
1.01667 0 0 0 0
1.02333 0 0 0 0
1.03 0 0 0 0
1.03667 0 0 0 0
1.04333 0 0 0 0
1.05 0 0 0 0
1.05667 0 0 0 0
1.06333 0 0 0 0
1.07 0 0 0 0
1.07667 0 0 0 0
1.08333 0 0 0 0
1.09 0 0 0 0
1.09667 0 0 0 0
1.10333 0 0 0 0
1.11 0 0 0 0
1.11667 0 0 0 0
1.12333 0 0 0 0
1.13 0 0 0 0
1.13667 0 0 0 0
1.14333 0 0 0 0
1.15 0 0 0 0
1.15667 0 0 0 0
1.16333 0 0 0 0
1.17 0 0 0 0
1.17667 0 0 0 0
1.18333 0 0 0 0
1.19 0 0 0 0
1.19667 0 0 0 0
1.20333 0 0 0 0
1.21 0 0 0 0
1.21667 0 0 0 0
1.22333 0 0 0 0
1.23 0 0 0 0
1.23667 0 0 0 0
1.24333 0 0 0 0
1.25 0 0 0 0
1.25667 0 0 0 0
1.26333 0 0 0 0
1.27 0 0 0 0
1.27667 0 0 0 0
1.28333 0 0 0 0
1.29 0 0 0 0
1.29667 0 0 0 0
1.30333 0 0 0 0
1.31 0 0 0 0
1.31667 0 0 0 0
1.32333 0 0 0 0
1.33 0 0 0 0
1.33667 0 0 0 0
1.34333 0 0 0 0
1.35 0 0 0 0
1.35667 0 0 0 0
1.36333 0 0 0 0
1.37 0 0 0 0
1.37667 0 0 0 0
1.38333 0 0 0 0
1.39 0 0 0 0
1.39667 0 0 0 0
1.40333 0 0 0 0
1.41 0 0 0 0
1.41667 0 0 0 0
1.42333 0 0 0 0
1.43 0 0 0 0
1.43667 0 0 0 0
1.44333 0 0 0 0
1.45 0 0 0 0
1.45667 0 0 0 0
1.46333 0 0 0 0
1.47 0 0 0 0
1.47667 0 0 0 0
1.48333 0 0 0 0
1.49 0 0 0 0
1.49667 0 0 0 0
1.50333 0 0 0 0
1.51 0 0 0 0
1.51667 0 0 0 0
1.52333 0 0 0 0
1.53 0 0 0 0
1.53667 0 0 0 0
1.54333 0 0 0 0
1.55 0 0 0 0
1.55667 0 0 0 0
1.56333 0 0 0 0
1.57 0 0 0 0
1.57667 0 0 0 0
1.58333 0 0 0 0
1.59 0 0 0 0
1.59667 0 0 0 0
1.60333 0 0 0 0
1.61 0 0 0 0
1.61667 0 0 0 0
1.62333 0 0 0 0
1.63 0 0 0 0
1.63667 0 0 0 0
1.64333 0 0 0 0
1.65 0 0 0 0
1.65667 0 0 0 0
1.66333 0 0 0 0
1.67 0 0 0 0
1.67667 0 0 0 0
1.68333 0 0 0 0
1.69 0 0 0 0
1.69667 0 0 0 0
1.70333 0 0 0 0
1.71 0 0 0 0
1.71667 0 0 0 0
1.72333 0 0 0 0
1.73 0 0 0 0
1.73667 0 0 0 0
1.74333 0 0 0 0
1.75 0 0 0 0
1.75667 0 0 0 0
1.76333 0 0 0 0
1.77 0 0 0 0
1.77667 0 0 0 0
1.78333 0 0 0 0
1.79 0 0 0 0
1.79667 0 0 0 0
1.80333 0 0 0 0
1.81 0 0 0 0
1.81667 0 0 0 0
1.82333 0 0 0 0
1.83 0 0 0 0
1.83667 0 0 0 0
1.84333 0 0 0 0
1.85 0 0 0 0
1.85667 0 0 0 0
1.86333 0 0 0 0
1.87 0 0 0 0
1.87667 0 0 0 0
1.88333 0 0 0 0
1.89 0 0 0 0
1.89667 0 0 0 0
1.90333 0 0 0 0
1.91 0 0 0 0
1.91667 0 0 0 0
1.92333 0 0 0 0
1.93 0 0 0 0
1.93667 0 0 0 0
1.94333 0 0 0 0
1.95 0 0 0 0
1.95667 0 0 0 0
1.96333 0 0 0 0
1.97 0 0 0 0
1.97667 0 0 0 0
1.98333 0 0 0 0
1.99 0 0 0 0
1.99667 0 0 0 0
