0.00333333 6 18 7 2
0.01 12 23 19 3
0.0166667 7 26 14 4
0.0233333 12 29 16 1
0.03 17 38 13 2
0.0366667 12 31 18 6
0.0433333 28 54 28 4
0.05 20 71 35 4
0.0566667 28 73 38 7
0.0633333 21 94 31 5
0.07 25 87 47 6
0.0766667 37 82 41 8
0.0833333 35 95 62 10
0.09 33 69 36 9
0.0966667 22 83 53 5
0.103333 30 65 48 10
0.11 47 76 51 12
0.116667 31 81 54 10
0.123333 36 71 43 7
0.13 28 79 47 6
0.136667 24 80 43 2
0.143333 33 58 39 6
0.15 21 59 46 10
0.156667 21 63 37 5
0.163333 22 45 39 4
0.17 29 53 39 7
0.176667 26 56 44 3
0.183333 20 57 44 5
0.19 27 55 60 5
0.196667 27 61 45 4
0.203333 17 31 51 4
0.21 19 39 36 3
0.216667 16 44 39 5
0.223333 18 30 34 5
0.23 19 38 31 9
0.236667 5 44 31 5
0.243333 14 35 35 4
0.25 18 45 32 2
0.256667 19 36 33 4
0.263333 13 40 33 3
0.27 15 41 23 5
0.276667 12 51 34 6
0.283333 21 42 29 3
0.29 16 53 20 3
0.296667 17 33 25 3
0.303333 15 34 21 7
0.31 17 35 28 0
0.316667 15 29 28 2
0.323333 21 28 20 2
0.33 16 39 29 3
0.336667 13 22 23 4
0.343333 13 31 22 2
0.35 16 38 28 2
0.356667 15 35 14 2
0.363333 12 30 22 2
0.37 12 31 18 3
0.376667 11 23 20 3
0.383333 18 23 16 9
0.39 9 27 24 1
0.396667 12 26 18 0
0.403333 12 29 20 3
0.41 10 20 21 0
0.416667 15 16 11 2
0.423333 5 23 19 1
0.43 11 23 24 2
0.436667 8 30 11 4
0.443333 7 28 27 1
0.45 14 25 14 5
0.456667 7 24 22 1
0.463333 7 24 19 3
0.47 9 13 28 0
0.476667 10 19 19 1
0.483333 6 13 14 3
0.49 6 19 9 2
0.496667 8 12 9 5
0.503333 4 15 16 1
0.51 8 19 11 3
0.516667 3 16 12 1
0.523333 3 16 12 3
0.53 3 17 7 0
0.536667 5 14 16 0
0.543333 7 16 11 2
0.55 9 16 12 1
0.556667 2 6 5 2
0.563333 6 9 9 0
0.57 6 9 13 3
0.576667 6 16 12 3
0.583333 7 8 12 4
0.59 5 10 9 2
0.596667 2 9 12 2
0.603333 4 10 9 1
0.61 8 14 10 2
0.616667 8 12 7 2
0.623333 4 14 16 0
0.63 9 12 13 1
0.636667 5 14 18 3
0.643333 3 17 7 2
0.65 6 14 5 3
0.656667 3 16 8 2
0.663333 169 358 545 33
0.67 0 0 0 0
0.676667 0 0 0 0
0.683333 0 0 0 0
0.69 0 0 0 0
0.696667 0 0 0 0
0.703333 0 0 0 0
0.71 0 0 0 0
0.716667 0 0 0 0
0.723333 0 0 0 0
0.73 0 0 0 0
0.736667 0 0 0 0
0.743333 0 0 0 0
0.75 0 0 0 0
0.756667 0 0 0 0
0.763333 0 0 0 0
0.77 0 0 0 0
0.776667 0 0 0 0
0.783333 0 0 0 0
0.79 0 0 0 0
0.796667 0 0 0 0
0.803333 0 0 0 0
0.81 0 0 0 0
0.816667 0 0 0 0
0.823333 0 0 0 0
0.83 0 0 0 0
0.836667 0 0 0 0
0.843333 0 0 0 0
0.85 0 0 0 0
0.856667 0 0 0 0
0.863333 0 0 0 0
0.87 0 0 0 0
0.876667 0 0 0 0
0.883333 0 0 0 0
0.89 0 0 0 0
0.896667 0 0 0 0
0.903333 0 0 0 0
0.91 0 0 0 0
0.916667 0 0 0 0
0.923333 0 0 0 0
0.93 0 0 0 0
0.936667 0 0 0 0
0.943333 0 0 0 0
0.95 0 0 0 0
0.956667 0 0 0 0
0.963333 0 0 0 0
0.97 0 0 0 0
0.976667 0 0 0 0
0.983333 0 0 0 0
0.99 0 0 0 0
0.996667 0 0 0 0
1.00333 0 0 0 0
1.01 0 0 0 0
1.01667 0 0 0 0
1.02333 0 0 0 0
1.03 0 0 0 0
1.03667 0 0 0 0
1.04333 0 0 0 0
1.05 0 0 0 0
1.05667 0 0 0 0
1.06333 0 0 0 0
1.07 0 0 0 0
1.07667 0 0 0 0
1.08333 0 0 0 0
1.09 0 0 0 0
1.09667 0 0 0 0
1.10333 0 0 0 0
1.11 0 0 0 0
1.11667 0 0 0 0
1.12333 0 0 0 0
1.13 0 0 0 0
1.13667 0 0 0 0
1.14333 0 0 0 0
1.15 0 0 0 0
1.15667 0 0 0 0
1.16333 0 0 0 0
1.17 0 0 0 0
1.17667 0 0 0 0
1.18333 0 0 0 0
1.19 0 0 0 0
1.19667 0 0 0 0
1.20333 0 0 0 0
1.21 0 0 0 0
1.21667 0 0 0 0
1.22333 0 0 0 0
1.23 0 0 0 0
1.23667 0 0 0 0
1.24333 0 0 0 0
1.25 0 0 0 0
1.25667 0 0 0 0
1.26333 0 0 0 0
1.27 0 0 0 0
1.27667 0 0 0 0
1.28333 0 0 0 0
1.29 0 0 0 0
1.29667 0 0 0 0
1.30333 0 0 0 0
1.31 0 0 0 0
1.31667 0 0 0 0
1.32333 0 0 0 0
1.33 0 0 0 0
1.33667 0 0 0 0
1.34333 0 0 0 0
1.35 0 0 0 0
1.35667 0 0 0 0
1.36333 0 0 0 0
1.37 0 0 0 0
1.37667 0 0 0 0
1.38333 0 0 0 0
1.39 0 0 0 0
1.39667 0 0 0 0
1.40333 0 0 0 0
1.41 0 0 0 0
1.41667 0 0 0 0
1.42333 0 0 0 0
1.43 0 0 0 0
1.43667 0 0 0 0
1.44333 0 0 0 0
1.45 0 0 0 0
1.45667 0 0 0 0
1.46333 0 0 0 0
1.47 0 0 0 0
1.47667 0 0 0 0
1.48333 0 0 0 0
1.49 0 0 0 0
1.49667 0 0 0 0
1.50333 0 0 0 0
1.51 0 0 0 0
1.51667 0 0 0 0
1.52333 0 0 0 0
1.53 0 0 0 0
1.53667 0 0 0 0
1.54333 0 0 0 0
1.55 0 0 0 0
1.55667 0 0 0 0
1.56333 0 0 0 0
1.57 0 0 0 0
1.57667 0 0 0 0
1.58333 0 0 0 0
1.59 0 0 0 0
1.59667 0 0 0 0
1.60333 0 0 0 0
1.61 0 0 0 0
1.61667 0 0 0 0
1.62333 0 0 0 0
1.63 0 0 0 0
1.63667 0 0 0 0
1.64333 0 0 0 0
1.65 0 0 0 0
1.65667 0 0 0 0
1.66333 0 0 0 0
1.67 0 0 0 0
1.67667 0 0 0 0
1.68333 0 0 0 0
1.69 0 0 0 0
1.69667 0 0 0 0
1.70333 0 0 0 0
1.71 0 0 0 0
1.71667 0 0 0 0
1.72333 0 0 0 0
1.73 0 0 0 0
1.73667 0 0 0 0
1.74333 0 0 0 0
1.75 0 0 0 0
1.75667 0 0 0 0
1.76333 0 0 0 0
1.77 0 0 0 0
1.77667 0 0 0 0
1.78333 0 0 0 0
1.79 0 0 0 0
1.79667 0 0 0 0
1.80333 0 0 0 0
1.81 0 0 0 0
1.81667 0 0 0 0
1.82333 0 0 0 0
1.83 0 0 0 0
1.83667 0 0 0 0
1.84333 0 0 0 0
1.85 0 0 0 0
1.85667 0 0 0 0
1.86333 0 0 0 0
1.87 0 0 0 0
1.87667 0 0 0 0
1.88333 0 0 0 0
1.89 0 0 0 0
1.89667 0 0 0 0
1.90333 0 0 0 0
1.91 0 0 0 0
1.91667 0 0 0 0
1.92333 0 0 0 0
1.93 0 0 0 0
1.93667 0 0 0 0
1.94333 0 0 0 0
1.95 0 0 0 0
1.95667 0 0 0 0
1.96333 0 0 0 0
1.97 0 0 0 0
1.97667 0 0 0 0
1.98333 0 0 0 0
1.99 0 0 0 0
1.99667 0 0 0 0
