0.00333333 0 2 136 15
0.01 1 6 157 9
0.0166667 0 8 142 26
0.0233333 1 14 156 25
0.03 1 10 175 27
0.0366667 1 6 160 26
0.0433333 3 13 224 43
0.05 2 15 241 50
0.0566667 5 15 287 65
0.0633333 1 26 314 74
0.07 7 14 351 71
0.0766667 3 24 375 69
0.0833333 2 16 388 69
0.09 3 18 368 71
0.0966667 4 14 375 73
0.103333 3 26 369 59
0.11 2 22 397 78
0.116667 2 25 379 79
0.123333 1 16 404 82
0.13 2 23 409 76
0.136667 2 18 419 59
0.143333 3 12 385 56
0.15 2 15 372 52
0.156667 3 15 386 57
0.163333 2 18 383 49
0.17 2 16 382 52
0.176667 1 23 375 50
0.183333 1 19 421 43
0.19 0 15 477 49
0.196667 4 22 472 52
0.203333 4 23 471 47
0.21 2 15 424 32
0.216667 3 13 413 41
0.223333 2 17 409 45
0.23 4 11 359 25
0.236667 3 18 354 32
0.243333 5 19 317 37
0.25 6 9 305 40
0.256667 2 10 265 31
0.263333 1 11 256 30
0.27 1 19 234 32
0.276667 0 9 242 30
0.283333 1 15 238 36
0.29 0 6 227 35
0.296667 2 13 241 23
0.303333 2 7 186 33
0.31 0 16 215 28
0.316667 1 13 185 27
0.323333 0 11 185 31
0.33 3 6 162 19
0.336667 1 14 168 25
0.343333 0 7 149 31
0.35 2 8 160 27
0.356667 0 9 153 21
0.363333 2 9 165 29
0.37 1 10 146 26
0.376667 0 4 162 23
0.383333 0 8 147 20
0.39 0 11 176 19
0.396667 1 12 155 20
0.403333 1 8 161 19
0.41 1 3 157 16
0.416667 0 4 140 20
0.423333 0 5 161 25
0.43 1 5 145 20
0.436667 0 7 137 20
0.443333 2 7 143 24
0.45 1 7 151 23
0.456667 2 6 159 20
0.463333 1 1 145 22
0.47 3 9 168 20
0.476667 0 5 139 16
0.483333 0 5 96 17
0.49 1 7 76 9
0.496667 3 3 96 12
0.503333 0 7 67 10
0.51 1 10 73 19
0.516667 0 4 58 17
0.523333 0 4 68 12
0.53 0 2 80 8
0.536667 0 2 46 6
0.543333 0 5 57 10
0.55 0 4 65 14
0.556667 1 6 63 5
0.563333 1 4 54 12
0.57 1 3 55 9
0.576667 0 6 52 13
0.583333 0 3 59 12
0.59 1 2 60 9
0.596667 0 4 58 8
0.603333 2 5 65 11
0.61 1 5 53 14
0.616667 2 6 42 5
0.623333 1 1 39 11
0.63 1 3 60 7
0.636667 0 6 56 12
0.643333 0 4 33 5
0.65 1 5 42 10
0.656667 0 1 38 12
0.663333 11 185 7143 321
0.67 0 0 0 0
0.676667 0 0 0 0
0.683333 0 0 0 0
0.69 0 0 0 0
0.696667 0 0 0 0
0.703333 0 0 0 0
0.71 0 0 0 0
0.716667 0 0 0 0
0.723333 0 0 0 0
0.73 0 0 0 0
0.736667 0 0 0 0
0.743333 0 0 0 0
0.75 0 0 0 0
0.756667 0 0 0 0
0.763333 0 0 0 0
0.77 0 0 0 0
0.776667 0 0 0 0
0.783333 0 0 0 0
0.79 0 0 0 0
0.796667 0 0 0 0
0.803333 0 0 0 0
0.81 0 0 0 0
0.816667 0 0 0 0
0.823333 0 0 0 0
0.83 0 0 0 0
0.836667 0 0 0 0
0.843333 0 0 0 0
0.85 0 0 0 0
0.856667 0 0 0 0
0.863333 0 0 0 0
0.87 0 0 0 0
0.876667 0 0 0 0
0.883333 0 0 0 0
0.89 0 0 0 0
0.896667 0 0 0 0
0.903333 0 0 0 0
0.91 0 0 0 0
0.916667 0 0 0 0
0.923333 0 0 0 0
0.93 0 0 0 0
0.936667 0 0 0 0
0.943333 0 0 0 0
0.95 0 0 0 0
0.956667 0 0 0 0
0.963333 0 0 0 0
0.97 0 0 0 0
0.976667 0 0 0 0
0.983333 0 0 0 0
0.99 0 0 0 0
0.996667 0 0 0 0
1.00333 0 0 0 0
1.01 0 0 0 0
1.01667 0 0 0 0
1.02333 0 0 0 0
1.03 0 0 0 0
1.03667 0 0 0 0
1.04333 0 0 0 0
1.05 0 0 0 0
1.05667 0 0 0 0
1.06333 0 0 0 0
1.07 0 0 0 0
1.07667 0 0 0 0
1.08333 0 0 0 0
1.09 0 0 0 0
1.09667 0 0 0 0
1.10333 0 0 0 0
1.11 0 0 0 0
1.11667 0 0 0 0
1.12333 0 0 0 0
1.13 0 0 0 0
1.13667 0 0 0 0
1.14333 0 0 0 0
1.15 0 0 0 0
1.15667 0 0 0 0
1.16333 0 0 0 0
1.17 0 0 0 0
1.17667 0 0 0 0
1.18333 0 0 0 0
1.19 0 0 0 0
1.19667 0 0 0 0
1.20333 0 0 0 0
1.21 0 0 0 0
1.21667 0 0 0 0
1.22333 0 0 0 0
1.23 0 0 0 0
1.23667 0 0 0 0
1.24333 0 0 0 0
1.25 0 0 0 0
1.25667 0 0 0 0
1.26333 0 0 0 0
1.27 0 0 0 0
1.27667 0 0 0 0
1.28333 0 0 0 0
1.29 0 0 0 0
1.29667 0 0 0 0
1.30333 0 0 0 0
1.31 0 0 0 0
1.31667 0 0 0 0
1.32333 0 0 0 0
1.33 0 0 0 0
1.33667 0 0 0 0
1.34333 0 0 0 0
1.35 0 0 0 0
1.35667 0 0 0 0
1.36333 0 0 0 0
1.37 0 0 0 0
1.37667 0 0 0 0
1.38333 0 0 0 0
1.39 0 0 0 0
1.39667 0 0 0 0
1.40333 0 0 0 0
1.41 0 0 0 0
1.41667 0 0 0 0
1.42333 0 0 0 0
1.43 0 0 0 0
1.43667 0 0 0 0
1.44333 0 0 0 0
1.45 0 0 0 0
1.45667 0 0 0 0
1.46333 0 0 0 0
1.47 0 0 0 0
1.47667 0 0 0 0
1.48333 0 0 0 0
1.49 0 0 0 0
1.49667 0 0 0 0
1.50333 0 0 0 0
1.51 0 0 0 0
1.51667 0 0 0 0
1.52333 0 0 0 0
1.53 0 0 0 0
1.53667 0 0 0 0
1.54333 0 0 0 0
1.55 0 0 0 0
1.55667 0 0 0 0
1.56333 0 0 0 0
1.57 0 0 0 0
1.57667 0 0 0 0
1.58333 0 0 0 0
1.59 0 0 0 0
1.59667 0 0 0 0
1.60333 0 0 0 0
1.61 0 0 0 0
1.61667 0 0 0 0
1.62333 0 0 0 0
1.63 0 0 0 0
1.63667 0 0 0 0
1.64333 0 0 0 0
1.65 0 0 0 0
1.65667 0 0 0 0
1.66333 0 0 0 0
1.67 0 0 0 0
1.67667 0 0 0 0
1.68333 0 0 0 0
1.69 0 0 0 0
1.69667 0 0 0 0
1.70333 0 0 0 0
1.71 0 0 0 0
1.71667 0 0 0 0
1.72333 0 0 0 0
1.73 0 0 0 0
1.73667 0 0 0 0
1.74333 0 0 0 0
1.75 0 0 0 0
1.75667 0 0 0 0
1.76333 0 0 0 0
1.77 0 0 0 0
1.77667 0 0 0 0
1.78333 0 0 0 0
1.79 0 0 0 0
1.79667 0 0 0 0
1.80333 0 0 0 0
1.81 0 0 0 0
1.81667 0 0 0 0
1.82333 0 0 0 0
1.83 0 0 0 0
1.83667 0 0 0 0
1.84333 0 0 0 0
1.85 0 0 0 0
1.85667 0 0 0 0
1.86333 0 0 0 0
1.87 0 0 0 0
1.87667 0 0 0 0
1.88333 0 0 0 0
1.89 0 0 0 0
1.89667 0 0 0 0
1.90333 0 0 0 0
1.91 0 0 0 0
1.91667 0 0 0 0
1.92333 0 0 0 0
1.93 0 0 0 0
1.93667 0 0 0 0
1.94333 0 0 0 0
1.95 0 0 0 0
1.95667 0 0 0 0
1.96333 0 0 0 0
1.97 0 0 0 0
1.97667 0 0 0 0
1.98333 0 0 0 0
1.99 0 0 0 0
1.99667 0 0 0 0
