0.00333333 15 41 13 4
0.01 22 35 11 13
0.0166667 23 50 17 2
0.0233333 25 51 12 8
0.03 32 65 12 0
0.0366667 31 65 13 10
0.0433333 40 93 24 7
0.05 49 124 18 9
0.0566667 62 145 43 18
0.0633333 61 136 42 11
0.07 65 159 41 16
0.0766667 78 159 35 13
0.0833333 55 157 32 25
0.09 83 165 46 18
0.0966667 72 153 40 22
0.103333 68 160 36 11
0.11 53 153 41 16
0.116667 60 142 43 12
0.123333 70 153 41 17
0.13 62 142 34 20
0.136667 64 122 30 15
0.143333 66 139 21 14
0.15 76 126 24 22
0.156667 68 121 24 15
0.163333 67 113 21 7
0.17 58 115 23 14
0.176667 60 107 29 17
0.183333 66 118 21 14
0.19 70 113 19 20
0.196667 59 114 23 15
0.203333 56 96 21 26
0.21 54 114 25 12
0.216667 52 104 22 22
0.223333 46 79 22 12
0.23 41 102 19 13
0.236667 51 85 29 8
0.243333 35 81 13 14
0.25 43 79 24 9
0.256667 36 67 12 12
0.263333 47 68 17 10
0.27 41 67 16 10
0.276667 42 57 17 9
0.283333 44 71 10 9
0.29 38 75 24 9
0.296667 41 60 14 12
0.303333 28 67 13 13
0.31 35 69 10 10
0.316667 29 56 14 9
0.323333 27 53 13 10
0.33 19 49 9 3
0.336667 23 43 16 6
0.343333 21 40 8 9
0.35 28 45 16 5
0.356667 20 51 19 8
0.363333 33 42 9 13
0.37 31 44 8 4
0.376667 27 59 14 9
0.383333 37 41 10 5
0.39 26 43 10 4
0.396667 24 50 11 13
0.403333 28 46 7 10
0.41 25 47 11 9
0.416667 32 43 11 10
0.423333 22 48 22 6
0.43 26 49 16 13
0.436667 27 47 10 3
0.443333 21 34 4 11
0.45 23 51 11 11
0.456667 20 46 13 5
0.463333 20 38 10 8
0.47 27 53 14 5
0.476667 26 32 9 7
0.483333 15 29 8 2
0.49 12 25 6 5
0.496667 20 29 10 0
0.503333 17 18 6 5
0.51 13 35 9 3
0.516667 11 22 6 6
0.523333 7 22 10 4
0.53 15 19 3 3
0.536667 8 22 11 6
0.543333 17 25 6 3
0.55 7 10 4 8
0.556667 11 26 8 7
0.563333 8 31 2 4
0.57 6 24 5 7
0.576667 15 24 4 4
0.583333 13 17 9 3
0.59 9 28 7 10
0.596667 12 13 7 1
0.603333 13 21 2 3
0.61 10 25 15 4
0.616667 7 14 7 5
0.623333 13 23 5 0
0.63 12 25 3 1
0.636667 10 25 2 1
0.643333 8 19 5 5
0.65 7 22 8 5
0.656667 8 14 4 5
0.663333 683 992 163 165
0.67 0 0 0 0
0.676667 0 0 0 0
0.683333 0 0 0 0
0.69 0 0 0 0
0.696667 0 0 0 0
0.703333 0 0 0 0
0.71 0 0 0 0
0.716667 0 0 0 0
0.723333 0 0 0 0
0.73 0 0 0 0
0.736667 0 0 0 0
0.743333 0 0 0 0
0.75 0 0 0 0
0.756667 0 0 0 0
0.763333 0 0 0 0
0.77 0 0 0 0
0.776667 0 0 0 0
0.783333 0 0 0 0
0.79 0 0 0 0
0.796667 0 0 0 0
0.803333 0 0 0 0
0.81 0 0 0 0
0.816667 0 0 0 0
0.823333 0 0 0 0
0.83 0 0 0 0
0.836667 0 0 0 0
0.843333 0 0 0 0
0.85 0 0 0 0
0.856667 0 0 0 0
0.863333 0 0 0 0
0.87 0 0 0 0
0.876667 0 0 0 0
0.883333 0 0 0 0
0.89 0 0 0 0
0.896667 0 0 0 0
0.903333 0 0 0 0
0.91 0 0 0 0
0.916667 0 0 0 0
0.923333 0 0 0 0
0.93 0 0 0 0
0.936667 0 0 0 0
0.943333 0 0 0 0
0.95 0 0 0 0
0.956667 0 0 0 0
0.963333 0 0 0 0
0.97 0 0 0 0
0.976667 0 0 0 0
0.983333 0 0 0 0
0.99 0 0 0 0
0.996667 0 0 0 0
1.00333 0 0 0 0
1.01 0 0 0 0
1.01667 0 0 0 0
1.02333 0 0 0 0
1.03 0 0 0 0
1.03667 0 0 0 0
1.04333 0 0 0 0
1.05 0 0 0 0
1.05667 0 0 0 0
1.06333 0 0 0 0
1.07 0 0 0 0
1.07667 0 0 0 0
1.08333 0 0 0 0
1.09 0 0 0 0
1.09667 0 0 0 0
1.10333 0 0 0 0
1.11 0 0 0 0
1.11667 0 0 0 0
1.12333 0 0 0 0
1.13 0 0 0 0
1.13667 0 0 0 0
1.14333 0 0 0 0
1.15 0 0 0 0
1.15667 0 0 0 0
1.16333 0 0 0 0
1.17 0 0 0 0
1.17667 0 0 0 0
1.18333 0 0 0 0
1.19 0 0 0 0
1.19667 0 0 0 0
1.20333 0 0 0 0
1.21 0 0 0 0
1.21667 0 0 0 0
1.22333 0 0 0 0
1.23 0 0 0 0
1.23667 0 0 0 0
1.24333 0 0 0 0
1.25 0 0 0 0
1.25667 0 0 0 0
1.26333 0 0 0 0
1.27 0 0 0 0
1.27667 0 0 0 0
1.28333 0 0 0 0
1.29 0 0 0 0
1.29667 0 0 0 0
1.30333 0 0 0 0
1.31 0 0 0 0
1.31667 0 0 0 0
1.32333 0 0 0 0
1.33 0 0 0 0
1.33667 0 0 0 0
1.34333 0 0 0 0
1.35 0 0 0 0
1.35667 0 0 0 0
1.36333 0 0 0 0
1.37 0 0 0 0
1.37667 0 0 0 0
1.38333 0 0 0 0
1.39 0 0 0 0
1.39667 0 0 0 0
1.40333 0 0 0 0
1.41 0 0 0 0
1.41667 0 0 0 0
1.42333 0 0 0 0
1.43 0 0 0 0
1.43667 0 0 0 0
1.44333 0 0 0 0
1.45 0 0 0 0
1.45667 0 0 0 0
1.46333 0 0 0 0
1.47 0 0 0 0
1.47667 0 0 0 0
1.48333 0 0 0 0
1.49 0 0 0 0
1.49667 0 0 0 0
1.50333 0 0 0 0
1.51 0 0 0 0
1.51667 0 0 0 0
1.52333 0 0 0 0
1.53 0 0 0 0
1.53667 0 0 0 0
1.54333 0 0 0 0
1.55 0 0 0 0
1.55667 0 0 0 0
1.56333 0 0 0 0
1.57 0 0 0 0
1.57667 0 0 0 0
1.58333 0 0 0 0
1.59 0 0 0 0
1.59667 0 0 0 0
1.60333 0 0 0 0
1.61 0 0 0 0
1.61667 0 0 0 0
1.62333 0 0 0 0
1.63 0 0 0 0
1.63667 0 0 0 0
1.64333 0 0 0 0
1.65 0 0 0 0
1.65667 0 0 0 0
1.66333 0 0 0 0
1.67 0 0 0 0
1.67667 0 0 0 0
1.68333 0 0 0 0
1.69 0 0 0 0
1.69667 0 0 0 0
1.70333 0 0 0 0
1.71 0 0 0 0
1.71667 0 0 0 0
1.72333 0 0 0 0
1.73 0 0 0 0
1.73667 0 0 0 0
1.74333 0 0 0 0
1.75 0 0 0 0
1.75667 0 0 0 0
1.76333 0 0 0 0
1.77 0 0 0 0
1.77667 0 0 0 0
1.78333 0 0 0 0
1.79 0 0 0 0
1.79667 0 0 0 0
1.80333 0 0 0 0
1.81 0 0 0 0
1.81667 0 0 0 0
1.82333 0 0 0 0
1.83 0 0 0 0
1.83667 0 0 0 0
1.84333 0 0 0 0
1.85 0 0 0 0
1.85667 0 0 0 0
1.86333 0 0 0 0
1.87 0 0 0 0
1.87667 0 0 0 0
1.88333 0 0 0 0
1.89 0 0 0 0
1.89667 0 0 0 0
1.90333 0 0 0 0
1.91 0 0 0 0
1.91667 0 0 0 0
1.92333 0 0 0 0
1.93 0 0 0 0
1.93667 0 0 0 0
1.94333 0 0 0 0
1.95 0 0 0 0
1.95667 0 0 0 0
1.96333 0 0 0 0
1.97 0 0 0 0
1.97667 0 0 0 0
1.98333 0 0 0 0
1.99 0 0 0 0
1.99667 0 0 0 0
