0.00333333 20 21 4 0
0.01 31 28 5 1
0.0166667 25 26 6 0
0.0233333 36 29 3 0
0.03 36 33 11 1
0.0366667 37 30 7 0
0.0433333 63 43 10 1
0.05 66 52 5 1
0.0566667 83 65 2 2
0.0633333 95 70 8 1
0.07 121 83 11 0
0.0766667 89 78 8 0
0.0833333 87 73 9 0
0.09 112 82 12 1
0.0966667 100 78 16 0
0.103333 110 72 12 0
0.11 96 74 10 1
0.116667 100 94 11 1
0.123333 91 59 12 2
0.13 83 68 13 2
0.136667 78 64 11 1
0.143333 71 69 10 2
0.15 68 55 7 1
0.156667 66 60 10 1
0.163333 71 65 7 2
0.17 82 68 6 0
0.176667 57 55 6 1
0.183333 85 42 11 0
0.19 54 62 11 0
0.196667 60 48 12 1
0.203333 67 47 20 0
0.21 63 53 17 1
0.216667 61 48 10 2
0.223333 44 54 12 0
0.23 46 39 15 0
0.236667 46 54 9 2
0.243333 49 43 5 1
0.25 53 47 8 0
0.256667 40 46 5 0
0.263333 65 47 7 0
0.27 57 46 8 0
0.276667 56 45 4 0
0.283333 48 47 14 2
0.29 48 33 9 1
0.296667 57 37 7 0
0.303333 38 32 5 1
0.31 25 27 8 0
0.316667 29 30 11 0
0.323333 45 38 5 0
0.33 38 36 7 0
0.336667 45 27 5 2
0.343333 35 21 6 0
0.35 29 30 7 1
0.356667 29 31 9 0
0.363333 40 21 6 0
0.37 24 34 8 0
0.376667 31 21 3 1
0.383333 27 22 3 1
0.39 25 25 1 0
0.396667 37 20 4 3
0.403333 35 24 9 0
0.41 34 30 4 0
0.416667 38 24 7 0
0.423333 26 32 4 0
0.43 28 22 2 0
0.436667 24 18 8 2
0.443333 18 31 8 0
0.45 29 32 4 1
0.456667 32 34 5 0
0.463333 27 22 5 0
0.47 28 16 10 1
0.476667 25 23 4 0
0.483333 27 23 5 0
0.49 20 13 0 0
0.496667 16 18 3 1
0.503333 18 25 3 2
0.51 14 22 4 0
0.516667 16 17 4 0
0.523333 16 17 1 0
0.53 12 17 2 0
0.536667 12 20 9 1
0.543333 15 12 3 0
0.55 12 10 3 0
0.556667 20 10 3 0
0.563333 14 23 2 0
0.57 14 13 0 1
0.576667 23 12 2 0
0.583333 17 12 4 0
0.59 17 8 2 0
0.596667 16 12 3 0
0.603333 14 20 4 0
0.61 13 15 3 0
0.616667 9 14 6 1
0.623333 15 17 4 0
0.63 19 14 2 0
0.636667 22 15 6 0
0.643333 22 14 4 0
0.65 16 11 2 1
0.656667 11 19 1 0
0.663333 522 528 223 2
0.67 0 0 0 0
0.676667 0 0 0 0
0.683333 0 0 0 0
0.69 0 0 0 0
0.696667 0 0 0 0
0.703333 0 0 0 0
0.71 0 0 0 0
0.716667 0 0 0 0
0.723333 0 0 0 0
0.73 0 0 0 0
0.736667 0 0 0 0
0.743333 0 0 0 0
0.75 0 0 0 0
0.756667 0 0 0 0
0.763333 0 0 0 0
0.77 0 0 0 0
0.776667 0 0 0 0
0.783333 0 0 0 0
0.79 0 0 0 0
0.796667 0 0 0 0
0.803333 0 0 0 0
0.81 0 0 0 0
0.816667 0 0 0 0
0.823333 0 0 0 0
0.83 0 0 0 0
0.836667 0 0 0 0
0.843333 0 0 0 0
0.85 0 0 0 0
0.856667 0 0 0 0
0.863333 0 0 0 0
0.87 0 0 0 0
0.876667 0 0 0 0
0.883333 0 0 0 0
0.89 0 0 0 0
0.896667 0 0 0 0
0.903333 0 0 0 0
0.91 0 0 0 0
0.916667 0 0 0 0
0.923333 0 0 0 0
0.93 0 0 0 0
0.936667 0 0 0 0
0.943333 0 0 0 0
0.95 0 0 0 0
0.956667 0 0 0 0
0.963333 0 0 0 0
0.97 0 0 0 0
0.976667 0 0 0 0
0.983333 0 0 0 0
0.99 0 0 0 0
0.996667 0 0 0 0
1.00333 0 0 0 0
1.01 0 0 0 0
1.01667 0 0 0 0
1.02333 0 0 0 0
1.03 0 0 0 0
1.03667 0 0 0 0
1.04333 0 0 0 0
1.05 0 0 0 0
1.05667 0 0 0 0
1.06333 0 0 0 0
1.07 0 0 0 0
1.07667 0 0 0 0
1.08333 0 0 0 0
1.09 0 0 0 0
1.09667 0 0 0 0
1.10333 0 0 0 0
1.11 0 0 0 0
1.11667 0 0 0 0
1.12333 0 0 0 0
1.13 0 0 0 0
1.13667 0 0 0 0
1.14333 0 0 0 0
1.15 0 0 0 0
1.15667 0 0 0 0
1.16333 0 0 0 0
1.17 0 0 0 0
1.17667 0 0 0 0
1.18333 0 0 0 0
1.19 0 0 0 0
1.19667 0 0 0 0
1.20333 0 0 0 0
1.21 0 0 0 0
1.21667 0 0 0 0
1.22333 0 0 0 0
1.23 0 0 0 0
1.23667 0 0 0 0
1.24333 0 0 0 0
1.25 0 0 0 0
1.25667 0 0 0 0
1.26333 0 0 0 0
1.27 0 0 0 0
1.27667 0 0 0 0
1.28333 0 0 0 0
1.29 0 0 0 0
1.29667 0 0 0 0
1.30333 0 0 0 0
1.31 0 0 0 0
1.31667 0 0 0 0
1.32333 0 0 0 0
1.33 0 0 0 0
1.33667 0 0 0 0
1.34333 0 0 0 0
1.35 0 0 0 0
1.35667 0 0 0 0
1.36333 0 0 0 0
1.37 0 0 0 0
1.37667 0 0 0 0
1.38333 0 0 0 0
1.39 0 0 0 0
1.39667 0 0 0 0
1.40333 0 0 0 0
1.41 0 0 0 0
1.41667 0 0 0 0
1.42333 0 0 0 0
1.43 0 0 0 0
1.43667 0 0 0 0
1.44333 0 0 0 0
1.45 0 0 0 0
1.45667 0 0 0 0
1.46333 0 0 0 0
1.47 0 0 0 0
1.47667 0 0 0 0
1.48333 0 0 0 0
1.49 0 0 0 0
1.49667 0 0 0 0
1.50333 0 0 0 0
1.51 0 0 0 0
1.51667 0 0 0 0
1.52333 0 0 0 0
1.53 0 0 0 0
1.53667 0 0 0 0
1.54333 0 0 0 0
1.55 0 0 0 0
1.55667 0 0 0 0
1.56333 0 0 0 0
1.57 0 0 0 0
1.57667 0 0 0 0
1.58333 0 0 0 0
1.59 0 0 0 0
1.59667 0 0 0 0
1.60333 0 0 0 0
1.61 0 0 0 0
1.61667 0 0 0 0
1.62333 0 0 0 0
1.63 0 0 0 0
1.63667 0 0 0 0
1.64333 0 0 0 0
1.65 0 0 0 0
1.65667 0 0 0 0
1.66333 0 0 0 0
1.67 0 0 0 0
1.67667 0 0 0 0
1.68333 0 0 0 0
1.69 0 0 0 0
1.69667 0 0 0 0
1.70333 0 0 0 0
1.71 0 0 0 0
1.71667 0 0 0 0
1.72333 0 0 0 0
1.73 0 0 0 0
1.73667 0 0 0 0
1.74333 0 0 0 0
1.75 0 0 0 0
1.75667 0 0 0 0
1.76333 0 0 0 0
1.77 0 0 0 0
1.77667 0 0 0 0
1.78333 0 0 0 0
1.79 0 0 0 0
1.79667 0 0 0 0
1.80333 0 0 0 0
1.81 0 0 0 0
1.81667 0 0 0 0
1.82333 0 0 0 0
1.83 0 0 0 0
1.83667 0 0 0 0
1.84333 0 0 0 0
1.85 0 0 0 0
1.85667 0 0 0 0
1.86333 0 0 0 0
1.87 0 0 0 0
1.87667 0 0 0 0
1.88333 0 0 0 0
1.89 0 0 0 0
1.89667 0 0 0 0
1.90333 0 0 0 0
1.91 0 0 0 0
1.91667 0 0 0 0
1.92333 0 0 0 0
1.93 0 0 0 0
1.93667 0 0 0 0
1.94333 0 0 0 0
1.95 0 0 0 0
1.95667 0 0 0 0
1.96333 0 0 0 0
1.97 0 0 0 0
1.97667 0 0 0 0
1.98333 0 0 0 0
1.99 0 0 0 0
1.99667 0 0 0 0
