0.00333333 31 72 7 1
0.01 34 93 8 0
0.0166667 29 89 6 1
0.0233333 28 105 4 3
0.03 45 98 4 0
0.0366667 41 107 14 2
0.0433333 72 169 12 2
0.05 87 211 16 1
0.0566667 94 234 13 3
0.0633333 109 267 14 5
0.07 116 260 21 6
0.0766667 125 276 28 2
0.0833333 128 334 21 2
0.09 125 293 21 4
0.0966667 111 290 28 5
0.103333 127 304 20 6
0.11 131 292 17 4
0.116667 109 297 23 7
0.123333 93 323 15 2
0.13 97 270 21 5
0.136667 92 252 16 7
0.143333 96 240 25 1
0.15 78 283 19 3
0.156667 77 283 18 4
0.163333 104 233 21 7
0.17 83 254 22 1
0.176667 66 254 15 3
0.183333 81 237 15 4
0.19 74 247 12 4
0.196667 65 249 18 4
0.203333 60 253 12 6
0.21 75 235 16 3
0.216667 69 233 17 4
0.223333 74 211 16 2
0.23 62 213 10 1
0.236667 69 213 16 2
0.243333 64 162 11 2
0.25 62 180 16 1
0.256667 44 176 14 2
0.263333 54 157 7 3
0.27 47 146 7 2
0.276667 49 163 14 3
0.283333 44 141 9 1
0.29 41 129 14 0
0.296667 45 150 8 2
0.303333 57 139 7 1
0.31 53 135 13 0
0.316667 41 104 13 0
0.323333 63 126 11 1
0.33 41 125 10 3
0.336667 36 111 11 2
0.343333 43 92 7 2
0.35 32 103 14 0
0.356667 25 114 4 1
0.363333 33 104 9 1
0.37 39 90 12 2
0.376667 25 110 8 1
0.383333 27 102 7 2
0.39 21 96 13 2
0.396667 30 90 15 2
0.403333 38 100 5 1
0.41 34 86 12 1
0.416667 32 80 11 3
0.423333 37 77 6 0
0.43 32 94 8 1
0.436667 30 99 8 1
0.443333 28 86 5 0
0.45 31 100 8 1
0.456667 18 98 6 2
0.463333 31 79 4 3
0.47 25 86 7 1
0.476667 25 70 9 2
0.483333 17 56 2 1
0.49 24 62 5 2
0.496667 23 47 4 0
0.503333 16 54 8 5
0.51 17 37 6 0
0.516667 26 46 4 0
0.523333 21 50 3 1
0.53 17 35 7 0
0.536667 13 48 4 1
0.543333 13 46 6 1
0.55 22 41 3 1
0.556667 15 41 6 2
0.563333 11 38 4 1
0.57 16 42 5 0
0.576667 10 44 7 0
0.583333 8 33 3 1
0.59 12 38 4 2
0.596667 13 44 5 1
0.603333 12 45 8 0
0.61 9 34 6 0
0.616667 12 38 3 1
0.623333 18 30 9 0
0.63 16 40 3 2
0.636667 7 40 5 1
0.643333 15 34 7 0
0.65 12 37 6 1
0.656667 18 31 5 0
0.663333 570 2864 164 13
0.67 0 0 0 0
0.676667 0 0 0 0
0.683333 0 0 0 0
0.69 0 0 0 0
0.696667 0 0 0 0
0.703333 0 0 0 0
0.71 0 0 0 0
0.716667 0 0 0 0
0.723333 0 0 0 0
0.73 0 0 0 0
0.736667 0 0 0 0
0.743333 0 0 0 0
0.75 0 0 0 0
0.756667 0 0 0 0
0.763333 0 0 0 0
0.77 0 0 0 0
0.776667 0 0 0 0
0.783333 0 0 0 0
0.79 0 0 0 0
0.796667 0 0 0 0
0.803333 0 0 0 0
0.81 0 0 0 0
0.816667 0 0 0 0
0.823333 0 0 0 0
0.83 0 0 0 0
0.836667 0 0 0 0
0.843333 0 0 0 0
0.85 0 0 0 0
0.856667 0 0 0 0
0.863333 0 0 0 0
0.87 0 0 0 0
0.876667 0 0 0 0
0.883333 0 0 0 0
0.89 0 0 0 0
0.896667 0 0 0 0
0.903333 0 0 0 0
0.91 0 0 0 0
0.916667 0 0 0 0
0.923333 0 0 0 0
0.93 0 0 0 0
0.936667 0 0 0 0
0.943333 0 0 0 0
0.95 0 0 0 0
0.956667 0 0 0 0
0.963333 0 0 0 0
0.97 0 0 0 0
0.976667 0 0 0 0
0.983333 0 0 0 0
0.99 0 0 0 0
0.996667 0 0 0 0
1.00333 0 0 0 0
1.01 0 0 0 0
1.01667 0 0 0 0
1.02333 0 0 0 0
1.03 0 0 0 0
1.03667 0 0 0 0
1.04333 0 0 0 0
1.05 0 0 0 0
1.05667 0 0 0 0
1.06333 0 0 0 0
1.07 0 0 0 0
1.07667 0 0 0 0
1.08333 0 0 0 0
1.09 0 0 0 0
1.09667 0 0 0 0
1.10333 0 0 0 0
1.11 0 0 0 0
1.11667 0 0 0 0
1.12333 0 0 0 0
1.13 0 0 0 0
1.13667 0 0 0 0
1.14333 0 0 0 0
1.15 0 0 0 0
1.15667 0 0 0 0
1.16333 0 0 0 0
1.17 0 0 0 0
1.17667 0 0 0 0
1.18333 0 0 0 0
1.19 0 0 0 0
1.19667 0 0 0 0
1.20333 0 0 0 0
1.21 0 0 0 0
1.21667 0 0 0 0
1.22333 0 0 0 0
1.23 0 0 0 0
1.23667 0 0 0 0
1.24333 0 0 0 0
1.25 0 0 0 0
1.25667 0 0 0 0
1.26333 0 0 0 0
1.27 0 0 0 0
1.27667 0 0 0 0
1.28333 0 0 0 0
1.29 0 0 0 0
1.29667 0 0 0 0
1.30333 0 0 0 0
1.31 0 0 0 0
1.31667 0 0 0 0
1.32333 0 0 0 0
1.33 0 0 0 0
1.33667 0 0 0 0
1.34333 0 0 0 0
1.35 0 0 0 0
1.35667 0 0 0 0
1.36333 0 0 0 0
1.37 0 0 0 0
1.37667 0 0 0 0
1.38333 0 0 0 0
1.39 0 0 0 0
1.39667 0 0 0 0
1.40333 0 0 0 0
1.41 0 0 0 0
1.41667 0 0 0 0
1.42333 0 0 0 0
1.43 0 0 0 0
1.43667 0 0 0 0
1.44333 0 0 0 0
1.45 0 0 0 0
1.45667 0 0 0 0
1.46333 0 0 0 0
1.47 0 0 0 0
1.47667 0 0 0 0
1.48333 0 0 0 0
1.49 0 0 0 0
1.49667 0 0 0 0
1.50333 0 0 0 0
1.51 0 0 0 0
1.51667 0 0 0 0
1.52333 0 0 0 0
1.53 0 0 0 0
1.53667 0 0 0 0
1.54333 0 0 0 0
1.55 0 0 0 0
1.55667 0 0 0 0
1.56333 0 0 0 0
1.57 0 0 0 0
1.57667 0 0 0 0
1.58333 0 0 0 0
1.59 0 0 0 0
1.59667 0 0 0 0
1.60333 0 0 0 0
1.61 0 0 0 0
1.61667 0 0 0 0
1.62333 0 0 0 0
1.63 0 0 0 0
1.63667 0 0 0 0
1.64333 0 0 0 0
1.65 0 0 0 0
1.65667 0 0 0 0
1.66333 0 0 0 0
1.67 0 0 0 0
1.67667 0 0 0 0
1.68333 0 0 0 0
1.69 0 0 0 0
1.69667 0 0 0 0
1.70333 0 0 0 0
1.71 0 0 0 0
1.71667 0 0 0 0
1.72333 0 0 0 0
1.73 0 0 0 0
1.73667 0 0 0 0
1.74333 0 0 0 0
1.75 0 0 0 0
1.75667 0 0 0 0
1.76333 0 0 0 0
1.77 0 0 0 0
1.77667 0 0 0 0
1.78333 0 0 0 0
1.79 0 0 0 0
1.79667 0 0 0 0
1.80333 0 0 0 0
1.81 0 0 0 0
1.81667 0 0 0 0
1.82333 0 0 0 0
1.83 0 0 0 0
1.83667 0 0 0 0
1.84333 0 0 0 0
1.85 0 0 0 0
1.85667 0 0 0 0
1.86333 0 0 0 0
1.87 0 0 0 0
1.87667 0 0 0 0
1.88333 0 0 0 0
1.89 0 0 0 0
1.89667 0 0 0 0
1.90333 0 0 0 0
1.91 0 0 0 0
1.91667 0 0 0 0
1.92333 0 0 0 0
1.93 0 0 0 0
1.93667 0 0 0 0
1.94333 0 0 0 0
1.95 0 0 0 0
1.95667 0 0 0 0
1.96333 0 0 0 0
1.97 0 0 0 0
1.97667 0 0 0 0
1.98333 0 0 0 0
1.99 0 0 0 0
1.99667 0 0 0 0
