0.00333333 30 13 5 4
0.01 27 18 0 1
0.0166667 22 19 7 1
0.0233333 35 18 3 1
0.03 34 28 5 4
0.0366667 46 33 5 2
0.0433333 38 31 10 2
0.05 44 58 5 4
0.0566667 51 71 3 3
0.0633333 83 56 15 3
0.07 70 64 14 5
0.0766667 79 68 17 3
0.0833333 74 85 11 5
0.09 78 85 18 5
0.0966667 79 78 13 2
0.103333 82 66 14 4
0.11 71 77 11 4
0.116667 88 88 14 3
0.123333 76 63 14 6
0.13 79 58 14 4
0.136667 79 57 10 2
0.143333 74 49 9 5
0.15 56 62 12 9
0.156667 75 55 8 3
0.163333 50 46 8 3
0.17 65 54 10 4
0.176667 53 40 4 0
0.183333 69 38 8 1
0.19 53 45 6 5
0.196667 55 36 15 5
0.203333 84 49 6 5
0.21 71 47 9 6
0.216667 73 36 7 1
0.223333 61 36 9 4
0.23 60 37 9 4
0.236667 54 37 7 0
0.243333 44 30 6 3
0.25 52 31 7 2
0.256667 54 30 4 2
0.263333 57 31 5 1
0.27 48 42 11 1
0.276667 44 33 5 4
0.283333 39 31 2 1
0.29 43 40 5 1
0.296667 49 26 8 4
0.303333 48 37 7 5
0.31 54 31 7 3
0.316667 38 24 7 3
0.323333 33 36 3 1
0.33 38 26 5 4
0.336667 36 21 6 2
0.343333 39 35 2 1
0.35 27 35 5 2
0.356667 31 23 6 0
0.363333 27 29 6 0
0.37 36 28 1 3
0.376667 39 28 10 0
0.383333 36 30 2 3
0.39 26 24 4 2
0.396667 36 28 3 3
0.403333 25 18 5 1
0.41 33 24 7 4
0.416667 25 26 6 4
0.423333 21 29 3 1
0.43 54 19 3 4
0.436667 36 20 0 2
0.443333 44 23 6 2
0.45 22 17 6 1
0.456667 34 19 1 2
0.463333 36 25 4 0
0.47 29 13 1 2
0.476667 26 16 5 2
0.483333 24 10 3 0
0.49 16 10 2 3
0.496667 23 15 0 1
0.503333 27 13 3 2
0.51 17 17 4 0
0.516667 14 21 2 3
0.523333 22 11 2 0
0.53 21 10 2 0
0.536667 10 8 1 1
0.543333 14 12 5 0
0.55 12 18 4 0
0.556667 14 13 4 0
0.563333 16 10 3 3
0.57 18 10 1 0
0.576667 16 11 1 1
0.583333 16 11 6 2
0.59 13 12 3 0
0.596667 18 9 1 1
0.603333 12 5 1 3
0.61 15 8 2 2
0.616667 21 12 2 0
0.623333 12 11 2 2
0.63 7 7 2 0
0.636667 19 14 1 1
0.643333 11 5 1 0
0.65 16 7 2 2
0.656667 12 8 1 3
0.663333 1026 351 82 58
0.67 0 0 0 0
0.676667 0 0 0 0
0.683333 0 0 0 0
0.69 0 0 0 0
0.696667 0 0 0 0
0.703333 0 0 0 0
0.71 0 0 0 0
0.716667 0 0 0 0
0.723333 0 0 0 0
0.73 0 0 0 0
0.736667 0 0 0 0
0.743333 0 0 0 0
0.75 0 0 0 0
0.756667 0 0 0 0
0.763333 0 0 0 0
0.77 0 0 0 0
0.776667 0 0 0 0
0.783333 0 0 0 0
0.79 0 0 0 0
0.796667 0 0 0 0
0.803333 0 0 0 0
0.81 0 0 0 0
0.816667 0 0 0 0
0.823333 0 0 0 0
0.83 0 0 0 0
0.836667 0 0 0 0
0.843333 0 0 0 0
0.85 0 0 0 0
0.856667 0 0 0 0
0.863333 0 0 0 0
0.87 0 0 0 0
0.876667 0 0 0 0
0.883333 0 0 0 0
0.89 0 0 0 0
0.896667 0 0 0 0
0.903333 0 0 0 0
0.91 0 0 0 0
0.916667 0 0 0 0
0.923333 0 0 0 0
0.93 0 0 0 0
0.936667 0 0 0 0
0.943333 0 0 0 0
0.95 0 0 0 0
0.956667 0 0 0 0
0.963333 0 0 0 0
0.97 0 0 0 0
0.976667 0 0 0 0
0.983333 0 0 0 0
0.99 0 0 0 0
0.996667 0 0 0 0
1.00333 0 0 0 0
1.01 0 0 0 0
1.01667 0 0 0 0
1.02333 0 0 0 0
1.03 0 0 0 0
1.03667 0 0 0 0
1.04333 0 0 0 0
1.05 0 0 0 0
1.05667 0 0 0 0
1.06333 0 0 0 0
1.07 0 0 0 0
1.07667 0 0 0 0
1.08333 0 0 0 0
1.09 0 0 0 0
1.09667 0 0 0 0
1.10333 0 0 0 0
1.11 0 0 0 0
1.11667 0 0 0 0
1.12333 0 0 0 0
1.13 0 0 0 0
1.13667 0 0 0 0
1.14333 0 0 0 0
1.15 0 0 0 0
1.15667 0 0 0 0
1.16333 0 0 0 0
1.17 0 0 0 0
1.17667 0 0 0 0
1.18333 0 0 0 0
1.19 0 0 0 0
1.19667 0 0 0 0
1.20333 0 0 0 0
1.21 0 0 0 0
1.21667 0 0 0 0
1.22333 0 0 0 0
1.23 0 0 0 0
1.23667 0 0 0 0
1.24333 0 0 0 0
1.25 0 0 0 0
1.25667 0 0 0 0
1.26333 0 0 0 0
1.27 0 0 0 0
1.27667 0 0 0 0
1.28333 0 0 0 0
1.29 0 0 0 0
1.29667 0 0 0 0
1.30333 0 0 0 0
1.31 0 0 0 0
1.31667 0 0 0 0
1.32333 0 0 0 0
1.33 0 0 0 0
1.33667 0 0 0 0
1.34333 0 0 0 0
1.35 0 0 0 0
1.35667 0 0 0 0
1.36333 0 0 0 0
1.37 0 0 0 0
1.37667 0 0 0 0
1.38333 0 0 0 0
1.39 0 0 0 0
1.39667 0 0 0 0
1.40333 0 0 0 0
1.41 0 0 0 0
1.41667 0 0 0 0
1.42333 0 0 0 0
1.43 0 0 0 0
1.43667 0 0 0 0
1.44333 0 0 0 0
1.45 0 0 0 0
1.45667 0 0 0 0
1.46333 0 0 0 0
1.47 0 0 0 0
1.47667 0 0 0 0
1.48333 0 0 0 0
1.49 0 0 0 0
1.49667 0 0 0 0
1.50333 0 0 0 0
1.51 0 0 0 0
1.51667 0 0 0 0
1.52333 0 0 0 0
1.53 0 0 0 0
1.53667 0 0 0 0
1.54333 0 0 0 0
1.55 0 0 0 0
1.55667 0 0 0 0
1.56333 0 0 0 0
1.57 0 0 0 0
1.57667 0 0 0 0
1.58333 0 0 0 0
1.59 0 0 0 0
1.59667 0 0 0 0
1.60333 0 0 0 0
1.61 0 0 0 0
1.61667 0 0 0 0
1.62333 0 0 0 0
1.63 0 0 0 0
1.63667 0 0 0 0
1.64333 0 0 0 0
1.65 0 0 0 0
1.65667 0 0 0 0
1.66333 0 0 0 0
1.67 0 0 0 0
1.67667 0 0 0 0
1.68333 0 0 0 0
1.69 0 0 0 0
1.69667 0 0 0 0
1.70333 0 0 0 0
1.71 0 0 0 0
1.71667 0 0 0 0
1.72333 0 0 0 0
1.73 0 0 0 0
1.73667 0 0 0 0
1.74333 0 0 0 0
1.75 0 0 0 0
1.75667 0 0 0 0
1.76333 0 0 0 0
1.77 0 0 0 0
1.77667 0 0 0 0
1.78333 0 0 0 0
1.79 0 0 0 0
1.79667 0 0 0 0
1.80333 0 0 0 0
1.81 0 0 0 0
1.81667 0 0 0 0
1.82333 0 0 0 0
1.83 0 0 0 0
1.83667 0 0 0 0
1.84333 0 0 0 0
1.85 0 0 0 0
1.85667 0 0 0 0
1.86333 0 0 0 0
1.87 0 0 0 0
1.87667 0 0 0 0
1.88333 0 0 0 0
1.89 0 0 0 0
1.89667 0 0 0 0
1.90333 0 0 0 0
1.91 0 0 0 0
1.91667 0 0 0 0
1.92333 0 0 0 0
1.93 0 0 0 0
1.93667 0 0 0 0
1.94333 0 0 0 0
1.95 0 0 0 0
1.95667 0 0 0 0
1.96333 0 0 0 0
1.97 0 0 0 0
1.97667 0 0 0 0
1.98333 0 0 0 0
1.99 0 0 0 0
1.99667 0 0 0 0
