0.00333333 0 0 32 43
0.01 2 0 31 46
0.0166667 0 1 40 52
0.0233333 3 3 50 37
0.03 0 3 47 47
0.0366667 0 6 53 80
0.0433333 1 2 70 88
0.05 1 2 91 117
0.0566667 4 7 104 112
0.0633333 3 6 103 157
0.07 4 5 131 143
0.0766667 2 1 119 152
0.0833333 2 5 131 157
0.09 1 9 140 173
0.0966667 5 5 112 147
0.103333 1 3 119 178
0.11 4 7 110 177
0.116667 2 5 135 171
0.123333 2 5 122 143
0.13 3 4 119 176
0.136667 0 1 105 160
0.143333 1 1 109 134
0.15 4 9 120 165
0.156667 1 5 95 128
0.163333 0 1 103 135
0.17 2 5 84 130
0.176667 5 6 111 121
0.183333 0 1 91 122
0.19 0 6 106 136
0.196667 2 4 76 138
0.203333 3 8 82 108
0.21 3 3 89 132
0.216667 1 3 96 125
0.223333 2 1 79 119
0.23 3 3 79 96
0.236667 1 2 77 99
0.243333 1 5 62 90
0.25 1 1 88 90
0.256667 1 1 61 82
0.263333 0 2 62 73
0.27 2 2 49 91
0.276667 2 3 68 99
0.283333 0 2 60 80
0.29 2 2 63 87
0.296667 1 2 53 80
0.303333 1 4 46 69
0.31 2 0 49 79
0.316667 1 4 45 79
0.323333 2 4 47 73
0.33 3 1 47 69
0.336667 2 4 48 76
0.343333 0 2 57 58
0.35 2 2 49 68
0.356667 1 4 50 63
0.363333 0 3 50 57
0.37 3 6 48 56
0.376667 0 1 51 59
0.383333 4 1 26 60
0.39 3 2 40 58
0.396667 1 2 38 62
0.403333 0 1 40 57
0.41 2 4 26 63
0.416667 2 3 35 64
0.423333 1 1 50 48
0.43 1 0 38 42
0.436667 1 1 39 42
0.443333 1 2 31 47
0.45 1 4 37 61
0.456667 2 2 37 58
0.463333 0 1 39 58
0.47 3 1 31 47
0.476667 3 0 41 44
0.483333 0 1 18 32
0.49 1 2 30 33
0.496667 0 0 21 39
0.503333 0 1 19 39
0.51 0 1 22 34
0.516667 1 0 25 34
0.523333 0 2 25 28
0.53 1 1 37 36
0.536667 1 2 18 30
0.543333 0 1 25 29
0.55 1 0 24 21
0.556667 1 1 23 23
0.563333 0 3 21 37
0.57 1 0 25 32
0.576667 0 0 15 23
0.583333 2 1 24 24
0.59 0 0 21 30
0.596667 2 0 24 23
0.603333 0 0 20 31
0.61 0 1 32 20
0.616667 0 1 23 22
0.623333 1 1 18 28
0.63 1 1 26 30
0.636667 0 0 22 34
0.643333 1 0 19 25
0.65 0 0 24 29
0.656667 0 1 18 26
0.663333 15 19 929 1494
0.67 0 0 0 0
0.676667 0 0 0 0
0.683333 0 0 0 0
0.69 0 0 0 0
0.696667 0 0 0 0
0.703333 0 0 0 0
0.71 0 0 0 0
0.716667 0 0 0 0
0.723333 0 0 0 0
0.73 0 0 0 0
0.736667 0 0 0 0
0.743333 0 0 0 0
0.75 0 0 0 0
0.756667 0 0 0 0
0.763333 0 0 0 0
0.77 0 0 0 0
0.776667 0 0 0 0
0.783333 0 0 0 0
0.79 0 0 0 0
0.796667 0 0 0 0
0.803333 0 0 0 0
0.81 0 0 0 0
0.816667 0 0 0 0
0.823333 0 0 0 0
0.83 0 0 0 0
0.836667 0 0 0 0
0.843333 0 0 0 0
0.85 0 0 0 0
0.856667 0 0 0 0
0.863333 0 0 0 0
0.87 0 0 0 0
0.876667 0 0 0 0
0.883333 0 0 0 0
0.89 0 0 0 0
0.896667 0 0 0 0
0.903333 0 0 0 0
0.91 0 0 0 0
0.916667 0 0 0 0
0.923333 0 0 0 0
0.93 0 0 0 0
0.936667 0 0 0 0
0.943333 0 0 0 0
0.95 0 0 0 0
0.956667 0 0 0 0
0.963333 0 0 0 0
0.97 0 0 0 0
0.976667 0 0 0 0
0.983333 0 0 0 0
0.99 0 0 0 0
0.996667 0 0 0 0
1.00333 0 0 0 0
1.01 0 0 0 0
1.01667 0 0 0 0
1.02333 0 0 0 0
1.03 0 0 0 0
1.03667 0 0 0 0
1.04333 0 0 0 0
1.05 0 0 0 0
1.05667 0 0 0 0
1.06333 0 0 0 0
1.07 0 0 0 0
1.07667 0 0 0 0
1.08333 0 0 0 0
1.09 0 0 0 0
1.09667 0 0 0 0
1.10333 0 0 0 0
1.11 0 0 0 0
1.11667 0 0 0 0
1.12333 0 0 0 0
1.13 0 0 0 0
1.13667 0 0 0 0
1.14333 0 0 0 0
1.15 0 0 0 0
1.15667 0 0 0 0
1.16333 0 0 0 0
1.17 0 0 0 0
1.17667 0 0 0 0
1.18333 0 0 0 0
1.19 0 0 0 0
1.19667 0 0 0 0
1.20333 0 0 0 0
1.21 0 0 0 0
1.21667 0 0 0 0
1.22333 0 0 0 0
1.23 0 0 0 0
1.23667 0 0 0 0
1.24333 0 0 0 0
1.25 0 0 0 0
1.25667 0 0 0 0
1.26333 0 0 0 0
1.27 0 0 0 0
1.27667 0 0 0 0
1.28333 0 0 0 0
1.29 0 0 0 0
1.29667 0 0 0 0
1.30333 0 0 0 0
1.31 0 0 0 0
1.31667 0 0 0 0
1.32333 0 0 0 0
1.33 0 0 0 0
1.33667 0 0 0 0
1.34333 0 0 0 0
1.35 0 0 0 0
1.35667 0 0 0 0
1.36333 0 0 0 0
1.37 0 0 0 0
1.37667 0 0 0 0
1.38333 0 0 0 0
1.39 0 0 0 0
1.39667 0 0 0 0
1.40333 0 0 0 0
1.41 0 0 0 0
1.41667 0 0 0 0
1.42333 0 0 0 0
1.43 0 0 0 0
1.43667 0 0 0 0
1.44333 0 0 0 0
1.45 0 0 0 0
1.45667 0 0 0 0
1.46333 0 0 0 0
1.47 0 0 0 0
1.47667 0 0 0 0
1.48333 0 0 0 0
1.49 0 0 0 0
1.49667 0 0 0 0
1.50333 0 0 0 0
1.51 0 0 0 0
1.51667 0 0 0 0
1.52333 0 0 0 0
1.53 0 0 0 0
1.53667 0 0 0 0
1.54333 0 0 0 0
1.55 0 0 0 0
1.55667 0 0 0 0
1.56333 0 0 0 0
1.57 0 0 0 0
1.57667 0 0 0 0
1.58333 0 0 0 0
1.59 0 0 0 0
1.59667 0 0 0 0
1.60333 0 0 0 0
1.61 0 0 0 0
1.61667 0 0 0 0
1.62333 0 0 0 0
1.63 0 0 0 0
1.63667 0 0 0 0
1.64333 0 0 0 0
1.65 0 0 0 0
1.65667 0 0 0 0
1.66333 0 0 0 0
1.67 0 0 0 0
1.67667 0 0 0 0
1.68333 0 0 0 0
1.69 0 0 0 0
1.69667 0 0 0 0
1.70333 0 0 0 0
1.71 0 0 0 0
1.71667 0 0 0 0
1.72333 0 0 0 0
1.73 0 0 0 0
1.73667 0 0 0 0
1.74333 0 0 0 0
1.75 0 0 0 0
1.75667 0 0 0 0
1.76333 0 0 0 0
1.77 0 0 0 0
1.77667 0 0 0 0
1.78333 0 0 0 0
1.79 0 0 0 0
1.79667 0 0 0 0
1.80333 0 0 0 0
1.81 0 0 0 0
1.81667 0 0 0 0
1.82333 0 0 0 0
1.83 0 0 0 0
1.83667 0 0 0 0
1.84333 0 0 0 0
1.85 0 0 0 0
1.85667 0 0 0 0
1.86333 0 0 0 0
1.87 0 0 0 0
1.87667 0 0 0 0
1.88333 0 0 0 0
1.89 0 0 0 0
1.89667 0 0 0 0
1.90333 0 0 0 0
1.91 0 0 0 0
1.91667 0 0 0 0
1.92333 0 0 0 0
1.93 0 0 0 0
1.93667 0 0 0 0
1.94333 0 0 0 0
1.95 0 0 0 0
1.95667 0 0 0 0
1.96333 0 0 0 0
1.97 0 0 0 0
1.97667 0 0 0 0
1.98333 0 0 0 0
1.99 0 0 0 0
1.99667 0 0 0 0
