0.00333333 30 52 4 3
0.01 43 51 9 0
0.0166667 47 68 5 3
0.0233333 53 73 7 4
0.03 48 102 5 1
0.0366667 72 97 11 5
0.0433333 73 121 19 3
0.05 114 178 11 5
0.0566667 120 215 23 3
0.0633333 147 259 12 4
0.07 163 234 20 8
0.0766667 131 247 20 8
0.0833333 150 252 25 10
0.09 156 263 21 8
0.0966667 158 242 29 10
0.103333 150 256 25 8
0.11 170 239 29 6
0.116667 147 250 34 9
0.123333 147 266 25 10
0.13 119 254 27 5
0.136667 126 199 16 13
0.143333 136 218 24 5
0.15 123 197 23 5
0.156667 108 213 13 7
0.163333 101 194 29 5
0.17 112 172 20 5
0.176667 134 183 14 4
0.183333 89 189 15 6
0.19 120 200 19 6
0.196667 118 181 12 6
0.203333 110 187 20 4
0.21 100 186 7 2
0.216667 90 152 10 6
0.223333 102 145 19 3
0.23 101 138 10 2
0.236667 88 159 10 5
0.243333 96 147 8 5
0.25 75 130 6 3
0.256667 60 112 8 3
0.263333 69 108 12 6
0.27 63 110 16 5
0.276667 78 111 11 7
0.283333 54 104 14 5
0.29 48 106 9 0
0.296667 62 100 7 6
0.303333 50 97 5 7
0.31 61 104 13 1
0.316667 55 81 8 3
0.323333 53 93 10 0
0.33 46 89 12 1
0.336667 49 83 6 5
0.343333 61 91 5 2
0.35 40 101 11 3
0.356667 40 78 6 2
0.363333 59 84 4 3
0.37 47 55 10 3
0.376667 46 78 7 1
0.383333 45 83 7 4
0.39 50 67 13 1
0.396667 50 58 5 5
0.403333 46 74 9 3
0.41 43 69 8 0
0.416667 35 55 7 5
0.423333 37 61 13 0
0.43 28 58 5 2
0.436667 29 59 4 0
0.443333 35 60 6 4
0.45 39 69 5 0
0.456667 37 57 6 1
0.463333 43 65 6 3
0.47 32 64 3 4
0.476667 41 57 9 1
0.483333 36 45 7 2
0.49 37 59 5 3
0.496667 28 34 4 0
0.503333 28 41 6 3
0.51 25 39 5 2
0.516667 20 41 7 2
0.523333 21 28 4 0
0.53 23 31 4 1
0.536667 24 30 1 2
0.543333 18 27 5 2
0.55 18 30 2 2
0.556667 18 28 6 0
0.563333 17 29 3 2
0.57 14 39 3 3
0.576667 16 37 6 0
0.583333 20 35 9 1
0.59 18 30 2 3
0.596667 23 30 1 2
0.603333 11 39 2 4
0.61 22 36 5 1
0.616667 15 19 8 0
0.623333 21 34 4 2
0.63 16 27 1 1
0.636667 13 22 4 2
0.643333 21 22 5 1
0.65 11 21 4 4
0.656667 16 27 8 2
0.663333 973 1753 102 40
0.67 0 0 0 0
0.676667 0 0 0 0
0.683333 0 0 0 0
0.69 0 0 0 0
0.696667 0 0 0 0
0.703333 0 0 0 0
0.71 0 0 0 0
0.716667 0 0 0 0
0.723333 0 0 0 0
0.73 0 0 0 0
0.736667 0 0 0 0
0.743333 0 0 0 0
0.75 0 0 0 0
0.756667 0 0 0 0
0.763333 0 0 0 0
0.77 0 0 0 0
0.776667 0 0 0 0
0.783333 0 0 0 0
0.79 0 0 0 0
0.796667 0 0 0 0
0.803333 0 0 0 0
0.81 0 0 0 0
0.816667 0 0 0 0
0.823333 0 0 0 0
0.83 0 0 0 0
0.836667 0 0 0 0
0.843333 0 0 0 0
0.85 0 0 0 0
0.856667 0 0 0 0
0.863333 0 0 0 0
0.87 0 0 0 0
0.876667 0 0 0 0
0.883333 0 0 0 0
0.89 0 0 0 0
0.896667 0 0 0 0
0.903333 0 0 0 0
0.91 0 0 0 0
0.916667 0 0 0 0
0.923333 0 0 0 0
0.93 0 0 0 0
0.936667 0 0 0 0
0.943333 0 0 0 0
0.95 0 0 0 0
0.956667 0 0 0 0
0.963333 0 0 0 0
0.97 0 0 0 0
0.976667 0 0 0 0
0.983333 0 0 0 0
0.99 0 0 0 0
0.996667 0 0 0 0
1.00333 0 0 0 0
1.01 0 0 0 0
1.01667 0 0 0 0
1.02333 0 0 0 0
1.03 0 0 0 0
1.03667 0 0 0 0
1.04333 0 0 0 0
1.05 0 0 0 0
1.05667 0 0 0 0
1.06333 0 0 0 0
1.07 0 0 0 0
1.07667 0 0 0 0
1.08333 0 0 0 0
1.09 0 0 0 0
1.09667 0 0 0 0
1.10333 0 0 0 0
1.11 0 0 0 0
1.11667 0 0 0 0
1.12333 0 0 0 0
1.13 0 0 0 0
1.13667 0 0 0 0
1.14333 0 0 0 0
1.15 0 0 0 0
1.15667 0 0 0 0
1.16333 0 0 0 0
1.17 0 0 0 0
1.17667 0 0 0 0
1.18333 0 0 0 0
1.19 0 0 0 0
1.19667 0 0 0 0
1.20333 0 0 0 0
1.21 0 0 0 0
1.21667 0 0 0 0
1.22333 0 0 0 0
1.23 0 0 0 0
1.23667 0 0 0 0
1.24333 0 0 0 0
1.25 0 0 0 0
1.25667 0 0 0 0
1.26333 0 0 0 0
1.27 0 0 0 0
1.27667 0 0 0 0
1.28333 0 0 0 0
1.29 0 0 0 0
1.29667 0 0 0 0
1.30333 0 0 0 0
1.31 0 0 0 0
1.31667 0 0 0 0
1.32333 0 0 0 0
1.33 0 0 0 0
1.33667 0 0 0 0
1.34333 0 0 0 0
1.35 0 0 0 0
1.35667 0 0 0 0
1.36333 0 0 0 0
1.37 0 0 0 0
1.37667 0 0 0 0
1.38333 0 0 0 0
1.39 0 0 0 0
1.39667 0 0 0 0
1.40333 0 0 0 0
1.41 0 0 0 0
1.41667 0 0 0 0
1.42333 0 0 0 0
1.43 0 0 0 0
1.43667 0 0 0 0
1.44333 0 0 0 0
1.45 0 0 0 0
1.45667 0 0 0 0
1.46333 0 0 0 0
1.47 0 0 0 0
1.47667 0 0 0 0
1.48333 0 0 0 0
1.49 0 0 0 0
1.49667 0 0 0 0
1.50333 0 0 0 0
1.51 0 0 0 0
1.51667 0 0 0 0
1.52333 0 0 0 0
1.53 0 0 0 0
1.53667 0 0 0 0
1.54333 0 0 0 0
1.55 0 0 0 0
1.55667 0 0 0 0
1.56333 0 0 0 0
1.57 0 0 0 0
1.57667 0 0 0 0
1.58333 0 0 0 0
1.59 0 0 0 0
1.59667 0 0 0 0
1.60333 0 0 0 0
1.61 0 0 0 0
1.61667 0 0 0 0
1.62333 0 0 0 0
1.63 0 0 0 0
1.63667 0 0 0 0
1.64333 0 0 0 0
1.65 0 0 0 0
1.65667 0 0 0 0
1.66333 0 0 0 0
1.67 0 0 0 0
1.67667 0 0 0 0
1.68333 0 0 0 0
1.69 0 0 0 0
1.69667 0 0 0 0
1.70333 0 0 0 0
1.71 0 0 0 0
1.71667 0 0 0 0
1.72333 0 0 0 0
1.73 0 0 0 0
1.73667 0 0 0 0
1.74333 0 0 0 0
1.75 0 0 0 0
1.75667 0 0 0 0
1.76333 0 0 0 0
1.77 0 0 0 0
1.77667 0 0 0 0
1.78333 0 0 0 0
1.79 0 0 0 0
1.79667 0 0 0 0
1.80333 0 0 0 0
1.81 0 0 0 0
1.81667 0 0 0 0
1.82333 0 0 0 0
1.83 0 0 0 0
1.83667 0 0 0 0
1.84333 0 0 0 0
1.85 0 0 0 0
1.85667 0 0 0 0
1.86333 0 0 0 0
1.87 0 0 0 0
1.87667 0 0 0 0
1.88333 0 0 0 0
1.89 0 0 0 0
1.89667 0 0 0 0
1.90333 0 0 0 0
1.91 0 0 0 0
1.91667 0 0 0 0
1.92333 0 0 0 0
1.93 0 0 0 0
1.93667 0 0 0 0
1.94333 0 0 0 0
1.95 0 0 0 0
1.95667 0 0 0 0
1.96333 0 0 0 0
1.97 0 0 0 0
1.97667 0 0 0 0
1.98333 0 0 0 0
1.99 0 0 0 0
1.99667 0 0 0 0
