0.00333333 42 21 3 8
0.01 44 23 10 7
0.0166667 46 28 7 11
0.0233333 53 24 6 9
0.03 39 32 10 12
0.0366667 52 28 6 12
0.0433333 67 30 7 10
0.05 59 69 13 12
0.0566667 55 68 13 9
0.0633333 55 58 8 15
0.07 64 54 11 14
0.0766667 83 80 14 13
0.0833333 80 81 9 13
0.09 71 98 11 14
0.0966667 75 77 15 8
0.103333 86 86 15 15
0.11 102 68 12 17
0.116667 71 81 16 15
0.123333 85 72 11 12
0.13 75 80 12 16
0.136667 81 61 12 11
0.143333 88 55 5 16
0.15 62 53 2 10
0.156667 87 55 3 14
0.163333 92 43 6 14
0.17 92 52 8 12
0.176667 97 54 14 15
0.183333 106 54 4 22
0.19 122 52 17 23
0.196667 125 49 6 23
0.203333 85 44 5 13
0.21 83 60 8 13
0.216667 81 36 7 18
0.223333 82 47 7 16
0.23 69 45 5 13
0.236667 93 50 7 5
0.243333 85 45 7 21
0.25 88 36 8 13
0.256667 70 45 7 14
0.263333 75 39 6 10
0.27 68 38 11 10
0.276667 74 49 6 7
0.283333 78 25 8 12
0.29 66 40 7 13
0.296667 66 24 8 8
0.303333 69 28 3 12
0.31 61 33 8 17
0.316667 56 24 4 9
0.323333 58 30 4 10
0.33 59 41 3 12
0.336667 60 32 6 6
0.343333 59 26 4 11
0.35 40 36 1 14
0.356667 57 22 11 10
0.363333 48 18 5 12
0.37 35 28 4 8
0.376667 40 35 8 11
0.383333 48 27 8 11
0.39 56 25 3 11
0.396667 58 20 4 17
0.403333 57 20 9 8
0.41 59 14 5 4
0.416667 63 23 3 10
0.423333 45 24 8 13
0.43 53 31 5 13
0.436667 55 20 5 15
0.443333 34 24 3 8
0.45 60 18 4 8
0.456667 49 20 7 13
0.463333 62 33 2 15
0.47 51 17 2 17
0.476667 34 15 5 7
0.483333 23 23 4 2
0.49 15 19 2 5
0.496667 26 21 5 8
0.503333 21 14 4 5
0.51 18 14 2 3
0.516667 16 12 3 3
0.523333 11 13 6 2
0.53 13 10 2 4
0.536667 12 13 3 6
0.543333 10 8 5 2
0.55 6 14 1 7
0.556667 12 14 2 5
0.563333 8 15 2 2
0.57 10 9 5 3
0.576667 13 14 5 4
0.583333 11 18 3 2
0.59 4 14 2 4
0.596667 8 9 5 1
0.603333 9 21 1 3
0.61 4 10 5 4
0.616667 4 13 3 3
0.623333 2 17 1 1
0.63 4 16 3 4
0.636667 13 18 4 1
0.643333 4 19 0 2
0.65 3 8 3 0
0.656667 6 10 2 0
0.663333 2498 515 56 617
0.67 0 0 0 0
0.676667 0 0 0 0
0.683333 0 0 0 0
0.69 0 0 0 0
0.696667 0 0 0 0
0.703333 0 0 0 0
0.71 0 0 0 0
0.716667 0 0 0 0
0.723333 0 0 0 0
0.73 0 0 0 0
0.736667 0 0 0 0
0.743333 0 0 0 0
0.75 0 0 0 0
0.756667 0 0 0 0
0.763333 0 0 0 0
0.77 0 0 0 0
0.776667 0 0 0 0
0.783333 0 0 0 0
0.79 0 0 0 0
0.796667 0 0 0 0
0.803333 0 0 0 0
0.81 0 0 0 0
0.816667 0 0 0 0
0.823333 0 0 0 0
0.83 0 0 0 0
0.836667 0 0 0 0
0.843333 0 0 0 0
0.85 0 0 0 0
0.856667 0 0 0 0
0.863333 0 0 0 0
0.87 0 0 0 0
0.876667 0 0 0 0
0.883333 0 0 0 0
0.89 0 0 0 0
0.896667 0 0 0 0
0.903333 0 0 0 0
0.91 0 0 0 0
0.916667 0 0 0 0
0.923333 0 0 0 0
0.93 0 0 0 0
0.936667 0 0 0 0
0.943333 0 0 0 0
0.95 0 0 0 0
0.956667 0 0 0 0
0.963333 0 0 0 0
0.97 0 0 0 0
0.976667 0 0 0 0
0.983333 0 0 0 0
0.99 0 0 0 0
0.996667 0 0 0 0
1.00333 0 0 0 0
1.01 0 0 0 0
1.01667 0 0 0 0
1.02333 0 0 0 0
1.03 0 0 0 0
1.03667 0 0 0 0
1.04333 0 0 0 0
1.05 0 0 0 0
1.05667 0 0 0 0
1.06333 0 0 0 0
1.07 0 0 0 0
1.07667 0 0 0 0
1.08333 0 0 0 0
1.09 0 0 0 0
1.09667 0 0 0 0
1.10333 0 0 0 0
1.11 0 0 0 0
1.11667 0 0 0 0
1.12333 0 0 0 0
1.13 0 0 0 0
1.13667 0 0 0 0
1.14333 0 0 0 0
1.15 0 0 0 0
1.15667 0 0 0 0
1.16333 0 0 0 0
1.17 0 0 0 0
1.17667 0 0 0 0
1.18333 0 0 0 0
1.19 0 0 0 0
1.19667 0 0 0 0
1.20333 0 0 0 0
1.21 0 0 0 0
1.21667 0 0 0 0
1.22333 0 0 0 0
1.23 0 0 0 0
1.23667 0 0 0 0
1.24333 0 0 0 0
1.25 0 0 0 0
1.25667 0 0 0 0
1.26333 0 0 0 0
1.27 0 0 0 0
1.27667 0 0 0 0
1.28333 0 0 0 0
1.29 0 0 0 0
1.29667 0 0 0 0
1.30333 0 0 0 0
1.31 0 0 0 0
1.31667 0 0 0 0
1.32333 0 0 0 0
1.33 0 0 0 0
1.33667 0 0 0 0
1.34333 0 0 0 0
1.35 0 0 0 0
1.35667 0 0 0 0
1.36333 0 0 0 0
1.37 0 0 0 0
1.37667 0 0 0 0
1.38333 0 0 0 0
1.39 0 0 0 0
1.39667 0 0 0 0
1.40333 0 0 0 0
1.41 0 0 0 0
1.41667 0 0 0 0
1.42333 0 0 0 0
1.43 0 0 0 0
1.43667 0 0 0 0
1.44333 0 0 0 0
1.45 0 0 0 0
1.45667 0 0 0 0
1.46333 0 0 0 0
1.47 0 0 0 0
1.47667 0 0 0 0
1.48333 0 0 0 0
1.49 0 0 0 0
1.49667 0 0 0 0
1.50333 0 0 0 0
1.51 0 0 0 0
1.51667 0 0 0 0
1.52333 0 0 0 0
1.53 0 0 0 0
1.53667 0 0 0 0
1.54333 0 0 0 0
1.55 0 0 0 0
1.55667 0 0 0 0
1.56333 0 0 0 0
1.57 0 0 0 0
1.57667 0 0 0 0
1.58333 0 0 0 0
1.59 0 0 0 0
1.59667 0 0 0 0
1.60333 0 0 0 0
1.61 0 0 0 0
1.61667 0 0 0 0
1.62333 0 0 0 0
1.63 0 0 0 0
1.63667 0 0 0 0
1.64333 0 0 0 0
1.65 0 0 0 0
1.65667 0 0 0 0
1.66333 0 0 0 0
1.67 0 0 0 0
1.67667 0 0 0 0
1.68333 0 0 0 0
1.69 0 0 0 0
1.69667 0 0 0 0
1.70333 0 0 0 0
1.71 0 0 0 0
1.71667 0 0 0 0
1.72333 0 0 0 0
1.73 0 0 0 0
1.73667 0 0 0 0
1.74333 0 0 0 0
1.75 0 0 0 0
1.75667 0 0 0 0
1.76333 0 0 0 0
1.77 0 0 0 0
1.77667 0 0 0 0
1.78333 0 0 0 0
1.79 0 0 0 0
1.79667 0 0 0 0
1.80333 0 0 0 0
1.81 0 0 0 0
1.81667 0 0 0 0
1.82333 0 0 0 0
1.83 0 0 0 0
1.83667 0 0 0 0
1.84333 0 0 0 0
1.85 0 0 0 0
1.85667 0 0 0 0
1.86333 0 0 0 0
1.87 0 0 0 0
1.87667 0 0 0 0
1.88333 0 0 0 0
1.89 0 0 0 0
1.89667 0 0 0 0
1.90333 0 0 0 0
1.91 0 0 0 0
1.91667 0 0 0 0
1.92333 0 0 0 0
1.93 0 0 0 0
1.93667 0 0 0 0
1.94333 0 0 0 0
1.95 0 0 0 0
1.95667 0 0 0 0
1.96333 0 0 0 0
1.97 0 0 0 0
1.97667 0 0 0 0
1.98333 0 0 0 0
1.99 0 0 0 0
1.99667 0 0 0 0
