0.00333333 4 45 26 3
0.01 6 41 26 4
0.0166667 4 44 31 5
0.0233333 15 54 24 1
0.03 7 58 20 5
0.0366667 16 72 40 7
0.0433333 16 92 51 7
0.05 31 124 56 8
0.0566667 40 170 68 14
0.0633333 50 165 65 11
0.07 37 181 81 15
0.0766667 34 183 91 15
0.0833333 38 166 73 17
0.09 35 175 83 17
0.0966667 31 175 81 16
0.103333 46 185 69 12
0.11 36 178 82 13
0.116667 42 179 89 14
0.123333 29 184 92 8
0.13 33 162 86 5
0.136667 28 145 69 14
0.143333 19 148 80 4
0.15 28 142 79 5
0.156667 20 128 82 9
0.163333 14 108 68 9
0.17 31 123 60 10
0.176667 22 133 68 3
0.183333 22 117 68 14
0.19 16 121 75 10
0.196667 23 130 77 9
0.203333 20 138 77 4
0.21 25 119 78 7
0.216667 16 114 54 4
0.223333 27 122 63 7
0.23 21 114 57 4
0.236667 18 106 49 8
0.243333 20 92 37 5
0.25 13 102 48 12
0.256667 18 90 52 6
0.263333 16 88 38 4
0.27 12 82 40 8
0.276667 14 86 38 6
0.283333 11 77 37 4
0.29 13 74 26 1
0.296667 16 88 33 9
0.303333 10 76 32 3
0.31 13 81 30 5
0.316667 14 71 33 3
0.323333 7 65 42 4
0.33 11 78 37 3
0.336667 11 46 23 2
0.343333 6 53 29 2
0.35 13 71 39 2
0.356667 10 54 27 7
0.363333 12 44 36 3
0.37 6 55 27 6
0.376667 12 54 30 6
0.383333 13 63 35 1
0.39 3 51 38 3
0.396667 14 60 22 6
0.403333 8 60 30 2
0.41 12 57 33 3
0.416667 12 57 24 2
0.423333 10 45 31 3
0.43 13 46 23 4
0.436667 7 49 30 2
0.443333 10 36 20 3
0.45 12 46 33 3
0.456667 8 46 29 6
0.463333 9 50 27 2
0.47 7 43 21 4
0.476667 9 34 22 3
0.483333 10 27 18 3
0.49 7 30 23 6
0.496667 6 18 14 3
0.503333 8 32 15 2
0.51 5 29 15 2
0.516667 5 29 14 5
0.523333 3 26 7 1
0.53 4 31 10 2
0.536667 10 26 13 5
0.543333 6 20 17 2
0.55 8 31 16 1
0.556667 7 34 14 2
0.563333 7 32 17 2
0.57 6 28 13 3
0.576667 6 19 14 3
0.583333 6 14 15 4
0.59 3 21 14 1
0.596667 2 14 10 4
0.603333 3 20 11 1
0.61 4 25 9 1
0.616667 4 20 13 2
0.623333 5 17 15 2
0.63 7 27 10 2
0.636667 5 27 13 1
0.643333 2 19 8 3
0.65 2 27 12 2
0.656667 4 29 9 0
0.663333 155 1229 760 39
0.67 0 0 0 0
0.676667 0 0 0 0
0.683333 0 0 0 0
0.69 0 0 0 0
0.696667 0 0 0 0
0.703333 0 0 0 0
0.71 0 0 0 0
0.716667 0 0 0 0
0.723333 0 0 0 0
0.73 0 0 0 0
0.736667 0 0 0 0
0.743333 0 0 0 0
0.75 0 0 0 0
0.756667 0 0 0 0
0.763333 0 0 0 0
0.77 0 0 0 0
0.776667 0 0 0 0
0.783333 0 0 0 0
0.79 0 0 0 0
0.796667 0 0 0 0
0.803333 0 0 0 0
0.81 0 0 0 0
0.816667 0 0 0 0
0.823333 0 0 0 0
0.83 0 0 0 0
0.836667 0 0 0 0
0.843333 0 0 0 0
0.85 0 0 0 0
0.856667 0 0 0 0
0.863333 0 0 0 0
0.87 0 0 0 0
0.876667 0 0 0 0
0.883333 0 0 0 0
0.89 0 0 0 0
0.896667 0 0 0 0
0.903333 0 0 0 0
0.91 0 0 0 0
0.916667 0 0 0 0
0.923333 0 0 0 0
0.93 0 0 0 0
0.936667 0 0 0 0
0.943333 0 0 0 0
0.95 0 0 0 0
0.956667 0 0 0 0
0.963333 0 0 0 0
0.97 0 0 0 0
0.976667 0 0 0 0
0.983333 0 0 0 0
0.99 0 0 0 0
0.996667 0 0 0 0
1.00333 0 0 0 0
1.01 0 0 0 0
1.01667 0 0 0 0
1.02333 0 0 0 0
1.03 0 0 0 0
1.03667 0 0 0 0
1.04333 0 0 0 0
1.05 0 0 0 0
1.05667 0 0 0 0
1.06333 0 0 0 0
1.07 0 0 0 0
1.07667 0 0 0 0
1.08333 0 0 0 0
1.09 0 0 0 0
1.09667 0 0 0 0
1.10333 0 0 0 0
1.11 0 0 0 0
1.11667 0 0 0 0
1.12333 0 0 0 0
1.13 0 0 0 0
1.13667 0 0 0 0
1.14333 0 0 0 0
1.15 0 0 0 0
1.15667 0 0 0 0
1.16333 0 0 0 0
1.17 0 0 0 0
1.17667 0 0 0 0
1.18333 0 0 0 0
1.19 0 0 0 0
1.19667 0 0 0 0
1.20333 0 0 0 0
1.21 0 0 0 0
1.21667 0 0 0 0
1.22333 0 0 0 0
1.23 0 0 0 0
1.23667 0 0 0 0
1.24333 0 0 0 0
1.25 0 0 0 0
1.25667 0 0 0 0
1.26333 0 0 0 0
1.27 0 0 0 0
1.27667 0 0 0 0
1.28333 0 0 0 0
1.29 0 0 0 0
1.29667 0 0 0 0
1.30333 0 0 0 0
1.31 0 0 0 0
1.31667 0 0 0 0
1.32333 0 0 0 0
1.33 0 0 0 0
1.33667 0 0 0 0
1.34333 0 0 0 0
1.35 0 0 0 0
1.35667 0 0 0 0
1.36333 0 0 0 0
1.37 0 0 0 0
1.37667 0 0 0 0
1.38333 0 0 0 0
1.39 0 0 0 0
1.39667 0 0 0 0
1.40333 0 0 0 0
1.41 0 0 0 0
1.41667 0 0 0 0
1.42333 0 0 0 0
1.43 0 0 0 0
1.43667 0 0 0 0
1.44333 0 0 0 0
1.45 0 0 0 0
1.45667 0 0 0 0
1.46333 0 0 0 0
1.47 0 0 0 0
1.47667 0 0 0 0
1.48333 0 0 0 0
1.49 0 0 0 0
1.49667 0 0 0 0
1.50333 0 0 0 0
1.51 0 0 0 0
1.51667 0 0 0 0
1.52333 0 0 0 0
1.53 0 0 0 0
1.53667 0 0 0 0
1.54333 0 0 0 0
1.55 0 0 0 0
1.55667 0 0 0 0
1.56333 0 0 0 0
1.57 0 0 0 0
1.57667 0 0 0 0
1.58333 0 0 0 0
1.59 0 0 0 0
1.59667 0 0 0 0
1.60333 0 0 0 0
1.61 0 0 0 0
1.61667 0 0 0 0
1.62333 0 0 0 0
1.63 0 0 0 0
1.63667 0 0 0 0
1.64333 0 0 0 0
1.65 0 0 0 0
1.65667 0 0 0 0
1.66333 0 0 0 0
1.67 0 0 0 0
1.67667 0 0 0 0
1.68333 0 0 0 0
1.69 0 0 0 0
1.69667 0 0 0 0
1.70333 0 0 0 0
1.71 0 0 0 0
1.71667 0 0 0 0
1.72333 0 0 0 0
1.73 0 0 0 0
1.73667 0 0 0 0
1.74333 0 0 0 0
1.75 0 0 0 0
1.75667 0 0 0 0
1.76333 0 0 0 0
1.77 0 0 0 0
1.77667 0 0 0 0
1.78333 0 0 0 0
1.79 0 0 0 0
1.79667 0 0 0 0
1.80333 0 0 0 0
1.81 0 0 0 0
1.81667 0 0 0 0
1.82333 0 0 0 0
1.83 0 0 0 0
1.83667 0 0 0 0
1.84333 0 0 0 0
1.85 0 0 0 0
1.85667 0 0 0 0
1.86333 0 0 0 0
1.87 0 0 0 0
1.87667 0 0 0 0
1.88333 0 0 0 0
1.89 0 0 0 0
1.89667 0 0 0 0
1.90333 0 0 0 0
1.91 0 0 0 0
1.91667 0 0 0 0
1.92333 0 0 0 0
1.93 0 0 0 0
1.93667 0 0 0 0
1.94333 0 0 0 0
1.95 0 0 0 0
1.95667 0 0 0 0
1.96333 0 0 0 0
1.97 0 0 0 0
1.97667 0 0 0 0
1.98333 0 0 0 0
1.99 0 0 0 0
1.99667 0 0 0 0
