0.00333333 3 7 13 37
0.01 4 12 23 38
0.0166667 6 10 24 57
0.0233333 2 9 30 52
0.03 1 13 23 42
0.0366667 11 15 47 64
0.0433333 11 21 67 75
0.05 12 20 95 66
0.0566667 12 29 76 85
0.0633333 11 23 96 110
0.07 7 23 87 101
0.0766667 8 23 114 93
0.0833333 10 37 81 104
0.09 12 33 111 105
0.0966667 10 33 85 116
0.103333 8 31 100 132
0.11 8 35 85 112
0.116667 5 28 85 131
0.123333 4 26 79 111
0.13 9 20 81 107
0.136667 7 28 65 109
0.143333 10 30 64 111
0.15 10 25 67 121
0.156667 8 20 84 117
0.163333 11 23 64 108
0.17 8 31 56 118
0.176667 7 14 60 103
0.183333 12 23 55 133
0.19 13 29 47 147
0.196667 12 35 55 134
0.203333 14 29 50 127
0.21 16 18 57 114
0.216667 4 21 43 103
0.223333 10 33 48 91
0.23 9 16 44 103
0.236667 8 22 54 103
0.243333 6 18 51 82
0.25 11 27 52 83
0.256667 4 27 42 78
0.263333 10 13 50 76
0.27 5 19 43 101
0.276667 8 19 43 76
0.283333 2 10 29 64
0.29 8 20 36 74
0.296667 3 19 48 53
0.303333 7 12 33 86
0.31 7 24 37 65
0.316667 5 9 44 53
0.323333 5 16 51 64
0.33 9 17 37 71
0.336667 8 16 33 55
0.343333 5 16 23 44
0.35 4 10 29 59
0.356667 6 14 31 63
0.363333 4 13 46 50
0.37 4 11 29 56
0.376667 3 15 31 46
0.383333 10 16 25 58
0.39 6 8 28 47
0.396667 7 13 22 52
0.403333 10 9 34 65
0.41 4 14 28 44
0.416667 7 13 23 44
0.423333 10 16 29 59
0.43 6 12 23 57
0.436667 5 11 26 57
0.443333 7 20 27 49
0.45 1 18 23 46
0.456667 8 7 21 33
0.463333 3 14 23 52
0.47 13 8 21 58
0.476667 0 9 23 35
0.483333 6 8 23 27
0.49 4 13 19 27
0.496667 5 2 20 23
0.503333 2 10 20 29
0.51 4 5 16 28
0.516667 4 10 17 25
0.523333 3 13 25 27
0.53 2 5 13 29
0.536667 2 4 15 22
0.543333 4 6 19 22
0.55 5 5 21 18
0.556667 1 9 24 15
0.563333 0 11 11 26
0.57 5 4 14 28
0.576667 2 9 12 27
0.583333 3 7 18 22
0.59 5 8 16 20
0.596667 7 8 18 15
0.603333 8 6 17 15
0.61 4 6 9 24
0.616667 2 5 11 19
0.623333 2 7 11 24
0.63 4 8 16 16
0.636667 4 4 10 23
0.643333 5 6 13 13
0.65 4 6 9 16
0.656667 2 10 17 13
0.663333 191 343 469 2062
0.67 0 0 0 0
0.676667 0 0 0 0
0.683333 0 0 0 0
0.69 0 0 0 0
0.696667 0 0 0 0
0.703333 0 0 0 0
0.71 0 0 0 0
0.716667 0 0 0 0
0.723333 0 0 0 0
0.73 0 0 0 0
0.736667 0 0 0 0
0.743333 0 0 0 0
0.75 0 0 0 0
0.756667 0 0 0 0
0.763333 0 0 0 0
0.77 0 0 0 0
0.776667 0 0 0 0
0.783333 0 0 0 0
0.79 0 0 0 0
0.796667 0 0 0 0
0.803333 0 0 0 0
0.81 0 0 0 0
0.816667 0 0 0 0
0.823333 0 0 0 0
0.83 0 0 0 0
0.836667 0 0 0 0
0.843333 0 0 0 0
0.85 0 0 0 0
0.856667 0 0 0 0
0.863333 0 0 0 0
0.87 0 0 0 0
0.876667 0 0 0 0
0.883333 0 0 0 0
0.89 0 0 0 0
0.896667 0 0 0 0
0.903333 0 0 0 0
0.91 0 0 0 0
0.916667 0 0 0 0
0.923333 0 0 0 0
0.93 0 0 0 0
0.936667 0 0 0 0
0.943333 0 0 0 0
0.95 0 0 0 0
0.956667 0 0 0 0
0.963333 0 0 0 0
0.97 0 0 0 0
0.976667 0 0 0 0
0.983333 0 0 0 0
0.99 0 0 0 0
0.996667 0 0 0 0
1.00333 0 0 0 0
1.01 0 0 0 0
1.01667 0 0 0 0
1.02333 0 0 0 0
1.03 0 0 0 0
1.03667 0 0 0 0
1.04333 0 0 0 0
1.05 0 0 0 0
1.05667 0 0 0 0
1.06333 0 0 0 0
1.07 0 0 0 0
1.07667 0 0 0 0
1.08333 0 0 0 0
1.09 0 0 0 0
1.09667 0 0 0 0
1.10333 0 0 0 0
1.11 0 0 0 0
1.11667 0 0 0 0
1.12333 0 0 0 0
1.13 0 0 0 0
1.13667 0 0 0 0
1.14333 0 0 0 0
1.15 0 0 0 0
1.15667 0 0 0 0
1.16333 0 0 0 0
1.17 0 0 0 0
1.17667 0 0 0 0
1.18333 0 0 0 0
1.19 0 0 0 0
1.19667 0 0 0 0
1.20333 0 0 0 0
1.21 0 0 0 0
1.21667 0 0 0 0
1.22333 0 0 0 0
1.23 0 0 0 0
1.23667 0 0 0 0
1.24333 0 0 0 0
1.25 0 0 0 0
1.25667 0 0 0 0
1.26333 0 0 0 0
1.27 0 0 0 0
1.27667 0 0 0 0
1.28333 0 0 0 0
1.29 0 0 0 0
1.29667 0 0 0 0
1.30333 0 0 0 0
1.31 0 0 0 0
1.31667 0 0 0 0
1.32333 0 0 0 0
1.33 0 0 0 0
1.33667 0 0 0 0
1.34333 0 0 0 0
1.35 0 0 0 0
1.35667 0 0 0 0
1.36333 0 0 0 0
1.37 0 0 0 0
1.37667 0 0 0 0
1.38333 0 0 0 0
1.39 0 0 0 0
1.39667 0 0 0 0
1.40333 0 0 0 0
1.41 0 0 0 0
1.41667 0 0 0 0
1.42333 0 0 0 0
1.43 0 0 0 0
1.43667 0 0 0 0
1.44333 0 0 0 0
1.45 0 0 0 0
1.45667 0 0 0 0
1.46333 0 0 0 0
1.47 0 0 0 0
1.47667 0 0 0 0
1.48333 0 0 0 0
1.49 0 0 0 0
1.49667 0 0 0 0
1.50333 0 0 0 0
1.51 0 0 0 0
1.51667 0 0 0 0
1.52333 0 0 0 0
1.53 0 0 0 0
1.53667 0 0 0 0
1.54333 0 0 0 0
1.55 0 0 0 0
1.55667 0 0 0 0
1.56333 0 0 0 0
1.57 0 0 0 0
1.57667 0 0 0 0
1.58333 0 0 0 0
1.59 0 0 0 0
1.59667 0 0 0 0
1.60333 0 0 0 0
1.61 0 0 0 0
1.61667 0 0 0 0
1.62333 0 0 0 0
1.63 0 0 0 0
1.63667 0 0 0 0
1.64333 0 0 0 0
1.65 0 0 0 0
1.65667 0 0 0 0
1.66333 0 0 0 0
1.67 0 0 0 0
1.67667 0 0 0 0
1.68333 0 0 0 0
1.69 0 0 0 0
1.69667 0 0 0 0
1.70333 0 0 0 0
1.71 0 0 0 0
1.71667 0 0 0 0
1.72333 0 0 0 0
1.73 0 0 0 0
1.73667 0 0 0 0
1.74333 0 0 0 0
1.75 0 0 0 0
1.75667 0 0 0 0
1.76333 0 0 0 0
1.77 0 0 0 0
1.77667 0 0 0 0
1.78333 0 0 0 0
1.79 0 0 0 0
1.79667 0 0 0 0
1.80333 0 0 0 0
1.81 0 0 0 0
1.81667 0 0 0 0
1.82333 0 0 0 0
1.83 0 0 0 0
1.83667 0 0 0 0
1.84333 0 0 0 0
1.85 0 0 0 0
1.85667 0 0 0 0
1.86333 0 0 0 0
1.87 0 0 0 0
1.87667 0 0 0 0
1.88333 0 0 0 0
1.89 0 0 0 0
1.89667 0 0 0 0
1.90333 0 0 0 0
1.91 0 0 0 0
1.91667 0 0 0 0
1.92333 0 0 0 0
1.93 0 0 0 0
1.93667 0 0 0 0
1.94333 0 0 0 0
1.95 0 0 0 0
1.95667 0 0 0 0
1.96333 0 0 0 0
1.97 0 0 0 0
1.97667 0 0 0 0
1.98333 0 0 0 0
1.99 0 0 0 0
1.99667 0 0 0 0
