0.00333333 66 52 4 1
0.01 84 66 3 2
0.0166667 70 59 1 0
0.0233333 84 77 5 1
0.03 90 65 4 2
0.0366667 133 105 8 2
0.0433333 116 124 8 2
0.05 191 155 4 2
0.0566667 195 178 12 5
0.0633333 261 176 9 2
0.07 224 202 8 2
0.0766667 277 218 9 2
0.0833333 258 222 11 4
0.09 276 238 9 3
0.0966667 281 270 12 1
0.103333 224 207 12 4
0.11 251 213 14 5
0.116667 276 216 9 7
0.123333 276 229 14 3
0.13 222 202 9 7
0.136667 247 188 9 4
0.143333 252 176 6 4
0.15 235 173 9 4
0.156667 190 182 4 2
0.163333 213 168 5 2
0.17 192 151 8 2
0.176667 197 179 5 3
0.183333 219 201 5 1
0.19 217 171 5 5
0.196667 220 173 7 0
0.203333 196 152 6 4
0.21 213 143 3 4
0.216667 173 132 5 8
0.223333 178 130 6 5
0.23 169 128 6 3
0.236667 155 138 4 2
0.243333 153 116 7 2
0.25 141 107 4 2
0.256667 174 123 2 2
0.263333 139 107 5 1
0.27 108 116 3 4
0.276667 154 106 4 2
0.283333 125 100 6 2
0.29 128 100 1 1
0.296667 117 92 4 2
0.303333 114 95 5 4
0.31 134 91 7 3
0.316667 93 93 6 4
0.323333 120 84 8 0
0.33 94 88 2 3
0.336667 97 74 6 5
0.343333 100 63 4 1
0.35 88 73 6 5
0.356667 82 82 3 1
0.363333 79 81 3 1
0.37 76 78 4 2
0.376667 95 73 2 2
0.383333 63 50 4 2
0.39 82 78 5 1
0.396667 95 53 6 1
0.403333 87 73 5 1
0.41 69 77 5 1
0.416667 68 58 2 2
0.423333 83 58 2 2
0.43 82 62 4 3
0.436667 67 58 0 2
0.443333 75 61 1 0
0.45 76 49 1 0
0.456667 74 54 2 2
0.463333 78 59 4 1
0.47 73 76 2 0
0.476667 63 64 4 0
0.483333 40 32 3 1
0.49 42 43 2 3
0.496667 36 38 2 0
0.503333 49 33 3 0
0.51 45 39 2 1
0.516667 42 35 5 0
0.523333 32 29 2 1
0.53 32 35 3 1
0.536667 50 29 1 1
0.543333 34 26 5 0
0.55 45 33 1 1
0.556667 32 33 2 0
0.563333 24 29 2 2
0.57 32 22 2 2
0.576667 41 19 5 0
0.583333 34 35 3 0
0.59 30 23 2 2
0.596667 34 24 0 0
0.603333 26 29 5 2
0.61 32 30 2 1
0.616667 23 30 5 1
0.623333 40 23 2 2
0.63 29 27 1 0
0.636667 35 28 2 0
0.643333 24 30 3 0
0.65 31 16 5 3
0.656667 21 21 3 3
0.663333 2305 1740 48 28
0.67 0 0 0 0
0.676667 0 0 0 0
0.683333 0 0 0 0
0.69 0 0 0 0
0.696667 0 0 0 0
0.703333 0 0 0 0
0.71 0 0 0 0
0.716667 0 0 0 0
0.723333 0 0 0 0
0.73 0 0 0 0
0.736667 0 0 0 0
0.743333 0 0 0 0
0.75 0 0 0 0
0.756667 0 0 0 0
0.763333 0 0 0 0
0.77 0 0 0 0
0.776667 0 0 0 0
0.783333 0 0 0 0
0.79 0 0 0 0
0.796667 0 0 0 0
0.803333 0 0 0 0
0.81 0 0 0 0
0.816667 0 0 0 0
0.823333 0 0 0 0
0.83 0 0 0 0
0.836667 0 0 0 0
0.843333 0 0 0 0
0.85 0 0 0 0
0.856667 0 0 0 0
0.863333 0 0 0 0
0.87 0 0 0 0
0.876667 0 0 0 0
0.883333 0 0 0 0
0.89 0 0 0 0
0.896667 0 0 0 0
0.903333 0 0 0 0
0.91 0 0 0 0
0.916667 0 0 0 0
0.923333 0 0 0 0
0.93 0 0 0 0
0.936667 0 0 0 0
0.943333 0 0 0 0
0.95 0 0 0 0
0.956667 0 0 0 0
0.963333 0 0 0 0
0.97 0 0 0 0
0.976667 0 0 0 0
0.983333 0 0 0 0
0.99 0 0 0 0
0.996667 0 0 0 0
1.00333 0 0 0 0
1.01 0 0 0 0
1.01667 0 0 0 0
1.02333 0 0 0 0
1.03 0 0 0 0
1.03667 0 0 0 0
1.04333 0 0 0 0
1.05 0 0 0 0
1.05667 0 0 0 0
1.06333 0 0 0 0
1.07 0 0 0 0
1.07667 0 0 0 0
1.08333 0 0 0 0
1.09 0 0 0 0
1.09667 0 0 0 0
1.10333 0 0 0 0
1.11 0 0 0 0
1.11667 0 0 0 0
1.12333 0 0 0 0
1.13 0 0 0 0
1.13667 0 0 0 0
1.14333 0 0 0 0
1.15 0 0 0 0
1.15667 0 0 0 0
1.16333 0 0 0 0
1.17 0 0 0 0
1.17667 0 0 0 0
1.18333 0 0 0 0
1.19 0 0 0 0
1.19667 0 0 0 0
1.20333 0 0 0 0
1.21 0 0 0 0
1.21667 0 0 0 0
1.22333 0 0 0 0
1.23 0 0 0 0
1.23667 0 0 0 0
1.24333 0 0 0 0
1.25 0 0 0 0
1.25667 0 0 0 0
1.26333 0 0 0 0
1.27 0 0 0 0
1.27667 0 0 0 0
1.28333 0 0 0 0
1.29 0 0 0 0
1.29667 0 0 0 0
1.30333 0 0 0 0
1.31 0 0 0 0
1.31667 0 0 0 0
1.32333 0 0 0 0
1.33 0 0 0 0
1.33667 0 0 0 0
1.34333 0 0 0 0
1.35 0 0 0 0
1.35667 0 0 0 0
1.36333 0 0 0 0
1.37 0 0 0 0
1.37667 0 0 0 0
1.38333 0 0 0 0
1.39 0 0 0 0
1.39667 0 0 0 0
1.40333 0 0 0 0
1.41 0 0 0 0
1.41667 0 0 0 0
1.42333 0 0 0 0
1.43 0 0 0 0
1.43667 0 0 0 0
1.44333 0 0 0 0
1.45 0 0 0 0
1.45667 0 0 0 0
1.46333 0 0 0 0
1.47 0 0 0 0
1.47667 0 0 0 0
1.48333 0 0 0 0
1.49 0 0 0 0
1.49667 0 0 0 0
1.50333 0 0 0 0
1.51 0 0 0 0
1.51667 0 0 0 0
1.52333 0 0 0 0
1.53 0 0 0 0
1.53667 0 0 0 0
1.54333 0 0 0 0
1.55 0 0 0 0
1.55667 0 0 0 0
1.56333 0 0 0 0
1.57 0 0 0 0
1.57667 0 0 0 0
1.58333 0 0 0 0
1.59 0 0 0 0
1.59667 0 0 0 0
1.60333 0 0 0 0
1.61 0 0 0 0
1.61667 0 0 0 0
1.62333 0 0 0 0
1.63 0 0 0 0
1.63667 0 0 0 0
1.64333 0 0 0 0
1.65 0 0 0 0
1.65667 0 0 0 0
1.66333 0 0 0 0
1.67 0 0 0 0
1.67667 0 0 0 0
1.68333 0 0 0 0
1.69 0 0 0 0
1.69667 0 0 0 0
1.70333 0 0 0 0
1.71 0 0 0 0
1.71667 0 0 0 0
1.72333 0 0 0 0
1.73 0 0 0 0
1.73667 0 0 0 0
1.74333 0 0 0 0
1.75 0 0 0 0
1.75667 0 0 0 0
1.76333 0 0 0 0
1.77 0 0 0 0
1.77667 0 0 0 0
1.78333 0 0 0 0
1.79 0 0 0 0
1.79667 0 0 0 0
1.80333 0 0 0 0
1.81 0 0 0 0
1.81667 0 0 0 0
1.82333 0 0 0 0
1.83 0 0 0 0
1.83667 0 0 0 0
1.84333 0 0 0 0
1.85 0 0 0 0
1.85667 0 0 0 0
1.86333 0 0 0 0
1.87 0 0 0 0
1.87667 0 0 0 0
1.88333 0 0 0 0
1.89 0 0 0 0
1.89667 0 0 0 0
1.90333 0 0 0 0
1.91 0 0 0 0
1.91667 0 0 0 0
1.92333 0 0 0 0
1.93 0 0 0 0
1.93667 0 0 0 0
1.94333 0 0 0 0
1.95 0 0 0 0
1.95667 0 0 0 0
1.96333 0 0 0 0
1.97 0 0 0 0
1.97667 0 0 0 0
1.98333 0 0 0 0
1.99 0 0 0 0
1.99667 0 0 0 0
