0.00333333 1 2 23 58
0.01 2 3 26 65
0.0166667 3 11 24 90
0.0233333 7 4 35 89
0.03 2 3 44 109
0.0366667 1 4 49 106
0.0433333 1 12 83 127
0.05 9 9 117 131
0.0566667 7 10 131 189
0.0633333 4 18 153 218
0.07 2 13 120 219
0.0766667 12 14 149 227
0.0833333 4 17 145 236
0.09 2 16 148 248
0.0966667 4 19 147 236
0.103333 6 20 141 234
0.11 5 13 124 248
0.116667 5 12 134 272
0.123333 4 14 126 267
0.13 8 12 124 260
0.136667 8 15 122 212
0.143333 4 12 97 236
0.15 7 12 97 213
0.156667 3 9 100 223
0.163333 3 16 97 233
0.17 4 11 87 186
0.176667 9 11 63 186
0.183333 3 10 95 251
0.19 8 13 104 273
0.196667 5 11 69 236
0.203333 8 15 82 237
0.21 8 10 86 223
0.216667 5 9 84 211
0.223333 10 10 77 210
0.23 6 9 58 191
0.236667 5 5 75 164
0.243333 2 3 83 170
0.25 5 7 55 179
0.256667 3 5 69 131
0.263333 7 7 61 162
0.27 0 7 56 132
0.276667 5 10 53 140
0.283333 2 7 45 135
0.29 2 4 39 136
0.296667 6 9 55 117
0.303333 3 6 53 101
0.31 7 5 51 116
0.316667 2 9 40 125
0.323333 3 8 41 119
0.33 3 3 48 115
0.336667 6 10 34 85
0.343333 2 6 54 105
0.35 3 6 35 110
0.356667 5 8 39 101
0.363333 5 6 43 86
0.37 1 3 48 93
0.376667 3 7 34 81
0.383333 4 8 28 87
0.39 3 5 29 94
0.396667 0 7 29 86
0.403333 1 8 28 87
0.41 2 11 42 94
0.416667 6 9 35 81
0.423333 3 5 29 84
0.43 2 2 31 78
0.436667 5 7 25 61
0.443333 3 2 37 92
0.45 1 2 33 85
0.456667 4 5 26 73
0.463333 0 2 27 71
0.47 4 2 36 82
0.476667 2 3 28 70
0.483333 2 4 26 54
0.49 1 7 24 45
0.496667 1 2 16 54
0.503333 3 0 26 46
0.51 1 2 19 38
0.516667 4 4 23 53
0.523333 2 5 10 46
0.53 3 5 19 52
0.536667 1 2 19 31
0.543333 2 6 21 35
0.55 1 3 20 26
0.556667 1 5 16 37
0.563333 1 4 22 34
0.57 2 4 10 35
0.576667 0 2 18 35
0.583333 1 4 12 30
0.59 3 2 14 25
0.596667 1 6 12 38
0.603333 0 3 18 35
0.61 0 3 19 33
0.616667 0 2 21 37
0.623333 2 3 15 30
0.63 4 6 18 30
0.636667 3 4 21 43
0.643333 3 4 11 26
0.65 1 6 10 36
0.656667 2 1 18 26
0.663333 66 60 591 2992
0.67 0 0 0 0
0.676667 0 0 0 0
0.683333 0 0 0 0
0.69 0 0 0 0
0.696667 0 0 0 0
0.703333 0 0 0 0
0.71 0 0 0 0
0.716667 0 0 0 0
0.723333 0 0 0 0
0.73 0 0 0 0
0.736667 0 0 0 0
0.743333 0 0 0 0
0.75 0 0 0 0
0.756667 0 0 0 0
0.763333 0 0 0 0
0.77 0 0 0 0
0.776667 0 0 0 0
0.783333 0 0 0 0
0.79 0 0 0 0
0.796667 0 0 0 0
0.803333 0 0 0 0
0.81 0 0 0 0
0.816667 0 0 0 0
0.823333 0 0 0 0
0.83 0 0 0 0
0.836667 0 0 0 0
0.843333 0 0 0 0
0.85 0 0 0 0
0.856667 0 0 0 0
0.863333 0 0 0 0
0.87 0 0 0 0
0.876667 0 0 0 0
0.883333 0 0 0 0
0.89 0 0 0 0
0.896667 0 0 0 0
0.903333 0 0 0 0
0.91 0 0 0 0
0.916667 0 0 0 0
0.923333 0 0 0 0
0.93 0 0 0 0
0.936667 0 0 0 0
0.943333 0 0 0 0
0.95 0 0 0 0
0.956667 0 0 0 0
0.963333 0 0 0 0
0.97 0 0 0 0
0.976667 0 0 0 0
0.983333 0 0 0 0
0.99 0 0 0 0
0.996667 0 0 0 0
1.00333 0 0 0 0
1.01 0 0 0 0
1.01667 0 0 0 0
1.02333 0 0 0 0
1.03 0 0 0 0
1.03667 0 0 0 0
1.04333 0 0 0 0
1.05 0 0 0 0
1.05667 0 0 0 0
1.06333 0 0 0 0
1.07 0 0 0 0
1.07667 0 0 0 0
1.08333 0 0 0 0
1.09 0 0 0 0
1.09667 0 0 0 0
1.10333 0 0 0 0
1.11 0 0 0 0
1.11667 0 0 0 0
1.12333 0 0 0 0
1.13 0 0 0 0
1.13667 0 0 0 0
1.14333 0 0 0 0
1.15 0 0 0 0
1.15667 0 0 0 0
1.16333 0 0 0 0
1.17 0 0 0 0
1.17667 0 0 0 0
1.18333 0 0 0 0
1.19 0 0 0 0
1.19667 0 0 0 0
1.20333 0 0 0 0
1.21 0 0 0 0
1.21667 0 0 0 0
1.22333 0 0 0 0
1.23 0 0 0 0
1.23667 0 0 0 0
1.24333 0 0 0 0
1.25 0 0 0 0
1.25667 0 0 0 0
1.26333 0 0 0 0
1.27 0 0 0 0
1.27667 0 0 0 0
1.28333 0 0 0 0
1.29 0 0 0 0
1.29667 0 0 0 0
1.30333 0 0 0 0
1.31 0 0 0 0
1.31667 0 0 0 0
1.32333 0 0 0 0
1.33 0 0 0 0
1.33667 0 0 0 0
1.34333 0 0 0 0
1.35 0 0 0 0
1.35667 0 0 0 0
1.36333 0 0 0 0
1.37 0 0 0 0
1.37667 0 0 0 0
1.38333 0 0 0 0
1.39 0 0 0 0
1.39667 0 0 0 0
1.40333 0 0 0 0
1.41 0 0 0 0
1.41667 0 0 0 0
1.42333 0 0 0 0
1.43 0 0 0 0
1.43667 0 0 0 0
1.44333 0 0 0 0
1.45 0 0 0 0
1.45667 0 0 0 0
1.46333 0 0 0 0
1.47 0 0 0 0
1.47667 0 0 0 0
1.48333 0 0 0 0
1.49 0 0 0 0
1.49667 0 0 0 0
1.50333 0 0 0 0
1.51 0 0 0 0
1.51667 0 0 0 0
1.52333 0 0 0 0
1.53 0 0 0 0
1.53667 0 0 0 0
1.54333 0 0 0 0
1.55 0 0 0 0
1.55667 0 0 0 0
1.56333 0 0 0 0
1.57 0 0 0 0
1.57667 0 0 0 0
1.58333 0 0 0 0
1.59 0 0 0 0
1.59667 0 0 0 0
1.60333 0 0 0 0
1.61 0 0 0 0
1.61667 0 0 0 0
1.62333 0 0 0 0
1.63 0 0 0 0
1.63667 0 0 0 0
1.64333 0 0 0 0
1.65 0 0 0 0
1.65667 0 0 0 0
1.66333 0 0 0 0
1.67 0 0 0 0
1.67667 0 0 0 0
1.68333 0 0 0 0
1.69 0 0 0 0
1.69667 0 0 0 0
1.70333 0 0 0 0
1.71 0 0 0 0
1.71667 0 0 0 0
1.72333 0 0 0 0
1.73 0 0 0 0
1.73667 0 0 0 0
1.74333 0 0 0 0
1.75 0 0 0 0
1.75667 0 0 0 0
1.76333 0 0 0 0
1.77 0 0 0 0
1.77667 0 0 0 0
1.78333 0 0 0 0
1.79 0 0 0 0
1.79667 0 0 0 0
1.80333 0 0 0 0
1.81 0 0 0 0
1.81667 0 0 0 0
1.82333 0 0 0 0
1.83 0 0 0 0
1.83667 0 0 0 0
1.84333 0 0 0 0
1.85 0 0 0 0
1.85667 0 0 0 0
1.86333 0 0 0 0
1.87 0 0 0 0
1.87667 0 0 0 0
1.88333 0 0 0 0
1.89 0 0 0 0
1.89667 0 0 0 0
1.90333 0 0 0 0
1.91 0 0 0 0
1.91667 0 0 0 0
1.92333 0 0 0 0
1.93 0 0 0 0
1.93667 0 0 0 0
1.94333 0 0 0 0
1.95 0 0 0 0
1.95667 0 0 0 0
1.96333 0 0 0 0
1.97 0 0 0 0
1.97667 0 0 0 0
1.98333 0 0 0 0
1.99 0 0 0 0
1.99667 0 0 0 0
