0.00333333 0 0 49 25
0.01 0 2 51 34
0.0166667 0 1 48 32
0.0233333 0 2 55 38
0.03 1 1 56 42
0.0366667 0 0 77 69
0.0433333 0 1 91 69
0.05 3 5 108 98
0.0566667 1 5 131 102
0.0633333 0 5 128 121
0.07 0 9 143 142
0.0766667 1 8 119 112
0.0833333 1 6 136 132
0.09 2 9 159 137
0.0966667 2 3 150 129
0.103333 2 4 144 135
0.11 2 7 143 113
0.116667 2 4 177 125
0.123333 1 8 141 117
0.13 3 4 121 121
0.136667 0 5 130 119
0.143333 1 5 153 95
0.15 0 3 118 78
0.156667 1 3 134 77
0.163333 1 3 142 94
0.17 0 2 130 107
0.176667 0 3 140 75
0.183333 3 4 135 104
0.19 1 4 166 87
0.196667 0 3 133 79
0.203333 2 1 122 79
0.21 1 12 134 100
0.216667 0 0 123 76
0.223333 3 4 117 70
0.23 0 4 118 70
0.236667 0 4 119 70
0.243333 0 3 98 76
0.25 1 2 103 53
0.256667 0 3 81 69
0.263333 0 2 95 58
0.27 0 2 84 57
0.276667 0 2 73 49
0.283333 1 3 64 48
0.29 0 3 82 59
0.296667 0 3 64 58
0.303333 1 2 73 54
0.31 1 4 69 68
0.316667 0 6 52 52
0.323333 1 2 77 55
0.33 0 4 63 46
0.336667 0 4 70 62
0.343333 1 4 57 42
0.35 1 4 54 35
0.356667 0 2 71 43
0.363333 0 2 65 40
0.37 0 3 55 37
0.376667 0 2 53 41
0.383333 1 1 67 31
0.39 0 3 47 34
0.396667 0 6 52 42
0.403333 0 1 62 44
0.41 2 1 48 43
0.416667 1 2 62 39
0.423333 0 2 46 41
0.43 0 0 47 35
0.436667 0 3 53 33
0.443333 1 1 51 29
0.45 0 0 47 44
0.456667 0 2 53 41
0.463333 2 3 54 29
0.47 0 2 48 28
0.476667 0 2 33 34
0.483333 0 0 21 33
0.49 1 2 18 21
0.496667 0 1 28 21
0.503333 0 0 23 23
0.51 0 3 34 17
0.516667 0 1 28 15
0.523333 0 2 20 24
0.53 0 0 21 13
0.536667 0 0 23 14
0.543333 1 0 18 19
0.55 0 0 22 14
0.556667 0 1 21 25
0.563333 0 1 17 21
0.57 1 5 33 27
0.576667 1 0 22 27
0.583333 1 1 22 25
0.59 1 2 27 17
0.596667 1 0 20 21
0.603333 0 3 31 17
0.61 0 3 23 12
0.616667 0 0 18 13
0.623333 0 1 20 19
0.63 0 1 23 20
0.636667 0 2 25 22
0.643333 0 0 23 20
0.65 1 1 21 13
0.656667 0 1 18 15
0.663333 3 26 1697 728
0.67 0 0 0 0
0.676667 0 0 0 0
0.683333 0 0 0 0
0.69 0 0 0 0
0.696667 0 0 0 0
0.703333 0 0 0 0
0.71 0 0 0 0
0.716667 0 0 0 0
0.723333 0 0 0 0
0.73 0 0 0 0
0.736667 0 0 0 0
0.743333 0 0 0 0
0.75 0 0 0 0
0.756667 0 0 0 0
0.763333 0 0 0 0
0.77 0 0 0 0
0.776667 0 0 0 0
0.783333 0 0 0 0
0.79 0 0 0 0
0.796667 0 0 0 0
0.803333 0 0 0 0
0.81 0 0 0 0
0.816667 0 0 0 0
0.823333 0 0 0 0
0.83 0 0 0 0
0.836667 0 0 0 0
0.843333 0 0 0 0
0.85 0 0 0 0
0.856667 0 0 0 0
0.863333 0 0 0 0
0.87 0 0 0 0
0.876667 0 0 0 0
0.883333 0 0 0 0
0.89 0 0 0 0
0.896667 0 0 0 0
0.903333 0 0 0 0
0.91 0 0 0 0
0.916667 0 0 0 0
0.923333 0 0 0 0
0.93 0 0 0 0
0.936667 0 0 0 0
0.943333 0 0 0 0
0.95 0 0 0 0
0.956667 0 0 0 0
0.963333 0 0 0 0
0.97 0 0 0 0
0.976667 0 0 0 0
0.983333 0 0 0 0
0.99 0 0 0 0
0.996667 0 0 0 0
1.00333 0 0 0 0
1.01 0 0 0 0
1.01667 0 0 0 0
1.02333 0 0 0 0
1.03 0 0 0 0
1.03667 0 0 0 0
1.04333 0 0 0 0
1.05 0 0 0 0
1.05667 0 0 0 0
1.06333 0 0 0 0
1.07 0 0 0 0
1.07667 0 0 0 0
1.08333 0 0 0 0
1.09 0 0 0 0
1.09667 0 0 0 0
1.10333 0 0 0 0
1.11 0 0 0 0
1.11667 0 0 0 0
1.12333 0 0 0 0
1.13 0 0 0 0
1.13667 0 0 0 0
1.14333 0 0 0 0
1.15 0 0 0 0
1.15667 0 0 0 0
1.16333 0 0 0 0
1.17 0 0 0 0
1.17667 0 0 0 0
1.18333 0 0 0 0
1.19 0 0 0 0
1.19667 0 0 0 0
1.20333 0 0 0 0
1.21 0 0 0 0
1.21667 0 0 0 0
1.22333 0 0 0 0
1.23 0 0 0 0
1.23667 0 0 0 0
1.24333 0 0 0 0
1.25 0 0 0 0
1.25667 0 0 0 0
1.26333 0 0 0 0
1.27 0 0 0 0
1.27667 0 0 0 0
1.28333 0 0 0 0
1.29 0 0 0 0
1.29667 0 0 0 0
1.30333 0 0 0 0
1.31 0 0 0 0
1.31667 0 0 0 0
1.32333 0 0 0 0
1.33 0 0 0 0
1.33667 0 0 0 0
1.34333 0 0 0 0
1.35 0 0 0 0
1.35667 0 0 0 0
1.36333 0 0 0 0
1.37 0 0 0 0
1.37667 0 0 0 0
1.38333 0 0 0 0
1.39 0 0 0 0
1.39667 0 0 0 0
1.40333 0 0 0 0
1.41 0 0 0 0
1.41667 0 0 0 0
1.42333 0 0 0 0
1.43 0 0 0 0
1.43667 0 0 0 0
1.44333 0 0 0 0
1.45 0 0 0 0
1.45667 0 0 0 0
1.46333 0 0 0 0
1.47 0 0 0 0
1.47667 0 0 0 0
1.48333 0 0 0 0
1.49 0 0 0 0
1.49667 0 0 0 0
1.50333 0 0 0 0
1.51 0 0 0 0
1.51667 0 0 0 0
1.52333 0 0 0 0
1.53 0 0 0 0
1.53667 0 0 0 0
1.54333 0 0 0 0
1.55 0 0 0 0
1.55667 0 0 0 0
1.56333 0 0 0 0
1.57 0 0 0 0
1.57667 0 0 0 0
1.58333 0 0 0 0
1.59 0 0 0 0
1.59667 0 0 0 0
1.60333 0 0 0 0
1.61 0 0 0 0
1.61667 0 0 0 0
1.62333 0 0 0 0
1.63 0 0 0 0
1.63667 0 0 0 0
1.64333 0 0 0 0
1.65 0 0 0 0
1.65667 0 0 0 0
1.66333 0 0 0 0
1.67 0 0 0 0
1.67667 0 0 0 0
1.68333 0 0 0 0
1.69 0 0 0 0
1.69667 0 0 0 0
1.70333 0 0 0 0
1.71 0 0 0 0
1.71667 0 0 0 0
1.72333 0 0 0 0
1.73 0 0 0 0
1.73667 0 0 0 0
1.74333 0 0 0 0
1.75 0 0 0 0
1.75667 0 0 0 0
1.76333 0 0 0 0
1.77 0 0 0 0
1.77667 0 0 0 0
1.78333 0 0 0 0
1.79 0 0 0 0
1.79667 0 0 0 0
1.80333 0 0 0 0
1.81 0 0 0 0
1.81667 0 0 0 0
1.82333 0 0 0 0
1.83 0 0 0 0
1.83667 0 0 0 0
1.84333 0 0 0 0
1.85 0 0 0 0
1.85667 0 0 0 0
1.86333 0 0 0 0
1.87 0 0 0 0
1.87667 0 0 0 0
1.88333 0 0 0 0
1.89 0 0 0 0
1.89667 0 0 0 0
1.90333 0 0 0 0
1.91 0 0 0 0
1.91667 0 0 0 0
1.92333 0 0 0 0
1.93 0 0 0 0
1.93667 0 0 0 0
1.94333 0 0 0 0
1.95 0 0 0 0
1.95667 0 0 0 0
1.96333 0 0 0 0
1.97 0 0 0 0
1.97667 0 0 0 0
1.98333 0 0 0 0
1.99 0 0 0 0
1.99667 0 0 0 0
