0.00333333 5 17 38 10
0.01 3 31 50 7
0.0166667 2 28 67 18
0.0233333 5 31 47 9
0.03 3 31 58 8
0.0366667 1 36 75 28
0.0433333 7 45 120 27
0.05 6 44 106 35
0.0566667 13 57 153 42
0.0633333 12 57 152 42
0.07 11 55 149 44
0.0766667 10 57 177 49
0.0833333 14 65 171 40
0.09 13 66 156 45
0.0966667 5 64 139 44
0.103333 7 68 157 46
0.11 7 80 176 38
0.116667 12 54 145 45
0.123333 6 57 127 40
0.13 5 98 153 28
0.136667 6 70 120 35
0.143333 3 78 148 40
0.15 8 70 121 27
0.156667 6 71 130 29
0.163333 6 53 139 40
0.17 7 71 113 32
0.176667 3 42 121 32
0.183333 6 54 119 45
0.19 12 72 134 31
0.196667 7 73 132 30
0.203333 6 62 129 28
0.21 13 75 120 27
0.216667 3 50 116 26
0.223333 3 56 109 20
0.23 9 62 111 21
0.236667 2 50 97 31
0.243333 4 40 81 26
0.25 12 40 95 26
0.256667 6 44 92 22
0.263333 6 49 83 23
0.27 9 35 77 27
0.276667 3 34 76 32
0.283333 5 44 77 25
0.29 5 35 63 22
0.296667 5 42 73 20
0.303333 3 36 68 17
0.31 3 47 77 18
0.316667 2 39 71 20
0.323333 4 44 73 15
0.33 6 29 54 16
0.336667 3 43 62 17
0.343333 2 32 55 19
0.35 3 25 73 10
0.356667 5 31 49 19
0.363333 2 39 53 17
0.37 2 33 55 17
0.376667 1 30 53 11
0.383333 9 33 58 13
0.39 5 38 46 16
0.396667 5 33 50 19
0.403333 3 31 59 10
0.41 5 25 56 16
0.416667 1 29 62 19
0.423333 1 23 54 21
0.43 4 24 50 12
0.436667 4 33 38 12
0.443333 7 27 42 10
0.45 3 25 51 16
0.456667 2 26 47 9
0.463333 2 30 47 11
0.47 3 30 56 12
0.476667 2 31 34 14
0.483333 1 16 31 10
0.49 3 18 19 12
0.496667 0 16 29 7
0.503333 1 18 38 3
0.51 1 20 36 9
0.516667 2 20 40 9
0.523333 4 18 31 8
0.53 0 15 24 6
0.536667 2 11 22 7
0.543333 3 10 36 8
0.55 4 12 31 9
0.556667 3 12 29 10
0.563333 3 13 30 10
0.57 1 16 37 10
0.576667 6 13 30 11
0.583333 3 18 26 8
0.59 1 17 19 7
0.596667 4 7 26 10
0.603333 2 16 24 7
0.61 2 10 15 9
0.616667 3 15 19 6
0.623333 3 4 27 3
0.63 2 7 20 8
0.636667 2 11 28 11
0.643333 2 10 32 5
0.65 3 11 21 9
0.656667 2 15 22 4
0.663333 45 1083 1324 288
0.67 0 0 0 0
0.676667 0 0 0 0
0.683333 0 0 0 0
0.69 0 0 0 0
0.696667 0 0 0 0
0.703333 0 0 0 0
0.71 0 0 0 0
0.716667 0 0 0 0
0.723333 0 0 0 0
0.73 0 0 0 0
0.736667 0 0 0 0
0.743333 0 0 0 0
0.75 0 0 0 0
0.756667 0 0 0 0
0.763333 0 0 0 0
0.77 0 0 0 0
0.776667 0 0 0 0
0.783333 0 0 0 0
0.79 0 0 0 0
0.796667 0 0 0 0
0.803333 0 0 0 0
0.81 0 0 0 0
0.816667 0 0 0 0
0.823333 0 0 0 0
0.83 0 0 0 0
0.836667 0 0 0 0
0.843333 0 0 0 0
0.85 0 0 0 0
0.856667 0 0 0 0
0.863333 0 0 0 0
0.87 0 0 0 0
0.876667 0 0 0 0
0.883333 0 0 0 0
0.89 0 0 0 0
0.896667 0 0 0 0
0.903333 0 0 0 0
0.91 0 0 0 0
0.916667 0 0 0 0
0.923333 0 0 0 0
0.93 0 0 0 0
0.936667 0 0 0 0
0.943333 0 0 0 0
0.95 0 0 0 0
0.956667 0 0 0 0
0.963333 0 0 0 0
0.97 0 0 0 0
0.976667 0 0 0 0
0.983333 0 0 0 0
0.99 0 0 0 0
0.996667 0 0 0 0
1.00333 0 0 0 0
1.01 0 0 0 0
1.01667 0 0 0 0
1.02333 0 0 0 0
1.03 0 0 0 0
1.03667 0 0 0 0
1.04333 0 0 0 0
1.05 0 0 0 0
1.05667 0 0 0 0
1.06333 0 0 0 0
1.07 0 0 0 0
1.07667 0 0 0 0
1.08333 0 0 0 0
1.09 0 0 0 0
1.09667 0 0 0 0
1.10333 0 0 0 0
1.11 0 0 0 0
1.11667 0 0 0 0
1.12333 0 0 0 0
1.13 0 0 0 0
1.13667 0 0 0 0
1.14333 0 0 0 0
1.15 0 0 0 0
1.15667 0 0 0 0
1.16333 0 0 0 0
1.17 0 0 0 0
1.17667 0 0 0 0
1.18333 0 0 0 0
1.19 0 0 0 0
1.19667 0 0 0 0
1.20333 0 0 0 0
1.21 0 0 0 0
1.21667 0 0 0 0
1.22333 0 0 0 0
1.23 0 0 0 0
1.23667 0 0 0 0
1.24333 0 0 0 0
1.25 0 0 0 0
1.25667 0 0 0 0
1.26333 0 0 0 0
1.27 0 0 0 0
1.27667 0 0 0 0
1.28333 0 0 0 0
1.29 0 0 0 0
1.29667 0 0 0 0
1.30333 0 0 0 0
1.31 0 0 0 0
1.31667 0 0 0 0
1.32333 0 0 0 0
1.33 0 0 0 0
1.33667 0 0 0 0
1.34333 0 0 0 0
1.35 0 0 0 0
1.35667 0 0 0 0
1.36333 0 0 0 0
1.37 0 0 0 0
1.37667 0 0 0 0
1.38333 0 0 0 0
1.39 0 0 0 0
1.39667 0 0 0 0
1.40333 0 0 0 0
1.41 0 0 0 0
1.41667 0 0 0 0
1.42333 0 0 0 0
1.43 0 0 0 0
1.43667 0 0 0 0
1.44333 0 0 0 0
1.45 0 0 0 0
1.45667 0 0 0 0
1.46333 0 0 0 0
1.47 0 0 0 0
1.47667 0 0 0 0
1.48333 0 0 0 0
1.49 0 0 0 0
1.49667 0 0 0 0
1.50333 0 0 0 0
1.51 0 0 0 0
1.51667 0 0 0 0
1.52333 0 0 0 0
1.53 0 0 0 0
1.53667 0 0 0 0
1.54333 0 0 0 0
1.55 0 0 0 0
1.55667 0 0 0 0
1.56333 0 0 0 0
1.57 0 0 0 0
1.57667 0 0 0 0
1.58333 0 0 0 0
1.59 0 0 0 0
1.59667 0 0 0 0
1.60333 0 0 0 0
1.61 0 0 0 0
1.61667 0 0 0 0
1.62333 0 0 0 0
1.63 0 0 0 0
1.63667 0 0 0 0
1.64333 0 0 0 0
1.65 0 0 0 0
1.65667 0 0 0 0
1.66333 0 0 0 0
1.67 0 0 0 0
1.67667 0 0 0 0
1.68333 0 0 0 0
1.69 0 0 0 0
1.69667 0 0 0 0
1.70333 0 0 0 0
1.71 0 0 0 0
1.71667 0 0 0 0
1.72333 0 0 0 0
1.73 0 0 0 0
1.73667 0 0 0 0
1.74333 0 0 0 0
1.75 0 0 0 0
1.75667 0 0 0 0
1.76333 0 0 0 0
1.77 0 0 0 0
1.77667 0 0 0 0
1.78333 0 0 0 0
1.79 0 0 0 0
1.79667 0 0 0 0
1.80333 0 0 0 0
1.81 0 0 0 0
1.81667 0 0 0 0
1.82333 0 0 0 0
1.83 0 0 0 0
1.83667 0 0 0 0
1.84333 0 0 0 0
1.85 0 0 0 0
1.85667 0 0 0 0
1.86333 0 0 0 0
1.87 0 0 0 0
1.87667 0 0 0 0
1.88333 0 0 0 0
1.89 0 0 0 0
1.89667 0 0 0 0
1.90333 0 0 0 0
1.91 0 0 0 0
1.91667 0 0 0 0
1.92333 0 0 0 0
1.93 0 0 0 0
1.93667 0 0 0 0
1.94333 0 0 0 0
1.95 0 0 0 0
1.95667 0 0 0 0
1.96333 0 0 0 0
1.97 0 0 0 0
1.97667 0 0 0 0
1.98333 0 0 0 0
1.99 0 0 0 0
1.99667 0 0 0 0
