0.00333333 20 68 7 3
0.01 22 61 15 2
0.0166667 28 75 11 2
0.0233333 33 75 12 0
0.03 44 84 16 3
0.0366667 40 111 6 6
0.0433333 61 158 26 4
0.05 66 183 28 5
0.0566667 76 196 36 12
0.0633333 87 259 31 10
0.07 95 279 29 9
0.0766667 89 286 32 15
0.0833333 93 247 44 11
0.09 102 260 38 13
0.0966667 116 285 40 11
0.103333 110 280 30 7
0.11 93 284 47 10
0.116667 102 252 44 14
0.123333 92 241 32 11
0.13 81 239 28 8
0.136667 78 262 23 19
0.143333 69 221 24 4
0.15 66 220 31 7
0.156667 73 221 21 12
0.163333 71 189 26 8
0.17 69 204 23 13
0.176667 92 194 30 7
0.183333 90 206 17 5
0.19 68 189 28 8
0.196667 61 213 19 7
0.203333 57 185 32 8
0.21 69 188 16 12
0.216667 61 174 18 9
0.223333 64 166 21 10
0.23 42 152 20 5
0.236667 51 169 25 8
0.243333 52 167 11 6
0.25 47 155 12 3
0.256667 43 119 21 5
0.263333 46 121 19 8
0.27 58 114 15 10
0.276667 47 113 25 7
0.283333 37 121 24 6
0.29 41 135 12 3
0.296667 47 119 9 3
0.303333 36 104 18 8
0.31 44 97 15 4
0.316667 35 93 10 4
0.323333 34 82 13 1
0.33 35 79 16 5
0.336667 34 92 8 4
0.343333 33 98 8 3
0.35 26 96 11 5
0.356667 24 80 11 2
0.363333 23 77 8 2
0.37 28 75 12 5
0.376667 42 80 15 4
0.383333 36 76 11 2
0.39 28 64 14 4
0.396667 31 69 6 3
0.403333 22 93 9 2
0.41 27 71 8 1
0.416667 29 58 10 7
0.423333 31 80 16 2
0.43 23 59 9 2
0.436667 26 67 6 2
0.443333 32 75 11 5
0.45 30 70 8 1
0.456667 24 72 7 4
0.463333 18 67 9 3
0.47 24 63 9 3
0.476667 25 55 11 4
0.483333 18 47 6 2
0.49 5 42 7 8
0.496667 19 46 11 3
0.503333 16 38 6 6
0.51 16 45 6 1
0.516667 10 45 5 2
0.523333 13 36 5 1
0.53 19 35 6 2
0.536667 13 43 4 4
0.543333 11 43 6 1
0.55 8 35 3 4
0.556667 12 30 5 3
0.563333 12 38 4 2
0.57 3 34 5 4
0.576667 10 32 2 2
0.583333 16 31 9 2
0.59 10 30 4 2
0.596667 10 36 4 3
0.603333 9 30 3 4
0.61 7 32 4 1
0.616667 10 33 6 2
0.623333 19 34 3 3
0.63 15 29 1 2
0.636667 11 45 5 5
0.643333 12 33 5 2
0.65 10 38 4 3
0.656667 5 29 7 2
0.663333 624 1999 177 51
0.67 0 0 0 0
0.676667 0 0 0 0
0.683333 0 0 0 0
0.69 0 0 0 0
0.696667 0 0 0 0
0.703333 0 0 0 0
0.71 0 0 0 0
0.716667 0 0 0 0
0.723333 0 0 0 0
0.73 0 0 0 0
0.736667 0 0 0 0
0.743333 0 0 0 0
0.75 0 0 0 0
0.756667 0 0 0 0
0.763333 0 0 0 0
0.77 0 0 0 0
0.776667 0 0 0 0
0.783333 0 0 0 0
0.79 0 0 0 0
0.796667 0 0 0 0
0.803333 0 0 0 0
0.81 0 0 0 0
0.816667 0 0 0 0
0.823333 0 0 0 0
0.83 0 0 0 0
0.836667 0 0 0 0
0.843333 0 0 0 0
0.85 0 0 0 0
0.856667 0 0 0 0
0.863333 0 0 0 0
0.87 0 0 0 0
0.876667 0 0 0 0
0.883333 0 0 0 0
0.89 0 0 0 0
0.896667 0 0 0 0
0.903333 0 0 0 0
0.91 0 0 0 0
0.916667 0 0 0 0
0.923333 0 0 0 0
0.93 0 0 0 0
0.936667 0 0 0 0
0.943333 0 0 0 0
0.95 0 0 0 0
0.956667 0 0 0 0
0.963333 0 0 0 0
0.97 0 0 0 0
0.976667 0 0 0 0
0.983333 0 0 0 0
0.99 0 0 0 0
0.996667 0 0 0 0
1.00333 0 0 0 0
1.01 0 0 0 0
1.01667 0 0 0 0
1.02333 0 0 0 0
1.03 0 0 0 0
1.03667 0 0 0 0
1.04333 0 0 0 0
1.05 0 0 0 0
1.05667 0 0 0 0
1.06333 0 0 0 0
1.07 0 0 0 0
1.07667 0 0 0 0
1.08333 0 0 0 0
1.09 0 0 0 0
1.09667 0 0 0 0
1.10333 0 0 0 0
1.11 0 0 0 0
1.11667 0 0 0 0
1.12333 0 0 0 0
1.13 0 0 0 0
1.13667 0 0 0 0
1.14333 0 0 0 0
1.15 0 0 0 0
1.15667 0 0 0 0
1.16333 0 0 0 0
1.17 0 0 0 0
1.17667 0 0 0 0
1.18333 0 0 0 0
1.19 0 0 0 0
1.19667 0 0 0 0
1.20333 0 0 0 0
1.21 0 0 0 0
1.21667 0 0 0 0
1.22333 0 0 0 0
1.23 0 0 0 0
1.23667 0 0 0 0
1.24333 0 0 0 0
1.25 0 0 0 0
1.25667 0 0 0 0
1.26333 0 0 0 0
1.27 0 0 0 0
1.27667 0 0 0 0
1.28333 0 0 0 0
1.29 0 0 0 0
1.29667 0 0 0 0
1.30333 0 0 0 0
1.31 0 0 0 0
1.31667 0 0 0 0
1.32333 0 0 0 0
1.33 0 0 0 0
1.33667 0 0 0 0
1.34333 0 0 0 0
1.35 0 0 0 0
1.35667 0 0 0 0
1.36333 0 0 0 0
1.37 0 0 0 0
1.37667 0 0 0 0
1.38333 0 0 0 0
1.39 0 0 0 0
1.39667 0 0 0 0
1.40333 0 0 0 0
1.41 0 0 0 0
1.41667 0 0 0 0
1.42333 0 0 0 0
1.43 0 0 0 0
1.43667 0 0 0 0
1.44333 0 0 0 0
1.45 0 0 0 0
1.45667 0 0 0 0
1.46333 0 0 0 0
1.47 0 0 0 0
1.47667 0 0 0 0
1.48333 0 0 0 0
1.49 0 0 0 0
1.49667 0 0 0 0
1.50333 0 0 0 0
1.51 0 0 0 0
1.51667 0 0 0 0
1.52333 0 0 0 0
1.53 0 0 0 0
1.53667 0 0 0 0
1.54333 0 0 0 0
1.55 0 0 0 0
1.55667 0 0 0 0
1.56333 0 0 0 0
1.57 0 0 0 0
1.57667 0 0 0 0
1.58333 0 0 0 0
1.59 0 0 0 0
1.59667 0 0 0 0
1.60333 0 0 0 0
1.61 0 0 0 0
1.61667 0 0 0 0
1.62333 0 0 0 0
1.63 0 0 0 0
1.63667 0 0 0 0
1.64333 0 0 0 0
1.65 0 0 0 0
1.65667 0 0 0 0
1.66333 0 0 0 0
1.67 0 0 0 0
1.67667 0 0 0 0
1.68333 0 0 0 0
1.69 0 0 0 0
1.69667 0 0 0 0
1.70333 0 0 0 0
1.71 0 0 0 0
1.71667 0 0 0 0
1.72333 0 0 0 0
1.73 0 0 0 0
1.73667 0 0 0 0
1.74333 0 0 0 0
1.75 0 0 0 0
1.75667 0 0 0 0
1.76333 0 0 0 0
1.77 0 0 0 0
1.77667 0 0 0 0
1.78333 0 0 0 0
1.79 0 0 0 0
1.79667 0 0 0 0
1.80333 0 0 0 0
1.81 0 0 0 0
1.81667 0 0 0 0
1.82333 0 0 0 0
1.83 0 0 0 0
1.83667 0 0 0 0
1.84333 0 0 0 0
1.85 0 0 0 0
1.85667 0 0 0 0
1.86333 0 0 0 0
1.87 0 0 0 0
1.87667 0 0 0 0
1.88333 0 0 0 0
1.89 0 0 0 0
1.89667 0 0 0 0
1.90333 0 0 0 0
1.91 0 0 0 0
1.91667 0 0 0 0
1.92333 0 0 0 0
1.93 0 0 0 0
1.93667 0 0 0 0
1.94333 0 0 0 0
1.95 0 0 0 0
1.95667 0 0 0 0
1.96333 0 0 0 0
1.97 0 0 0 0
1.97667 0 0 0 0
1.98333 0 0 0 0
1.99 0 0 0 0
1.99667 0 0 0 0
