0.00333333 3 0 5 88
0.01 0 1 14 91
0.0166667 0 0 14 72
0.0233333 1 2 14 83
0.03 1 2 17 81
0.0366667 0 4 26 76
0.0433333 1 3 21 103
0.05 0 1 31 114
0.0566667 2 3 35 123
0.0633333 2 2 43 138
0.07 4 4 46 136
0.0766667 3 3 55 150
0.0833333 2 4 48 169
0.09 1 2 42 184
0.0966667 3 0 43 194
0.103333 2 10 34 161
0.11 3 4 35 177
0.116667 4 8 53 184
0.123333 1 3 37 202
0.13 3 0 43 190
0.136667 1 1 32 187
0.143333 1 1 35 165
0.15 3 2 41 163
0.156667 2 6 34 152
0.163333 2 3 37 156
0.17 7 3 26 158
0.176667 3 1 31 170
0.183333 4 1 24 177
0.19 1 2 33 163
0.196667 1 2 38 183
0.203333 3 3 23 225
0.21 1 1 24 187
0.216667 3 2 35 197
0.223333 3 1 31 206
0.23 2 4 23 187
0.236667 3 1 30 159
0.243333 1 1 32 164
0.25 2 3 26 158
0.256667 3 1 17 153
0.263333 3 0 26 155
0.27 4 0 35 148
0.276667 1 1 26 146
0.283333 3 1 31 130
0.29 0 0 23 148
0.296667 4 0 15 120
0.303333 2 1 24 136
0.31 3 0 20 113
0.316667 0 2 16 114
0.323333 2 1 18 107
0.33 3 2 23 109
0.336667 3 4 28 122
0.343333 2 1 26 96
0.35 3 0 22 102
0.356667 2 1 20 111
0.363333 0 2 20 119
0.37 3 1 21 110
0.376667 1 0 18 82
0.383333 1 2 17 96
0.39 1 1 15 101
0.396667 2 1 16 109
0.403333 2 2 18 112
0.41 1 2 12 96
0.416667 3 1 14 109
0.423333 1 2 15 82
0.43 3 1 11 98
0.436667 1 2 16 105
0.443333 3 1 15 96
0.45 1 0 14 94
0.456667 1 0 15 111
0.463333 5 1 20 110
0.47 1 0 14 108
0.476667 4 3 9 80
0.483333 1 0 15 61
0.49 0 0 11 54
0.496667 1 2 11 43
0.503333 0 1 10 50
0.51 1 0 13 53
0.516667 0 0 4 44
0.523333 1 0 12 50
0.53 0 2 14 40
0.536667 0 0 6 41
0.543333 0 0 7 40
0.55 1 4 4 45
0.556667 0 0 9 42
0.563333 2 1 8 52
0.57 1 2 10 44
0.576667 1 2 9 32
0.583333 1 1 2 38
0.59 1 0 8 41
0.596667 1 0 7 48
0.603333 1 0 11 38
0.61 1 1 14 50
0.616667 1 1 10 33
0.623333 2 3 9 38
0.63 0 1 7 35
0.636667 1 0 7 51
0.643333 1 0 11 39
0.65 2 0 12 45
0.656667 3 2 5 40
0.663333 67 17 305 4254
0.67 0 0 0 0
0.676667 0 0 0 0
0.683333 0 0 0 0
0.69 0 0 0 0
0.696667 0 0 0 0
0.703333 0 0 0 0
0.71 0 0 0 0
0.716667 0 0 0 0
0.723333 0 0 0 0
0.73 0 0 0 0
0.736667 0 0 0 0
0.743333 0 0 0 0
0.75 0 0 0 0
0.756667 0 0 0 0
0.763333 0 0 0 0
0.77 0 0 0 0
0.776667 0 0 0 0
0.783333 0 0 0 0
0.79 0 0 0 0
0.796667 0 0 0 0
0.803333 0 0 0 0
0.81 0 0 0 0
0.816667 0 0 0 0
0.823333 0 0 0 0
0.83 0 0 0 0
0.836667 0 0 0 0
0.843333 0 0 0 0
0.85 0 0 0 0
0.856667 0 0 0 0
0.863333 0 0 0 0
0.87 0 0 0 0
0.876667 0 0 0 0
0.883333 0 0 0 0
0.89 0 0 0 0
0.896667 0 0 0 0
0.903333 0 0 0 0
0.91 0 0 0 0
0.916667 0 0 0 0
0.923333 0 0 0 0
0.93 0 0 0 0
0.936667 0 0 0 0
0.943333 0 0 0 0
0.95 0 0 0 0
0.956667 0 0 0 0
0.963333 0 0 0 0
0.97 0 0 0 0
0.976667 0 0 0 0
0.983333 0 0 0 0
0.99 0 0 0 0
0.996667 0 0 0 0
1.00333 0 0 0 0
1.01 0 0 0 0
1.01667 0 0 0 0
1.02333 0 0 0 0
1.03 0 0 0 0
1.03667 0 0 0 0
1.04333 0 0 0 0
1.05 0 0 0 0
1.05667 0 0 0 0
1.06333 0 0 0 0
1.07 0 0 0 0
1.07667 0 0 0 0
1.08333 0 0 0 0
1.09 0 0 0 0
1.09667 0 0 0 0
1.10333 0 0 0 0
1.11 0 0 0 0
1.11667 0 0 0 0
1.12333 0 0 0 0
1.13 0 0 0 0
1.13667 0 0 0 0
1.14333 0 0 0 0
1.15 0 0 0 0
1.15667 0 0 0 0
1.16333 0 0 0 0
1.17 0 0 0 0
1.17667 0 0 0 0
1.18333 0 0 0 0
1.19 0 0 0 0
1.19667 0 0 0 0
1.20333 0 0 0 0
1.21 0 0 0 0
1.21667 0 0 0 0
1.22333 0 0 0 0
1.23 0 0 0 0
1.23667 0 0 0 0
1.24333 0 0 0 0
1.25 0 0 0 0
1.25667 0 0 0 0
1.26333 0 0 0 0
1.27 0 0 0 0
1.27667 0 0 0 0
1.28333 0 0 0 0
1.29 0 0 0 0
1.29667 0 0 0 0
1.30333 0 0 0 0
1.31 0 0 0 0
1.31667 0 0 0 0
1.32333 0 0 0 0
1.33 0 0 0 0
1.33667 0 0 0 0
1.34333 0 0 0 0
1.35 0 0 0 0
1.35667 0 0 0 0
1.36333 0 0 0 0
1.37 0 0 0 0
1.37667 0 0 0 0
1.38333 0 0 0 0
1.39 0 0 0 0
1.39667 0 0 0 0
1.40333 0 0 0 0
1.41 0 0 0 0
1.41667 0 0 0 0
1.42333 0 0 0 0
1.43 0 0 0 0
1.43667 0 0 0 0
1.44333 0 0 0 0
1.45 0 0 0 0
1.45667 0 0 0 0
1.46333 0 0 0 0
1.47 0 0 0 0
1.47667 0 0 0 0
1.48333 0 0 0 0
1.49 0 0 0 0
1.49667 0 0 0 0
1.50333 0 0 0 0
1.51 0 0 0 0
1.51667 0 0 0 0
1.52333 0 0 0 0
1.53 0 0 0 0
1.53667 0 0 0 0
1.54333 0 0 0 0
1.55 0 0 0 0
1.55667 0 0 0 0
1.56333 0 0 0 0
1.57 0 0 0 0
1.57667 0 0 0 0
1.58333 0 0 0 0
1.59 0 0 0 0
1.59667 0 0 0 0
1.60333 0 0 0 0
1.61 0 0 0 0
1.61667 0 0 0 0
1.62333 0 0 0 0
1.63 0 0 0 0
1.63667 0 0 0 0
1.64333 0 0 0 0
1.65 0 0 0 0
1.65667 0 0 0 0
1.66333 0 0 0 0
1.67 0 0 0 0
1.67667 0 0 0 0
1.68333 0 0 0 0
1.69 0 0 0 0
1.69667 0 0 0 0
1.70333 0 0 0 0
1.71 0 0 0 0
1.71667 0 0 0 0
1.72333 0 0 0 0
1.73 0 0 0 0
1.73667 0 0 0 0
1.74333 0 0 0 0
1.75 0 0 0 0
1.75667 0 0 0 0
1.76333 0 0 0 0
1.77 0 0 0 0
1.77667 0 0 0 0
1.78333 0 0 0 0
1.79 0 0 0 0
1.79667 0 0 0 0
1.80333 0 0 0 0
1.81 0 0 0 0
1.81667 0 0 0 0
1.82333 0 0 0 0
1.83 0 0 0 0
1.83667 0 0 0 0
1.84333 0 0 0 0
1.85 0 0 0 0
1.85667 0 0 0 0
1.86333 0 0 0 0
1.87 0 0 0 0
1.87667 0 0 0 0
1.88333 0 0 0 0
1.89 0 0 0 0
1.89667 0 0 0 0
1.90333 0 0 0 0
1.91 0 0 0 0
1.91667 0 0 0 0
1.92333 0 0 0 0
1.93 0 0 0 0
1.93667 0 0 0 0
1.94333 0 0 0 0
1.95 0 0 0 0
1.95667 0 0 0 0
1.96333 0 0 0 0
1.97 0 0 0 0
1.97667 0 0 0 0
1.98333 0 0 0 0
1.99 0 0 0 0
1.99667 0 0 0 0
