0.00333333 3 1 15 101
0.01 0 2 27 102
0.0166667 2 3 22 125
0.0233333 3 4 28 103
0.03 0 2 28 92
0.0366667 2 4 50 123
0.0433333 0 4 51 148
0.05 5 2 67 177
0.0566667 5 6 76 199
0.0633333 5 2 86 256
0.07 6 3 84 250
0.0766667 4 8 100 253
0.0833333 6 2 79 273
0.09 4 5 94 300
0.0966667 6 3 75 276
0.103333 4 8 93 288
0.11 3 7 77 298
0.116667 0 3 75 313
0.123333 3 3 73 303
0.13 3 5 87 302
0.136667 6 6 71 309
0.143333 3 5 80 282
0.15 3 2 61 265
0.156667 7 3 59 287
0.163333 4 5 58 312
0.17 6 4 76 266
0.176667 2 5 55 305
0.183333 4 5 48 283
0.19 5 4 51 332
0.196667 3 3 57 324
0.203333 6 2 52 303
0.21 3 2 35 293
0.216667 2 6 62 277
0.223333 4 3 57 270
0.23 2 7 47 263
0.236667 2 1 57 243
0.243333 3 1 46 244
0.25 1 2 42 217
0.256667 4 3 30 212
0.263333 5 2 42 180
0.27 5 3 37 186
0.276667 5 4 34 164
0.283333 4 2 39 183
0.29 1 2 46 183
0.296667 3 3 29 168
0.303333 4 1 36 151
0.31 0 3 38 143
0.316667 1 3 26 148
0.323333 3 2 36 139
0.33 0 4 39 158
0.336667 1 6 32 146
0.343333 4 1 33 144
0.35 3 3 33 145
0.356667 3 1 33 120
0.363333 4 4 33 126
0.37 2 4 34 143
0.376667 2 2 38 112
0.383333 3 3 22 103
0.39 1 1 29 138
0.396667 2 4 25 126
0.403333 1 3 13 132
0.41 0 5 27 132
0.416667 1 4 18 115
0.423333 1 4 25 101
0.43 2 1 22 109
0.436667 4 0 18 106
0.443333 2 2 18 103
0.45 1 1 23 123
0.456667 1 3 20 125
0.463333 5 2 24 118
0.47 1 1 19 100
0.476667 0 3 21 91
0.483333 3 3 17 65
0.49 0 2 21 61
0.496667 0 1 17 58
0.503333 2 1 18 57
0.51 1 0 14 55
0.516667 1 2 13 55
0.523333 2 0 27 46
0.53 2 1 19 40
0.536667 0 0 13 52
0.543333 1 1 13 52
0.55 3 4 13 42
0.556667 0 2 16 60
0.563333 1 1 10 68
0.57 3 0 12 61
0.576667 1 1 9 31
0.583333 2 4 7 45
0.59 2 0 19 44
0.596667 0 0 7 32
0.603333 0 0 22 39
0.61 2 1 15 43
0.616667 1 0 15 39
0.623333 2 2 16 44
0.63 2 2 13 43
0.636667 1 1 15 62
0.643333 3 0 12 36
0.65 4 1 13 38
0.656667 3 2 9 43
0.663333 53 17 406 4408
0.67 0 0 0 0
0.676667 0 0 0 0
0.683333 0 0 0 0
0.69 0 0 0 0
0.696667 0 0 0 0
0.703333 0 0 0 0
0.71 0 0 0 0
0.716667 0 0 0 0
0.723333 0 0 0 0
0.73 0 0 0 0
0.736667 0 0 0 0
0.743333 0 0 0 0
0.75 0 0 0 0
0.756667 0 0 0 0
0.763333 0 0 0 0
0.77 0 0 0 0
0.776667 0 0 0 0
0.783333 0 0 0 0
0.79 0 0 0 0
0.796667 0 0 0 0
0.803333 0 0 0 0
0.81 0 0 0 0
0.816667 0 0 0 0
0.823333 0 0 0 0
0.83 0 0 0 0
0.836667 0 0 0 0
0.843333 0 0 0 0
0.85 0 0 0 0
0.856667 0 0 0 0
0.863333 0 0 0 0
0.87 0 0 0 0
0.876667 0 0 0 0
0.883333 0 0 0 0
0.89 0 0 0 0
0.896667 0 0 0 0
0.903333 0 0 0 0
0.91 0 0 0 0
0.916667 0 0 0 0
0.923333 0 0 0 0
0.93 0 0 0 0
0.936667 0 0 0 0
0.943333 0 0 0 0
0.95 0 0 0 0
0.956667 0 0 0 0
0.963333 0 0 0 0
0.97 0 0 0 0
0.976667 0 0 0 0
0.983333 0 0 0 0
0.99 0 0 0 0
0.996667 0 0 0 0
1.00333 0 0 0 0
1.01 0 0 0 0
1.01667 0 0 0 0
1.02333 0 0 0 0
1.03 0 0 0 0
1.03667 0 0 0 0
1.04333 0 0 0 0
1.05 0 0 0 0
1.05667 0 0 0 0
1.06333 0 0 0 0
1.07 0 0 0 0
1.07667 0 0 0 0
1.08333 0 0 0 0
1.09 0 0 0 0
1.09667 0 0 0 0
1.10333 0 0 0 0
1.11 0 0 0 0
1.11667 0 0 0 0
1.12333 0 0 0 0
1.13 0 0 0 0
1.13667 0 0 0 0
1.14333 0 0 0 0
1.15 0 0 0 0
1.15667 0 0 0 0
1.16333 0 0 0 0
1.17 0 0 0 0
1.17667 0 0 0 0
1.18333 0 0 0 0
1.19 0 0 0 0
1.19667 0 0 0 0
1.20333 0 0 0 0
1.21 0 0 0 0
1.21667 0 0 0 0
1.22333 0 0 0 0
1.23 0 0 0 0
1.23667 0 0 0 0
1.24333 0 0 0 0
1.25 0 0 0 0
1.25667 0 0 0 0
1.26333 0 0 0 0
1.27 0 0 0 0
1.27667 0 0 0 0
1.28333 0 0 0 0
1.29 0 0 0 0
1.29667 0 0 0 0
1.30333 0 0 0 0
1.31 0 0 0 0
1.31667 0 0 0 0
1.32333 0 0 0 0
1.33 0 0 0 0
1.33667 0 0 0 0
1.34333 0 0 0 0
1.35 0 0 0 0
1.35667 0 0 0 0
1.36333 0 0 0 0
1.37 0 0 0 0
1.37667 0 0 0 0
1.38333 0 0 0 0
1.39 0 0 0 0
1.39667 0 0 0 0
1.40333 0 0 0 0
1.41 0 0 0 0
1.41667 0 0 0 0
1.42333 0 0 0 0
1.43 0 0 0 0
1.43667 0 0 0 0
1.44333 0 0 0 0
1.45 0 0 0 0
1.45667 0 0 0 0
1.46333 0 0 0 0
1.47 0 0 0 0
1.47667 0 0 0 0
1.48333 0 0 0 0
1.49 0 0 0 0
1.49667 0 0 0 0
1.50333 0 0 0 0
1.51 0 0 0 0
1.51667 0 0 0 0
1.52333 0 0 0 0
1.53 0 0 0 0
1.53667 0 0 0 0
1.54333 0 0 0 0
1.55 0 0 0 0
1.55667 0 0 0 0
1.56333 0 0 0 0
1.57 0 0 0 0
1.57667 0 0 0 0
1.58333 0 0 0 0
1.59 0 0 0 0
1.59667 0 0 0 0
1.60333 0 0 0 0
1.61 0 0 0 0
1.61667 0 0 0 0
1.62333 0 0 0 0
1.63 0 0 0 0
1.63667 0 0 0 0
1.64333 0 0 0 0
1.65 0 0 0 0
1.65667 0 0 0 0
1.66333 0 0 0 0
1.67 0 0 0 0
1.67667 0 0 0 0
1.68333 0 0 0 0
1.69 0 0 0 0
1.69667 0 0 0 0
1.70333 0 0 0 0
1.71 0 0 0 0
1.71667 0 0 0 0
1.72333 0 0 0 0
1.73 0 0 0 0
1.73667 0 0 0 0
1.74333 0 0 0 0
1.75 0 0 0 0
1.75667 0 0 0 0
1.76333 0 0 0 0
1.77 0 0 0 0
1.77667 0 0 0 0
1.78333 0 0 0 0
1.79 0 0 0 0
1.79667 0 0 0 0
1.80333 0 0 0 0
1.81 0 0 0 0
1.81667 0 0 0 0
1.82333 0 0 0 0
1.83 0 0 0 0
1.83667 0 0 0 0
1.84333 0 0 0 0
1.85 0 0 0 0
1.85667 0 0 0 0
1.86333 0 0 0 0
1.87 0 0 0 0
1.87667 0 0 0 0
1.88333 0 0 0 0
1.89 0 0 0 0
1.89667 0 0 0 0
1.90333 0 0 0 0
1.91 0 0 0 0
1.91667 0 0 0 0
1.92333 0 0 0 0
1.93 0 0 0 0
1.93667 0 0 0 0
1.94333 0 0 0 0
1.95 0 0 0 0
1.95667 0 0 0 0
1.96333 0 0 0 0
1.97 0 0 0 0
1.97667 0 0 0 0
1.98333 0 0 0 0
1.99 0 0 0 0
1.99667 0 0 0 0
