0.00333333 0 2 27 48
0.01 5 3 31 52
0.0166667 1 7 29 85
0.0233333 2 3 41 87
0.03 4 4 52 79
0.0366667 0 6 52 100
0.0433333 4 9 93 117
0.05 4 13 120 147
0.0566667 3 5 123 166
0.0633333 5 20 170 177
0.07 3 13 150 208
0.0766667 6 15 164 223
0.0833333 1 10 173 221
0.09 6 17 161 242
0.0966667 10 12 162 225
0.103333 10 19 161 182
0.11 11 18 157 213
0.116667 7 12 159 220
0.123333 7 14 141 215
0.13 5 21 160 222
0.136667 9 13 134 183
0.143333 3 15 104 205
0.15 7 10 107 179
0.156667 3 9 118 215
0.163333 4 12 114 198
0.17 4 11 112 166
0.176667 5 10 93 179
0.183333 4 14 103 190
0.19 7 8 125 225
0.196667 5 10 94 202
0.203333 6 18 90 196
0.21 8 10 82 181
0.216667 3 8 107 173
0.223333 8 5 83 196
0.23 8 13 86 160
0.236667 3 9 72 135
0.243333 3 3 86 147
0.25 5 5 79 158
0.256667 1 5 79 114
0.263333 7 6 69 139
0.27 4 6 57 98
0.276667 3 8 71 116
0.283333 3 11 56 113
0.29 3 5 50 131
0.296667 8 6 64 105
0.303333 1 2 67 96
0.31 5 4 65 93
0.316667 4 7 52 105
0.323333 4 3 42 102
0.33 4 9 43 100
0.336667 2 4 55 82
0.343333 2 4 53 97
0.35 3 7 45 91
0.356667 2 9 44 81
0.363333 4 8 38 73
0.37 3 6 59 82
0.376667 4 9 48 79
0.383333 3 5 33 80
0.39 2 8 35 68
0.396667 2 8 39 76
0.403333 3 6 31 69
0.41 2 7 36 85
0.416667 2 8 41 65
0.423333 2 5 36 63
0.43 3 3 33 53
0.436667 1 2 35 56
0.443333 4 0 38 74
0.45 0 7 44 63
0.456667 1 5 33 55
0.463333 2 4 27 64
0.47 5 2 45 83
0.476667 4 4 30 63
0.483333 1 5 24 38
0.49 0 5 21 28
0.496667 1 1 25 48
0.503333 2 1 34 35
0.51 2 1 22 38
0.516667 1 3 23 38
0.523333 3 2 9 51
0.53 3 3 24 38
0.536667 2 4 24 26
0.543333 2 4 21 24
0.55 1 2 15 24
0.556667 1 6 17 29
0.563333 1 4 20 32
0.57 2 2 16 32
0.576667 2 3 16 32
0.583333 3 6 18 27
0.59 2 1 16 25
0.596667 3 5 16 32
0.603333 1 8 20 27
0.61 0 3 20 31
0.616667 0 4 22 29
0.623333 1 2 18 24
0.63 1 6 15 23
0.636667 2 5 22 42
0.643333 3 4 17 26
0.65 2 4 12 29
0.656667 1 2 20 19
0.663333 56 80 723 2237
0.67 0 0 0 0
0.676667 0 0 0 0
0.683333 0 0 0 0
0.69 0 0 0 0
0.696667 0 0 0 0
0.703333 0 0 0 0
0.71 0 0 0 0
0.716667 0 0 0 0
0.723333 0 0 0 0
0.73 0 0 0 0
0.736667 0 0 0 0
0.743333 0 0 0 0
0.75 0 0 0 0
0.756667 0 0 0 0
0.763333 0 0 0 0
0.77 0 0 0 0
0.776667 0 0 0 0
0.783333 0 0 0 0
0.79 0 0 0 0
0.796667 0 0 0 0
0.803333 0 0 0 0
0.81 0 0 0 0
0.816667 0 0 0 0
0.823333 0 0 0 0
0.83 0 0 0 0
0.836667 0 0 0 0
0.843333 0 0 0 0
0.85 0 0 0 0
0.856667 0 0 0 0
0.863333 0 0 0 0
0.87 0 0 0 0
0.876667 0 0 0 0
0.883333 0 0 0 0
0.89 0 0 0 0
0.896667 0 0 0 0
0.903333 0 0 0 0
0.91 0 0 0 0
0.916667 0 0 0 0
0.923333 0 0 0 0
0.93 0 0 0 0
0.936667 0 0 0 0
0.943333 0 0 0 0
0.95 0 0 0 0
0.956667 0 0 0 0
0.963333 0 0 0 0
0.97 0 0 0 0
0.976667 0 0 0 0
0.983333 0 0 0 0
0.99 0 0 0 0
0.996667 0 0 0 0
1.00333 0 0 0 0
1.01 0 0 0 0
1.01667 0 0 0 0
1.02333 0 0 0 0
1.03 0 0 0 0
1.03667 0 0 0 0
1.04333 0 0 0 0
1.05 0 0 0 0
1.05667 0 0 0 0
1.06333 0 0 0 0
1.07 0 0 0 0
1.07667 0 0 0 0
1.08333 0 0 0 0
1.09 0 0 0 0
1.09667 0 0 0 0
1.10333 0 0 0 0
1.11 0 0 0 0
1.11667 0 0 0 0
1.12333 0 0 0 0
1.13 0 0 0 0
1.13667 0 0 0 0
1.14333 0 0 0 0
1.15 0 0 0 0
1.15667 0 0 0 0
1.16333 0 0 0 0
1.17 0 0 0 0
1.17667 0 0 0 0
1.18333 0 0 0 0
1.19 0 0 0 0
1.19667 0 0 0 0
1.20333 0 0 0 0
1.21 0 0 0 0
1.21667 0 0 0 0
1.22333 0 0 0 0
1.23 0 0 0 0
1.23667 0 0 0 0
1.24333 0 0 0 0
1.25 0 0 0 0
1.25667 0 0 0 0
1.26333 0 0 0 0
1.27 0 0 0 0
1.27667 0 0 0 0
1.28333 0 0 0 0
1.29 0 0 0 0
1.29667 0 0 0 0
1.30333 0 0 0 0
1.31 0 0 0 0
1.31667 0 0 0 0
1.32333 0 0 0 0
1.33 0 0 0 0
1.33667 0 0 0 0
1.34333 0 0 0 0
1.35 0 0 0 0
1.35667 0 0 0 0
1.36333 0 0 0 0
1.37 0 0 0 0
1.37667 0 0 0 0
1.38333 0 0 0 0
1.39 0 0 0 0
1.39667 0 0 0 0
1.40333 0 0 0 0
1.41 0 0 0 0
1.41667 0 0 0 0
1.42333 0 0 0 0
1.43 0 0 0 0
1.43667 0 0 0 0
1.44333 0 0 0 0
1.45 0 0 0 0
1.45667 0 0 0 0
1.46333 0 0 0 0
1.47 0 0 0 0
1.47667 0 0 0 0
1.48333 0 0 0 0
1.49 0 0 0 0
1.49667 0 0 0 0
1.50333 0 0 0 0
1.51 0 0 0 0
1.51667 0 0 0 0
1.52333 0 0 0 0
1.53 0 0 0 0
1.53667 0 0 0 0
1.54333 0 0 0 0
1.55 0 0 0 0
1.55667 0 0 0 0
1.56333 0 0 0 0
1.57 0 0 0 0
1.57667 0 0 0 0
1.58333 0 0 0 0
1.59 0 0 0 0
1.59667 0 0 0 0
1.60333 0 0 0 0
1.61 0 0 0 0
1.61667 0 0 0 0
1.62333 0 0 0 0
1.63 0 0 0 0
1.63667 0 0 0 0
1.64333 0 0 0 0
1.65 0 0 0 0
1.65667 0 0 0 0
1.66333 0 0 0 0
1.67 0 0 0 0
1.67667 0 0 0 0
1.68333 0 0 0 0
1.69 0 0 0 0
1.69667 0 0 0 0
1.70333 0 0 0 0
1.71 0 0 0 0
1.71667 0 0 0 0
1.72333 0 0 0 0
1.73 0 0 0 0
1.73667 0 0 0 0
1.74333 0 0 0 0
1.75 0 0 0 0
1.75667 0 0 0 0
1.76333 0 0 0 0
1.77 0 0 0 0
1.77667 0 0 0 0
1.78333 0 0 0 0
1.79 0 0 0 0
1.79667 0 0 0 0
1.80333 0 0 0 0
1.81 0 0 0 0
1.81667 0 0 0 0
1.82333 0 0 0 0
1.83 0 0 0 0
1.83667 0 0 0 0
1.84333 0 0 0 0
1.85 0 0 0 0
1.85667 0 0 0 0
1.86333 0 0 0 0
1.87 0 0 0 0
1.87667 0 0 0 0
1.88333 0 0 0 0
1.89 0 0 0 0
1.89667 0 0 0 0
1.90333 0 0 0 0
1.91 0 0 0 0
1.91667 0 0 0 0
1.92333 0 0 0 0
1.93 0 0 0 0
1.93667 0 0 0 0
1.94333 0 0 0 0
1.95 0 0 0 0
1.95667 0 0 0 0
1.96333 0 0 0 0
1.97 0 0 0 0
1.97667 0 0 0 0
1.98333 0 0 0 0
1.99 0 0 0 0
1.99667 0 0 0 0
