0.00333333 100 75 2 3
0.01 90 64 4 3
0.0166667 106 83 2 2
0.0233333 115 83 5 4
0.03 113 99 7 3
0.0366667 128 91 2 5
0.0433333 144 118 5 4
0.05 153 142 4 7
0.0566667 182 188 8 1
0.0633333 201 170 5 11
0.07 214 177 13 3
0.0766667 207 191 7 16
0.0833333 242 221 6 5
0.09 227 207 7 6
0.0966667 243 213 14 2
0.103333 224 190 7 12
0.11 229 213 10 12
0.116667 278 236 8 6
0.123333 237 242 5 10
0.13 249 219 5 7
0.136667 261 210 4 4
0.143333 261 199 5 7
0.15 242 216 5 4
0.156667 245 217 4 5
0.163333 230 182 6 4
0.17 241 214 7 9
0.176667 204 176 7 3
0.183333 254 200 4 7
0.19 281 227 3 11
0.196667 291 221 7 15
0.203333 281 221 4 8
0.21 286 192 4 7
0.216667 209 195 1 4
0.223333 239 207 9 5
0.23 220 163 3 2
0.236667 196 193 2 4
0.243333 202 160 5 6
0.25 180 141 5 8
0.256667 182 138 3 5
0.263333 186 146 2 5
0.27 190 145 3 6
0.276667 149 122 2 10
0.283333 160 143 2 3
0.29 130 104 2 6
0.296667 155 118 4 3
0.303333 126 117 3 2
0.31 134 112 4 6
0.316667 146 109 2 3
0.323333 129 95 5 6
0.33 110 105 2 10
0.336667 124 93 6 1
0.343333 116 90 1 6
0.35 118 108 5 5
0.356667 130 100 5 6
0.363333 122 98 1 6
0.37 106 119 3 4
0.376667 107 83 11 5
0.383333 111 87 7 2
0.39 123 94 1 7
0.396667 110 93 2 9
0.403333 120 79 2 2
0.41 73 85 2 3
0.416667 88 86 3 3
0.423333 88 95 4 2
0.43 113 71 0 3
0.436667 113 82 2 6
0.443333 101 72 3 6
0.45 95 97 3 6
0.456667 97 72 1 4
0.463333 97 65 1 5
0.47 101 91 0 3
0.476667 83 75 6 4
0.483333 60 51 4 3
0.49 41 63 2 1
0.496667 47 48 3 4
0.503333 55 44 2 1
0.51 47 40 4 2
0.516667 35 36 1 1
0.523333 38 40 0 3
0.53 41 31 1 2
0.536667 34 47 1 3
0.543333 33 39 4 3
0.55 40 37 5 3
0.556667 42 34 3 1
0.563333 46 40 0 1
0.57 33 32 1 2
0.576667 38 33 2 2
0.583333 46 42 0 1
0.59 33 29 1 2
0.596667 24 34 1 2
0.603333 23 32 0 1
0.61 32 39 0 2
0.616667 29 40 1 3
0.623333 29 32 0 1
0.63 41 28 0 1
0.636667 50 38 0 1
0.643333 44 34 0 4
0.65 28 26 0 0
0.656667 25 29 1 5
0.663333 4439 3050 36 147
0.67 0 0 0 0
0.676667 0 0 0 0
0.683333 0 0 0 0
0.69 0 0 0 0
0.696667 0 0 0 0
0.703333 0 0 0 0
0.71 0 0 0 0
0.716667 0 0 0 0
0.723333 0 0 0 0
0.73 0 0 0 0
0.736667 0 0 0 0
0.743333 0 0 0 0
0.75 0 0 0 0
0.756667 0 0 0 0
0.763333 0 0 0 0
0.77 0 0 0 0
0.776667 0 0 0 0
0.783333 0 0 0 0
0.79 0 0 0 0
0.796667 0 0 0 0
0.803333 0 0 0 0
0.81 0 0 0 0
0.816667 0 0 0 0
0.823333 0 0 0 0
0.83 0 0 0 0
0.836667 0 0 0 0
0.843333 0 0 0 0
0.85 0 0 0 0
0.856667 0 0 0 0
0.863333 0 0 0 0
0.87 0 0 0 0
0.876667 0 0 0 0
0.883333 0 0 0 0
0.89 0 0 0 0
0.896667 0 0 0 0
0.903333 0 0 0 0
0.91 0 0 0 0
0.916667 0 0 0 0
0.923333 0 0 0 0
0.93 0 0 0 0
0.936667 0 0 0 0
0.943333 0 0 0 0
0.95 0 0 0 0
0.956667 0 0 0 0
0.963333 0 0 0 0
0.97 0 0 0 0
0.976667 0 0 0 0
0.983333 0 0 0 0
0.99 0 0 0 0
0.996667 0 0 0 0
1.00333 0 0 0 0
1.01 0 0 0 0
1.01667 0 0 0 0
1.02333 0 0 0 0
1.03 0 0 0 0
1.03667 0 0 0 0
1.04333 0 0 0 0
1.05 0 0 0 0
1.05667 0 0 0 0
1.06333 0 0 0 0
1.07 0 0 0 0
1.07667 0 0 0 0
1.08333 0 0 0 0
1.09 0 0 0 0
1.09667 0 0 0 0
1.10333 0 0 0 0
1.11 0 0 0 0
1.11667 0 0 0 0
1.12333 0 0 0 0
1.13 0 0 0 0
1.13667 0 0 0 0
1.14333 0 0 0 0
1.15 0 0 0 0
1.15667 0 0 0 0
1.16333 0 0 0 0
1.17 0 0 0 0
1.17667 0 0 0 0
1.18333 0 0 0 0
1.19 0 0 0 0
1.19667 0 0 0 0
1.20333 0 0 0 0
1.21 0 0 0 0
1.21667 0 0 0 0
1.22333 0 0 0 0
1.23 0 0 0 0
1.23667 0 0 0 0
1.24333 0 0 0 0
1.25 0 0 0 0
1.25667 0 0 0 0
1.26333 0 0 0 0
1.27 0 0 0 0
1.27667 0 0 0 0
1.28333 0 0 0 0
1.29 0 0 0 0
1.29667 0 0 0 0
1.30333 0 0 0 0
1.31 0 0 0 0
1.31667 0 0 0 0
1.32333 0 0 0 0
1.33 0 0 0 0
1.33667 0 0 0 0
1.34333 0 0 0 0
1.35 0 0 0 0
1.35667 0 0 0 0
1.36333 0 0 0 0
1.37 0 0 0 0
1.37667 0 0 0 0
1.38333 0 0 0 0
1.39 0 0 0 0
1.39667 0 0 0 0
1.40333 0 0 0 0
1.41 0 0 0 0
1.41667 0 0 0 0
1.42333 0 0 0 0
1.43 0 0 0 0
1.43667 0 0 0 0
1.44333 0 0 0 0
1.45 0 0 0 0
1.45667 0 0 0 0
1.46333 0 0 0 0
1.47 0 0 0 0
1.47667 0 0 0 0
1.48333 0 0 0 0
1.49 0 0 0 0
1.49667 0 0 0 0
1.50333 0 0 0 0
1.51 0 0 0 0
1.51667 0 0 0 0
1.52333 0 0 0 0
1.53 0 0 0 0
1.53667 0 0 0 0
1.54333 0 0 0 0
1.55 0 0 0 0
1.55667 0 0 0 0
1.56333 0 0 0 0
1.57 0 0 0 0
1.57667 0 0 0 0
1.58333 0 0 0 0
1.59 0 0 0 0
1.59667 0 0 0 0
1.60333 0 0 0 0
1.61 0 0 0 0
1.61667 0 0 0 0
1.62333 0 0 0 0
1.63 0 0 0 0
1.63667 0 0 0 0
1.64333 0 0 0 0
1.65 0 0 0 0
1.65667 0 0 0 0
1.66333 0 0 0 0
1.67 0 0 0 0
1.67667 0 0 0 0
1.68333 0 0 0 0
1.69 0 0 0 0
1.69667 0 0 0 0
1.70333 0 0 0 0
1.71 0 0 0 0
1.71667 0 0 0 0
1.72333 0 0 0 0
1.73 0 0 0 0
1.73667 0 0 0 0
1.74333 0 0 0 0
1.75 0 0 0 0
1.75667 0 0 0 0
1.76333 0 0 0 0
1.77 0 0 0 0
1.77667 0 0 0 0
1.78333 0 0 0 0
1.79 0 0 0 0
1.79667 0 0 0 0
1.80333 0 0 0 0
1.81 0 0 0 0
1.81667 0 0 0 0
1.82333 0 0 0 0
1.83 0 0 0 0
1.83667 0 0 0 0
1.84333 0 0 0 0
1.85 0 0 0 0
1.85667 0 0 0 0
1.86333 0 0 0 0
1.87 0 0 0 0
1.87667 0 0 0 0
1.88333 0 0 0 0
1.89 0 0 0 0
1.89667 0 0 0 0
1.90333 0 0 0 0
1.91 0 0 0 0
1.91667 0 0 0 0
1.92333 0 0 0 0
1.93 0 0 0 0
1.93667 0 0 0 0
1.94333 0 0 0 0
1.95 0 0 0 0
1.95667 0 0 0 0
1.96333 0 0 0 0
1.97 0 0 0 0
1.97667 0 0 0 0
1.98333 0 0 0 0
1.99 0 0 0 0
1.99667 0 0 0 0
