0.00333333 1 16 68 4
0.01 4 21 96 17
0.0166667 4 23 110 7
0.0233333 3 21 124 11
0.03 5 27 114 18
0.0366667 4 31 130 15
0.0433333 5 37 163 27
0.05 6 40 178 42
0.0566667 12 37 216 41
0.0633333 6 49 249 27
0.07 11 53 242 43
0.0766667 12 49 257 50
0.0833333 12 57 292 37
0.09 6 44 309 32
0.0966667 8 53 269 42
0.103333 4 54 248 37
0.11 6 47 348 31
0.116667 4 57 327 50
0.123333 10 48 305 39
0.13 7 56 290 36
0.136667 5 44 310 28
0.143333 9 53 281 29
0.15 6 40 281 30
0.156667 5 34 275 26
0.163333 3 65 273 35
0.17 3 53 260 22
0.176667 2 42 257 21
0.183333 2 44 280 20
0.19 3 43 302 20
0.196667 4 60 351 37
0.203333 6 44 316 25
0.21 5 52 257 24
0.216667 3 46 245 26
0.223333 6 43 272 17
0.23 3 39 237 21
0.236667 3 42 231 21
0.243333 4 38 218 23
0.25 3 32 201 22
0.256667 5 40 184 16
0.263333 5 31 185 18
0.27 2 25 157 20
0.276667 3 19 173 10
0.283333 3 28 151 16
0.29 6 24 128 15
0.296667 3 25 168 10
0.303333 4 28 146 28
0.31 0 37 148 15
0.316667 0 23 110 11
0.323333 2 34 141 18
0.33 4 20 120 11
0.336667 4 30 119 11
0.343333 3 21 126 17
0.35 3 30 145 16
0.356667 3 24 111 12
0.363333 3 24 121 12
0.37 4 32 113 13
0.376667 2 17 128 12
0.383333 5 23 113 17
0.39 1 21 113 12
0.396667 4 19 122 17
0.403333 3 13 96 16
0.41 1 22 90 11
0.416667 2 15 112 9
0.423333 0 17 84 10
0.43 1 18 98 8
0.436667 3 18 104 7
0.443333 1 27 93 7
0.45 3 27 120 7
0.456667 1 17 109 17
0.463333 0 15 116 10
0.47 4 14 99 9
0.476667 0 10 92 7
0.483333 1 16 63 7
0.49 1 14 64 10
0.496667 2 13 48 8
0.503333 3 19 81 6
0.51 0 12 50 4
0.516667 0 13 57 6
0.523333 2 8 53 8
0.53 6 9 39 9
0.536667 1 6 32 8
0.543333 1 14 50 7
0.55 2 6 47 3
0.556667 4 14 44 7
0.563333 3 4 45 4
0.57 1 10 38 7
0.576667 2 10 47 9
0.583333 1 8 33 6
0.59 1 7 49 7
0.596667 2 10 34 15
0.603333 4 11 47 6
0.61 0 6 30 8
0.616667 1 9 30 4
0.623333 2 3 51 2
0.63 3 8 37 4
0.636667 2 10 50 3
0.643333 1 8 43 6
0.65 1 14 32 8
0.656667 1 8 34 2
0.663333 20 546 3981 154
0.67 0 0 0 0
0.676667 0 0 0 0
0.683333 0 0 0 0
0.69 0 0 0 0
0.696667 0 0 0 0
0.703333 0 0 0 0
0.71 0 0 0 0
0.716667 0 0 0 0
0.723333 0 0 0 0
0.73 0 0 0 0
0.736667 0 0 0 0
0.743333 0 0 0 0
0.75 0 0 0 0
0.756667 0 0 0 0
0.763333 0 0 0 0
0.77 0 0 0 0
0.776667 0 0 0 0
0.783333 0 0 0 0
0.79 0 0 0 0
0.796667 0 0 0 0
0.803333 0 0 0 0
0.81 0 0 0 0
0.816667 0 0 0 0
0.823333 0 0 0 0
0.83 0 0 0 0
0.836667 0 0 0 0
0.843333 0 0 0 0
0.85 0 0 0 0
0.856667 0 0 0 0
0.863333 0 0 0 0
0.87 0 0 0 0
0.876667 0 0 0 0
0.883333 0 0 0 0
0.89 0 0 0 0
0.896667 0 0 0 0
0.903333 0 0 0 0
0.91 0 0 0 0
0.916667 0 0 0 0
0.923333 0 0 0 0
0.93 0 0 0 0
0.936667 0 0 0 0
0.943333 0 0 0 0
0.95 0 0 0 0
0.956667 0 0 0 0
0.963333 0 0 0 0
0.97 0 0 0 0
0.976667 0 0 0 0
0.983333 0 0 0 0
0.99 0 0 0 0
0.996667 0 0 0 0
1.00333 0 0 0 0
1.01 0 0 0 0
1.01667 0 0 0 0
1.02333 0 0 0 0
1.03 0 0 0 0
1.03667 0 0 0 0
1.04333 0 0 0 0
1.05 0 0 0 0
1.05667 0 0 0 0
1.06333 0 0 0 0
1.07 0 0 0 0
1.07667 0 0 0 0
1.08333 0 0 0 0
1.09 0 0 0 0
1.09667 0 0 0 0
1.10333 0 0 0 0
1.11 0 0 0 0
1.11667 0 0 0 0
1.12333 0 0 0 0
1.13 0 0 0 0
1.13667 0 0 0 0
1.14333 0 0 0 0
1.15 0 0 0 0
1.15667 0 0 0 0
1.16333 0 0 0 0
1.17 0 0 0 0
1.17667 0 0 0 0
1.18333 0 0 0 0
1.19 0 0 0 0
1.19667 0 0 0 0
1.20333 0 0 0 0
1.21 0 0 0 0
1.21667 0 0 0 0
1.22333 0 0 0 0
1.23 0 0 0 0
1.23667 0 0 0 0
1.24333 0 0 0 0
1.25 0 0 0 0
1.25667 0 0 0 0
1.26333 0 0 0 0
1.27 0 0 0 0
1.27667 0 0 0 0
1.28333 0 0 0 0
1.29 0 0 0 0
1.29667 0 0 0 0
1.30333 0 0 0 0
1.31 0 0 0 0
1.31667 0 0 0 0
1.32333 0 0 0 0
1.33 0 0 0 0
1.33667 0 0 0 0
1.34333 0 0 0 0
1.35 0 0 0 0
1.35667 0 0 0 0
1.36333 0 0 0 0
1.37 0 0 0 0
1.37667 0 0 0 0
1.38333 0 0 0 0
1.39 0 0 0 0
1.39667 0 0 0 0
1.40333 0 0 0 0
1.41 0 0 0 0
1.41667 0 0 0 0
1.42333 0 0 0 0
1.43 0 0 0 0
1.43667 0 0 0 0
1.44333 0 0 0 0
1.45 0 0 0 0
1.45667 0 0 0 0
1.46333 0 0 0 0
1.47 0 0 0 0
1.47667 0 0 0 0
1.48333 0 0 0 0
1.49 0 0 0 0
1.49667 0 0 0 0
1.50333 0 0 0 0
1.51 0 0 0 0
1.51667 0 0 0 0
1.52333 0 0 0 0
1.53 0 0 0 0
1.53667 0 0 0 0
1.54333 0 0 0 0
1.55 0 0 0 0
1.55667 0 0 0 0
1.56333 0 0 0 0
1.57 0 0 0 0
1.57667 0 0 0 0
1.58333 0 0 0 0
1.59 0 0 0 0
1.59667 0 0 0 0
1.60333 0 0 0 0
1.61 0 0 0 0
1.61667 0 0 0 0
1.62333 0 0 0 0
1.63 0 0 0 0
1.63667 0 0 0 0
1.64333 0 0 0 0
1.65 0 0 0 0
1.65667 0 0 0 0
1.66333 0 0 0 0
1.67 0 0 0 0
1.67667 0 0 0 0
1.68333 0 0 0 0
1.69 0 0 0 0
1.69667 0 0 0 0
1.70333 0 0 0 0
1.71 0 0 0 0
1.71667 0 0 0 0
1.72333 0 0 0 0
1.73 0 0 0 0
1.73667 0 0 0 0
1.74333 0 0 0 0
1.75 0 0 0 0
1.75667 0 0 0 0
1.76333 0 0 0 0
1.77 0 0 0 0
1.77667 0 0 0 0
1.78333 0 0 0 0
1.79 0 0 0 0
1.79667 0 0 0 0
1.80333 0 0 0 0
1.81 0 0 0 0
1.81667 0 0 0 0
1.82333 0 0 0 0
1.83 0 0 0 0
1.83667 0 0 0 0
1.84333 0 0 0 0
1.85 0 0 0 0
1.85667 0 0 0 0
1.86333 0 0 0 0
1.87 0 0 0 0
1.87667 0 0 0 0
1.88333 0 0 0 0
1.89 0 0 0 0
1.89667 0 0 0 0
1.90333 0 0 0 0
1.91 0 0 0 0
1.91667 0 0 0 0
1.92333 0 0 0 0
1.93 0 0 0 0
1.93667 0 0 0 0
1.94333 0 0 0 0
1.95 0 0 0 0
1.95667 0 0 0 0
1.96333 0 0 0 0
1.97 0 0 0 0
1.97667 0 0 0 0
1.98333 0 0 0 0
1.99 0 0 0 0
1.99667 0 0 0 0
