0.00333333 0 5 118 10
0.01 2 5 135 13
0.0166667 0 1 161 18
0.0233333 0 5 147 17
0.03 0 8 118 21
0.0366667 0 7 126 13
0.0433333 0 2 142 24
0.05 0 9 188 42
0.0566667 0 15 187 45
0.0633333 2 10 196 46
0.07 1 4 216 55
0.0766667 1 14 220 36
0.0833333 2 8 235 50
0.09 0 12 256 48
0.0966667 1 7 220 49
0.103333 1 14 217 43
0.11 1 13 247 52
0.116667 4 11 230 53
0.123333 2 8 225 42
0.13 2 14 245 37
0.136667 2 8 255 42
0.143333 1 8 263 36
0.15 1 15 254 39
0.156667 1 14 264 35
0.163333 2 10 263 38
0.17 2 7 277 40
0.176667 0 8 292 32
0.183333 1 6 356 24
0.19 1 5 469 26
0.196667 1 9 394 22
0.203333 1 4 375 35
0.21 0 11 355 26
0.216667 2 8 334 32
0.223333 2 11 330 24
0.23 2 8 277 22
0.236667 0 5 276 27
0.243333 1 7 274 16
0.25 0 5 213 23
0.256667 1 8 221 24
0.263333 2 11 216 19
0.27 0 10 186 19
0.276667 1 5 193 21
0.283333 1 8 178 24
0.29 0 7 188 27
0.296667 1 7 173 20
0.303333 0 8 171 19
0.31 0 9 187 22
0.316667 2 6 163 14
0.323333 0 8 172 15
0.33 0 8 132 22
0.336667 0 12 167 20
0.343333 0 6 124 24
0.35 0 9 152 21
0.356667 1 10 162 23
0.363333 1 6 153 26
0.37 0 4 156 22
0.376667 1 4 131 24
0.383333 2 7 130 19
0.39 0 6 143 25
0.396667 1 7 122 9
0.403333 0 5 146 16
0.41 0 2 132 19
0.416667 0 2 134 11
0.423333 1 5 131 26
0.43 0 3 138 26
0.436667 0 5 132 12
0.443333 0 8 137 17
0.45 0 6 130 21
0.456667 0 9 130 11
0.463333 0 5 143 15
0.47 2 4 129 15
0.476667 0 5 110 14
0.483333 0 3 51 8
0.49 0 6 52 11
0.496667 1 1 52 10
0.503333 0 6 58 9
0.51 0 1 39 14
0.516667 0 1 28 12
0.523333 1 2 17 10
0.53 1 3 25 6
0.536667 0 1 25 8
0.543333 0 2 18 9
0.55 0 5 19 9
0.556667 0 2 32 6
0.563333 0 1 33 9
0.57 1 2 23 11
0.576667 0 2 31 12
0.583333 0 3 17 14
0.59 0 2 21 6
0.596667 1 1 20 14
0.603333 0 3 20 7
0.61 0 7 25 9
0.616667 1 3 25 8
0.623333 0 2 22 6
0.63 0 3 22 6
0.636667 0 1 40 8
0.643333 1 1 17 5
0.65 1 3 14 11
0.656667 0 4 25 9
0.663333 1 189 8965 236
0.67 0 0 0 0
0.676667 0 0 0 0
0.683333 0 0 0 0
0.69 0 0 0 0
0.696667 0 0 0 0
0.703333 0 0 0 0
0.71 0 0 0 0
0.716667 0 0 0 0
0.723333 0 0 0 0
0.73 0 0 0 0
0.736667 0 0 0 0
0.743333 0 0 0 0
0.75 0 0 0 0
0.756667 0 0 0 0
0.763333 0 0 0 0
0.77 0 0 0 0
0.776667 0 0 0 0
0.783333 0 0 0 0
0.79 0 0 0 0
0.796667 0 0 0 0
0.803333 0 0 0 0
0.81 0 0 0 0
0.816667 0 0 0 0
0.823333 0 0 0 0
0.83 0 0 0 0
0.836667 0 0 0 0
0.843333 0 0 0 0
0.85 0 0 0 0
0.856667 0 0 0 0
0.863333 0 0 0 0
0.87 0 0 0 0
0.876667 0 0 0 0
0.883333 0 0 0 0
0.89 0 0 0 0
0.896667 0 0 0 0
0.903333 0 0 0 0
0.91 0 0 0 0
0.916667 0 0 0 0
0.923333 0 0 0 0
0.93 0 0 0 0
0.936667 0 0 0 0
0.943333 0 0 0 0
0.95 0 0 0 0
0.956667 0 0 0 0
0.963333 0 0 0 0
0.97 0 0 0 0
0.976667 0 0 0 0
0.983333 0 0 0 0
0.99 0 0 0 0
0.996667 0 0 0 0
1.00333 0 0 0 0
1.01 0 0 0 0
1.01667 0 0 0 0
1.02333 0 0 0 0
1.03 0 0 0 0
1.03667 0 0 0 0
1.04333 0 0 0 0
1.05 0 0 0 0
1.05667 0 0 0 0
1.06333 0 0 0 0
1.07 0 0 0 0
1.07667 0 0 0 0
1.08333 0 0 0 0
1.09 0 0 0 0
1.09667 0 0 0 0
1.10333 0 0 0 0
1.11 0 0 0 0
1.11667 0 0 0 0
1.12333 0 0 0 0
1.13 0 0 0 0
1.13667 0 0 0 0
1.14333 0 0 0 0
1.15 0 0 0 0
1.15667 0 0 0 0
1.16333 0 0 0 0
1.17 0 0 0 0
1.17667 0 0 0 0
1.18333 0 0 0 0
1.19 0 0 0 0
1.19667 0 0 0 0
1.20333 0 0 0 0
1.21 0 0 0 0
1.21667 0 0 0 0
1.22333 0 0 0 0
1.23 0 0 0 0
1.23667 0 0 0 0
1.24333 0 0 0 0
1.25 0 0 0 0
1.25667 0 0 0 0
1.26333 0 0 0 0
1.27 0 0 0 0
1.27667 0 0 0 0
1.28333 0 0 0 0
1.29 0 0 0 0
1.29667 0 0 0 0
1.30333 0 0 0 0
1.31 0 0 0 0
1.31667 0 0 0 0
1.32333 0 0 0 0
1.33 0 0 0 0
1.33667 0 0 0 0
1.34333 0 0 0 0
1.35 0 0 0 0
1.35667 0 0 0 0
1.36333 0 0 0 0
1.37 0 0 0 0
1.37667 0 0 0 0
1.38333 0 0 0 0
1.39 0 0 0 0
1.39667 0 0 0 0
1.40333 0 0 0 0
1.41 0 0 0 0
1.41667 0 0 0 0
1.42333 0 0 0 0
1.43 0 0 0 0
1.43667 0 0 0 0
1.44333 0 0 0 0
1.45 0 0 0 0
1.45667 0 0 0 0
1.46333 0 0 0 0
1.47 0 0 0 0
1.47667 0 0 0 0
1.48333 0 0 0 0
1.49 0 0 0 0
1.49667 0 0 0 0
1.50333 0 0 0 0
1.51 0 0 0 0
1.51667 0 0 0 0
1.52333 0 0 0 0
1.53 0 0 0 0
1.53667 0 0 0 0
1.54333 0 0 0 0
1.55 0 0 0 0
1.55667 0 0 0 0
1.56333 0 0 0 0
1.57 0 0 0 0
1.57667 0 0 0 0
1.58333 0 0 0 0
1.59 0 0 0 0
1.59667 0 0 0 0
1.60333 0 0 0 0
1.61 0 0 0 0
1.61667 0 0 0 0
1.62333 0 0 0 0
1.63 0 0 0 0
1.63667 0 0 0 0
1.64333 0 0 0 0
1.65 0 0 0 0
1.65667 0 0 0 0
1.66333 0 0 0 0
1.67 0 0 0 0
1.67667 0 0 0 0
1.68333 0 0 0 0
1.69 0 0 0 0
1.69667 0 0 0 0
1.70333 0 0 0 0
1.71 0 0 0 0
1.71667 0 0 0 0
1.72333 0 0 0 0
1.73 0 0 0 0
1.73667 0 0 0 0
1.74333 0 0 0 0
1.75 0 0 0 0
1.75667 0 0 0 0
1.76333 0 0 0 0
1.77 0 0 0 0
1.77667 0 0 0 0
1.78333 0 0 0 0
1.79 0 0 0 0
1.79667 0 0 0 0
1.80333 0 0 0 0
1.81 0 0 0 0
1.81667 0 0 0 0
1.82333 0 0 0 0
1.83 0 0 0 0
1.83667 0 0 0 0
1.84333 0 0 0 0
1.85 0 0 0 0
1.85667 0 0 0 0
1.86333 0 0 0 0
1.87 0 0 0 0
1.87667 0 0 0 0
1.88333 0 0 0 0
1.89 0 0 0 0
1.89667 0 0 0 0
1.90333 0 0 0 0
1.91 0 0 0 0
1.91667 0 0 0 0
1.92333 0 0 0 0
1.93 0 0 0 0
1.93667 0 0 0 0
1.94333 0 0 0 0
1.95 0 0 0 0
1.95667 0 0 0 0
1.96333 0 0 0 0
1.97 0 0 0 0
1.97667 0 0 0 0
1.98333 0 0 0 0
1.99 0 0 0 0
1.99667 0 0 0 0
