0.00333333 0 1 70 13
0.01 0 0 71 14
0.0166667 1 2 74 17
0.0233333 1 1 77 21
0.03 1 0 75 24
0.0366667 0 2 65 21
0.0433333 1 2 88 32
0.05 0 1 96 51
0.0566667 0 3 102 51
0.0633333 2 3 134 74
0.07 1 1 125 74
0.0766667 0 4 113 67
0.0833333 1 5 140 62
0.09 0 6 132 82
0.0966667 0 6 126 67
0.103333 0 6 132 65
0.11 0 6 142 67
0.116667 1 4 142 55
0.123333 2 4 128 74
0.13 0 4 154 50
0.136667 2 6 139 46
0.143333 0 5 140 46
0.15 0 3 134 50
0.156667 0 2 155 44
0.163333 0 2 141 34
0.17 2 3 133 40
0.176667 0 4 127 41
0.183333 1 3 207 59
0.19 0 2 224 33
0.196667 1 5 204 38
0.203333 0 5 166 30
0.21 0 3 141 36
0.216667 0 2 161 28
0.223333 0 1 149 30
0.23 2 1 116 37
0.236667 2 1 122 38
0.243333 0 3 134 40
0.25 0 0 138 36
0.256667 1 5 119 28
0.263333 0 0 120 35
0.27 0 2 87 43
0.276667 1 1 106 38
0.283333 0 3 101 27
0.29 0 1 83 41
0.296667 0 3 85 34
0.303333 1 4 84 31
0.31 0 2 94 27
0.316667 1 4 90 29
0.323333 0 2 73 35
0.33 0 3 88 33
0.336667 0 3 80 35
0.343333 2 2 107 23
0.35 0 1 93 31
0.356667 0 6 84 32
0.363333 0 2 81 30
0.37 0 1 86 29
0.376667 0 3 73 17
0.383333 0 2 77 24
0.39 0 4 79 14
0.396667 0 3 62 32
0.403333 0 1 79 30
0.41 0 2 71 21
0.416667 0 1 73 26
0.423333 1 1 61 23
0.43 1 1 69 21
0.436667 0 2 68 18
0.443333 0 2 65 14
0.45 0 0 63 24
0.456667 0 2 73 19
0.463333 2 0 75 23
0.47 0 3 75 23
0.476667 0 3 57 26
0.483333 0 1 26 12
0.49 0 0 45 20
0.496667 0 4 38 16
0.503333 0 2 23 13
0.51 0 1 24 16
0.516667 0 0 27 10
0.523333 1 2 20 12
0.53 0 2 19 12
0.536667 0 2 18 14
0.543333 0 1 17 9
0.55 0 0 20 12
0.556667 0 1 17 23
0.563333 0 2 12 13
0.57 0 0 12 8
0.576667 2 1 8 14
0.583333 2 1 8 14
0.59 0 2 12 15
0.596667 1 4 9 13
0.603333 0 0 12 11
0.61 0 1 7 10
0.616667 0 1 13 8
0.623333 0 0 9 10
0.63 1 1 16 12
0.636667 0 0 18 17
0.643333 0 0 8 13
0.65 0 1 12 9
0.656667 0 0 4 12
0.663333 0 42 4147 355
0.67 0 0 0 0
0.676667 0 0 0 0
0.683333 0 0 0 0
0.69 0 0 0 0
0.696667 0 0 0 0
0.703333 0 0 0 0
0.71 0 0 0 0
0.716667 0 0 0 0
0.723333 0 0 0 0
0.73 0 0 0 0
0.736667 0 0 0 0
0.743333 0 0 0 0
0.75 0 0 0 0
0.756667 0 0 0 0
0.763333 0 0 0 0
0.77 0 0 0 0
0.776667 0 0 0 0
0.783333 0 0 0 0
0.79 0 0 0 0
0.796667 0 0 0 0
0.803333 0 0 0 0
0.81 0 0 0 0
0.816667 0 0 0 0
0.823333 0 0 0 0
0.83 0 0 0 0
0.836667 0 0 0 0
0.843333 0 0 0 0
0.85 0 0 0 0
0.856667 0 0 0 0
0.863333 0 0 0 0
0.87 0 0 0 0
0.876667 0 0 0 0
0.883333 0 0 0 0
0.89 0 0 0 0
0.896667 0 0 0 0
0.903333 0 0 0 0
0.91 0 0 0 0
0.916667 0 0 0 0
0.923333 0 0 0 0
0.93 0 0 0 0
0.936667 0 0 0 0
0.943333 0 0 0 0
0.95 0 0 0 0
0.956667 0 0 0 0
0.963333 0 0 0 0
0.97 0 0 0 0
0.976667 0 0 0 0
0.983333 0 0 0 0
0.99 0 0 0 0
0.996667 0 0 0 0
1.00333 0 0 0 0
1.01 0 0 0 0
1.01667 0 0 0 0
1.02333 0 0 0 0
1.03 0 0 0 0
1.03667 0 0 0 0
1.04333 0 0 0 0
1.05 0 0 0 0
1.05667 0 0 0 0
1.06333 0 0 0 0
1.07 0 0 0 0
1.07667 0 0 0 0
1.08333 0 0 0 0
1.09 0 0 0 0
1.09667 0 0 0 0
1.10333 0 0 0 0
1.11 0 0 0 0
1.11667 0 0 0 0
1.12333 0 0 0 0
1.13 0 0 0 0
1.13667 0 0 0 0
1.14333 0 0 0 0
1.15 0 0 0 0
1.15667 0 0 0 0
1.16333 0 0 0 0
1.17 0 0 0 0
1.17667 0 0 0 0
1.18333 0 0 0 0
1.19 0 0 0 0
1.19667 0 0 0 0
1.20333 0 0 0 0
1.21 0 0 0 0
1.21667 0 0 0 0
1.22333 0 0 0 0
1.23 0 0 0 0
1.23667 0 0 0 0
1.24333 0 0 0 0
1.25 0 0 0 0
1.25667 0 0 0 0
1.26333 0 0 0 0
1.27 0 0 0 0
1.27667 0 0 0 0
1.28333 0 0 0 0
1.29 0 0 0 0
1.29667 0 0 0 0
1.30333 0 0 0 0
1.31 0 0 0 0
1.31667 0 0 0 0
1.32333 0 0 0 0
1.33 0 0 0 0
1.33667 0 0 0 0
1.34333 0 0 0 0
1.35 0 0 0 0
1.35667 0 0 0 0
1.36333 0 0 0 0
1.37 0 0 0 0
1.37667 0 0 0 0
1.38333 0 0 0 0
1.39 0 0 0 0
1.39667 0 0 0 0
1.40333 0 0 0 0
1.41 0 0 0 0
1.41667 0 0 0 0
1.42333 0 0 0 0
1.43 0 0 0 0
1.43667 0 0 0 0
1.44333 0 0 0 0
1.45 0 0 0 0
1.45667 0 0 0 0
1.46333 0 0 0 0
1.47 0 0 0 0
1.47667 0 0 0 0
1.48333 0 0 0 0
1.49 0 0 0 0
1.49667 0 0 0 0
1.50333 0 0 0 0
1.51 0 0 0 0
1.51667 0 0 0 0
1.52333 0 0 0 0
1.53 0 0 0 0
1.53667 0 0 0 0
1.54333 0 0 0 0
1.55 0 0 0 0
1.55667 0 0 0 0
1.56333 0 0 0 0
1.57 0 0 0 0
1.57667 0 0 0 0
1.58333 0 0 0 0
1.59 0 0 0 0
1.59667 0 0 0 0
1.60333 0 0 0 0
1.61 0 0 0 0
1.61667 0 0 0 0
1.62333 0 0 0 0
1.63 0 0 0 0
1.63667 0 0 0 0
1.64333 0 0 0 0
1.65 0 0 0 0
1.65667 0 0 0 0
1.66333 0 0 0 0
1.67 0 0 0 0
1.67667 0 0 0 0
1.68333 0 0 0 0
1.69 0 0 0 0
1.69667 0 0 0 0
1.70333 0 0 0 0
1.71 0 0 0 0
1.71667 0 0 0 0
1.72333 0 0 0 0
1.73 0 0 0 0
1.73667 0 0 0 0
1.74333 0 0 0 0
1.75 0 0 0 0
1.75667 0 0 0 0
1.76333 0 0 0 0
1.77 0 0 0 0
1.77667 0 0 0 0
1.78333 0 0 0 0
1.79 0 0 0 0
1.79667 0 0 0 0
1.80333 0 0 0 0
1.81 0 0 0 0
1.81667 0 0 0 0
1.82333 0 0 0 0
1.83 0 0 0 0
1.83667 0 0 0 0
1.84333 0 0 0 0
1.85 0 0 0 0
1.85667 0 0 0 0
1.86333 0 0 0 0
1.87 0 0 0 0
1.87667 0 0 0 0
1.88333 0 0 0 0
1.89 0 0 0 0
1.89667 0 0 0 0
1.90333 0 0 0 0
1.91 0 0 0 0
1.91667 0 0 0 0
1.92333 0 0 0 0
1.93 0 0 0 0
1.93667 0 0 0 0
1.94333 0 0 0 0
1.95 0 0 0 0
1.95667 0 0 0 0
1.96333 0 0 0 0
1.97 0 0 0 0
1.97667 0 0 0 0
1.98333 0 0 0 0
1.99 0 0 0 0
1.99667 0 0 0 0
