0.00333333 2 4 174 11
0.01 0 4 165 7
0.0166667 2 7 174 17
0.0233333 0 8 170 15
0.03 1 6 177 18
0.0366667 1 4 193 19
0.0433333 3 7 224 36
0.05 4 7 254 44
0.0566667 2 15 321 40
0.0633333 4 15 359 50
0.07 1 19 311 50
0.0766667 1 14 361 50
0.0833333 3 16 400 45
0.09 3 24 401 50
0.0966667 0 14 378 52
0.103333 2 14 375 49
0.11 2 20 448 66
0.116667 3 19 415 52
0.123333 5 13 449 37
0.13 2 19 429 46
0.136667 4 8 453 50
0.143333 5 15 470 60
0.15 4 14 449 27
0.156667 0 7 429 37
0.163333 3 15 413 39
0.17 4 16 402 22
0.176667 1 17 407 36
0.183333 1 16 519 38
0.19 2 13 576 29
0.196667 3 11 568 27
0.203333 2 11 545 26
0.21 6 9 502 24
0.216667 2 11 464 30
0.223333 3 8 464 36
0.23 1 9 383 23
0.236667 3 7 398 31
0.243333 2 4 361 24
0.25 4 9 328 27
0.256667 0 9 322 26
0.263333 3 7 307 34
0.27 0 7 290 29
0.276667 0 7 248 18
0.283333 4 3 299 20
0.29 1 11 242 29
0.296667 0 9 241 18
0.303333 2 5 210 20
0.31 1 4 236 24
0.316667 1 4 215 18
0.323333 0 7 211 17
0.33 0 3 202 22
0.336667 1 2 205 21
0.343333 4 8 217 15
0.35 0 10 196 26
0.356667 2 6 209 20
0.363333 0 7 199 20
0.37 0 8 193 17
0.376667 0 0 216 20
0.383333 1 4 189 19
0.39 0 2 208 21
0.396667 0 7 182 16
0.403333 1 7 187 18
0.41 0 3 190 15
0.416667 1 2 173 19
0.423333 1 10 187 10
0.43 2 3 171 13
0.436667 2 3 178 9
0.443333 1 9 175 16
0.45 0 5 179 16
0.456667 1 5 184 15
0.463333 0 1 186 16
0.47 2 7 194 13
0.476667 1 3 166 14
0.483333 1 3 85 7
0.49 1 3 86 4
0.496667 0 2 77 10
0.503333 1 1 72 12
0.51 2 2 66 10
0.516667 0 3 80 8
0.523333 1 3 55 16
0.53 0 0 62 10
0.536667 0 0 64 14
0.543333 1 1 74 11
0.55 1 2 56 11
0.556667 1 5 65 9
0.563333 2 9 63 11
0.57 1 0 74 8
0.576667 2 4 52 7
0.583333 1 3 69 7
0.59 0 2 51 8
0.596667 0 2 62 7
0.603333 0 3 36 6
0.61 2 4 65 10
0.616667 0 4 40 8
0.623333 1 4 50 4
0.63 0 3 50 10
0.636667 0 2 73 7
0.643333 0 4 47 4
0.65 1 2 42 3
0.656667 0 4 49 10
0.663333 11 70 9538 225
0.67 0 0 0 0
0.676667 0 0 0 0
0.683333 0 0 0 0
0.69 0 0 0 0
0.696667 0 0 0 0
0.703333 0 0 0 0
0.71 0 0 0 0
0.716667 0 0 0 0
0.723333 0 0 0 0
0.73 0 0 0 0
0.736667 0 0 0 0
0.743333 0 0 0 0
0.75 0 0 0 0
0.756667 0 0 0 0
0.763333 0 0 0 0
0.77 0 0 0 0
0.776667 0 0 0 0
0.783333 0 0 0 0
0.79 0 0 0 0
0.796667 0 0 0 0
0.803333 0 0 0 0
0.81 0 0 0 0
0.816667 0 0 0 0
0.823333 0 0 0 0
0.83 0 0 0 0
0.836667 0 0 0 0
0.843333 0 0 0 0
0.85 0 0 0 0
0.856667 0 0 0 0
0.863333 0 0 0 0
0.87 0 0 0 0
0.876667 0 0 0 0
0.883333 0 0 0 0
0.89 0 0 0 0
0.896667 0 0 0 0
0.903333 0 0 0 0
0.91 0 0 0 0
0.916667 0 0 0 0
0.923333 0 0 0 0
0.93 0 0 0 0
0.936667 0 0 0 0
0.943333 0 0 0 0
0.95 0 0 0 0
0.956667 0 0 0 0
0.963333 0 0 0 0
0.97 0 0 0 0
0.976667 0 0 0 0
0.983333 0 0 0 0
0.99 0 0 0 0
0.996667 0 0 0 0
1.00333 0 0 0 0
1.01 0 0 0 0
1.01667 0 0 0 0
1.02333 0 0 0 0
1.03 0 0 0 0
1.03667 0 0 0 0
1.04333 0 0 0 0
1.05 0 0 0 0
1.05667 0 0 0 0
1.06333 0 0 0 0
1.07 0 0 0 0
1.07667 0 0 0 0
1.08333 0 0 0 0
1.09 0 0 0 0
1.09667 0 0 0 0
1.10333 0 0 0 0
1.11 0 0 0 0
1.11667 0 0 0 0
1.12333 0 0 0 0
1.13 0 0 0 0
1.13667 0 0 0 0
1.14333 0 0 0 0
1.15 0 0 0 0
1.15667 0 0 0 0
1.16333 0 0 0 0
1.17 0 0 0 0
1.17667 0 0 0 0
1.18333 0 0 0 0
1.19 0 0 0 0
1.19667 0 0 0 0
1.20333 0 0 0 0
1.21 0 0 0 0
1.21667 0 0 0 0
1.22333 0 0 0 0
1.23 0 0 0 0
1.23667 0 0 0 0
1.24333 0 0 0 0
1.25 0 0 0 0
1.25667 0 0 0 0
1.26333 0 0 0 0
1.27 0 0 0 0
1.27667 0 0 0 0
1.28333 0 0 0 0
1.29 0 0 0 0
1.29667 0 0 0 0
1.30333 0 0 0 0
1.31 0 0 0 0
1.31667 0 0 0 0
1.32333 0 0 0 0
1.33 0 0 0 0
1.33667 0 0 0 0
1.34333 0 0 0 0
1.35 0 0 0 0
1.35667 0 0 0 0
1.36333 0 0 0 0
1.37 0 0 0 0
1.37667 0 0 0 0
1.38333 0 0 0 0
1.39 0 0 0 0
1.39667 0 0 0 0
1.40333 0 0 0 0
1.41 0 0 0 0
1.41667 0 0 0 0
1.42333 0 0 0 0
1.43 0 0 0 0
1.43667 0 0 0 0
1.44333 0 0 0 0
1.45 0 0 0 0
1.45667 0 0 0 0
1.46333 0 0 0 0
1.47 0 0 0 0
1.47667 0 0 0 0
1.48333 0 0 0 0
1.49 0 0 0 0
1.49667 0 0 0 0
1.50333 0 0 0 0
1.51 0 0 0 0
1.51667 0 0 0 0
1.52333 0 0 0 0
1.53 0 0 0 0
1.53667 0 0 0 0
1.54333 0 0 0 0
1.55 0 0 0 0
1.55667 0 0 0 0
1.56333 0 0 0 0
1.57 0 0 0 0
1.57667 0 0 0 0
1.58333 0 0 0 0
1.59 0 0 0 0
1.59667 0 0 0 0
1.60333 0 0 0 0
1.61 0 0 0 0
1.61667 0 0 0 0
1.62333 0 0 0 0
1.63 0 0 0 0
1.63667 0 0 0 0
1.64333 0 0 0 0
1.65 0 0 0 0
1.65667 0 0 0 0
1.66333 0 0 0 0
1.67 0 0 0 0
1.67667 0 0 0 0
1.68333 0 0 0 0
1.69 0 0 0 0
1.69667 0 0 0 0
1.70333 0 0 0 0
1.71 0 0 0 0
1.71667 0 0 0 0
1.72333 0 0 0 0
1.73 0 0 0 0
1.73667 0 0 0 0
1.74333 0 0 0 0
1.75 0 0 0 0
1.75667 0 0 0 0
1.76333 0 0 0 0
1.77 0 0 0 0
1.77667 0 0 0 0
1.78333 0 0 0 0
1.79 0 0 0 0
1.79667 0 0 0 0
1.80333 0 0 0 0
1.81 0 0 0 0
1.81667 0 0 0 0
1.82333 0 0 0 0
1.83 0 0 0 0
1.83667 0 0 0 0
1.84333 0 0 0 0
1.85 0 0 0 0
1.85667 0 0 0 0
1.86333 0 0 0 0
1.87 0 0 0 0
1.87667 0 0 0 0
1.88333 0 0 0 0
1.89 0 0 0 0
1.89667 0 0 0 0
1.90333 0 0 0 0
1.91 0 0 0 0
1.91667 0 0 0 0
1.92333 0 0 0 0
1.93 0 0 0 0
1.93667 0 0 0 0
1.94333 0 0 0 0
1.95 0 0 0 0
1.95667 0 0 0 0
1.96333 0 0 0 0
1.97 0 0 0 0
1.97667 0 0 0 0
1.98333 0 0 0 0
1.99 0 0 0 0
1.99667 0 0 0 0
