0.00333333 33 81 1 0
0.01 52 128 3 2
0.0166667 45 110 3 3
0.0233333 48 120 1 1
0.03 46 138 6 0
0.0366667 64 137 5 3
0.0433333 97 189 7 1
0.05 101 231 10 3
0.0566667 127 249 14 2
0.0633333 131 249 22 9
0.07 159 312 11 4
0.0766667 150 352 15 0
0.0833333 159 354 15 5
0.09 151 357 15 4
0.0966667 161 355 16 4
0.103333 136 348 8 4
0.11 143 350 14 1
0.116667 142 351 16 5
0.123333 128 361 11 5
0.13 155 368 13 3
0.136667 119 305 4 5
0.143333 124 302 11 0
0.15 130 337 8 2
0.156667 120 326 11 4
0.163333 107 327 12 4
0.17 107 288 12 1
0.176667 101 285 9 2
0.183333 106 309 8 3
0.19 100 391 7 6
0.196667 108 352 10 1
0.203333 135 375 7 2
0.21 125 322 8 1
0.216667 84 310 13 3
0.223333 89 313 12 4
0.23 74 265 13 2
0.236667 81 254 7 2
0.243333 80 248 8 3
0.25 86 243 6 0
0.256667 76 226 7 1
0.263333 88 201 7 3
0.27 71 206 7 3
0.276667 73 194 4 2
0.283333 71 184 1 0
0.29 63 162 5 1
0.296667 61 169 3 3
0.303333 57 153 4 2
0.31 47 161 10 0
0.316667 66 129 6 2
0.323333 65 142 7 2
0.33 48 142 7 3
0.336667 57 150 6 2
0.343333 58 122 3 0
0.35 55 138 4 0
0.356667 49 158 3 1
0.363333 52 135 9 0
0.37 49 131 5 2
0.376667 47 137 4 1
0.383333 42 122 4 2
0.39 37 112 9 2
0.396667 45 115 3 0
0.403333 61 119 8 0
0.41 44 130 5 3
0.416667 50 114 3 0
0.423333 49 125 5 1
0.43 39 111 6 3
0.436667 43 135 4 2
0.443333 46 95 4 1
0.45 39 95 6 2
0.456667 38 135 5 1
0.463333 44 133 9 2
0.47 49 117 5 2
0.476667 43 95 4 1
0.483333 29 71 2 0
0.49 36 64 6 1
0.496667 26 49 1 1
0.503333 27 47 3 0
0.51 21 61 3 0
0.516667 22 55 9 0
0.523333 26 53 1 0
0.53 18 60 0 0
0.536667 20 61 2 1
0.543333 27 39 8 0
0.55 24 34 1 0
0.556667 21 59 2 1
0.563333 21 50 3 1
0.57 18 40 2 1
0.576667 21 48 4 1
0.583333 34 45 2 0
0.59 16 56 2 1
0.596667 17 47 2 1
0.603333 21 60 4 1
0.61 21 45 3 3
0.616667 15 40 2 2
0.623333 21 36 3 1
0.63 18 39 5 1
0.636667 15 62 2 0
0.643333 20 34 8 1
0.65 15 35 2 1
0.656667 19 40 0 0
0.663333 1107 4702 81 23
0.67 0 0 0 0
0.676667 0 0 0 0
0.683333 0 0 0 0
0.69 0 0 0 0
0.696667 0 0 0 0
0.703333 0 0 0 0
0.71 0 0 0 0
0.716667 0 0 0 0
0.723333 0 0 0 0
0.73 0 0 0 0
0.736667 0 0 0 0
0.743333 0 0 0 0
0.75 0 0 0 0
0.756667 0 0 0 0
0.763333 0 0 0 0
0.77 0 0 0 0
0.776667 0 0 0 0
0.783333 0 0 0 0
0.79 0 0 0 0
0.796667 0 0 0 0
0.803333 0 0 0 0
0.81 0 0 0 0
0.816667 0 0 0 0
0.823333 0 0 0 0
0.83 0 0 0 0
0.836667 0 0 0 0
0.843333 0 0 0 0
0.85 0 0 0 0
0.856667 0 0 0 0
0.863333 0 0 0 0
0.87 0 0 0 0
0.876667 0 0 0 0
0.883333 0 0 0 0
0.89 0 0 0 0
0.896667 0 0 0 0
0.903333 0 0 0 0
0.91 0 0 0 0
0.916667 0 0 0 0
0.923333 0 0 0 0
0.93 0 0 0 0
0.936667 0 0 0 0
0.943333 0 0 0 0
0.95 0 0 0 0
0.956667 0 0 0 0
0.963333 0 0 0 0
0.97 0 0 0 0
0.976667 0 0 0 0
0.983333 0 0 0 0
0.99 0 0 0 0
0.996667 0 0 0 0
1.00333 0 0 0 0
1.01 0 0 0 0
1.01667 0 0 0 0
1.02333 0 0 0 0
1.03 0 0 0 0
1.03667 0 0 0 0
1.04333 0 0 0 0
1.05 0 0 0 0
1.05667 0 0 0 0
1.06333 0 0 0 0
1.07 0 0 0 0
1.07667 0 0 0 0
1.08333 0 0 0 0
1.09 0 0 0 0
1.09667 0 0 0 0
1.10333 0 0 0 0
1.11 0 0 0 0
1.11667 0 0 0 0
1.12333 0 0 0 0
1.13 0 0 0 0
1.13667 0 0 0 0
1.14333 0 0 0 0
1.15 0 0 0 0
1.15667 0 0 0 0
1.16333 0 0 0 0
1.17 0 0 0 0
1.17667 0 0 0 0
1.18333 0 0 0 0
1.19 0 0 0 0
1.19667 0 0 0 0
1.20333 0 0 0 0
1.21 0 0 0 0
1.21667 0 0 0 0
1.22333 0 0 0 0
1.23 0 0 0 0
1.23667 0 0 0 0
1.24333 0 0 0 0
1.25 0 0 0 0
1.25667 0 0 0 0
1.26333 0 0 0 0
1.27 0 0 0 0
1.27667 0 0 0 0
1.28333 0 0 0 0
1.29 0 0 0 0
1.29667 0 0 0 0
1.30333 0 0 0 0
1.31 0 0 0 0
1.31667 0 0 0 0
1.32333 0 0 0 0
1.33 0 0 0 0
1.33667 0 0 0 0
1.34333 0 0 0 0
1.35 0 0 0 0
1.35667 0 0 0 0
1.36333 0 0 0 0
1.37 0 0 0 0
1.37667 0 0 0 0
1.38333 0 0 0 0
1.39 0 0 0 0
1.39667 0 0 0 0
1.40333 0 0 0 0
1.41 0 0 0 0
1.41667 0 0 0 0
1.42333 0 0 0 0
1.43 0 0 0 0
1.43667 0 0 0 0
1.44333 0 0 0 0
1.45 0 0 0 0
1.45667 0 0 0 0
1.46333 0 0 0 0
1.47 0 0 0 0
1.47667 0 0 0 0
1.48333 0 0 0 0
1.49 0 0 0 0
1.49667 0 0 0 0
1.50333 0 0 0 0
1.51 0 0 0 0
1.51667 0 0 0 0
1.52333 0 0 0 0
1.53 0 0 0 0
1.53667 0 0 0 0
1.54333 0 0 0 0
1.55 0 0 0 0
1.55667 0 0 0 0
1.56333 0 0 0 0
1.57 0 0 0 0
1.57667 0 0 0 0
1.58333 0 0 0 0
1.59 0 0 0 0
1.59667 0 0 0 0
1.60333 0 0 0 0
1.61 0 0 0 0
1.61667 0 0 0 0
1.62333 0 0 0 0
1.63 0 0 0 0
1.63667 0 0 0 0
1.64333 0 0 0 0
1.65 0 0 0 0
1.65667 0 0 0 0
1.66333 0 0 0 0
1.67 0 0 0 0
1.67667 0 0 0 0
1.68333 0 0 0 0
1.69 0 0 0 0
1.69667 0 0 0 0
1.70333 0 0 0 0
1.71 0 0 0 0
1.71667 0 0 0 0
1.72333 0 0 0 0
1.73 0 0 0 0
1.73667 0 0 0 0
1.74333 0 0 0 0
1.75 0 0 0 0
1.75667 0 0 0 0
1.76333 0 0 0 0
1.77 0 0 0 0
1.77667 0 0 0 0
1.78333 0 0 0 0
1.79 0 0 0 0
1.79667 0 0 0 0
1.80333 0 0 0 0
1.81 0 0 0 0
1.81667 0 0 0 0
1.82333 0 0 0 0
1.83 0 0 0 0
1.83667 0 0 0 0
1.84333 0 0 0 0
1.85 0 0 0 0
1.85667 0 0 0 0
1.86333 0 0 0 0
1.87 0 0 0 0
1.87667 0 0 0 0
1.88333 0 0 0 0
1.89 0 0 0 0
1.89667 0 0 0 0
1.90333 0 0 0 0
1.91 0 0 0 0
1.91667 0 0 0 0
1.92333 0 0 0 0
1.93 0 0 0 0
1.93667 0 0 0 0
1.94333 0 0 0 0
1.95 0 0 0 0
1.95667 0 0 0 0
1.96333 0 0 0 0
1.97 0 0 0 0
1.97667 0 0 0 0
1.98333 0 0 0 0
1.99 0 0 0 0
1.99667 0 0 0 0
