0.00333333 0 0 25 20
0.01 1 0 34 27
0.0166667 1 0 39 26
0.0233333 0 0 33 28
0.03 0 2 37 35
0.0366667 0 1 50 48
0.0433333 0 1 53 58
0.05 0 1 68 61
0.0566667 0 3 79 87
0.0633333 0 5 76 77
0.07 1 2 83 107
0.0766667 0 4 78 100
0.0833333 1 7 84 116
0.09 1 2 91 95
0.0966667 1 5 106 107
0.103333 0 3 76 107
0.11 0 8 98 90
0.116667 1 4 123 116
0.123333 1 4 85 128
0.13 1 3 103 107
0.136667 0 0 73 86
0.143333 1 1 103 80
0.15 1 3 94 100
0.156667 0 3 81 69
0.163333 0 5 80 70
0.17 0 5 74 48
0.176667 1 2 70 72
0.183333 1 0 93 73
0.19 2 3 98 71
0.196667 0 5 72 81
0.203333 0 1 87 66
0.21 0 1 80 71
0.216667 1 5 56 77
0.223333 0 3 65 53
0.23 0 2 75 48
0.236667 0 1 72 54
0.243333 0 6 74 44
0.25 0 5 73 59
0.256667 0 4 57 50
0.263333 0 1 62 51
0.27 1 4 62 62
0.276667 0 4 49 65
0.283333 0 1 55 41
0.29 0 3 58 55
0.296667 0 5 47 40
0.303333 0 4 55 38
0.31 0 1 38 54
0.316667 0 2 39 38
0.323333 0 2 52 47
0.33 0 2 48 40
0.336667 0 1 45 55
0.343333 1 3 66 52
0.35 0 2 41 31
0.356667 0 2 43 43
0.363333 0 1 42 40
0.37 0 5 35 35
0.376667 0 4 35 34
0.383333 2 3 41 47
0.39 0 4 35 34
0.396667 1 2 32 33
0.403333 0 2 43 35
0.41 0 0 36 35
0.416667 3 2 40 31
0.423333 0 1 26 43
0.43 0 2 35 36
0.436667 0 1 39 33
0.443333 0 2 34 32
0.45 0 0 30 30
0.456667 0 2 34 34
0.463333 0 1 30 28
0.47 0 0 36 27
0.476667 0 1 38 26
0.483333 0 0 18 28
0.49 0 1 25 19
0.496667 0 0 22 28
0.503333 0 1 24 27
0.51 0 1 29 14
0.516667 0 1 19 26
0.523333 0 2 24 16
0.53 0 1 22 15
0.536667 0 2 16 28
0.543333 1 1 20 14
0.55 0 1 20 24
0.556667 0 1 13 19
0.563333 0 1 15 13
0.57 0 2 20 24
0.576667 1 2 18 15
0.583333 0 4 22 18
0.59 0 2 13 16
0.596667 1 1 15 14
0.603333 0 2 7 18
0.61 0 3 14 16
0.616667 0 1 20 17
0.623333 1 2 15 13
0.63 0 2 15 18
0.636667 1 0 12 22
0.643333 0 1 10 10
0.65 0 2 19 17
0.656667 0 1 16 11
0.663333 0 28 1112 676
0.67 0 0 0 0
0.676667 0 0 0 0
0.683333 0 0 0 0
0.69 0 0 0 0
0.696667 0 0 0 0
0.703333 0 0 0 0
0.71 0 0 0 0
0.716667 0 0 0 0
0.723333 0 0 0 0
0.73 0 0 0 0
0.736667 0 0 0 0
0.743333 0 0 0 0
0.75 0 0 0 0
0.756667 0 0 0 0
0.763333 0 0 0 0
0.77 0 0 0 0
0.776667 0 0 0 0
0.783333 0 0 0 0
0.79 0 0 0 0
0.796667 0 0 0 0
0.803333 0 0 0 0
0.81 0 0 0 0
0.816667 0 0 0 0
0.823333 0 0 0 0
0.83 0 0 0 0
0.836667 0 0 0 0
0.843333 0 0 0 0
0.85 0 0 0 0
0.856667 0 0 0 0
0.863333 0 0 0 0
0.87 0 0 0 0
0.876667 0 0 0 0
0.883333 0 0 0 0
0.89 0 0 0 0
0.896667 0 0 0 0
0.903333 0 0 0 0
0.91 0 0 0 0
0.916667 0 0 0 0
0.923333 0 0 0 0
0.93 0 0 0 0
0.936667 0 0 0 0
0.943333 0 0 0 0
0.95 0 0 0 0
0.956667 0 0 0 0
0.963333 0 0 0 0
0.97 0 0 0 0
0.976667 0 0 0 0
0.983333 0 0 0 0
0.99 0 0 0 0
0.996667 0 0 0 0
1.00333 0 0 0 0
1.01 0 0 0 0
1.01667 0 0 0 0
1.02333 0 0 0 0
1.03 0 0 0 0
1.03667 0 0 0 0
1.04333 0 0 0 0
1.05 0 0 0 0
1.05667 0 0 0 0
1.06333 0 0 0 0
1.07 0 0 0 0
1.07667 0 0 0 0
1.08333 0 0 0 0
1.09 0 0 0 0
1.09667 0 0 0 0
1.10333 0 0 0 0
1.11 0 0 0 0
1.11667 0 0 0 0
1.12333 0 0 0 0
1.13 0 0 0 0
1.13667 0 0 0 0
1.14333 0 0 0 0
1.15 0 0 0 0
1.15667 0 0 0 0
1.16333 0 0 0 0
1.17 0 0 0 0
1.17667 0 0 0 0
1.18333 0 0 0 0
1.19 0 0 0 0
1.19667 0 0 0 0
1.20333 0 0 0 0
1.21 0 0 0 0
1.21667 0 0 0 0
1.22333 0 0 0 0
1.23 0 0 0 0
1.23667 0 0 0 0
1.24333 0 0 0 0
1.25 0 0 0 0
1.25667 0 0 0 0
1.26333 0 0 0 0
1.27 0 0 0 0
1.27667 0 0 0 0
1.28333 0 0 0 0
1.29 0 0 0 0
1.29667 0 0 0 0
1.30333 0 0 0 0
1.31 0 0 0 0
1.31667 0 0 0 0
1.32333 0 0 0 0
1.33 0 0 0 0
1.33667 0 0 0 0
1.34333 0 0 0 0
1.35 0 0 0 0
1.35667 0 0 0 0
1.36333 0 0 0 0
1.37 0 0 0 0
1.37667 0 0 0 0
1.38333 0 0 0 0
1.39 0 0 0 0
1.39667 0 0 0 0
1.40333 0 0 0 0
1.41 0 0 0 0
1.41667 0 0 0 0
1.42333 0 0 0 0
1.43 0 0 0 0
1.43667 0 0 0 0
1.44333 0 0 0 0
1.45 0 0 0 0
1.45667 0 0 0 0
1.46333 0 0 0 0
1.47 0 0 0 0
1.47667 0 0 0 0
1.48333 0 0 0 0
1.49 0 0 0 0
1.49667 0 0 0 0
1.50333 0 0 0 0
1.51 0 0 0 0
1.51667 0 0 0 0
1.52333 0 0 0 0
1.53 0 0 0 0
1.53667 0 0 0 0
1.54333 0 0 0 0
1.55 0 0 0 0
1.55667 0 0 0 0
1.56333 0 0 0 0
1.57 0 0 0 0
1.57667 0 0 0 0
1.58333 0 0 0 0
1.59 0 0 0 0
1.59667 0 0 0 0
1.60333 0 0 0 0
1.61 0 0 0 0
1.61667 0 0 0 0
1.62333 0 0 0 0
1.63 0 0 0 0
1.63667 0 0 0 0
1.64333 0 0 0 0
1.65 0 0 0 0
1.65667 0 0 0 0
1.66333 0 0 0 0
1.67 0 0 0 0
1.67667 0 0 0 0
1.68333 0 0 0 0
1.69 0 0 0 0
1.69667 0 0 0 0
1.70333 0 0 0 0
1.71 0 0 0 0
1.71667 0 0 0 0
1.72333 0 0 0 0
1.73 0 0 0 0
1.73667 0 0 0 0
1.74333 0 0 0 0
1.75 0 0 0 0
1.75667 0 0 0 0
1.76333 0 0 0 0
1.77 0 0 0 0
1.77667 0 0 0 0
1.78333 0 0 0 0
1.79 0 0 0 0
1.79667 0 0 0 0
1.80333 0 0 0 0
1.81 0 0 0 0
1.81667 0 0 0 0
1.82333 0 0 0 0
1.83 0 0 0 0
1.83667 0 0 0 0
1.84333 0 0 0 0
1.85 0 0 0 0
1.85667 0 0 0 0
1.86333 0 0 0 0
1.87 0 0 0 0
1.87667 0 0 0 0
1.88333 0 0 0 0
1.89 0 0 0 0
1.89667 0 0 0 0
1.90333 0 0 0 0
1.91 0 0 0 0
1.91667 0 0 0 0
1.92333 0 0 0 0
1.93 0 0 0 0
1.93667 0 0 0 0
1.94333 0 0 0 0
1.95 0 0 0 0
1.95667 0 0 0 0
1.96333 0 0 0 0
1.97 0 0 0 0
1.97667 0 0 0 0
1.98333 0 0 0 0
1.99 0 0 0 0
1.99667 0 0 0 0
