0.00333333 0 17 121 4
0.01 3 13 118 9
0.0166667 0 21 109 15
0.0233333 0 6 131 17
0.03 2 16 133 13
0.0366667 1 12 156 20
0.0433333 1 21 143 19
0.05 1 19 169 32
0.0566667 2 16 208 28
0.0633333 2 18 202 27
0.07 3 17 201 37
0.0766667 3 25 214 42
0.0833333 1 27 233 42
0.09 1 30 270 44
0.0966667 1 26 246 29
0.103333 3 26 256 43
0.11 4 26 259 26
0.116667 2 29 280 40
0.123333 2 33 261 34
0.13 3 32 293 28
0.136667 0 31 273 19
0.143333 4 27 261 38
0.15 0 37 254 21
0.156667 0 33 268 26
0.163333 1 28 253 18
0.17 1 31 257 17
0.176667 2 31 246 26
0.183333 1 34 295 21
0.19 1 30 342 30
0.196667 0 34 345 22
0.203333 1 33 347 19
0.21 2 36 334 22
0.216667 1 37 268 24
0.223333 1 24 326 20
0.23 2 30 272 27
0.236667 1 26 265 20
0.243333 2 28 242 14
0.25 0 23 238 13
0.256667 3 32 229 21
0.263333 0 25 225 25
0.27 0 28 189 14
0.276667 1 20 201 14
0.283333 4 27 209 15
0.29 1 17 212 16
0.296667 2 16 192 19
0.303333 1 18 156 24
0.31 1 15 181 14
0.316667 3 22 182 9
0.323333 3 15 167 17
0.33 1 26 144 11
0.336667 1 17 164 12
0.343333 0 16 136 17
0.35 1 26 184 9
0.356667 0 22 163 17
0.363333 1 14 131 8
0.37 0 16 154 15
0.376667 1 15 163 17
0.383333 2 16 143 20
0.39 0 23 142 15
0.396667 2 16 135 21
0.403333 1 17 139 15
0.41 0 17 139 9
0.416667 0 20 126 16
0.423333 2 19 124 10
0.43 0 17 131 14
0.436667 2 22 134 19
0.443333 2 25 165 10
0.45 2 19 132 15
0.456667 1 15 138 7
0.463333 1 20 149 10
0.47 1 21 127 9
0.476667 1 14 121 11
0.483333 0 5 85 7
0.49 0 7 83 10
0.496667 1 8 59 10
0.503333 0 11 64 7
0.51 0 5 67 13
0.516667 1 6 46 12
0.523333 1 6 59 6
0.53 0 7 57 16
0.536667 0 6 39 9
0.543333 0 3 50 14
0.55 1 8 50 9
0.556667 0 8 51 6
0.563333 1 6 44 11
0.57 1 8 37 7
0.576667 0 10 45 7
0.583333 1 7 46 3
0.59 0 6 57 10
0.596667 1 3 47 8
0.603333 3 6 43 7
0.61 1 11 53 11
0.616667 4 7 36 15
0.623333 0 7 36 9
0.63 1 4 44 6
0.636667 2 10 60 5
0.643333 0 4 28 5
0.65 2 5 40 4
0.656667 0 6 32 5
0.663333 13 693 6515 206
0.67 0 0 0 0
0.676667 0 0 0 0
0.683333 0 0 0 0
0.69 0 0 0 0
0.696667 0 0 0 0
0.703333 0 0 0 0
0.71 0 0 0 0
0.716667 0 0 0 0
0.723333 0 0 0 0
0.73 0 0 0 0
0.736667 0 0 0 0
0.743333 0 0 0 0
0.75 0 0 0 0
0.756667 0 0 0 0
0.763333 0 0 0 0
0.77 0 0 0 0
0.776667 0 0 0 0
0.783333 0 0 0 0
0.79 0 0 0 0
0.796667 0 0 0 0
0.803333 0 0 0 0
0.81 0 0 0 0
0.816667 0 0 0 0
0.823333 0 0 0 0
0.83 0 0 0 0
0.836667 0 0 0 0
0.843333 0 0 0 0
0.85 0 0 0 0
0.856667 0 0 0 0
0.863333 0 0 0 0
0.87 0 0 0 0
0.876667 0 0 0 0
0.883333 0 0 0 0
0.89 0 0 0 0
0.896667 0 0 0 0
0.903333 0 0 0 0
0.91 0 0 0 0
0.916667 0 0 0 0
0.923333 0 0 0 0
0.93 0 0 0 0
0.936667 0 0 0 0
0.943333 0 0 0 0
0.95 0 0 0 0
0.956667 0 0 0 0
0.963333 0 0 0 0
0.97 0 0 0 0
0.976667 0 0 0 0
0.983333 0 0 0 0
0.99 0 0 0 0
0.996667 0 0 0 0
1.00333 0 0 0 0
1.01 0 0 0 0
1.01667 0 0 0 0
1.02333 0 0 0 0
1.03 0 0 0 0
1.03667 0 0 0 0
1.04333 0 0 0 0
1.05 0 0 0 0
1.05667 0 0 0 0
1.06333 0 0 0 0
1.07 0 0 0 0
1.07667 0 0 0 0
1.08333 0 0 0 0
1.09 0 0 0 0
1.09667 0 0 0 0
1.10333 0 0 0 0
1.11 0 0 0 0
1.11667 0 0 0 0
1.12333 0 0 0 0
1.13 0 0 0 0
1.13667 0 0 0 0
1.14333 0 0 0 0
1.15 0 0 0 0
1.15667 0 0 0 0
1.16333 0 0 0 0
1.17 0 0 0 0
1.17667 0 0 0 0
1.18333 0 0 0 0
1.19 0 0 0 0
1.19667 0 0 0 0
1.20333 0 0 0 0
1.21 0 0 0 0
1.21667 0 0 0 0
1.22333 0 0 0 0
1.23 0 0 0 0
1.23667 0 0 0 0
1.24333 0 0 0 0
1.25 0 0 0 0
1.25667 0 0 0 0
1.26333 0 0 0 0
1.27 0 0 0 0
1.27667 0 0 0 0
1.28333 0 0 0 0
1.29 0 0 0 0
1.29667 0 0 0 0
1.30333 0 0 0 0
1.31 0 0 0 0
1.31667 0 0 0 0
1.32333 0 0 0 0
1.33 0 0 0 0
1.33667 0 0 0 0
1.34333 0 0 0 0
1.35 0 0 0 0
1.35667 0 0 0 0
1.36333 0 0 0 0
1.37 0 0 0 0
1.37667 0 0 0 0
1.38333 0 0 0 0
1.39 0 0 0 0
1.39667 0 0 0 0
1.40333 0 0 0 0
1.41 0 0 0 0
1.41667 0 0 0 0
1.42333 0 0 0 0
1.43 0 0 0 0
1.43667 0 0 0 0
1.44333 0 0 0 0
1.45 0 0 0 0
1.45667 0 0 0 0
1.46333 0 0 0 0
1.47 0 0 0 0
1.47667 0 0 0 0
1.48333 0 0 0 0
1.49 0 0 0 0
1.49667 0 0 0 0
1.50333 0 0 0 0
1.51 0 0 0 0
1.51667 0 0 0 0
1.52333 0 0 0 0
1.53 0 0 0 0
1.53667 0 0 0 0
1.54333 0 0 0 0
1.55 0 0 0 0
1.55667 0 0 0 0
1.56333 0 0 0 0
1.57 0 0 0 0
1.57667 0 0 0 0
1.58333 0 0 0 0
1.59 0 0 0 0
1.59667 0 0 0 0
1.60333 0 0 0 0
1.61 0 0 0 0
1.61667 0 0 0 0
1.62333 0 0 0 0
1.63 0 0 0 0
1.63667 0 0 0 0
1.64333 0 0 0 0
1.65 0 0 0 0
1.65667 0 0 0 0
1.66333 0 0 0 0
1.67 0 0 0 0
1.67667 0 0 0 0
1.68333 0 0 0 0
1.69 0 0 0 0
1.69667 0 0 0 0
1.70333 0 0 0 0
1.71 0 0 0 0
1.71667 0 0 0 0
1.72333 0 0 0 0
1.73 0 0 0 0
1.73667 0 0 0 0
1.74333 0 0 0 0
1.75 0 0 0 0
1.75667 0 0 0 0
1.76333 0 0 0 0
1.77 0 0 0 0
1.77667 0 0 0 0
1.78333 0 0 0 0
1.79 0 0 0 0
1.79667 0 0 0 0
1.80333 0 0 0 0
1.81 0 0 0 0
1.81667 0 0 0 0
1.82333 0 0 0 0
1.83 0 0 0 0
1.83667 0 0 0 0
1.84333 0 0 0 0
1.85 0 0 0 0
1.85667 0 0 0 0
1.86333 0 0 0 0
1.87 0 0 0 0
1.87667 0 0 0 0
1.88333 0 0 0 0
1.89 0 0 0 0
1.89667 0 0 0 0
1.90333 0 0 0 0
1.91 0 0 0 0
1.91667 0 0 0 0
1.92333 0 0 0 0
1.93 0 0 0 0
1.93667 0 0 0 0
1.94333 0 0 0 0
1.95 0 0 0 0
1.95667 0 0 0 0
1.96333 0 0 0 0
1.97 0 0 0 0
1.97667 0 0 0 0
1.98333 0 0 0 0
1.99 0 0 0 0
1.99667 0 0 0 0
