0.00333333 39 82 4 3
0.01 34 104 3 0
0.0166667 40 125 10 0
0.0233333 31 139 10 3
0.03 38 138 4 2
0.0366667 48 152 17 4
0.0433333 66 204 23 1
0.05 93 239 13 3
0.0566667 93 260 17 3
0.0633333 108 337 24 3
0.07 134 346 19 8
0.0766667 130 354 27 8
0.0833333 126 341 26 6
0.09 138 397 24 7
0.0966667 133 385 25 3
0.103333 128 353 18 7
0.11 122 345 24 4
0.116667 127 383 25 7
0.123333 121 393 22 3
0.13 99 375 20 9
0.136667 109 361 21 15
0.143333 110 335 18 4
0.15 97 356 23 6
0.156667 89 337 19 6
0.163333 96 313 21 6
0.17 83 303 20 7
0.176667 91 311 19 6
0.183333 87 332 17 4
0.19 85 395 22 4
0.196667 90 355 14 1
0.203333 99 311 14 7
0.21 77 318 17 7
0.216667 67 310 16 7
0.223333 74 290 12 5
0.23 66 269 12 3
0.236667 73 282 18 5
0.243333 68 246 8 4
0.25 64 237 11 0
0.256667 54 241 8 3
0.263333 48 199 13 5
0.27 62 225 9 4
0.276667 73 196 13 5
0.283333 57 181 9 5
0.29 51 169 14 1
0.296667 38 187 7 4
0.303333 42 170 6 2
0.31 53 199 15 5
0.316667 51 156 6 1
0.323333 58 139 11 2
0.33 36 150 11 3
0.336667 44 143 5 3
0.343333 37 129 9 3
0.35 49 153 7 3
0.356667 37 134 5 1
0.363333 43 138 11 2
0.37 34 113 9 3
0.376667 41 120 11 2
0.383333 40 106 6 1
0.39 32 105 14 0
0.396667 46 145 4 2
0.403333 47 120 9 0
0.41 37 113 6 4
0.416667 30 111 8 3
0.423333 33 131 9 2
0.43 26 106 6 2
0.436667 33 114 9 1
0.443333 24 88 6 3
0.45 32 109 14 0
0.456667 42 129 8 5
0.463333 34 116 9 2
0.47 25 119 11 3
0.476667 30 98 5 3
0.483333 20 70 8 2
0.49 25 77 6 3
0.496667 19 72 5 2
0.503333 26 79 7 4
0.51 19 58 3 2
0.516667 16 67 6 2
0.523333 16 53 6 0
0.53 22 52 2 0
0.536667 22 54 0 3
0.543333 19 42 9 0
0.55 17 44 3 3
0.556667 20 47 1 2
0.563333 16 50 7 3
0.57 20 44 6 0
0.576667 15 63 6 2
0.583333 15 51 3 0
0.59 16 43 5 1
0.596667 12 37 1 0
0.603333 11 51 4 1
0.61 20 50 3 2
0.616667 19 36 4 3
0.623333 8 42 9 2
0.63 16 48 5 0
0.636667 14 52 4 4
0.643333 21 42 6 1
0.65 11 44 3 0
0.656667 10 50 6 1
0.663333 712 4239 133 33
0.67 0 0 0 0
0.676667 0 0 0 0
0.683333 0 0 0 0
0.69 0 0 0 0
0.696667 0 0 0 0
0.703333 0 0 0 0
0.71 0 0 0 0
0.716667 0 0 0 0
0.723333 0 0 0 0
0.73 0 0 0 0
0.736667 0 0 0 0
0.743333 0 0 0 0
0.75 0 0 0 0
0.756667 0 0 0 0
0.763333 0 0 0 0
0.77 0 0 0 0
0.776667 0 0 0 0
0.783333 0 0 0 0
0.79 0 0 0 0
0.796667 0 0 0 0
0.803333 0 0 0 0
0.81 0 0 0 0
0.816667 0 0 0 0
0.823333 0 0 0 0
0.83 0 0 0 0
0.836667 0 0 0 0
0.843333 0 0 0 0
0.85 0 0 0 0
0.856667 0 0 0 0
0.863333 0 0 0 0
0.87 0 0 0 0
0.876667 0 0 0 0
0.883333 0 0 0 0
0.89 0 0 0 0
0.896667 0 0 0 0
0.903333 0 0 0 0
0.91 0 0 0 0
0.916667 0 0 0 0
0.923333 0 0 0 0
0.93 0 0 0 0
0.936667 0 0 0 0
0.943333 0 0 0 0
0.95 0 0 0 0
0.956667 0 0 0 0
0.963333 0 0 0 0
0.97 0 0 0 0
0.976667 0 0 0 0
0.983333 0 0 0 0
0.99 0 0 0 0
0.996667 0 0 0 0
1.00333 0 0 0 0
1.01 0 0 0 0
1.01667 0 0 0 0
1.02333 0 0 0 0
1.03 0 0 0 0
1.03667 0 0 0 0
1.04333 0 0 0 0
1.05 0 0 0 0
1.05667 0 0 0 0
1.06333 0 0 0 0
1.07 0 0 0 0
1.07667 0 0 0 0
1.08333 0 0 0 0
1.09 0 0 0 0
1.09667 0 0 0 0
1.10333 0 0 0 0
1.11 0 0 0 0
1.11667 0 0 0 0
1.12333 0 0 0 0
1.13 0 0 0 0
1.13667 0 0 0 0
1.14333 0 0 0 0
1.15 0 0 0 0
1.15667 0 0 0 0
1.16333 0 0 0 0
1.17 0 0 0 0
1.17667 0 0 0 0
1.18333 0 0 0 0
1.19 0 0 0 0
1.19667 0 0 0 0
1.20333 0 0 0 0
1.21 0 0 0 0
1.21667 0 0 0 0
1.22333 0 0 0 0
1.23 0 0 0 0
1.23667 0 0 0 0
1.24333 0 0 0 0
1.25 0 0 0 0
1.25667 0 0 0 0
1.26333 0 0 0 0
1.27 0 0 0 0
1.27667 0 0 0 0
1.28333 0 0 0 0
1.29 0 0 0 0
1.29667 0 0 0 0
1.30333 0 0 0 0
1.31 0 0 0 0
1.31667 0 0 0 0
1.32333 0 0 0 0
1.33 0 0 0 0
1.33667 0 0 0 0
1.34333 0 0 0 0
1.35 0 0 0 0
1.35667 0 0 0 0
1.36333 0 0 0 0
1.37 0 0 0 0
1.37667 0 0 0 0
1.38333 0 0 0 0
1.39 0 0 0 0
1.39667 0 0 0 0
1.40333 0 0 0 0
1.41 0 0 0 0
1.41667 0 0 0 0
1.42333 0 0 0 0
1.43 0 0 0 0
1.43667 0 0 0 0
1.44333 0 0 0 0
1.45 0 0 0 0
1.45667 0 0 0 0
1.46333 0 0 0 0
1.47 0 0 0 0
1.47667 0 0 0 0
1.48333 0 0 0 0
1.49 0 0 0 0
1.49667 0 0 0 0
1.50333 0 0 0 0
1.51 0 0 0 0
1.51667 0 0 0 0
1.52333 0 0 0 0
1.53 0 0 0 0
1.53667 0 0 0 0
1.54333 0 0 0 0
1.55 0 0 0 0
1.55667 0 0 0 0
1.56333 0 0 0 0
1.57 0 0 0 0
1.57667 0 0 0 0
1.58333 0 0 0 0
1.59 0 0 0 0
1.59667 0 0 0 0
1.60333 0 0 0 0
1.61 0 0 0 0
1.61667 0 0 0 0
1.62333 0 0 0 0
1.63 0 0 0 0
1.63667 0 0 0 0
1.64333 0 0 0 0
1.65 0 0 0 0
1.65667 0 0 0 0
1.66333 0 0 0 0
1.67 0 0 0 0
1.67667 0 0 0 0
1.68333 0 0 0 0
1.69 0 0 0 0
1.69667 0 0 0 0
1.70333 0 0 0 0
1.71 0 0 0 0
1.71667 0 0 0 0
1.72333 0 0 0 0
1.73 0 0 0 0
1.73667 0 0 0 0
1.74333 0 0 0 0
1.75 0 0 0 0
1.75667 0 0 0 0
1.76333 0 0 0 0
1.77 0 0 0 0
1.77667 0 0 0 0
1.78333 0 0 0 0
1.79 0 0 0 0
1.79667 0 0 0 0
1.80333 0 0 0 0
1.81 0 0 0 0
1.81667 0 0 0 0
1.82333 0 0 0 0
1.83 0 0 0 0
1.83667 0 0 0 0
1.84333 0 0 0 0
1.85 0 0 0 0
1.85667 0 0 0 0
1.86333 0 0 0 0
1.87 0 0 0 0
1.87667 0 0 0 0
1.88333 0 0 0 0
1.89 0 0 0 0
1.89667 0 0 0 0
1.90333 0 0 0 0
1.91 0 0 0 0
1.91667 0 0 0 0
1.92333 0 0 0 0
1.93 0 0 0 0
1.93667 0 0 0 0
1.94333 0 0 0 0
1.95 0 0 0 0
1.95667 0 0 0 0
1.96333 0 0 0 0
1.97 0 0 0 0
1.97667 0 0 0 0
1.98333 0 0 0 0
1.99 0 0 0 0
1.99667 0 0 0 0
