0.00333333 3 1 11 185
0.01 1 1 10 180
0.0166667 7 1 13 194
0.0233333 7 1 17 190
0.03 1 1 19 196
0.0366667 3 0 26 216
0.0433333 3 3 31 220
0.05 2 5 36 231
0.0566667 4 3 49 279
0.0633333 7 8 66 253
0.07 3 5 54 352
0.0766667 7 4 57 348
0.0833333 8 6 53 327
0.09 7 3 65 369
0.0966667 3 4 47 348
0.103333 4 3 48 356
0.11 4 2 42 343
0.116667 5 5 47 386
0.123333 4 3 42 423
0.13 7 6 57 453
0.136667 6 2 34 405
0.143333 4 6 24 364
0.15 6 4 41 418
0.156667 3 0 36 394
0.163333 2 4 32 412
0.17 3 5 43 381
0.176667 4 3 34 433
0.183333 6 1 38 500
0.19 10 2 37 683
0.196667 7 3 30 680
0.203333 4 2 27 632
0.21 9 6 27 566
0.216667 5 4 28 510
0.223333 8 4 34 467
0.23 5 1 24 441
0.236667 3 3 33 378
0.243333 7 4 26 396
0.25 7 4 28 349
0.256667 3 4 15 327
0.263333 4 3 24 279
0.27 2 4 24 291
0.276667 4 2 27 268
0.283333 3 7 29 269
0.29 4 2 20 270
0.296667 2 3 21 248
0.303333 1 4 26 241
0.31 4 2 19 209
0.316667 7 4 21 219
0.323333 2 0 28 213
0.33 1 2 25 233
0.336667 5 2 20 202
0.343333 2 2 17 209
0.35 4 4 20 218
0.356667 4 3 17 205
0.363333 6 3 15 192
0.37 2 4 22 226
0.376667 2 3 23 192
0.383333 2 4 27 182
0.39 2 1 18 201
0.396667 3 0 17 213
0.403333 3 2 15 192
0.41 5 3 18 195
0.416667 1 1 8 209
0.423333 2 0 18 162
0.43 4 2 10 181
0.436667 5 2 14 205
0.443333 6 2 10 205
0.45 3 0 16 195
0.456667 3 1 9 178
0.463333 5 2 11 211
0.47 5 2 8 196
0.476667 5 0 16 152
0.483333 3 2 13 94
0.49 3 2 8 75
0.496667 1 0 7 71
0.503333 3 0 9 80
0.51 0 0 10 84
0.516667 1 0 5 71
0.523333 2 1 10 53
0.53 2 1 21 60
0.536667 2 1 6 70
0.543333 2 1 8 57
0.55 2 0 7 61
0.556667 2 2 12 48
0.563333 2 1 7 47
0.57 1 1 9 66
0.576667 4 0 11 47
0.583333 2 2 9 57
0.59 2 1 10 43
0.596667 5 2 7 50
0.603333 2 0 10 50
0.61 5 2 8 42
0.616667 2 1 10 50
0.623333 2 4 10 44
0.63 2 1 11 47
0.636667 1 0 12 73
0.643333 2 1 3 37
0.65 2 1 11 45
0.656667 1 1 4 34
0.663333 179 17 224 11293
0.67 0 0 0 0
0.676667 0 0 0 0
0.683333 0 0 0 0
0.69 0 0 0 0
0.696667 0 0 0 0
0.703333 0 0 0 0
0.71 0 0 0 0
0.716667 0 0 0 0
0.723333 0 0 0 0
0.73 0 0 0 0
0.736667 0 0 0 0
0.743333 0 0 0 0
0.75 0 0 0 0
0.756667 0 0 0 0
0.763333 0 0 0 0
0.77 0 0 0 0
0.776667 0 0 0 0
0.783333 0 0 0 0
0.79 0 0 0 0
0.796667 0 0 0 0
0.803333 0 0 0 0
0.81 0 0 0 0
0.816667 0 0 0 0
0.823333 0 0 0 0
0.83 0 0 0 0
0.836667 0 0 0 0
0.843333 0 0 0 0
0.85 0 0 0 0
0.856667 0 0 0 0
0.863333 0 0 0 0
0.87 0 0 0 0
0.876667 0 0 0 0
0.883333 0 0 0 0
0.89 0 0 0 0
0.896667 0 0 0 0
0.903333 0 0 0 0
0.91 0 0 0 0
0.916667 0 0 0 0
0.923333 0 0 0 0
0.93 0 0 0 0
0.936667 0 0 0 0
0.943333 0 0 0 0
0.95 0 0 0 0
0.956667 0 0 0 0
0.963333 0 0 0 0
0.97 0 0 0 0
0.976667 0 0 0 0
0.983333 0 0 0 0
0.99 0 0 0 0
0.996667 0 0 0 0
1.00333 0 0 0 0
1.01 0 0 0 0
1.01667 0 0 0 0
1.02333 0 0 0 0
1.03 0 0 0 0
1.03667 0 0 0 0
1.04333 0 0 0 0
1.05 0 0 0 0
1.05667 0 0 0 0
1.06333 0 0 0 0
1.07 0 0 0 0
1.07667 0 0 0 0
1.08333 0 0 0 0
1.09 0 0 0 0
1.09667 0 0 0 0
1.10333 0 0 0 0
1.11 0 0 0 0
1.11667 0 0 0 0
1.12333 0 0 0 0
1.13 0 0 0 0
1.13667 0 0 0 0
1.14333 0 0 0 0
1.15 0 0 0 0
1.15667 0 0 0 0
1.16333 0 0 0 0
1.17 0 0 0 0
1.17667 0 0 0 0
1.18333 0 0 0 0
1.19 0 0 0 0
1.19667 0 0 0 0
1.20333 0 0 0 0
1.21 0 0 0 0
1.21667 0 0 0 0
1.22333 0 0 0 0
1.23 0 0 0 0
1.23667 0 0 0 0
1.24333 0 0 0 0
1.25 0 0 0 0
1.25667 0 0 0 0
1.26333 0 0 0 0
1.27 0 0 0 0
1.27667 0 0 0 0
1.28333 0 0 0 0
1.29 0 0 0 0
1.29667 0 0 0 0
1.30333 0 0 0 0
1.31 0 0 0 0
1.31667 0 0 0 0
1.32333 0 0 0 0
1.33 0 0 0 0
1.33667 0 0 0 0
1.34333 0 0 0 0
1.35 0 0 0 0
1.35667 0 0 0 0
1.36333 0 0 0 0
1.37 0 0 0 0
1.37667 0 0 0 0
1.38333 0 0 0 0
1.39 0 0 0 0
1.39667 0 0 0 0
1.40333 0 0 0 0
1.41 0 0 0 0
1.41667 0 0 0 0
1.42333 0 0 0 0
1.43 0 0 0 0
1.43667 0 0 0 0
1.44333 0 0 0 0
1.45 0 0 0 0
1.45667 0 0 0 0
1.46333 0 0 0 0
1.47 0 0 0 0
1.47667 0 0 0 0
1.48333 0 0 0 0
1.49 0 0 0 0
1.49667 0 0 0 0
1.50333 0 0 0 0
1.51 0 0 0 0
1.51667 0 0 0 0
1.52333 0 0 0 0
1.53 0 0 0 0
1.53667 0 0 0 0
1.54333 0 0 0 0
1.55 0 0 0 0
1.55667 0 0 0 0
1.56333 0 0 0 0
1.57 0 0 0 0
1.57667 0 0 0 0
1.58333 0 0 0 0
1.59 0 0 0 0
1.59667 0 0 0 0
1.60333 0 0 0 0
1.61 0 0 0 0
1.61667 0 0 0 0
1.62333 0 0 0 0
1.63 0 0 0 0
1.63667 0 0 0 0
1.64333 0 0 0 0
1.65 0 0 0 0
1.65667 0 0 0 0
1.66333 0 0 0 0
1.67 0 0 0 0
1.67667 0 0 0 0
1.68333 0 0 0 0
1.69 0 0 0 0
1.69667 0 0 0 0
1.70333 0 0 0 0
1.71 0 0 0 0
1.71667 0 0 0 0
1.72333 0 0 0 0
1.73 0 0 0 0
1.73667 0 0 0 0
1.74333 0 0 0 0
1.75 0 0 0 0
1.75667 0 0 0 0
1.76333 0 0 0 0
1.77 0 0 0 0
1.77667 0 0 0 0
1.78333 0 0 0 0
1.79 0 0 0 0
1.79667 0 0 0 0
1.80333 0 0 0 0
1.81 0 0 0 0
1.81667 0 0 0 0
1.82333 0 0 0 0
1.83 0 0 0 0
1.83667 0 0 0 0
1.84333 0 0 0 0
1.85 0 0 0 0
1.85667 0 0 0 0
1.86333 0 0 0 0
1.87 0 0 0 0
1.87667 0 0 0 0
1.88333 0 0 0 0
1.89 0 0 0 0
1.89667 0 0 0 0
1.90333 0 0 0 0
1.91 0 0 0 0
1.91667 0 0 0 0
1.92333 0 0 0 0
1.93 0 0 0 0
1.93667 0 0 0 0
1.94333 0 0 0 0
1.95 0 0 0 0
1.95667 0 0 0 0
1.96333 0 0 0 0
1.97 0 0 0 0
1.97667 0 0 0 0
1.98333 0 0 0 0
1.99 0 0 0 0
1.99667 0 0 0 0
