0.00333333 36 153 6 1
0.01 24 135 3 3
0.0166667 39 151 6 4
0.0233333 20 151 6 3
0.03 22 162 7 4
0.0366667 34 163 4 4
0.0433333 37 163 4 5
0.05 38 205 9 1
0.0566667 41 232 10 5
0.0633333 43 205 18 5
0.07 64 201 14 9
0.0766667 59 220 16 7
0.0833333 54 273 11 14
0.09 68 234 10 8
0.0966667 63 254 15 8
0.103333 57 241 18 8
0.11 60 219 18 13
0.116667 73 252 15 10
0.123333 54 229 13 8
0.13 57 283 9 9
0.136667 65 273 10 9
0.143333 55 262 11 6
0.15 62 254 11 12
0.156667 58 267 12 10
0.163333 69 303 12 5
0.17 46 268 5 6
0.176667 55 307 9 6
0.183333 44 318 5 8
0.19 68 443 8 13
0.196667 65 441 16 13
0.203333 60 453 4 12
0.21 70 420 7 6
0.216667 71 346 5 7
0.223333 63 313 4 12
0.23 67 304 8 6
0.236667 49 276 6 7
0.243333 46 263 4 5
0.25 49 278 6 3
0.256667 47 246 13 7
0.263333 53 264 9 8
0.27 47 232 7 7
0.276667 39 210 11 6
0.283333 48 207 9 7
0.29 46 202 4 8
0.296667 50 185 2 4
0.303333 29 190 8 1
0.31 38 156 3 6
0.316667 40 172 9 3
0.323333 32 163 6 4
0.33 34 153 4 8
0.336667 24 166 7 9
0.343333 32 158 5 7
0.35 40 176 3 7
0.356667 42 157 8 3
0.363333 37 157 4 5
0.37 36 134 7 9
0.376667 30 162 7 8
0.383333 44 164 5 8
0.39 23 139 4 5
0.396667 36 154 10 5
0.403333 31 129 5 10
0.41 39 150 3 5
0.416667 27 170 2 4
0.423333 33 128 1 5
0.43 31 132 5 3
0.436667 38 146 2 5
0.443333 41 170 3 5
0.45 42 156 3 2
0.456667 24 151 3 3
0.463333 28 176 5 5
0.47 37 155 6 6
0.476667 27 121 4 2
0.483333 15 53 2 3
0.49 13 50 3 3
0.496667 10 67 2 2
0.503333 22 48 5 2
0.51 14 33 2 1
0.516667 14 46 2 3
0.523333 12 43 5 1
0.53 16 38 3 2
0.536667 15 44 2 2
0.543333 15 50 4 1
0.55 17 33 4 3
0.556667 8 31 4 4
0.563333 20 30 4 1
0.57 16 22 2 0
0.576667 12 32 4 1
0.583333 17 26 2 1
0.59 14 23 3 2
0.596667 22 25 1 1
0.603333 16 42 4 6
0.61 16 22 4 3
0.616667 13 24 5 3
0.623333 15 30 2 4
0.63 14 30 0 2
0.636667 19 45 1 1
0.643333 14 25 2 6
0.65 14 17 1 4
0.656667 15 22 3 3
0.663333 1429 10356 78 231
0.67 0 0 0 0
0.676667 0 0 0 0
0.683333 0 0 0 0
0.69 0 0 0 0
0.696667 0 0 0 0
0.703333 0 0 0 0
0.71 0 0 0 0
0.716667 0 0 0 0
0.723333 0 0 0 0
0.73 0 0 0 0
0.736667 0 0 0 0
0.743333 0 0 0 0
0.75 0 0 0 0
0.756667 0 0 0 0
0.763333 0 0 0 0
0.77 0 0 0 0
0.776667 0 0 0 0
0.783333 0 0 0 0
0.79 0 0 0 0
0.796667 0 0 0 0
0.803333 0 0 0 0
0.81 0 0 0 0
0.816667 0 0 0 0
0.823333 0 0 0 0
0.83 0 0 0 0
0.836667 0 0 0 0
0.843333 0 0 0 0
0.85 0 0 0 0
0.856667 0 0 0 0
0.863333 0 0 0 0
0.87 0 0 0 0
0.876667 0 0 0 0
0.883333 0 0 0 0
0.89 0 0 0 0
0.896667 0 0 0 0
0.903333 0 0 0 0
0.91 0 0 0 0
0.916667 0 0 0 0
0.923333 0 0 0 0
0.93 0 0 0 0
0.936667 0 0 0 0
0.943333 0 0 0 0
0.95 0 0 0 0
0.956667 0 0 0 0
0.963333 0 0 0 0
0.97 0 0 0 0
0.976667 0 0 0 0
0.983333 0 0 0 0
0.99 0 0 0 0
0.996667 0 0 0 0
1.00333 0 0 0 0
1.01 0 0 0 0
1.01667 0 0 0 0
1.02333 0 0 0 0
1.03 0 0 0 0
1.03667 0 0 0 0
1.04333 0 0 0 0
1.05 0 0 0 0
1.05667 0 0 0 0
1.06333 0 0 0 0
1.07 0 0 0 0
1.07667 0 0 0 0
1.08333 0 0 0 0
1.09 0 0 0 0
1.09667 0 0 0 0
1.10333 0 0 0 0
1.11 0 0 0 0
1.11667 0 0 0 0
1.12333 0 0 0 0
1.13 0 0 0 0
1.13667 0 0 0 0
1.14333 0 0 0 0
1.15 0 0 0 0
1.15667 0 0 0 0
1.16333 0 0 0 0
1.17 0 0 0 0
1.17667 0 0 0 0
1.18333 0 0 0 0
1.19 0 0 0 0
1.19667 0 0 0 0
1.20333 0 0 0 0
1.21 0 0 0 0
1.21667 0 0 0 0
1.22333 0 0 0 0
1.23 0 0 0 0
1.23667 0 0 0 0
1.24333 0 0 0 0
1.25 0 0 0 0
1.25667 0 0 0 0
1.26333 0 0 0 0
1.27 0 0 0 0
1.27667 0 0 0 0
1.28333 0 0 0 0
1.29 0 0 0 0
1.29667 0 0 0 0
1.30333 0 0 0 0
1.31 0 0 0 0
1.31667 0 0 0 0
1.32333 0 0 0 0
1.33 0 0 0 0
1.33667 0 0 0 0
1.34333 0 0 0 0
1.35 0 0 0 0
1.35667 0 0 0 0
1.36333 0 0 0 0
1.37 0 0 0 0
1.37667 0 0 0 0
1.38333 0 0 0 0
1.39 0 0 0 0
1.39667 0 0 0 0
1.40333 0 0 0 0
1.41 0 0 0 0
1.41667 0 0 0 0
1.42333 0 0 0 0
1.43 0 0 0 0
1.43667 0 0 0 0
1.44333 0 0 0 0
1.45 0 0 0 0
1.45667 0 0 0 0
1.46333 0 0 0 0
1.47 0 0 0 0
1.47667 0 0 0 0
1.48333 0 0 0 0
1.49 0 0 0 0
1.49667 0 0 0 0
1.50333 0 0 0 0
1.51 0 0 0 0
1.51667 0 0 0 0
1.52333 0 0 0 0
1.53 0 0 0 0
1.53667 0 0 0 0
1.54333 0 0 0 0
1.55 0 0 0 0
1.55667 0 0 0 0
1.56333 0 0 0 0
1.57 0 0 0 0
1.57667 0 0 0 0
1.58333 0 0 0 0
1.59 0 0 0 0
1.59667 0 0 0 0
1.60333 0 0 0 0
1.61 0 0 0 0
1.61667 0 0 0 0
1.62333 0 0 0 0
1.63 0 0 0 0
1.63667 0 0 0 0
1.64333 0 0 0 0
1.65 0 0 0 0
1.65667 0 0 0 0
1.66333 0 0 0 0
1.67 0 0 0 0
1.67667 0 0 0 0
1.68333 0 0 0 0
1.69 0 0 0 0
1.69667 0 0 0 0
1.70333 0 0 0 0
1.71 0 0 0 0
1.71667 0 0 0 0
1.72333 0 0 0 0
1.73 0 0 0 0
1.73667 0 0 0 0
1.74333 0 0 0 0
1.75 0 0 0 0
1.75667 0 0 0 0
1.76333 0 0 0 0
1.77 0 0 0 0
1.77667 0 0 0 0
1.78333 0 0 0 0
1.79 0 0 0 0
1.79667 0 0 0 0
1.80333 0 0 0 0
1.81 0 0 0 0
1.81667 0 0 0 0
1.82333 0 0 0 0
1.83 0 0 0 0
1.83667 0 0 0 0
1.84333 0 0 0 0
1.85 0 0 0 0
1.85667 0 0 0 0
1.86333 0 0 0 0
1.87 0 0 0 0
1.87667 0 0 0 0
1.88333 0 0 0 0
1.89 0 0 0 0
1.89667 0 0 0 0
1.90333 0 0 0 0
1.91 0 0 0 0
1.91667 0 0 0 0
1.92333 0 0 0 0
1.93 0 0 0 0
1.93667 0 0 0 0
1.94333 0 0 0 0
1.95 0 0 0 0
1.95667 0 0 0 0
1.96333 0 0 0 0
1.97 0 0 0 0
1.97667 0 0 0 0
1.98333 0 0 0 0
1.99 0 0 0 0
1.99667 0 0 0 0
