0.00333333 2 6 61 25
0.01 1 6 74 21
0.0166667 2 9 81 25
0.0233333 3 3 90 27
0.03 1 13 123 42
0.0366667 0 13 100 41
0.0433333 4 19 132 62
0.05 6 15 212 78
0.0566667 7 28 248 90
0.0633333 6 21 267 107
0.07 7 18 262 112
0.0766667 2 24 284 105
0.0833333 7 25 244 99
0.09 3 30 276 117
0.0966667 6 20 284 102
0.103333 6 29 289 100
0.11 8 25 281 91
0.116667 8 23 290 82
0.123333 3 29 261 93
0.13 9 16 263 98
0.136667 8 21 277 92
0.143333 4 13 268 84
0.15 6 14 230 75
0.156667 4 14 234 67
0.163333 4 19 197 70
0.17 6 17 211 70
0.176667 8 10 198 64
0.183333 10 17 232 88
0.19 4 15 231 81
0.196667 5 23 230 59
0.203333 4 23 195 65
0.21 7 13 177 69
0.216667 5 17 173 71
0.223333 8 18 169 61
0.23 3 23 162 51
0.236667 3 11 165 60
0.243333 4 10 153 72
0.25 2 14 177 62
0.256667 6 11 150 40
0.263333 4 6 128 43
0.27 2 13 111 47
0.276667 4 11 116 38
0.283333 2 11 124 45
0.29 3 9 120 48
0.296667 2 10 116 28
0.303333 2 9 97 37
0.31 2 7 113 43
0.316667 4 7 88 34
0.323333 6 7 96 49
0.33 1 9 87 37
0.336667 4 11 99 30
0.343333 2 8 107 40
0.35 3 9 93 29
0.356667 2 6 88 45
0.363333 4 5 94 28
0.37 3 12 79 37
0.376667 0 10 95 36
0.383333 2 9 89 35
0.39 3 13 72 26
0.396667 4 10 100 31
0.403333 3 5 101 30
0.41 3 12 76 28
0.416667 2 10 74 33
0.423333 2 7 66 32
0.43 2 9 77 35
0.436667 3 6 72 14
0.443333 3 9 72 24
0.45 2 10 67 33
0.456667 2 3 70 20
0.463333 2 6 66 20
0.47 3 6 71 33
0.476667 0 10 54 14
0.483333 0 5 38 15
0.49 2 6 49 21
0.496667 0 2 38 18
0.503333 1 11 41 20
0.51 3 6 36 18
0.516667 3 6 59 28
0.523333 2 7 41 18
0.53 0 5 37 10
0.536667 4 6 36 11
0.543333 2 4 43 18
0.55 1 5 46 16
0.556667 1 4 34 17
0.563333 0 8 36 9
0.57 1 3 39 16
0.576667 3 5 29 13
0.583333 1 10 26 20
0.59 3 4 36 17
0.596667 2 6 39 21
0.603333 2 5 28 9
0.61 0 4 42 23
0.616667 0 0 19 14
0.623333 5 7 36 13
0.63 0 3 31 7
0.636667 3 7 36 11
0.643333 0 5 27 15
0.65 3 5 24 17
0.656667 2 4 36 9
0.663333 25 103 2214 582
0.67 0 0 0 0
0.676667 0 0 0 0
0.683333 0 0 0 0
0.69 0 0 0 0
0.696667 0 0 0 0
0.703333 0 0 0 0
0.71 0 0 0 0
0.716667 0 0 0 0
0.723333 0 0 0 0
0.73 0 0 0 0
0.736667 0 0 0 0
0.743333 0 0 0 0
0.75 0 0 0 0
0.756667 0 0 0 0
0.763333 0 0 0 0
0.77 0 0 0 0
0.776667 0 0 0 0
0.783333 0 0 0 0
0.79 0 0 0 0
0.796667 0 0 0 0
0.803333 0 0 0 0
0.81 0 0 0 0
0.816667 0 0 0 0
0.823333 0 0 0 0
0.83 0 0 0 0
0.836667 0 0 0 0
0.843333 0 0 0 0
0.85 0 0 0 0
0.856667 0 0 0 0
0.863333 0 0 0 0
0.87 0 0 0 0
0.876667 0 0 0 0
0.883333 0 0 0 0
0.89 0 0 0 0
0.896667 0 0 0 0
0.903333 0 0 0 0
0.91 0 0 0 0
0.916667 0 0 0 0
0.923333 0 0 0 0
0.93 0 0 0 0
0.936667 0 0 0 0
0.943333 0 0 0 0
0.95 0 0 0 0
0.956667 0 0 0 0
0.963333 0 0 0 0
0.97 0 0 0 0
0.976667 0 0 0 0
0.983333 0 0 0 0
0.99 0 0 0 0
0.996667 0 0 0 0
1.00333 0 0 0 0
1.01 0 0 0 0
1.01667 0 0 0 0
1.02333 0 0 0 0
1.03 0 0 0 0
1.03667 0 0 0 0
1.04333 0 0 0 0
1.05 0 0 0 0
1.05667 0 0 0 0
1.06333 0 0 0 0
1.07 0 0 0 0
1.07667 0 0 0 0
1.08333 0 0 0 0
1.09 0 0 0 0
1.09667 0 0 0 0
1.10333 0 0 0 0
1.11 0 0 0 0
1.11667 0 0 0 0
1.12333 0 0 0 0
1.13 0 0 0 0
1.13667 0 0 0 0
1.14333 0 0 0 0
1.15 0 0 0 0
1.15667 0 0 0 0
1.16333 0 0 0 0
1.17 0 0 0 0
1.17667 0 0 0 0
1.18333 0 0 0 0
1.19 0 0 0 0
1.19667 0 0 0 0
1.20333 0 0 0 0
1.21 0 0 0 0
1.21667 0 0 0 0
1.22333 0 0 0 0
1.23 0 0 0 0
1.23667 0 0 0 0
1.24333 0 0 0 0
1.25 0 0 0 0
1.25667 0 0 0 0
1.26333 0 0 0 0
1.27 0 0 0 0
1.27667 0 0 0 0
1.28333 0 0 0 0
1.29 0 0 0 0
1.29667 0 0 0 0
1.30333 0 0 0 0
1.31 0 0 0 0
1.31667 0 0 0 0
1.32333 0 0 0 0
1.33 0 0 0 0
1.33667 0 0 0 0
1.34333 0 0 0 0
1.35 0 0 0 0
1.35667 0 0 0 0
1.36333 0 0 0 0
1.37 0 0 0 0
1.37667 0 0 0 0
1.38333 0 0 0 0
1.39 0 0 0 0
1.39667 0 0 0 0
1.40333 0 0 0 0
1.41 0 0 0 0
1.41667 0 0 0 0
1.42333 0 0 0 0
1.43 0 0 0 0
1.43667 0 0 0 0
1.44333 0 0 0 0
1.45 0 0 0 0
1.45667 0 0 0 0
1.46333 0 0 0 0
1.47 0 0 0 0
1.47667 0 0 0 0
1.48333 0 0 0 0
1.49 0 0 0 0
1.49667 0 0 0 0
1.50333 0 0 0 0
1.51 0 0 0 0
1.51667 0 0 0 0
1.52333 0 0 0 0
1.53 0 0 0 0
1.53667 0 0 0 0
1.54333 0 0 0 0
1.55 0 0 0 0
1.55667 0 0 0 0
1.56333 0 0 0 0
1.57 0 0 0 0
1.57667 0 0 0 0
1.58333 0 0 0 0
1.59 0 0 0 0
1.59667 0 0 0 0
1.60333 0 0 0 0
1.61 0 0 0 0
1.61667 0 0 0 0
1.62333 0 0 0 0
1.63 0 0 0 0
1.63667 0 0 0 0
1.64333 0 0 0 0
1.65 0 0 0 0
1.65667 0 0 0 0
1.66333 0 0 0 0
1.67 0 0 0 0
1.67667 0 0 0 0
1.68333 0 0 0 0
1.69 0 0 0 0
1.69667 0 0 0 0
1.70333 0 0 0 0
1.71 0 0 0 0
1.71667 0 0 0 0
1.72333 0 0 0 0
1.73 0 0 0 0
1.73667 0 0 0 0
1.74333 0 0 0 0
1.75 0 0 0 0
1.75667 0 0 0 0
1.76333 0 0 0 0
1.77 0 0 0 0
1.77667 0 0 0 0
1.78333 0 0 0 0
1.79 0 0 0 0
1.79667 0 0 0 0
1.80333 0 0 0 0
1.81 0 0 0 0
1.81667 0 0 0 0
1.82333 0 0 0 0
1.83 0 0 0 0
1.83667 0 0 0 0
1.84333 0 0 0 0
1.85 0 0 0 0
1.85667 0 0 0 0
1.86333 0 0 0 0
1.87 0 0 0 0
1.87667 0 0 0 0
1.88333 0 0 0 0
1.89 0 0 0 0
1.89667 0 0 0 0
1.90333 0 0 0 0
1.91 0 0 0 0
1.91667 0 0 0 0
1.92333 0 0 0 0
1.93 0 0 0 0
1.93667 0 0 0 0
1.94333 0 0 0 0
1.95 0 0 0 0
1.95667 0 0 0 0
1.96333 0 0 0 0
1.97 0 0 0 0
1.97667 0 0 0 0
1.98333 0 0 0 0
1.99 0 0 0 0
1.99667 0 0 0 0
