0.00333333 3 10 52 14
0.01 4 10 51 19
0.0166667 2 14 62 23
0.0233333 4 22 63 26
0.03 4 10 90 34
0.0366667 4 14 104 35
0.0433333 7 25 142 58
0.05 7 34 159 72
0.0566667 14 41 202 76
0.0633333 13 40 220 80
0.07 10 46 246 84
0.0766667 12 34 261 56
0.0833333 10 41 230 91
0.09 3 36 241 64
0.0966667 7 51 232 100
0.103333 10 61 231 88
0.11 12 56 234 94
0.116667 10 47 230 82
0.123333 15 49 218 84
0.13 11 41 211 74
0.136667 7 37 215 71
0.143333 13 50 187 83
0.15 7 35 199 58
0.156667 14 39 197 59
0.163333 9 39 175 72
0.17 9 36 148 59
0.176667 5 27 176 63
0.183333 7 40 144 65
0.19 8 26 169 73
0.196667 4 42 167 59
0.203333 2 35 164 64
0.21 10 37 166 55
0.216667 6 35 132 45
0.223333 7 24 137 49
0.23 5 27 149 44
0.236667 5 30 131 55
0.243333 6 27 143 33
0.25 9 23 128 57
0.256667 6 19 115 33
0.263333 4 25 104 38
0.27 5 28 92 45
0.276667 9 25 104 36
0.283333 1 27 102 40
0.29 0 18 107 34
0.296667 5 21 100 39
0.303333 5 12 74 36
0.31 5 20 81 24
0.316667 5 17 73 35
0.323333 7 21 95 29
0.33 1 20 66 26
0.336667 7 18 75 25
0.343333 6 15 84 29
0.35 1 15 71 23
0.356667 5 22 71 17
0.363333 3 21 56 33
0.37 4 21 45 23
0.376667 4 15 76 25
0.383333 3 13 64 25
0.39 3 18 77 26
0.396667 2 17 56 25
0.403333 6 20 53 19
0.41 3 15 65 18
0.416667 3 17 59 19
0.423333 0 18 70 18
0.43 5 15 73 20
0.436667 3 16 64 24
0.443333 4 12 64 22
0.45 3 16 52 20
0.456667 4 14 62 30
0.463333 3 18 55 19
0.47 5 16 57 23
0.476667 0 11 60 24
0.483333 3 8 36 17
0.49 1 17 27 15
0.496667 3 9 36 7
0.503333 3 11 38 20
0.51 1 8 34 10
0.516667 2 10 42 14
0.523333 3 8 40 18
0.53 2 9 30 10
0.536667 2 3 32 13
0.543333 1 9 23 15
0.55 0 9 40 14
0.556667 0 7 34 16
0.563333 0 13 25 12
0.57 2 6 18 11
0.576667 4 12 32 14
0.583333 1 11 37 10
0.59 7 4 23 13
0.596667 1 9 24 14
0.603333 3 9 24 12
0.61 1 6 27 11
0.616667 1 5 22 7
0.623333 1 10 27 12
0.63 1 9 24 7
0.636667 1 9 31 13
0.643333 2 8 23 7
0.65 2 6 36 14
0.656667 1 5 21 7
0.663333 51 316 1554 457
0.67 0 0 0 0
0.676667 0 0 0 0
0.683333 0 0 0 0
0.69 0 0 0 0
0.696667 0 0 0 0
0.703333 0 0 0 0
0.71 0 0 0 0
0.716667 0 0 0 0
0.723333 0 0 0 0
0.73 0 0 0 0
0.736667 0 0 0 0
0.743333 0 0 0 0
0.75 0 0 0 0
0.756667 0 0 0 0
0.763333 0 0 0 0
0.77 0 0 0 0
0.776667 0 0 0 0
0.783333 0 0 0 0
0.79 0 0 0 0
0.796667 0 0 0 0
0.803333 0 0 0 0
0.81 0 0 0 0
0.816667 0 0 0 0
0.823333 0 0 0 0
0.83 0 0 0 0
0.836667 0 0 0 0
0.843333 0 0 0 0
0.85 0 0 0 0
0.856667 0 0 0 0
0.863333 0 0 0 0
0.87 0 0 0 0
0.876667 0 0 0 0
0.883333 0 0 0 0
0.89 0 0 0 0
0.896667 0 0 0 0
0.903333 0 0 0 0
0.91 0 0 0 0
0.916667 0 0 0 0
0.923333 0 0 0 0
0.93 0 0 0 0
0.936667 0 0 0 0
0.943333 0 0 0 0
0.95 0 0 0 0
0.956667 0 0 0 0
0.963333 0 0 0 0
0.97 0 0 0 0
0.976667 0 0 0 0
0.983333 0 0 0 0
0.99 0 0 0 0
0.996667 0 0 0 0
1.00333 0 0 0 0
1.01 0 0 0 0
1.01667 0 0 0 0
1.02333 0 0 0 0
1.03 0 0 0 0
1.03667 0 0 0 0
1.04333 0 0 0 0
1.05 0 0 0 0
1.05667 0 0 0 0
1.06333 0 0 0 0
1.07 0 0 0 0
1.07667 0 0 0 0
1.08333 0 0 0 0
1.09 0 0 0 0
1.09667 0 0 0 0
1.10333 0 0 0 0
1.11 0 0 0 0
1.11667 0 0 0 0
1.12333 0 0 0 0
1.13 0 0 0 0
1.13667 0 0 0 0
1.14333 0 0 0 0
1.15 0 0 0 0
1.15667 0 0 0 0
1.16333 0 0 0 0
1.17 0 0 0 0
1.17667 0 0 0 0
1.18333 0 0 0 0
1.19 0 0 0 0
1.19667 0 0 0 0
1.20333 0 0 0 0
1.21 0 0 0 0
1.21667 0 0 0 0
1.22333 0 0 0 0
1.23 0 0 0 0
1.23667 0 0 0 0
1.24333 0 0 0 0
1.25 0 0 0 0
1.25667 0 0 0 0
1.26333 0 0 0 0
1.27 0 0 0 0
1.27667 0 0 0 0
1.28333 0 0 0 0
1.29 0 0 0 0
1.29667 0 0 0 0
1.30333 0 0 0 0
1.31 0 0 0 0
1.31667 0 0 0 0
1.32333 0 0 0 0
1.33 0 0 0 0
1.33667 0 0 0 0
1.34333 0 0 0 0
1.35 0 0 0 0
1.35667 0 0 0 0
1.36333 0 0 0 0
1.37 0 0 0 0
1.37667 0 0 0 0
1.38333 0 0 0 0
1.39 0 0 0 0
1.39667 0 0 0 0
1.40333 0 0 0 0
1.41 0 0 0 0
1.41667 0 0 0 0
1.42333 0 0 0 0
1.43 0 0 0 0
1.43667 0 0 0 0
1.44333 0 0 0 0
1.45 0 0 0 0
1.45667 0 0 0 0
1.46333 0 0 0 0
1.47 0 0 0 0
1.47667 0 0 0 0
1.48333 0 0 0 0
1.49 0 0 0 0
1.49667 0 0 0 0
1.50333 0 0 0 0
1.51 0 0 0 0
1.51667 0 0 0 0
1.52333 0 0 0 0
1.53 0 0 0 0
1.53667 0 0 0 0
1.54333 0 0 0 0
1.55 0 0 0 0
1.55667 0 0 0 0
1.56333 0 0 0 0
1.57 0 0 0 0
1.57667 0 0 0 0
1.58333 0 0 0 0
1.59 0 0 0 0
1.59667 0 0 0 0
1.60333 0 0 0 0
1.61 0 0 0 0
1.61667 0 0 0 0
1.62333 0 0 0 0
1.63 0 0 0 0
1.63667 0 0 0 0
1.64333 0 0 0 0
1.65 0 0 0 0
1.65667 0 0 0 0
1.66333 0 0 0 0
1.67 0 0 0 0
1.67667 0 0 0 0
1.68333 0 0 0 0
1.69 0 0 0 0
1.69667 0 0 0 0
1.70333 0 0 0 0
1.71 0 0 0 0
1.71667 0 0 0 0
1.72333 0 0 0 0
1.73 0 0 0 0
1.73667 0 0 0 0
1.74333 0 0 0 0
1.75 0 0 0 0
1.75667 0 0 0 0
1.76333 0 0 0 0
1.77 0 0 0 0
1.77667 0 0 0 0
1.78333 0 0 0 0
1.79 0 0 0 0
1.79667 0 0 0 0
1.80333 0 0 0 0
1.81 0 0 0 0
1.81667 0 0 0 0
1.82333 0 0 0 0
1.83 0 0 0 0
1.83667 0 0 0 0
1.84333 0 0 0 0
1.85 0 0 0 0
1.85667 0 0 0 0
1.86333 0 0 0 0
1.87 0 0 0 0
1.87667 0 0 0 0
1.88333 0 0 0 0
1.89 0 0 0 0
1.89667 0 0 0 0
1.90333 0 0 0 0
1.91 0 0 0 0
1.91667 0 0 0 0
1.92333 0 0 0 0
1.93 0 0 0 0
1.93667 0 0 0 0
1.94333 0 0 0 0
1.95 0 0 0 0
1.95667 0 0 0 0
1.96333 0 0 0 0
1.97 0 0 0 0
1.97667 0 0 0 0
1.98333 0 0 0 0
1.99 0 0 0 0
1.99667 0 0 0 0
