0.00333333 108 41 1 1
0.01 119 49 1 3
0.0166667 130 62 0 3
0.0233333 144 39 1 4
0.03 139 56 0 4
0.0366667 158 54 3 3
0.0433333 180 107 4 4
0.05 249 115 4 3
0.0566667 259 125 3 0
0.0633333 287 143 6 8
0.07 274 140 2 2
0.0766667 323 183 3 10
0.0833333 327 165 7 7
0.09 350 147 8 3
0.0966667 357 184 3 0
0.103333 340 136 6 10
0.11 356 134 2 8
0.116667 393 195 7 6
0.123333 401 158 2 4
0.13 370 179 6 5
0.136667 355 139 3 3
0.143333 358 125 2 7
0.15 326 129 1 3
0.156667 326 136 3 5
0.163333 344 141 2 4
0.17 307 122 6 1
0.176667 309 142 7 2
0.183333 373 154 4 5
0.19 451 150 5 6
0.196667 423 155 3 4
0.203333 379 136 5 5
0.21 383 105 5 7
0.216667 350 125 2 2
0.223333 325 110 9 5
0.23 292 111 3 6
0.236667 257 118 6 8
0.243333 276 96 2 5
0.25 250 87 4 6
0.256667 237 103 3 5
0.263333 224 90 4 6
0.27 219 98 3 3
0.276667 195 90 3 2
0.283333 205 99 0 2
0.29 201 90 0 4
0.296667 189 71 2 3
0.303333 184 83 2 1
0.31 191 88 6 3
0.316667 161 80 2 3
0.323333 157 63 4 5
0.33 151 67 2 5
0.336667 160 66 7 2
0.343333 165 69 0 5
0.35 145 64 5 2
0.356667 133 68 5 2
0.363333 139 45 1 1
0.37 137 70 4 2
0.376667 131 57 4 1
0.383333 126 60 5 1
0.39 140 46 2 4
0.396667 133 57 1 2
0.403333 155 47 4 1
0.41 144 62 1 2
0.416667 113 56 2 2
0.423333 127 65 2 1
0.43 137 55 1 3
0.436667 130 53 0 3
0.443333 140 44 0 6
0.45 133 62 5 1
0.456667 139 54 1 1
0.463333 134 53 3 2
0.47 143 60 2 1
0.476667 107 42 4 1
0.483333 74 52 2 2
0.49 74 44 3 6
0.496667 54 29 2 0
0.503333 44 36 2 2
0.51 62 31 1 0
0.516667 65 27 2 2
0.523333 41 27 4 2
0.53 64 29 1 1
0.536667 63 29 1 1
0.543333 50 23 2 1
0.55 48 31 1 4
0.556667 46 25 1 1
0.563333 44 25 1 0
0.57 42 27 0 2
0.576667 45 20 3 1
0.583333 58 41 1 1
0.59 44 25 0 0
0.596667 35 23 0 3
0.603333 44 21 3 0
0.61 40 21 4 2
0.616667 42 24 3 5
0.623333 50 26 0 2
0.63 37 31 0 2
0.636667 65 28 0 2
0.643333 41 27 1 2
0.65 41 26 1 2
0.656667 29 21 3 2
0.663333 5987 1572 18 93
0.67 0 0 0 0
0.676667 0 0 0 0
0.683333 0 0 0 0
0.69 0 0 0 0
0.696667 0 0 0 0
0.703333 0 0 0 0
0.71 0 0 0 0
0.716667 0 0 0 0
0.723333 0 0 0 0
0.73 0 0 0 0
0.736667 0 0 0 0
0.743333 0 0 0 0
0.75 0 0 0 0
0.756667 0 0 0 0
0.763333 0 0 0 0
0.77 0 0 0 0
0.776667 0 0 0 0
0.783333 0 0 0 0
0.79 0 0 0 0
0.796667 0 0 0 0
0.803333 0 0 0 0
0.81 0 0 0 0
0.816667 0 0 0 0
0.823333 0 0 0 0
0.83 0 0 0 0
0.836667 0 0 0 0
0.843333 0 0 0 0
0.85 0 0 0 0
0.856667 0 0 0 0
0.863333 0 0 0 0
0.87 0 0 0 0
0.876667 0 0 0 0
0.883333 0 0 0 0
0.89 0 0 0 0
0.896667 0 0 0 0
0.903333 0 0 0 0
0.91 0 0 0 0
0.916667 0 0 0 0
0.923333 0 0 0 0
0.93 0 0 0 0
0.936667 0 0 0 0
0.943333 0 0 0 0
0.95 0 0 0 0
0.956667 0 0 0 0
0.963333 0 0 0 0
0.97 0 0 0 0
0.976667 0 0 0 0
0.983333 0 0 0 0
0.99 0 0 0 0
0.996667 0 0 0 0
1.00333 0 0 0 0
1.01 0 0 0 0
1.01667 0 0 0 0
1.02333 0 0 0 0
1.03 0 0 0 0
1.03667 0 0 0 0
1.04333 0 0 0 0
1.05 0 0 0 0
1.05667 0 0 0 0
1.06333 0 0 0 0
1.07 0 0 0 0
1.07667 0 0 0 0
1.08333 0 0 0 0
1.09 0 0 0 0
1.09667 0 0 0 0
1.10333 0 0 0 0
1.11 0 0 0 0
1.11667 0 0 0 0
1.12333 0 0 0 0
1.13 0 0 0 0
1.13667 0 0 0 0
1.14333 0 0 0 0
1.15 0 0 0 0
1.15667 0 0 0 0
1.16333 0 0 0 0
1.17 0 0 0 0
1.17667 0 0 0 0
1.18333 0 0 0 0
1.19 0 0 0 0
1.19667 0 0 0 0
1.20333 0 0 0 0
1.21 0 0 0 0
1.21667 0 0 0 0
1.22333 0 0 0 0
1.23 0 0 0 0
1.23667 0 0 0 0
1.24333 0 0 0 0
1.25 0 0 0 0
1.25667 0 0 0 0
1.26333 0 0 0 0
1.27 0 0 0 0
1.27667 0 0 0 0
1.28333 0 0 0 0
1.29 0 0 0 0
1.29667 0 0 0 0
1.30333 0 0 0 0
1.31 0 0 0 0
1.31667 0 0 0 0
1.32333 0 0 0 0
1.33 0 0 0 0
1.33667 0 0 0 0
1.34333 0 0 0 0
1.35 0 0 0 0
1.35667 0 0 0 0
1.36333 0 0 0 0
1.37 0 0 0 0
1.37667 0 0 0 0
1.38333 0 0 0 0
1.39 0 0 0 0
1.39667 0 0 0 0
1.40333 0 0 0 0
1.41 0 0 0 0
1.41667 0 0 0 0
1.42333 0 0 0 0
1.43 0 0 0 0
1.43667 0 0 0 0
1.44333 0 0 0 0
1.45 0 0 0 0
1.45667 0 0 0 0
1.46333 0 0 0 0
1.47 0 0 0 0
1.47667 0 0 0 0
1.48333 0 0 0 0
1.49 0 0 0 0
1.49667 0 0 0 0
1.50333 0 0 0 0
1.51 0 0 0 0
1.51667 0 0 0 0
1.52333 0 0 0 0
1.53 0 0 0 0
1.53667 0 0 0 0
1.54333 0 0 0 0
1.55 0 0 0 0
1.55667 0 0 0 0
1.56333 0 0 0 0
1.57 0 0 0 0
1.57667 0 0 0 0
1.58333 0 0 0 0
1.59 0 0 0 0
1.59667 0 0 0 0
1.60333 0 0 0 0
1.61 0 0 0 0
1.61667 0 0 0 0
1.62333 0 0 0 0
1.63 0 0 0 0
1.63667 0 0 0 0
1.64333 0 0 0 0
1.65 0 0 0 0
1.65667 0 0 0 0
1.66333 0 0 0 0
1.67 0 0 0 0
1.67667 0 0 0 0
1.68333 0 0 0 0
1.69 0 0 0 0
1.69667 0 0 0 0
1.70333 0 0 0 0
1.71 0 0 0 0
1.71667 0 0 0 0
1.72333 0 0 0 0
1.73 0 0 0 0
1.73667 0 0 0 0
1.74333 0 0 0 0
1.75 0 0 0 0
1.75667 0 0 0 0
1.76333 0 0 0 0
1.77 0 0 0 0
1.77667 0 0 0 0
1.78333 0 0 0 0
1.79 0 0 0 0
1.79667 0 0 0 0
1.80333 0 0 0 0
1.81 0 0 0 0
1.81667 0 0 0 0
1.82333 0 0 0 0
1.83 0 0 0 0
1.83667 0 0 0 0
1.84333 0 0 0 0
1.85 0 0 0 0
1.85667 0 0 0 0
1.86333 0 0 0 0
1.87 0 0 0 0
1.87667 0 0 0 0
1.88333 0 0 0 0
1.89 0 0 0 0
1.89667 0 0 0 0
1.90333 0 0 0 0
1.91 0 0 0 0
1.91667 0 0 0 0
1.92333 0 0 0 0
1.93 0 0 0 0
1.93667 0 0 0 0
1.94333 0 0 0 0
1.95 0 0 0 0
1.95667 0 0 0 0
1.96333 0 0 0 0
1.97 0 0 0 0
1.97667 0 0 0 0
1.98333 0 0 0 0
1.99 0 0 0 0
1.99667 0 0 0 0
