0.00333333 5 19 15 14
0.01 3 21 21 14
0.0166667 12 23 21 14
0.0233333 10 27 36 16
0.03 13 25 31 12
0.0366667 8 38 49 30
0.0433333 12 51 68 25
0.05 17 63 65 19
0.0566667 21 76 99 33
0.0633333 29 75 89 45
0.07 21 82 103 39
0.0766667 20 80 95 32
0.0833333 27 59 93 48
0.09 33 72 95 43
0.0966667 23 86 101 53
0.103333 33 91 82 42
0.11 27 65 100 35
0.116667 26 76 109 40
0.123333 27 71 97 35
0.13 27 76 96 32
0.136667 26 61 87 37
0.143333 40 60 75 33
0.15 23 72 82 40
0.156667 23 66 76 37
0.163333 16 44 76 41
0.17 26 56 69 23
0.176667 23 61 60 31
0.183333 30 66 60 41
0.19 27 55 82 33
0.196667 29 59 56 31
0.203333 23 63 59 31
0.21 14 62 35 41
0.216667 17 51 49 32
0.223333 27 44 50 26
0.23 18 51 66 25
0.236667 20 39 47 24
0.243333 18 45 46 18
0.25 15 39 39 19
0.256667 13 33 42 19
0.263333 18 38 40 27
0.27 14 41 43 20
0.276667 16 33 44 18
0.283333 10 30 35 12
0.29 17 35 37 12
0.296667 18 30 40 17
0.303333 16 37 35 20
0.31 10 36 30 16
0.316667 9 33 36 17
0.323333 14 25 22 26
0.33 11 26 39 12
0.336667 14 22 29 20
0.343333 10 22 38 10
0.35 16 22 25 22
0.356667 11 38 29 13
0.363333 12 22 24 11
0.37 13 26 35 16
0.376667 5 22 25 14
0.383333 12 23 33 17
0.39 11 21 23 15
0.396667 14 15 31 18
0.403333 10 22 25 21
0.41 7 26 24 10
0.416667 10 18 29 4
0.423333 5 19 14 10
0.43 10 32 22 19
0.436667 9 23 28 16
0.443333 11 22 31 14
0.45 9 32 29 15
0.456667 11 14 20 12
0.463333 7 19 19 8
0.47 7 18 18 11
0.476667 12 20 20 20
0.483333 13 24 20 8
0.49 3 20 18 7
0.496667 4 18 21 13
0.503333 8 14 15 8
0.51 3 15 14 11
0.516667 4 15 14 7
0.523333 2 12 27 12
0.53 3 11 17 3
0.536667 7 11 9 5
0.543333 7 12 12 11
0.55 4 14 16 8
0.556667 9 12 14 8
0.563333 6 9 12 6
0.57 8 15 10 12
0.576667 15 12 9 7
0.583333 6 12 15 13
0.59 2 16 10 15
0.596667 10 6 12 4
0.603333 6 13 12 7
0.61 7 12 13 6
0.616667 8 8 16 3
0.623333 6 8 17 8
0.63 4 10 10 5
0.636667 2 10 11 7
0.643333 3 5 11 4
0.65 2 10 6 4
0.656667 1 10 8 8
0.663333 221 436 435 349
0.67 0 0 0 0
0.676667 0 0 0 0
0.683333 0 0 0 0
0.69 0 0 0 0
0.696667 0 0 0 0
0.703333 0 0 0 0
0.71 0 0 0 0
0.716667 0 0 0 0
0.723333 0 0 0 0
0.73 0 0 0 0
0.736667 0 0 0 0
0.743333 0 0 0 0
0.75 0 0 0 0
0.756667 0 0 0 0
0.763333 0 0 0 0
0.77 0 0 0 0
0.776667 0 0 0 0
0.783333 0 0 0 0
0.79 0 0 0 0
0.796667 0 0 0 0
0.803333 0 0 0 0
0.81 0 0 0 0
0.816667 0 0 0 0
0.823333 0 0 0 0
0.83 0 0 0 0
0.836667 0 0 0 0
0.843333 0 0 0 0
0.85 0 0 0 0
0.856667 0 0 0 0
0.863333 0 0 0 0
0.87 0 0 0 0
0.876667 0 0 0 0
0.883333 0 0 0 0
0.89 0 0 0 0
0.896667 0 0 0 0
0.903333 0 0 0 0
0.91 0 0 0 0
0.916667 0 0 0 0
0.923333 0 0 0 0
0.93 0 0 0 0
0.936667 0 0 0 0
0.943333 0 0 0 0
0.95 0 0 0 0
0.956667 0 0 0 0
0.963333 0 0 0 0
0.97 0 0 0 0
0.976667 0 0 0 0
0.983333 0 0 0 0
0.99 0 0 0 0
0.996667 0 0 0 0
1.00333 0 0 0 0
1.01 0 0 0 0
1.01667 0 0 0 0
1.02333 0 0 0 0
1.03 0 0 0 0
1.03667 0 0 0 0
1.04333 0 0 0 0
1.05 0 0 0 0
1.05667 0 0 0 0
1.06333 0 0 0 0
1.07 0 0 0 0
1.07667 0 0 0 0
1.08333 0 0 0 0
1.09 0 0 0 0
1.09667 0 0 0 0
1.10333 0 0 0 0
1.11 0 0 0 0
1.11667 0 0 0 0
1.12333 0 0 0 0
1.13 0 0 0 0
1.13667 0 0 0 0
1.14333 0 0 0 0
1.15 0 0 0 0
1.15667 0 0 0 0
1.16333 0 0 0 0
1.17 0 0 0 0
1.17667 0 0 0 0
1.18333 0 0 0 0
1.19 0 0 0 0
1.19667 0 0 0 0
1.20333 0 0 0 0
1.21 0 0 0 0
1.21667 0 0 0 0
1.22333 0 0 0 0
1.23 0 0 0 0
1.23667 0 0 0 0
1.24333 0 0 0 0
1.25 0 0 0 0
1.25667 0 0 0 0
1.26333 0 0 0 0
1.27 0 0 0 0
1.27667 0 0 0 0
1.28333 0 0 0 0
1.29 0 0 0 0
1.29667 0 0 0 0
1.30333 0 0 0 0
1.31 0 0 0 0
1.31667 0 0 0 0
1.32333 0 0 0 0
1.33 0 0 0 0
1.33667 0 0 0 0
1.34333 0 0 0 0
1.35 0 0 0 0
1.35667 0 0 0 0
1.36333 0 0 0 0
1.37 0 0 0 0
1.37667 0 0 0 0
1.38333 0 0 0 0
1.39 0 0 0 0
1.39667 0 0 0 0
1.40333 0 0 0 0
1.41 0 0 0 0
1.41667 0 0 0 0
1.42333 0 0 0 0
1.43 0 0 0 0
1.43667 0 0 0 0
1.44333 0 0 0 0
1.45 0 0 0 0
1.45667 0 0 0 0
1.46333 0 0 0 0
1.47 0 0 0 0
1.47667 0 0 0 0
1.48333 0 0 0 0
1.49 0 0 0 0
1.49667 0 0 0 0
1.50333 0 0 0 0
1.51 0 0 0 0
1.51667 0 0 0 0
1.52333 0 0 0 0
1.53 0 0 0 0
1.53667 0 0 0 0
1.54333 0 0 0 0
1.55 0 0 0 0
1.55667 0 0 0 0
1.56333 0 0 0 0
1.57 0 0 0 0
1.57667 0 0 0 0
1.58333 0 0 0 0
1.59 0 0 0 0
1.59667 0 0 0 0
1.60333 0 0 0 0
1.61 0 0 0 0
1.61667 0 0 0 0
1.62333 0 0 0 0
1.63 0 0 0 0
1.63667 0 0 0 0
1.64333 0 0 0 0
1.65 0 0 0 0
1.65667 0 0 0 0
1.66333 0 0 0 0
1.67 0 0 0 0
1.67667 0 0 0 0
1.68333 0 0 0 0
1.69 0 0 0 0
1.69667 0 0 0 0
1.70333 0 0 0 0
1.71 0 0 0 0
1.71667 0 0 0 0
1.72333 0 0 0 0
1.73 0 0 0 0
1.73667 0 0 0 0
1.74333 0 0 0 0
1.75 0 0 0 0
1.75667 0 0 0 0
1.76333 0 0 0 0
1.77 0 0 0 0
1.77667 0 0 0 0
1.78333 0 0 0 0
1.79 0 0 0 0
1.79667 0 0 0 0
1.80333 0 0 0 0
1.81 0 0 0 0
1.81667 0 0 0 0
1.82333 0 0 0 0
1.83 0 0 0 0
1.83667 0 0 0 0
1.84333 0 0 0 0
1.85 0 0 0 0
1.85667 0 0 0 0
1.86333 0 0 0 0
1.87 0 0 0 0
1.87667 0 0 0 0
1.88333 0 0 0 0
1.89 0 0 0 0
1.89667 0 0 0 0
1.90333 0 0 0 0
1.91 0 0 0 0
1.91667 0 0 0 0
1.92333 0 0 0 0
1.93 0 0 0 0
1.93667 0 0 0 0
1.94333 0 0 0 0
1.95 0 0 0 0
1.95667 0 0 0 0
1.96333 0 0 0 0
1.97 0 0 0 0
1.97667 0 0 0 0
1.98333 0 0 0 0
1.99 0 0 0 0
1.99667 0 0 0 0
