0.00333333 7 21 14 13
0.01 7 26 13 9
0.0166667 16 31 21 11
0.0233333 12 31 20 12
0.03 16 40 31 11
0.0366667 10 44 30 9
0.0433333 21 68 54 17
0.05 33 81 62 17
0.0566667 32 75 87 24
0.0633333 25 96 80 26
0.07 28 104 91 30
0.0766667 27 97 82 22
0.0833333 20 101 76 32
0.09 40 79 77 26
0.0966667 23 107 76 27
0.103333 36 122 74 32
0.11 28 90 83 35
0.116667 31 105 75 20
0.123333 27 90 87 22
0.13 43 83 74 27
0.136667 31 74 67 33
0.143333 33 81 61 33
0.15 21 76 72 25
0.156667 21 64 65 26
0.163333 32 66 62 29
0.17 29 65 51 18
0.176667 32 77 56 14
0.183333 33 69 57 29
0.19 29 73 69 29
0.196667 29 58 56 16
0.203333 32 63 62 26
0.21 26 88 41 27
0.216667 24 55 43 24
0.223333 23 45 37 20
0.23 13 55 29 14
0.236667 22 59 48 17
0.243333 20 40 35 16
0.25 20 53 37 7
0.256667 19 51 44 16
0.263333 23 45 41 18
0.27 7 45 27 16
0.276667 17 43 35 13
0.283333 20 30 27 12
0.29 17 34 32 10
0.296667 16 35 29 10
0.303333 16 39 30 14
0.31 21 43 15 14
0.316667 19 39 32 11
0.323333 20 37 22 13
0.33 14 35 23 11
0.336667 7 43 34 20
0.343333 12 27 19 11
0.35 13 29 24 12
0.356667 12 36 30 5
0.363333 17 28 29 8
0.37 13 31 31 5
0.376667 12 32 19 10
0.383333 11 25 24 10
0.39 17 29 20 8
0.396667 16 23 21 17
0.403333 9 19 24 13
0.41 6 29 30 6
0.416667 10 29 15 8
0.423333 10 25 19 10
0.43 9 26 20 12
0.436667 11 29 20 14
0.443333 10 12 20 10
0.45 10 28 20 10
0.456667 14 26 20 15
0.463333 12 28 18 13
0.47 9 22 21 8
0.476667 14 21 13 12
0.483333 14 18 17 12
0.49 3 22 11 8
0.496667 10 20 13 11
0.503333 8 17 14 3
0.51 9 17 8 8
0.516667 6 12 11 5
0.523333 5 16 14 7
0.53 5 14 13 2
0.536667 5 15 15 5
0.543333 13 15 16 5
0.55 3 17 15 4
0.556667 9 13 14 6
0.563333 5 17 8 6
0.57 5 18 6 11
0.576667 7 19 10 6
0.583333 8 19 13 12
0.59 3 28 18 8
0.596667 12 9 12 3
0.603333 15 8 8 3
0.61 8 11 12 5
0.616667 7 6 10 2
0.623333 7 16 18 8
0.63 6 14 14 6
0.636667 10 11 7 7
0.643333 8 15 11 7
0.65 4 18 5 4
0.656667 3 13 5 7
0.663333 254 467 371 209
0.67 0 0 0 0
0.676667 0 0 0 0
0.683333 0 0 0 0
0.69 0 0 0 0
0.696667 0 0 0 0
0.703333 0 0 0 0
0.71 0 0 0 0
0.716667 0 0 0 0
0.723333 0 0 0 0
0.73 0 0 0 0
0.736667 0 0 0 0
0.743333 0 0 0 0
0.75 0 0 0 0
0.756667 0 0 0 0
0.763333 0 0 0 0
0.77 0 0 0 0
0.776667 0 0 0 0
0.783333 0 0 0 0
0.79 0 0 0 0
0.796667 0 0 0 0
0.803333 0 0 0 0
0.81 0 0 0 0
0.816667 0 0 0 0
0.823333 0 0 0 0
0.83 0 0 0 0
0.836667 0 0 0 0
0.843333 0 0 0 0
0.85 0 0 0 0
0.856667 0 0 0 0
0.863333 0 0 0 0
0.87 0 0 0 0
0.876667 0 0 0 0
0.883333 0 0 0 0
0.89 0 0 0 0
0.896667 0 0 0 0
0.903333 0 0 0 0
0.91 0 0 0 0
0.916667 0 0 0 0
0.923333 0 0 0 0
0.93 0 0 0 0
0.936667 0 0 0 0
0.943333 0 0 0 0
0.95 0 0 0 0
0.956667 0 0 0 0
0.963333 0 0 0 0
0.97 0 0 0 0
0.976667 0 0 0 0
0.983333 0 0 0 0
0.99 0 0 0 0
0.996667 0 0 0 0
1.00333 0 0 0 0
1.01 0 0 0 0
1.01667 0 0 0 0
1.02333 0 0 0 0
1.03 0 0 0 0
1.03667 0 0 0 0
1.04333 0 0 0 0
1.05 0 0 0 0
1.05667 0 0 0 0
1.06333 0 0 0 0
1.07 0 0 0 0
1.07667 0 0 0 0
1.08333 0 0 0 0
1.09 0 0 0 0
1.09667 0 0 0 0
1.10333 0 0 0 0
1.11 0 0 0 0
1.11667 0 0 0 0
1.12333 0 0 0 0
1.13 0 0 0 0
1.13667 0 0 0 0
1.14333 0 0 0 0
1.15 0 0 0 0
1.15667 0 0 0 0
1.16333 0 0 0 0
1.17 0 0 0 0
1.17667 0 0 0 0
1.18333 0 0 0 0
1.19 0 0 0 0
1.19667 0 0 0 0
1.20333 0 0 0 0
1.21 0 0 0 0
1.21667 0 0 0 0
1.22333 0 0 0 0
1.23 0 0 0 0
1.23667 0 0 0 0
1.24333 0 0 0 0
1.25 0 0 0 0
1.25667 0 0 0 0
1.26333 0 0 0 0
1.27 0 0 0 0
1.27667 0 0 0 0
1.28333 0 0 0 0
1.29 0 0 0 0
1.29667 0 0 0 0
1.30333 0 0 0 0
1.31 0 0 0 0
1.31667 0 0 0 0
1.32333 0 0 0 0
1.33 0 0 0 0
1.33667 0 0 0 0
1.34333 0 0 0 0
1.35 0 0 0 0
1.35667 0 0 0 0
1.36333 0 0 0 0
1.37 0 0 0 0
1.37667 0 0 0 0
1.38333 0 0 0 0
1.39 0 0 0 0
1.39667 0 0 0 0
1.40333 0 0 0 0
1.41 0 0 0 0
1.41667 0 0 0 0
1.42333 0 0 0 0
1.43 0 0 0 0
1.43667 0 0 0 0
1.44333 0 0 0 0
1.45 0 0 0 0
1.45667 0 0 0 0
1.46333 0 0 0 0
1.47 0 0 0 0
1.47667 0 0 0 0
1.48333 0 0 0 0
1.49 0 0 0 0
1.49667 0 0 0 0
1.50333 0 0 0 0
1.51 0 0 0 0
1.51667 0 0 0 0
1.52333 0 0 0 0
1.53 0 0 0 0
1.53667 0 0 0 0
1.54333 0 0 0 0
1.55 0 0 0 0
1.55667 0 0 0 0
1.56333 0 0 0 0
1.57 0 0 0 0
1.57667 0 0 0 0
1.58333 0 0 0 0
1.59 0 0 0 0
1.59667 0 0 0 0
1.60333 0 0 0 0
1.61 0 0 0 0
1.61667 0 0 0 0
1.62333 0 0 0 0
1.63 0 0 0 0
1.63667 0 0 0 0
1.64333 0 0 0 0
1.65 0 0 0 0
1.65667 0 0 0 0
1.66333 0 0 0 0
1.67 0 0 0 0
1.67667 0 0 0 0
1.68333 0 0 0 0
1.69 0 0 0 0
1.69667 0 0 0 0
1.70333 0 0 0 0
1.71 0 0 0 0
1.71667 0 0 0 0
1.72333 0 0 0 0
1.73 0 0 0 0
1.73667 0 0 0 0
1.74333 0 0 0 0
1.75 0 0 0 0
1.75667 0 0 0 0
1.76333 0 0 0 0
1.77 0 0 0 0
1.77667 0 0 0 0
1.78333 0 0 0 0
1.79 0 0 0 0
1.79667 0 0 0 0
1.80333 0 0 0 0
1.81 0 0 0 0
1.81667 0 0 0 0
1.82333 0 0 0 0
1.83 0 0 0 0
1.83667 0 0 0 0
1.84333 0 0 0 0
1.85 0 0 0 0
1.85667 0 0 0 0
1.86333 0 0 0 0
1.87 0 0 0 0
1.87667 0 0 0 0
1.88333 0 0 0 0
1.89 0 0 0 0
1.89667 0 0 0 0
1.90333 0 0 0 0
1.91 0 0 0 0
1.91667 0 0 0 0
1.92333 0 0 0 0
1.93 0 0 0 0
1.93667 0 0 0 0
1.94333 0 0 0 0
1.95 0 0 0 0
1.95667 0 0 0 0
1.96333 0 0 0 0
1.97 0 0 0 0
1.97667 0 0 0 0
1.98333 0 0 0 0
1.99 0 0 0 0
1.99667 0 0 0 0
