0.00333333 17 40 9 0
0.01 17 43 13 3
0.0166667 17 50 14 2
0.0233333 17 58 16 2
0.03 16 65 20 2
0.0366667 31 68 17 0
0.0433333 48 93 13 2
0.05 50 116 25 0
0.0566667 61 145 24 2
0.0633333 75 170 30 5
0.07 71 173 17 4
0.0766667 73 168 32 6
0.0833333 69 157 33 4
0.09 72 160 37 1
0.0966667 72 175 30 4
0.103333 63 166 36 4
0.11 79 143 27 4
0.116667 75 202 38 5
0.123333 67 172 46 2
0.13 44 146 38 1
0.136667 59 163 28 4
0.143333 50 149 27 3
0.15 42 144 25 1
0.156667 29 141 26 1
0.163333 42 129 31 2
0.17 37 134 31 2
0.176667 41 131 22 1
0.183333 39 123 25 1
0.19 40 140 42 1
0.196667 50 145 40 3
0.203333 33 120 28 2
0.21 45 102 20 1
0.216667 42 122 26 3
0.223333 20 110 30 2
0.23 30 126 27 1
0.236667 31 117 24 1
0.243333 36 106 25 2
0.25 43 104 22 3
0.256667 23 95 13 2
0.263333 33 96 27 2
0.27 37 79 18 1
0.276667 33 90 18 1
0.283333 21 84 24 1
0.29 31 93 15 0
0.296667 20 64 15 2
0.303333 24 80 20 1
0.31 25 79 12 0
0.316667 26 54 21 1
0.323333 25 66 17 2
0.33 21 67 20 0
0.336667 25 62 21 2
0.343333 31 75 16 0
0.35 26 64 10 3
0.356667 20 62 15 3
0.363333 20 61 12 1
0.37 18 55 18 1
0.376667 28 54 14 1
0.383333 20 60 13 1
0.39 26 63 14 0
0.396667 19 46 17 1
0.403333 14 60 13 2
0.41 21 50 15 0
0.416667 25 63 22 3
0.423333 16 48 12 0
0.43 16 54 15 1
0.436667 20 60 16 2
0.443333 23 54 12 0
0.45 17 60 14 3
0.456667 19 47 13 2
0.463333 11 54 17 0
0.47 9 42 12 0
0.476667 10 56 10 1
0.483333 14 35 5 1
0.49 22 44 11 1
0.496667 11 29 6 0
0.503333 6 32 17 2
0.51 17 33 5 0
0.516667 18 37 3 1
0.523333 15 21 3 1
0.53 8 29 6 0
0.536667 15 34 8 2
0.543333 7 34 7 0
0.55 8 30 6 0
0.556667 6 31 8 0
0.563333 10 30 7 0
0.57 15 23 3 0
0.576667 6 38 7 1
0.583333 10 36 8 1
0.59 10 23 10 1
0.596667 11 33 5 1
0.603333 5 34 8 0
0.61 5 26 6 1
0.616667 4 30 9 0
0.623333 9 26 5 1
0.63 7 30 8 1
0.636667 7 33 10 0
0.643333 11 23 5 0
0.65 8 21 5 1
0.656667 8 28 3 0
0.663333 281 1417 515 7
0.67 0 0 0 0
0.676667 0 0 0 0
0.683333 0 0 0 0
0.69 0 0 0 0
0.696667 0 0 0 0
0.703333 0 0 0 0
0.71 0 0 0 0
0.716667 0 0 0 0
0.723333 0 0 0 0
0.73 0 0 0 0
0.736667 0 0 0 0
0.743333 0 0 0 0
0.75 0 0 0 0
0.756667 0 0 0 0
0.763333 0 0 0 0
0.77 0 0 0 0
0.776667 0 0 0 0
0.783333 0 0 0 0
0.79 0 0 0 0
0.796667 0 0 0 0
0.803333 0 0 0 0
0.81 0 0 0 0
0.816667 0 0 0 0
0.823333 0 0 0 0
0.83 0 0 0 0
0.836667 0 0 0 0
0.843333 0 0 0 0
0.85 0 0 0 0
0.856667 0 0 0 0
0.863333 0 0 0 0
0.87 0 0 0 0
0.876667 0 0 0 0
0.883333 0 0 0 0
0.89 0 0 0 0
0.896667 0 0 0 0
0.903333 0 0 0 0
0.91 0 0 0 0
0.916667 0 0 0 0
0.923333 0 0 0 0
0.93 0 0 0 0
0.936667 0 0 0 0
0.943333 0 0 0 0
0.95 0 0 0 0
0.956667 0 0 0 0
0.963333 0 0 0 0
0.97 0 0 0 0
0.976667 0 0 0 0
0.983333 0 0 0 0
0.99 0 0 0 0
0.996667 0 0 0 0
1.00333 0 0 0 0
1.01 0 0 0 0
1.01667 0 0 0 0
1.02333 0 0 0 0
1.03 0 0 0 0
1.03667 0 0 0 0
1.04333 0 0 0 0
1.05 0 0 0 0
1.05667 0 0 0 0
1.06333 0 0 0 0
1.07 0 0 0 0
1.07667 0 0 0 0
1.08333 0 0 0 0
1.09 0 0 0 0
1.09667 0 0 0 0
1.10333 0 0 0 0
1.11 0 0 0 0
1.11667 0 0 0 0
1.12333 0 0 0 0
1.13 0 0 0 0
1.13667 0 0 0 0
1.14333 0 0 0 0
1.15 0 0 0 0
1.15667 0 0 0 0
1.16333 0 0 0 0
1.17 0 0 0 0
1.17667 0 0 0 0
1.18333 0 0 0 0
1.19 0 0 0 0
1.19667 0 0 0 0
1.20333 0 0 0 0
1.21 0 0 0 0
1.21667 0 0 0 0
1.22333 0 0 0 0
1.23 0 0 0 0
1.23667 0 0 0 0
1.24333 0 0 0 0
1.25 0 0 0 0
1.25667 0 0 0 0
1.26333 0 0 0 0
1.27 0 0 0 0
1.27667 0 0 0 0
1.28333 0 0 0 0
1.29 0 0 0 0
1.29667 0 0 0 0
1.30333 0 0 0 0
1.31 0 0 0 0
1.31667 0 0 0 0
1.32333 0 0 0 0
1.33 0 0 0 0
1.33667 0 0 0 0
1.34333 0 0 0 0
1.35 0 0 0 0
1.35667 0 0 0 0
1.36333 0 0 0 0
1.37 0 0 0 0
1.37667 0 0 0 0
1.38333 0 0 0 0
1.39 0 0 0 0
1.39667 0 0 0 0
1.40333 0 0 0 0
1.41 0 0 0 0
1.41667 0 0 0 0
1.42333 0 0 0 0
1.43 0 0 0 0
1.43667 0 0 0 0
1.44333 0 0 0 0
1.45 0 0 0 0
1.45667 0 0 0 0
1.46333 0 0 0 0
1.47 0 0 0 0
1.47667 0 0 0 0
1.48333 0 0 0 0
1.49 0 0 0 0
1.49667 0 0 0 0
1.50333 0 0 0 0
1.51 0 0 0 0
1.51667 0 0 0 0
1.52333 0 0 0 0
1.53 0 0 0 0
1.53667 0 0 0 0
1.54333 0 0 0 0
1.55 0 0 0 0
1.55667 0 0 0 0
1.56333 0 0 0 0
1.57 0 0 0 0
1.57667 0 0 0 0
1.58333 0 0 0 0
1.59 0 0 0 0
1.59667 0 0 0 0
1.60333 0 0 0 0
1.61 0 0 0 0
1.61667 0 0 0 0
1.62333 0 0 0 0
1.63 0 0 0 0
1.63667 0 0 0 0
1.64333 0 0 0 0
1.65 0 0 0 0
1.65667 0 0 0 0
1.66333 0 0 0 0
1.67 0 0 0 0
1.67667 0 0 0 0
1.68333 0 0 0 0
1.69 0 0 0 0
1.69667 0 0 0 0
1.70333 0 0 0 0
1.71 0 0 0 0
1.71667 0 0 0 0
1.72333 0 0 0 0
1.73 0 0 0 0
1.73667 0 0 0 0
1.74333 0 0 0 0
1.75 0 0 0 0
1.75667 0 0 0 0
1.76333 0 0 0 0
1.77 0 0 0 0
1.77667 0 0 0 0
1.78333 0 0 0 0
1.79 0 0 0 0
1.79667 0 0 0 0
1.80333 0 0 0 0
1.81 0 0 0 0
1.81667 0 0 0 0
1.82333 0 0 0 0
1.83 0 0 0 0
1.83667 0 0 0 0
1.84333 0 0 0 0
1.85 0 0 0 0
1.85667 0 0 0 0
1.86333 0 0 0 0
1.87 0 0 0 0
1.87667 0 0 0 0
1.88333 0 0 0 0
1.89 0 0 0 0
1.89667 0 0 0 0
1.90333 0 0 0 0
1.91 0 0 0 0
1.91667 0 0 0 0
1.92333 0 0 0 0
1.93 0 0 0 0
1.93667 0 0 0 0
1.94333 0 0 0 0
1.95 0 0 0 0
1.95667 0 0 0 0
1.96333 0 0 0 0
1.97 0 0 0 0
1.97667 0 0 0 0
1.98333 0 0 0 0
1.99 0 0 0 0
1.99667 0 0 0 0
