0.00333333 2 6 34 40
0.01 2 7 26 42
0.0166667 2 8 36 58
0.0233333 5 6 51 48
0.03 5 6 64 67
0.0366667 0 12 69 76
0.0433333 3 11 117 81
0.05 5 13 130 95
0.0566667 1 12 160 120
0.0633333 4 11 187 135
0.07 9 15 159 163
0.0766667 6 22 183 162
0.0833333 9 17 173 154
0.09 8 13 167 176
0.0966667 13 16 194 145
0.103333 8 17 174 165
0.11 11 19 188 171
0.116667 7 13 158 162
0.123333 6 20 145 164
0.13 8 19 166 142
0.136667 7 19 144 130
0.143333 7 15 141 167
0.15 5 14 122 131
0.156667 2 8 135 136
0.163333 8 10 110 122
0.17 5 20 133 126
0.176667 5 5 125 127
0.183333 5 14 103 135
0.19 4 10 130 161
0.196667 5 11 110 133
0.203333 9 22 114 139
0.21 6 10 108 116
0.216667 9 13 123 133
0.223333 8 11 88 137
0.23 5 15 97 107
0.236667 0 12 76 98
0.243333 4 8 86 113
0.25 3 14 88 110
0.256667 1 8 89 94
0.263333 4 8 87 77
0.27 2 4 66 85
0.276667 1 11 59 83
0.283333 5 9 80 71
0.29 2 8 68 91
0.296667 3 11 65 54
0.303333 3 11 76 64
0.31 1 4 70 57
0.316667 2 4 69 69
0.323333 2 7 58 79
0.33 3 9 52 73
0.336667 3 7 54 62
0.343333 2 5 52 59
0.35 1 6 55 48
0.356667 1 10 42 56
0.363333 1 4 37 57
0.37 3 9 59 61
0.376667 5 9 47 55
0.383333 3 10 46 64
0.39 2 5 47 59
0.396667 5 3 40 56
0.403333 3 6 40 55
0.41 4 3 32 43
0.416667 1 12 42 53
0.423333 2 5 45 55
0.43 0 3 33 43
0.436667 4 5 39 50
0.443333 3 2 42 55
0.45 1 6 46 53
0.456667 1 3 46 40
0.463333 2 6 33 44
0.47 2 4 41 47
0.476667 2 10 37 37
0.483333 4 5 25 27
0.49 2 7 24 31
0.496667 3 5 22 17
0.503333 1 4 28 24
0.51 1 2 22 31
0.516667 2 4 17 31
0.523333 2 2 21 38
0.53 2 3 32 30
0.536667 1 3 27 23
0.543333 2 2 23 19
0.55 2 6 22 22
0.556667 1 4 22 21
0.563333 3 1 21 22
0.57 3 3 15 22
0.576667 3 1 15 12
0.583333 3 9 14 26
0.59 4 6 20 22
0.596667 2 2 20 30
0.603333 1 5 20 23
0.61 3 0 31 32
0.616667 2 1 20 23
0.623333 1 2 22 18
0.63 0 4 13 17
0.636667 2 4 21 31
0.643333 2 3 16 23
0.65 1 1 21 24
0.656667 1 5 20 16
0.663333 51 84 988 1439
0.67 0 0 0 0
0.676667 0 0 0 0
0.683333 0 0 0 0
0.69 0 0 0 0
0.696667 0 0 0 0
0.703333 0 0 0 0
0.71 0 0 0 0
0.716667 0 0 0 0
0.723333 0 0 0 0
0.73 0 0 0 0
0.736667 0 0 0 0
0.743333 0 0 0 0
0.75 0 0 0 0
0.756667 0 0 0 0
0.763333 0 0 0 0
0.77 0 0 0 0
0.776667 0 0 0 0
0.783333 0 0 0 0
0.79 0 0 0 0
0.796667 0 0 0 0
0.803333 0 0 0 0
0.81 0 0 0 0
0.816667 0 0 0 0
0.823333 0 0 0 0
0.83 0 0 0 0
0.836667 0 0 0 0
0.843333 0 0 0 0
0.85 0 0 0 0
0.856667 0 0 0 0
0.863333 0 0 0 0
0.87 0 0 0 0
0.876667 0 0 0 0
0.883333 0 0 0 0
0.89 0 0 0 0
0.896667 0 0 0 0
0.903333 0 0 0 0
0.91 0 0 0 0
0.916667 0 0 0 0
0.923333 0 0 0 0
0.93 0 0 0 0
0.936667 0 0 0 0
0.943333 0 0 0 0
0.95 0 0 0 0
0.956667 0 0 0 0
0.963333 0 0 0 0
0.97 0 0 0 0
0.976667 0 0 0 0
0.983333 0 0 0 0
0.99 0 0 0 0
0.996667 0 0 0 0
1.00333 0 0 0 0
1.01 0 0 0 0
1.01667 0 0 0 0
1.02333 0 0 0 0
1.03 0 0 0 0
1.03667 0 0 0 0
1.04333 0 0 0 0
1.05 0 0 0 0
1.05667 0 0 0 0
1.06333 0 0 0 0
1.07 0 0 0 0
1.07667 0 0 0 0
1.08333 0 0 0 0
1.09 0 0 0 0
1.09667 0 0 0 0
1.10333 0 0 0 0
1.11 0 0 0 0
1.11667 0 0 0 0
1.12333 0 0 0 0
1.13 0 0 0 0
1.13667 0 0 0 0
1.14333 0 0 0 0
1.15 0 0 0 0
1.15667 0 0 0 0
1.16333 0 0 0 0
1.17 0 0 0 0
1.17667 0 0 0 0
1.18333 0 0 0 0
1.19 0 0 0 0
1.19667 0 0 0 0
1.20333 0 0 0 0
1.21 0 0 0 0
1.21667 0 0 0 0
1.22333 0 0 0 0
1.23 0 0 0 0
1.23667 0 0 0 0
1.24333 0 0 0 0
1.25 0 0 0 0
1.25667 0 0 0 0
1.26333 0 0 0 0
1.27 0 0 0 0
1.27667 0 0 0 0
1.28333 0 0 0 0
1.29 0 0 0 0
1.29667 0 0 0 0
1.30333 0 0 0 0
1.31 0 0 0 0
1.31667 0 0 0 0
1.32333 0 0 0 0
1.33 0 0 0 0
1.33667 0 0 0 0
1.34333 0 0 0 0
1.35 0 0 0 0
1.35667 0 0 0 0
1.36333 0 0 0 0
1.37 0 0 0 0
1.37667 0 0 0 0
1.38333 0 0 0 0
1.39 0 0 0 0
1.39667 0 0 0 0
1.40333 0 0 0 0
1.41 0 0 0 0
1.41667 0 0 0 0
1.42333 0 0 0 0
1.43 0 0 0 0
1.43667 0 0 0 0
1.44333 0 0 0 0
1.45 0 0 0 0
1.45667 0 0 0 0
1.46333 0 0 0 0
1.47 0 0 0 0
1.47667 0 0 0 0
1.48333 0 0 0 0
1.49 0 0 0 0
1.49667 0 0 0 0
1.50333 0 0 0 0
1.51 0 0 0 0
1.51667 0 0 0 0
1.52333 0 0 0 0
1.53 0 0 0 0
1.53667 0 0 0 0
1.54333 0 0 0 0
1.55 0 0 0 0
1.55667 0 0 0 0
1.56333 0 0 0 0
1.57 0 0 0 0
1.57667 0 0 0 0
1.58333 0 0 0 0
1.59 0 0 0 0
1.59667 0 0 0 0
1.60333 0 0 0 0
1.61 0 0 0 0
1.61667 0 0 0 0
1.62333 0 0 0 0
1.63 0 0 0 0
1.63667 0 0 0 0
1.64333 0 0 0 0
1.65 0 0 0 0
1.65667 0 0 0 0
1.66333 0 0 0 0
1.67 0 0 0 0
1.67667 0 0 0 0
1.68333 0 0 0 0
1.69 0 0 0 0
1.69667 0 0 0 0
1.70333 0 0 0 0
1.71 0 0 0 0
1.71667 0 0 0 0
1.72333 0 0 0 0
1.73 0 0 0 0
1.73667 0 0 0 0
1.74333 0 0 0 0
1.75 0 0 0 0
1.75667 0 0 0 0
1.76333 0 0 0 0
1.77 0 0 0 0
1.77667 0 0 0 0
1.78333 0 0 0 0
1.79 0 0 0 0
1.79667 0 0 0 0
1.80333 0 0 0 0
1.81 0 0 0 0
1.81667 0 0 0 0
1.82333 0 0 0 0
1.83 0 0 0 0
1.83667 0 0 0 0
1.84333 0 0 0 0
1.85 0 0 0 0
1.85667 0 0 0 0
1.86333 0 0 0 0
1.87 0 0 0 0
1.87667 0 0 0 0
1.88333 0 0 0 0
1.89 0 0 0 0
1.89667 0 0 0 0
1.90333 0 0 0 0
1.91 0 0 0 0
1.91667 0 0 0 0
1.92333 0 0 0 0
1.93 0 0 0 0
1.93667 0 0 0 0
1.94333 0 0 0 0
1.95 0 0 0 0
1.95667 0 0 0 0
1.96333 0 0 0 0
1.97 0 0 0 0
1.97667 0 0 0 0
1.98333 0 0 0 0
1.99 0 0 0 0
1.99667 0 0 0 0
