0.00333333 0 1 57 27
0.01 0 0 78 25
0.0166667 0 3 79 30
0.0233333 0 1 84 43
0.03 0 5 80 39
0.0366667 1 2 111 54
0.0433333 0 5 141 57
0.05 2 3 158 101
0.0566667 4 9 187 105
0.0633333 1 8 218 129
0.07 1 11 187 129
0.0766667 1 5 236 122
0.0833333 3 7 257 125
0.09 5 8 259 122
0.0966667 3 8 235 131
0.103333 2 6 233 120
0.11 1 8 217 126
0.116667 3 11 235 152
0.123333 1 9 224 118
0.13 2 5 221 122
0.136667 1 5 232 101
0.143333 4 6 251 102
0.15 2 6 214 98
0.156667 0 9 227 96
0.163333 2 2 208 95
0.17 3 7 194 96
0.176667 2 6 190 90
0.183333 3 3 202 85
0.19 1 4 248 71
0.196667 0 4 229 73
0.203333 5 7 206 73
0.21 1 4 199 69
0.216667 3 10 201 89
0.223333 1 6 180 78
0.23 0 2 176 61
0.236667 0 1 174 67
0.243333 1 2 136 64
0.25 1 4 155 65
0.256667 2 3 140 53
0.263333 0 3 129 51
0.27 0 4 118 56
0.276667 0 2 137 54
0.283333 3 3 147 45
0.29 2 3 121 57
0.296667 1 1 111 34
0.303333 1 4 85 49
0.31 1 3 111 69
0.316667 2 1 96 45
0.323333 0 3 96 44
0.33 0 5 102 42
0.336667 0 6 108 48
0.343333 0 1 93 44
0.35 0 4 112 48
0.356667 1 1 76 41
0.363333 1 2 77 45
0.37 0 1 76 46
0.376667 1 3 89 32
0.383333 0 4 76 46
0.39 1 3 86 34
0.396667 0 2 79 39
0.403333 1 4 86 32
0.41 0 2 78 40
0.416667 0 2 76 39
0.423333 1 5 90 34
0.43 0 2 78 29
0.436667 0 4 64 25
0.443333 1 4 77 38
0.45 0 1 81 38
0.456667 3 2 75 36
0.463333 0 3 86 34
0.47 2 2 73 27
0.476667 1 1 69 30
0.483333 2 3 61 22
0.49 0 2 56 18
0.496667 1 1 41 28
0.503333 0 3 34 17
0.51 0 3 40 27
0.516667 0 4 42 12
0.523333 0 1 43 27
0.53 0 1 34 16
0.536667 1 2 37 21
0.543333 0 1 29 23
0.55 0 0 42 18
0.556667 0 5 30 20
0.563333 0 3 35 20
0.57 1 0 26 22
0.576667 0 2 27 20
0.583333 0 1 29 16
0.59 0 0 37 9
0.596667 1 1 26 13
0.603333 0 1 35 22
0.61 0 2 29 14
0.616667 1 2 34 17
0.623333 2 1 34 16
0.63 0 1 31 13
0.636667 0 2 59 18
0.643333 0 2 23 17
0.65 2 1 35 21
0.656667 0 1 19 19
0.663333 8 30 2490 679
0.67 0 0 0 0
0.676667 0 0 0 0
0.683333 0 0 0 0
0.69 0 0 0 0
0.696667 0 0 0 0
0.703333 0 0 0 0
0.71 0 0 0 0
0.716667 0 0 0 0
0.723333 0 0 0 0
0.73 0 0 0 0
0.736667 0 0 0 0
0.743333 0 0 0 0
0.75 0 0 0 0
0.756667 0 0 0 0
0.763333 0 0 0 0
0.77 0 0 0 0
0.776667 0 0 0 0
0.783333 0 0 0 0
0.79 0 0 0 0
0.796667 0 0 0 0
0.803333 0 0 0 0
0.81 0 0 0 0
0.816667 0 0 0 0
0.823333 0 0 0 0
0.83 0 0 0 0
0.836667 0 0 0 0
0.843333 0 0 0 0
0.85 0 0 0 0
0.856667 0 0 0 0
0.863333 0 0 0 0
0.87 0 0 0 0
0.876667 0 0 0 0
0.883333 0 0 0 0
0.89 0 0 0 0
0.896667 0 0 0 0
0.903333 0 0 0 0
0.91 0 0 0 0
0.916667 0 0 0 0
0.923333 0 0 0 0
0.93 0 0 0 0
0.936667 0 0 0 0
0.943333 0 0 0 0
0.95 0 0 0 0
0.956667 0 0 0 0
0.963333 0 0 0 0
0.97 0 0 0 0
0.976667 0 0 0 0
0.983333 0 0 0 0
0.99 0 0 0 0
0.996667 0 0 0 0
1.00333 0 0 0 0
1.01 0 0 0 0
1.01667 0 0 0 0
1.02333 0 0 0 0
1.03 0 0 0 0
1.03667 0 0 0 0
1.04333 0 0 0 0
1.05 0 0 0 0
1.05667 0 0 0 0
1.06333 0 0 0 0
1.07 0 0 0 0
1.07667 0 0 0 0
1.08333 0 0 0 0
1.09 0 0 0 0
1.09667 0 0 0 0
1.10333 0 0 0 0
1.11 0 0 0 0
1.11667 0 0 0 0
1.12333 0 0 0 0
1.13 0 0 0 0
1.13667 0 0 0 0
1.14333 0 0 0 0
1.15 0 0 0 0
1.15667 0 0 0 0
1.16333 0 0 0 0
1.17 0 0 0 0
1.17667 0 0 0 0
1.18333 0 0 0 0
1.19 0 0 0 0
1.19667 0 0 0 0
1.20333 0 0 0 0
1.21 0 0 0 0
1.21667 0 0 0 0
1.22333 0 0 0 0
1.23 0 0 0 0
1.23667 0 0 0 0
1.24333 0 0 0 0
1.25 0 0 0 0
1.25667 0 0 0 0
1.26333 0 0 0 0
1.27 0 0 0 0
1.27667 0 0 0 0
1.28333 0 0 0 0
1.29 0 0 0 0
1.29667 0 0 0 0
1.30333 0 0 0 0
1.31 0 0 0 0
1.31667 0 0 0 0
1.32333 0 0 0 0
1.33 0 0 0 0
1.33667 0 0 0 0
1.34333 0 0 0 0
1.35 0 0 0 0
1.35667 0 0 0 0
1.36333 0 0 0 0
1.37 0 0 0 0
1.37667 0 0 0 0
1.38333 0 0 0 0
1.39 0 0 0 0
1.39667 0 0 0 0
1.40333 0 0 0 0
1.41 0 0 0 0
1.41667 0 0 0 0
1.42333 0 0 0 0
1.43 0 0 0 0
1.43667 0 0 0 0
1.44333 0 0 0 0
1.45 0 0 0 0
1.45667 0 0 0 0
1.46333 0 0 0 0
1.47 0 0 0 0
1.47667 0 0 0 0
1.48333 0 0 0 0
1.49 0 0 0 0
1.49667 0 0 0 0
1.50333 0 0 0 0
1.51 0 0 0 0
1.51667 0 0 0 0
1.52333 0 0 0 0
1.53 0 0 0 0
1.53667 0 0 0 0
1.54333 0 0 0 0
1.55 0 0 0 0
1.55667 0 0 0 0
1.56333 0 0 0 0
1.57 0 0 0 0
1.57667 0 0 0 0
1.58333 0 0 0 0
1.59 0 0 0 0
1.59667 0 0 0 0
1.60333 0 0 0 0
1.61 0 0 0 0
1.61667 0 0 0 0
1.62333 0 0 0 0
1.63 0 0 0 0
1.63667 0 0 0 0
1.64333 0 0 0 0
1.65 0 0 0 0
1.65667 0 0 0 0
1.66333 0 0 0 0
1.67 0 0 0 0
1.67667 0 0 0 0
1.68333 0 0 0 0
1.69 0 0 0 0
1.69667 0 0 0 0
1.70333 0 0 0 0
1.71 0 0 0 0
1.71667 0 0 0 0
1.72333 0 0 0 0
1.73 0 0 0 0
1.73667 0 0 0 0
1.74333 0 0 0 0
1.75 0 0 0 0
1.75667 0 0 0 0
1.76333 0 0 0 0
1.77 0 0 0 0
1.77667 0 0 0 0
1.78333 0 0 0 0
1.79 0 0 0 0
1.79667 0 0 0 0
1.80333 0 0 0 0
1.81 0 0 0 0
1.81667 0 0 0 0
1.82333 0 0 0 0
1.83 0 0 0 0
1.83667 0 0 0 0
1.84333 0 0 0 0
1.85 0 0 0 0
1.85667 0 0 0 0
1.86333 0 0 0 0
1.87 0 0 0 0
1.87667 0 0 0 0
1.88333 0 0 0 0
1.89 0 0 0 0
1.89667 0 0 0 0
1.90333 0 0 0 0
1.91 0 0 0 0
1.91667 0 0 0 0
1.92333 0 0 0 0
1.93 0 0 0 0
1.93667 0 0 0 0
1.94333 0 0 0 0
1.95 0 0 0 0
1.95667 0 0 0 0
1.96333 0 0 0 0
1.97 0 0 0 0
1.97667 0 0 0 0
1.98333 0 0 0 0
1.99 0 0 0 0
1.99667 0 0 0 0
