0.00333333 0 0 103 29
0.01 3 7 91 26
0.0166667 0 6 96 28
0.0233333 3 6 108 25
0.03 0 6 123 32
0.0366667 2 4 147 46
0.0433333 0 6 153 68
0.05 2 10 188 79
0.0566667 2 10 204 92
0.0633333 4 11 229 115
0.07 4 11 247 111
0.0766667 2 18 285 103
0.0833333 2 16 270 89
0.09 1 19 296 118
0.0966667 3 14 270 112
0.103333 1 15 299 98
0.11 1 15 263 114
0.116667 1 13 291 108
0.123333 2 13 283 89
0.13 2 10 288 87
0.136667 2 11 278 102
0.143333 1 7 257 74
0.15 3 7 259 85
0.156667 1 9 247 85
0.163333 2 15 259 63
0.17 0 18 239 76
0.176667 1 11 273 61
0.183333 2 10 277 73
0.19 1 14 298 72
0.196667 1 11 283 77
0.203333 0 15 297 65
0.21 3 9 248 63
0.216667 2 12 273 58
0.223333 2 14 209 65
0.23 1 6 231 41
0.236667 1 10 212 64
0.243333 1 14 191 52
0.25 2 8 203 48
0.256667 1 9 179 43
0.263333 0 9 189 39
0.27 1 8 170 55
0.276667 1 8 172 54
0.283333 0 12 161 45
0.29 0 7 167 54
0.296667 0 7 130 41
0.303333 1 5 164 28
0.31 1 9 142 40
0.316667 0 8 138 44
0.323333 1 6 129 33
0.33 1 4 132 33
0.336667 0 9 125 44
0.343333 1 5 98 42
0.35 1 2 113 42
0.356667 1 8 134 36
0.363333 1 6 118 51
0.37 0 10 109 33
0.376667 0 3 100 30
0.383333 1 5 115 26
0.39 1 4 99 38
0.396667 2 9 90 23
0.403333 0 4 93 30
0.41 0 2 108 26
0.416667 1 9 102 24
0.423333 0 3 107 34
0.43 0 8 96 22
0.436667 1 8 99 28
0.443333 0 7 101 26
0.45 1 2 109 39
0.456667 0 6 104 20
0.463333 1 4 84 23
0.47 1 3 92 27
0.476667 0 4 79 14
0.483333 0 4 64 18
0.49 0 5 61 25
0.496667 2 1 47 15
0.503333 0 3 53 18
0.51 0 3 43 22
0.516667 1 2 48 20
0.523333 0 3 41 19
0.53 0 3 52 16
0.536667 0 3 40 18
0.543333 0 1 44 13
0.55 0 4 48 19
0.556667 0 1 43 15
0.563333 1 3 40 13
0.57 0 3 45 14
0.576667 1 4 32 19
0.583333 1 3 44 24
0.59 1 3 36 9
0.596667 0 3 30 15
0.603333 2 2 44 14
0.61 0 5 46 13
0.616667 0 6 31 14
0.623333 0 0 31 16
0.63 2 5 38 11
0.636667 0 1 48 12
0.643333 1 6 30 14
0.65 1 4 33 13
0.656667 0 3 22 14
0.663333 6 118 3717 505
0.67 0 0 0 0
0.676667 0 0 0 0
0.683333 0 0 0 0
0.69 0 0 0 0
0.696667 0 0 0 0
0.703333 0 0 0 0
0.71 0 0 0 0
0.716667 0 0 0 0
0.723333 0 0 0 0
0.73 0 0 0 0
0.736667 0 0 0 0
0.743333 0 0 0 0
0.75 0 0 0 0
0.756667 0 0 0 0
0.763333 0 0 0 0
0.77 0 0 0 0
0.776667 0 0 0 0
0.783333 0 0 0 0
0.79 0 0 0 0
0.796667 0 0 0 0
0.803333 0 0 0 0
0.81 0 0 0 0
0.816667 0 0 0 0
0.823333 0 0 0 0
0.83 0 0 0 0
0.836667 0 0 0 0
0.843333 0 0 0 0
0.85 0 0 0 0
0.856667 0 0 0 0
0.863333 0 0 0 0
0.87 0 0 0 0
0.876667 0 0 0 0
0.883333 0 0 0 0
0.89 0 0 0 0
0.896667 0 0 0 0
0.903333 0 0 0 0
0.91 0 0 0 0
0.916667 0 0 0 0
0.923333 0 0 0 0
0.93 0 0 0 0
0.936667 0 0 0 0
0.943333 0 0 0 0
0.95 0 0 0 0
0.956667 0 0 0 0
0.963333 0 0 0 0
0.97 0 0 0 0
0.976667 0 0 0 0
0.983333 0 0 0 0
0.99 0 0 0 0
0.996667 0 0 0 0
1.00333 0 0 0 0
1.01 0 0 0 0
1.01667 0 0 0 0
1.02333 0 0 0 0
1.03 0 0 0 0
1.03667 0 0 0 0
1.04333 0 0 0 0
1.05 0 0 0 0
1.05667 0 0 0 0
1.06333 0 0 0 0
1.07 0 0 0 0
1.07667 0 0 0 0
1.08333 0 0 0 0
1.09 0 0 0 0
1.09667 0 0 0 0
1.10333 0 0 0 0
1.11 0 0 0 0
1.11667 0 0 0 0
1.12333 0 0 0 0
1.13 0 0 0 0
1.13667 0 0 0 0
1.14333 0 0 0 0
1.15 0 0 0 0
1.15667 0 0 0 0
1.16333 0 0 0 0
1.17 0 0 0 0
1.17667 0 0 0 0
1.18333 0 0 0 0
1.19 0 0 0 0
1.19667 0 0 0 0
1.20333 0 0 0 0
1.21 0 0 0 0
1.21667 0 0 0 0
1.22333 0 0 0 0
1.23 0 0 0 0
1.23667 0 0 0 0
1.24333 0 0 0 0
1.25 0 0 0 0
1.25667 0 0 0 0
1.26333 0 0 0 0
1.27 0 0 0 0
1.27667 0 0 0 0
1.28333 0 0 0 0
1.29 0 0 0 0
1.29667 0 0 0 0
1.30333 0 0 0 0
1.31 0 0 0 0
1.31667 0 0 0 0
1.32333 0 0 0 0
1.33 0 0 0 0
1.33667 0 0 0 0
1.34333 0 0 0 0
1.35 0 0 0 0
1.35667 0 0 0 0
1.36333 0 0 0 0
1.37 0 0 0 0
1.37667 0 0 0 0
1.38333 0 0 0 0
1.39 0 0 0 0
1.39667 0 0 0 0
1.40333 0 0 0 0
1.41 0 0 0 0
1.41667 0 0 0 0
1.42333 0 0 0 0
1.43 0 0 0 0
1.43667 0 0 0 0
1.44333 0 0 0 0
1.45 0 0 0 0
1.45667 0 0 0 0
1.46333 0 0 0 0
1.47 0 0 0 0
1.47667 0 0 0 0
1.48333 0 0 0 0
1.49 0 0 0 0
1.49667 0 0 0 0
1.50333 0 0 0 0
1.51 0 0 0 0
1.51667 0 0 0 0
1.52333 0 0 0 0
1.53 0 0 0 0
1.53667 0 0 0 0
1.54333 0 0 0 0
1.55 0 0 0 0
1.55667 0 0 0 0
1.56333 0 0 0 0
1.57 0 0 0 0
1.57667 0 0 0 0
1.58333 0 0 0 0
1.59 0 0 0 0
1.59667 0 0 0 0
1.60333 0 0 0 0
1.61 0 0 0 0
1.61667 0 0 0 0
1.62333 0 0 0 0
1.63 0 0 0 0
1.63667 0 0 0 0
1.64333 0 0 0 0
1.65 0 0 0 0
1.65667 0 0 0 0
1.66333 0 0 0 0
1.67 0 0 0 0
1.67667 0 0 0 0
1.68333 0 0 0 0
1.69 0 0 0 0
1.69667 0 0 0 0
1.70333 0 0 0 0
1.71 0 0 0 0
1.71667 0 0 0 0
1.72333 0 0 0 0
1.73 0 0 0 0
1.73667 0 0 0 0
1.74333 0 0 0 0
1.75 0 0 0 0
1.75667 0 0 0 0
1.76333 0 0 0 0
1.77 0 0 0 0
1.77667 0 0 0 0
1.78333 0 0 0 0
1.79 0 0 0 0
1.79667 0 0 0 0
1.80333 0 0 0 0
1.81 0 0 0 0
1.81667 0 0 0 0
1.82333 0 0 0 0
1.83 0 0 0 0
1.83667 0 0 0 0
1.84333 0 0 0 0
1.85 0 0 0 0
1.85667 0 0 0 0
1.86333 0 0 0 0
1.87 0 0 0 0
1.87667 0 0 0 0
1.88333 0 0 0 0
1.89 0 0 0 0
1.89667 0 0 0 0
1.90333 0 0 0 0
1.91 0 0 0 0
1.91667 0 0 0 0
1.92333 0 0 0 0
1.93 0 0 0 0
1.93667 0 0 0 0
1.94333 0 0 0 0
1.95 0 0 0 0
1.95667 0 0 0 0
1.96333 0 0 0 0
1.97 0 0 0 0
1.97667 0 0 0 0
1.98333 0 0 0 0
1.99 0 0 0 0
1.99667 0 0 0 0
