0.00333333 2 4 14 68
0.01 1 3 9 90
0.0166667 0 3 22 68
0.0233333 1 4 19 99
0.03 2 5 26 91
0.0366667 0 2 14 113
0.0433333 0 6 38 102
0.05 1 6 52 130
0.0566667 0 9 50 143
0.0633333 0 6 44 182
0.07 1 12 56 193
0.0766667 2 7 57 232
0.0833333 2 5 52 246
0.09 2 9 58 229
0.0966667 2 8 41 250
0.103333 1 6 49 231
0.11 1 6 41 242
0.116667 1 6 59 260
0.123333 1 8 54 242
0.13 4 17 47 212
0.136667 0 5 39 224
0.143333 1 10 53 221
0.15 3 9 36 213
0.156667 3 7 27 200
0.163333 0 10 45 206
0.17 2 6 40 185
0.176667 1 3 30 189
0.183333 2 7 42 218
0.19 1 10 38 208
0.196667 0 7 31 245
0.203333 2 11 28 213
0.21 1 9 24 205
0.216667 3 8 30 209
0.223333 2 3 26 175
0.23 1 6 32 187
0.236667 2 5 32 187
0.243333 0 3 28 151
0.25 2 5 26 174
0.256667 2 9 24 140
0.263333 0 11 23 155
0.27 0 1 20 141
0.276667 4 7 22 141
0.283333 0 4 12 164
0.29 0 3 25 136
0.296667 1 8 17 139
0.303333 1 4 16 121
0.31 2 5 26 141
0.316667 0 2 29 115
0.323333 2 6 21 118
0.33 2 2 23 97
0.336667 2 6 29 128
0.343333 1 3 17 104
0.35 4 2 19 103
0.356667 0 4 23 113
0.363333 1 5 11 97
0.37 1 2 14 96
0.376667 2 0 22 98
0.383333 1 3 16 92
0.39 1 3 13 99
0.396667 0 2 20 101
0.403333 1 7 23 109
0.41 1 3 18 102
0.416667 2 4 10 89
0.423333 2 4 17 95
0.43 1 2 20 92
0.436667 0 4 14 89
0.443333 4 5 14 76
0.45 1 6 14 101
0.456667 0 1 15 83
0.463333 1 4 17 100
0.47 0 5 18 95
0.476667 0 4 12 78
0.483333 1 2 10 50
0.49 0 5 11 64
0.496667 1 2 13 47
0.503333 1 1 12 45
0.51 1 4 12 47
0.516667 1 4 11 50
0.523333 4 1 14 43
0.53 1 3 12 40
0.536667 0 3 9 47
0.543333 0 2 14 51
0.55 0 3 9 54
0.556667 1 2 9 39
0.563333 1 0 16 36
0.57 1 2 6 33
0.576667 2 5 11 46
0.583333 0 0 6 50
0.59 4 1 6 44
0.596667 1 2 10 32
0.603333 0 3 17 32
0.61 1 2 5 44
0.616667 0 4 7 30
0.623333 0 2 8 37
0.63 0 2 6 34
0.636667 1 3 11 52
0.643333 1 4 7 34
0.65 1 5 9 39
0.656667 1 2 9 47
0.663333 17 107 274 3052
0.67 0 0 0 0
0.676667 0 0 0 0
0.683333 0 0 0 0
0.69 0 0 0 0
0.696667 0 0 0 0
0.703333 0 0 0 0
0.71 0 0 0 0
0.716667 0 0 0 0
0.723333 0 0 0 0
0.73 0 0 0 0
0.736667 0 0 0 0
0.743333 0 0 0 0
0.75 0 0 0 0
0.756667 0 0 0 0
0.763333 0 0 0 0
0.77 0 0 0 0
0.776667 0 0 0 0
0.783333 0 0 0 0
0.79 0 0 0 0
0.796667 0 0 0 0
0.803333 0 0 0 0
0.81 0 0 0 0
0.816667 0 0 0 0
0.823333 0 0 0 0
0.83 0 0 0 0
0.836667 0 0 0 0
0.843333 0 0 0 0
0.85 0 0 0 0
0.856667 0 0 0 0
0.863333 0 0 0 0
0.87 0 0 0 0
0.876667 0 0 0 0
0.883333 0 0 0 0
0.89 0 0 0 0
0.896667 0 0 0 0
0.903333 0 0 0 0
0.91 0 0 0 0
0.916667 0 0 0 0
0.923333 0 0 0 0
0.93 0 0 0 0
0.936667 0 0 0 0
0.943333 0 0 0 0
0.95 0 0 0 0
0.956667 0 0 0 0
0.963333 0 0 0 0
0.97 0 0 0 0
0.976667 0 0 0 0
0.983333 0 0 0 0
0.99 0 0 0 0
0.996667 0 0 0 0
1.00333 0 0 0 0
1.01 0 0 0 0
1.01667 0 0 0 0
1.02333 0 0 0 0
1.03 0 0 0 0
1.03667 0 0 0 0
1.04333 0 0 0 0
1.05 0 0 0 0
1.05667 0 0 0 0
1.06333 0 0 0 0
1.07 0 0 0 0
1.07667 0 0 0 0
1.08333 0 0 0 0
1.09 0 0 0 0
1.09667 0 0 0 0
1.10333 0 0 0 0
1.11 0 0 0 0
1.11667 0 0 0 0
1.12333 0 0 0 0
1.13 0 0 0 0
1.13667 0 0 0 0
1.14333 0 0 0 0
1.15 0 0 0 0
1.15667 0 0 0 0
1.16333 0 0 0 0
1.17 0 0 0 0
1.17667 0 0 0 0
1.18333 0 0 0 0
1.19 0 0 0 0
1.19667 0 0 0 0
1.20333 0 0 0 0
1.21 0 0 0 0
1.21667 0 0 0 0
1.22333 0 0 0 0
1.23 0 0 0 0
1.23667 0 0 0 0
1.24333 0 0 0 0
1.25 0 0 0 0
1.25667 0 0 0 0
1.26333 0 0 0 0
1.27 0 0 0 0
1.27667 0 0 0 0
1.28333 0 0 0 0
1.29 0 0 0 0
1.29667 0 0 0 0
1.30333 0 0 0 0
1.31 0 0 0 0
1.31667 0 0 0 0
1.32333 0 0 0 0
1.33 0 0 0 0
1.33667 0 0 0 0
1.34333 0 0 0 0
1.35 0 0 0 0
1.35667 0 0 0 0
1.36333 0 0 0 0
1.37 0 0 0 0
1.37667 0 0 0 0
1.38333 0 0 0 0
1.39 0 0 0 0
1.39667 0 0 0 0
1.40333 0 0 0 0
1.41 0 0 0 0
1.41667 0 0 0 0
1.42333 0 0 0 0
1.43 0 0 0 0
1.43667 0 0 0 0
1.44333 0 0 0 0
1.45 0 0 0 0
1.45667 0 0 0 0
1.46333 0 0 0 0
1.47 0 0 0 0
1.47667 0 0 0 0
1.48333 0 0 0 0
1.49 0 0 0 0
1.49667 0 0 0 0
1.50333 0 0 0 0
1.51 0 0 0 0
1.51667 0 0 0 0
1.52333 0 0 0 0
1.53 0 0 0 0
1.53667 0 0 0 0
1.54333 0 0 0 0
1.55 0 0 0 0
1.55667 0 0 0 0
1.56333 0 0 0 0
1.57 0 0 0 0
1.57667 0 0 0 0
1.58333 0 0 0 0
1.59 0 0 0 0
1.59667 0 0 0 0
1.60333 0 0 0 0
1.61 0 0 0 0
1.61667 0 0 0 0
1.62333 0 0 0 0
1.63 0 0 0 0
1.63667 0 0 0 0
1.64333 0 0 0 0
1.65 0 0 0 0
1.65667 0 0 0 0
1.66333 0 0 0 0
1.67 0 0 0 0
1.67667 0 0 0 0
1.68333 0 0 0 0
1.69 0 0 0 0
1.69667 0 0 0 0
1.70333 0 0 0 0
1.71 0 0 0 0
1.71667 0 0 0 0
1.72333 0 0 0 0
1.73 0 0 0 0
1.73667 0 0 0 0
1.74333 0 0 0 0
1.75 0 0 0 0
1.75667 0 0 0 0
1.76333 0 0 0 0
1.77 0 0 0 0
1.77667 0 0 0 0
1.78333 0 0 0 0
1.79 0 0 0 0
1.79667 0 0 0 0
1.80333 0 0 0 0
1.81 0 0 0 0
1.81667 0 0 0 0
1.82333 0 0 0 0
1.83 0 0 0 0
1.83667 0 0 0 0
1.84333 0 0 0 0
1.85 0 0 0 0
1.85667 0 0 0 0
1.86333 0 0 0 0
1.87 0 0 0 0
1.87667 0 0 0 0
1.88333 0 0 0 0
1.89 0 0 0 0
1.89667 0 0 0 0
1.90333 0 0 0 0
1.91 0 0 0 0
1.91667 0 0 0 0
1.92333 0 0 0 0
1.93 0 0 0 0
1.93667 0 0 0 0
1.94333 0 0 0 0
1.95 0 0 0 0
1.95667 0 0 0 0
1.96333 0 0 0 0
1.97 0 0 0 0
1.97667 0 0 0 0
1.98333 0 0 0 0
1.99 0 0 0 0
1.99667 0 0 0 0
