0.00333333 94 11 2 3
0.01 102 15 0 4
0.0166667 95 8 2 2
0.0233333 88 12 0 2
0.03 97 14 2 3
0.0366667 93 26 0 6
0.0433333 85 18 1 2
0.05 120 24 2 3
0.0566667 121 49 2 2
0.0633333 153 40 2 6
0.07 133 26 8 5
0.0766667 138 30 6 9
0.0833333 157 39 2 5
0.09 147 45 2 2
0.0966667 152 37 7 2
0.103333 164 35 2 4
0.11 159 49 2 6
0.116667 179 43 3 7
0.123333 159 38 3 4
0.13 163 29 1 6
0.136667 165 34 4 3
0.143333 155 28 4 7
0.15 163 24 2 6
0.156667 146 32 2 3
0.163333 155 24 4 5
0.17 141 16 2 5
0.176667 147 28 3 4
0.183333 170 21 1 2
0.19 133 25 5 7
0.196667 181 22 1 7
0.203333 212 25 0 5
0.21 194 25 1 3
0.216667 171 24 7 6
0.223333 193 28 3 4
0.23 196 26 3 7
0.236667 196 24 1 5
0.243333 175 21 2 4
0.25 141 33 3 4
0.256667 173 23 3 4
0.263333 164 28 2 3
0.27 165 18 1 1
0.276667 132 18 2 2
0.283333 110 20 2 4
0.29 132 19 0 5
0.296667 128 17 1 2
0.303333 128 18 2 7
0.31 131 14 3 3
0.316667 124 14 1 3
0.323333 134 16 1 3
0.33 143 24 3 4
0.336667 128 13 1 8
0.343333 123 16 3 4
0.35 110 22 0 1
0.356667 103 17 1 2
0.363333 104 20 1 2
0.37 108 11 0 1
0.376667 104 17 1 1
0.383333 108 15 2 3
0.39 120 15 1 7
0.396667 118 12 2 10
0.403333 110 10 1 0
0.41 106 23 2 3
0.416667 113 13 0 1
0.423333 119 18 1 2
0.43 101 14 1 4
0.436667 103 14 1 2
0.443333 98 12 0 3
0.45 114 17 0 6
0.456667 124 10 2 4
0.463333 108 11 1 4
0.47 107 18 0 2
0.476667 83 6 2 1
0.483333 63 9 1 3
0.49 46 13 2 4
0.496667 49 11 0 3
0.503333 48 8 1 2
0.51 28 8 1 1
0.516667 32 7 1 2
0.523333 32 13 0 3
0.53 33 10 1 0
0.536667 35 7 0 5
0.543333 39 10 0 2
0.55 35 11 3 2
0.556667 36 7 0 2
0.563333 35 7 2 1
0.57 32 6 0 0
0.576667 33 9 1 1
0.583333 41 5 1 3
0.59 34 5 1 1
0.596667 33 7 0 3
0.603333 25 8 1 2
0.61 30 8 1 0
0.616667 22 13 0 3
0.623333 21 8 0 1
0.63 37 4 3 1
0.636667 39 8 2 2
0.643333 19 8 0 2
0.65 30 10 0 2
0.656667 21 9 0 4
0.663333 5545 229 20 176
0.67 0 0 0 0
0.676667 0 0 0 0
0.683333 0 0 0 0
0.69 0 0 0 0
0.696667 0 0 0 0
0.703333 0 0 0 0
0.71 0 0 0 0
0.716667 0 0 0 0
0.723333 0 0 0 0
0.73 0 0 0 0
0.736667 0 0 0 0
0.743333 0 0 0 0
0.75 0 0 0 0
0.756667 0 0 0 0
0.763333 0 0 0 0
0.77 0 0 0 0
0.776667 0 0 0 0
0.783333 0 0 0 0
0.79 0 0 0 0
0.796667 0 0 0 0
0.803333 0 0 0 0
0.81 0 0 0 0
0.816667 0 0 0 0
0.823333 0 0 0 0
0.83 0 0 0 0
0.836667 0 0 0 0
0.843333 0 0 0 0
0.85 0 0 0 0
0.856667 0 0 0 0
0.863333 0 0 0 0
0.87 0 0 0 0
0.876667 0 0 0 0
0.883333 0 0 0 0
0.89 0 0 0 0
0.896667 0 0 0 0
0.903333 0 0 0 0
0.91 0 0 0 0
0.916667 0 0 0 0
0.923333 0 0 0 0
0.93 0 0 0 0
0.936667 0 0 0 0
0.943333 0 0 0 0
0.95 0 0 0 0
0.956667 0 0 0 0
0.963333 0 0 0 0
0.97 0 0 0 0
0.976667 0 0 0 0
0.983333 0 0 0 0
0.99 0 0 0 0
0.996667 0 0 0 0
1.00333 0 0 0 0
1.01 0 0 0 0
1.01667 0 0 0 0
1.02333 0 0 0 0
1.03 0 0 0 0
1.03667 0 0 0 0
1.04333 0 0 0 0
1.05 0 0 0 0
1.05667 0 0 0 0
1.06333 0 0 0 0
1.07 0 0 0 0
1.07667 0 0 0 0
1.08333 0 0 0 0
1.09 0 0 0 0
1.09667 0 0 0 0
1.10333 0 0 0 0
1.11 0 0 0 0
1.11667 0 0 0 0
1.12333 0 0 0 0
1.13 0 0 0 0
1.13667 0 0 0 0
1.14333 0 0 0 0
1.15 0 0 0 0
1.15667 0 0 0 0
1.16333 0 0 0 0
1.17 0 0 0 0
1.17667 0 0 0 0
1.18333 0 0 0 0
1.19 0 0 0 0
1.19667 0 0 0 0
1.20333 0 0 0 0
1.21 0 0 0 0
1.21667 0 0 0 0
1.22333 0 0 0 0
1.23 0 0 0 0
1.23667 0 0 0 0
1.24333 0 0 0 0
1.25 0 0 0 0
1.25667 0 0 0 0
1.26333 0 0 0 0
1.27 0 0 0 0
1.27667 0 0 0 0
1.28333 0 0 0 0
1.29 0 0 0 0
1.29667 0 0 0 0
1.30333 0 0 0 0
1.31 0 0 0 0
1.31667 0 0 0 0
1.32333 0 0 0 0
1.33 0 0 0 0
1.33667 0 0 0 0
1.34333 0 0 0 0
1.35 0 0 0 0
1.35667 0 0 0 0
1.36333 0 0 0 0
1.37 0 0 0 0
1.37667 0 0 0 0
1.38333 0 0 0 0
1.39 0 0 0 0
1.39667 0 0 0 0
1.40333 0 0 0 0
1.41 0 0 0 0
1.41667 0 0 0 0
1.42333 0 0 0 0
1.43 0 0 0 0
1.43667 0 0 0 0
1.44333 0 0 0 0
1.45 0 0 0 0
1.45667 0 0 0 0
1.46333 0 0 0 0
1.47 0 0 0 0
1.47667 0 0 0 0
1.48333 0 0 0 0
1.49 0 0 0 0
1.49667 0 0 0 0
1.50333 0 0 0 0
1.51 0 0 0 0
1.51667 0 0 0 0
1.52333 0 0 0 0
1.53 0 0 0 0
1.53667 0 0 0 0
1.54333 0 0 0 0
1.55 0 0 0 0
1.55667 0 0 0 0
1.56333 0 0 0 0
1.57 0 0 0 0
1.57667 0 0 0 0
1.58333 0 0 0 0
1.59 0 0 0 0
1.59667 0 0 0 0
1.60333 0 0 0 0
1.61 0 0 0 0
1.61667 0 0 0 0
1.62333 0 0 0 0
1.63 0 0 0 0
1.63667 0 0 0 0
1.64333 0 0 0 0
1.65 0 0 0 0
1.65667 0 0 0 0
1.66333 0 0 0 0
1.67 0 0 0 0
1.67667 0 0 0 0
1.68333 0 0 0 0
1.69 0 0 0 0
1.69667 0 0 0 0
1.70333 0 0 0 0
1.71 0 0 0 0
1.71667 0 0 0 0
1.72333 0 0 0 0
1.73 0 0 0 0
1.73667 0 0 0 0
1.74333 0 0 0 0
1.75 0 0 0 0
1.75667 0 0 0 0
1.76333 0 0 0 0
1.77 0 0 0 0
1.77667 0 0 0 0
1.78333 0 0 0 0
1.79 0 0 0 0
1.79667 0 0 0 0
1.80333 0 0 0 0
1.81 0 0 0 0
1.81667 0 0 0 0
1.82333 0 0 0 0
1.83 0 0 0 0
1.83667 0 0 0 0
1.84333 0 0 0 0
1.85 0 0 0 0
1.85667 0 0 0 0
1.86333 0 0 0 0
1.87 0 0 0 0
1.87667 0 0 0 0
1.88333 0 0 0 0
1.89 0 0 0 0
1.89667 0 0 0 0
1.90333 0 0 0 0
1.91 0 0 0 0
1.91667 0 0 0 0
1.92333 0 0 0 0
1.93 0 0 0 0
1.93667 0 0 0 0
1.94333 0 0 0 0
1.95 0 0 0 0
1.95667 0 0 0 0
1.96333 0 0 0 0
1.97 0 0 0 0
1.97667 0 0 0 0
1.98333 0 0 0 0
1.99 0 0 0 0
1.99667 0 0 0 0
