0.00333333 12 60 12 1
0.01 21 98 19 1
0.0166667 19 74 19 1
0.0233333 24 75 15 4
0.03 22 104 14 7
0.0366667 27 105 23 4
0.0433333 38 138 35 5
0.05 40 184 38 4
0.0566667 44 239 42 11
0.0633333 62 241 44 8
0.07 60 279 40 7
0.0766667 32 265 74 12
0.0833333 56 243 58 10
0.09 63 273 65 16
0.0966667 54 287 53 10
0.103333 58 307 59 15
0.11 51 304 65 10
0.116667 53 330 59 10
0.123333 57 278 53 7
0.13 47 252 50 5
0.136667 55 264 35 15
0.143333 38 258 47 5
0.15 38 237 45 7
0.156667 44 196 34 7
0.163333 42 210 33 5
0.17 35 211 37 7
0.176667 45 220 34 7
0.183333 48 216 43 7
0.19 38 196 44 7
0.196667 37 208 42 10
0.203333 33 215 34 7
0.21 45 215 38 5
0.216667 27 189 36 8
0.223333 40 192 33 3
0.23 30 170 43 7
0.236667 23 199 28 9
0.243333 28 176 28 3
0.25 30 163 22 5
0.256667 30 150 22 7
0.263333 22 132 17 7
0.27 26 132 29 7
0.276667 37 171 22 3
0.283333 24 125 22 4
0.29 28 117 23 2
0.296667 19 128 25 7
0.303333 19 117 20 5
0.31 25 113 23 0
0.316667 27 107 15 2
0.323333 17 114 18 4
0.33 24 103 24 3
0.336667 14 92 17 3
0.343333 12 82 18 6
0.35 13 111 26 5
0.356667 11 96 24 9
0.363333 16 103 20 5
0.37 12 94 19 4
0.376667 21 77 24 5
0.383333 12 101 13 4
0.39 10 74 25 2
0.396667 18 96 15 3
0.403333 15 80 14 2
0.41 20 89 17 3
0.416667 16 68 12 7
0.423333 17 80 19 3
0.43 12 74 16 0
0.436667 17 65 17 3
0.443333 23 76 16 6
0.45 21 74 17 5
0.456667 16 60 14 4
0.463333 24 85 24 5
0.47 16 70 9 2
0.476667 11 62 16 5
0.483333 19 48 12 2
0.49 8 44 6 3
0.496667 11 49 8 3
0.503333 6 43 10 2
0.51 10 43 9 1
0.516667 13 44 10 3
0.523333 9 35 8 2
0.53 8 46 11 1
0.536667 13 35 7 5
0.543333 13 41 14 3
0.55 7 37 5 2
0.556667 8 32 3 0
0.563333 7 32 7 2
0.57 4 43 5 1
0.576667 6 39 10 1
0.583333 7 32 8 4
0.59 5 36 9 1
0.596667 4 40 5 1
0.603333 5 37 3 2
0.61 7 34 5 2
0.616667 5 37 11 4
0.623333 5 31 12 1
0.63 12 31 6 1
0.636667 9 38 7 3
0.643333 3 28 10 4
0.65 4 34 9 1
0.656667 7 32 9 2
0.663333 282 2370 366 34
0.67 0 0 0 0
0.676667 0 0 0 0
0.683333 0 0 0 0
0.69 0 0 0 0
0.696667 0 0 0 0
0.703333 0 0 0 0
0.71 0 0 0 0
0.716667 0 0 0 0
0.723333 0 0 0 0
0.73 0 0 0 0
0.736667 0 0 0 0
0.743333 0 0 0 0
0.75 0 0 0 0
0.756667 0 0 0 0
0.763333 0 0 0 0
0.77 0 0 0 0
0.776667 0 0 0 0
0.783333 0 0 0 0
0.79 0 0 0 0
0.796667 0 0 0 0
0.803333 0 0 0 0
0.81 0 0 0 0
0.816667 0 0 0 0
0.823333 0 0 0 0
0.83 0 0 0 0
0.836667 0 0 0 0
0.843333 0 0 0 0
0.85 0 0 0 0
0.856667 0 0 0 0
0.863333 0 0 0 0
0.87 0 0 0 0
0.876667 0 0 0 0
0.883333 0 0 0 0
0.89 0 0 0 0
0.896667 0 0 0 0
0.903333 0 0 0 0
0.91 0 0 0 0
0.916667 0 0 0 0
0.923333 0 0 0 0
0.93 0 0 0 0
0.936667 0 0 0 0
0.943333 0 0 0 0
0.95 0 0 0 0
0.956667 0 0 0 0
0.963333 0 0 0 0
0.97 0 0 0 0
0.976667 0 0 0 0
0.983333 0 0 0 0
0.99 0 0 0 0
0.996667 0 0 0 0
1.00333 0 0 0 0
1.01 0 0 0 0
1.01667 0 0 0 0
1.02333 0 0 0 0
1.03 0 0 0 0
1.03667 0 0 0 0
1.04333 0 0 0 0
1.05 0 0 0 0
1.05667 0 0 0 0
1.06333 0 0 0 0
1.07 0 0 0 0
1.07667 0 0 0 0
1.08333 0 0 0 0
1.09 0 0 0 0
1.09667 0 0 0 0
1.10333 0 0 0 0
1.11 0 0 0 0
1.11667 0 0 0 0
1.12333 0 0 0 0
1.13 0 0 0 0
1.13667 0 0 0 0
1.14333 0 0 0 0
1.15 0 0 0 0
1.15667 0 0 0 0
1.16333 0 0 0 0
1.17 0 0 0 0
1.17667 0 0 0 0
1.18333 0 0 0 0
1.19 0 0 0 0
1.19667 0 0 0 0
1.20333 0 0 0 0
1.21 0 0 0 0
1.21667 0 0 0 0
1.22333 0 0 0 0
1.23 0 0 0 0
1.23667 0 0 0 0
1.24333 0 0 0 0
1.25 0 0 0 0
1.25667 0 0 0 0
1.26333 0 0 0 0
1.27 0 0 0 0
1.27667 0 0 0 0
1.28333 0 0 0 0
1.29 0 0 0 0
1.29667 0 0 0 0
1.30333 0 0 0 0
1.31 0 0 0 0
1.31667 0 0 0 0
1.32333 0 0 0 0
1.33 0 0 0 0
1.33667 0 0 0 0
1.34333 0 0 0 0
1.35 0 0 0 0
1.35667 0 0 0 0
1.36333 0 0 0 0
1.37 0 0 0 0
1.37667 0 0 0 0
1.38333 0 0 0 0
1.39 0 0 0 0
1.39667 0 0 0 0
1.40333 0 0 0 0
1.41 0 0 0 0
1.41667 0 0 0 0
1.42333 0 0 0 0
1.43 0 0 0 0
1.43667 0 0 0 0
1.44333 0 0 0 0
1.45 0 0 0 0
1.45667 0 0 0 0
1.46333 0 0 0 0
1.47 0 0 0 0
1.47667 0 0 0 0
1.48333 0 0 0 0
1.49 0 0 0 0
1.49667 0 0 0 0
1.50333 0 0 0 0
1.51 0 0 0 0
1.51667 0 0 0 0
1.52333 0 0 0 0
1.53 0 0 0 0
1.53667 0 0 0 0
1.54333 0 0 0 0
1.55 0 0 0 0
1.55667 0 0 0 0
1.56333 0 0 0 0
1.57 0 0 0 0
1.57667 0 0 0 0
1.58333 0 0 0 0
1.59 0 0 0 0
1.59667 0 0 0 0
1.60333 0 0 0 0
1.61 0 0 0 0
1.61667 0 0 0 0
1.62333 0 0 0 0
1.63 0 0 0 0
1.63667 0 0 0 0
1.64333 0 0 0 0
1.65 0 0 0 0
1.65667 0 0 0 0
1.66333 0 0 0 0
1.67 0 0 0 0
1.67667 0 0 0 0
1.68333 0 0 0 0
1.69 0 0 0 0
1.69667 0 0 0 0
1.70333 0 0 0 0
1.71 0 0 0 0
1.71667 0 0 0 0
1.72333 0 0 0 0
1.73 0 0 0 0
1.73667 0 0 0 0
1.74333 0 0 0 0
1.75 0 0 0 0
1.75667 0 0 0 0
1.76333 0 0 0 0
1.77 0 0 0 0
1.77667 0 0 0 0
1.78333 0 0 0 0
1.79 0 0 0 0
1.79667 0 0 0 0
1.80333 0 0 0 0
1.81 0 0 0 0
1.81667 0 0 0 0
1.82333 0 0 0 0
1.83 0 0 0 0
1.83667 0 0 0 0
1.84333 0 0 0 0
1.85 0 0 0 0
1.85667 0 0 0 0
1.86333 0 0 0 0
1.87 0 0 0 0
1.87667 0 0 0 0
1.88333 0 0 0 0
1.89 0 0 0 0
1.89667 0 0 0 0
1.90333 0 0 0 0
1.91 0 0 0 0
1.91667 0 0 0 0
1.92333 0 0 0 0
1.93 0 0 0 0
1.93667 0 0 0 0
1.94333 0 0 0 0
1.95 0 0 0 0
1.95667 0 0 0 0
1.96333 0 0 0 0
1.97 0 0 0 0
1.97667 0 0 0 0
1.98333 0 0 0 0
1.99 0 0 0 0
1.99667 0 0 0 0
