0.00333333 3 70 20 2
0.01 3 84 17 3
0.0166667 3 78 21 3
0.0233333 9 96 20 3
0.03 4 74 30 1
0.0366667 6 92 25 2
0.0433333 10 112 34 5
0.05 10 103 40 5
0.0566667 14 121 52 10
0.0633333 15 115 51 8
0.07 16 123 64 5
0.0766667 14 176 55 8
0.0833333 16 180 48 11
0.09 14 145 54 9
0.0966667 16 166 51 11
0.103333 13 137 37 8
0.11 14 163 59 10
0.116667 15 155 67 12
0.123333 16 173 53 8
0.13 20 167 66 11
0.136667 14 167 61 9
0.143333 17 147 48 12
0.15 6 152 47 6
0.156667 7 153 51 6
0.163333 15 170 50 4
0.17 14 160 42 6
0.176667 12 147 50 11
0.183333 8 206 46 6
0.19 14 258 40 5
0.196667 19 220 45 9
0.203333 7 197 48 7
0.21 10 222 41 4
0.216667 12 172 35 11
0.223333 18 162 48 3
0.23 9 166 42 7
0.236667 15 137 43 5
0.243333 9 157 26 3
0.25 13 139 34 9
0.256667 8 148 44 3
0.263333 9 129 44 5
0.27 7 131 34 4
0.276667 1 124 33 9
0.283333 5 102 31 4
0.29 10 120 35 2
0.296667 8 97 31 7
0.303333 6 88 34 5
0.31 8 107 28 4
0.316667 8 99 38 5
0.323333 5 120 23 5
0.33 5 90 23 1
0.336667 8 102 24 7
0.343333 6 96 27 4
0.35 7 95 25 3
0.356667 5 101 34 3
0.363333 7 95 29 5
0.37 4 91 21 3
0.376667 8 78 26 7
0.383333 5 104 26 3
0.39 14 93 27 4
0.396667 8 74 29 6
0.403333 8 90 21 2
0.41 7 66 23 3
0.416667 3 95 35 3
0.423333 11 86 16 2
0.43 0 68 24 0
0.436667 4 84 38 0
0.443333 7 85 31 6
0.45 4 68 19 5
0.456667 4 87 22 4
0.463333 3 95 27 5
0.47 7 77 22 5
0.476667 3 79 21 4
0.483333 3 38 13 1
0.49 4 38 13 2
0.496667 4 26 15 3
0.503333 4 31 13 1
0.51 4 21 13 2
0.516667 0 21 18 2
0.523333 3 18 18 1
0.53 4 20 12 0
0.536667 5 16 15 3
0.543333 4 26 15 2
0.55 2 27 15 1
0.556667 2 10 18 3
0.563333 4 18 9 2
0.57 5 16 12 4
0.576667 4 12 16 1
0.583333 3 11 16 1
0.59 2 17 13 1
0.596667 5 14 7 0
0.603333 5 8 14 1
0.61 4 9 16 2
0.616667 2 8 17 2
0.623333 2 11 10 2
0.63 2 19 14 3
0.636667 2 18 12 8
0.643333 3 9 9 2
0.65 4 7 18 0
0.656667 5 4 7 3
0.663333 106 4923 700 53
0.67 0 0 0 0
0.676667 0 0 0 0
0.683333 0 0 0 0
0.69 0 0 0 0
0.696667 0 0 0 0
0.703333 0 0 0 0
0.71 0 0 0 0
0.716667 0 0 0 0
0.723333 0 0 0 0
0.73 0 0 0 0
0.736667 0 0 0 0
0.743333 0 0 0 0
0.75 0 0 0 0
0.756667 0 0 0 0
0.763333 0 0 0 0
0.77 0 0 0 0
0.776667 0 0 0 0
0.783333 0 0 0 0
0.79 0 0 0 0
0.796667 0 0 0 0
0.803333 0 0 0 0
0.81 0 0 0 0
0.816667 0 0 0 0
0.823333 0 0 0 0
0.83 0 0 0 0
0.836667 0 0 0 0
0.843333 0 0 0 0
0.85 0 0 0 0
0.856667 0 0 0 0
0.863333 0 0 0 0
0.87 0 0 0 0
0.876667 0 0 0 0
0.883333 0 0 0 0
0.89 0 0 0 0
0.896667 0 0 0 0
0.903333 0 0 0 0
0.91 0 0 0 0
0.916667 0 0 0 0
0.923333 0 0 0 0
0.93 0 0 0 0
0.936667 0 0 0 0
0.943333 0 0 0 0
0.95 0 0 0 0
0.956667 0 0 0 0
0.963333 0 0 0 0
0.97 0 0 0 0
0.976667 0 0 0 0
0.983333 0 0 0 0
0.99 0 0 0 0
0.996667 0 0 0 0
1.00333 0 0 0 0
1.01 0 0 0 0
1.01667 0 0 0 0
1.02333 0 0 0 0
1.03 0 0 0 0
1.03667 0 0 0 0
1.04333 0 0 0 0
1.05 0 0 0 0
1.05667 0 0 0 0
1.06333 0 0 0 0
1.07 0 0 0 0
1.07667 0 0 0 0
1.08333 0 0 0 0
1.09 0 0 0 0
1.09667 0 0 0 0
1.10333 0 0 0 0
1.11 0 0 0 0
1.11667 0 0 0 0
1.12333 0 0 0 0
1.13 0 0 0 0
1.13667 0 0 0 0
1.14333 0 0 0 0
1.15 0 0 0 0
1.15667 0 0 0 0
1.16333 0 0 0 0
1.17 0 0 0 0
1.17667 0 0 0 0
1.18333 0 0 0 0
1.19 0 0 0 0
1.19667 0 0 0 0
1.20333 0 0 0 0
1.21 0 0 0 0
1.21667 0 0 0 0
1.22333 0 0 0 0
1.23 0 0 0 0
1.23667 0 0 0 0
1.24333 0 0 0 0
1.25 0 0 0 0
1.25667 0 0 0 0
1.26333 0 0 0 0
1.27 0 0 0 0
1.27667 0 0 0 0
1.28333 0 0 0 0
1.29 0 0 0 0
1.29667 0 0 0 0
1.30333 0 0 0 0
1.31 0 0 0 0
1.31667 0 0 0 0
1.32333 0 0 0 0
1.33 0 0 0 0
1.33667 0 0 0 0
1.34333 0 0 0 0
1.35 0 0 0 0
1.35667 0 0 0 0
1.36333 0 0 0 0
1.37 0 0 0 0
1.37667 0 0 0 0
1.38333 0 0 0 0
1.39 0 0 0 0
1.39667 0 0 0 0
1.40333 0 0 0 0
1.41 0 0 0 0
1.41667 0 0 0 0
1.42333 0 0 0 0
1.43 0 0 0 0
1.43667 0 0 0 0
1.44333 0 0 0 0
1.45 0 0 0 0
1.45667 0 0 0 0
1.46333 0 0 0 0
1.47 0 0 0 0
1.47667 0 0 0 0
1.48333 0 0 0 0
1.49 0 0 0 0
1.49667 0 0 0 0
1.50333 0 0 0 0
1.51 0 0 0 0
1.51667 0 0 0 0
1.52333 0 0 0 0
1.53 0 0 0 0
1.53667 0 0 0 0
1.54333 0 0 0 0
1.55 0 0 0 0
1.55667 0 0 0 0
1.56333 0 0 0 0
1.57 0 0 0 0
1.57667 0 0 0 0
1.58333 0 0 0 0
1.59 0 0 0 0
1.59667 0 0 0 0
1.60333 0 0 0 0
1.61 0 0 0 0
1.61667 0 0 0 0
1.62333 0 0 0 0
1.63 0 0 0 0
1.63667 0 0 0 0
1.64333 0 0 0 0
1.65 0 0 0 0
1.65667 0 0 0 0
1.66333 0 0 0 0
1.67 0 0 0 0
1.67667 0 0 0 0
1.68333 0 0 0 0
1.69 0 0 0 0
1.69667 0 0 0 0
1.70333 0 0 0 0
1.71 0 0 0 0
1.71667 0 0 0 0
1.72333 0 0 0 0
1.73 0 0 0 0
1.73667 0 0 0 0
1.74333 0 0 0 0
1.75 0 0 0 0
1.75667 0 0 0 0
1.76333 0 0 0 0
1.77 0 0 0 0
1.77667 0 0 0 0
1.78333 0 0 0 0
1.79 0 0 0 0
1.79667 0 0 0 0
1.80333 0 0 0 0
1.81 0 0 0 0
1.81667 0 0 0 0
1.82333 0 0 0 0
1.83 0 0 0 0
1.83667 0 0 0 0
1.84333 0 0 0 0
1.85 0 0 0 0
1.85667 0 0 0 0
1.86333 0 0 0 0
1.87 0 0 0 0
1.87667 0 0 0 0
1.88333 0 0 0 0
1.89 0 0 0 0
1.89667 0 0 0 0
1.90333 0 0 0 0
1.91 0 0 0 0
1.91667 0 0 0 0
1.92333 0 0 0 0
1.93 0 0 0 0
1.93667 0 0 0 0
1.94333 0 0 0 0
1.95 0 0 0 0
1.95667 0 0 0 0
1.96333 0 0 0 0
1.97 0 0 0 0
1.97667 0 0 0 0
1.98333 0 0 0 0
1.99 0 0 0 0
1.99667 0 0 0 0
