0.00333333 0 7 34 65
0.01 2 6 34 61
0.0166667 1 6 36 65
0.0233333 3 9 43 75
0.03 1 7 36 74
0.0366667 1 8 44 89
0.0433333 0 8 79 111
0.05 1 6 92 155
0.0566667 0 13 91 148
0.0633333 3 9 113 177
0.07 2 13 109 176
0.0766667 1 14 120 194
0.0833333 2 7 125 232
0.09 4 12 111 213
0.0966667 2 13 111 202
0.103333 2 18 105 209
0.11 3 14 106 211
0.116667 1 12 104 212
0.123333 3 10 111 225
0.13 4 23 99 223
0.136667 3 14 95 183
0.143333 0 19 80 169
0.15 2 6 91 185
0.156667 3 15 81 172
0.163333 1 17 97 183
0.17 3 11 74 163
0.176667 2 12 90 164
0.183333 2 9 83 173
0.19 2 19 81 194
0.196667 2 11 91 177
0.203333 2 15 68 153
0.21 5 12 69 151
0.216667 3 9 71 137
0.223333 1 9 65 175
0.23 0 7 55 171
0.236667 2 9 63 137
0.243333 1 9 66 128
0.25 1 12 68 119
0.256667 1 7 59 128
0.263333 1 13 56 122
0.27 2 9 58 131
0.276667 2 8 59 91
0.283333 1 10 48 118
0.29 2 8 52 97
0.296667 0 6 53 91
0.303333 1 12 48 88
0.31 2 9 48 97
0.316667 1 8 37 89
0.323333 5 4 46 82
0.33 0 5 51 83
0.336667 0 9 41 82
0.343333 5 9 36 97
0.35 0 4 39 73
0.356667 1 6 38 68
0.363333 4 9 41 65
0.37 0 3 40 72
0.376667 2 10 27 94
0.383333 0 6 34 67
0.39 2 11 33 85
0.396667 2 5 33 78
0.403333 3 9 41 57
0.41 1 7 33 58
0.416667 2 7 37 72
0.423333 2 6 22 81
0.43 0 6 30 64
0.436667 1 9 35 62
0.443333 1 7 28 66
0.45 1 7 25 76
0.456667 4 3 27 64
0.463333 1 6 32 65
0.47 2 10 37 75
0.476667 0 5 26 67
0.483333 1 7 26 39
0.49 0 3 19 53
0.496667 2 5 25 38
0.503333 0 5 32 47
0.51 1 3 18 37
0.516667 1 3 19 35
0.523333 1 2 24 51
0.53 0 8 15 43
0.536667 0 1 17 37
0.543333 0 4 19 34
0.55 1 4 20 30
0.556667 0 4 20 34
0.563333 1 2 25 32
0.57 2 3 11 26
0.576667 1 4 17 25
0.583333 0 5 22 42
0.59 2 3 14 27
0.596667 1 2 15 30
0.603333 0 2 9 26
0.61 0 4 14 29
0.616667 0 5 7 43
0.623333 1 4 17 27
0.63 0 1 17 28
0.636667 1 7 23 33
0.643333 0 4 10 28
0.65 0 2 17 30
0.656667 0 1 15 29
0.663333 17 203 677 2051
0.67 0 0 0 0
0.676667 0 0 0 0
0.683333 0 0 0 0
0.69 0 0 0 0
0.696667 0 0 0 0
0.703333 0 0 0 0
0.71 0 0 0 0
0.716667 0 0 0 0
0.723333 0 0 0 0
0.73 0 0 0 0
0.736667 0 0 0 0
0.743333 0 0 0 0
0.75 0 0 0 0
0.756667 0 0 0 0
0.763333 0 0 0 0
0.77 0 0 0 0
0.776667 0 0 0 0
0.783333 0 0 0 0
0.79 0 0 0 0
0.796667 0 0 0 0
0.803333 0 0 0 0
0.81 0 0 0 0
0.816667 0 0 0 0
0.823333 0 0 0 0
0.83 0 0 0 0
0.836667 0 0 0 0
0.843333 0 0 0 0
0.85 0 0 0 0
0.856667 0 0 0 0
0.863333 0 0 0 0
0.87 0 0 0 0
0.876667 0 0 0 0
0.883333 0 0 0 0
0.89 0 0 0 0
0.896667 0 0 0 0
0.903333 0 0 0 0
0.91 0 0 0 0
0.916667 0 0 0 0
0.923333 0 0 0 0
0.93 0 0 0 0
0.936667 0 0 0 0
0.943333 0 0 0 0
0.95 0 0 0 0
0.956667 0 0 0 0
0.963333 0 0 0 0
0.97 0 0 0 0
0.976667 0 0 0 0
0.983333 0 0 0 0
0.99 0 0 0 0
0.996667 0 0 0 0
1.00333 0 0 0 0
1.01 0 0 0 0
1.01667 0 0 0 0
1.02333 0 0 0 0
1.03 0 0 0 0
1.03667 0 0 0 0
1.04333 0 0 0 0
1.05 0 0 0 0
1.05667 0 0 0 0
1.06333 0 0 0 0
1.07 0 0 0 0
1.07667 0 0 0 0
1.08333 0 0 0 0
1.09 0 0 0 0
1.09667 0 0 0 0
1.10333 0 0 0 0
1.11 0 0 0 0
1.11667 0 0 0 0
1.12333 0 0 0 0
1.13 0 0 0 0
1.13667 0 0 0 0
1.14333 0 0 0 0
1.15 0 0 0 0
1.15667 0 0 0 0
1.16333 0 0 0 0
1.17 0 0 0 0
1.17667 0 0 0 0
1.18333 0 0 0 0
1.19 0 0 0 0
1.19667 0 0 0 0
1.20333 0 0 0 0
1.21 0 0 0 0
1.21667 0 0 0 0
1.22333 0 0 0 0
1.23 0 0 0 0
1.23667 0 0 0 0
1.24333 0 0 0 0
1.25 0 0 0 0
1.25667 0 0 0 0
1.26333 0 0 0 0
1.27 0 0 0 0
1.27667 0 0 0 0
1.28333 0 0 0 0
1.29 0 0 0 0
1.29667 0 0 0 0
1.30333 0 0 0 0
1.31 0 0 0 0
1.31667 0 0 0 0
1.32333 0 0 0 0
1.33 0 0 0 0
1.33667 0 0 0 0
1.34333 0 0 0 0
1.35 0 0 0 0
1.35667 0 0 0 0
1.36333 0 0 0 0
1.37 0 0 0 0
1.37667 0 0 0 0
1.38333 0 0 0 0
1.39 0 0 0 0
1.39667 0 0 0 0
1.40333 0 0 0 0
1.41 0 0 0 0
1.41667 0 0 0 0
1.42333 0 0 0 0
1.43 0 0 0 0
1.43667 0 0 0 0
1.44333 0 0 0 0
1.45 0 0 0 0
1.45667 0 0 0 0
1.46333 0 0 0 0
1.47 0 0 0 0
1.47667 0 0 0 0
1.48333 0 0 0 0
1.49 0 0 0 0
1.49667 0 0 0 0
1.50333 0 0 0 0
1.51 0 0 0 0
1.51667 0 0 0 0
1.52333 0 0 0 0
1.53 0 0 0 0
1.53667 0 0 0 0
1.54333 0 0 0 0
1.55 0 0 0 0
1.55667 0 0 0 0
1.56333 0 0 0 0
1.57 0 0 0 0
1.57667 0 0 0 0
1.58333 0 0 0 0
1.59 0 0 0 0
1.59667 0 0 0 0
1.60333 0 0 0 0
1.61 0 0 0 0
1.61667 0 0 0 0
1.62333 0 0 0 0
1.63 0 0 0 0
1.63667 0 0 0 0
1.64333 0 0 0 0
1.65 0 0 0 0
1.65667 0 0 0 0
1.66333 0 0 0 0
1.67 0 0 0 0
1.67667 0 0 0 0
1.68333 0 0 0 0
1.69 0 0 0 0
1.69667 0 0 0 0
1.70333 0 0 0 0
1.71 0 0 0 0
1.71667 0 0 0 0
1.72333 0 0 0 0
1.73 0 0 0 0
1.73667 0 0 0 0
1.74333 0 0 0 0
1.75 0 0 0 0
1.75667 0 0 0 0
1.76333 0 0 0 0
1.77 0 0 0 0
1.77667 0 0 0 0
1.78333 0 0 0 0
1.79 0 0 0 0
1.79667 0 0 0 0
1.80333 0 0 0 0
1.81 0 0 0 0
1.81667 0 0 0 0
1.82333 0 0 0 0
1.83 0 0 0 0
1.83667 0 0 0 0
1.84333 0 0 0 0
1.85 0 0 0 0
1.85667 0 0 0 0
1.86333 0 0 0 0
1.87 0 0 0 0
1.87667 0 0 0 0
1.88333 0 0 0 0
1.89 0 0 0 0
1.89667 0 0 0 0
1.90333 0 0 0 0
1.91 0 0 0 0
1.91667 0 0 0 0
1.92333 0 0 0 0
1.93 0 0 0 0
1.93667 0 0 0 0
1.94333 0 0 0 0
1.95 0 0 0 0
1.95667 0 0 0 0
1.96333 0 0 0 0
1.97 0 0 0 0
1.97667 0 0 0 0
1.98333 0 0 0 0
1.99 0 0 0 0
1.99667 0 0 0 0
