0.00333333 1 6 193 5
0.01 1 10 178 15
0.0166667 0 11 207 11
0.0233333 1 6 211 12
0.03 2 8 207 11
0.0366667 4 22 202 25
0.0433333 2 20 277 20
0.05 2 21 276 28
0.0566667 3 23 292 39
0.0633333 4 27 331 27
0.07 4 22 367 46
0.0766667 1 32 416 42
0.0833333 5 35 376 26
0.09 5 24 390 35
0.0966667 2 27 421 45
0.103333 7 25 384 36
0.11 5 35 421 32
0.116667 4 32 487 43
0.123333 5 31 450 35
0.13 3 32 463 31
0.136667 1 19 462 28
0.143333 4 22 465 25
0.15 5 20 476 33
0.156667 4 22 462 25
0.163333 0 21 456 31
0.17 4 20 459 26
0.176667 6 22 514 17
0.183333 1 19 559 21
0.19 1 22 760 24
0.196667 1 15 733 21
0.203333 5 15 679 26
0.21 3 24 626 24
0.216667 2 19 533 15
0.223333 3 15 522 17
0.23 3 16 431 23
0.236667 5 16 415 23
0.243333 5 15 382 19
0.25 2 19 375 15
0.256667 3 18 350 24
0.263333 1 16 288 29
0.27 0 18 282 20
0.276667 1 10 320 19
0.283333 1 19 289 23
0.29 3 15 272 20
0.296667 1 10 265 13
0.303333 1 24 265 16
0.31 2 14 251 13
0.316667 1 11 251 15
0.323333 1 10 229 11
0.33 2 19 226 8
0.336667 2 16 224 14
0.343333 2 7 225 23
0.35 1 21 238 20
0.356667 2 14 200 15
0.363333 2 15 204 11
0.37 1 16 215 9
0.376667 2 7 211 15
0.383333 5 9 205 12
0.39 1 11 221 9
0.396667 2 14 203 8
0.403333 1 6 194 10
0.41 0 6 187 14
0.416667 2 15 211 15
0.423333 2 10 212 14
0.43 4 11 213 10
0.436667 4 18 217 8
0.443333 1 11 185 8
0.45 1 4 216 15
0.456667 1 11 222 10
0.463333 1 13 253 8
0.47 4 4 231 12
0.476667 1 9 193 13
0.483333 1 4 114 7
0.49 1 7 104 5
0.496667 2 11 93 7
0.503333 2 7 90 12
0.51 0 6 76 11
0.516667 1 7 52 5
0.523333 2 8 76 4
0.53 3 6 71 4
0.536667 1 4 50 8
0.543333 0 7 69 5
0.55 0 1 52 6
0.556667 1 6 59 9
0.563333 0 8 63 3
0.57 0 2 47 9
0.576667 2 8 64 8
0.583333 3 7 51 3
0.59 1 5 39 2
0.596667 4 6 44 4
0.603333 0 6 53 7
0.61 0 7 44 4
0.616667 0 10 36 6
0.623333 0 3 43 7
0.63 2 8 58 6
0.636667 2 4 60 8
0.643333 0 8 44 5
0.65 2 7 38 10
0.656667 0 4 39 3
0.663333 15 236 12445 127
0.67 0 0 0 0
0.676667 0 0 0 0
0.683333 0 0 0 0
0.69 0 0 0 0
0.696667 0 0 0 0
0.703333 0 0 0 0
0.71 0 0 0 0
0.716667 0 0 0 0
0.723333 0 0 0 0
0.73 0 0 0 0
0.736667 0 0 0 0
0.743333 0 0 0 0
0.75 0 0 0 0
0.756667 0 0 0 0
0.763333 0 0 0 0
0.77 0 0 0 0
0.776667 0 0 0 0
0.783333 0 0 0 0
0.79 0 0 0 0
0.796667 0 0 0 0
0.803333 0 0 0 0
0.81 0 0 0 0
0.816667 0 0 0 0
0.823333 0 0 0 0
0.83 0 0 0 0
0.836667 0 0 0 0
0.843333 0 0 0 0
0.85 0 0 0 0
0.856667 0 0 0 0
0.863333 0 0 0 0
0.87 0 0 0 0
0.876667 0 0 0 0
0.883333 0 0 0 0
0.89 0 0 0 0
0.896667 0 0 0 0
0.903333 0 0 0 0
0.91 0 0 0 0
0.916667 0 0 0 0
0.923333 0 0 0 0
0.93 0 0 0 0
0.936667 0 0 0 0
0.943333 0 0 0 0
0.95 0 0 0 0
0.956667 0 0 0 0
0.963333 0 0 0 0
0.97 0 0 0 0
0.976667 0 0 0 0
0.983333 0 0 0 0
0.99 0 0 0 0
0.996667 0 0 0 0
1.00333 0 0 0 0
1.01 0 0 0 0
1.01667 0 0 0 0
1.02333 0 0 0 0
1.03 0 0 0 0
1.03667 0 0 0 0
1.04333 0 0 0 0
1.05 0 0 0 0
1.05667 0 0 0 0
1.06333 0 0 0 0
1.07 0 0 0 0
1.07667 0 0 0 0
1.08333 0 0 0 0
1.09 0 0 0 0
1.09667 0 0 0 0
1.10333 0 0 0 0
1.11 0 0 0 0
1.11667 0 0 0 0
1.12333 0 0 0 0
1.13 0 0 0 0
1.13667 0 0 0 0
1.14333 0 0 0 0
1.15 0 0 0 0
1.15667 0 0 0 0
1.16333 0 0 0 0
1.17 0 0 0 0
1.17667 0 0 0 0
1.18333 0 0 0 0
1.19 0 0 0 0
1.19667 0 0 0 0
1.20333 0 0 0 0
1.21 0 0 0 0
1.21667 0 0 0 0
1.22333 0 0 0 0
1.23 0 0 0 0
1.23667 0 0 0 0
1.24333 0 0 0 0
1.25 0 0 0 0
1.25667 0 0 0 0
1.26333 0 0 0 0
1.27 0 0 0 0
1.27667 0 0 0 0
1.28333 0 0 0 0
1.29 0 0 0 0
1.29667 0 0 0 0
1.30333 0 0 0 0
1.31 0 0 0 0
1.31667 0 0 0 0
1.32333 0 0 0 0
1.33 0 0 0 0
1.33667 0 0 0 0
1.34333 0 0 0 0
1.35 0 0 0 0
1.35667 0 0 0 0
1.36333 0 0 0 0
1.37 0 0 0 0
1.37667 0 0 0 0
1.38333 0 0 0 0
1.39 0 0 0 0
1.39667 0 0 0 0
1.40333 0 0 0 0
1.41 0 0 0 0
1.41667 0 0 0 0
1.42333 0 0 0 0
1.43 0 0 0 0
1.43667 0 0 0 0
1.44333 0 0 0 0
1.45 0 0 0 0
1.45667 0 0 0 0
1.46333 0 0 0 0
1.47 0 0 0 0
1.47667 0 0 0 0
1.48333 0 0 0 0
1.49 0 0 0 0
1.49667 0 0 0 0
1.50333 0 0 0 0
1.51 0 0 0 0
1.51667 0 0 0 0
1.52333 0 0 0 0
1.53 0 0 0 0
1.53667 0 0 0 0
1.54333 0 0 0 0
1.55 0 0 0 0
1.55667 0 0 0 0
1.56333 0 0 0 0
1.57 0 0 0 0
1.57667 0 0 0 0
1.58333 0 0 0 0
1.59 0 0 0 0
1.59667 0 0 0 0
1.60333 0 0 0 0
1.61 0 0 0 0
1.61667 0 0 0 0
1.62333 0 0 0 0
1.63 0 0 0 0
1.63667 0 0 0 0
1.64333 0 0 0 0
1.65 0 0 0 0
1.65667 0 0 0 0
1.66333 0 0 0 0
1.67 0 0 0 0
1.67667 0 0 0 0
1.68333 0 0 0 0
1.69 0 0 0 0
1.69667 0 0 0 0
1.70333 0 0 0 0
1.71 0 0 0 0
1.71667 0 0 0 0
1.72333 0 0 0 0
1.73 0 0 0 0
1.73667 0 0 0 0
1.74333 0 0 0 0
1.75 0 0 0 0
1.75667 0 0 0 0
1.76333 0 0 0 0
1.77 0 0 0 0
1.77667 0 0 0 0
1.78333 0 0 0 0
1.79 0 0 0 0
1.79667 0 0 0 0
1.80333 0 0 0 0
1.81 0 0 0 0
1.81667 0 0 0 0
1.82333 0 0 0 0
1.83 0 0 0 0
1.83667 0 0 0 0
1.84333 0 0 0 0
1.85 0 0 0 0
1.85667 0 0 0 0
1.86333 0 0 0 0
1.87 0 0 0 0
1.87667 0 0 0 0
1.88333 0 0 0 0
1.89 0 0 0 0
1.89667 0 0 0 0
1.90333 0 0 0 0
1.91 0 0 0 0
1.91667 0 0 0 0
1.92333 0 0 0 0
1.93 0 0 0 0
1.93667 0 0 0 0
1.94333 0 0 0 0
1.95 0 0 0 0
1.95667 0 0 0 0
1.96333 0 0 0 0
1.97 0 0 0 0
1.97667 0 0 0 0
1.98333 0 0 0 0
1.99 0 0 0 0
1.99667 0 0 0 0
