0.00333333 1 10 44 6
0.01 3 15 56 16
0.0166667 4 24 63 17
0.0233333 4 27 62 15
0.03 1 24 62 24
0.0366667 6 30 88 27
0.0433333 5 41 112 30
0.05 7 49 123 48
0.0566667 12 57 164 56
0.0633333 26 58 170 40
0.07 17 51 184 61
0.0766667 14 66 193 58
0.0833333 16 68 208 72
0.09 8 65 173 46
0.0966667 10 63 178 61
0.103333 9 63 179 54
0.11 12 71 200 59
0.116667 8 53 199 48
0.123333 14 57 174 69
0.13 10 46 164 55
0.136667 7 55 165 45
0.143333 13 66 142 50
0.15 18 63 147 46
0.156667 11 56 150 34
0.163333 9 53 141 40
0.17 7 52 137 35
0.176667 9 44 147 47
0.183333 8 55 122 40
0.19 9 53 151 37
0.196667 14 67 165 38
0.203333 3 58 114 44
0.21 8 56 129 38
0.216667 6 53 107 35
0.223333 5 39 119 50
0.23 5 54 117 33
0.236667 11 56 100 34
0.243333 9 44 102 26
0.25 15 31 97 34
0.256667 9 33 91 25
0.263333 6 43 84 29
0.27 5 36 91 29
0.276667 6 29 97 26
0.283333 3 36 70 36
0.29 4 32 70 22
0.296667 6 29 88 17
0.303333 4 26 66 28
0.31 5 33 52 18
0.316667 4 32 77 29
0.323333 2 27 64 25
0.33 4 24 66 22
0.336667 5 27 60 25
0.343333 5 24 75 20
0.35 5 26 69 21
0.356667 5 23 58 28
0.363333 2 31 48 15
0.37 2 36 66 16
0.376667 2 16 61 17
0.383333 4 32 57 21
0.39 1 26 54 28
0.396667 6 18 54 19
0.403333 6 34 44 13
0.41 3 24 55 17
0.416667 3 26 56 21
0.423333 5 23 42 20
0.43 5 29 44 16
0.436667 4 16 43 11
0.443333 4 21 61 9
0.45 4 23 55 18
0.456667 4 24 47 18
0.463333 4 26 47 17
0.47 8 22 55 23
0.476667 1 15 43 21
0.483333 4 11 35 18
0.49 1 24 32 10
0.496667 2 17 19 5
0.503333 3 16 39 13
0.51 1 11 40 10
0.516667 2 13 40 11
0.523333 2 13 31 14
0.53 2 12 28 7
0.536667 3 7 27 11
0.543333 1 11 27 9
0.55 3 13 26 5
0.556667 2 17 20 9
0.563333 4 11 27 13
0.57 1 8 31 10
0.576667 5 13 43 11
0.583333 2 14 28 10
0.59 3 6 23 15
0.596667 2 14 19 12
0.603333 4 12 15 13
0.61 2 14 22 9
0.616667 1 11 24 4
0.623333 2 11 17 11
0.63 1 8 22 10
0.636667 3 8 20 12
0.643333 3 7 27 5
0.65 7 11 25 12
0.656667 1 11 18 5
0.663333 76 606 1228 333
0.67 0 0 0 0
0.676667 0 0 0 0
0.683333 0 0 0 0
0.69 0 0 0 0
0.696667 0 0 0 0
0.703333 0 0 0 0
0.71 0 0 0 0
0.716667 0 0 0 0
0.723333 0 0 0 0
0.73 0 0 0 0
0.736667 0 0 0 0
0.743333 0 0 0 0
0.75 0 0 0 0
0.756667 0 0 0 0
0.763333 0 0 0 0
0.77 0 0 0 0
0.776667 0 0 0 0
0.783333 0 0 0 0
0.79 0 0 0 0
0.796667 0 0 0 0
0.803333 0 0 0 0
0.81 0 0 0 0
0.816667 0 0 0 0
0.823333 0 0 0 0
0.83 0 0 0 0
0.836667 0 0 0 0
0.843333 0 0 0 0
0.85 0 0 0 0
0.856667 0 0 0 0
0.863333 0 0 0 0
0.87 0 0 0 0
0.876667 0 0 0 0
0.883333 0 0 0 0
0.89 0 0 0 0
0.896667 0 0 0 0
0.903333 0 0 0 0
0.91 0 0 0 0
0.916667 0 0 0 0
0.923333 0 0 0 0
0.93 0 0 0 0
0.936667 0 0 0 0
0.943333 0 0 0 0
0.95 0 0 0 0
0.956667 0 0 0 0
0.963333 0 0 0 0
0.97 0 0 0 0
0.976667 0 0 0 0
0.983333 0 0 0 0
0.99 0 0 0 0
0.996667 0 0 0 0
1.00333 0 0 0 0
1.01 0 0 0 0
1.01667 0 0 0 0
1.02333 0 0 0 0
1.03 0 0 0 0
1.03667 0 0 0 0
1.04333 0 0 0 0
1.05 0 0 0 0
1.05667 0 0 0 0
1.06333 0 0 0 0
1.07 0 0 0 0
1.07667 0 0 0 0
1.08333 0 0 0 0
1.09 0 0 0 0
1.09667 0 0 0 0
1.10333 0 0 0 0
1.11 0 0 0 0
1.11667 0 0 0 0
1.12333 0 0 0 0
1.13 0 0 0 0
1.13667 0 0 0 0
1.14333 0 0 0 0
1.15 0 0 0 0
1.15667 0 0 0 0
1.16333 0 0 0 0
1.17 0 0 0 0
1.17667 0 0 0 0
1.18333 0 0 0 0
1.19 0 0 0 0
1.19667 0 0 0 0
1.20333 0 0 0 0
1.21 0 0 0 0
1.21667 0 0 0 0
1.22333 0 0 0 0
1.23 0 0 0 0
1.23667 0 0 0 0
1.24333 0 0 0 0
1.25 0 0 0 0
1.25667 0 0 0 0
1.26333 0 0 0 0
1.27 0 0 0 0
1.27667 0 0 0 0
1.28333 0 0 0 0
1.29 0 0 0 0
1.29667 0 0 0 0
1.30333 0 0 0 0
1.31 0 0 0 0
1.31667 0 0 0 0
1.32333 0 0 0 0
1.33 0 0 0 0
1.33667 0 0 0 0
1.34333 0 0 0 0
1.35 0 0 0 0
1.35667 0 0 0 0
1.36333 0 0 0 0
1.37 0 0 0 0
1.37667 0 0 0 0
1.38333 0 0 0 0
1.39 0 0 0 0
1.39667 0 0 0 0
1.40333 0 0 0 0
1.41 0 0 0 0
1.41667 0 0 0 0
1.42333 0 0 0 0
1.43 0 0 0 0
1.43667 0 0 0 0
1.44333 0 0 0 0
1.45 0 0 0 0
1.45667 0 0 0 0
1.46333 0 0 0 0
1.47 0 0 0 0
1.47667 0 0 0 0
1.48333 0 0 0 0
1.49 0 0 0 0
1.49667 0 0 0 0
1.50333 0 0 0 0
1.51 0 0 0 0
1.51667 0 0 0 0
1.52333 0 0 0 0
1.53 0 0 0 0
1.53667 0 0 0 0
1.54333 0 0 0 0
1.55 0 0 0 0
1.55667 0 0 0 0
1.56333 0 0 0 0
1.57 0 0 0 0
1.57667 0 0 0 0
1.58333 0 0 0 0
1.59 0 0 0 0
1.59667 0 0 0 0
1.60333 0 0 0 0
1.61 0 0 0 0
1.61667 0 0 0 0
1.62333 0 0 0 0
1.63 0 0 0 0
1.63667 0 0 0 0
1.64333 0 0 0 0
1.65 0 0 0 0
1.65667 0 0 0 0
1.66333 0 0 0 0
1.67 0 0 0 0
1.67667 0 0 0 0
1.68333 0 0 0 0
1.69 0 0 0 0
1.69667 0 0 0 0
1.70333 0 0 0 0
1.71 0 0 0 0
1.71667 0 0 0 0
1.72333 0 0 0 0
1.73 0 0 0 0
1.73667 0 0 0 0
1.74333 0 0 0 0
1.75 0 0 0 0
1.75667 0 0 0 0
1.76333 0 0 0 0
1.77 0 0 0 0
1.77667 0 0 0 0
1.78333 0 0 0 0
1.79 0 0 0 0
1.79667 0 0 0 0
1.80333 0 0 0 0
1.81 0 0 0 0
1.81667 0 0 0 0
1.82333 0 0 0 0
1.83 0 0 0 0
1.83667 0 0 0 0
1.84333 0 0 0 0
1.85 0 0 0 0
1.85667 0 0 0 0
1.86333 0 0 0 0
1.87 0 0 0 0
1.87667 0 0 0 0
1.88333 0 0 0 0
1.89 0 0 0 0
1.89667 0 0 0 0
1.90333 0 0 0 0
1.91 0 0 0 0
1.91667 0 0 0 0
1.92333 0 0 0 0
1.93 0 0 0 0
1.93667 0 0 0 0
1.94333 0 0 0 0
1.95 0 0 0 0
1.95667 0 0 0 0
1.96333 0 0 0 0
1.97 0 0 0 0
1.97667 0 0 0 0
1.98333 0 0 0 0
1.99 0 0 0 0
1.99667 0 0 0 0
