0.00333333 5 56 44 0
0.01 2 65 37 3
0.0166667 3 68 54 1
0.0233333 2 51 40 2
0.03 3 53 43 2
0.0366667 5 46 43 4
0.0433333 6 73 69 4
0.05 11 77 76 4
0.0566667 16 101 74 8
0.0633333 21 90 65 8
0.07 15 105 80 4
0.0766667 11 122 91 6
0.0833333 11 119 89 10
0.09 12 108 67 7
0.0966667 20 118 97 6
0.103333 10 102 95 4
0.11 11 114 75 14
0.116667 16 136 103 11
0.123333 7 121 119 5
0.13 6 124 102 9
0.136667 6 122 81 10
0.143333 7 120 86 6
0.15 4 118 76 5
0.156667 2 100 90 8
0.163333 10 96 87 7
0.17 12 98 81 2
0.176667 6 113 90 13
0.183333 9 129 96 5
0.19 6 152 135 8
0.196667 7 155 107 9
0.203333 5 133 91 6
0.21 10 141 96 8
0.216667 9 109 115 2
0.223333 10 99 101 2
0.23 11 108 89 7
0.236667 6 128 74 4
0.243333 8 88 83 5
0.25 5 75 86 3
0.256667 7 89 69 2
0.263333 10 108 77 4
0.27 5 87 74 1
0.276667 6 85 77 2
0.283333 5 76 75 7
0.29 1 82 78 1
0.296667 3 70 59 3
0.303333 6 74 63 3
0.31 8 85 56 3
0.316667 4 59 58 5
0.323333 5 83 65 3
0.33 3 75 53 6
0.336667 4 66 58 3
0.343333 5 71 47 4
0.35 4 75 70 4
0.356667 6 75 54 4
0.363333 4 58 49 4
0.37 5 76 41 1
0.376667 6 62 48 4
0.383333 7 56 41 4
0.39 7 70 58 3
0.396667 5 66 51 4
0.403333 5 67 48 4
0.41 8 51 53 1
0.416667 10 59 54 3
0.423333 7 65 52 3
0.43 3 61 48 3
0.436667 4 48 45 3
0.443333 4 68 60 2
0.45 3 68 48 0
0.456667 3 69 41 3
0.463333 3 60 57 5
0.47 4 60 44 5
0.476667 3 55 47 1
0.483333 3 48 31 3
0.49 3 33 34 1
0.496667 5 36 27 1
0.503333 2 28 17 0
0.51 3 18 30 3
0.516667 2 31 30 3
0.523333 1 24 26 2
0.53 3 23 20 1
0.536667 5 26 17 0
0.543333 2 14 15 2
0.55 2 30 11 0
0.556667 4 31 18 1
0.563333 0 20 16 3
0.57 3 24 15 0
0.576667 3 26 21 4
0.583333 1 21 17 2
0.59 0 14 8 2
0.596667 1 27 12 2
0.603333 0 25 11 1
0.61 2 21 20 2
0.616667 1 17 9 4
0.623333 2 19 10 2
0.63 2 17 18 1
0.636667 3 29 14 1
0.643333 3 24 7 1
0.65 4 14 14 2
0.656667 2 17 14 0
0.663333 64 2430 2164 28
0.67 0 0 0 0
0.676667 0 0 0 0
0.683333 0 0 0 0
0.69 0 0 0 0
0.696667 0 0 0 0
0.703333 0 0 0 0
0.71 0 0 0 0
0.716667 0 0 0 0
0.723333 0 0 0 0
0.73 0 0 0 0
0.736667 0 0 0 0
0.743333 0 0 0 0
0.75 0 0 0 0
0.756667 0 0 0 0
0.763333 0 0 0 0
0.77 0 0 0 0
0.776667 0 0 0 0
0.783333 0 0 0 0
0.79 0 0 0 0
0.796667 0 0 0 0
0.803333 0 0 0 0
0.81 0 0 0 0
0.816667 0 0 0 0
0.823333 0 0 0 0
0.83 0 0 0 0
0.836667 0 0 0 0
0.843333 0 0 0 0
0.85 0 0 0 0
0.856667 0 0 0 0
0.863333 0 0 0 0
0.87 0 0 0 0
0.876667 0 0 0 0
0.883333 0 0 0 0
0.89 0 0 0 0
0.896667 0 0 0 0
0.903333 0 0 0 0
0.91 0 0 0 0
0.916667 0 0 0 0
0.923333 0 0 0 0
0.93 0 0 0 0
0.936667 0 0 0 0
0.943333 0 0 0 0
0.95 0 0 0 0
0.956667 0 0 0 0
0.963333 0 0 0 0
0.97 0 0 0 0
0.976667 0 0 0 0
0.983333 0 0 0 0
0.99 0 0 0 0
0.996667 0 0 0 0
1.00333 0 0 0 0
1.01 0 0 0 0
1.01667 0 0 0 0
1.02333 0 0 0 0
1.03 0 0 0 0
1.03667 0 0 0 0
1.04333 0 0 0 0
1.05 0 0 0 0
1.05667 0 0 0 0
1.06333 0 0 0 0
1.07 0 0 0 0
1.07667 0 0 0 0
1.08333 0 0 0 0
1.09 0 0 0 0
1.09667 0 0 0 0
1.10333 0 0 0 0
1.11 0 0 0 0
1.11667 0 0 0 0
1.12333 0 0 0 0
1.13 0 0 0 0
1.13667 0 0 0 0
1.14333 0 0 0 0
1.15 0 0 0 0
1.15667 0 0 0 0
1.16333 0 0 0 0
1.17 0 0 0 0
1.17667 0 0 0 0
1.18333 0 0 0 0
1.19 0 0 0 0
1.19667 0 0 0 0
1.20333 0 0 0 0
1.21 0 0 0 0
1.21667 0 0 0 0
1.22333 0 0 0 0
1.23 0 0 0 0
1.23667 0 0 0 0
1.24333 0 0 0 0
1.25 0 0 0 0
1.25667 0 0 0 0
1.26333 0 0 0 0
1.27 0 0 0 0
1.27667 0 0 0 0
1.28333 0 0 0 0
1.29 0 0 0 0
1.29667 0 0 0 0
1.30333 0 0 0 0
1.31 0 0 0 0
1.31667 0 0 0 0
1.32333 0 0 0 0
1.33 0 0 0 0
1.33667 0 0 0 0
1.34333 0 0 0 0
1.35 0 0 0 0
1.35667 0 0 0 0
1.36333 0 0 0 0
1.37 0 0 0 0
1.37667 0 0 0 0
1.38333 0 0 0 0
1.39 0 0 0 0
1.39667 0 0 0 0
1.40333 0 0 0 0
1.41 0 0 0 0
1.41667 0 0 0 0
1.42333 0 0 0 0
1.43 0 0 0 0
1.43667 0 0 0 0
1.44333 0 0 0 0
1.45 0 0 0 0
1.45667 0 0 0 0
1.46333 0 0 0 0
1.47 0 0 0 0
1.47667 0 0 0 0
1.48333 0 0 0 0
1.49 0 0 0 0
1.49667 0 0 0 0
1.50333 0 0 0 0
1.51 0 0 0 0
1.51667 0 0 0 0
1.52333 0 0 0 0
1.53 0 0 0 0
1.53667 0 0 0 0
1.54333 0 0 0 0
1.55 0 0 0 0
1.55667 0 0 0 0
1.56333 0 0 0 0
1.57 0 0 0 0
1.57667 0 0 0 0
1.58333 0 0 0 0
1.59 0 0 0 0
1.59667 0 0 0 0
1.60333 0 0 0 0
1.61 0 0 0 0
1.61667 0 0 0 0
1.62333 0 0 0 0
1.63 0 0 0 0
1.63667 0 0 0 0
1.64333 0 0 0 0
1.65 0 0 0 0
1.65667 0 0 0 0
1.66333 0 0 0 0
1.67 0 0 0 0
1.67667 0 0 0 0
1.68333 0 0 0 0
1.69 0 0 0 0
1.69667 0 0 0 0
1.70333 0 0 0 0
1.71 0 0 0 0
1.71667 0 0 0 0
1.72333 0 0 0 0
1.73 0 0 0 0
1.73667 0 0 0 0
1.74333 0 0 0 0
1.75 0 0 0 0
1.75667 0 0 0 0
1.76333 0 0 0 0
1.77 0 0 0 0
1.77667 0 0 0 0
1.78333 0 0 0 0
1.79 0 0 0 0
1.79667 0 0 0 0
1.80333 0 0 0 0
1.81 0 0 0 0
1.81667 0 0 0 0
1.82333 0 0 0 0
1.83 0 0 0 0
1.83667 0 0 0 0
1.84333 0 0 0 0
1.85 0 0 0 0
1.85667 0 0 0 0
1.86333 0 0 0 0
1.87 0 0 0 0
1.87667 0 0 0 0
1.88333 0 0 0 0
1.89 0 0 0 0
1.89667 0 0 0 0
1.90333 0 0 0 0
1.91 0 0 0 0
1.91667 0 0 0 0
1.92333 0 0 0 0
1.93 0 0 0 0
1.93667 0 0 0 0
1.94333 0 0 0 0
1.95 0 0 0 0
1.95667 0 0 0 0
1.96333 0 0 0 0
1.97 0 0 0 0
1.97667 0 0 0 0
1.98333 0 0 0 0
1.99 0 0 0 0
1.99667 0 0 0 0
