0.00333333 90 63 3 1
0.01 117 62 2 1
0.0166667 101 65 1 2
0.0233333 131 55 1 2
0.03 122 66 1 0
0.0366667 165 92 3 2
0.0433333 157 106 2 0
0.05 215 109 3 2
0.0566667 221 125 6 4
0.0633333 241 158 2 4
0.07 230 158 3 1
0.0766667 315 162 3 2
0.0833333 297 153 5 3
0.09 312 173 6 1
0.0966667 308 182 2 2
0.103333 338 176 1 7
0.11 309 163 5 6
0.116667 351 197 4 5
0.123333 329 179 5 2
0.13 324 168 1 6
0.136667 334 155 4 3
0.143333 326 179 3 4
0.15 314 162 4 1
0.156667 290 139 8 1
0.163333 320 148 4 6
0.17 294 136 6 7
0.176667 301 158 2 4
0.183333 322 173 1 3
0.19 347 174 5 4
0.196667 369 194 1 3
0.203333 331 164 5 1
0.21 301 157 2 5
0.216667 305 137 4 2
0.223333 292 136 4 5
0.23 277 111 5 2
0.236667 256 149 5 3
0.243333 228 119 4 7
0.25 247 102 6 8
0.256667 245 116 4 1
0.263333 215 93 1 2
0.27 202 98 0 3
0.276667 179 95 3 2
0.283333 214 93 2 1
0.29 173 79 0 3
0.296667 175 101 3 4
0.303333 159 86 2 0
0.31 157 93 4 1
0.316667 160 70 1 3
0.323333 153 70 2 3
0.33 144 103 2 3
0.336667 158 94 4 2
0.343333 146 88 3 2
0.35 127 70 2 3
0.356667 151 70 1 1
0.363333 136 70 0 2
0.37 126 66 2 0
0.376667 125 71 1 3
0.383333 114 73 4 0
0.39 127 79 2 2
0.396667 131 54 2 0
0.403333 138 47 4 1
0.41 123 70 3 1
0.416667 117 52 0 2
0.423333 111 58 1 1
0.43 115 77 1 1
0.436667 122 67 1 2
0.443333 126 48 2 1
0.45 133 53 0 3
0.456667 111 60 3 2
0.463333 119 65 1 1
0.47 127 53 0 3
0.476667 91 55 2 2
0.483333 55 36 1 1
0.49 74 26 1 2
0.496667 66 40 2 1
0.503333 47 34 2 0
0.51 46 25 0 0
0.516667 56 31 1 0
0.523333 59 29 2 2
0.53 58 35 1 2
0.536667 51 33 3 2
0.543333 55 21 1 0
0.55 55 23 0 2
0.556667 51 22 1 1
0.563333 58 17 0 2
0.57 46 22 1 4
0.576667 54 42 1 2
0.583333 53 35 0 2
0.59 44 38 0 0
0.596667 33 31 0 1
0.603333 44 27 0 0
0.61 54 18 0 1
0.616667 36 27 2 2
0.623333 47 31 1 2
0.63 39 31 1 0
0.636667 57 33 3 4
0.643333 39 29 0 1
0.65 48 24 0 1
0.656667 51 21 2 2
0.663333 4913 2132 18 46
0.67 0 0 0 0
0.676667 0 0 0 0
0.683333 0 0 0 0
0.69 0 0 0 0
0.696667 0 0 0 0
0.703333 0 0 0 0
0.71 0 0 0 0
0.716667 0 0 0 0
0.723333 0 0 0 0
0.73 0 0 0 0
0.736667 0 0 0 0
0.743333 0 0 0 0
0.75 0 0 0 0
0.756667 0 0 0 0
0.763333 0 0 0 0
0.77 0 0 0 0
0.776667 0 0 0 0
0.783333 0 0 0 0
0.79 0 0 0 0
0.796667 0 0 0 0
0.803333 0 0 0 0
0.81 0 0 0 0
0.816667 0 0 0 0
0.823333 0 0 0 0
0.83 0 0 0 0
0.836667 0 0 0 0
0.843333 0 0 0 0
0.85 0 0 0 0
0.856667 0 0 0 0
0.863333 0 0 0 0
0.87 0 0 0 0
0.876667 0 0 0 0
0.883333 0 0 0 0
0.89 0 0 0 0
0.896667 0 0 0 0
0.903333 0 0 0 0
0.91 0 0 0 0
0.916667 0 0 0 0
0.923333 0 0 0 0
0.93 0 0 0 0
0.936667 0 0 0 0
0.943333 0 0 0 0
0.95 0 0 0 0
0.956667 0 0 0 0
0.963333 0 0 0 0
0.97 0 0 0 0
0.976667 0 0 0 0
0.983333 0 0 0 0
0.99 0 0 0 0
0.996667 0 0 0 0
1.00333 0 0 0 0
1.01 0 0 0 0
1.01667 0 0 0 0
1.02333 0 0 0 0
1.03 0 0 0 0
1.03667 0 0 0 0
1.04333 0 0 0 0
1.05 0 0 0 0
1.05667 0 0 0 0
1.06333 0 0 0 0
1.07 0 0 0 0
1.07667 0 0 0 0
1.08333 0 0 0 0
1.09 0 0 0 0
1.09667 0 0 0 0
1.10333 0 0 0 0
1.11 0 0 0 0
1.11667 0 0 0 0
1.12333 0 0 0 0
1.13 0 0 0 0
1.13667 0 0 0 0
1.14333 0 0 0 0
1.15 0 0 0 0
1.15667 0 0 0 0
1.16333 0 0 0 0
1.17 0 0 0 0
1.17667 0 0 0 0
1.18333 0 0 0 0
1.19 0 0 0 0
1.19667 0 0 0 0
1.20333 0 0 0 0
1.21 0 0 0 0
1.21667 0 0 0 0
1.22333 0 0 0 0
1.23 0 0 0 0
1.23667 0 0 0 0
1.24333 0 0 0 0
1.25 0 0 0 0
1.25667 0 0 0 0
1.26333 0 0 0 0
1.27 0 0 0 0
1.27667 0 0 0 0
1.28333 0 0 0 0
1.29 0 0 0 0
1.29667 0 0 0 0
1.30333 0 0 0 0
1.31 0 0 0 0
1.31667 0 0 0 0
1.32333 0 0 0 0
1.33 0 0 0 0
1.33667 0 0 0 0
1.34333 0 0 0 0
1.35 0 0 0 0
1.35667 0 0 0 0
1.36333 0 0 0 0
1.37 0 0 0 0
1.37667 0 0 0 0
1.38333 0 0 0 0
1.39 0 0 0 0
1.39667 0 0 0 0
1.40333 0 0 0 0
1.41 0 0 0 0
1.41667 0 0 0 0
1.42333 0 0 0 0
1.43 0 0 0 0
1.43667 0 0 0 0
1.44333 0 0 0 0
1.45 0 0 0 0
1.45667 0 0 0 0
1.46333 0 0 0 0
1.47 0 0 0 0
1.47667 0 0 0 0
1.48333 0 0 0 0
1.49 0 0 0 0
1.49667 0 0 0 0
1.50333 0 0 0 0
1.51 0 0 0 0
1.51667 0 0 0 0
1.52333 0 0 0 0
1.53 0 0 0 0
1.53667 0 0 0 0
1.54333 0 0 0 0
1.55 0 0 0 0
1.55667 0 0 0 0
1.56333 0 0 0 0
1.57 0 0 0 0
1.57667 0 0 0 0
1.58333 0 0 0 0
1.59 0 0 0 0
1.59667 0 0 0 0
1.60333 0 0 0 0
1.61 0 0 0 0
1.61667 0 0 0 0
1.62333 0 0 0 0
1.63 0 0 0 0
1.63667 0 0 0 0
1.64333 0 0 0 0
1.65 0 0 0 0
1.65667 0 0 0 0
1.66333 0 0 0 0
1.67 0 0 0 0
1.67667 0 0 0 0
1.68333 0 0 0 0
1.69 0 0 0 0
1.69667 0 0 0 0
1.70333 0 0 0 0
1.71 0 0 0 0
1.71667 0 0 0 0
1.72333 0 0 0 0
1.73 0 0 0 0
1.73667 0 0 0 0
1.74333 0 0 0 0
1.75 0 0 0 0
1.75667 0 0 0 0
1.76333 0 0 0 0
1.77 0 0 0 0
1.77667 0 0 0 0
1.78333 0 0 0 0
1.79 0 0 0 0
1.79667 0 0 0 0
1.80333 0 0 0 0
1.81 0 0 0 0
1.81667 0 0 0 0
1.82333 0 0 0 0
1.83 0 0 0 0
1.83667 0 0 0 0
1.84333 0 0 0 0
1.85 0 0 0 0
1.85667 0 0 0 0
1.86333 0 0 0 0
1.87 0 0 0 0
1.87667 0 0 0 0
1.88333 0 0 0 0
1.89 0 0 0 0
1.89667 0 0 0 0
1.90333 0 0 0 0
1.91 0 0 0 0
1.91667 0 0 0 0
1.92333 0 0 0 0
1.93 0 0 0 0
1.93667 0 0 0 0
1.94333 0 0 0 0
1.95 0 0 0 0
1.95667 0 0 0 0
1.96333 0 0 0 0
1.97 0 0 0 0
1.97667 0 0 0 0
1.98333 0 0 0 0
1.99 0 0 0 0
1.99667 0 0 0 0
