0.00333333 29 23 4 1
0.01 29 47 4 1
0.0166667 35 49 7 0
0.0233333 46 54 4 0
0.03 35 39 7 2
0.0366667 52 64 8 0
0.0433333 74 78 4 1
0.05 119 113 11 4
0.0566667 127 117 13 2
0.0633333 116 123 5 3
0.07 146 143 16 2
0.0766667 125 146 17 1
0.0833333 157 155 9 1
0.09 121 161 13 3
0.0966667 135 153 15 0
0.103333 134 143 8 3
0.11 152 149 13 2
0.116667 135 160 15 3
0.123333 132 148 12 3
0.13 118 129 16 3
0.136667 114 116 13 1
0.143333 99 92 17 0
0.15 111 98 7 1
0.156667 97 98 13 2
0.163333 94 107 15 1
0.17 95 102 7 0
0.176667 107 96 14 2
0.183333 104 98 12 0
0.19 89 118 10 0
0.196667 110 88 15 1
0.203333 75 93 12 3
0.21 94 90 6 2
0.216667 72 95 8 0
0.223333 68 90 10 2
0.23 72 87 9 2
0.236667 62 76 10 1
0.243333 68 87 10 1
0.25 80 85 13 1
0.256667 49 58 4 2
0.263333 60 66 7 0
0.27 62 67 9 2
0.276667 67 62 9 3
0.283333 63 70 11 1
0.29 60 62 7 1
0.296667 50 60 4 0
0.303333 51 63 5 1
0.31 67 49 6 1
0.316667 47 57 6 0
0.323333 49 47 6 0
0.33 46 47 5 1
0.336667 47 43 6 0
0.343333 62 48 5 1
0.35 45 41 11 0
0.356667 54 61 6 0
0.363333 37 48 5 0
0.37 43 40 6 0
0.376667 41 45 4 2
0.383333 40 50 8 1
0.39 47 44 5 0
0.396667 39 37 9 2
0.403333 45 45 4 0
0.41 44 42 6 0
0.416667 29 36 12 0
0.423333 40 39 3 1
0.43 31 33 8 0
0.436667 41 34 4 0
0.443333 28 36 8 1
0.45 43 32 5 0
0.456667 41 34 6 1
0.463333 38 38 2 1
0.47 39 40 1 1
0.476667 35 22 9 1
0.483333 35 25 3 1
0.49 20 31 3 0
0.496667 30 22 4 0
0.503333 25 29 7 0
0.51 25 29 5 0
0.516667 23 17 2 0
0.523333 20 15 3 0
0.53 19 28 3 0
0.536667 22 24 3 0
0.543333 20 21 4 0
0.55 13 16 4 0
0.556667 14 23 2 0
0.563333 19 18 2 1
0.57 20 28 3 0
0.576667 18 21 5 0
0.583333 22 24 4 0
0.59 16 24 7 2
0.596667 24 16 1 1
0.603333 18 18 3 0
0.61 13 15 4 1
0.616667 20 23 3 1
0.623333 21 23 2 0
0.63 24 11 3 1
0.636667 23 21 3 0
0.643333 16 17 1 0
0.65 15 15 3 2
0.656667 17 25 3 1
0.663333 724 921 121 4
0.67 0 0 0 0
0.676667 0 0 0 0
0.683333 0 0 0 0
0.69 0 0 0 0
0.696667 0 0 0 0
0.703333 0 0 0 0
0.71 0 0 0 0
0.716667 0 0 0 0
0.723333 0 0 0 0
0.73 0 0 0 0
0.736667 0 0 0 0
0.743333 0 0 0 0
0.75 0 0 0 0
0.756667 0 0 0 0
0.763333 0 0 0 0
0.77 0 0 0 0
0.776667 0 0 0 0
0.783333 0 0 0 0
0.79 0 0 0 0
0.796667 0 0 0 0
0.803333 0 0 0 0
0.81 0 0 0 0
0.816667 0 0 0 0
0.823333 0 0 0 0
0.83 0 0 0 0
0.836667 0 0 0 0
0.843333 0 0 0 0
0.85 0 0 0 0
0.856667 0 0 0 0
0.863333 0 0 0 0
0.87 0 0 0 0
0.876667 0 0 0 0
0.883333 0 0 0 0
0.89 0 0 0 0
0.896667 0 0 0 0
0.903333 0 0 0 0
0.91 0 0 0 0
0.916667 0 0 0 0
0.923333 0 0 0 0
0.93 0 0 0 0
0.936667 0 0 0 0
0.943333 0 0 0 0
0.95 0 0 0 0
0.956667 0 0 0 0
0.963333 0 0 0 0
0.97 0 0 0 0
0.976667 0 0 0 0
0.983333 0 0 0 0
0.99 0 0 0 0
0.996667 0 0 0 0
1.00333 0 0 0 0
1.01 0 0 0 0
1.01667 0 0 0 0
1.02333 0 0 0 0
1.03 0 0 0 0
1.03667 0 0 0 0
1.04333 0 0 0 0
1.05 0 0 0 0
1.05667 0 0 0 0
1.06333 0 0 0 0
1.07 0 0 0 0
1.07667 0 0 0 0
1.08333 0 0 0 0
1.09 0 0 0 0
1.09667 0 0 0 0
1.10333 0 0 0 0
1.11 0 0 0 0
1.11667 0 0 0 0
1.12333 0 0 0 0
1.13 0 0 0 0
1.13667 0 0 0 0
1.14333 0 0 0 0
1.15 0 0 0 0
1.15667 0 0 0 0
1.16333 0 0 0 0
1.17 0 0 0 0
1.17667 0 0 0 0
1.18333 0 0 0 0
1.19 0 0 0 0
1.19667 0 0 0 0
1.20333 0 0 0 0
1.21 0 0 0 0
1.21667 0 0 0 0
1.22333 0 0 0 0
1.23 0 0 0 0
1.23667 0 0 0 0
1.24333 0 0 0 0
1.25 0 0 0 0
1.25667 0 0 0 0
1.26333 0 0 0 0
1.27 0 0 0 0
1.27667 0 0 0 0
1.28333 0 0 0 0
1.29 0 0 0 0
1.29667 0 0 0 0
1.30333 0 0 0 0
1.31 0 0 0 0
1.31667 0 0 0 0
1.32333 0 0 0 0
1.33 0 0 0 0
1.33667 0 0 0 0
1.34333 0 0 0 0
1.35 0 0 0 0
1.35667 0 0 0 0
1.36333 0 0 0 0
1.37 0 0 0 0
1.37667 0 0 0 0
1.38333 0 0 0 0
1.39 0 0 0 0
1.39667 0 0 0 0
1.40333 0 0 0 0
1.41 0 0 0 0
1.41667 0 0 0 0
1.42333 0 0 0 0
1.43 0 0 0 0
1.43667 0 0 0 0
1.44333 0 0 0 0
1.45 0 0 0 0
1.45667 0 0 0 0
1.46333 0 0 0 0
1.47 0 0 0 0
1.47667 0 0 0 0
1.48333 0 0 0 0
1.49 0 0 0 0
1.49667 0 0 0 0
1.50333 0 0 0 0
1.51 0 0 0 0
1.51667 0 0 0 0
1.52333 0 0 0 0
1.53 0 0 0 0
1.53667 0 0 0 0
1.54333 0 0 0 0
1.55 0 0 0 0
1.55667 0 0 0 0
1.56333 0 0 0 0
1.57 0 0 0 0
1.57667 0 0 0 0
1.58333 0 0 0 0
1.59 0 0 0 0
1.59667 0 0 0 0
1.60333 0 0 0 0
1.61 0 0 0 0
1.61667 0 0 0 0
1.62333 0 0 0 0
1.63 0 0 0 0
1.63667 0 0 0 0
1.64333 0 0 0 0
1.65 0 0 0 0
1.65667 0 0 0 0
1.66333 0 0 0 0
1.67 0 0 0 0
1.67667 0 0 0 0
1.68333 0 0 0 0
1.69 0 0 0 0
1.69667 0 0 0 0
1.70333 0 0 0 0
1.71 0 0 0 0
1.71667 0 0 0 0
1.72333 0 0 0 0
1.73 0 0 0 0
1.73667 0 0 0 0
1.74333 0 0 0 0
1.75 0 0 0 0
1.75667 0 0 0 0
1.76333 0 0 0 0
1.77 0 0 0 0
1.77667 0 0 0 0
1.78333 0 0 0 0
1.79 0 0 0 0
1.79667 0 0 0 0
1.80333 0 0 0 0
1.81 0 0 0 0
1.81667 0 0 0 0
1.82333 0 0 0 0
1.83 0 0 0 0
1.83667 0 0 0 0
1.84333 0 0 0 0
1.85 0 0 0 0
1.85667 0 0 0 0
1.86333 0 0 0 0
1.87 0 0 0 0
1.87667 0 0 0 0
1.88333 0 0 0 0
1.89 0 0 0 0
1.89667 0 0 0 0
1.90333 0 0 0 0
1.91 0 0 0 0
1.91667 0 0 0 0
1.92333 0 0 0 0
1.93 0 0 0 0
1.93667 0 0 0 0
1.94333 0 0 0 0
1.95 0 0 0 0
1.95667 0 0 0 0
1.96333 0 0 0 0
1.97 0 0 0 0
1.97667 0 0 0 0
1.98333 0 0 0 0
1.99 0 0 0 0
1.99667 0 0 0 0
