0.00333333 0 15 75 1
0.01 0 11 84 5
0.0166667 2 16 81 9
0.0233333 5 12 106 6
0.03 2 26 89 2
0.0366667 3 26 120 8
0.0433333 2 34 117 10
0.05 4 34 129 13
0.0566667 8 35 153 23
0.0633333 4 43 145 14
0.07 5 41 173 12
0.0766667 8 39 173 13
0.0833333 6 37 191 7
0.09 9 40 195 21
0.0966667 3 27 192 18
0.103333 4 48 171 14
0.11 10 34 161 18
0.116667 8 44 179 14
0.123333 8 37 179 19
0.13 3 36 211 15
0.136667 5 27 198 10
0.143333 8 34 202 18
0.15 3 34 194 7
0.156667 6 36 188 8
0.163333 1 33 206 10
0.17 7 23 194 11
0.176667 6 29 210 9
0.183333 6 33 256 16
0.19 6 29 342 11
0.196667 4 25 294 4
0.203333 4 23 239 12
0.21 3 22 248 8
0.216667 2 32 252 5
0.223333 6 18 210 6
0.23 5 27 185 10
0.236667 5 18 172 8
0.243333 6 23 179 6
0.25 3 31 166 7
0.256667 1 12 157 8
0.263333 4 18 156 8
0.27 3 18 147 5
0.276667 7 12 154 7
0.283333 4 17 121 6
0.29 1 22 135 10
0.296667 5 21 112 4
0.303333 2 11 108 5
0.31 5 12 104 8
0.316667 2 20 118 4
0.323333 1 15 138 6
0.33 3 20 93 8
0.336667 1 15 113 5
0.343333 2 16 113 10
0.35 3 10 117 7
0.356667 3 12 130 11
0.363333 3 14 111 5
0.37 2 16 106 8
0.376667 4 10 119 10
0.383333 3 20 114 4
0.39 2 17 91 6
0.396667 0 14 102 5
0.403333 8 10 103 4
0.41 1 13 108 1
0.416667 3 16 95 7
0.423333 2 15 97 10
0.43 4 9 98 5
0.436667 2 13 111 3
0.443333 0 4 94 9
0.45 3 14 90 8
0.456667 1 10 114 6
0.463333 3 12 116 4
0.47 2 10 100 5
0.476667 2 7 81 1
0.483333 1 8 48 2
0.49 1 11 38 3
0.496667 1 18 33 0
0.503333 3 14 42 4
0.51 1 6 30 6
0.516667 1 9 23 2
0.523333 4 12 27 6
0.53 1 6 29 3
0.536667 4 4 24 3
0.543333 2 4 10 3
0.55 1 4 15 1
0.556667 3 4 14 4
0.563333 1 2 16 3
0.57 1 16 12 3
0.576667 0 3 26 2
0.583333 1 8 20 6
0.59 0 8 13 3
0.596667 3 10 13 2
0.603333 1 3 18 1
0.61 3 7 13 2
0.616667 1 2 14 4
0.623333 0 9 12 2
0.63 2 12 20 1
0.636667 2 6 28 5
0.643333 1 10 8 3
0.65 1 4 10 4
0.656667 1 9 8 5
0.663333 36 317 6054 63
0.67 0 0 0 0
0.676667 0 0 0 0
0.683333 0 0 0 0
0.69 0 0 0 0
0.696667 0 0 0 0
0.703333 0 0 0 0
0.71 0 0 0 0
0.716667 0 0 0 0
0.723333 0 0 0 0
0.73 0 0 0 0
0.736667 0 0 0 0
0.743333 0 0 0 0
0.75 0 0 0 0
0.756667 0 0 0 0
0.763333 0 0 0 0
0.77 0 0 0 0
0.776667 0 0 0 0
0.783333 0 0 0 0
0.79 0 0 0 0
0.796667 0 0 0 0
0.803333 0 0 0 0
0.81 0 0 0 0
0.816667 0 0 0 0
0.823333 0 0 0 0
0.83 0 0 0 0
0.836667 0 0 0 0
0.843333 0 0 0 0
0.85 0 0 0 0
0.856667 0 0 0 0
0.863333 0 0 0 0
0.87 0 0 0 0
0.876667 0 0 0 0
0.883333 0 0 0 0
0.89 0 0 0 0
0.896667 0 0 0 0
0.903333 0 0 0 0
0.91 0 0 0 0
0.916667 0 0 0 0
0.923333 0 0 0 0
0.93 0 0 0 0
0.936667 0 0 0 0
0.943333 0 0 0 0
0.95 0 0 0 0
0.956667 0 0 0 0
0.963333 0 0 0 0
0.97 0 0 0 0
0.976667 0 0 0 0
0.983333 0 0 0 0
0.99 0 0 0 0
0.996667 0 0 0 0
1.00333 0 0 0 0
1.01 0 0 0 0
1.01667 0 0 0 0
1.02333 0 0 0 0
1.03 0 0 0 0
1.03667 0 0 0 0
1.04333 0 0 0 0
1.05 0 0 0 0
1.05667 0 0 0 0
1.06333 0 0 0 0
1.07 0 0 0 0
1.07667 0 0 0 0
1.08333 0 0 0 0
1.09 0 0 0 0
1.09667 0 0 0 0
1.10333 0 0 0 0
1.11 0 0 0 0
1.11667 0 0 0 0
1.12333 0 0 0 0
1.13 0 0 0 0
1.13667 0 0 0 0
1.14333 0 0 0 0
1.15 0 0 0 0
1.15667 0 0 0 0
1.16333 0 0 0 0
1.17 0 0 0 0
1.17667 0 0 0 0
1.18333 0 0 0 0
1.19 0 0 0 0
1.19667 0 0 0 0
1.20333 0 0 0 0
1.21 0 0 0 0
1.21667 0 0 0 0
1.22333 0 0 0 0
1.23 0 0 0 0
1.23667 0 0 0 0
1.24333 0 0 0 0
1.25 0 0 0 0
1.25667 0 0 0 0
1.26333 0 0 0 0
1.27 0 0 0 0
1.27667 0 0 0 0
1.28333 0 0 0 0
1.29 0 0 0 0
1.29667 0 0 0 0
1.30333 0 0 0 0
1.31 0 0 0 0
1.31667 0 0 0 0
1.32333 0 0 0 0
1.33 0 0 0 0
1.33667 0 0 0 0
1.34333 0 0 0 0
1.35 0 0 0 0
1.35667 0 0 0 0
1.36333 0 0 0 0
1.37 0 0 0 0
1.37667 0 0 0 0
1.38333 0 0 0 0
1.39 0 0 0 0
1.39667 0 0 0 0
1.40333 0 0 0 0
1.41 0 0 0 0
1.41667 0 0 0 0
1.42333 0 0 0 0
1.43 0 0 0 0
1.43667 0 0 0 0
1.44333 0 0 0 0
1.45 0 0 0 0
1.45667 0 0 0 0
1.46333 0 0 0 0
1.47 0 0 0 0
1.47667 0 0 0 0
1.48333 0 0 0 0
1.49 0 0 0 0
1.49667 0 0 0 0
1.50333 0 0 0 0
1.51 0 0 0 0
1.51667 0 0 0 0
1.52333 0 0 0 0
1.53 0 0 0 0
1.53667 0 0 0 0
1.54333 0 0 0 0
1.55 0 0 0 0
1.55667 0 0 0 0
1.56333 0 0 0 0
1.57 0 0 0 0
1.57667 0 0 0 0
1.58333 0 0 0 0
1.59 0 0 0 0
1.59667 0 0 0 0
1.60333 0 0 0 0
1.61 0 0 0 0
1.61667 0 0 0 0
1.62333 0 0 0 0
1.63 0 0 0 0
1.63667 0 0 0 0
1.64333 0 0 0 0
1.65 0 0 0 0
1.65667 0 0 0 0
1.66333 0 0 0 0
1.67 0 0 0 0
1.67667 0 0 0 0
1.68333 0 0 0 0
1.69 0 0 0 0
1.69667 0 0 0 0
1.70333 0 0 0 0
1.71 0 0 0 0
1.71667 0 0 0 0
1.72333 0 0 0 0
1.73 0 0 0 0
1.73667 0 0 0 0
1.74333 0 0 0 0
1.75 0 0 0 0
1.75667 0 0 0 0
1.76333 0 0 0 0
1.77 0 0 0 0
1.77667 0 0 0 0
1.78333 0 0 0 0
1.79 0 0 0 0
1.79667 0 0 0 0
1.80333 0 0 0 0
1.81 0 0 0 0
1.81667 0 0 0 0
1.82333 0 0 0 0
1.83 0 0 0 0
1.83667 0 0 0 0
1.84333 0 0 0 0
1.85 0 0 0 0
1.85667 0 0 0 0
1.86333 0 0 0 0
1.87 0 0 0 0
1.87667 0 0 0 0
1.88333 0 0 0 0
1.89 0 0 0 0
1.89667 0 0 0 0
1.90333 0 0 0 0
1.91 0 0 0 0
1.91667 0 0 0 0
1.92333 0 0 0 0
1.93 0 0 0 0
1.93667 0 0 0 0
1.94333 0 0 0 0
1.95 0 0 0 0
1.95667 0 0 0 0
1.96333 0 0 0 0
1.97 0 0 0 0
1.97667 0 0 0 0
1.98333 0 0 0 0
1.99 0 0 0 0
1.99667 0 0 0 0
