0.00333333 0 0 62 33
0.01 0 1 63 29
0.0166667 1 5 44 44
0.0233333 0 3 54 44
0.03 0 2 57 60
0.0366667 0 3 74 65
0.0433333 0 3 124 91
0.05 0 5 129 121
0.0566667 1 10 136 112
0.0633333 2 13 154 137
0.07 0 7 168 161
0.0766667 2 13 190 139
0.0833333 3 12 172 161
0.09 1 3 191 172
0.0966667 2 9 180 154
0.103333 1 6 179 162
0.11 3 6 171 153
0.116667 0 3 201 141
0.123333 2 11 166 142
0.13 1 5 177 143
0.136667 2 5 166 137
0.143333 2 9 194 101
0.15 1 2 148 102
0.156667 0 3 163 98
0.163333 3 6 178 91
0.17 0 4 150 107
0.176667 2 4 154 84
0.183333 4 5 155 106
0.19 2 5 156 104
0.196667 1 4 165 94
0.203333 2 4 153 100
0.21 0 10 177 113
0.216667 1 6 141 91
0.223333 3 3 139 101
0.23 0 5 156 79
0.236667 0 2 129 63
0.243333 0 7 106 77
0.25 1 3 103 73
0.256667 2 2 106 64
0.263333 1 7 102 82
0.27 0 6 101 61
0.276667 0 4 113 58
0.283333 1 2 97 54
0.29 0 4 105 68
0.296667 1 4 70 57
0.303333 0 3 76 64
0.31 1 5 89 66
0.316667 0 6 76 42
0.323333 0 8 74 65
0.33 0 2 78 50
0.336667 0 2 70 73
0.343333 3 4 50 56
0.35 0 3 74 43
0.356667 1 1 74 38
0.363333 1 3 64 45
0.37 0 1 54 44
0.376667 1 1 62 33
0.383333 2 6 68 49
0.39 0 2 59 46
0.396667 0 5 69 39
0.403333 1 1 63 45
0.41 1 1 45 42
0.416667 1 4 53 39
0.423333 1 1 59 48
0.43 0 1 63 39
0.436667 0 4 44 34
0.443333 1 1 55 57
0.45 0 2 67 42
0.456667 0 2 51 47
0.463333 1 6 68 50
0.47 0 1 48 38
0.476667 1 2 51 33
0.483333 0 1 35 31
0.49 1 2 28 25
0.496667 1 1 29 30
0.503333 0 2 35 25
0.51 0 2 32 27
0.516667 1 1 34 23
0.523333 0 1 30 20
0.53 0 1 34 15
0.536667 0 2 28 25
0.543333 2 1 22 15
0.55 0 1 27 24
0.556667 1 1 25 27
0.563333 0 2 24 13
0.57 0 4 30 22
0.576667 1 1 25 26
0.583333 1 1 20 18
0.59 0 3 26 22
0.596667 1 2 22 21
0.603333 0 4 32 19
0.61 0 2 29 15
0.616667 0 2 18 15
0.623333 0 2 24 27
0.63 0 1 33 19
0.636667 1 1 24 24
0.643333 0 0 27 22
0.65 1 1 21 21
0.656667 0 1 23 18
0.663333 3 33 1808 885
0.67 0 0 0 0
0.676667 0 0 0 0
0.683333 0 0 0 0
0.69 0 0 0 0
0.696667 0 0 0 0
0.703333 0 0 0 0
0.71 0 0 0 0
0.716667 0 0 0 0
0.723333 0 0 0 0
0.73 0 0 0 0
0.736667 0 0 0 0
0.743333 0 0 0 0
0.75 0 0 0 0
0.756667 0 0 0 0
0.763333 0 0 0 0
0.77 0 0 0 0
0.776667 0 0 0 0
0.783333 0 0 0 0
0.79 0 0 0 0
0.796667 0 0 0 0
0.803333 0 0 0 0
0.81 0 0 0 0
0.816667 0 0 0 0
0.823333 0 0 0 0
0.83 0 0 0 0
0.836667 0 0 0 0
0.843333 0 0 0 0
0.85 0 0 0 0
0.856667 0 0 0 0
0.863333 0 0 0 0
0.87 0 0 0 0
0.876667 0 0 0 0
0.883333 0 0 0 0
0.89 0 0 0 0
0.896667 0 0 0 0
0.903333 0 0 0 0
0.91 0 0 0 0
0.916667 0 0 0 0
0.923333 0 0 0 0
0.93 0 0 0 0
0.936667 0 0 0 0
0.943333 0 0 0 0
0.95 0 0 0 0
0.956667 0 0 0 0
0.963333 0 0 0 0
0.97 0 0 0 0
0.976667 0 0 0 0
0.983333 0 0 0 0
0.99 0 0 0 0
0.996667 0 0 0 0
1.00333 0 0 0 0
1.01 0 0 0 0
1.01667 0 0 0 0
1.02333 0 0 0 0
1.03 0 0 0 0
1.03667 0 0 0 0
1.04333 0 0 0 0
1.05 0 0 0 0
1.05667 0 0 0 0
1.06333 0 0 0 0
1.07 0 0 0 0
1.07667 0 0 0 0
1.08333 0 0 0 0
1.09 0 0 0 0
1.09667 0 0 0 0
1.10333 0 0 0 0
1.11 0 0 0 0
1.11667 0 0 0 0
1.12333 0 0 0 0
1.13 0 0 0 0
1.13667 0 0 0 0
1.14333 0 0 0 0
1.15 0 0 0 0
1.15667 0 0 0 0
1.16333 0 0 0 0
1.17 0 0 0 0
1.17667 0 0 0 0
1.18333 0 0 0 0
1.19 0 0 0 0
1.19667 0 0 0 0
1.20333 0 0 0 0
1.21 0 0 0 0
1.21667 0 0 0 0
1.22333 0 0 0 0
1.23 0 0 0 0
1.23667 0 0 0 0
1.24333 0 0 0 0
1.25 0 0 0 0
1.25667 0 0 0 0
1.26333 0 0 0 0
1.27 0 0 0 0
1.27667 0 0 0 0
1.28333 0 0 0 0
1.29 0 0 0 0
1.29667 0 0 0 0
1.30333 0 0 0 0
1.31 0 0 0 0
1.31667 0 0 0 0
1.32333 0 0 0 0
1.33 0 0 0 0
1.33667 0 0 0 0
1.34333 0 0 0 0
1.35 0 0 0 0
1.35667 0 0 0 0
1.36333 0 0 0 0
1.37 0 0 0 0
1.37667 0 0 0 0
1.38333 0 0 0 0
1.39 0 0 0 0
1.39667 0 0 0 0
1.40333 0 0 0 0
1.41 0 0 0 0
1.41667 0 0 0 0
1.42333 0 0 0 0
1.43 0 0 0 0
1.43667 0 0 0 0
1.44333 0 0 0 0
1.45 0 0 0 0
1.45667 0 0 0 0
1.46333 0 0 0 0
1.47 0 0 0 0
1.47667 0 0 0 0
1.48333 0 0 0 0
1.49 0 0 0 0
1.49667 0 0 0 0
1.50333 0 0 0 0
1.51 0 0 0 0
1.51667 0 0 0 0
1.52333 0 0 0 0
1.53 0 0 0 0
1.53667 0 0 0 0
1.54333 0 0 0 0
1.55 0 0 0 0
1.55667 0 0 0 0
1.56333 0 0 0 0
1.57 0 0 0 0
1.57667 0 0 0 0
1.58333 0 0 0 0
1.59 0 0 0 0
1.59667 0 0 0 0
1.60333 0 0 0 0
1.61 0 0 0 0
1.61667 0 0 0 0
1.62333 0 0 0 0
1.63 0 0 0 0
1.63667 0 0 0 0
1.64333 0 0 0 0
1.65 0 0 0 0
1.65667 0 0 0 0
1.66333 0 0 0 0
1.67 0 0 0 0
1.67667 0 0 0 0
1.68333 0 0 0 0
1.69 0 0 0 0
1.69667 0 0 0 0
1.70333 0 0 0 0
1.71 0 0 0 0
1.71667 0 0 0 0
1.72333 0 0 0 0
1.73 0 0 0 0
1.73667 0 0 0 0
1.74333 0 0 0 0
1.75 0 0 0 0
1.75667 0 0 0 0
1.76333 0 0 0 0
1.77 0 0 0 0
1.77667 0 0 0 0
1.78333 0 0 0 0
1.79 0 0 0 0
1.79667 0 0 0 0
1.80333 0 0 0 0
1.81 0 0 0 0
1.81667 0 0 0 0
1.82333 0 0 0 0
1.83 0 0 0 0
1.83667 0 0 0 0
1.84333 0 0 0 0
1.85 0 0 0 0
1.85667 0 0 0 0
1.86333 0 0 0 0
1.87 0 0 0 0
1.87667 0 0 0 0
1.88333 0 0 0 0
1.89 0 0 0 0
1.89667 0 0 0 0
1.90333 0 0 0 0
1.91 0 0 0 0
1.91667 0 0 0 0
1.92333 0 0 0 0
1.93 0 0 0 0
1.93667 0 0 0 0
1.94333 0 0 0 0
1.95 0 0 0 0
1.95667 0 0 0 0
1.96333 0 0 0 0
1.97 0 0 0 0
1.97667 0 0 0 0
1.98333 0 0 0 0
1.99 0 0 0 0
1.99667 0 0 0 0
