0.00333333 0 2 8 110
0.01 0 2 13 135
0.0166667 1 1 26 137
0.0233333 2 2 12 132
0.03 1 0 23 168
0.0366667 0 3 21 168
0.0433333 1 1 39 209
0.05 2 2 42 248
0.0566667 0 3 69 237
0.0633333 2 7 70 303
0.07 4 11 65 288
0.0766667 5 4 67 331
0.0833333 1 9 77 359
0.09 3 10 62 350
0.0966667 3 8 60 353
0.103333 3 6 79 389
0.11 2 8 52 381
0.116667 2 6 69 352
0.123333 1 8 45 399
0.13 1 9 51 404
0.136667 1 2 47 367
0.143333 1 7 55 364
0.15 5 7 50 357
0.156667 1 8 49 364
0.163333 3 5 31 372
0.17 2 3 51 330
0.176667 1 3 44 343
0.183333 2 2 35 396
0.19 4 3 44 445
0.196667 1 6 37 457
0.203333 6 7 46 391
0.21 3 3 38 369
0.216667 2 6 38 366
0.223333 1 3 28 317
0.23 4 8 26 340
0.236667 4 3 36 314
0.243333 2 4 40 260
0.25 2 7 26 304
0.256667 0 4 25 276
0.263333 1 7 27 226
0.27 0 5 31 254
0.276667 1 4 37 222
0.283333 2 3 36 228
0.29 3 4 22 196
0.296667 1 3 22 229
0.303333 0 4 28 240
0.31 0 3 25 185
0.316667 3 2 17 163
0.323333 2 7 29 207
0.33 2 2 26 195
0.336667 1 2 30 186
0.343333 1 2 23 171
0.35 3 3 10 159
0.356667 1 3 21 168
0.363333 1 2 17 145
0.37 0 2 20 165
0.376667 0 4 22 147
0.383333 0 3 35 131
0.39 1 3 16 158
0.396667 1 3 21 147
0.403333 0 3 25 155
0.41 1 3 18 133
0.416667 3 5 14 139
0.423333 2 2 16 119
0.43 1 0 12 136
0.436667 2 4 25 147
0.443333 2 5 24 153
0.45 1 1 18 150
0.456667 2 3 15 158
0.463333 2 1 15 140
0.47 3 5 17 128
0.476667 1 4 10 122
0.483333 5 2 10 84
0.49 3 0 10 87
0.496667 1 1 8 66
0.503333 1 4 9 62
0.51 0 2 9 70
0.516667 2 3 4 73
0.523333 2 1 7 62
0.53 2 4 11 55
0.536667 1 1 12 42
0.543333 0 1 16 67
0.55 1 3 13 53
0.556667 2 2 14 64
0.563333 0 0 15 60
0.57 1 1 11 68
0.576667 1 3 6 55
0.583333 0 3 9 57
0.59 3 2 6 58
0.596667 1 0 9 56
0.603333 0 0 9 52
0.61 1 2 9 38
0.616667 0 2 7 57
0.623333 1 2 10 41
0.63 3 1 7 60
0.636667 2 2 8 59
0.643333 3 0 5 42
0.65 2 2 12 53
0.656667 0 0 11 55
0.663333 37 55 296 6251
0.67 0 0 0 0
0.676667 0 0 0 0
0.683333 0 0 0 0
0.69 0 0 0 0
0.696667 0 0 0 0
0.703333 0 0 0 0
0.71 0 0 0 0
0.716667 0 0 0 0
0.723333 0 0 0 0
0.73 0 0 0 0
0.736667 0 0 0 0
0.743333 0 0 0 0
0.75 0 0 0 0
0.756667 0 0 0 0
0.763333 0 0 0 0
0.77 0 0 0 0
0.776667 0 0 0 0
0.783333 0 0 0 0
0.79 0 0 0 0
0.796667 0 0 0 0
0.803333 0 0 0 0
0.81 0 0 0 0
0.816667 0 0 0 0
0.823333 0 0 0 0
0.83 0 0 0 0
0.836667 0 0 0 0
0.843333 0 0 0 0
0.85 0 0 0 0
0.856667 0 0 0 0
0.863333 0 0 0 0
0.87 0 0 0 0
0.876667 0 0 0 0
0.883333 0 0 0 0
0.89 0 0 0 0
0.896667 0 0 0 0
0.903333 0 0 0 0
0.91 0 0 0 0
0.916667 0 0 0 0
0.923333 0 0 0 0
0.93 0 0 0 0
0.936667 0 0 0 0
0.943333 0 0 0 0
0.95 0 0 0 0
0.956667 0 0 0 0
0.963333 0 0 0 0
0.97 0 0 0 0
0.976667 0 0 0 0
0.983333 0 0 0 0
0.99 0 0 0 0
0.996667 0 0 0 0
1.00333 0 0 0 0
1.01 0 0 0 0
1.01667 0 0 0 0
1.02333 0 0 0 0
1.03 0 0 0 0
1.03667 0 0 0 0
1.04333 0 0 0 0
1.05 0 0 0 0
1.05667 0 0 0 0
1.06333 0 0 0 0
1.07 0 0 0 0
1.07667 0 0 0 0
1.08333 0 0 0 0
1.09 0 0 0 0
1.09667 0 0 0 0
1.10333 0 0 0 0
1.11 0 0 0 0
1.11667 0 0 0 0
1.12333 0 0 0 0
1.13 0 0 0 0
1.13667 0 0 0 0
1.14333 0 0 0 0
1.15 0 0 0 0
1.15667 0 0 0 0
1.16333 0 0 0 0
1.17 0 0 0 0
1.17667 0 0 0 0
1.18333 0 0 0 0
1.19 0 0 0 0
1.19667 0 0 0 0
1.20333 0 0 0 0
1.21 0 0 0 0
1.21667 0 0 0 0
1.22333 0 0 0 0
1.23 0 0 0 0
1.23667 0 0 0 0
1.24333 0 0 0 0
1.25 0 0 0 0
1.25667 0 0 0 0
1.26333 0 0 0 0
1.27 0 0 0 0
1.27667 0 0 0 0
1.28333 0 0 0 0
1.29 0 0 0 0
1.29667 0 0 0 0
1.30333 0 0 0 0
1.31 0 0 0 0
1.31667 0 0 0 0
1.32333 0 0 0 0
1.33 0 0 0 0
1.33667 0 0 0 0
1.34333 0 0 0 0
1.35 0 0 0 0
1.35667 0 0 0 0
1.36333 0 0 0 0
1.37 0 0 0 0
1.37667 0 0 0 0
1.38333 0 0 0 0
1.39 0 0 0 0
1.39667 0 0 0 0
1.40333 0 0 0 0
1.41 0 0 0 0
1.41667 0 0 0 0
1.42333 0 0 0 0
1.43 0 0 0 0
1.43667 0 0 0 0
1.44333 0 0 0 0
1.45 0 0 0 0
1.45667 0 0 0 0
1.46333 0 0 0 0
1.47 0 0 0 0
1.47667 0 0 0 0
1.48333 0 0 0 0
1.49 0 0 0 0
1.49667 0 0 0 0
1.50333 0 0 0 0
1.51 0 0 0 0
1.51667 0 0 0 0
1.52333 0 0 0 0
1.53 0 0 0 0
1.53667 0 0 0 0
1.54333 0 0 0 0
1.55 0 0 0 0
1.55667 0 0 0 0
1.56333 0 0 0 0
1.57 0 0 0 0
1.57667 0 0 0 0
1.58333 0 0 0 0
1.59 0 0 0 0
1.59667 0 0 0 0
1.60333 0 0 0 0
1.61 0 0 0 0
1.61667 0 0 0 0
1.62333 0 0 0 0
1.63 0 0 0 0
1.63667 0 0 0 0
1.64333 0 0 0 0
1.65 0 0 0 0
1.65667 0 0 0 0
1.66333 0 0 0 0
1.67 0 0 0 0
1.67667 0 0 0 0
1.68333 0 0 0 0
1.69 0 0 0 0
1.69667 0 0 0 0
1.70333 0 0 0 0
1.71 0 0 0 0
1.71667 0 0 0 0
1.72333 0 0 0 0
1.73 0 0 0 0
1.73667 0 0 0 0
1.74333 0 0 0 0
1.75 0 0 0 0
1.75667 0 0 0 0
1.76333 0 0 0 0
1.77 0 0 0 0
1.77667 0 0 0 0
1.78333 0 0 0 0
1.79 0 0 0 0
1.79667 0 0 0 0
1.80333 0 0 0 0
1.81 0 0 0 0
1.81667 0 0 0 0
1.82333 0 0 0 0
1.83 0 0 0 0
1.83667 0 0 0 0
1.84333 0 0 0 0
1.85 0 0 0 0
1.85667 0 0 0 0
1.86333 0 0 0 0
1.87 0 0 0 0
1.87667 0 0 0 0
1.88333 0 0 0 0
1.89 0 0 0 0
1.89667 0 0 0 0
1.90333 0 0 0 0
1.91 0 0 0 0
1.91667 0 0 0 0
1.92333 0 0 0 0
1.93 0 0 0 0
1.93667 0 0 0 0
1.94333 0 0 0 0
1.95 0 0 0 0
1.95667 0 0 0 0
1.96333 0 0 0 0
1.97 0 0 0 0
1.97667 0 0 0 0
1.98333 0 0 0 0
1.99 0 0 0 0
1.99667 0 0 0 0
