0.00333333 67 28 1 1
0.01 77 27 0 0
0.0166667 92 30 0 1
0.0233333 77 24 3 1
0.03 106 21 0 0
0.0366667 96 28 2 1
0.0433333 124 36 0 0
0.05 140 45 1 2
0.0566667 114 48 4 3
0.0633333 157 40 2 3
0.07 149 55 0 0
0.0766667 180 50 2 1
0.0833333 196 58 3 0
0.09 194 60 1 2
0.0966667 183 56 3 2
0.103333 170 52 0 2
0.11 186 65 3 3
0.116667 224 53 1 2
0.123333 179 78 1 2
0.13 197 69 3 2
0.136667 178 47 1 3
0.143333 195 75 2 2
0.15 193 56 1 0
0.156667 182 62 3 1
0.163333 179 52 0 2
0.17 178 40 1 2
0.176667 202 50 2 1
0.183333 194 43 1 0
0.19 236 65 3 2
0.196667 230 53 0 2
0.203333 183 55 2 0
0.21 192 55 0 2
0.216667 184 50 1 0
0.223333 206 59 2 2
0.23 208 55 0 1
0.236667 180 41 1 1
0.243333 164 50 2 1
0.25 169 69 2 5
0.256667 170 68 2 3
0.263333 154 51 2 1
0.27 145 38 0 1
0.276667 142 44 1 3
0.283333 149 35 0 5
0.29 140 42 1 1
0.296667 102 38 0 2
0.303333 124 34 1 0
0.31 114 35 1 1
0.316667 117 31 0 0
0.323333 128 35 0 4
0.33 102 53 1 1
0.336667 114 38 1 1
0.343333 106 20 0 2
0.35 118 31 0 1
0.356667 97 34 0 1
0.363333 98 33 1 1
0.37 103 29 0 0
0.376667 112 26 3 2
0.383333 95 27 1 0
0.39 137 32 0 0
0.396667 106 33 2 1
0.403333 103 26 2 2
0.41 96 35 0 2
0.416667 94 32 0 0
0.423333 98 32 0 0
0.43 99 22 0 1
0.436667 94 30 0 1
0.443333 116 32 2 0
0.45 111 19 0 1
0.456667 101 34 0 0
0.463333 91 34 2 1
0.47 89 40 0 1
0.476667 92 18 1 1
0.483333 49 13 0 1
0.49 43 11 0 1
0.496667 60 19 1 1
0.503333 55 17 1 0
0.51 63 16 1 0
0.516667 38 15 0 0
0.523333 60 12 1 1
0.53 43 18 0 1
0.536667 58 9 0 0
0.543333 47 17 0 0
0.55 49 12 0 1
0.556667 36 11 1 1
0.563333 37 11 0 1
0.57 33 13 0 0
0.576667 30 16 1 1
0.583333 49 16 0 1
0.59 40 12 0 0
0.596667 43 12 0 1
0.603333 37 13 0 1
0.61 36 13 0 1
0.616667 38 10 1 0
0.623333 41 8 0 0
0.63 29 9 0 0
0.636667 39 7 2 1
0.643333 41 14 0 1
0.65 35 10 1 1
0.656667 29 10 0 1
0.663333 3849 999 11 28
0.67 0 0 0 0
0.676667 0 0 0 0
0.683333 0 0 0 0
0.69 0 0 0 0
0.696667 0 0 0 0
0.703333 0 0 0 0
0.71 0 0 0 0
0.716667 0 0 0 0
0.723333 0 0 0 0
0.73 0 0 0 0
0.736667 0 0 0 0
0.743333 0 0 0 0
0.75 0 0 0 0
0.756667 0 0 0 0
0.763333 0 0 0 0
0.77 0 0 0 0
0.776667 0 0 0 0
0.783333 0 0 0 0
0.79 0 0 0 0
0.796667 0 0 0 0
0.803333 0 0 0 0
0.81 0 0 0 0
0.816667 0 0 0 0
0.823333 0 0 0 0
0.83 0 0 0 0
0.836667 0 0 0 0
0.843333 0 0 0 0
0.85 0 0 0 0
0.856667 0 0 0 0
0.863333 0 0 0 0
0.87 0 0 0 0
0.876667 0 0 0 0
0.883333 0 0 0 0
0.89 0 0 0 0
0.896667 0 0 0 0
0.903333 0 0 0 0
0.91 0 0 0 0
0.916667 0 0 0 0
0.923333 0 0 0 0
0.93 0 0 0 0
0.936667 0 0 0 0
0.943333 0 0 0 0
0.95 0 0 0 0
0.956667 0 0 0 0
0.963333 0 0 0 0
0.97 0 0 0 0
0.976667 0 0 0 0
0.983333 0 0 0 0
0.99 0 0 0 0
0.996667 0 0 0 0
1.00333 0 0 0 0
1.01 0 0 0 0
1.01667 0 0 0 0
1.02333 0 0 0 0
1.03 0 0 0 0
1.03667 0 0 0 0
1.04333 0 0 0 0
1.05 0 0 0 0
1.05667 0 0 0 0
1.06333 0 0 0 0
1.07 0 0 0 0
1.07667 0 0 0 0
1.08333 0 0 0 0
1.09 0 0 0 0
1.09667 0 0 0 0
1.10333 0 0 0 0
1.11 0 0 0 0
1.11667 0 0 0 0
1.12333 0 0 0 0
1.13 0 0 0 0
1.13667 0 0 0 0
1.14333 0 0 0 0
1.15 0 0 0 0
1.15667 0 0 0 0
1.16333 0 0 0 0
1.17 0 0 0 0
1.17667 0 0 0 0
1.18333 0 0 0 0
1.19 0 0 0 0
1.19667 0 0 0 0
1.20333 0 0 0 0
1.21 0 0 0 0
1.21667 0 0 0 0
1.22333 0 0 0 0
1.23 0 0 0 0
1.23667 0 0 0 0
1.24333 0 0 0 0
1.25 0 0 0 0
1.25667 0 0 0 0
1.26333 0 0 0 0
1.27 0 0 0 0
1.27667 0 0 0 0
1.28333 0 0 0 0
1.29 0 0 0 0
1.29667 0 0 0 0
1.30333 0 0 0 0
1.31 0 0 0 0
1.31667 0 0 0 0
1.32333 0 0 0 0
1.33 0 0 0 0
1.33667 0 0 0 0
1.34333 0 0 0 0
1.35 0 0 0 0
1.35667 0 0 0 0
1.36333 0 0 0 0
1.37 0 0 0 0
1.37667 0 0 0 0
1.38333 0 0 0 0
1.39 0 0 0 0
1.39667 0 0 0 0
1.40333 0 0 0 0
1.41 0 0 0 0
1.41667 0 0 0 0
1.42333 0 0 0 0
1.43 0 0 0 0
1.43667 0 0 0 0
1.44333 0 0 0 0
1.45 0 0 0 0
1.45667 0 0 0 0
1.46333 0 0 0 0
1.47 0 0 0 0
1.47667 0 0 0 0
1.48333 0 0 0 0
1.49 0 0 0 0
1.49667 0 0 0 0
1.50333 0 0 0 0
1.51 0 0 0 0
1.51667 0 0 0 0
1.52333 0 0 0 0
1.53 0 0 0 0
1.53667 0 0 0 0
1.54333 0 0 0 0
1.55 0 0 0 0
1.55667 0 0 0 0
1.56333 0 0 0 0
1.57 0 0 0 0
1.57667 0 0 0 0
1.58333 0 0 0 0
1.59 0 0 0 0
1.59667 0 0 0 0
1.60333 0 0 0 0
1.61 0 0 0 0
1.61667 0 0 0 0
1.62333 0 0 0 0
1.63 0 0 0 0
1.63667 0 0 0 0
1.64333 0 0 0 0
1.65 0 0 0 0
1.65667 0 0 0 0
1.66333 0 0 0 0
1.67 0 0 0 0
1.67667 0 0 0 0
1.68333 0 0 0 0
1.69 0 0 0 0
1.69667 0 0 0 0
1.70333 0 0 0 0
1.71 0 0 0 0
1.71667 0 0 0 0
1.72333 0 0 0 0
1.73 0 0 0 0
1.73667 0 0 0 0
1.74333 0 0 0 0
1.75 0 0 0 0
1.75667 0 0 0 0
1.76333 0 0 0 0
1.77 0 0 0 0
1.77667 0 0 0 0
1.78333 0 0 0 0
1.79 0 0 0 0
1.79667 0 0 0 0
1.80333 0 0 0 0
1.81 0 0 0 0
1.81667 0 0 0 0
1.82333 0 0 0 0
1.83 0 0 0 0
1.83667 0 0 0 0
1.84333 0 0 0 0
1.85 0 0 0 0
1.85667 0 0 0 0
1.86333 0 0 0 0
1.87 0 0 0 0
1.87667 0 0 0 0
1.88333 0 0 0 0
1.89 0 0 0 0
1.89667 0 0 0 0
1.90333 0 0 0 0
1.91 0 0 0 0
1.91667 0 0 0 0
1.92333 0 0 0 0
1.93 0 0 0 0
1.93667 0 0 0 0
1.94333 0 0 0 0
1.95 0 0 0 0
1.95667 0 0 0 0
1.96333 0 0 0 0
1.97 0 0 0 0
1.97667 0 0 0 0
1.98333 0 0 0 0
1.99 0 0 0 0
1.99667 0 0 0 0
