0.00333333 1 19 45 12
0.01 3 20 39 11
0.0166667 3 29 47 23
0.0233333 1 30 53 17
0.03 6 24 64 19
0.0366667 2 37 64 26
0.0433333 5 39 107 29
0.05 5 32 117 38
0.0566667 14 42 154 35
0.0633333 8 58 155 42
0.07 6 46 130 43
0.0766667 8 60 165 54
0.0833333 8 48 160 44
0.09 7 42 148 59
0.0966667 4 41 144 55
0.103333 6 54 166 42
0.11 5 68 166 51
0.116667 8 48 139 54
0.123333 5 51 133 42
0.13 6 71 135 29
0.136667 7 50 116 39
0.143333 5 57 149 45
0.15 3 62 119 29
0.156667 2 48 138 38
0.163333 3 57 123 44
0.17 7 62 124 39
0.176667 4 45 108 29
0.183333 4 51 121 33
0.19 9 71 141 27
0.196667 8 58 129 40
0.203333 7 68 103 32
0.21 9 51 121 28
0.216667 2 49 109 30
0.223333 2 43 108 26
0.23 4 52 106 34
0.236667 3 63 100 37
0.243333 3 32 88 31
0.25 5 46 91 30
0.256667 3 29 87 29
0.263333 6 33 84 33
0.27 6 21 75 21
0.276667 6 32 76 31
0.283333 3 34 72 26
0.29 3 33 71 24
0.296667 3 42 79 23
0.303333 2 27 80 17
0.31 2 46 74 27
0.316667 2 31 61 19
0.323333 3 36 80 20
0.33 3 32 50 21
0.336667 4 28 64 19
0.343333 1 32 63 14
0.35 4 26 79 14
0.356667 4 41 51 21
0.363333 3 25 57 21
0.37 4 25 58 21
0.376667 0 38 58 13
0.383333 5 29 61 12
0.39 2 30 62 18
0.396667 3 23 47 16
0.403333 4 27 62 14
0.41 3 24 41 18
0.416667 1 34 52 14
0.423333 4 29 67 22
0.43 0 15 55 17
0.436667 4 25 41 13
0.443333 7 34 53 14
0.45 2 14 54 20
0.456667 1 26 54 17
0.463333 4 30 40 17
0.47 1 28 69 11
0.476667 5 25 47 14
0.483333 1 14 27 12
0.49 3 21 33 7
0.496667 1 11 37 10
0.503333 2 16 28 8
0.51 1 11 34 16
0.516667 2 15 42 8
0.523333 4 19 22 7
0.53 3 14 27 5
0.536667 2 12 26 8
0.543333 2 10 33 4
0.55 2 12 29 11
0.556667 3 8 37 16
0.563333 1 14 35 6
0.57 2 7 36 13
0.576667 4 14 32 14
0.583333 2 11 29 7
0.59 1 12 23 11
0.596667 2 13 25 13
0.603333 2 16 26 9
0.61 3 10 16 11
0.616667 4 12 19 9
0.623333 2 5 31 8
0.63 1 7 22 7
0.636667 0 11 32 7
0.643333 1 7 31 7
0.65 2 8 36 10
0.656667 2 5 22 5
0.663333 39 1144 1394 341
0.67 0 0 0 0
0.676667 0 0 0 0
0.683333 0 0 0 0
0.69 0 0 0 0
0.696667 0 0 0 0
0.703333 0 0 0 0
0.71 0 0 0 0
0.716667 0 0 0 0
0.723333 0 0 0 0
0.73 0 0 0 0
0.736667 0 0 0 0
0.743333 0 0 0 0
0.75 0 0 0 0
0.756667 0 0 0 0
0.763333 0 0 0 0
0.77 0 0 0 0
0.776667 0 0 0 0
0.783333 0 0 0 0
0.79 0 0 0 0
0.796667 0 0 0 0
0.803333 0 0 0 0
0.81 0 0 0 0
0.816667 0 0 0 0
0.823333 0 0 0 0
0.83 0 0 0 0
0.836667 0 0 0 0
0.843333 0 0 0 0
0.85 0 0 0 0
0.856667 0 0 0 0
0.863333 0 0 0 0
0.87 0 0 0 0
0.876667 0 0 0 0
0.883333 0 0 0 0
0.89 0 0 0 0
0.896667 0 0 0 0
0.903333 0 0 0 0
0.91 0 0 0 0
0.916667 0 0 0 0
0.923333 0 0 0 0
0.93 0 0 0 0
0.936667 0 0 0 0
0.943333 0 0 0 0
0.95 0 0 0 0
0.956667 0 0 0 0
0.963333 0 0 0 0
0.97 0 0 0 0
0.976667 0 0 0 0
0.983333 0 0 0 0
0.99 0 0 0 0
0.996667 0 0 0 0
1.00333 0 0 0 0
1.01 0 0 0 0
1.01667 0 0 0 0
1.02333 0 0 0 0
1.03 0 0 0 0
1.03667 0 0 0 0
1.04333 0 0 0 0
1.05 0 0 0 0
1.05667 0 0 0 0
1.06333 0 0 0 0
1.07 0 0 0 0
1.07667 0 0 0 0
1.08333 0 0 0 0
1.09 0 0 0 0
1.09667 0 0 0 0
1.10333 0 0 0 0
1.11 0 0 0 0
1.11667 0 0 0 0
1.12333 0 0 0 0
1.13 0 0 0 0
1.13667 0 0 0 0
1.14333 0 0 0 0
1.15 0 0 0 0
1.15667 0 0 0 0
1.16333 0 0 0 0
1.17 0 0 0 0
1.17667 0 0 0 0
1.18333 0 0 0 0
1.19 0 0 0 0
1.19667 0 0 0 0
1.20333 0 0 0 0
1.21 0 0 0 0
1.21667 0 0 0 0
1.22333 0 0 0 0
1.23 0 0 0 0
1.23667 0 0 0 0
1.24333 0 0 0 0
1.25 0 0 0 0
1.25667 0 0 0 0
1.26333 0 0 0 0
1.27 0 0 0 0
1.27667 0 0 0 0
1.28333 0 0 0 0
1.29 0 0 0 0
1.29667 0 0 0 0
1.30333 0 0 0 0
1.31 0 0 0 0
1.31667 0 0 0 0
1.32333 0 0 0 0
1.33 0 0 0 0
1.33667 0 0 0 0
1.34333 0 0 0 0
1.35 0 0 0 0
1.35667 0 0 0 0
1.36333 0 0 0 0
1.37 0 0 0 0
1.37667 0 0 0 0
1.38333 0 0 0 0
1.39 0 0 0 0
1.39667 0 0 0 0
1.40333 0 0 0 0
1.41 0 0 0 0
1.41667 0 0 0 0
1.42333 0 0 0 0
1.43 0 0 0 0
1.43667 0 0 0 0
1.44333 0 0 0 0
1.45 0 0 0 0
1.45667 0 0 0 0
1.46333 0 0 0 0
1.47 0 0 0 0
1.47667 0 0 0 0
1.48333 0 0 0 0
1.49 0 0 0 0
1.49667 0 0 0 0
1.50333 0 0 0 0
1.51 0 0 0 0
1.51667 0 0 0 0
1.52333 0 0 0 0
1.53 0 0 0 0
1.53667 0 0 0 0
1.54333 0 0 0 0
1.55 0 0 0 0
1.55667 0 0 0 0
1.56333 0 0 0 0
1.57 0 0 0 0
1.57667 0 0 0 0
1.58333 0 0 0 0
1.59 0 0 0 0
1.59667 0 0 0 0
1.60333 0 0 0 0
1.61 0 0 0 0
1.61667 0 0 0 0
1.62333 0 0 0 0
1.63 0 0 0 0
1.63667 0 0 0 0
1.64333 0 0 0 0
1.65 0 0 0 0
1.65667 0 0 0 0
1.66333 0 0 0 0
1.67 0 0 0 0
1.67667 0 0 0 0
1.68333 0 0 0 0
1.69 0 0 0 0
1.69667 0 0 0 0
1.70333 0 0 0 0
1.71 0 0 0 0
1.71667 0 0 0 0
1.72333 0 0 0 0
1.73 0 0 0 0
1.73667 0 0 0 0
1.74333 0 0 0 0
1.75 0 0 0 0
1.75667 0 0 0 0
1.76333 0 0 0 0
1.77 0 0 0 0
1.77667 0 0 0 0
1.78333 0 0 0 0
1.79 0 0 0 0
1.79667 0 0 0 0
1.80333 0 0 0 0
1.81 0 0 0 0
1.81667 0 0 0 0
1.82333 0 0 0 0
1.83 0 0 0 0
1.83667 0 0 0 0
1.84333 0 0 0 0
1.85 0 0 0 0
1.85667 0 0 0 0
1.86333 0 0 0 0
1.87 0 0 0 0
1.87667 0 0 0 0
1.88333 0 0 0 0
1.89 0 0 0 0
1.89667 0 0 0 0
1.90333 0 0 0 0
1.91 0 0 0 0
1.91667 0 0 0 0
1.92333 0 0 0 0
1.93 0 0 0 0
1.93667 0 0 0 0
1.94333 0 0 0 0
1.95 0 0 0 0
1.95667 0 0 0 0
1.96333 0 0 0 0
1.97 0 0 0 0
1.97667 0 0 0 0
1.98333 0 0 0 0
1.99 0 0 0 0
1.99667 0 0 0 0
