0.00333333 0 3 26 88
0.01 2 6 27 104
0.0166667 3 3 25 85
0.0233333 2 8 37 104
0.03 3 2 37 121
0.0366667 2 9 55 144
0.0433333 6 8 76 184
0.05 5 10 83 179
0.0566667 4 10 90 215
0.0633333 2 14 102 248
0.07 5 14 100 232
0.0766667 8 16 102 281
0.0833333 2 19 102 297
0.09 4 8 115 259
0.0966667 3 14 118 290
0.103333 7 12 127 259
0.11 3 9 111 284
0.116667 4 11 112 304
0.123333 7 7 105 313
0.13 6 9 100 301
0.136667 6 17 94 266
0.143333 4 9 96 258
0.15 5 10 72 269
0.156667 4 6 76 252
0.163333 6 9 78 281
0.17 5 14 60 284
0.176667 2 7 57 249
0.183333 5 11 81 285
0.19 6 11 76 365
0.196667 8 11 66 316
0.203333 12 17 53 298
0.21 7 8 70 286
0.216667 6 9 50 256
0.223333 4 9 58 267
0.23 8 5 53 264
0.236667 5 5 61 201
0.243333 3 6 52 229
0.25 6 7 53 224
0.256667 3 6 48 183
0.263333 1 6 47 181
0.27 6 7 47 183
0.276667 3 7 45 181
0.283333 1 6 41 188
0.29 4 4 28 183
0.296667 4 4 42 144
0.303333 2 3 48 136
0.31 4 7 45 139
0.316667 0 7 46 160
0.323333 5 12 37 141
0.33 1 4 38 124
0.336667 7 10 31 124
0.343333 1 8 43 134
0.35 1 6 33 125
0.356667 2 4 37 102
0.363333 2 1 36 125
0.37 5 6 27 116
0.376667 2 6 29 114
0.383333 2 5 26 108
0.39 0 5 28 109
0.396667 2 6 29 97
0.403333 1 3 28 101
0.41 1 7 40 113
0.416667 2 9 26 112
0.423333 0 4 18 84
0.43 3 1 25 121
0.436667 6 4 24 97
0.443333 3 7 25 128
0.45 2 4 31 101
0.456667 1 4 26 93
0.463333 7 7 21 102
0.47 3 1 28 95
0.476667 3 5 25 88
0.483333 4 8 20 65
0.49 1 5 18 48
0.496667 4 2 18 57
0.503333 1 2 25 41
0.51 2 2 19 53
0.516667 3 5 22 52
0.523333 2 2 9 50
0.53 1 1 18 44
0.536667 0 2 15 46
0.543333 1 6 14 53
0.55 4 7 18 35
0.556667 1 9 10 35
0.563333 2 3 20 42
0.57 0 4 9 40
0.576667 4 4 15 42
0.583333 0 5 10 34
0.59 2 5 11 33
0.596667 0 4 10 37
0.603333 0 2 16 41
0.61 2 1 11 50
0.616667 0 2 17 35
0.623333 2 3 7 37
0.63 6 1 18 42
0.636667 2 4 14 42
0.643333 1 3 15 28
0.65 2 3 14 31
0.656667 4 4 10 25
0.663333 82 82 502 4279
0.67 0 0 0 0
0.676667 0 0 0 0
0.683333 0 0 0 0
0.69 0 0 0 0
0.696667 0 0 0 0
0.703333 0 0 0 0
0.71 0 0 0 0
0.716667 0 0 0 0
0.723333 0 0 0 0
0.73 0 0 0 0
0.736667 0 0 0 0
0.743333 0 0 0 0
0.75 0 0 0 0
0.756667 0 0 0 0
0.763333 0 0 0 0
0.77 0 0 0 0
0.776667 0 0 0 0
0.783333 0 0 0 0
0.79 0 0 0 0
0.796667 0 0 0 0
0.803333 0 0 0 0
0.81 0 0 0 0
0.816667 0 0 0 0
0.823333 0 0 0 0
0.83 0 0 0 0
0.836667 0 0 0 0
0.843333 0 0 0 0
0.85 0 0 0 0
0.856667 0 0 0 0
0.863333 0 0 0 0
0.87 0 0 0 0
0.876667 0 0 0 0
0.883333 0 0 0 0
0.89 0 0 0 0
0.896667 0 0 0 0
0.903333 0 0 0 0
0.91 0 0 0 0
0.916667 0 0 0 0
0.923333 0 0 0 0
0.93 0 0 0 0
0.936667 0 0 0 0
0.943333 0 0 0 0
0.95 0 0 0 0
0.956667 0 0 0 0
0.963333 0 0 0 0
0.97 0 0 0 0
0.976667 0 0 0 0
0.983333 0 0 0 0
0.99 0 0 0 0
0.996667 0 0 0 0
1.00333 0 0 0 0
1.01 0 0 0 0
1.01667 0 0 0 0
1.02333 0 0 0 0
1.03 0 0 0 0
1.03667 0 0 0 0
1.04333 0 0 0 0
1.05 0 0 0 0
1.05667 0 0 0 0
1.06333 0 0 0 0
1.07 0 0 0 0
1.07667 0 0 0 0
1.08333 0 0 0 0
1.09 0 0 0 0
1.09667 0 0 0 0
1.10333 0 0 0 0
1.11 0 0 0 0
1.11667 0 0 0 0
1.12333 0 0 0 0
1.13 0 0 0 0
1.13667 0 0 0 0
1.14333 0 0 0 0
1.15 0 0 0 0
1.15667 0 0 0 0
1.16333 0 0 0 0
1.17 0 0 0 0
1.17667 0 0 0 0
1.18333 0 0 0 0
1.19 0 0 0 0
1.19667 0 0 0 0
1.20333 0 0 0 0
1.21 0 0 0 0
1.21667 0 0 0 0
1.22333 0 0 0 0
1.23 0 0 0 0
1.23667 0 0 0 0
1.24333 0 0 0 0
1.25 0 0 0 0
1.25667 0 0 0 0
1.26333 0 0 0 0
1.27 0 0 0 0
1.27667 0 0 0 0
1.28333 0 0 0 0
1.29 0 0 0 0
1.29667 0 0 0 0
1.30333 0 0 0 0
1.31 0 0 0 0
1.31667 0 0 0 0
1.32333 0 0 0 0
1.33 0 0 0 0
1.33667 0 0 0 0
1.34333 0 0 0 0
1.35 0 0 0 0
1.35667 0 0 0 0
1.36333 0 0 0 0
1.37 0 0 0 0
1.37667 0 0 0 0
1.38333 0 0 0 0
1.39 0 0 0 0
1.39667 0 0 0 0
1.40333 0 0 0 0
1.41 0 0 0 0
1.41667 0 0 0 0
1.42333 0 0 0 0
1.43 0 0 0 0
1.43667 0 0 0 0
1.44333 0 0 0 0
1.45 0 0 0 0
1.45667 0 0 0 0
1.46333 0 0 0 0
1.47 0 0 0 0
1.47667 0 0 0 0
1.48333 0 0 0 0
1.49 0 0 0 0
1.49667 0 0 0 0
1.50333 0 0 0 0
1.51 0 0 0 0
1.51667 0 0 0 0
1.52333 0 0 0 0
1.53 0 0 0 0
1.53667 0 0 0 0
1.54333 0 0 0 0
1.55 0 0 0 0
1.55667 0 0 0 0
1.56333 0 0 0 0
1.57 0 0 0 0
1.57667 0 0 0 0
1.58333 0 0 0 0
1.59 0 0 0 0
1.59667 0 0 0 0
1.60333 0 0 0 0
1.61 0 0 0 0
1.61667 0 0 0 0
1.62333 0 0 0 0
1.63 0 0 0 0
1.63667 0 0 0 0
1.64333 0 0 0 0
1.65 0 0 0 0
1.65667 0 0 0 0
1.66333 0 0 0 0
1.67 0 0 0 0
1.67667 0 0 0 0
1.68333 0 0 0 0
1.69 0 0 0 0
1.69667 0 0 0 0
1.70333 0 0 0 0
1.71 0 0 0 0
1.71667 0 0 0 0
1.72333 0 0 0 0
1.73 0 0 0 0
1.73667 0 0 0 0
1.74333 0 0 0 0
1.75 0 0 0 0
1.75667 0 0 0 0
1.76333 0 0 0 0
1.77 0 0 0 0
1.77667 0 0 0 0
1.78333 0 0 0 0
1.79 0 0 0 0
1.79667 0 0 0 0
1.80333 0 0 0 0
1.81 0 0 0 0
1.81667 0 0 0 0
1.82333 0 0 0 0
1.83 0 0 0 0
1.83667 0 0 0 0
1.84333 0 0 0 0
1.85 0 0 0 0
1.85667 0 0 0 0
1.86333 0 0 0 0
1.87 0 0 0 0
1.87667 0 0 0 0
1.88333 0 0 0 0
1.89 0 0 0 0
1.89667 0 0 0 0
1.90333 0 0 0 0
1.91 0 0 0 0
1.91667 0 0 0 0
1.92333 0 0 0 0
1.93 0 0 0 0
1.93667 0 0 0 0
1.94333 0 0 0 0
1.95 0 0 0 0
1.95667 0 0 0 0
1.96333 0 0 0 0
1.97 0 0 0 0
1.97667 0 0 0 0
1.98333 0 0 0 0
1.99 0 0 0 0
1.99667 0 0 0 0
