0.00333333 12 6 9 9
0.01 7 5 8 8
0.0166667 11 4 17 15
0.0233333 5 4 11 11
0.03 8 15 10 9
0.0366667 11 10 23 16
0.0433333 10 21 15 15
0.05 9 22 24 16
0.0566667 14 20 26 24
0.0633333 15 29 28 30
0.07 13 20 37 22
0.0766667 14 20 36 25
0.0833333 10 21 31 20
0.09 17 24 42 25
0.0966667 15 32 45 24
0.103333 14 23 40 31
0.11 22 30 25 23
0.116667 15 22 39 21
0.123333 13 29 30 31
0.13 17 22 33 17
0.136667 17 26 27 21
0.143333 12 20 30 29
0.15 22 11 36 24
0.156667 15 16 28 15
0.163333 17 11 21 25
0.17 16 23 24 24
0.176667 14 22 24 20
0.183333 10 20 12 17
0.19 12 15 19 35
0.196667 32 18 18 38
0.203333 11 17 22 23
0.21 12 15 23 27
0.216667 13 19 25 27
0.223333 16 15 25 20
0.23 9 10 22 25
0.236667 12 21 28 20
0.243333 16 22 26 24
0.25 11 14 20 22
0.256667 14 15 23 25
0.263333 12 10 19 31
0.27 14 11 22 11
0.276667 6 10 18 18
0.283333 9 11 22 20
0.29 10 14 16 24
0.296667 11 13 13 13
0.303333 16 15 14 16
0.31 10 12 24 20
0.316667 18 17 22 25
0.323333 15 16 15 14
0.33 12 9 26 8
0.336667 10 9 15 21
0.343333 9 10 20 24
0.35 14 12 12 17
0.356667 19 8 12 14
0.363333 7 10 13 13
0.37 7 8 12 17
0.376667 11 9 11 8
0.383333 11 6 13 17
0.39 10 10 11 21
0.396667 8 11 7 21
0.403333 14 7 13 12
0.41 12 14 17 19
0.416667 10 12 12 18
0.423333 17 11 16 15
0.43 19 12 13 18
0.436667 9 4 7 9
0.443333 10 9 11 17
0.45 10 4 21 21
0.456667 12 6 5 8
0.463333 13 11 14 17
0.47 10 7 8 11
0.476667 10 4 10 18
0.483333 4 4 9 14
0.49 7 9 11 9
0.496667 8 7 7 10
0.503333 10 6 10 1
0.51 3 9 10 10
0.516667 5 6 8 4
0.523333 2 4 4 14
0.53 3 7 2 11
0.536667 8 1 15 11
0.543333 7 6 10 11
0.55 7 1 5 9
0.556667 8 5 5 8
0.563333 6 6 7 6
0.57 2 8 8 9
0.576667 5 6 9 4
0.583333 5 6 12 11
0.59 2 10 4 8
0.596667 3 3 7 11
0.603333 3 6 6 13
0.61 9 6 5 5
0.616667 7 7 6 8
0.623333 4 4 9 10
0.63 7 10 7 2
0.636667 4 6 8 9
0.643333 3 4 5 5
0.65 5 3 9 7
0.656667 7 3 3 11
0.663333 421 137 227 644
0.67 0 0 0 0
0.676667 0 0 0 0
0.683333 0 0 0 0
0.69 0 0 0 0
0.696667 0 0 0 0
0.703333 0 0 0 0
0.71 0 0 0 0
0.716667 0 0 0 0
0.723333 0 0 0 0
0.73 0 0 0 0
0.736667 0 0 0 0
0.743333 0 0 0 0
0.75 0 0 0 0
0.756667 0 0 0 0
0.763333 0 0 0 0
0.77 0 0 0 0
0.776667 0 0 0 0
0.783333 0 0 0 0
0.79 0 0 0 0
0.796667 0 0 0 0
0.803333 0 0 0 0
0.81 0 0 0 0
0.816667 0 0 0 0
0.823333 0 0 0 0
0.83 0 0 0 0
0.836667 0 0 0 0
0.843333 0 0 0 0
0.85 0 0 0 0
0.856667 0 0 0 0
0.863333 0 0 0 0
0.87 0 0 0 0
0.876667 0 0 0 0
0.883333 0 0 0 0
0.89 0 0 0 0
0.896667 0 0 0 0
0.903333 0 0 0 0
0.91 0 0 0 0
0.916667 0 0 0 0
0.923333 0 0 0 0
0.93 0 0 0 0
0.936667 0 0 0 0
0.943333 0 0 0 0
0.95 0 0 0 0
0.956667 0 0 0 0
0.963333 0 0 0 0
0.97 0 0 0 0
0.976667 0 0 0 0
0.983333 0 0 0 0
0.99 0 0 0 0
0.996667 0 0 0 0
1.00333 0 0 0 0
1.01 0 0 0 0
1.01667 0 0 0 0
1.02333 0 0 0 0
1.03 0 0 0 0
1.03667 0 0 0 0
1.04333 0 0 0 0
1.05 0 0 0 0
1.05667 0 0 0 0
1.06333 0 0 0 0
1.07 0 0 0 0
1.07667 0 0 0 0
1.08333 0 0 0 0
1.09 0 0 0 0
1.09667 0 0 0 0
1.10333 0 0 0 0
1.11 0 0 0 0
1.11667 0 0 0 0
1.12333 0 0 0 0
1.13 0 0 0 0
1.13667 0 0 0 0
1.14333 0 0 0 0
1.15 0 0 0 0
1.15667 0 0 0 0
1.16333 0 0 0 0
1.17 0 0 0 0
1.17667 0 0 0 0
1.18333 0 0 0 0
1.19 0 0 0 0
1.19667 0 0 0 0
1.20333 0 0 0 0
1.21 0 0 0 0
1.21667 0 0 0 0
1.22333 0 0 0 0
1.23 0 0 0 0
1.23667 0 0 0 0
1.24333 0 0 0 0
1.25 0 0 0 0
1.25667 0 0 0 0
1.26333 0 0 0 0
1.27 0 0 0 0
1.27667 0 0 0 0
1.28333 0 0 0 0
1.29 0 0 0 0
1.29667 0 0 0 0
1.30333 0 0 0 0
1.31 0 0 0 0
1.31667 0 0 0 0
1.32333 0 0 0 0
1.33 0 0 0 0
1.33667 0 0 0 0
1.34333 0 0 0 0
1.35 0 0 0 0
1.35667 0 0 0 0
1.36333 0 0 0 0
1.37 0 0 0 0
1.37667 0 0 0 0
1.38333 0 0 0 0
1.39 0 0 0 0
1.39667 0 0 0 0
1.40333 0 0 0 0
1.41 0 0 0 0
1.41667 0 0 0 0
1.42333 0 0 0 0
1.43 0 0 0 0
1.43667 0 0 0 0
1.44333 0 0 0 0
1.45 0 0 0 0
1.45667 0 0 0 0
1.46333 0 0 0 0
1.47 0 0 0 0
1.47667 0 0 0 0
1.48333 0 0 0 0
1.49 0 0 0 0
1.49667 0 0 0 0
1.50333 0 0 0 0
1.51 0 0 0 0
1.51667 0 0 0 0
1.52333 0 0 0 0
1.53 0 0 0 0
1.53667 0 0 0 0
1.54333 0 0 0 0
1.55 0 0 0 0
1.55667 0 0 0 0
1.56333 0 0 0 0
1.57 0 0 0 0
1.57667 0 0 0 0
1.58333 0 0 0 0
1.59 0 0 0 0
1.59667 0 0 0 0
1.60333 0 0 0 0
1.61 0 0 0 0
1.61667 0 0 0 0
1.62333 0 0 0 0
1.63 0 0 0 0
1.63667 0 0 0 0
1.64333 0 0 0 0
1.65 0 0 0 0
1.65667 0 0 0 0
1.66333 0 0 0 0
1.67 0 0 0 0
1.67667 0 0 0 0
1.68333 0 0 0 0
1.69 0 0 0 0
1.69667 0 0 0 0
1.70333 0 0 0 0
1.71 0 0 0 0
1.71667 0 0 0 0
1.72333 0 0 0 0
1.73 0 0 0 0
1.73667 0 0 0 0
1.74333 0 0 0 0
1.75 0 0 0 0
1.75667 0 0 0 0
1.76333 0 0 0 0
1.77 0 0 0 0
1.77667 0 0 0 0
1.78333 0 0 0 0
1.79 0 0 0 0
1.79667 0 0 0 0
1.80333 0 0 0 0
1.81 0 0 0 0
1.81667 0 0 0 0
1.82333 0 0 0 0
1.83 0 0 0 0
1.83667 0 0 0 0
1.84333 0 0 0 0
1.85 0 0 0 0
1.85667 0 0 0 0
1.86333 0 0 0 0
1.87 0 0 0 0
1.87667 0 0 0 0
1.88333 0 0 0 0
1.89 0 0 0 0
1.89667 0 0 0 0
1.90333 0 0 0 0
1.91 0 0 0 0
1.91667 0 0 0 0
1.92333 0 0 0 0
1.93 0 0 0 0
1.93667 0 0 0 0
1.94333 0 0 0 0
1.95 0 0 0 0
1.95667 0 0 0 0
1.96333 0 0 0 0
1.97 0 0 0 0
1.97667 0 0 0 0
1.98333 0 0 0 0
1.99 0 0 0 0
1.99667 0 0 0 0
