0.00333333 3 7 54 14
0.01 4 13 54 20
0.0166667 3 18 65 30
0.0233333 5 16 46 23
0.03 5 13 84 26
0.0366667 2 26 102 35
0.0433333 8 28 137 57
0.05 4 32 142 79
0.0566667 11 39 208 80
0.0633333 12 31 222 83
0.07 14 45 230 93
0.0766667 8 49 260 69
0.0833333 6 31 227 91
0.09 6 45 253 90
0.0966667 12 42 202 96
0.103333 9 39 224 83
0.11 10 52 236 82
0.116667 5 42 212 78
0.123333 7 38 213 97
0.13 8 39 232 75
0.136667 4 35 212 72
0.143333 8 45 172 77
0.15 8 41 195 64
0.156667 10 41 190 56
0.163333 11 33 190 74
0.17 5 28 144 47
0.176667 2 33 167 62
0.183333 9 44 157 67
0.19 3 30 173 64
0.196667 10 49 159 61
0.203333 3 23 168 70
0.21 7 26 169 65
0.216667 5 39 125 47
0.223333 3 21 141 48
0.23 5 29 148 56
0.236667 3 34 134 56
0.243333 6 27 122 33
0.25 8 20 115 47
0.256667 6 25 115 37
0.263333 3 30 95 34
0.27 5 18 94 52
0.276667 9 16 101 41
0.283333 5 31 107 40
0.29 0 31 109 37
0.296667 8 19 92 35
0.303333 5 12 78 41
0.31 5 17 77 29
0.316667 6 16 87 37
0.323333 4 21 94 28
0.33 1 12 68 33
0.336667 4 17 75 34
0.343333 6 13 78 20
0.35 4 15 75 27
0.356667 4 24 65 29
0.363333 3 17 61 32
0.37 0 24 42 25
0.376667 1 17 67 23
0.383333 4 19 62 25
0.39 1 7 87 31
0.396667 3 15 62 30
0.403333 6 21 56 18
0.41 3 18 61 22
0.416667 2 21 67 18
0.423333 2 17 70 18
0.43 6 12 67 20
0.436667 3 19 62 21
0.443333 2 14 64 21
0.45 5 14 58 26
0.456667 2 18 55 37
0.463333 4 20 61 24
0.47 4 11 51 25
0.476667 1 15 55 25
0.483333 4 7 39 27
0.49 1 20 31 20
0.496667 4 10 36 10
0.503333 2 11 35 22
0.51 0 10 37 16
0.516667 1 12 47 20
0.523333 2 10 44 17
0.53 3 8 33 13
0.536667 2 4 28 14
0.543333 2 7 20 12
0.55 1 6 37 12
0.556667 0 7 32 16
0.563333 0 10 22 12
0.57 1 9 19 17
0.576667 1 10 26 14
0.583333 2 11 37 15
0.59 3 6 21 15
0.596667 1 8 23 16
0.603333 3 8 28 14
0.61 2 7 24 16
0.616667 1 6 22 5
0.623333 1 6 31 13
0.63 1 6 24 10
0.636667 2 11 29 14
0.643333 1 10 23 12
0.65 3 7 34 15
0.656667 1 8 18 8
0.663333 51 345 1565 471
0.67 0 0 0 0
0.676667 0 0 0 0
0.683333 0 0 0 0
0.69 0 0 0 0
0.696667 0 0 0 0
0.703333 0 0 0 0
0.71 0 0 0 0
0.716667 0 0 0 0
0.723333 0 0 0 0
0.73 0 0 0 0
0.736667 0 0 0 0
0.743333 0 0 0 0
0.75 0 0 0 0
0.756667 0 0 0 0
0.763333 0 0 0 0
0.77 0 0 0 0
0.776667 0 0 0 0
0.783333 0 0 0 0
0.79 0 0 0 0
0.796667 0 0 0 0
0.803333 0 0 0 0
0.81 0 0 0 0
0.816667 0 0 0 0
0.823333 0 0 0 0
0.83 0 0 0 0
0.836667 0 0 0 0
0.843333 0 0 0 0
0.85 0 0 0 0
0.856667 0 0 0 0
0.863333 0 0 0 0
0.87 0 0 0 0
0.876667 0 0 0 0
0.883333 0 0 0 0
0.89 0 0 0 0
0.896667 0 0 0 0
0.903333 0 0 0 0
0.91 0 0 0 0
0.916667 0 0 0 0
0.923333 0 0 0 0
0.93 0 0 0 0
0.936667 0 0 0 0
0.943333 0 0 0 0
0.95 0 0 0 0
0.956667 0 0 0 0
0.963333 0 0 0 0
0.97 0 0 0 0
0.976667 0 0 0 0
0.983333 0 0 0 0
0.99 0 0 0 0
0.996667 0 0 0 0
1.00333 0 0 0 0
1.01 0 0 0 0
1.01667 0 0 0 0
1.02333 0 0 0 0
1.03 0 0 0 0
1.03667 0 0 0 0
1.04333 0 0 0 0
1.05 0 0 0 0
1.05667 0 0 0 0
1.06333 0 0 0 0
1.07 0 0 0 0
1.07667 0 0 0 0
1.08333 0 0 0 0
1.09 0 0 0 0
1.09667 0 0 0 0
1.10333 0 0 0 0
1.11 0 0 0 0
1.11667 0 0 0 0
1.12333 0 0 0 0
1.13 0 0 0 0
1.13667 0 0 0 0
1.14333 0 0 0 0
1.15 0 0 0 0
1.15667 0 0 0 0
1.16333 0 0 0 0
1.17 0 0 0 0
1.17667 0 0 0 0
1.18333 0 0 0 0
1.19 0 0 0 0
1.19667 0 0 0 0
1.20333 0 0 0 0
1.21 0 0 0 0
1.21667 0 0 0 0
1.22333 0 0 0 0
1.23 0 0 0 0
1.23667 0 0 0 0
1.24333 0 0 0 0
1.25 0 0 0 0
1.25667 0 0 0 0
1.26333 0 0 0 0
1.27 0 0 0 0
1.27667 0 0 0 0
1.28333 0 0 0 0
1.29 0 0 0 0
1.29667 0 0 0 0
1.30333 0 0 0 0
1.31 0 0 0 0
1.31667 0 0 0 0
1.32333 0 0 0 0
1.33 0 0 0 0
1.33667 0 0 0 0
1.34333 0 0 0 0
1.35 0 0 0 0
1.35667 0 0 0 0
1.36333 0 0 0 0
1.37 0 0 0 0
1.37667 0 0 0 0
1.38333 0 0 0 0
1.39 0 0 0 0
1.39667 0 0 0 0
1.40333 0 0 0 0
1.41 0 0 0 0
1.41667 0 0 0 0
1.42333 0 0 0 0
1.43 0 0 0 0
1.43667 0 0 0 0
1.44333 0 0 0 0
1.45 0 0 0 0
1.45667 0 0 0 0
1.46333 0 0 0 0
1.47 0 0 0 0
1.47667 0 0 0 0
1.48333 0 0 0 0
1.49 0 0 0 0
1.49667 0 0 0 0
1.50333 0 0 0 0
1.51 0 0 0 0
1.51667 0 0 0 0
1.52333 0 0 0 0
1.53 0 0 0 0
1.53667 0 0 0 0
1.54333 0 0 0 0
1.55 0 0 0 0
1.55667 0 0 0 0
1.56333 0 0 0 0
1.57 0 0 0 0
1.57667 0 0 0 0
1.58333 0 0 0 0
1.59 0 0 0 0
1.59667 0 0 0 0
1.60333 0 0 0 0
1.61 0 0 0 0
1.61667 0 0 0 0
1.62333 0 0 0 0
1.63 0 0 0 0
1.63667 0 0 0 0
1.64333 0 0 0 0
1.65 0 0 0 0
1.65667 0 0 0 0
1.66333 0 0 0 0
1.67 0 0 0 0
1.67667 0 0 0 0
1.68333 0 0 0 0
1.69 0 0 0 0
1.69667 0 0 0 0
1.70333 0 0 0 0
1.71 0 0 0 0
1.71667 0 0 0 0
1.72333 0 0 0 0
1.73 0 0 0 0
1.73667 0 0 0 0
1.74333 0 0 0 0
1.75 0 0 0 0
1.75667 0 0 0 0
1.76333 0 0 0 0
1.77 0 0 0 0
1.77667 0 0 0 0
1.78333 0 0 0 0
1.79 0 0 0 0
1.79667 0 0 0 0
1.80333 0 0 0 0
1.81 0 0 0 0
1.81667 0 0 0 0
1.82333 0 0 0 0
1.83 0 0 0 0
1.83667 0 0 0 0
1.84333 0 0 0 0
1.85 0 0 0 0
1.85667 0 0 0 0
1.86333 0 0 0 0
1.87 0 0 0 0
1.87667 0 0 0 0
1.88333 0 0 0 0
1.89 0 0 0 0
1.89667 0 0 0 0
1.90333 0 0 0 0
1.91 0 0 0 0
1.91667 0 0 0 0
1.92333 0 0 0 0
1.93 0 0 0 0
1.93667 0 0 0 0
1.94333 0 0 0 0
1.95 0 0 0 0
1.95667 0 0 0 0
1.96333 0 0 0 0
1.97 0 0 0 0
1.97667 0 0 0 0
1.98333 0 0 0 0
1.99 0 0 0 0
1.99667 0 0 0 0
