0.00333333 17 60 4 1
0.01 19 85 9 1
0.0166667 21 77 11 1
0.0233333 15 81 11 0
0.03 20 81 11 0
0.0366667 28 97 11 2
0.0433333 47 143 18 1
0.05 57 139 21 2
0.0566667 60 213 17 1
0.0633333 71 205 14 4
0.07 74 177 18 1
0.0766667 78 194 24 3
0.0833333 75 225 27 8
0.09 75 229 20 1
0.0966667 63 223 24 2
0.103333 81 226 22 1
0.11 66 208 18 1
0.116667 83 244 19 1
0.123333 49 238 25 3
0.13 58 220 30 4
0.136667 56 234 23 0
0.143333 45 199 29 3
0.15 51 213 26 0
0.156667 51 168 19 4
0.163333 37 176 17 0
0.17 41 193 19 2
0.176667 47 185 23 1
0.183333 39 200 17 0
0.19 49 218 38 4
0.196667 40 185 29 4
0.203333 36 189 21 0
0.21 49 193 28 0
0.216667 38 180 20 2
0.223333 35 198 26 0
0.23 39 187 14 1
0.236667 42 186 25 1
0.243333 32 151 14 2
0.25 43 152 16 2
0.256667 31 146 11 1
0.263333 27 141 23 0
0.27 27 139 17 4
0.276667 34 154 20 1
0.283333 34 139 14 1
0.29 45 126 16 1
0.296667 22 128 16 1
0.303333 29 111 13 0
0.31 31 136 20 1
0.316667 28 103 19 3
0.323333 35 103 15 0
0.33 30 106 15 0
0.336667 26 105 12 1
0.343333 20 118 9 1
0.35 24 95 19 3
0.356667 21 88 10 1
0.363333 26 94 8 2
0.37 21 87 14 0
0.376667 21 81 16 3
0.383333 33 94 17 1
0.39 17 90 15 0
0.396667 22 87 11 3
0.403333 19 97 9 1
0.41 29 81 20 0
0.416667 23 82 14 2
0.423333 29 81 9 0
0.43 15 69 14 1
0.436667 24 82 18 1
0.443333 20 80 8 0
0.45 22 76 9 2
0.456667 20 78 8 0
0.463333 10 81 11 0
0.47 13 86 14 0
0.476667 20 66 8 0
0.483333 16 47 8 0
0.49 26 53 7 0
0.496667 14 44 6 0
0.503333 13 39 9 1
0.51 19 53 8 1
0.516667 12 45 6 0
0.523333 10 28 8 1
0.53 9 44 5 0
0.536667 17 57 9 6
0.543333 17 40 6 0
0.55 8 41 8 0
0.556667 12 46 5 0
0.563333 9 33 3 0
0.57 11 36 6 0
0.576667 4 38 5 0
0.583333 12 50 5 0
0.59 11 36 6 0
0.596667 11 34 6 1
0.603333 10 38 8 0
0.61 10 43 7 0
0.616667 7 31 8 0
0.623333 11 32 6 0
0.63 8 46 9 0
0.636667 10 41 6 1
0.643333 6 35 3 2
0.65 8 31 4 0
0.656667 7 26 1 1
0.663333 349 2716 415 4
0.67 0 0 0 0
0.676667 0 0 0 0
0.683333 0 0 0 0
0.69 0 0 0 0
0.696667 0 0 0 0
0.703333 0 0 0 0
0.71 0 0 0 0
0.716667 0 0 0 0
0.723333 0 0 0 0
0.73 0 0 0 0
0.736667 0 0 0 0
0.743333 0 0 0 0
0.75 0 0 0 0
0.756667 0 0 0 0
0.763333 0 0 0 0
0.77 0 0 0 0
0.776667 0 0 0 0
0.783333 0 0 0 0
0.79 0 0 0 0
0.796667 0 0 0 0
0.803333 0 0 0 0
0.81 0 0 0 0
0.816667 0 0 0 0
0.823333 0 0 0 0
0.83 0 0 0 0
0.836667 0 0 0 0
0.843333 0 0 0 0
0.85 0 0 0 0
0.856667 0 0 0 0
0.863333 0 0 0 0
0.87 0 0 0 0
0.876667 0 0 0 0
0.883333 0 0 0 0
0.89 0 0 0 0
0.896667 0 0 0 0
0.903333 0 0 0 0
0.91 0 0 0 0
0.916667 0 0 0 0
0.923333 0 0 0 0
0.93 0 0 0 0
0.936667 0 0 0 0
0.943333 0 0 0 0
0.95 0 0 0 0
0.956667 0 0 0 0
0.963333 0 0 0 0
0.97 0 0 0 0
0.976667 0 0 0 0
0.983333 0 0 0 0
0.99 0 0 0 0
0.996667 0 0 0 0
1.00333 0 0 0 0
1.01 0 0 0 0
1.01667 0 0 0 0
1.02333 0 0 0 0
1.03 0 0 0 0
1.03667 0 0 0 0
1.04333 0 0 0 0
1.05 0 0 0 0
1.05667 0 0 0 0
1.06333 0 0 0 0
1.07 0 0 0 0
1.07667 0 0 0 0
1.08333 0 0 0 0
1.09 0 0 0 0
1.09667 0 0 0 0
1.10333 0 0 0 0
1.11 0 0 0 0
1.11667 0 0 0 0
1.12333 0 0 0 0
1.13 0 0 0 0
1.13667 0 0 0 0
1.14333 0 0 0 0
1.15 0 0 0 0
1.15667 0 0 0 0
1.16333 0 0 0 0
1.17 0 0 0 0
1.17667 0 0 0 0
1.18333 0 0 0 0
1.19 0 0 0 0
1.19667 0 0 0 0
1.20333 0 0 0 0
1.21 0 0 0 0
1.21667 0 0 0 0
1.22333 0 0 0 0
1.23 0 0 0 0
1.23667 0 0 0 0
1.24333 0 0 0 0
1.25 0 0 0 0
1.25667 0 0 0 0
1.26333 0 0 0 0
1.27 0 0 0 0
1.27667 0 0 0 0
1.28333 0 0 0 0
1.29 0 0 0 0
1.29667 0 0 0 0
1.30333 0 0 0 0
1.31 0 0 0 0
1.31667 0 0 0 0
1.32333 0 0 0 0
1.33 0 0 0 0
1.33667 0 0 0 0
1.34333 0 0 0 0
1.35 0 0 0 0
1.35667 0 0 0 0
1.36333 0 0 0 0
1.37 0 0 0 0
1.37667 0 0 0 0
1.38333 0 0 0 0
1.39 0 0 0 0
1.39667 0 0 0 0
1.40333 0 0 0 0
1.41 0 0 0 0
1.41667 0 0 0 0
1.42333 0 0 0 0
1.43 0 0 0 0
1.43667 0 0 0 0
1.44333 0 0 0 0
1.45 0 0 0 0
1.45667 0 0 0 0
1.46333 0 0 0 0
1.47 0 0 0 0
1.47667 0 0 0 0
1.48333 0 0 0 0
1.49 0 0 0 0
1.49667 0 0 0 0
1.50333 0 0 0 0
1.51 0 0 0 0
1.51667 0 0 0 0
1.52333 0 0 0 0
1.53 0 0 0 0
1.53667 0 0 0 0
1.54333 0 0 0 0
1.55 0 0 0 0
1.55667 0 0 0 0
1.56333 0 0 0 0
1.57 0 0 0 0
1.57667 0 0 0 0
1.58333 0 0 0 0
1.59 0 0 0 0
1.59667 0 0 0 0
1.60333 0 0 0 0
1.61 0 0 0 0
1.61667 0 0 0 0
1.62333 0 0 0 0
1.63 0 0 0 0
1.63667 0 0 0 0
1.64333 0 0 0 0
1.65 0 0 0 0
1.65667 0 0 0 0
1.66333 0 0 0 0
1.67 0 0 0 0
1.67667 0 0 0 0
1.68333 0 0 0 0
1.69 0 0 0 0
1.69667 0 0 0 0
1.70333 0 0 0 0
1.71 0 0 0 0
1.71667 0 0 0 0
1.72333 0 0 0 0
1.73 0 0 0 0
1.73667 0 0 0 0
1.74333 0 0 0 0
1.75 0 0 0 0
1.75667 0 0 0 0
1.76333 0 0 0 0
1.77 0 0 0 0
1.77667 0 0 0 0
1.78333 0 0 0 0
1.79 0 0 0 0
1.79667 0 0 0 0
1.80333 0 0 0 0
1.81 0 0 0 0
1.81667 0 0 0 0
1.82333 0 0 0 0
1.83 0 0 0 0
1.83667 0 0 0 0
1.84333 0 0 0 0
1.85 0 0 0 0
1.85667 0 0 0 0
1.86333 0 0 0 0
1.87 0 0 0 0
1.87667 0 0 0 0
1.88333 0 0 0 0
1.89 0 0 0 0
1.89667 0 0 0 0
1.90333 0 0 0 0
1.91 0 0 0 0
1.91667 0 0 0 0
1.92333 0 0 0 0
1.93 0 0 0 0
1.93667 0 0 0 0
1.94333 0 0 0 0
1.95 0 0 0 0
1.95667 0 0 0 0
1.96333 0 0 0 0
1.97 0 0 0 0
1.97667 0 0 0 0
1.98333 0 0 0 0
1.99 0 0 0 0
1.99667 0 0 0 0
