0.00333333 0 2 24 92
0.01 3 1 23 94
0.0166667 4 1 42 110
0.0233333 4 5 38 108
0.03 3 3 34 123
0.0366667 1 5 54 126
0.0433333 1 2 73 160
0.05 4 6 111 220
0.0566667 2 4 98 250
0.0633333 4 15 148 273
0.07 3 8 128 310
0.0766667 4 9 126 321
0.0833333 2 11 142 314
0.09 4 12 123 301
0.0966667 9 7 109 313
0.103333 8 15 123 288
0.11 6 10 110 342
0.116667 5 9 115 344
0.123333 4 9 99 355
0.13 5 15 99 333
0.136667 4 8 90 359
0.143333 2 11 86 288
0.15 3 3 94 318
0.156667 2 7 90 287
0.163333 1 5 78 290
0.17 4 8 77 252
0.176667 4 7 76 267
0.183333 5 9 71 272
0.19 5 5 77 337
0.196667 2 6 79 323
0.203333 5 13 88 311
0.21 2 5 74 272
0.216667 2 6 66 259
0.223333 6 5 81 276
0.23 4 4 55 236
0.236667 4 5 56 239
0.243333 4 3 64 233
0.25 2 3 60 249
0.256667 2 2 45 195
0.263333 4 8 48 173
0.27 4 5 47 172
0.276667 2 4 53 191
0.283333 3 6 48 174
0.29 0 5 45 173
0.296667 4 4 35 161
0.303333 1 2 40 151
0.31 1 3 48 131
0.316667 1 9 43 137
0.323333 2 1 29 120
0.33 3 5 45 140
0.336667 2 4 38 128
0.343333 2 4 39 127
0.35 3 4 45 149
0.356667 1 5 42 111
0.363333 3 4 26 119
0.37 2 3 44 112
0.376667 3 6 39 113
0.383333 2 5 30 100
0.39 2 5 33 115
0.396667 0 6 26 111
0.403333 2 3 27 105
0.41 0 2 27 114
0.416667 0 6 39 103
0.423333 1 3 32 108
0.43 2 5 36 118
0.436667 1 1 27 125
0.443333 3 1 22 104
0.45 0 2 39 108
0.456667 1 1 31 126
0.463333 0 3 21 91
0.47 3 3 16 108
0.476667 3 5 26 101
0.483333 1 3 17 62
0.49 0 4 19 54
0.496667 2 0 14 69
0.503333 2 1 12 37
0.51 2 1 15 53
0.516667 1 1 12 53
0.523333 3 2 20 58
0.53 2 2 22 45
0.536667 2 0 14 54
0.543333 3 2 15 48
0.55 0 3 16 29
0.556667 0 3 13 37
0.563333 0 4 12 46
0.57 3 2 17 50
0.576667 1 2 11 46
0.583333 2 2 10 51
0.59 2 2 17 44
0.596667 2 4 14 40
0.603333 1 2 20 48
0.61 0 2 18 33
0.616667 0 2 14 50
0.623333 1 2 17 45
0.63 1 1 22 45
0.636667 0 1 21 56
0.643333 1 4 6 37
0.65 0 3 15 34
0.656667 0 2 14 29
0.663333 39 41 550 3966
0.67 0 0 0 0
0.676667 0 0 0 0
0.683333 0 0 0 0
0.69 0 0 0 0
0.696667 0 0 0 0
0.703333 0 0 0 0
0.71 0 0 0 0
0.716667 0 0 0 0
0.723333 0 0 0 0
0.73 0 0 0 0
0.736667 0 0 0 0
0.743333 0 0 0 0
0.75 0 0 0 0
0.756667 0 0 0 0
0.763333 0 0 0 0
0.77 0 0 0 0
0.776667 0 0 0 0
0.783333 0 0 0 0
0.79 0 0 0 0
0.796667 0 0 0 0
0.803333 0 0 0 0
0.81 0 0 0 0
0.816667 0 0 0 0
0.823333 0 0 0 0
0.83 0 0 0 0
0.836667 0 0 0 0
0.843333 0 0 0 0
0.85 0 0 0 0
0.856667 0 0 0 0
0.863333 0 0 0 0
0.87 0 0 0 0
0.876667 0 0 0 0
0.883333 0 0 0 0
0.89 0 0 0 0
0.896667 0 0 0 0
0.903333 0 0 0 0
0.91 0 0 0 0
0.916667 0 0 0 0
0.923333 0 0 0 0
0.93 0 0 0 0
0.936667 0 0 0 0
0.943333 0 0 0 0
0.95 0 0 0 0
0.956667 0 0 0 0
0.963333 0 0 0 0
0.97 0 0 0 0
0.976667 0 0 0 0
0.983333 0 0 0 0
0.99 0 0 0 0
0.996667 0 0 0 0
1.00333 0 0 0 0
1.01 0 0 0 0
1.01667 0 0 0 0
1.02333 0 0 0 0
1.03 0 0 0 0
1.03667 0 0 0 0
1.04333 0 0 0 0
1.05 0 0 0 0
1.05667 0 0 0 0
1.06333 0 0 0 0
1.07 0 0 0 0
1.07667 0 0 0 0
1.08333 0 0 0 0
1.09 0 0 0 0
1.09667 0 0 0 0
1.10333 0 0 0 0
1.11 0 0 0 0
1.11667 0 0 0 0
1.12333 0 0 0 0
1.13 0 0 0 0
1.13667 0 0 0 0
1.14333 0 0 0 0
1.15 0 0 0 0
1.15667 0 0 0 0
1.16333 0 0 0 0
1.17 0 0 0 0
1.17667 0 0 0 0
1.18333 0 0 0 0
1.19 0 0 0 0
1.19667 0 0 0 0
1.20333 0 0 0 0
1.21 0 0 0 0
1.21667 0 0 0 0
1.22333 0 0 0 0
1.23 0 0 0 0
1.23667 0 0 0 0
1.24333 0 0 0 0
1.25 0 0 0 0
1.25667 0 0 0 0
1.26333 0 0 0 0
1.27 0 0 0 0
1.27667 0 0 0 0
1.28333 0 0 0 0
1.29 0 0 0 0
1.29667 0 0 0 0
1.30333 0 0 0 0
1.31 0 0 0 0
1.31667 0 0 0 0
1.32333 0 0 0 0
1.33 0 0 0 0
1.33667 0 0 0 0
1.34333 0 0 0 0
1.35 0 0 0 0
1.35667 0 0 0 0
1.36333 0 0 0 0
1.37 0 0 0 0
1.37667 0 0 0 0
1.38333 0 0 0 0
1.39 0 0 0 0
1.39667 0 0 0 0
1.40333 0 0 0 0
1.41 0 0 0 0
1.41667 0 0 0 0
1.42333 0 0 0 0
1.43 0 0 0 0
1.43667 0 0 0 0
1.44333 0 0 0 0
1.45 0 0 0 0
1.45667 0 0 0 0
1.46333 0 0 0 0
1.47 0 0 0 0
1.47667 0 0 0 0
1.48333 0 0 0 0
1.49 0 0 0 0
1.49667 0 0 0 0
1.50333 0 0 0 0
1.51 0 0 0 0
1.51667 0 0 0 0
1.52333 0 0 0 0
1.53 0 0 0 0
1.53667 0 0 0 0
1.54333 0 0 0 0
1.55 0 0 0 0
1.55667 0 0 0 0
1.56333 0 0 0 0
1.57 0 0 0 0
1.57667 0 0 0 0
1.58333 0 0 0 0
1.59 0 0 0 0
1.59667 0 0 0 0
1.60333 0 0 0 0
1.61 0 0 0 0
1.61667 0 0 0 0
1.62333 0 0 0 0
1.63 0 0 0 0
1.63667 0 0 0 0
1.64333 0 0 0 0
1.65 0 0 0 0
1.65667 0 0 0 0
1.66333 0 0 0 0
1.67 0 0 0 0
1.67667 0 0 0 0
1.68333 0 0 0 0
1.69 0 0 0 0
1.69667 0 0 0 0
1.70333 0 0 0 0
1.71 0 0 0 0
1.71667 0 0 0 0
1.72333 0 0 0 0
1.73 0 0 0 0
1.73667 0 0 0 0
1.74333 0 0 0 0
1.75 0 0 0 0
1.75667 0 0 0 0
1.76333 0 0 0 0
1.77 0 0 0 0
1.77667 0 0 0 0
1.78333 0 0 0 0
1.79 0 0 0 0
1.79667 0 0 0 0
1.80333 0 0 0 0
1.81 0 0 0 0
1.81667 0 0 0 0
1.82333 0 0 0 0
1.83 0 0 0 0
1.83667 0 0 0 0
1.84333 0 0 0 0
1.85 0 0 0 0
1.85667 0 0 0 0
1.86333 0 0 0 0
1.87 0 0 0 0
1.87667 0 0 0 0
1.88333 0 0 0 0
1.89 0 0 0 0
1.89667 0 0 0 0
1.90333 0 0 0 0
1.91 0 0 0 0
1.91667 0 0 0 0
1.92333 0 0 0 0
1.93 0 0 0 0
1.93667 0 0 0 0
1.94333 0 0 0 0
1.95 0 0 0 0
1.95667 0 0 0 0
1.96333 0 0 0 0
1.97 0 0 0 0
1.97667 0 0 0 0
1.98333 0 0 0 0
1.99 0 0 0 0
1.99667 0 0 0 0
