0.00333333 11 39 14 19
0.01 11 46 11 12
0.0166667 6 32 10 13
0.0233333 12 54 14 17
0.03 13 43 23 13
0.0366667 12 49 17 26
0.0433333 20 47 34 26
0.05 26 59 38 19
0.0566667 25 104 51 24
0.0633333 26 96 61 25
0.07 27 100 72 26
0.0766667 35 94 51 38
0.0833333 24 98 55 31
0.09 35 108 47 33
0.0966667 26 97 57 33
0.103333 39 111 59 32
0.11 35 89 47 41
0.116667 35 122 49 35
0.123333 39 110 36 16
0.13 27 103 40 40
0.136667 31 102 50 31
0.143333 35 105 32 33
0.15 20 102 33 19
0.156667 33 93 36 32
0.163333 22 80 36 20
0.17 18 75 28 37
0.176667 23 79 27 36
0.183333 25 107 45 42
0.19 31 98 34 52
0.196667 37 100 26 48
0.203333 32 113 23 43
0.21 21 96 19 28
0.216667 21 75 29 33
0.223333 15 78 25 28
0.23 31 92 31 27
0.236667 30 93 29 16
0.243333 25 77 22 23
0.25 22 81 23 22
0.256667 20 66 29 19
0.263333 18 72 25 28
0.27 22 70 32 17
0.276667 22 65 29 30
0.283333 25 61 20 20
0.29 22 61 18 14
0.296667 20 49 24 19
0.303333 19 59 20 16
0.31 13 50 19 23
0.316667 15 60 22 11
0.323333 19 57 25 22
0.33 17 46 19 15
0.336667 23 48 17 19
0.343333 15 43 17 12
0.35 15 39 26 25
0.356667 25 49 19 16
0.363333 21 56 15 26
0.37 15 52 17 25
0.376667 13 44 17 19
0.383333 22 35 14 23
0.39 20 47 14 15
0.396667 20 56 11 19
0.403333 17 49 16 15
0.41 16 51 20 12
0.416667 18 49 18 16
0.423333 12 39 14 15
0.43 13 54 8 15
0.436667 16 36 19 18
0.443333 9 41 12 12
0.45 19 44 19 17
0.456667 21 55 17 14
0.463333 13 33 5 18
0.47 20 43 13 15
0.476667 15 35 14 7
0.483333 8 23 14 15
0.49 5 31 8 8
0.496667 8 25 12 10
0.503333 8 20 8 12
0.51 9 24 9 9
0.516667 10 31 9 12
0.523333 9 26 5 5
0.53 7 29 9 9
0.536667 6 19 7 13
0.543333 6 22 8 6
0.55 10 21 12 8
0.556667 8 18 16 7
0.563333 8 24 10 8
0.57 8 15 9 6
0.576667 5 25 9 10
0.583333 5 21 7 9
0.59 5 25 9 9
0.596667 8 10 11 6
0.603333 8 16 6 4
0.61 7 19 6 11
0.616667 9 18 13 7
0.623333 3 21 6 5
0.63 8 20 4 6
0.636667 6 16 5 8
0.643333 6 21 6 2
0.65 9 16 10 10
0.656667 4 13 5 5
0.663333 533 1438 235 536
0.67 0 0 0 0
0.676667 0 0 0 0
0.683333 0 0 0 0
0.69 0 0 0 0
0.696667 0 0 0 0
0.703333 0 0 0 0
0.71 0 0 0 0
0.716667 0 0 0 0
0.723333 0 0 0 0
0.73 0 0 0 0
0.736667 0 0 0 0
0.743333 0 0 0 0
0.75 0 0 0 0
0.756667 0 0 0 0
0.763333 0 0 0 0
0.77 0 0 0 0
0.776667 0 0 0 0
0.783333 0 0 0 0
0.79 0 0 0 0
0.796667 0 0 0 0
0.803333 0 0 0 0
0.81 0 0 0 0
0.816667 0 0 0 0
0.823333 0 0 0 0
0.83 0 0 0 0
0.836667 0 0 0 0
0.843333 0 0 0 0
0.85 0 0 0 0
0.856667 0 0 0 0
0.863333 0 0 0 0
0.87 0 0 0 0
0.876667 0 0 0 0
0.883333 0 0 0 0
0.89 0 0 0 0
0.896667 0 0 0 0
0.903333 0 0 0 0
0.91 0 0 0 0
0.916667 0 0 0 0
0.923333 0 0 0 0
0.93 0 0 0 0
0.936667 0 0 0 0
0.943333 0 0 0 0
0.95 0 0 0 0
0.956667 0 0 0 0
0.963333 0 0 0 0
0.97 0 0 0 0
0.976667 0 0 0 0
0.983333 0 0 0 0
0.99 0 0 0 0
0.996667 0 0 0 0
1.00333 0 0 0 0
1.01 0 0 0 0
1.01667 0 0 0 0
1.02333 0 0 0 0
1.03 0 0 0 0
1.03667 0 0 0 0
1.04333 0 0 0 0
1.05 0 0 0 0
1.05667 0 0 0 0
1.06333 0 0 0 0
1.07 0 0 0 0
1.07667 0 0 0 0
1.08333 0 0 0 0
1.09 0 0 0 0
1.09667 0 0 0 0
1.10333 0 0 0 0
1.11 0 0 0 0
1.11667 0 0 0 0
1.12333 0 0 0 0
1.13 0 0 0 0
1.13667 0 0 0 0
1.14333 0 0 0 0
1.15 0 0 0 0
1.15667 0 0 0 0
1.16333 0 0 0 0
1.17 0 0 0 0
1.17667 0 0 0 0
1.18333 0 0 0 0
1.19 0 0 0 0
1.19667 0 0 0 0
1.20333 0 0 0 0
1.21 0 0 0 0
1.21667 0 0 0 0
1.22333 0 0 0 0
1.23 0 0 0 0
1.23667 0 0 0 0
1.24333 0 0 0 0
1.25 0 0 0 0
1.25667 0 0 0 0
1.26333 0 0 0 0
1.27 0 0 0 0
1.27667 0 0 0 0
1.28333 0 0 0 0
1.29 0 0 0 0
1.29667 0 0 0 0
1.30333 0 0 0 0
1.31 0 0 0 0
1.31667 0 0 0 0
1.32333 0 0 0 0
1.33 0 0 0 0
1.33667 0 0 0 0
1.34333 0 0 0 0
1.35 0 0 0 0
1.35667 0 0 0 0
1.36333 0 0 0 0
1.37 0 0 0 0
1.37667 0 0 0 0
1.38333 0 0 0 0
1.39 0 0 0 0
1.39667 0 0 0 0
1.40333 0 0 0 0
1.41 0 0 0 0
1.41667 0 0 0 0
1.42333 0 0 0 0
1.43 0 0 0 0
1.43667 0 0 0 0
1.44333 0 0 0 0
1.45 0 0 0 0
1.45667 0 0 0 0
1.46333 0 0 0 0
1.47 0 0 0 0
1.47667 0 0 0 0
1.48333 0 0 0 0
1.49 0 0 0 0
1.49667 0 0 0 0
1.50333 0 0 0 0
1.51 0 0 0 0
1.51667 0 0 0 0
1.52333 0 0 0 0
1.53 0 0 0 0
1.53667 0 0 0 0
1.54333 0 0 0 0
1.55 0 0 0 0
1.55667 0 0 0 0
1.56333 0 0 0 0
1.57 0 0 0 0
1.57667 0 0 0 0
1.58333 0 0 0 0
1.59 0 0 0 0
1.59667 0 0 0 0
1.60333 0 0 0 0
1.61 0 0 0 0
1.61667 0 0 0 0
1.62333 0 0 0 0
1.63 0 0 0 0
1.63667 0 0 0 0
1.64333 0 0 0 0
1.65 0 0 0 0
1.65667 0 0 0 0
1.66333 0 0 0 0
1.67 0 0 0 0
1.67667 0 0 0 0
1.68333 0 0 0 0
1.69 0 0 0 0
1.69667 0 0 0 0
1.70333 0 0 0 0
1.71 0 0 0 0
1.71667 0 0 0 0
1.72333 0 0 0 0
1.73 0 0 0 0
1.73667 0 0 0 0
1.74333 0 0 0 0
1.75 0 0 0 0
1.75667 0 0 0 0
1.76333 0 0 0 0
1.77 0 0 0 0
1.77667 0 0 0 0
1.78333 0 0 0 0
1.79 0 0 0 0
1.79667 0 0 0 0
1.80333 0 0 0 0
1.81 0 0 0 0
1.81667 0 0 0 0
1.82333 0 0 0 0
1.83 0 0 0 0
1.83667 0 0 0 0
1.84333 0 0 0 0
1.85 0 0 0 0
1.85667 0 0 0 0
1.86333 0 0 0 0
1.87 0 0 0 0
1.87667 0 0 0 0
1.88333 0 0 0 0
1.89 0 0 0 0
1.89667 0 0 0 0
1.90333 0 0 0 0
1.91 0 0 0 0
1.91667 0 0 0 0
1.92333 0 0 0 0
1.93 0 0 0 0
1.93667 0 0 0 0
1.94333 0 0 0 0
1.95 0 0 0 0
1.95667 0 0 0 0
1.96333 0 0 0 0
1.97 0 0 0 0
1.97667 0 0 0 0
1.98333 0 0 0 0
1.99 0 0 0 0
1.99667 0 0 0 0
