0.00333333 5 36 17 0
0.01 5 46 22 5
0.0166667 7 40 25 1
0.0233333 5 51 37 0
0.03 12 52 38 2
0.0366667 17 52 38 4
0.0433333 23 61 27 0
0.05 18 73 38 2
0.0566667 30 86 38 4
0.0633333 25 110 52 2
0.07 32 129 39 1
0.0766667 25 131 37 3
0.0833333 29 113 50 6
0.09 30 129 45 4
0.0966667 23 108 58 2
0.103333 35 119 60 3
0.11 25 121 41 3
0.116667 25 106 57 4
0.123333 21 121 49 6
0.13 17 120 51 4
0.136667 13 106 37 2
0.143333 21 108 51 4
0.15 23 110 54 2
0.156667 22 99 44 3
0.163333 14 119 44 5
0.17 16 82 47 4
0.176667 22 87 37 2
0.183333 15 76 48 3
0.19 19 96 83 3
0.196667 25 90 71 2
0.203333 15 79 64 4
0.21 14 98 39 2
0.216667 13 95 51 1
0.223333 12 93 51 4
0.23 14 106 44 5
0.236667 11 91 43 1
0.243333 13 73 40 0
0.25 14 71 47 4
0.256667 9 68 41 4
0.263333 14 79 39 3
0.27 10 55 37 3
0.276667 16 57 47 0
0.283333 12 59 34 1
0.29 20 65 53 2
0.296667 6 62 38 3
0.303333 8 52 31 1
0.31 5 56 29 1
0.316667 13 66 37 3
0.323333 9 52 34 3
0.33 11 57 40 1
0.336667 11 67 39 1
0.343333 6 53 33 0
0.35 8 59 27 0
0.356667 7 56 38 1
0.363333 9 60 26 3
0.37 6 50 37 2
0.376667 16 68 37 2
0.383333 12 44 34 0
0.39 9 45 26 0
0.396667 10 43 21 0
0.403333 2 38 25 1
0.41 8 44 29 1
0.416667 11 53 31 3
0.423333 4 53 26 1
0.43 8 46 29 4
0.436667 12 49 34 1
0.443333 3 33 25 0
0.45 10 48 26 3
0.456667 9 50 28 1
0.463333 11 45 35 1
0.47 9 39 35 3
0.476667 9 34 18 0
0.483333 11 33 20 4
0.49 7 27 13 0
0.496667 6 30 15 0
0.503333 4 25 18 1
0.51 6 25 11 1
0.516667 4 29 9 1
0.523333 7 21 11 1
0.53 5 30 10 2
0.536667 10 25 14 0
0.543333 4 30 13 4
0.55 4 24 5 1
0.556667 8 24 13 0
0.563333 4 17 13 0
0.57 2 31 9 2
0.576667 6 19 8 1
0.583333 3 23 8 0
0.59 6 24 7 1
0.596667 7 24 4 0
0.603333 2 22 2 1
0.61 1 28 5 2
0.616667 5 19 4 4
0.623333 4 21 0 2
0.63 7 33 9 1
0.636667 2 31 4 1
0.643333 5 27 3 0
0.65 4 21 4 3
0.656667 7 23 0 0
0.663333 125 1264 1542 15
0.67 0 0 0 0
0.676667 0 0 0 0
0.683333 0 0 0 0
0.69 0 0 0 0
0.696667 0 0 0 0
0.703333 0 0 0 0
0.71 0 0 0 0
0.716667 0 0 0 0
0.723333 0 0 0 0
0.73 0 0 0 0
0.736667 0 0 0 0
0.743333 0 0 0 0
0.75 0 0 0 0
0.756667 0 0 0 0
0.763333 0 0 0 0
0.77 0 0 0 0
0.776667 0 0 0 0
0.783333 0 0 0 0
0.79 0 0 0 0
0.796667 0 0 0 0
0.803333 0 0 0 0
0.81 0 0 0 0
0.816667 0 0 0 0
0.823333 0 0 0 0
0.83 0 0 0 0
0.836667 0 0 0 0
0.843333 0 0 0 0
0.85 0 0 0 0
0.856667 0 0 0 0
0.863333 0 0 0 0
0.87 0 0 0 0
0.876667 0 0 0 0
0.883333 0 0 0 0
0.89 0 0 0 0
0.896667 0 0 0 0
0.903333 0 0 0 0
0.91 0 0 0 0
0.916667 0 0 0 0
0.923333 0 0 0 0
0.93 0 0 0 0
0.936667 0 0 0 0
0.943333 0 0 0 0
0.95 0 0 0 0
0.956667 0 0 0 0
0.963333 0 0 0 0
0.97 0 0 0 0
0.976667 0 0 0 0
0.983333 0 0 0 0
0.99 0 0 0 0
0.996667 0 0 0 0
1.00333 0 0 0 0
1.01 0 0 0 0
1.01667 0 0 0 0
1.02333 0 0 0 0
1.03 0 0 0 0
1.03667 0 0 0 0
1.04333 0 0 0 0
1.05 0 0 0 0
1.05667 0 0 0 0
1.06333 0 0 0 0
1.07 0 0 0 0
1.07667 0 0 0 0
1.08333 0 0 0 0
1.09 0 0 0 0
1.09667 0 0 0 0
1.10333 0 0 0 0
1.11 0 0 0 0
1.11667 0 0 0 0
1.12333 0 0 0 0
1.13 0 0 0 0
1.13667 0 0 0 0
1.14333 0 0 0 0
1.15 0 0 0 0
1.15667 0 0 0 0
1.16333 0 0 0 0
1.17 0 0 0 0
1.17667 0 0 0 0
1.18333 0 0 0 0
1.19 0 0 0 0
1.19667 0 0 0 0
1.20333 0 0 0 0
1.21 0 0 0 0
1.21667 0 0 0 0
1.22333 0 0 0 0
1.23 0 0 0 0
1.23667 0 0 0 0
1.24333 0 0 0 0
1.25 0 0 0 0
1.25667 0 0 0 0
1.26333 0 0 0 0
1.27 0 0 0 0
1.27667 0 0 0 0
1.28333 0 0 0 0
1.29 0 0 0 0
1.29667 0 0 0 0
1.30333 0 0 0 0
1.31 0 0 0 0
1.31667 0 0 0 0
1.32333 0 0 0 0
1.33 0 0 0 0
1.33667 0 0 0 0
1.34333 0 0 0 0
1.35 0 0 0 0
1.35667 0 0 0 0
1.36333 0 0 0 0
1.37 0 0 0 0
1.37667 0 0 0 0
1.38333 0 0 0 0
1.39 0 0 0 0
1.39667 0 0 0 0
1.40333 0 0 0 0
1.41 0 0 0 0
1.41667 0 0 0 0
1.42333 0 0 0 0
1.43 0 0 0 0
1.43667 0 0 0 0
1.44333 0 0 0 0
1.45 0 0 0 0
1.45667 0 0 0 0
1.46333 0 0 0 0
1.47 0 0 0 0
1.47667 0 0 0 0
1.48333 0 0 0 0
1.49 0 0 0 0
1.49667 0 0 0 0
1.50333 0 0 0 0
1.51 0 0 0 0
1.51667 0 0 0 0
1.52333 0 0 0 0
1.53 0 0 0 0
1.53667 0 0 0 0
1.54333 0 0 0 0
1.55 0 0 0 0
1.55667 0 0 0 0
1.56333 0 0 0 0
1.57 0 0 0 0
1.57667 0 0 0 0
1.58333 0 0 0 0
1.59 0 0 0 0
1.59667 0 0 0 0
1.60333 0 0 0 0
1.61 0 0 0 0
1.61667 0 0 0 0
1.62333 0 0 0 0
1.63 0 0 0 0
1.63667 0 0 0 0
1.64333 0 0 0 0
1.65 0 0 0 0
1.65667 0 0 0 0
1.66333 0 0 0 0
1.67 0 0 0 0
1.67667 0 0 0 0
1.68333 0 0 0 0
1.69 0 0 0 0
1.69667 0 0 0 0
1.70333 0 0 0 0
1.71 0 0 0 0
1.71667 0 0 0 0
1.72333 0 0 0 0
1.73 0 0 0 0
1.73667 0 0 0 0
1.74333 0 0 0 0
1.75 0 0 0 0
1.75667 0 0 0 0
1.76333 0 0 0 0
1.77 0 0 0 0
1.77667 0 0 0 0
1.78333 0 0 0 0
1.79 0 0 0 0
1.79667 0 0 0 0
1.80333 0 0 0 0
1.81 0 0 0 0
1.81667 0 0 0 0
1.82333 0 0 0 0
1.83 0 0 0 0
1.83667 0 0 0 0
1.84333 0 0 0 0
1.85 0 0 0 0
1.85667 0 0 0 0
1.86333 0 0 0 0
1.87 0 0 0 0
1.87667 0 0 0 0
1.88333 0 0 0 0
1.89 0 0 0 0
1.89667 0 0 0 0
1.90333 0 0 0 0
1.91 0 0 0 0
1.91667 0 0 0 0
1.92333 0 0 0 0
1.93 0 0 0 0
1.93667 0 0 0 0
1.94333 0 0 0 0
1.95 0 0 0 0
1.95667 0 0 0 0
1.96333 0 0 0 0
1.97 0 0 0 0
1.97667 0 0 0 0
1.98333 0 0 0 0
1.99 0 0 0 0
1.99667 0 0 0 0
