0.00333333 3 5 38 10
0.01 2 4 42 7
0.0166667 2 5 55 10
0.0233333 2 4 54 8
0.03 2 6 62 12
0.0366667 0 11 64 24
0.0433333 3 12 63 26
0.05 3 12 97 33
0.0566667 3 10 105 32
0.0633333 4 13 116 39
0.07 4 15 107 39
0.0766667 3 14 130 40
0.0833333 5 18 126 45
0.09 3 12 132 37
0.0966667 4 17 149 49
0.103333 8 14 137 46
0.11 3 11 152 38
0.116667 8 18 134 38
0.123333 3 9 144 51
0.13 3 13 130 32
0.136667 2 12 131 40
0.143333 8 11 123 30
0.15 3 15 114 37
0.156667 3 13 115 26
0.163333 3 7 133 35
0.17 1 8 107 37
0.176667 1 6 97 33
0.183333 3 4 120 22
0.19 5 12 119 38
0.196667 3 8 117 31
0.203333 3 11 88 26
0.21 2 9 115 22
0.216667 6 5 102 38
0.223333 2 7 98 21
0.23 4 4 106 30
0.236667 3 8 113 28
0.243333 4 9 88 22
0.25 1 2 88 29
0.256667 4 11 78 22
0.263333 1 7 89 23
0.27 4 7 100 31
0.276667 4 8 79 26
0.283333 1 6 73 15
0.29 3 5 65 22
0.296667 0 13 74 21
0.303333 2 10 83 16
0.31 3 6 69 24
0.316667 1 4 68 23
0.323333 3 7 69 14
0.33 4 6 64 19
0.336667 2 5 60 22
0.343333 1 3 48 16
0.35 0 4 61 17
0.356667 2 8 73 27
0.363333 4 4 80 13
0.37 0 3 60 13
0.376667 0 6 62 12
0.383333 3 2 55 12
0.39 1 4 48 16
0.396667 2 7 59 14
0.403333 0 4 51 11
0.41 0 2 50 10
0.416667 5 1 56 21
0.423333 2 4 57 9
0.43 2 6 49 19
0.436667 2 4 38 14
0.443333 1 4 52 15
0.45 0 4 50 9
0.456667 1 12 52 16
0.463333 1 3 56 21
0.47 2 12 52 12
0.476667 0 3 48 12
0.483333 4 5 38 9
0.49 1 5 39 11
0.496667 1 6 46 9
0.503333 0 7 27 6
0.51 1 2 30 9
0.516667 0 2 26 4
0.523333 0 2 35 8
0.53 0 5 33 15
0.536667 1 3 27 7
0.543333 0 4 31 8
0.55 2 5 29 7
0.556667 2 3 40 7
0.563333 4 3 23 8
0.57 0 2 33 5
0.576667 3 1 25 6
0.583333 1 0 40 6
0.59 1 1 33 13
0.596667 0 1 27 6
0.603333 0 3 21 11
0.61 2 2 37 7
0.616667 0 4 27 14
0.623333 1 4 21 12
0.63 0 1 34 11
0.636667 1 3 31 6
0.643333 2 2 19 9
0.65 2 6 30 15
0.656667 0 3 24 10
0.663333 25 59 1823 337
0.67 0 0 0 0
0.676667 0 0 0 0
0.683333 0 0 0 0
0.69 0 0 0 0
0.696667 0 0 0 0
0.703333 0 0 0 0
0.71 0 0 0 0
0.716667 0 0 0 0
0.723333 0 0 0 0
0.73 0 0 0 0
0.736667 0 0 0 0
0.743333 0 0 0 0
0.75 0 0 0 0
0.756667 0 0 0 0
0.763333 0 0 0 0
0.77 0 0 0 0
0.776667 0 0 0 0
0.783333 0 0 0 0
0.79 0 0 0 0
0.796667 0 0 0 0
0.803333 0 0 0 0
0.81 0 0 0 0
0.816667 0 0 0 0
0.823333 0 0 0 0
0.83 0 0 0 0
0.836667 0 0 0 0
0.843333 0 0 0 0
0.85 0 0 0 0
0.856667 0 0 0 0
0.863333 0 0 0 0
0.87 0 0 0 0
0.876667 0 0 0 0
0.883333 0 0 0 0
0.89 0 0 0 0
0.896667 0 0 0 0
0.903333 0 0 0 0
0.91 0 0 0 0
0.916667 0 0 0 0
0.923333 0 0 0 0
0.93 0 0 0 0
0.936667 0 0 0 0
0.943333 0 0 0 0
0.95 0 0 0 0
0.956667 0 0 0 0
0.963333 0 0 0 0
0.97 0 0 0 0
0.976667 0 0 0 0
0.983333 0 0 0 0
0.99 0 0 0 0
0.996667 0 0 0 0
1.00333 0 0 0 0
1.01 0 0 0 0
1.01667 0 0 0 0
1.02333 0 0 0 0
1.03 0 0 0 0
1.03667 0 0 0 0
1.04333 0 0 0 0
1.05 0 0 0 0
1.05667 0 0 0 0
1.06333 0 0 0 0
1.07 0 0 0 0
1.07667 0 0 0 0
1.08333 0 0 0 0
1.09 0 0 0 0
1.09667 0 0 0 0
1.10333 0 0 0 0
1.11 0 0 0 0
1.11667 0 0 0 0
1.12333 0 0 0 0
1.13 0 0 0 0
1.13667 0 0 0 0
1.14333 0 0 0 0
1.15 0 0 0 0
1.15667 0 0 0 0
1.16333 0 0 0 0
1.17 0 0 0 0
1.17667 0 0 0 0
1.18333 0 0 0 0
1.19 0 0 0 0
1.19667 0 0 0 0
1.20333 0 0 0 0
1.21 0 0 0 0
1.21667 0 0 0 0
1.22333 0 0 0 0
1.23 0 0 0 0
1.23667 0 0 0 0
1.24333 0 0 0 0
1.25 0 0 0 0
1.25667 0 0 0 0
1.26333 0 0 0 0
1.27 0 0 0 0
1.27667 0 0 0 0
1.28333 0 0 0 0
1.29 0 0 0 0
1.29667 0 0 0 0
1.30333 0 0 0 0
1.31 0 0 0 0
1.31667 0 0 0 0
1.32333 0 0 0 0
1.33 0 0 0 0
1.33667 0 0 0 0
1.34333 0 0 0 0
1.35 0 0 0 0
1.35667 0 0 0 0
1.36333 0 0 0 0
1.37 0 0 0 0
1.37667 0 0 0 0
1.38333 0 0 0 0
1.39 0 0 0 0
1.39667 0 0 0 0
1.40333 0 0 0 0
1.41 0 0 0 0
1.41667 0 0 0 0
1.42333 0 0 0 0
1.43 0 0 0 0
1.43667 0 0 0 0
1.44333 0 0 0 0
1.45 0 0 0 0
1.45667 0 0 0 0
1.46333 0 0 0 0
1.47 0 0 0 0
1.47667 0 0 0 0
1.48333 0 0 0 0
1.49 0 0 0 0
1.49667 0 0 0 0
1.50333 0 0 0 0
1.51 0 0 0 0
1.51667 0 0 0 0
1.52333 0 0 0 0
1.53 0 0 0 0
1.53667 0 0 0 0
1.54333 0 0 0 0
1.55 0 0 0 0
1.55667 0 0 0 0
1.56333 0 0 0 0
1.57 0 0 0 0
1.57667 0 0 0 0
1.58333 0 0 0 0
1.59 0 0 0 0
1.59667 0 0 0 0
1.60333 0 0 0 0
1.61 0 0 0 0
1.61667 0 0 0 0
1.62333 0 0 0 0
1.63 0 0 0 0
1.63667 0 0 0 0
1.64333 0 0 0 0
1.65 0 0 0 0
1.65667 0 0 0 0
1.66333 0 0 0 0
1.67 0 0 0 0
1.67667 0 0 0 0
1.68333 0 0 0 0
1.69 0 0 0 0
1.69667 0 0 0 0
1.70333 0 0 0 0
1.71 0 0 0 0
1.71667 0 0 0 0
1.72333 0 0 0 0
1.73 0 0 0 0
1.73667 0 0 0 0
1.74333 0 0 0 0
1.75 0 0 0 0
1.75667 0 0 0 0
1.76333 0 0 0 0
1.77 0 0 0 0
1.77667 0 0 0 0
1.78333 0 0 0 0
1.79 0 0 0 0
1.79667 0 0 0 0
1.80333 0 0 0 0
1.81 0 0 0 0
1.81667 0 0 0 0
1.82333 0 0 0 0
1.83 0 0 0 0
1.83667 0 0 0 0
1.84333 0 0 0 0
1.85 0 0 0 0
1.85667 0 0 0 0
1.86333 0 0 0 0
1.87 0 0 0 0
1.87667 0 0 0 0
1.88333 0 0 0 0
1.89 0 0 0 0
1.89667 0 0 0 0
1.90333 0 0 0 0
1.91 0 0 0 0
1.91667 0 0 0 0
1.92333 0 0 0 0
1.93 0 0 0 0
1.93667 0 0 0 0
1.94333 0 0 0 0
1.95 0 0 0 0
1.95667 0 0 0 0
1.96333 0 0 0 0
1.97 0 0 0 0
1.97667 0 0 0 0
1.98333 0 0 0 0
1.99 0 0 0 0
1.99667 0 0 0 0
