0.00333333 59 18 4 2
0.01 75 19 1 1
0.0166667 69 21 3 2
0.0233333 69 19 1 2
0.03 64 30 2 0
0.0366667 83 42 1 3
0.0433333 80 39 4 1
0.05 111 57 4 1
0.0566667 109 77 7 2
0.0633333 117 70 4 4
0.07 148 53 9 1
0.0766667 146 63 10 8
0.0833333 148 81 7 4
0.09 135 92 5 3
0.0966667 137 76 7 4
0.103333 170 65 3 1
0.11 160 66 8 7
0.116667 178 73 7 5
0.123333 159 78 8 4
0.13 176 52 6 4
0.136667 173 55 3 3
0.143333 148 44 7 5
0.15 128 66 7 9
0.156667 148 47 6 2
0.163333 158 40 3 4
0.17 132 42 7 7
0.176667 129 53 1 5
0.183333 148 29 4 2
0.19 152 38 7 5
0.196667 151 45 3 4
0.203333 164 41 4 9
0.21 153 46 4 8
0.216667 138 44 5 2
0.223333 137 37 6 11
0.23 144 42 4 7
0.236667 121 38 3 8
0.243333 121 35 4 2
0.25 115 39 3 4
0.256667 123 42 5 3
0.263333 110 32 2 2
0.27 117 38 1 2
0.276667 86 25 6 5
0.283333 102 34 4 1
0.29 104 33 2 1
0.296667 94 23 6 0
0.303333 102 26 4 4
0.31 92 32 5 6
0.316667 67 31 2 3
0.323333 79 33 1 2
0.33 102 27 3 5
0.336667 83 29 2 2
0.343333 74 34 2 2
0.35 77 27 4 2
0.356667 91 24 3 4
0.363333 81 25 4 0
0.37 78 26 6 2
0.376667 75 27 1 2
0.383333 78 23 4 0
0.39 75 21 0 4
0.396667 72 23 2 4
0.403333 77 26 7 2
0.41 71 31 1 3
0.416667 61 18 3 3
0.423333 69 13 1 3
0.43 67 11 2 0
0.436667 73 22 3 1
0.443333 69 24 3 2
0.45 49 17 1 3
0.456667 64 23 1 3
0.463333 66 17 3 3
0.47 64 19 1 4
0.476667 50 17 2 4
0.483333 49 14 4 1
0.49 48 16 1 1
0.496667 39 12 2 1
0.503333 22 12 3 1
0.51 40 16 1 2
0.516667 35 8 2 2
0.523333 40 18 1 2
0.53 37 15 2 0
0.536667 32 15 2 3
0.543333 28 11 3 0
0.55 38 15 3 3
0.556667 29 13 1 3
0.563333 39 10 0 2
0.57 29 4 1 0
0.576667 40 14 1 2
0.583333 34 12 1 0
0.59 25 14 0 1
0.596667 27 12 1 1
0.603333 23 11 2 3
0.61 23 11 3 3
0.616667 35 12 1 2
0.623333 23 8 2 2
0.63 26 6 3 1
0.636667 34 7 2 1
0.643333 19 10 1 3
0.65 25 13 1 1
0.656667 19 11 0 3
0.663333 2497 346 31 60
0.67 0 0 0 0
0.676667 0 0 0 0
0.683333 0 0 0 0
0.69 0 0 0 0
0.696667 0 0 0 0
0.703333 0 0 0 0
0.71 0 0 0 0
0.716667 0 0 0 0
0.723333 0 0 0 0
0.73 0 0 0 0
0.736667 0 0 0 0
0.743333 0 0 0 0
0.75 0 0 0 0
0.756667 0 0 0 0
0.763333 0 0 0 0
0.77 0 0 0 0
0.776667 0 0 0 0
0.783333 0 0 0 0
0.79 0 0 0 0
0.796667 0 0 0 0
0.803333 0 0 0 0
0.81 0 0 0 0
0.816667 0 0 0 0
0.823333 0 0 0 0
0.83 0 0 0 0
0.836667 0 0 0 0
0.843333 0 0 0 0
0.85 0 0 0 0
0.856667 0 0 0 0
0.863333 0 0 0 0
0.87 0 0 0 0
0.876667 0 0 0 0
0.883333 0 0 0 0
0.89 0 0 0 0
0.896667 0 0 0 0
0.903333 0 0 0 0
0.91 0 0 0 0
0.916667 0 0 0 0
0.923333 0 0 0 0
0.93 0 0 0 0
0.936667 0 0 0 0
0.943333 0 0 0 0
0.95 0 0 0 0
0.956667 0 0 0 0
0.963333 0 0 0 0
0.97 0 0 0 0
0.976667 0 0 0 0
0.983333 0 0 0 0
0.99 0 0 0 0
0.996667 0 0 0 0
1.00333 0 0 0 0
1.01 0 0 0 0
1.01667 0 0 0 0
1.02333 0 0 0 0
1.03 0 0 0 0
1.03667 0 0 0 0
1.04333 0 0 0 0
1.05 0 0 0 0
1.05667 0 0 0 0
1.06333 0 0 0 0
1.07 0 0 0 0
1.07667 0 0 0 0
1.08333 0 0 0 0
1.09 0 0 0 0
1.09667 0 0 0 0
1.10333 0 0 0 0
1.11 0 0 0 0
1.11667 0 0 0 0
1.12333 0 0 0 0
1.13 0 0 0 0
1.13667 0 0 0 0
1.14333 0 0 0 0
1.15 0 0 0 0
1.15667 0 0 0 0
1.16333 0 0 0 0
1.17 0 0 0 0
1.17667 0 0 0 0
1.18333 0 0 0 0
1.19 0 0 0 0
1.19667 0 0 0 0
1.20333 0 0 0 0
1.21 0 0 0 0
1.21667 0 0 0 0
1.22333 0 0 0 0
1.23 0 0 0 0
1.23667 0 0 0 0
1.24333 0 0 0 0
1.25 0 0 0 0
1.25667 0 0 0 0
1.26333 0 0 0 0
1.27 0 0 0 0
1.27667 0 0 0 0
1.28333 0 0 0 0
1.29 0 0 0 0
1.29667 0 0 0 0
1.30333 0 0 0 0
1.31 0 0 0 0
1.31667 0 0 0 0
1.32333 0 0 0 0
1.33 0 0 0 0
1.33667 0 0 0 0
1.34333 0 0 0 0
1.35 0 0 0 0
1.35667 0 0 0 0
1.36333 0 0 0 0
1.37 0 0 0 0
1.37667 0 0 0 0
1.38333 0 0 0 0
1.39 0 0 0 0
1.39667 0 0 0 0
1.40333 0 0 0 0
1.41 0 0 0 0
1.41667 0 0 0 0
1.42333 0 0 0 0
1.43 0 0 0 0
1.43667 0 0 0 0
1.44333 0 0 0 0
1.45 0 0 0 0
1.45667 0 0 0 0
1.46333 0 0 0 0
1.47 0 0 0 0
1.47667 0 0 0 0
1.48333 0 0 0 0
1.49 0 0 0 0
1.49667 0 0 0 0
1.50333 0 0 0 0
1.51 0 0 0 0
1.51667 0 0 0 0
1.52333 0 0 0 0
1.53 0 0 0 0
1.53667 0 0 0 0
1.54333 0 0 0 0
1.55 0 0 0 0
1.55667 0 0 0 0
1.56333 0 0 0 0
1.57 0 0 0 0
1.57667 0 0 0 0
1.58333 0 0 0 0
1.59 0 0 0 0
1.59667 0 0 0 0
1.60333 0 0 0 0
1.61 0 0 0 0
1.61667 0 0 0 0
1.62333 0 0 0 0
1.63 0 0 0 0
1.63667 0 0 0 0
1.64333 0 0 0 0
1.65 0 0 0 0
1.65667 0 0 0 0
1.66333 0 0 0 0
1.67 0 0 0 0
1.67667 0 0 0 0
1.68333 0 0 0 0
1.69 0 0 0 0
1.69667 0 0 0 0
1.70333 0 0 0 0
1.71 0 0 0 0
1.71667 0 0 0 0
1.72333 0 0 0 0
1.73 0 0 0 0
1.73667 0 0 0 0
1.74333 0 0 0 0
1.75 0 0 0 0
1.75667 0 0 0 0
1.76333 0 0 0 0
1.77 0 0 0 0
1.77667 0 0 0 0
1.78333 0 0 0 0
1.79 0 0 0 0
1.79667 0 0 0 0
1.80333 0 0 0 0
1.81 0 0 0 0
1.81667 0 0 0 0
1.82333 0 0 0 0
1.83 0 0 0 0
1.83667 0 0 0 0
1.84333 0 0 0 0
1.85 0 0 0 0
1.85667 0 0 0 0
1.86333 0 0 0 0
1.87 0 0 0 0
1.87667 0 0 0 0
1.88333 0 0 0 0
1.89 0 0 0 0
1.89667 0 0 0 0
1.90333 0 0 0 0
1.91 0 0 0 0
1.91667 0 0 0 0
1.92333 0 0 0 0
1.93 0 0 0 0
1.93667 0 0 0 0
1.94333 0 0 0 0
1.95 0 0 0 0
1.95667 0 0 0 0
1.96333 0 0 0 0
1.97 0 0 0 0
1.97667 0 0 0 0
1.98333 0 0 0 0
1.99 0 0 0 0
1.99667 0 0 0 0
