0.00333333 2 9 59 16
0.01 1 11 63 22
0.0166667 1 9 77 36
0.0233333 6 11 76 39
0.03 1 9 73 40
0.0366667 0 9 97 45
0.0433333 1 14 138 56
0.05 5 17 141 89
0.0566667 2 22 194 80
0.0633333 3 33 202 94
0.07 5 19 198 99
0.0766667 7 22 208 99
0.0833333 2 23 226 126
0.09 4 24 253 105
0.0966667 6 28 232 110
0.103333 7 22 265 101
0.11 4 29 224 114
0.116667 4 31 236 114
0.123333 2 26 218 94
0.13 0 33 224 95
0.136667 4 27 197 98
0.143333 7 22 192 88
0.15 2 22 188 76
0.156667 2 28 213 80
0.163333 1 23 164 65
0.17 4 22 189 73
0.176667 3 19 188 89
0.183333 3 31 179 77
0.19 5 37 179 59
0.196667 3 33 165 76
0.203333 3 22 190 56
0.21 6 26 157 62
0.216667 1 19 156 70
0.223333 1 31 157 63
0.23 3 19 169 78
0.236667 4 23 132 53
0.243333 1 21 131 60
0.25 4 18 133 54
0.256667 2 14 124 55
0.263333 1 19 122 53
0.27 1 16 102 49
0.276667 3 10 127 49
0.283333 1 17 111 53
0.29 0 19 114 35
0.296667 2 15 119 43
0.303333 1 18 101 51
0.31 2 17 100 49
0.316667 4 12 69 42
0.323333 1 16 77 39
0.33 0 12 95 38
0.336667 0 14 93 36
0.343333 6 11 80 33
0.35 3 11 88 40
0.356667 3 14 74 25
0.363333 1 13 78 39
0.37 1 6 85 35
0.376667 2 12 98 37
0.383333 1 14 73 34
0.39 0 13 86 35
0.396667 0 10 79 47
0.403333 1 11 82 20
0.41 2 14 81 27
0.416667 2 13 71 38
0.423333 0 9 68 35
0.43 3 9 70 34
0.436667 1 11 61 30
0.443333 4 9 43 27
0.45 4 13 63 27
0.456667 2 10 73 31
0.463333 3 14 75 31
0.47 3 8 82 23
0.476667 0 16 49 30
0.483333 0 7 50 21
0.49 0 5 48 25
0.496667 1 7 61 19
0.503333 0 10 33 20
0.51 1 9 40 20
0.516667 1 5 49 21
0.523333 1 5 41 19
0.53 1 9 38 28
0.536667 0 8 32 9
0.543333 1 6 25 21
0.55 0 7 33 15
0.556667 2 4 43 17
0.563333 0 8 38 22
0.57 1 5 36 15
0.576667 1 4 30 20
0.583333 1 9 40 21
0.59 0 6 35 19
0.596667 0 5 33 13
0.603333 1 9 28 11
0.61 1 2 29 21
0.616667 0 8 28 24
0.623333 1 5 18 21
0.63 2 1 33 17
0.636667 1 4 50 19
0.643333 1 5 24 18
0.65 1 2 35 12
0.656667 0 7 19 16
0.663333 15 326 2010 657
0.67 0 0 0 0
0.676667 0 0 0 0
0.683333 0 0 0 0
0.69 0 0 0 0
0.696667 0 0 0 0
0.703333 0 0 0 0
0.71 0 0 0 0
0.716667 0 0 0 0
0.723333 0 0 0 0
0.73 0 0 0 0
0.736667 0 0 0 0
0.743333 0 0 0 0
0.75 0 0 0 0
0.756667 0 0 0 0
0.763333 0 0 0 0
0.77 0 0 0 0
0.776667 0 0 0 0
0.783333 0 0 0 0
0.79 0 0 0 0
0.796667 0 0 0 0
0.803333 0 0 0 0
0.81 0 0 0 0
0.816667 0 0 0 0
0.823333 0 0 0 0
0.83 0 0 0 0
0.836667 0 0 0 0
0.843333 0 0 0 0
0.85 0 0 0 0
0.856667 0 0 0 0
0.863333 0 0 0 0
0.87 0 0 0 0
0.876667 0 0 0 0
0.883333 0 0 0 0
0.89 0 0 0 0
0.896667 0 0 0 0
0.903333 0 0 0 0
0.91 0 0 0 0
0.916667 0 0 0 0
0.923333 0 0 0 0
0.93 0 0 0 0
0.936667 0 0 0 0
0.943333 0 0 0 0
0.95 0 0 0 0
0.956667 0 0 0 0
0.963333 0 0 0 0
0.97 0 0 0 0
0.976667 0 0 0 0
0.983333 0 0 0 0
0.99 0 0 0 0
0.996667 0 0 0 0
1.00333 0 0 0 0
1.01 0 0 0 0
1.01667 0 0 0 0
1.02333 0 0 0 0
1.03 0 0 0 0
1.03667 0 0 0 0
1.04333 0 0 0 0
1.05 0 0 0 0
1.05667 0 0 0 0
1.06333 0 0 0 0
1.07 0 0 0 0
1.07667 0 0 0 0
1.08333 0 0 0 0
1.09 0 0 0 0
1.09667 0 0 0 0
1.10333 0 0 0 0
1.11 0 0 0 0
1.11667 0 0 0 0
1.12333 0 0 0 0
1.13 0 0 0 0
1.13667 0 0 0 0
1.14333 0 0 0 0
1.15 0 0 0 0
1.15667 0 0 0 0
1.16333 0 0 0 0
1.17 0 0 0 0
1.17667 0 0 0 0
1.18333 0 0 0 0
1.19 0 0 0 0
1.19667 0 0 0 0
1.20333 0 0 0 0
1.21 0 0 0 0
1.21667 0 0 0 0
1.22333 0 0 0 0
1.23 0 0 0 0
1.23667 0 0 0 0
1.24333 0 0 0 0
1.25 0 0 0 0
1.25667 0 0 0 0
1.26333 0 0 0 0
1.27 0 0 0 0
1.27667 0 0 0 0
1.28333 0 0 0 0
1.29 0 0 0 0
1.29667 0 0 0 0
1.30333 0 0 0 0
1.31 0 0 0 0
1.31667 0 0 0 0
1.32333 0 0 0 0
1.33 0 0 0 0
1.33667 0 0 0 0
1.34333 0 0 0 0
1.35 0 0 0 0
1.35667 0 0 0 0
1.36333 0 0 0 0
1.37 0 0 0 0
1.37667 0 0 0 0
1.38333 0 0 0 0
1.39 0 0 0 0
1.39667 0 0 0 0
1.40333 0 0 0 0
1.41 0 0 0 0
1.41667 0 0 0 0
1.42333 0 0 0 0
1.43 0 0 0 0
1.43667 0 0 0 0
1.44333 0 0 0 0
1.45 0 0 0 0
1.45667 0 0 0 0
1.46333 0 0 0 0
1.47 0 0 0 0
1.47667 0 0 0 0
1.48333 0 0 0 0
1.49 0 0 0 0
1.49667 0 0 0 0
1.50333 0 0 0 0
1.51 0 0 0 0
1.51667 0 0 0 0
1.52333 0 0 0 0
1.53 0 0 0 0
1.53667 0 0 0 0
1.54333 0 0 0 0
1.55 0 0 0 0
1.55667 0 0 0 0
1.56333 0 0 0 0
1.57 0 0 0 0
1.57667 0 0 0 0
1.58333 0 0 0 0
1.59 0 0 0 0
1.59667 0 0 0 0
1.60333 0 0 0 0
1.61 0 0 0 0
1.61667 0 0 0 0
1.62333 0 0 0 0
1.63 0 0 0 0
1.63667 0 0 0 0
1.64333 0 0 0 0
1.65 0 0 0 0
1.65667 0 0 0 0
1.66333 0 0 0 0
1.67 0 0 0 0
1.67667 0 0 0 0
1.68333 0 0 0 0
1.69 0 0 0 0
1.69667 0 0 0 0
1.70333 0 0 0 0
1.71 0 0 0 0
1.71667 0 0 0 0
1.72333 0 0 0 0
1.73 0 0 0 0
1.73667 0 0 0 0
1.74333 0 0 0 0
1.75 0 0 0 0
1.75667 0 0 0 0
1.76333 0 0 0 0
1.77 0 0 0 0
1.77667 0 0 0 0
1.78333 0 0 0 0
1.79 0 0 0 0
1.79667 0 0 0 0
1.80333 0 0 0 0
1.81 0 0 0 0
1.81667 0 0 0 0
1.82333 0 0 0 0
1.83 0 0 0 0
1.83667 0 0 0 0
1.84333 0 0 0 0
1.85 0 0 0 0
1.85667 0 0 0 0
1.86333 0 0 0 0
1.87 0 0 0 0
1.87667 0 0 0 0
1.88333 0 0 0 0
1.89 0 0 0 0
1.89667 0 0 0 0
1.90333 0 0 0 0
1.91 0 0 0 0
1.91667 0 0 0 0
1.92333 0 0 0 0
1.93 0 0 0 0
1.93667 0 0 0 0
1.94333 0 0 0 0
1.95 0 0 0 0
1.95667 0 0 0 0
1.96333 0 0 0 0
1.97 0 0 0 0
1.97667 0 0 0 0
1.98333 0 0 0 0
1.99 0 0 0 0
1.99667 0 0 0 0
