0.00333333 2 15 103 4
0.01 0 21 97 5
0.0166667 2 23 78 6
0.0233333 1 18 99 14
0.03 2 23 109 12
0.0366667 1 23 133 8
0.0433333 2 18 125 12
0.05 1 31 142 22
0.0566667 2 24 152 17
0.0633333 4 28 133 17
0.07 2 27 167 29
0.0766667 5 25 166 25
0.0833333 1 41 175 28
0.09 6 33 171 38
0.0966667 4 32 182 22
0.103333 1 42 157 24
0.11 6 30 177 23
0.116667 2 31 186 28
0.123333 3 36 205 19
0.13 4 31 185 19
0.136667 1 35 204 19
0.143333 6 40 161 19
0.15 0 42 183 15
0.156667 1 35 199 14
0.163333 4 42 160 13
0.17 1 36 184 9
0.176667 2 37 163 21
0.183333 2 49 197 11
0.19 1 47 183 20
0.196667 0 46 204 15
0.203333 2 46 222 21
0.21 6 45 220 14
0.216667 2 40 215 14
0.223333 0 33 197 16
0.23 3 49 207 15
0.236667 3 26 203 15
0.243333 3 37 176 12
0.25 0 39 168 7
0.256667 2 34 178 8
0.263333 0 34 153 13
0.27 0 26 161 10
0.276667 1 20 145 14
0.283333 0 32 149 13
0.29 2 29 139 10
0.296667 2 28 131 12
0.303333 2 30 129 14
0.31 1 23 131 14
0.316667 2 27 142 12
0.323333 1 26 137 11
0.33 2 31 139 12
0.336667 2 23 132 6
0.343333 1 20 136 16
0.35 0 26 126 8
0.356667 2 38 106 11
0.363333 1 25 119 12
0.37 2 27 120 10
0.376667 0 24 112 9
0.383333 1 24 117 9
0.39 0 27 118 14
0.396667 2 29 115 9
0.403333 0 20 118 10
0.41 0 23 104 6
0.416667 0 22 100 10
0.423333 2 25 116 7
0.43 1 25 112 7
0.436667 2 29 116 9
0.443333 3 23 133 5
0.45 3 31 116 7
0.456667 1 29 125 13
0.463333 2 25 124 1
0.47 0 26 110 6
0.476667 0 18 95 8
0.483333 2 16 51 6
0.49 1 13 56 4
0.496667 1 15 49 7
0.503333 0 13 53 3
0.51 0 10 54 5
0.516667 0 14 52 6
0.523333 1 7 38 5
0.53 0 7 36 6
0.536667 0 7 37 7
0.543333 0 15 45 5
0.55 2 8 41 6
0.556667 0 7 40 1
0.563333 0 10 47 5
0.57 2 8 43 4
0.576667 0 9 40 3
0.583333 0 11 47 4
0.59 0 4 42 11
0.596667 1 8 37 5
0.603333 1 3 38 5
0.61 1 7 33 9
0.616667 2 5 32 10
0.623333 0 6 33 6
0.63 1 2 33 4
0.636667 1 9 48 1
0.643333 0 1 33 4
0.65 2 4 25 8
0.656667 1 2 38 3
0.663333 17 1294 5433 150
0.67 0 0 0 0
0.676667 0 0 0 0
0.683333 0 0 0 0
0.69 0 0 0 0
0.696667 0 0 0 0
0.703333 0 0 0 0
0.71 0 0 0 0
0.716667 0 0 0 0
0.723333 0 0 0 0
0.73 0 0 0 0
0.736667 0 0 0 0
0.743333 0 0 0 0
0.75 0 0 0 0
0.756667 0 0 0 0
0.763333 0 0 0 0
0.77 0 0 0 0
0.776667 0 0 0 0
0.783333 0 0 0 0
0.79 0 0 0 0
0.796667 0 0 0 0
0.803333 0 0 0 0
0.81 0 0 0 0
0.816667 0 0 0 0
0.823333 0 0 0 0
0.83 0 0 0 0
0.836667 0 0 0 0
0.843333 0 0 0 0
0.85 0 0 0 0
0.856667 0 0 0 0
0.863333 0 0 0 0
0.87 0 0 0 0
0.876667 0 0 0 0
0.883333 0 0 0 0
0.89 0 0 0 0
0.896667 0 0 0 0
0.903333 0 0 0 0
0.91 0 0 0 0
0.916667 0 0 0 0
0.923333 0 0 0 0
0.93 0 0 0 0
0.936667 0 0 0 0
0.943333 0 0 0 0
0.95 0 0 0 0
0.956667 0 0 0 0
0.963333 0 0 0 0
0.97 0 0 0 0
0.976667 0 0 0 0
0.983333 0 0 0 0
0.99 0 0 0 0
0.996667 0 0 0 0
1.00333 0 0 0 0
1.01 0 0 0 0
1.01667 0 0 0 0
1.02333 0 0 0 0
1.03 0 0 0 0
1.03667 0 0 0 0
1.04333 0 0 0 0
1.05 0 0 0 0
1.05667 0 0 0 0
1.06333 0 0 0 0
1.07 0 0 0 0
1.07667 0 0 0 0
1.08333 0 0 0 0
1.09 0 0 0 0
1.09667 0 0 0 0
1.10333 0 0 0 0
1.11 0 0 0 0
1.11667 0 0 0 0
1.12333 0 0 0 0
1.13 0 0 0 0
1.13667 0 0 0 0
1.14333 0 0 0 0
1.15 0 0 0 0
1.15667 0 0 0 0
1.16333 0 0 0 0
1.17 0 0 0 0
1.17667 0 0 0 0
1.18333 0 0 0 0
1.19 0 0 0 0
1.19667 0 0 0 0
1.20333 0 0 0 0
1.21 0 0 0 0
1.21667 0 0 0 0
1.22333 0 0 0 0
1.23 0 0 0 0
1.23667 0 0 0 0
1.24333 0 0 0 0
1.25 0 0 0 0
1.25667 0 0 0 0
1.26333 0 0 0 0
1.27 0 0 0 0
1.27667 0 0 0 0
1.28333 0 0 0 0
1.29 0 0 0 0
1.29667 0 0 0 0
1.30333 0 0 0 0
1.31 0 0 0 0
1.31667 0 0 0 0
1.32333 0 0 0 0
1.33 0 0 0 0
1.33667 0 0 0 0
1.34333 0 0 0 0
1.35 0 0 0 0
1.35667 0 0 0 0
1.36333 0 0 0 0
1.37 0 0 0 0
1.37667 0 0 0 0
1.38333 0 0 0 0
1.39 0 0 0 0
1.39667 0 0 0 0
1.40333 0 0 0 0
1.41 0 0 0 0
1.41667 0 0 0 0
1.42333 0 0 0 0
1.43 0 0 0 0
1.43667 0 0 0 0
1.44333 0 0 0 0
1.45 0 0 0 0
1.45667 0 0 0 0
1.46333 0 0 0 0
1.47 0 0 0 0
1.47667 0 0 0 0
1.48333 0 0 0 0
1.49 0 0 0 0
1.49667 0 0 0 0
1.50333 0 0 0 0
1.51 0 0 0 0
1.51667 0 0 0 0
1.52333 0 0 0 0
1.53 0 0 0 0
1.53667 0 0 0 0
1.54333 0 0 0 0
1.55 0 0 0 0
1.55667 0 0 0 0
1.56333 0 0 0 0
1.57 0 0 0 0
1.57667 0 0 0 0
1.58333 0 0 0 0
1.59 0 0 0 0
1.59667 0 0 0 0
1.60333 0 0 0 0
1.61 0 0 0 0
1.61667 0 0 0 0
1.62333 0 0 0 0
1.63 0 0 0 0
1.63667 0 0 0 0
1.64333 0 0 0 0
1.65 0 0 0 0
1.65667 0 0 0 0
1.66333 0 0 0 0
1.67 0 0 0 0
1.67667 0 0 0 0
1.68333 0 0 0 0
1.69 0 0 0 0
1.69667 0 0 0 0
1.70333 0 0 0 0
1.71 0 0 0 0
1.71667 0 0 0 0
1.72333 0 0 0 0
1.73 0 0 0 0
1.73667 0 0 0 0
1.74333 0 0 0 0
1.75 0 0 0 0
1.75667 0 0 0 0
1.76333 0 0 0 0
1.77 0 0 0 0
1.77667 0 0 0 0
1.78333 0 0 0 0
1.79 0 0 0 0
1.79667 0 0 0 0
1.80333 0 0 0 0
1.81 0 0 0 0
1.81667 0 0 0 0
1.82333 0 0 0 0
1.83 0 0 0 0
1.83667 0 0 0 0
1.84333 0 0 0 0
1.85 0 0 0 0
1.85667 0 0 0 0
1.86333 0 0 0 0
1.87 0 0 0 0
1.87667 0 0 0 0
1.88333 0 0 0 0
1.89 0 0 0 0
1.89667 0 0 0 0
1.90333 0 0 0 0
1.91 0 0 0 0
1.91667 0 0 0 0
1.92333 0 0 0 0
1.93 0 0 0 0
1.93667 0 0 0 0
1.94333 0 0 0 0
1.95 0 0 0 0
1.95667 0 0 0 0
1.96333 0 0 0 0
1.97 0 0 0 0
1.97667 0 0 0 0
1.98333 0 0 0 0
1.99 0 0 0 0
1.99667 0 0 0 0
