0.00333333 3 14 107 4
0.01 4 15 143 5
0.0166667 0 24 138 7
0.0233333 1 22 114 6
0.03 4 19 135 9
0.0366667 5 28 155 14
0.0433333 2 33 183 13
0.05 3 29 194 16
0.0566667 4 41 209 34
0.0633333 7 44 214 20
0.07 6 44 260 23
0.0766667 3 54 247 23
0.0833333 3 44 237 11
0.09 5 38 279 25
0.0966667 1 49 228 19
0.103333 6 38 225 29
0.11 5 44 302 22
0.116667 6 58 325 21
0.123333 7 50 305 16
0.13 5 41 300 25
0.136667 5 38 324 16
0.143333 5 48 296 15
0.15 4 28 271 19
0.156667 8 33 329 16
0.163333 3 47 270 17
0.17 6 29 275 19
0.176667 7 36 293 11
0.183333 1 32 332 19
0.19 2 48 430 17
0.196667 2 43 448 15
0.203333 4 41 397 19
0.21 3 34 356 16
0.216667 3 31 340 10
0.223333 2 36 315 16
0.23 1 36 296 16
0.236667 4 31 241 15
0.243333 3 33 250 16
0.25 3 27 243 11
0.256667 4 29 214 13
0.263333 0 30 214 12
0.27 3 32 183 13
0.276667 1 22 211 6
0.283333 2 29 182 9
0.29 4 20 167 11
0.296667 4 25 157 5
0.303333 0 24 172 7
0.31 3 24 176 11
0.316667 2 19 142 10
0.323333 0 18 137 8
0.33 5 16 134 6
0.336667 3 26 149 7
0.343333 0 22 135 13
0.35 2 27 151 7
0.356667 1 19 148 8
0.363333 1 22 141 13
0.37 0 27 129 11
0.376667 1 9 144 11
0.383333 6 24 139 8
0.39 1 21 138 5
0.396667 2 23 121 9
0.403333 3 15 114 8
0.41 1 22 146 9
0.416667 3 18 129 9
0.423333 4 15 120 9
0.43 3 16 104 5
0.436667 4 25 116 6
0.443333 1 18 125 10
0.45 0 11 117 4
0.456667 0 16 115 9
0.463333 3 18 141 11
0.47 2 14 134 6
0.476667 1 13 113 9
0.483333 1 14 78 2
0.49 2 14 65 4
0.496667 1 14 52 5
0.503333 1 13 49 4
0.51 0 11 46 5
0.516667 3 8 50 5
0.523333 2 11 45 8
0.53 2 5 37 8
0.536667 2 12 37 5
0.543333 0 9 36 2
0.55 1 7 41 5
0.556667 1 15 28 9
0.563333 0 9 32 1
0.57 1 10 32 5
0.576667 2 16 42 2
0.583333 1 8 32 3
0.59 1 10 35 3
0.596667 3 10 36 9
0.603333 1 9 29 5
0.61 0 7 28 3
0.616667 0 9 26 2
0.623333 0 9 33 1
0.63 1 9 49 4
0.636667 0 13 51 2
0.643333 0 10 23 3
0.65 2 10 24 5
0.656667 1 13 29 4
0.663333 21 505 6643 92
0.67 0 0 0 0
0.676667 0 0 0 0
0.683333 0 0 0 0
0.69 0 0 0 0
0.696667 0 0 0 0
0.703333 0 0 0 0
0.71 0 0 0 0
0.716667 0 0 0 0
0.723333 0 0 0 0
0.73 0 0 0 0
0.736667 0 0 0 0
0.743333 0 0 0 0
0.75 0 0 0 0
0.756667 0 0 0 0
0.763333 0 0 0 0
0.77 0 0 0 0
0.776667 0 0 0 0
0.783333 0 0 0 0
0.79 0 0 0 0
0.796667 0 0 0 0
0.803333 0 0 0 0
0.81 0 0 0 0
0.816667 0 0 0 0
0.823333 0 0 0 0
0.83 0 0 0 0
0.836667 0 0 0 0
0.843333 0 0 0 0
0.85 0 0 0 0
0.856667 0 0 0 0
0.863333 0 0 0 0
0.87 0 0 0 0
0.876667 0 0 0 0
0.883333 0 0 0 0
0.89 0 0 0 0
0.896667 0 0 0 0
0.903333 0 0 0 0
0.91 0 0 0 0
0.916667 0 0 0 0
0.923333 0 0 0 0
0.93 0 0 0 0
0.936667 0 0 0 0
0.943333 0 0 0 0
0.95 0 0 0 0
0.956667 0 0 0 0
0.963333 0 0 0 0
0.97 0 0 0 0
0.976667 0 0 0 0
0.983333 0 0 0 0
0.99 0 0 0 0
0.996667 0 0 0 0
1.00333 0 0 0 0
1.01 0 0 0 0
1.01667 0 0 0 0
1.02333 0 0 0 0
1.03 0 0 0 0
1.03667 0 0 0 0
1.04333 0 0 0 0
1.05 0 0 0 0
1.05667 0 0 0 0
1.06333 0 0 0 0
1.07 0 0 0 0
1.07667 0 0 0 0
1.08333 0 0 0 0
1.09 0 0 0 0
1.09667 0 0 0 0
1.10333 0 0 0 0
1.11 0 0 0 0
1.11667 0 0 0 0
1.12333 0 0 0 0
1.13 0 0 0 0
1.13667 0 0 0 0
1.14333 0 0 0 0
1.15 0 0 0 0
1.15667 0 0 0 0
1.16333 0 0 0 0
1.17 0 0 0 0
1.17667 0 0 0 0
1.18333 0 0 0 0
1.19 0 0 0 0
1.19667 0 0 0 0
1.20333 0 0 0 0
1.21 0 0 0 0
1.21667 0 0 0 0
1.22333 0 0 0 0
1.23 0 0 0 0
1.23667 0 0 0 0
1.24333 0 0 0 0
1.25 0 0 0 0
1.25667 0 0 0 0
1.26333 0 0 0 0
1.27 0 0 0 0
1.27667 0 0 0 0
1.28333 0 0 0 0
1.29 0 0 0 0
1.29667 0 0 0 0
1.30333 0 0 0 0
1.31 0 0 0 0
1.31667 0 0 0 0
1.32333 0 0 0 0
1.33 0 0 0 0
1.33667 0 0 0 0
1.34333 0 0 0 0
1.35 0 0 0 0
1.35667 0 0 0 0
1.36333 0 0 0 0
1.37 0 0 0 0
1.37667 0 0 0 0
1.38333 0 0 0 0
1.39 0 0 0 0
1.39667 0 0 0 0
1.40333 0 0 0 0
1.41 0 0 0 0
1.41667 0 0 0 0
1.42333 0 0 0 0
1.43 0 0 0 0
1.43667 0 0 0 0
1.44333 0 0 0 0
1.45 0 0 0 0
1.45667 0 0 0 0
1.46333 0 0 0 0
1.47 0 0 0 0
1.47667 0 0 0 0
1.48333 0 0 0 0
1.49 0 0 0 0
1.49667 0 0 0 0
1.50333 0 0 0 0
1.51 0 0 0 0
1.51667 0 0 0 0
1.52333 0 0 0 0
1.53 0 0 0 0
1.53667 0 0 0 0
1.54333 0 0 0 0
1.55 0 0 0 0
1.55667 0 0 0 0
1.56333 0 0 0 0
1.57 0 0 0 0
1.57667 0 0 0 0
1.58333 0 0 0 0
1.59 0 0 0 0
1.59667 0 0 0 0
1.60333 0 0 0 0
1.61 0 0 0 0
1.61667 0 0 0 0
1.62333 0 0 0 0
1.63 0 0 0 0
1.63667 0 0 0 0
1.64333 0 0 0 0
1.65 0 0 0 0
1.65667 0 0 0 0
1.66333 0 0 0 0
1.67 0 0 0 0
1.67667 0 0 0 0
1.68333 0 0 0 0
1.69 0 0 0 0
1.69667 0 0 0 0
1.70333 0 0 0 0
1.71 0 0 0 0
1.71667 0 0 0 0
1.72333 0 0 0 0
1.73 0 0 0 0
1.73667 0 0 0 0
1.74333 0 0 0 0
1.75 0 0 0 0
1.75667 0 0 0 0
1.76333 0 0 0 0
1.77 0 0 0 0
1.77667 0 0 0 0
1.78333 0 0 0 0
1.79 0 0 0 0
1.79667 0 0 0 0
1.80333 0 0 0 0
1.81 0 0 0 0
1.81667 0 0 0 0
1.82333 0 0 0 0
1.83 0 0 0 0
1.83667 0 0 0 0
1.84333 0 0 0 0
1.85 0 0 0 0
1.85667 0 0 0 0
1.86333 0 0 0 0
1.87 0 0 0 0
1.87667 0 0 0 0
1.88333 0 0 0 0
1.89 0 0 0 0
1.89667 0 0 0 0
1.90333 0 0 0 0
1.91 0 0 0 0
1.91667 0 0 0 0
1.92333 0 0 0 0
1.93 0 0 0 0
1.93667 0 0 0 0
1.94333 0 0 0 0
1.95 0 0 0 0
1.95667 0 0 0 0
1.96333 0 0 0 0
1.97 0 0 0 0
1.97667 0 0 0 0
1.98333 0 0 0 0
1.99 0 0 0 0
1.99667 0 0 0 0
