0.00333333 57 21 3 1
0.01 59 30 3 0
0.0166667 76 31 5 0
0.0233333 78 44 2 0
0.03 85 43 5 1
0.0366667 104 46 2 0
0.0433333 119 55 3 1
0.05 147 96 7 3
0.0566667 187 111 11 3
0.0633333 191 110 9 2
0.07 209 127 9 4
0.0766667 220 132 9 3
0.0833333 252 109 5 8
0.09 242 137 9 3
0.0966667 241 119 13 2
0.103333 240 126 7 4
0.11 218 109 8 3
0.116667 242 115 7 4
0.123333 239 115 13 4
0.13 237 110 7 6
0.136667 243 94 5 2
0.143333 215 92 6 4
0.15 199 95 7 4
0.156667 201 94 4 0
0.163333 204 81 6 6
0.17 202 77 8 4
0.176667 210 84 6 3
0.183333 188 95 6 2
0.19 201 77 4 4
0.196667 230 75 5 2
0.203333 201 81 4 3
0.21 180 71 3 1
0.216667 177 59 7 3
0.223333 175 64 5 4
0.23 155 46 6 4
0.236667 159 65 8 1
0.243333 144 61 4 0
0.25 151 58 3 2
0.256667 133 59 2 2
0.263333 137 46 3 2
0.27 132 54 3 4
0.276667 137 55 5 1
0.283333 127 70 11 2
0.29 107 64 5 1
0.296667 103 42 4 0
0.303333 135 49 5 4
0.31 107 46 3 1
0.316667 79 51 2 3
0.323333 109 44 6 1
0.33 106 36 4 2
0.336667 96 40 8 3
0.343333 84 34 1 2
0.35 92 41 6 1
0.356667 85 38 4 2
0.363333 99 36 1 1
0.37 93 32 6 2
0.376667 79 34 4 1
0.383333 77 25 5 1
0.39 80 22 5 1
0.396667 90 31 0 0
0.403333 74 42 2 0
0.41 80 36 2 4
0.416667 60 27 2 3
0.423333 77 27 0 1
0.43 76 34 1 0
0.436667 76 28 2 1
0.443333 72 41 2 2
0.45 74 27 0 1
0.456667 80 34 2 1
0.463333 70 35 2 0
0.47 88 32 3 0
0.476667 74 30 4 0
0.483333 35 24 4 3
0.49 39 12 4 2
0.496667 52 19 1 1
0.503333 45 19 2 0
0.51 46 17 3 0
0.516667 42 15 1 2
0.523333 34 19 1 0
0.53 42 21 1 3
0.536667 48 19 1 1
0.543333 40 22 4 0
0.55 44 21 2 1
0.556667 38 15 1 1
0.563333 27 18 1 2
0.57 30 11 0 1
0.576667 34 20 3 0
0.583333 37 19 2 2
0.59 33 12 4 2
0.596667 34 12 3 0
0.603333 36 9 0 0
0.61 32 23 3 1
0.616667 31 9 4 1
0.623333 30 15 1 1
0.63 45 12 2 0
0.636667 36 10 3 0
0.643333 36 17 3 4
0.65 41 12 2 0
0.656667 25 15 2 1
0.663333 2240 608 42 25
0.67 0 0 0 0
0.676667 0 0 0 0
0.683333 0 0 0 0
0.69 0 0 0 0
0.696667 0 0 0 0
0.703333 0 0 0 0
0.71 0 0 0 0
0.716667 0 0 0 0
0.723333 0 0 0 0
0.73 0 0 0 0
0.736667 0 0 0 0
0.743333 0 0 0 0
0.75 0 0 0 0
0.756667 0 0 0 0
0.763333 0 0 0 0
0.77 0 0 0 0
0.776667 0 0 0 0
0.783333 0 0 0 0
0.79 0 0 0 0
0.796667 0 0 0 0
0.803333 0 0 0 0
0.81 0 0 0 0
0.816667 0 0 0 0
0.823333 0 0 0 0
0.83 0 0 0 0
0.836667 0 0 0 0
0.843333 0 0 0 0
0.85 0 0 0 0
0.856667 0 0 0 0
0.863333 0 0 0 0
0.87 0 0 0 0
0.876667 0 0 0 0
0.883333 0 0 0 0
0.89 0 0 0 0
0.896667 0 0 0 0
0.903333 0 0 0 0
0.91 0 0 0 0
0.916667 0 0 0 0
0.923333 0 0 0 0
0.93 0 0 0 0
0.936667 0 0 0 0
0.943333 0 0 0 0
0.95 0 0 0 0
0.956667 0 0 0 0
0.963333 0 0 0 0
0.97 0 0 0 0
0.976667 0 0 0 0
0.983333 0 0 0 0
0.99 0 0 0 0
0.996667 0 0 0 0
1.00333 0 0 0 0
1.01 0 0 0 0
1.01667 0 0 0 0
1.02333 0 0 0 0
1.03 0 0 0 0
1.03667 0 0 0 0
1.04333 0 0 0 0
1.05 0 0 0 0
1.05667 0 0 0 0
1.06333 0 0 0 0
1.07 0 0 0 0
1.07667 0 0 0 0
1.08333 0 0 0 0
1.09 0 0 0 0
1.09667 0 0 0 0
1.10333 0 0 0 0
1.11 0 0 0 0
1.11667 0 0 0 0
1.12333 0 0 0 0
1.13 0 0 0 0
1.13667 0 0 0 0
1.14333 0 0 0 0
1.15 0 0 0 0
1.15667 0 0 0 0
1.16333 0 0 0 0
1.17 0 0 0 0
1.17667 0 0 0 0
1.18333 0 0 0 0
1.19 0 0 0 0
1.19667 0 0 0 0
1.20333 0 0 0 0
1.21 0 0 0 0
1.21667 0 0 0 0
1.22333 0 0 0 0
1.23 0 0 0 0
1.23667 0 0 0 0
1.24333 0 0 0 0
1.25 0 0 0 0
1.25667 0 0 0 0
1.26333 0 0 0 0
1.27 0 0 0 0
1.27667 0 0 0 0
1.28333 0 0 0 0
1.29 0 0 0 0
1.29667 0 0 0 0
1.30333 0 0 0 0
1.31 0 0 0 0
1.31667 0 0 0 0
1.32333 0 0 0 0
1.33 0 0 0 0
1.33667 0 0 0 0
1.34333 0 0 0 0
1.35 0 0 0 0
1.35667 0 0 0 0
1.36333 0 0 0 0
1.37 0 0 0 0
1.37667 0 0 0 0
1.38333 0 0 0 0
1.39 0 0 0 0
1.39667 0 0 0 0
1.40333 0 0 0 0
1.41 0 0 0 0
1.41667 0 0 0 0
1.42333 0 0 0 0
1.43 0 0 0 0
1.43667 0 0 0 0
1.44333 0 0 0 0
1.45 0 0 0 0
1.45667 0 0 0 0
1.46333 0 0 0 0
1.47 0 0 0 0
1.47667 0 0 0 0
1.48333 0 0 0 0
1.49 0 0 0 0
1.49667 0 0 0 0
1.50333 0 0 0 0
1.51 0 0 0 0
1.51667 0 0 0 0
1.52333 0 0 0 0
1.53 0 0 0 0
1.53667 0 0 0 0
1.54333 0 0 0 0
1.55 0 0 0 0
1.55667 0 0 0 0
1.56333 0 0 0 0
1.57 0 0 0 0
1.57667 0 0 0 0
1.58333 0 0 0 0
1.59 0 0 0 0
1.59667 0 0 0 0
1.60333 0 0 0 0
1.61 0 0 0 0
1.61667 0 0 0 0
1.62333 0 0 0 0
1.63 0 0 0 0
1.63667 0 0 0 0
1.64333 0 0 0 0
1.65 0 0 0 0
1.65667 0 0 0 0
1.66333 0 0 0 0
1.67 0 0 0 0
1.67667 0 0 0 0
1.68333 0 0 0 0
1.69 0 0 0 0
1.69667 0 0 0 0
1.70333 0 0 0 0
1.71 0 0 0 0
1.71667 0 0 0 0
1.72333 0 0 0 0
1.73 0 0 0 0
1.73667 0 0 0 0
1.74333 0 0 0 0
1.75 0 0 0 0
1.75667 0 0 0 0
1.76333 0 0 0 0
1.77 0 0 0 0
1.77667 0 0 0 0
1.78333 0 0 0 0
1.79 0 0 0 0
1.79667 0 0 0 0
1.80333 0 0 0 0
1.81 0 0 0 0
1.81667 0 0 0 0
1.82333 0 0 0 0
1.83 0 0 0 0
1.83667 0 0 0 0
1.84333 0 0 0 0
1.85 0 0 0 0
1.85667 0 0 0 0
1.86333 0 0 0 0
1.87 0 0 0 0
1.87667 0 0 0 0
1.88333 0 0 0 0
1.89 0 0 0 0
1.89667 0 0 0 0
1.90333 0 0 0 0
1.91 0 0 0 0
1.91667 0 0 0 0
1.92333 0 0 0 0
1.93 0 0 0 0
1.93667 0 0 0 0
1.94333 0 0 0 0
1.95 0 0 0 0
1.95667 0 0 0 0
1.96333 0 0 0 0
1.97 0 0 0 0
1.97667 0 0 0 0
1.98333 0 0 0 0
1.99 0 0 0 0
1.99667 0 0 0 0
