0.00333333 5 38 23 4
0.01 11 52 16 2
0.0166667 10 40 22 7
0.0233333 14 36 31 9
0.03 18 43 36 8
0.0366667 18 64 38 9
0.0433333 13 107 51 14
0.05 29 106 57 15
0.0566667 37 135 65 20
0.0633333 31 138 86 20
0.07 45 140 80 18
0.0766667 41 129 104 24
0.0833333 35 142 74 23
0.09 46 134 99 22
0.0966667 30 148 89 15
0.103333 38 126 102 15
0.11 28 140 87 20
0.116667 33 150 99 15
0.123333 25 136 94 16
0.13 34 146 77 14
0.136667 39 99 81 20
0.143333 24 106 81 6
0.15 18 111 72 13
0.156667 25 95 59 20
0.163333 27 84 57 16
0.17 32 96 64 13
0.176667 23 118 60 14
0.183333 31 100 62 24
0.19 20 100 67 17
0.196667 24 108 58 17
0.203333 21 106 67 9
0.21 24 88 68 11
0.216667 26 73 51 17
0.223333 16 90 61 8
0.23 27 64 43 7
0.236667 26 86 59 9
0.243333 20 66 46 4
0.25 16 80 35 7
0.256667 12 67 41 11
0.263333 13 61 37 13
0.27 15 62 46 12
0.276667 14 72 38 5
0.283333 10 44 39 7
0.29 18 46 30 6
0.296667 19 62 24 11
0.303333 7 52 39 9
0.31 17 62 34 5
0.316667 13 52 29 5
0.323333 20 51 43 13
0.33 22 54 25 8
0.336667 19 58 31 10
0.343333 8 40 27 4
0.35 14 48 26 10
0.356667 13 43 25 5
0.363333 13 51 25 4
0.37 8 30 15 9
0.376667 11 36 26 7
0.383333 15 48 26 4
0.39 11 32 29 3
0.396667 13 44 15 6
0.403333 12 42 27 8
0.41 13 38 28 9
0.416667 11 38 28 6
0.423333 15 22 24 3
0.43 10 36 28 9
0.436667 9 46 23 5
0.443333 8 39 23 5
0.45 12 34 23 5
0.456667 13 32 24 10
0.463333 13 34 25 1
0.47 8 31 22 2
0.476667 15 28 17 7
0.483333 5 22 12 10
0.49 10 25 16 4
0.496667 9 20 14 8
0.503333 11 19 18 1
0.51 6 20 17 8
0.516667 8 24 8 5
0.523333 8 17 11 7
0.53 5 24 13 6
0.536667 5 15 14 2
0.543333 5 21 13 6
0.55 6 18 12 3
0.556667 5 15 18 3
0.563333 6 23 13 4
0.57 2 27 12 5
0.576667 4 11 15 3
0.583333 6 18 13 6
0.59 3 21 6 2
0.596667 10 15 26 1
0.603333 8 14 12 3
0.61 5 11 11 2
0.616667 3 15 11 2
0.623333 6 21 5 4
0.63 5 17 8 5
0.636667 7 17 12 3
0.643333 6 8 11 4
0.65 4 20 14 3
0.656667 1 13 13 2
0.663333 170 676 558 70
0.67 0 0 0 0
0.676667 0 0 0 0
0.683333 0 0 0 0
0.69 0 0 0 0
0.696667 0 0 0 0
0.703333 0 0 0 0
0.71 0 0 0 0
0.716667 0 0 0 0
0.723333 0 0 0 0
0.73 0 0 0 0
0.736667 0 0 0 0
0.743333 0 0 0 0
0.75 0 0 0 0
0.756667 0 0 0 0
0.763333 0 0 0 0
0.77 0 0 0 0
0.776667 0 0 0 0
0.783333 0 0 0 0
0.79 0 0 0 0
0.796667 0 0 0 0
0.803333 0 0 0 0
0.81 0 0 0 0
0.816667 0 0 0 0
0.823333 0 0 0 0
0.83 0 0 0 0
0.836667 0 0 0 0
0.843333 0 0 0 0
0.85 0 0 0 0
0.856667 0 0 0 0
0.863333 0 0 0 0
0.87 0 0 0 0
0.876667 0 0 0 0
0.883333 0 0 0 0
0.89 0 0 0 0
0.896667 0 0 0 0
0.903333 0 0 0 0
0.91 0 0 0 0
0.916667 0 0 0 0
0.923333 0 0 0 0
0.93 0 0 0 0
0.936667 0 0 0 0
0.943333 0 0 0 0
0.95 0 0 0 0
0.956667 0 0 0 0
0.963333 0 0 0 0
0.97 0 0 0 0
0.976667 0 0 0 0
0.983333 0 0 0 0
0.99 0 0 0 0
0.996667 0 0 0 0
1.00333 0 0 0 0
1.01 0 0 0 0
1.01667 0 0 0 0
1.02333 0 0 0 0
1.03 0 0 0 0
1.03667 0 0 0 0
1.04333 0 0 0 0
1.05 0 0 0 0
1.05667 0 0 0 0
1.06333 0 0 0 0
1.07 0 0 0 0
1.07667 0 0 0 0
1.08333 0 0 0 0
1.09 0 0 0 0
1.09667 0 0 0 0
1.10333 0 0 0 0
1.11 0 0 0 0
1.11667 0 0 0 0
1.12333 0 0 0 0
1.13 0 0 0 0
1.13667 0 0 0 0
1.14333 0 0 0 0
1.15 0 0 0 0
1.15667 0 0 0 0
1.16333 0 0 0 0
1.17 0 0 0 0
1.17667 0 0 0 0
1.18333 0 0 0 0
1.19 0 0 0 0
1.19667 0 0 0 0
1.20333 0 0 0 0
1.21 0 0 0 0
1.21667 0 0 0 0
1.22333 0 0 0 0
1.23 0 0 0 0
1.23667 0 0 0 0
1.24333 0 0 0 0
1.25 0 0 0 0
1.25667 0 0 0 0
1.26333 0 0 0 0
1.27 0 0 0 0
1.27667 0 0 0 0
1.28333 0 0 0 0
1.29 0 0 0 0
1.29667 0 0 0 0
1.30333 0 0 0 0
1.31 0 0 0 0
1.31667 0 0 0 0
1.32333 0 0 0 0
1.33 0 0 0 0
1.33667 0 0 0 0
1.34333 0 0 0 0
1.35 0 0 0 0
1.35667 0 0 0 0
1.36333 0 0 0 0
1.37 0 0 0 0
1.37667 0 0 0 0
1.38333 0 0 0 0
1.39 0 0 0 0
1.39667 0 0 0 0
1.40333 0 0 0 0
1.41 0 0 0 0
1.41667 0 0 0 0
1.42333 0 0 0 0
1.43 0 0 0 0
1.43667 0 0 0 0
1.44333 0 0 0 0
1.45 0 0 0 0
1.45667 0 0 0 0
1.46333 0 0 0 0
1.47 0 0 0 0
1.47667 0 0 0 0
1.48333 0 0 0 0
1.49 0 0 0 0
1.49667 0 0 0 0
1.50333 0 0 0 0
1.51 0 0 0 0
1.51667 0 0 0 0
1.52333 0 0 0 0
1.53 0 0 0 0
1.53667 0 0 0 0
1.54333 0 0 0 0
1.55 0 0 0 0
1.55667 0 0 0 0
1.56333 0 0 0 0
1.57 0 0 0 0
1.57667 0 0 0 0
1.58333 0 0 0 0
1.59 0 0 0 0
1.59667 0 0 0 0
1.60333 0 0 0 0
1.61 0 0 0 0
1.61667 0 0 0 0
1.62333 0 0 0 0
1.63 0 0 0 0
1.63667 0 0 0 0
1.64333 0 0 0 0
1.65 0 0 0 0
1.65667 0 0 0 0
1.66333 0 0 0 0
1.67 0 0 0 0
1.67667 0 0 0 0
1.68333 0 0 0 0
1.69 0 0 0 0
1.69667 0 0 0 0
1.70333 0 0 0 0
1.71 0 0 0 0
1.71667 0 0 0 0
1.72333 0 0 0 0
1.73 0 0 0 0
1.73667 0 0 0 0
1.74333 0 0 0 0
1.75 0 0 0 0
1.75667 0 0 0 0
1.76333 0 0 0 0
1.77 0 0 0 0
1.77667 0 0 0 0
1.78333 0 0 0 0
1.79 0 0 0 0
1.79667 0 0 0 0
1.80333 0 0 0 0
1.81 0 0 0 0
1.81667 0 0 0 0
1.82333 0 0 0 0
1.83 0 0 0 0
1.83667 0 0 0 0
1.84333 0 0 0 0
1.85 0 0 0 0
1.85667 0 0 0 0
1.86333 0 0 0 0
1.87 0 0 0 0
1.87667 0 0 0 0
1.88333 0 0 0 0
1.89 0 0 0 0
1.89667 0 0 0 0
1.90333 0 0 0 0
1.91 0 0 0 0
1.91667 0 0 0 0
1.92333 0 0 0 0
1.93 0 0 0 0
1.93667 0 0 0 0
1.94333 0 0 0 0
1.95 0 0 0 0
1.95667 0 0 0 0
1.96333 0 0 0 0
1.97 0 0 0 0
1.97667 0 0 0 0
1.98333 0 0 0 0
1.99 0 0 0 0
1.99667 0 0 0 0
