0.00333333 74 36 2 0
0.01 83 43 3 1
0.0166667 111 49 3 2
0.0233333 93 69 3 0
0.03 106 49 3 3
0.0366667 133 90 6 1
0.0433333 143 98 4 3
0.05 186 144 5 1
0.0566667 228 128 9 3
0.0633333 275 156 10 3
0.07 246 156 6 2
0.0766667 302 168 5 2
0.0833333 304 179 9 5
0.09 280 190 3 4
0.0966667 357 193 10 1
0.103333 271 148 7 3
0.11 277 166 10 3
0.116667 337 160 8 7
0.123333 298 164 10 4
0.13 281 160 3 2
0.136667 283 130 3 2
0.143333 251 120 4 3
0.15 255 125 8 4
0.156667 238 138 4 4
0.163333 260 107 6 1
0.17 253 112 7 1
0.176667 239 128 5 3
0.183333 239 145 3 2
0.19 251 92 6 4
0.196667 266 108 7 1
0.203333 248 106 2 2
0.21 244 111 3 2
0.216667 208 121 3 6
0.223333 199 112 5 5
0.23 218 99 3 3
0.236667 199 93 6 2
0.243333 192 81 9 0
0.25 179 83 1 2
0.256667 181 89 2 3
0.263333 150 73 3 1
0.27 165 67 3 4
0.276667 139 72 2 0
0.283333 132 63 5 1
0.29 168 77 6 3
0.296667 132 62 0 2
0.303333 147 78 5 2
0.31 149 79 11 1
0.316667 120 68 6 0
0.323333 110 63 4 1
0.33 119 75 1 3
0.336667 102 49 5 4
0.343333 123 54 4 0
0.35 95 55 2 2
0.356667 103 54 4 0
0.363333 115 59 0 0
0.37 98 43 7 2
0.376667 88 51 4 1
0.383333 105 44 2 1
0.39 101 42 3 1
0.396667 106 47 2 0
0.403333 120 39 5 1
0.41 91 47 3 1
0.416667 83 38 2 1
0.423333 92 35 2 3
0.43 88 47 5 1
0.436667 86 32 0 1
0.443333 78 35 1 0
0.45 83 36 1 0
0.456667 99 39 2 1
0.463333 81 35 3 2
0.47 74 49 4 1
0.476667 80 45 3 0
0.483333 47 26 1 2
0.49 60 16 0 2
0.496667 49 38 3 1
0.503333 64 22 2 0
0.51 47 37 1 0
0.516667 46 24 3 0
0.523333 38 25 0 0
0.53 46 16 3 1
0.536667 51 22 3 1
0.543333 56 25 3 0
0.55 45 22 1 1
0.556667 43 26 2 0
0.563333 39 22 0 1
0.57 39 20 2 4
0.576667 46 17 4 0
0.583333 41 34 0 1
0.59 34 16 2 0
0.596667 35 19 0 0
0.603333 41 24 4 2
0.61 35 24 3 2
0.616667 35 30 2 1
0.623333 44 16 1 0
0.63 47 22 0 1
0.636667 52 19 1 0
0.643333 34 25 3 0
0.65 25 14 5 5
0.656667 28 13 1 2
0.663333 2987 1116 33 16
0.67 0 0 0 0
0.676667 0 0 0 0
0.683333 0 0 0 0
0.69 0 0 0 0
0.696667 0 0 0 0
0.703333 0 0 0 0
0.71 0 0 0 0
0.716667 0 0 0 0
0.723333 0 0 0 0
0.73 0 0 0 0
0.736667 0 0 0 0
0.743333 0 0 0 0
0.75 0 0 0 0
0.756667 0 0 0 0
0.763333 0 0 0 0
0.77 0 0 0 0
0.776667 0 0 0 0
0.783333 0 0 0 0
0.79 0 0 0 0
0.796667 0 0 0 0
0.803333 0 0 0 0
0.81 0 0 0 0
0.816667 0 0 0 0
0.823333 0 0 0 0
0.83 0 0 0 0
0.836667 0 0 0 0
0.843333 0 0 0 0
0.85 0 0 0 0
0.856667 0 0 0 0
0.863333 0 0 0 0
0.87 0 0 0 0
0.876667 0 0 0 0
0.883333 0 0 0 0
0.89 0 0 0 0
0.896667 0 0 0 0
0.903333 0 0 0 0
0.91 0 0 0 0
0.916667 0 0 0 0
0.923333 0 0 0 0
0.93 0 0 0 0
0.936667 0 0 0 0
0.943333 0 0 0 0
0.95 0 0 0 0
0.956667 0 0 0 0
0.963333 0 0 0 0
0.97 0 0 0 0
0.976667 0 0 0 0
0.983333 0 0 0 0
0.99 0 0 0 0
0.996667 0 0 0 0
1.00333 0 0 0 0
1.01 0 0 0 0
1.01667 0 0 0 0
1.02333 0 0 0 0
1.03 0 0 0 0
1.03667 0 0 0 0
1.04333 0 0 0 0
1.05 0 0 0 0
1.05667 0 0 0 0
1.06333 0 0 0 0
1.07 0 0 0 0
1.07667 0 0 0 0
1.08333 0 0 0 0
1.09 0 0 0 0
1.09667 0 0 0 0
1.10333 0 0 0 0
1.11 0 0 0 0
1.11667 0 0 0 0
1.12333 0 0 0 0
1.13 0 0 0 0
1.13667 0 0 0 0
1.14333 0 0 0 0
1.15 0 0 0 0
1.15667 0 0 0 0
1.16333 0 0 0 0
1.17 0 0 0 0
1.17667 0 0 0 0
1.18333 0 0 0 0
1.19 0 0 0 0
1.19667 0 0 0 0
1.20333 0 0 0 0
1.21 0 0 0 0
1.21667 0 0 0 0
1.22333 0 0 0 0
1.23 0 0 0 0
1.23667 0 0 0 0
1.24333 0 0 0 0
1.25 0 0 0 0
1.25667 0 0 0 0
1.26333 0 0 0 0
1.27 0 0 0 0
1.27667 0 0 0 0
1.28333 0 0 0 0
1.29 0 0 0 0
1.29667 0 0 0 0
1.30333 0 0 0 0
1.31 0 0 0 0
1.31667 0 0 0 0
1.32333 0 0 0 0
1.33 0 0 0 0
1.33667 0 0 0 0
1.34333 0 0 0 0
1.35 0 0 0 0
1.35667 0 0 0 0
1.36333 0 0 0 0
1.37 0 0 0 0
1.37667 0 0 0 0
1.38333 0 0 0 0
1.39 0 0 0 0
1.39667 0 0 0 0
1.40333 0 0 0 0
1.41 0 0 0 0
1.41667 0 0 0 0
1.42333 0 0 0 0
1.43 0 0 0 0
1.43667 0 0 0 0
1.44333 0 0 0 0
1.45 0 0 0 0
1.45667 0 0 0 0
1.46333 0 0 0 0
1.47 0 0 0 0
1.47667 0 0 0 0
1.48333 0 0 0 0
1.49 0 0 0 0
1.49667 0 0 0 0
1.50333 0 0 0 0
1.51 0 0 0 0
1.51667 0 0 0 0
1.52333 0 0 0 0
1.53 0 0 0 0
1.53667 0 0 0 0
1.54333 0 0 0 0
1.55 0 0 0 0
1.55667 0 0 0 0
1.56333 0 0 0 0
1.57 0 0 0 0
1.57667 0 0 0 0
1.58333 0 0 0 0
1.59 0 0 0 0
1.59667 0 0 0 0
1.60333 0 0 0 0
1.61 0 0 0 0
1.61667 0 0 0 0
1.62333 0 0 0 0
1.63 0 0 0 0
1.63667 0 0 0 0
1.64333 0 0 0 0
1.65 0 0 0 0
1.65667 0 0 0 0
1.66333 0 0 0 0
1.67 0 0 0 0
1.67667 0 0 0 0
1.68333 0 0 0 0
1.69 0 0 0 0
1.69667 0 0 0 0
1.70333 0 0 0 0
1.71 0 0 0 0
1.71667 0 0 0 0
1.72333 0 0 0 0
1.73 0 0 0 0
1.73667 0 0 0 0
1.74333 0 0 0 0
1.75 0 0 0 0
1.75667 0 0 0 0
1.76333 0 0 0 0
1.77 0 0 0 0
1.77667 0 0 0 0
1.78333 0 0 0 0
1.79 0 0 0 0
1.79667 0 0 0 0
1.80333 0 0 0 0
1.81 0 0 0 0
1.81667 0 0 0 0
1.82333 0 0 0 0
1.83 0 0 0 0
1.83667 0 0 0 0
1.84333 0 0 0 0
1.85 0 0 0 0
1.85667 0 0 0 0
1.86333 0 0 0 0
1.87 0 0 0 0
1.87667 0 0 0 0
1.88333 0 0 0 0
1.89 0 0 0 0
1.89667 0 0 0 0
1.90333 0 0 0 0
1.91 0 0 0 0
1.91667 0 0 0 0
1.92333 0 0 0 0
1.93 0 0 0 0
1.93667 0 0 0 0
1.94333 0 0 0 0
1.95 0 0 0 0
1.95667 0 0 0 0
1.96333 0 0 0 0
1.97 0 0 0 0
1.97667 0 0 0 0
1.98333 0 0 0 0
1.99 0 0 0 0
1.99667 0 0 0 0
