0.00333333 1 13 37 21
0.01 4 16 68 17
0.0166667 6 17 48 9
0.0233333 4 21 50 19
0.03 4 17 46 25
0.0366667 4 31 84 30
0.0433333 10 34 109 20
0.05 11 50 105 42
0.0566667 19 63 170 47
0.0633333 17 52 174 45
0.07 14 43 180 52
0.0766667 13 64 169 52
0.0833333 15 66 189 71
0.09 11 59 193 71
0.0966667 12 54 202 56
0.103333 13 71 180 50
0.11 20 60 205 48
0.116667 10 41 195 66
0.123333 12 55 165 42
0.13 25 41 164 52
0.136667 12 48 163 45
0.143333 17 35 165 40
0.15 10 40 161 43
0.156667 12 54 173 27
0.163333 8 42 150 44
0.17 18 34 131 34
0.176667 12 35 158 49
0.183333 16 50 130 49
0.19 12 44 130 36
0.196667 15 44 139 42
0.203333 10 45 141 31
0.21 15 46 124 20
0.216667 11 35 115 46
0.223333 10 38 99 27
0.23 6 32 114 33
0.236667 5 32 97 33
0.243333 9 36 102 28
0.25 13 34 106 26
0.256667 11 18 64 28
0.263333 7 24 85 28
0.27 8 19 85 24
0.276667 8 33 87 15
0.283333 3 18 67 15
0.29 6 26 87 26
0.296667 8 21 90 29
0.303333 10 25 78 33
0.31 3 16 69 19
0.316667 7 24 74 16
0.323333 8 23 73 20
0.33 4 18 62 29
0.336667 7 22 66 23
0.343333 5 17 67 19
0.35 5 13 64 14
0.356667 4 22 46 24
0.363333 5 18 42 20
0.37 6 20 59 18
0.376667 9 20 66 18
0.383333 5 23 51 13
0.39 5 19 51 12
0.396667 7 18 57 9
0.403333 4 18 57 8
0.41 6 15 46 12
0.416667 7 17 68 21
0.423333 5 11 56 9
0.43 6 16 59 17
0.436667 3 9 52 11
0.443333 7 18 36 22
0.45 2 15 57 13
0.456667 7 10 45 10
0.463333 7 18 35 16
0.47 6 14 52 11
0.476667 3 16 42 11
0.483333 2 7 34 15
0.49 3 9 31 10
0.496667 5 11 31 11
0.503333 3 12 32 11
0.51 3 12 22 10
0.516667 4 16 23 10
0.523333 4 13 29 13
0.53 3 11 33 8
0.536667 1 8 22 14
0.543333 5 7 25 12
0.55 1 11 33 7
0.556667 2 7 23 10
0.563333 1 11 25 5
0.57 4 17 26 9
0.576667 7 12 37 5
0.583333 2 8 30 10
0.59 2 12 19 8
0.596667 3 13 19 10
0.603333 3 13 20 3
0.61 3 4 25 8
0.616667 3 2 28 7
0.623333 5 9 20 5
0.63 1 9 17 4
0.636667 2 9 30 5
0.643333 2 6 14 8
0.65 3 8 18 8
0.656667 6 6 20 7
0.663333 80 279 1189 289
0.67 0 0 0 0
0.676667 0 0 0 0
0.683333 0 0 0 0
0.69 0 0 0 0
0.696667 0 0 0 0
0.703333 0 0 0 0
0.71 0 0 0 0
0.716667 0 0 0 0
0.723333 0 0 0 0
0.73 0 0 0 0
0.736667 0 0 0 0
0.743333 0 0 0 0
0.75 0 0 0 0
0.756667 0 0 0 0
0.763333 0 0 0 0
0.77 0 0 0 0
0.776667 0 0 0 0
0.783333 0 0 0 0
0.79 0 0 0 0
0.796667 0 0 0 0
0.803333 0 0 0 0
0.81 0 0 0 0
0.816667 0 0 0 0
0.823333 0 0 0 0
0.83 0 0 0 0
0.836667 0 0 0 0
0.843333 0 0 0 0
0.85 0 0 0 0
0.856667 0 0 0 0
0.863333 0 0 0 0
0.87 0 0 0 0
0.876667 0 0 0 0
0.883333 0 0 0 0
0.89 0 0 0 0
0.896667 0 0 0 0
0.903333 0 0 0 0
0.91 0 0 0 0
0.916667 0 0 0 0
0.923333 0 0 0 0
0.93 0 0 0 0
0.936667 0 0 0 0
0.943333 0 0 0 0
0.95 0 0 0 0
0.956667 0 0 0 0
0.963333 0 0 0 0
0.97 0 0 0 0
0.976667 0 0 0 0
0.983333 0 0 0 0
0.99 0 0 0 0
0.996667 0 0 0 0
1.00333 0 0 0 0
1.01 0 0 0 0
1.01667 0 0 0 0
1.02333 0 0 0 0
1.03 0 0 0 0
1.03667 0 0 0 0
1.04333 0 0 0 0
1.05 0 0 0 0
1.05667 0 0 0 0
1.06333 0 0 0 0
1.07 0 0 0 0
1.07667 0 0 0 0
1.08333 0 0 0 0
1.09 0 0 0 0
1.09667 0 0 0 0
1.10333 0 0 0 0
1.11 0 0 0 0
1.11667 0 0 0 0
1.12333 0 0 0 0
1.13 0 0 0 0
1.13667 0 0 0 0
1.14333 0 0 0 0
1.15 0 0 0 0
1.15667 0 0 0 0
1.16333 0 0 0 0
1.17 0 0 0 0
1.17667 0 0 0 0
1.18333 0 0 0 0
1.19 0 0 0 0
1.19667 0 0 0 0
1.20333 0 0 0 0
1.21 0 0 0 0
1.21667 0 0 0 0
1.22333 0 0 0 0
1.23 0 0 0 0
1.23667 0 0 0 0
1.24333 0 0 0 0
1.25 0 0 0 0
1.25667 0 0 0 0
1.26333 0 0 0 0
1.27 0 0 0 0
1.27667 0 0 0 0
1.28333 0 0 0 0
1.29 0 0 0 0
1.29667 0 0 0 0
1.30333 0 0 0 0
1.31 0 0 0 0
1.31667 0 0 0 0
1.32333 0 0 0 0
1.33 0 0 0 0
1.33667 0 0 0 0
1.34333 0 0 0 0
1.35 0 0 0 0
1.35667 0 0 0 0
1.36333 0 0 0 0
1.37 0 0 0 0
1.37667 0 0 0 0
1.38333 0 0 0 0
1.39 0 0 0 0
1.39667 0 0 0 0
1.40333 0 0 0 0
1.41 0 0 0 0
1.41667 0 0 0 0
1.42333 0 0 0 0
1.43 0 0 0 0
1.43667 0 0 0 0
1.44333 0 0 0 0
1.45 0 0 0 0
1.45667 0 0 0 0
1.46333 0 0 0 0
1.47 0 0 0 0
1.47667 0 0 0 0
1.48333 0 0 0 0
1.49 0 0 0 0
1.49667 0 0 0 0
1.50333 0 0 0 0
1.51 0 0 0 0
1.51667 0 0 0 0
1.52333 0 0 0 0
1.53 0 0 0 0
1.53667 0 0 0 0
1.54333 0 0 0 0
1.55 0 0 0 0
1.55667 0 0 0 0
1.56333 0 0 0 0
1.57 0 0 0 0
1.57667 0 0 0 0
1.58333 0 0 0 0
1.59 0 0 0 0
1.59667 0 0 0 0
1.60333 0 0 0 0
1.61 0 0 0 0
1.61667 0 0 0 0
1.62333 0 0 0 0
1.63 0 0 0 0
1.63667 0 0 0 0
1.64333 0 0 0 0
1.65 0 0 0 0
1.65667 0 0 0 0
1.66333 0 0 0 0
1.67 0 0 0 0
1.67667 0 0 0 0
1.68333 0 0 0 0
1.69 0 0 0 0
1.69667 0 0 0 0
1.70333 0 0 0 0
1.71 0 0 0 0
1.71667 0 0 0 0
1.72333 0 0 0 0
1.73 0 0 0 0
1.73667 0 0 0 0
1.74333 0 0 0 0
1.75 0 0 0 0
1.75667 0 0 0 0
1.76333 0 0 0 0
1.77 0 0 0 0
1.77667 0 0 0 0
1.78333 0 0 0 0
1.79 0 0 0 0
1.79667 0 0 0 0
1.80333 0 0 0 0
1.81 0 0 0 0
1.81667 0 0 0 0
1.82333 0 0 0 0
1.83 0 0 0 0
1.83667 0 0 0 0
1.84333 0 0 0 0
1.85 0 0 0 0
1.85667 0 0 0 0
1.86333 0 0 0 0
1.87 0 0 0 0
1.87667 0 0 0 0
1.88333 0 0 0 0
1.89 0 0 0 0
1.89667 0 0 0 0
1.90333 0 0 0 0
1.91 0 0 0 0
1.91667 0 0 0 0
1.92333 0 0 0 0
1.93 0 0 0 0
1.93667 0 0 0 0
1.94333 0 0 0 0
1.95 0 0 0 0
1.95667 0 0 0 0
1.96333 0 0 0 0
1.97 0 0 0 0
1.97667 0 0 0 0
1.98333 0 0 0 0
1.99 0 0 0 0
1.99667 0 0 0 0
