0.00333333 2 27 32 7
0.01 3 40 50 8
0.0166667 6 42 46 12
0.0233333 2 37 41 9
0.03 3 30 52 12
0.0366667 3 38 52 14
0.0433333 3 52 91 15
0.05 7 60 102 22
0.0566667 14 62 128 34
0.0633333 11 66 124 24
0.07 12 70 109 33
0.0766667 11 76 138 37
0.0833333 13 88 129 36
0.09 5 79 141 34
0.0966667 6 71 109 40
0.103333 5 76 118 33
0.11 10 80 146 30
0.116667 8 62 111 29
0.123333 9 85 97 30
0.13 9 101 128 30
0.136667 5 80 98 28
0.143333 6 89 114 30
0.15 6 84 105 18
0.156667 6 83 102 21
0.163333 9 77 92 30
0.17 9 79 116 25
0.176667 3 60 103 29
0.183333 5 64 95 27
0.19 6 109 106 20
0.196667 4 90 103 17
0.203333 10 78 90 32
0.21 9 82 99 17
0.216667 3 59 94 21
0.223333 3 63 95 20
0.23 3 73 93 21
0.236667 4 76 73 21
0.243333 2 41 67 27
0.25 8 52 66 19
0.256667 7 55 70 15
0.263333 5 54 63 24
0.27 10 46 64 13
0.276667 2 50 64 19
0.283333 3 46 55 23
0.29 4 37 43 16
0.296667 3 52 63 21
0.303333 2 36 48 15
0.31 3 55 74 18
0.316667 5 47 56 17
0.323333 5 57 62 11
0.33 7 41 44 7
0.336667 3 49 51 16
0.343333 8 45 53 13
0.35 4 29 56 10
0.356667 6 43 34 15
0.363333 4 43 43 13
0.37 0 38 47 13
0.376667 4 33 43 10
0.383333 8 43 48 7
0.39 4 51 41 14
0.396667 2 40 41 14
0.403333 3 37 48 10
0.41 5 28 49 12
0.416667 3 41 46 19
0.423333 6 45 45 16
0.43 3 29 41 10
0.436667 7 44 36 10
0.443333 7 31 33 12
0.45 5 30 33 13
0.456667 0 32 47 7
0.463333 5 37 34 6
0.47 2 35 47 12
0.476667 4 33 39 11
0.483333 1 15 31 8
0.49 3 19 17 12
0.496667 1 17 19 4
0.503333 2 12 26 1
0.51 3 15 30 7
0.516667 1 22 26 5
0.523333 6 27 32 6
0.53 1 23 21 5
0.536667 5 12 17 4
0.543333 2 20 32 5
0.55 2 12 32 4
0.556667 2 16 24 8
0.563333 2 12 27 7
0.57 1 10 29 11
0.576667 4 18 21 8
0.583333 4 12 22 9
0.59 1 20 18 4
0.596667 2 16 20 7
0.603333 1 15 23 6
0.61 4 15 14 8
0.616667 4 14 15 3
0.623333 4 6 32 2
0.63 3 10 18 8
0.636667 0 13 25 14
0.643333 3 5 23 5
0.65 3 9 25 6
0.656667 2 13 21 4
0.663333 54 1601 1136 236
0.67 0 0 0 0
0.676667 0 0 0 0
0.683333 0 0 0 0
0.69 0 0 0 0
0.696667 0 0 0 0
0.703333 0 0 0 0
0.71 0 0 0 0
0.716667 0 0 0 0
0.723333 0 0 0 0
0.73 0 0 0 0
0.736667 0 0 0 0
0.743333 0 0 0 0
0.75 0 0 0 0
0.756667 0 0 0 0
0.763333 0 0 0 0
0.77 0 0 0 0
0.776667 0 0 0 0
0.783333 0 0 0 0
0.79 0 0 0 0
0.796667 0 0 0 0
0.803333 0 0 0 0
0.81 0 0 0 0
0.816667 0 0 0 0
0.823333 0 0 0 0
0.83 0 0 0 0
0.836667 0 0 0 0
0.843333 0 0 0 0
0.85 0 0 0 0
0.856667 0 0 0 0
0.863333 0 0 0 0
0.87 0 0 0 0
0.876667 0 0 0 0
0.883333 0 0 0 0
0.89 0 0 0 0
0.896667 0 0 0 0
0.903333 0 0 0 0
0.91 0 0 0 0
0.916667 0 0 0 0
0.923333 0 0 0 0
0.93 0 0 0 0
0.936667 0 0 0 0
0.943333 0 0 0 0
0.95 0 0 0 0
0.956667 0 0 0 0
0.963333 0 0 0 0
0.97 0 0 0 0
0.976667 0 0 0 0
0.983333 0 0 0 0
0.99 0 0 0 0
0.996667 0 0 0 0
1.00333 0 0 0 0
1.01 0 0 0 0
1.01667 0 0 0 0
1.02333 0 0 0 0
1.03 0 0 0 0
1.03667 0 0 0 0
1.04333 0 0 0 0
1.05 0 0 0 0
1.05667 0 0 0 0
1.06333 0 0 0 0
1.07 0 0 0 0
1.07667 0 0 0 0
1.08333 0 0 0 0
1.09 0 0 0 0
1.09667 0 0 0 0
1.10333 0 0 0 0
1.11 0 0 0 0
1.11667 0 0 0 0
1.12333 0 0 0 0
1.13 0 0 0 0
1.13667 0 0 0 0
1.14333 0 0 0 0
1.15 0 0 0 0
1.15667 0 0 0 0
1.16333 0 0 0 0
1.17 0 0 0 0
1.17667 0 0 0 0
1.18333 0 0 0 0
1.19 0 0 0 0
1.19667 0 0 0 0
1.20333 0 0 0 0
1.21 0 0 0 0
1.21667 0 0 0 0
1.22333 0 0 0 0
1.23 0 0 0 0
1.23667 0 0 0 0
1.24333 0 0 0 0
1.25 0 0 0 0
1.25667 0 0 0 0
1.26333 0 0 0 0
1.27 0 0 0 0
1.27667 0 0 0 0
1.28333 0 0 0 0
1.29 0 0 0 0
1.29667 0 0 0 0
1.30333 0 0 0 0
1.31 0 0 0 0
1.31667 0 0 0 0
1.32333 0 0 0 0
1.33 0 0 0 0
1.33667 0 0 0 0
1.34333 0 0 0 0
1.35 0 0 0 0
1.35667 0 0 0 0
1.36333 0 0 0 0
1.37 0 0 0 0
1.37667 0 0 0 0
1.38333 0 0 0 0
1.39 0 0 0 0
1.39667 0 0 0 0
1.40333 0 0 0 0
1.41 0 0 0 0
1.41667 0 0 0 0
1.42333 0 0 0 0
1.43 0 0 0 0
1.43667 0 0 0 0
1.44333 0 0 0 0
1.45 0 0 0 0
1.45667 0 0 0 0
1.46333 0 0 0 0
1.47 0 0 0 0
1.47667 0 0 0 0
1.48333 0 0 0 0
1.49 0 0 0 0
1.49667 0 0 0 0
1.50333 0 0 0 0
1.51 0 0 0 0
1.51667 0 0 0 0
1.52333 0 0 0 0
1.53 0 0 0 0
1.53667 0 0 0 0
1.54333 0 0 0 0
1.55 0 0 0 0
1.55667 0 0 0 0
1.56333 0 0 0 0
1.57 0 0 0 0
1.57667 0 0 0 0
1.58333 0 0 0 0
1.59 0 0 0 0
1.59667 0 0 0 0
1.60333 0 0 0 0
1.61 0 0 0 0
1.61667 0 0 0 0
1.62333 0 0 0 0
1.63 0 0 0 0
1.63667 0 0 0 0
1.64333 0 0 0 0
1.65 0 0 0 0
1.65667 0 0 0 0
1.66333 0 0 0 0
1.67 0 0 0 0
1.67667 0 0 0 0
1.68333 0 0 0 0
1.69 0 0 0 0
1.69667 0 0 0 0
1.70333 0 0 0 0
1.71 0 0 0 0
1.71667 0 0 0 0
1.72333 0 0 0 0
1.73 0 0 0 0
1.73667 0 0 0 0
1.74333 0 0 0 0
1.75 0 0 0 0
1.75667 0 0 0 0
1.76333 0 0 0 0
1.77 0 0 0 0
1.77667 0 0 0 0
1.78333 0 0 0 0
1.79 0 0 0 0
1.79667 0 0 0 0
1.80333 0 0 0 0
1.81 0 0 0 0
1.81667 0 0 0 0
1.82333 0 0 0 0
1.83 0 0 0 0
1.83667 0 0 0 0
1.84333 0 0 0 0
1.85 0 0 0 0
1.85667 0 0 0 0
1.86333 0 0 0 0
1.87 0 0 0 0
1.87667 0 0 0 0
1.88333 0 0 0 0
1.89 0 0 0 0
1.89667 0 0 0 0
1.90333 0 0 0 0
1.91 0 0 0 0
1.91667 0 0 0 0
1.92333 0 0 0 0
1.93 0 0 0 0
1.93667 0 0 0 0
1.94333 0 0 0 0
1.95 0 0 0 0
1.95667 0 0 0 0
1.96333 0 0 0 0
1.97 0 0 0 0
1.97667 0 0 0 0
1.98333 0 0 0 0
1.99 0 0 0 0
1.99667 0 0 0 0
