0.00333333 32 70 2 0
0.01 48 76 3 3
0.0166667 42 77 4 3
0.0233333 51 86 5 0
0.03 49 103 3 1
0.0366667 63 109 1 2
0.0433333 90 138 8 0
0.05 122 153 5 2
0.0566667 109 168 6 3
0.0633333 147 191 7 5
0.07 161 243 10 1
0.0766667 174 234 9 1
0.0833333 200 220 9 3
0.09 173 259 11 4
0.0966667 206 252 12 5
0.103333 196 228 9 2
0.11 159 218 10 1
0.116667 158 212 14 3
0.123333 184 252 6 1
0.13 158 221 7 2
0.136667 160 226 7 5
0.143333 151 212 6 0
0.15 147 201 7 0
0.156667 134 233 7 4
0.163333 132 228 4 2
0.17 122 214 7 6
0.176667 115 172 10 1
0.183333 111 196 5 2
0.19 127 228 12 3
0.196667 146 216 10 0
0.203333 130 248 3 0
0.21 118 214 10 2
0.216667 108 193 8 1
0.223333 101 185 5 2
0.23 91 164 8 1
0.236667 90 168 7 0
0.243333 97 150 7 1
0.25 84 139 8 0
0.256667 81 155 6 3
0.263333 86 140 8 3
0.27 102 124 6 2
0.276667 85 141 3 1
0.283333 79 102 2 2
0.29 84 114 7 0
0.296667 66 127 7 1
0.303333 52 133 3 1
0.31 65 123 7 0
0.316667 67 121 6 1
0.323333 76 95 4 1
0.33 57 84 3 3
0.336667 62 95 4 1
0.343333 59 85 7 1
0.35 58 117 6 2
0.356667 61 81 6 3
0.363333 43 89 6 0
0.37 61 89 3 2
0.376667 45 93 3 1
0.383333 58 67 3 0
0.39 32 100 3 0
0.396667 43 78 6 0
0.403333 48 94 6 0
0.41 51 76 3 2
0.416667 45 84 3 0
0.423333 48 79 5 1
0.43 47 77 3 2
0.436667 44 73 5 1
0.443333 45 63 3 0
0.45 41 84 4 2
0.456667 51 85 4 0
0.463333 54 70 4 1
0.47 40 72 5 1
0.476667 34 77 3 1
0.483333 30 47 7 0
0.49 41 44 5 0
0.496667 45 35 1 1
0.503333 29 42 3 1
0.51 38 30 1 0
0.516667 29 35 5 0
0.523333 23 34 3 0
0.53 21 41 2 0
0.536667 31 54 2 1
0.543333 30 35 2 0
0.55 30 33 1 0
0.556667 32 31 1 0
0.563333 28 32 1 2
0.57 31 37 0 0
0.576667 27 35 1 0
0.583333 29 32 4 1
0.59 29 35 2 1
0.596667 26 35 1 1
0.603333 22 36 2 1
0.61 32 29 1 2
0.616667 21 24 1 2
0.623333 26 41 5 1
0.63 23 37 0 1
0.636667 32 46 1 0
0.643333 18 23 6 0
0.65 27 27 1 1
0.656667 19 24 1 0
0.663333 1177 2779 55 16
0.67 0 0 0 0
0.676667 0 0 0 0
0.683333 0 0 0 0
0.69 0 0 0 0
0.696667 0 0 0 0
0.703333 0 0 0 0
0.71 0 0 0 0
0.716667 0 0 0 0
0.723333 0 0 0 0
0.73 0 0 0 0
0.736667 0 0 0 0
0.743333 0 0 0 0
0.75 0 0 0 0
0.756667 0 0 0 0
0.763333 0 0 0 0
0.77 0 0 0 0
0.776667 0 0 0 0
0.783333 0 0 0 0
0.79 0 0 0 0
0.796667 0 0 0 0
0.803333 0 0 0 0
0.81 0 0 0 0
0.816667 0 0 0 0
0.823333 0 0 0 0
0.83 0 0 0 0
0.836667 0 0 0 0
0.843333 0 0 0 0
0.85 0 0 0 0
0.856667 0 0 0 0
0.863333 0 0 0 0
0.87 0 0 0 0
0.876667 0 0 0 0
0.883333 0 0 0 0
0.89 0 0 0 0
0.896667 0 0 0 0
0.903333 0 0 0 0
0.91 0 0 0 0
0.916667 0 0 0 0
0.923333 0 0 0 0
0.93 0 0 0 0
0.936667 0 0 0 0
0.943333 0 0 0 0
0.95 0 0 0 0
0.956667 0 0 0 0
0.963333 0 0 0 0
0.97 0 0 0 0
0.976667 0 0 0 0
0.983333 0 0 0 0
0.99 0 0 0 0
0.996667 0 0 0 0
1.00333 0 0 0 0
1.01 0 0 0 0
1.01667 0 0 0 0
1.02333 0 0 0 0
1.03 0 0 0 0
1.03667 0 0 0 0
1.04333 0 0 0 0
1.05 0 0 0 0
1.05667 0 0 0 0
1.06333 0 0 0 0
1.07 0 0 0 0
1.07667 0 0 0 0
1.08333 0 0 0 0
1.09 0 0 0 0
1.09667 0 0 0 0
1.10333 0 0 0 0
1.11 0 0 0 0
1.11667 0 0 0 0
1.12333 0 0 0 0
1.13 0 0 0 0
1.13667 0 0 0 0
1.14333 0 0 0 0
1.15 0 0 0 0
1.15667 0 0 0 0
1.16333 0 0 0 0
1.17 0 0 0 0
1.17667 0 0 0 0
1.18333 0 0 0 0
1.19 0 0 0 0
1.19667 0 0 0 0
1.20333 0 0 0 0
1.21 0 0 0 0
1.21667 0 0 0 0
1.22333 0 0 0 0
1.23 0 0 0 0
1.23667 0 0 0 0
1.24333 0 0 0 0
1.25 0 0 0 0
1.25667 0 0 0 0
1.26333 0 0 0 0
1.27 0 0 0 0
1.27667 0 0 0 0
1.28333 0 0 0 0
1.29 0 0 0 0
1.29667 0 0 0 0
1.30333 0 0 0 0
1.31 0 0 0 0
1.31667 0 0 0 0
1.32333 0 0 0 0
1.33 0 0 0 0
1.33667 0 0 0 0
1.34333 0 0 0 0
1.35 0 0 0 0
1.35667 0 0 0 0
1.36333 0 0 0 0
1.37 0 0 0 0
1.37667 0 0 0 0
1.38333 0 0 0 0
1.39 0 0 0 0
1.39667 0 0 0 0
1.40333 0 0 0 0
1.41 0 0 0 0
1.41667 0 0 0 0
1.42333 0 0 0 0
1.43 0 0 0 0
1.43667 0 0 0 0
1.44333 0 0 0 0
1.45 0 0 0 0
1.45667 0 0 0 0
1.46333 0 0 0 0
1.47 0 0 0 0
1.47667 0 0 0 0
1.48333 0 0 0 0
1.49 0 0 0 0
1.49667 0 0 0 0
1.50333 0 0 0 0
1.51 0 0 0 0
1.51667 0 0 0 0
1.52333 0 0 0 0
1.53 0 0 0 0
1.53667 0 0 0 0
1.54333 0 0 0 0
1.55 0 0 0 0
1.55667 0 0 0 0
1.56333 0 0 0 0
1.57 0 0 0 0
1.57667 0 0 0 0
1.58333 0 0 0 0
1.59 0 0 0 0
1.59667 0 0 0 0
1.60333 0 0 0 0
1.61 0 0 0 0
1.61667 0 0 0 0
1.62333 0 0 0 0
1.63 0 0 0 0
1.63667 0 0 0 0
1.64333 0 0 0 0
1.65 0 0 0 0
1.65667 0 0 0 0
1.66333 0 0 0 0
1.67 0 0 0 0
1.67667 0 0 0 0
1.68333 0 0 0 0
1.69 0 0 0 0
1.69667 0 0 0 0
1.70333 0 0 0 0
1.71 0 0 0 0
1.71667 0 0 0 0
1.72333 0 0 0 0
1.73 0 0 0 0
1.73667 0 0 0 0
1.74333 0 0 0 0
1.75 0 0 0 0
1.75667 0 0 0 0
1.76333 0 0 0 0
1.77 0 0 0 0
1.77667 0 0 0 0
1.78333 0 0 0 0
1.79 0 0 0 0
1.79667 0 0 0 0
1.80333 0 0 0 0
1.81 0 0 0 0
1.81667 0 0 0 0
1.82333 0 0 0 0
1.83 0 0 0 0
1.83667 0 0 0 0
1.84333 0 0 0 0
1.85 0 0 0 0
1.85667 0 0 0 0
1.86333 0 0 0 0
1.87 0 0 0 0
1.87667 0 0 0 0
1.88333 0 0 0 0
1.89 0 0 0 0
1.89667 0 0 0 0
1.90333 0 0 0 0
1.91 0 0 0 0
1.91667 0 0 0 0
1.92333 0 0 0 0
1.93 0 0 0 0
1.93667 0 0 0 0
1.94333 0 0 0 0
1.95 0 0 0 0
1.95667 0 0 0 0
1.96333 0 0 0 0
1.97 0 0 0 0
1.97667 0 0 0 0
1.98333 0 0 0 0
1.99 0 0 0 0
1.99667 0 0 0 0
