0.00333333 26 17 5 0
0.01 35 20 3 1
0.0166667 42 24 4 2
0.0233333 35 27 3 1
0.03 35 25 5 1
0.0366667 53 46 2 2
0.0433333 62 50 4 3
0.05 79 63 7 3
0.0566667 94 86 12 0
0.0633333 97 112 15 2
0.07 94 98 10 2
0.0766667 99 86 6 6
0.0833333 114 98 6 4
0.09 89 101 10 3
0.0966667 97 90 11 2
0.103333 107 101 10 3
0.11 114 66 14 2
0.116667 105 93 9 6
0.123333 99 92 19 1
0.13 106 87 17 2
0.136667 95 62 10 2
0.143333 92 72 11 4
0.15 82 71 5 3
0.156667 85 83 8 0
0.163333 60 52 5 3
0.17 65 60 3 1
0.176667 78 54 6 4
0.183333 73 67 11 0
0.19 80 58 11 2
0.196667 81 45 11 2
0.203333 75 73 9 1
0.21 64 42 8 1
0.216667 75 49 15 1
0.223333 65 48 15 1
0.23 59 58 10 2
0.236667 50 48 6 0
0.243333 58 43 6 1
0.25 64 36 7 1
0.256667 57 37 5 1
0.263333 55 37 9 3
0.27 51 47 5 3
0.276667 64 43 8 0
0.283333 58 44 8 2
0.29 53 37 8 0
0.296667 52 34 5 0
0.303333 54 35 9 2
0.31 61 39 11 1
0.316667 37 39 7 0
0.323333 58 32 7 2
0.33 44 32 5 3
0.336667 36 36 6 1
0.343333 37 27 16 0
0.35 31 39 4 0
0.356667 27 35 8 1
0.363333 39 35 3 0
0.37 38 28 5 0
0.376667 33 31 5 2
0.383333 39 23 7 2
0.39 33 25 2 0
0.396667 34 24 5 0
0.403333 23 22 6 1
0.41 31 25 3 0
0.416667 36 32 2 2
0.423333 38 22 4 0
0.43 41 19 8 0
0.436667 27 21 1 0
0.443333 31 21 5 2
0.45 34 28 7 0
0.456667 22 27 4 0
0.463333 26 22 8 2
0.47 31 23 5 1
0.476667 26 17 0 1
0.483333 22 19 2 0
0.49 25 16 2 0
0.496667 19 13 3 0
0.503333 17 19 5 0
0.51 26 12 6 1
0.516667 17 19 2 0
0.523333 17 16 2 1
0.53 15 12 1 1
0.536667 22 9 3 2
0.543333 21 12 2 2
0.55 24 15 2 1
0.556667 16 17 4 0
0.563333 19 10 4 0
0.57 18 10 0 0
0.576667 18 15 4 1
0.583333 22 9 3 0
0.59 17 15 5 1
0.596667 8 20 8 1
0.603333 11 13 3 0
0.61 19 9 1 1
0.616667 14 11 1 2
0.623333 14 15 2 2
0.63 9 14 1 1
0.636667 12 19 6 2
0.643333 16 23 3 0
0.65 16 15 1 1
0.656667 13 17 2 0
0.663333 721 433 98 11
0.67 0 0 0 0
0.676667 0 0 0 0
0.683333 0 0 0 0
0.69 0 0 0 0
0.696667 0 0 0 0
0.703333 0 0 0 0
0.71 0 0 0 0
0.716667 0 0 0 0
0.723333 0 0 0 0
0.73 0 0 0 0
0.736667 0 0 0 0
0.743333 0 0 0 0
0.75 0 0 0 0
0.756667 0 0 0 0
0.763333 0 0 0 0
0.77 0 0 0 0
0.776667 0 0 0 0
0.783333 0 0 0 0
0.79 0 0 0 0
0.796667 0 0 0 0
0.803333 0 0 0 0
0.81 0 0 0 0
0.816667 0 0 0 0
0.823333 0 0 0 0
0.83 0 0 0 0
0.836667 0 0 0 0
0.843333 0 0 0 0
0.85 0 0 0 0
0.856667 0 0 0 0
0.863333 0 0 0 0
0.87 0 0 0 0
0.876667 0 0 0 0
0.883333 0 0 0 0
0.89 0 0 0 0
0.896667 0 0 0 0
0.903333 0 0 0 0
0.91 0 0 0 0
0.916667 0 0 0 0
0.923333 0 0 0 0
0.93 0 0 0 0
0.936667 0 0 0 0
0.943333 0 0 0 0
0.95 0 0 0 0
0.956667 0 0 0 0
0.963333 0 0 0 0
0.97 0 0 0 0
0.976667 0 0 0 0
0.983333 0 0 0 0
0.99 0 0 0 0
0.996667 0 0 0 0
1.00333 0 0 0 0
1.01 0 0 0 0
1.01667 0 0 0 0
1.02333 0 0 0 0
1.03 0 0 0 0
1.03667 0 0 0 0
1.04333 0 0 0 0
1.05 0 0 0 0
1.05667 0 0 0 0
1.06333 0 0 0 0
1.07 0 0 0 0
1.07667 0 0 0 0
1.08333 0 0 0 0
1.09 0 0 0 0
1.09667 0 0 0 0
1.10333 0 0 0 0
1.11 0 0 0 0
1.11667 0 0 0 0
1.12333 0 0 0 0
1.13 0 0 0 0
1.13667 0 0 0 0
1.14333 0 0 0 0
1.15 0 0 0 0
1.15667 0 0 0 0
1.16333 0 0 0 0
1.17 0 0 0 0
1.17667 0 0 0 0
1.18333 0 0 0 0
1.19 0 0 0 0
1.19667 0 0 0 0
1.20333 0 0 0 0
1.21 0 0 0 0
1.21667 0 0 0 0
1.22333 0 0 0 0
1.23 0 0 0 0
1.23667 0 0 0 0
1.24333 0 0 0 0
1.25 0 0 0 0
1.25667 0 0 0 0
1.26333 0 0 0 0
1.27 0 0 0 0
1.27667 0 0 0 0
1.28333 0 0 0 0
1.29 0 0 0 0
1.29667 0 0 0 0
1.30333 0 0 0 0
1.31 0 0 0 0
1.31667 0 0 0 0
1.32333 0 0 0 0
1.33 0 0 0 0
1.33667 0 0 0 0
1.34333 0 0 0 0
1.35 0 0 0 0
1.35667 0 0 0 0
1.36333 0 0 0 0
1.37 0 0 0 0
1.37667 0 0 0 0
1.38333 0 0 0 0
1.39 0 0 0 0
1.39667 0 0 0 0
1.40333 0 0 0 0
1.41 0 0 0 0
1.41667 0 0 0 0
1.42333 0 0 0 0
1.43 0 0 0 0
1.43667 0 0 0 0
1.44333 0 0 0 0
1.45 0 0 0 0
1.45667 0 0 0 0
1.46333 0 0 0 0
1.47 0 0 0 0
1.47667 0 0 0 0
1.48333 0 0 0 0
1.49 0 0 0 0
1.49667 0 0 0 0
1.50333 0 0 0 0
1.51 0 0 0 0
1.51667 0 0 0 0
1.52333 0 0 0 0
1.53 0 0 0 0
1.53667 0 0 0 0
1.54333 0 0 0 0
1.55 0 0 0 0
1.55667 0 0 0 0
1.56333 0 0 0 0
1.57 0 0 0 0
1.57667 0 0 0 0
1.58333 0 0 0 0
1.59 0 0 0 0
1.59667 0 0 0 0
1.60333 0 0 0 0
1.61 0 0 0 0
1.61667 0 0 0 0
1.62333 0 0 0 0
1.63 0 0 0 0
1.63667 0 0 0 0
1.64333 0 0 0 0
1.65 0 0 0 0
1.65667 0 0 0 0
1.66333 0 0 0 0
1.67 0 0 0 0
1.67667 0 0 0 0
1.68333 0 0 0 0
1.69 0 0 0 0
1.69667 0 0 0 0
1.70333 0 0 0 0
1.71 0 0 0 0
1.71667 0 0 0 0
1.72333 0 0 0 0
1.73 0 0 0 0
1.73667 0 0 0 0
1.74333 0 0 0 0
1.75 0 0 0 0
1.75667 0 0 0 0
1.76333 0 0 0 0
1.77 0 0 0 0
1.77667 0 0 0 0
1.78333 0 0 0 0
1.79 0 0 0 0
1.79667 0 0 0 0
1.80333 0 0 0 0
1.81 0 0 0 0
1.81667 0 0 0 0
1.82333 0 0 0 0
1.83 0 0 0 0
1.83667 0 0 0 0
1.84333 0 0 0 0
1.85 0 0 0 0
1.85667 0 0 0 0
1.86333 0 0 0 0
1.87 0 0 0 0
1.87667 0 0 0 0
1.88333 0 0 0 0
1.89 0 0 0 0
1.89667 0 0 0 0
1.90333 0 0 0 0
1.91 0 0 0 0
1.91667 0 0 0 0
1.92333 0 0 0 0
1.93 0 0 0 0
1.93667 0 0 0 0
1.94333 0 0 0 0
1.95 0 0 0 0
1.95667 0 0 0 0
1.96333 0 0 0 0
1.97 0 0 0 0
1.97667 0 0 0 0
1.98333 0 0 0 0
1.99 0 0 0 0
1.99667 0 0 0 0
