0.00333333 26 26 6 8
0.01 20 33 13 9
0.0166667 28 36 14 9
0.0233333 27 43 11 3
0.03 23 40 16 8
0.0366667 27 48 17 9
0.0433333 33 64 32 9
0.05 40 88 25 15
0.0566667 31 104 40 17
0.0633333 52 115 41 11
0.07 50 142 50 16
0.0766667 57 111 35 15
0.0833333 40 110 30 17
0.09 76 111 32 17
0.0966667 56 106 41 18
0.103333 65 114 30 20
0.11 57 100 47 18
0.116667 50 105 48 15
0.123333 48 105 36 15
0.13 73 97 36 21
0.136667 49 78 32 13
0.143333 69 87 25 21
0.15 55 86 21 19
0.156667 54 84 23 15
0.163333 61 87 29 20
0.17 44 77 29 15
0.176667 58 77 28 16
0.183333 57 73 34 21
0.19 60 76 36 28
0.196667 68 69 25 22
0.203333 61 61 29 29
0.21 45 64 15 23
0.216667 35 80 19 16
0.223333 37 56 12 21
0.23 49 68 20 14
0.236667 42 56 20 15
0.243333 34 56 14 12
0.25 42 56 26 13
0.256667 28 43 14 20
0.263333 46 39 23 14
0.27 34 44 17 5
0.276667 31 48 15 10
0.283333 32 44 17 9
0.29 37 50 15 9
0.296667 46 44 10 14
0.303333 37 50 16 8
0.31 37 51 12 15
0.316667 25 38 18 11
0.323333 27 41 18 6
0.33 28 38 8 9
0.336667 27 44 12 12
0.343333 20 30 12 9
0.35 28 23 11 9
0.356667 21 38 19 12
0.363333 29 32 7 7
0.37 18 39 17 9
0.376667 24 37 17 5
0.383333 26 33 6 8
0.39 28 27 7 10
0.396667 27 42 9 15
0.403333 22 33 10 8
0.41 28 31 15 9
0.416667 21 37 10 7
0.423333 30 34 13 10
0.43 29 35 21 11
0.436667 16 32 8 6
0.443333 25 29 11 15
0.45 23 37 13 11
0.456667 21 28 17 11
0.463333 23 29 9 14
0.47 19 31 8 10
0.476667 21 20 12 11
0.483333 10 18 11 6
0.49 17 23 10 7
0.496667 10 27 11 4
0.503333 17 12 5 5
0.51 15 25 6 4
0.516667 19 17 9 11
0.523333 17 21 6 4
0.53 11 18 8 4
0.536667 11 16 14 10
0.543333 10 17 9 2
0.55 7 15 8 8
0.556667 13 15 8 8
0.563333 9 19 4 4
0.57 10 17 2 4
0.576667 18 20 6 5
0.583333 17 18 6 8
0.59 7 24 8 7
0.596667 8 9 3 2
0.603333 14 18 2 4
0.61 13 13 9 8
0.616667 13 13 5 2
0.623333 13 14 5 7
0.63 9 17 11 0
0.636667 15 15 1 6
0.643333 9 18 6 8
0.65 9 15 4 5
0.656667 10 19 6 2
0.663333 730 644 156 257
0.67 0 0 0 0
0.676667 0 0 0 0
0.683333 0 0 0 0
0.69 0 0 0 0
0.696667 0 0 0 0
0.703333 0 0 0 0
0.71 0 0 0 0
0.716667 0 0 0 0
0.723333 0 0 0 0
0.73 0 0 0 0
0.736667 0 0 0 0
0.743333 0 0 0 0
0.75 0 0 0 0
0.756667 0 0 0 0
0.763333 0 0 0 0
0.77 0 0 0 0
0.776667 0 0 0 0
0.783333 0 0 0 0
0.79 0 0 0 0
0.796667 0 0 0 0
0.803333 0 0 0 0
0.81 0 0 0 0
0.816667 0 0 0 0
0.823333 0 0 0 0
0.83 0 0 0 0
0.836667 0 0 0 0
0.843333 0 0 0 0
0.85 0 0 0 0
0.856667 0 0 0 0
0.863333 0 0 0 0
0.87 0 0 0 0
0.876667 0 0 0 0
0.883333 0 0 0 0
0.89 0 0 0 0
0.896667 0 0 0 0
0.903333 0 0 0 0
0.91 0 0 0 0
0.916667 0 0 0 0
0.923333 0 0 0 0
0.93 0 0 0 0
0.936667 0 0 0 0
0.943333 0 0 0 0
0.95 0 0 0 0
0.956667 0 0 0 0
0.963333 0 0 0 0
0.97 0 0 0 0
0.976667 0 0 0 0
0.983333 0 0 0 0
0.99 0 0 0 0
0.996667 0 0 0 0
1.00333 0 0 0 0
1.01 0 0 0 0
1.01667 0 0 0 0
1.02333 0 0 0 0
1.03 0 0 0 0
1.03667 0 0 0 0
1.04333 0 0 0 0
1.05 0 0 0 0
1.05667 0 0 0 0
1.06333 0 0 0 0
1.07 0 0 0 0
1.07667 0 0 0 0
1.08333 0 0 0 0
1.09 0 0 0 0
1.09667 0 0 0 0
1.10333 0 0 0 0
1.11 0 0 0 0
1.11667 0 0 0 0
1.12333 0 0 0 0
1.13 0 0 0 0
1.13667 0 0 0 0
1.14333 0 0 0 0
1.15 0 0 0 0
1.15667 0 0 0 0
1.16333 0 0 0 0
1.17 0 0 0 0
1.17667 0 0 0 0
1.18333 0 0 0 0
1.19 0 0 0 0
1.19667 0 0 0 0
1.20333 0 0 0 0
1.21 0 0 0 0
1.21667 0 0 0 0
1.22333 0 0 0 0
1.23 0 0 0 0
1.23667 0 0 0 0
1.24333 0 0 0 0
1.25 0 0 0 0
1.25667 0 0 0 0
1.26333 0 0 0 0
1.27 0 0 0 0
1.27667 0 0 0 0
1.28333 0 0 0 0
1.29 0 0 0 0
1.29667 0 0 0 0
1.30333 0 0 0 0
1.31 0 0 0 0
1.31667 0 0 0 0
1.32333 0 0 0 0
1.33 0 0 0 0
1.33667 0 0 0 0
1.34333 0 0 0 0
1.35 0 0 0 0
1.35667 0 0 0 0
1.36333 0 0 0 0
1.37 0 0 0 0
1.37667 0 0 0 0
1.38333 0 0 0 0
1.39 0 0 0 0
1.39667 0 0 0 0
1.40333 0 0 0 0
1.41 0 0 0 0
1.41667 0 0 0 0
1.42333 0 0 0 0
1.43 0 0 0 0
1.43667 0 0 0 0
1.44333 0 0 0 0
1.45 0 0 0 0
1.45667 0 0 0 0
1.46333 0 0 0 0
1.47 0 0 0 0
1.47667 0 0 0 0
1.48333 0 0 0 0
1.49 0 0 0 0
1.49667 0 0 0 0
1.50333 0 0 0 0
1.51 0 0 0 0
1.51667 0 0 0 0
1.52333 0 0 0 0
1.53 0 0 0 0
1.53667 0 0 0 0
1.54333 0 0 0 0
1.55 0 0 0 0
1.55667 0 0 0 0
1.56333 0 0 0 0
1.57 0 0 0 0
1.57667 0 0 0 0
1.58333 0 0 0 0
1.59 0 0 0 0
1.59667 0 0 0 0
1.60333 0 0 0 0
1.61 0 0 0 0
1.61667 0 0 0 0
1.62333 0 0 0 0
1.63 0 0 0 0
1.63667 0 0 0 0
1.64333 0 0 0 0
1.65 0 0 0 0
1.65667 0 0 0 0
1.66333 0 0 0 0
1.67 0 0 0 0
1.67667 0 0 0 0
1.68333 0 0 0 0
1.69 0 0 0 0
1.69667 0 0 0 0
1.70333 0 0 0 0
1.71 0 0 0 0
1.71667 0 0 0 0
1.72333 0 0 0 0
1.73 0 0 0 0
1.73667 0 0 0 0
1.74333 0 0 0 0
1.75 0 0 0 0
1.75667 0 0 0 0
1.76333 0 0 0 0
1.77 0 0 0 0
1.77667 0 0 0 0
1.78333 0 0 0 0
1.79 0 0 0 0
1.79667 0 0 0 0
1.80333 0 0 0 0
1.81 0 0 0 0
1.81667 0 0 0 0
1.82333 0 0 0 0
1.83 0 0 0 0
1.83667 0 0 0 0
1.84333 0 0 0 0
1.85 0 0 0 0
1.85667 0 0 0 0
1.86333 0 0 0 0
1.87 0 0 0 0
1.87667 0 0 0 0
1.88333 0 0 0 0
1.89 0 0 0 0
1.89667 0 0 0 0
1.90333 0 0 0 0
1.91 0 0 0 0
1.91667 0 0 0 0
1.92333 0 0 0 0
1.93 0 0 0 0
1.93667 0 0 0 0
1.94333 0 0 0 0
1.95 0 0 0 0
1.95667 0 0 0 0
1.96333 0 0 0 0
1.97 0 0 0 0
1.97667 0 0 0 0
1.98333 0 0 0 0
1.99 0 0 0 0
1.99667 0 0 0 0
