0.00333333 2 7 70 2
0.01 2 11 75 6
0.0166667 0 6 96 2
0.0233333 3 10 89 5
0.03 2 7 101 8
0.0366667 0 7 80 3
0.0433333 1 16 106 10
0.05 1 17 119 10
0.0566667 4 17 127 10
0.0633333 5 16 121 11
0.07 1 14 132 15
0.0766667 6 25 139 14
0.0833333 5 14 119 13
0.09 3 21 150 12
0.0966667 4 21 120 11
0.103333 4 14 129 14
0.11 7 23 152 15
0.116667 5 14 144 15
0.123333 2 15 141 12
0.13 2 9 140 15
0.136667 5 16 148 11
0.143333 3 17 152 12
0.15 2 16 162 7
0.156667 3 22 139 13
0.163333 4 17 169 10
0.17 0 9 155 8
0.176667 1 14 140 5
0.183333 4 12 159 9
0.19 5 14 238 11
0.196667 3 12 203 7
0.203333 2 12 235 10
0.21 6 14 222 5
0.216667 6 5 199 14
0.223333 2 7 172 8
0.23 2 14 150 13
0.236667 3 15 152 7
0.243333 4 6 144 9
0.25 5 7 133 6
0.256667 2 4 133 12
0.263333 1 8 119 3
0.27 2 5 148 5
0.276667 2 7 119 9
0.283333 3 7 145 6
0.29 2 6 129 6
0.296667 8 8 134 9
0.303333 2 12 109 9
0.31 3 9 114 10
0.316667 3 6 131 3
0.323333 2 9 116 5
0.33 1 7 107 8
0.336667 3 7 97 5
0.343333 0 10 114 2
0.35 0 11 91 8
0.356667 3 12 105 8
0.363333 4 7 98 8
0.37 2 7 122 6
0.376667 0 12 91 4
0.383333 0 7 106 2
0.39 0 6 89 2
0.396667 1 7 104 5
0.403333 0 7 88 2
0.41 4 10 94 0
0.416667 3 5 86 5
0.423333 0 9 110 7
0.43 3 7 87 3
0.436667 0 6 104 4
0.443333 3 7 107 5
0.45 3 7 93 5
0.456667 1 6 85 7
0.463333 1 4 104 8
0.47 1 7 86 4
0.476667 0 4 77 7
0.483333 2 6 51 2
0.49 1 4 30 5
0.496667 1 6 30 2
0.503333 2 5 27 5
0.51 0 6 28 2
0.516667 0 4 21 4
0.523333 1 8 22 4
0.53 1 4 16 7
0.536667 4 4 24 6
0.543333 0 3 18 3
0.55 0 4 22 6
0.556667 2 3 20 2
0.563333 2 4 17 6
0.57 0 6 17 2
0.576667 0 4 17 3
0.583333 2 7 16 5
0.59 0 3 7 2
0.596667 2 3 11 6
0.603333 2 6 9 3
0.61 1 2 14 4
0.616667 1 5 7 3
0.623333 1 6 6 2
0.63 1 4 19 2
0.636667 2 3 26 2
0.643333 0 8 13 5
0.65 1 3 17 1
0.656667 1 4 6 4
0.663333 25 102 5590 75
0.67 0 0 0 0
0.676667 0 0 0 0
0.683333 0 0 0 0
0.69 0 0 0 0
0.696667 0 0 0 0
0.703333 0 0 0 0
0.71 0 0 0 0
0.716667 0 0 0 0
0.723333 0 0 0 0
0.73 0 0 0 0
0.736667 0 0 0 0
0.743333 0 0 0 0
0.75 0 0 0 0
0.756667 0 0 0 0
0.763333 0 0 0 0
0.77 0 0 0 0
0.776667 0 0 0 0
0.783333 0 0 0 0
0.79 0 0 0 0
0.796667 0 0 0 0
0.803333 0 0 0 0
0.81 0 0 0 0
0.816667 0 0 0 0
0.823333 0 0 0 0
0.83 0 0 0 0
0.836667 0 0 0 0
0.843333 0 0 0 0
0.85 0 0 0 0
0.856667 0 0 0 0
0.863333 0 0 0 0
0.87 0 0 0 0
0.876667 0 0 0 0
0.883333 0 0 0 0
0.89 0 0 0 0
0.896667 0 0 0 0
0.903333 0 0 0 0
0.91 0 0 0 0
0.916667 0 0 0 0
0.923333 0 0 0 0
0.93 0 0 0 0
0.936667 0 0 0 0
0.943333 0 0 0 0
0.95 0 0 0 0
0.956667 0 0 0 0
0.963333 0 0 0 0
0.97 0 0 0 0
0.976667 0 0 0 0
0.983333 0 0 0 0
0.99 0 0 0 0
0.996667 0 0 0 0
1.00333 0 0 0 0
1.01 0 0 0 0
1.01667 0 0 0 0
1.02333 0 0 0 0
1.03 0 0 0 0
1.03667 0 0 0 0
1.04333 0 0 0 0
1.05 0 0 0 0
1.05667 0 0 0 0
1.06333 0 0 0 0
1.07 0 0 0 0
1.07667 0 0 0 0
1.08333 0 0 0 0
1.09 0 0 0 0
1.09667 0 0 0 0
1.10333 0 0 0 0
1.11 0 0 0 0
1.11667 0 0 0 0
1.12333 0 0 0 0
1.13 0 0 0 0
1.13667 0 0 0 0
1.14333 0 0 0 0
1.15 0 0 0 0
1.15667 0 0 0 0
1.16333 0 0 0 0
1.17 0 0 0 0
1.17667 0 0 0 0
1.18333 0 0 0 0
1.19 0 0 0 0
1.19667 0 0 0 0
1.20333 0 0 0 0
1.21 0 0 0 0
1.21667 0 0 0 0
1.22333 0 0 0 0
1.23 0 0 0 0
1.23667 0 0 0 0
1.24333 0 0 0 0
1.25 0 0 0 0
1.25667 0 0 0 0
1.26333 0 0 0 0
1.27 0 0 0 0
1.27667 0 0 0 0
1.28333 0 0 0 0
1.29 0 0 0 0
1.29667 0 0 0 0
1.30333 0 0 0 0
1.31 0 0 0 0
1.31667 0 0 0 0
1.32333 0 0 0 0
1.33 0 0 0 0
1.33667 0 0 0 0
1.34333 0 0 0 0
1.35 0 0 0 0
1.35667 0 0 0 0
1.36333 0 0 0 0
1.37 0 0 0 0
1.37667 0 0 0 0
1.38333 0 0 0 0
1.39 0 0 0 0
1.39667 0 0 0 0
1.40333 0 0 0 0
1.41 0 0 0 0
1.41667 0 0 0 0
1.42333 0 0 0 0
1.43 0 0 0 0
1.43667 0 0 0 0
1.44333 0 0 0 0
1.45 0 0 0 0
1.45667 0 0 0 0
1.46333 0 0 0 0
1.47 0 0 0 0
1.47667 0 0 0 0
1.48333 0 0 0 0
1.49 0 0 0 0
1.49667 0 0 0 0
1.50333 0 0 0 0
1.51 0 0 0 0
1.51667 0 0 0 0
1.52333 0 0 0 0
1.53 0 0 0 0
1.53667 0 0 0 0
1.54333 0 0 0 0
1.55 0 0 0 0
1.55667 0 0 0 0
1.56333 0 0 0 0
1.57 0 0 0 0
1.57667 0 0 0 0
1.58333 0 0 0 0
1.59 0 0 0 0
1.59667 0 0 0 0
1.60333 0 0 0 0
1.61 0 0 0 0
1.61667 0 0 0 0
1.62333 0 0 0 0
1.63 0 0 0 0
1.63667 0 0 0 0
1.64333 0 0 0 0
1.65 0 0 0 0
1.65667 0 0 0 0
1.66333 0 0 0 0
1.67 0 0 0 0
1.67667 0 0 0 0
1.68333 0 0 0 0
1.69 0 0 0 0
1.69667 0 0 0 0
1.70333 0 0 0 0
1.71 0 0 0 0
1.71667 0 0 0 0
1.72333 0 0 0 0
1.73 0 0 0 0
1.73667 0 0 0 0
1.74333 0 0 0 0
1.75 0 0 0 0
1.75667 0 0 0 0
1.76333 0 0 0 0
1.77 0 0 0 0
1.77667 0 0 0 0
1.78333 0 0 0 0
1.79 0 0 0 0
1.79667 0 0 0 0
1.80333 0 0 0 0
1.81 0 0 0 0
1.81667 0 0 0 0
1.82333 0 0 0 0
1.83 0 0 0 0
1.83667 0 0 0 0
1.84333 0 0 0 0
1.85 0 0 0 0
1.85667 0 0 0 0
1.86333 0 0 0 0
1.87 0 0 0 0
1.87667 0 0 0 0
1.88333 0 0 0 0
1.89 0 0 0 0
1.89667 0 0 0 0
1.90333 0 0 0 0
1.91 0 0 0 0
1.91667 0 0 0 0
1.92333 0 0 0 0
1.93 0 0 0 0
1.93667 0 0 0 0
1.94333 0 0 0 0
1.95 0 0 0 0
1.95667 0 0 0 0
1.96333 0 0 0 0
1.97 0 0 0 0
1.97667 0 0 0 0
1.98333 0 0 0 0
1.99 0 0 0 0
1.99667 0 0 0 0
