0.00333333 9 51 17 4
0.01 14 41 14 4
0.0166667 20 73 13 4
0.0233333 19 59 16 6
0.03 20 79 18 6
0.0366667 33 83 21 5
0.0433333 34 133 32 6
0.05 33 154 58 6
0.0566667 53 193 55 12
0.0633333 53 195 48 14
0.07 68 216 57 9
0.0766667 53 204 65 15
0.0833333 55 200 50 13
0.09 61 222 66 15
0.0966667 63 211 57 4
0.103333 58 197 56 5
0.11 40 206 62 15
0.116667 69 215 74 5
0.123333 44 222 46 8
0.13 39 217 52 7
0.136667 54 177 33 14
0.143333 33 204 40 6
0.15 30 164 45 8
0.156667 48 142 45 14
0.163333 46 139 37 9
0.17 45 141 41 7
0.176667 40 150 44 9
0.183333 49 156 43 18
0.19 43 132 45 12
0.196667 39 159 48 2
0.203333 32 153 51 7
0.21 47 142 39 7
0.216667 38 122 35 13
0.223333 34 126 35 4
0.23 28 118 30 10
0.236667 25 124 33 9
0.243333 24 112 23 4
0.25 31 108 26 9
0.256667 32 107 24 9
0.263333 19 98 20 11
0.27 30 74 23 8
0.276667 26 98 30 4
0.283333 18 90 26 8
0.29 20 82 25 4
0.296667 29 89 24 5
0.303333 18 74 26 5
0.31 19 85 27 3
0.316667 27 91 19 4
0.323333 23 59 22 1
0.33 24 58 20 3
0.336667 22 81 23 1
0.343333 15 63 19 2
0.35 20 73 24 2
0.356667 20 75 19 2
0.363333 16 68 16 4
0.37 16 66 21 5
0.376667 22 52 19 6
0.383333 18 69 16 6
0.39 10 62 16 4
0.396667 17 77 8 2
0.403333 16 51 15 5
0.41 21 48 18 1
0.416667 16 58 15 3
0.423333 19 62 22 4
0.43 13 59 15 6
0.436667 21 42 10 4
0.443333 18 47 20 2
0.45 20 57 14 2
0.456667 17 47 19 6
0.463333 20 53 18 4
0.47 12 55 13 6
0.476667 16 31 19 6
0.483333 17 36 10 6
0.49 8 33 14 5
0.496667 10 33 15 5
0.503333 10 32 13 2
0.51 11 35 4 5
0.516667 5 34 8 1
0.523333 4 30 6 1
0.53 11 34 6 2
0.536667 7 32 7 1
0.543333 8 25 12 2
0.55 5 30 11 2
0.556667 10 18 8 2
0.563333 11 28 10 4
0.57 4 29 10 3
0.576667 8 29 5 2
0.583333 4 19 11 4
0.59 6 25 6 3
0.596667 7 27 12 1
0.603333 9 32 4 1
0.61 7 25 6 1
0.616667 4 26 9 3
0.623333 9 21 6 1
0.63 11 26 7 8
0.636667 6 22 6 4
0.643333 10 18 6 2
0.65 3 27 6 1
0.656667 5 29 9 3
0.663333 299 1271 323 48
0.67 0 0 0 0
0.676667 0 0 0 0
0.683333 0 0 0 0
0.69 0 0 0 0
0.696667 0 0 0 0
0.703333 0 0 0 0
0.71 0 0 0 0
0.716667 0 0 0 0
0.723333 0 0 0 0
0.73 0 0 0 0
0.736667 0 0 0 0
0.743333 0 0 0 0
0.75 0 0 0 0
0.756667 0 0 0 0
0.763333 0 0 0 0
0.77 0 0 0 0
0.776667 0 0 0 0
0.783333 0 0 0 0
0.79 0 0 0 0
0.796667 0 0 0 0
0.803333 0 0 0 0
0.81 0 0 0 0
0.816667 0 0 0 0
0.823333 0 0 0 0
0.83 0 0 0 0
0.836667 0 0 0 0
0.843333 0 0 0 0
0.85 0 0 0 0
0.856667 0 0 0 0
0.863333 0 0 0 0
0.87 0 0 0 0
0.876667 0 0 0 0
0.883333 0 0 0 0
0.89 0 0 0 0
0.896667 0 0 0 0
0.903333 0 0 0 0
0.91 0 0 0 0
0.916667 0 0 0 0
0.923333 0 0 0 0
0.93 0 0 0 0
0.936667 0 0 0 0
0.943333 0 0 0 0
0.95 0 0 0 0
0.956667 0 0 0 0
0.963333 0 0 0 0
0.97 0 0 0 0
0.976667 0 0 0 0
0.983333 0 0 0 0
0.99 0 0 0 0
0.996667 0 0 0 0
1.00333 0 0 0 0
1.01 0 0 0 0
1.01667 0 0 0 0
1.02333 0 0 0 0
1.03 0 0 0 0
1.03667 0 0 0 0
1.04333 0 0 0 0
1.05 0 0 0 0
1.05667 0 0 0 0
1.06333 0 0 0 0
1.07 0 0 0 0
1.07667 0 0 0 0
1.08333 0 0 0 0
1.09 0 0 0 0
1.09667 0 0 0 0
1.10333 0 0 0 0
1.11 0 0 0 0
1.11667 0 0 0 0
1.12333 0 0 0 0
1.13 0 0 0 0
1.13667 0 0 0 0
1.14333 0 0 0 0
1.15 0 0 0 0
1.15667 0 0 0 0
1.16333 0 0 0 0
1.17 0 0 0 0
1.17667 0 0 0 0
1.18333 0 0 0 0
1.19 0 0 0 0
1.19667 0 0 0 0
1.20333 0 0 0 0
1.21 0 0 0 0
1.21667 0 0 0 0
1.22333 0 0 0 0
1.23 0 0 0 0
1.23667 0 0 0 0
1.24333 0 0 0 0
1.25 0 0 0 0
1.25667 0 0 0 0
1.26333 0 0 0 0
1.27 0 0 0 0
1.27667 0 0 0 0
1.28333 0 0 0 0
1.29 0 0 0 0
1.29667 0 0 0 0
1.30333 0 0 0 0
1.31 0 0 0 0
1.31667 0 0 0 0
1.32333 0 0 0 0
1.33 0 0 0 0
1.33667 0 0 0 0
1.34333 0 0 0 0
1.35 0 0 0 0
1.35667 0 0 0 0
1.36333 0 0 0 0
1.37 0 0 0 0
1.37667 0 0 0 0
1.38333 0 0 0 0
1.39 0 0 0 0
1.39667 0 0 0 0
1.40333 0 0 0 0
1.41 0 0 0 0
1.41667 0 0 0 0
1.42333 0 0 0 0
1.43 0 0 0 0
1.43667 0 0 0 0
1.44333 0 0 0 0
1.45 0 0 0 0
1.45667 0 0 0 0
1.46333 0 0 0 0
1.47 0 0 0 0
1.47667 0 0 0 0
1.48333 0 0 0 0
1.49 0 0 0 0
1.49667 0 0 0 0
1.50333 0 0 0 0
1.51 0 0 0 0
1.51667 0 0 0 0
1.52333 0 0 0 0
1.53 0 0 0 0
1.53667 0 0 0 0
1.54333 0 0 0 0
1.55 0 0 0 0
1.55667 0 0 0 0
1.56333 0 0 0 0
1.57 0 0 0 0
1.57667 0 0 0 0
1.58333 0 0 0 0
1.59 0 0 0 0
1.59667 0 0 0 0
1.60333 0 0 0 0
1.61 0 0 0 0
1.61667 0 0 0 0
1.62333 0 0 0 0
1.63 0 0 0 0
1.63667 0 0 0 0
1.64333 0 0 0 0
1.65 0 0 0 0
1.65667 0 0 0 0
1.66333 0 0 0 0
1.67 0 0 0 0
1.67667 0 0 0 0
1.68333 0 0 0 0
1.69 0 0 0 0
1.69667 0 0 0 0
1.70333 0 0 0 0
1.71 0 0 0 0
1.71667 0 0 0 0
1.72333 0 0 0 0
1.73 0 0 0 0
1.73667 0 0 0 0
1.74333 0 0 0 0
1.75 0 0 0 0
1.75667 0 0 0 0
1.76333 0 0 0 0
1.77 0 0 0 0
1.77667 0 0 0 0
1.78333 0 0 0 0
1.79 0 0 0 0
1.79667 0 0 0 0
1.80333 0 0 0 0
1.81 0 0 0 0
1.81667 0 0 0 0
1.82333 0 0 0 0
1.83 0 0 0 0
1.83667 0 0 0 0
1.84333 0 0 0 0
1.85 0 0 0 0
1.85667 0 0 0 0
1.86333 0 0 0 0
1.87 0 0 0 0
1.87667 0 0 0 0
1.88333 0 0 0 0
1.89 0 0 0 0
1.89667 0 0 0 0
1.90333 0 0 0 0
1.91 0 0 0 0
1.91667 0 0 0 0
1.92333 0 0 0 0
1.93 0 0 0 0
1.93667 0 0 0 0
1.94333 0 0 0 0
1.95 0 0 0 0
1.95667 0 0 0 0
1.96333 0 0 0 0
1.97 0 0 0 0
1.97667 0 0 0 0
1.98333 0 0 0 0
1.99 0 0 0 0
1.99667 0 0 0 0
