0.00333333 13 78 10 2
0.01 15 84 10 0
0.0166667 19 90 15 2
0.0233333 26 98 7 3
0.03 21 101 14 5
0.0366667 36 110 18 3
0.0433333 44 160 17 4
0.05 46 208 29 4
0.0566667 54 240 27 6
0.0633333 84 284 34 6
0.07 100 257 38 7
0.0766667 67 302 43 2
0.0833333 77 275 56 5
0.09 83 294 32 10
0.0966667 69 319 40 6
0.103333 70 309 38 8
0.11 79 293 38 7
0.116667 65 306 50 8
0.123333 70 307 25 2
0.13 48 287 27 4
0.136667 50 294 35 9
0.143333 62 281 30 3
0.15 41 280 42 5
0.156667 51 288 45 5
0.163333 40 247 30 4
0.17 47 254 32 6
0.176667 55 247 28 4
0.183333 44 264 29 5
0.19 48 272 35 3
0.196667 51 285 38 7
0.203333 44 245 28 3
0.21 54 242 27 6
0.216667 33 226 30 3
0.223333 58 215 26 4
0.23 34 200 26 0
0.236667 40 206 27 4
0.243333 42 183 18 3
0.25 38 173 19 8
0.256667 35 188 20 4
0.263333 31 193 16 4
0.27 31 166 15 3
0.276667 33 168 25 2
0.283333 26 140 16 1
0.29 32 145 16 1
0.296667 26 173 13 4
0.303333 26 129 10 2
0.31 33 140 19 1
0.316667 36 134 16 3
0.323333 37 109 10 3
0.33 16 120 26 4
0.336667 23 106 19 1
0.343333 31 120 18 1
0.35 24 118 19 1
0.356667 27 84 10 5
0.363333 24 105 14 1
0.37 26 102 18 3
0.376667 17 99 15 3
0.383333 16 102 14 6
0.39 21 88 15 4
0.396667 25 100 19 1
0.403333 24 95 7 2
0.41 18 85 19 4
0.416667 16 79 15 6
0.423333 20 78 9 0
0.43 29 93 18 1
0.436667 15 84 20 0
0.443333 15 95 11 2
0.45 18 87 19 3
0.456667 16 87 6 5
0.463333 23 100 16 2
0.47 15 93 8 1
0.476667 21 65 14 3
0.483333 16 57 4 0
0.49 10 65 9 3
0.496667 10 47 7 0
0.503333 4 49 10 2
0.51 15 58 7 0
0.516667 12 40 13 2
0.523333 5 48 7 1
0.53 14 32 7 1
0.536667 16 41 4 2
0.543333 12 47 12 1
0.55 16 45 4 3
0.556667 12 40 6 1
0.563333 11 47 7 1
0.57 10 32 8 1
0.576667 11 46 10 0
0.583333 11 42 7 2
0.59 6 50 8 0
0.596667 13 40 5 2
0.603333 13 50 8 0
0.61 8 47 5 0
0.616667 8 33 8 1
0.623333 8 42 9 0
0.63 7 35 6 0
0.636667 9 42 5 2
0.643333 4 36 9 4
0.65 8 39 7 0
0.656667 11 41 6 1
0.663333 300 2952 310 16
0.67 0 0 0 0
0.676667 0 0 0 0
0.683333 0 0 0 0
0.69 0 0 0 0
0.696667 0 0 0 0
0.703333 0 0 0 0
0.71 0 0 0 0
0.716667 0 0 0 0
0.723333 0 0 0 0
0.73 0 0 0 0
0.736667 0 0 0 0
0.743333 0 0 0 0
0.75 0 0 0 0
0.756667 0 0 0 0
0.763333 0 0 0 0
0.77 0 0 0 0
0.776667 0 0 0 0
0.783333 0 0 0 0
0.79 0 0 0 0
0.796667 0 0 0 0
0.803333 0 0 0 0
0.81 0 0 0 0
0.816667 0 0 0 0
0.823333 0 0 0 0
0.83 0 0 0 0
0.836667 0 0 0 0
0.843333 0 0 0 0
0.85 0 0 0 0
0.856667 0 0 0 0
0.863333 0 0 0 0
0.87 0 0 0 0
0.876667 0 0 0 0
0.883333 0 0 0 0
0.89 0 0 0 0
0.896667 0 0 0 0
0.903333 0 0 0 0
0.91 0 0 0 0
0.916667 0 0 0 0
0.923333 0 0 0 0
0.93 0 0 0 0
0.936667 0 0 0 0
0.943333 0 0 0 0
0.95 0 0 0 0
0.956667 0 0 0 0
0.963333 0 0 0 0
0.97 0 0 0 0
0.976667 0 0 0 0
0.983333 0 0 0 0
0.99 0 0 0 0
0.996667 0 0 0 0
1.00333 0 0 0 0
1.01 0 0 0 0
1.01667 0 0 0 0
1.02333 0 0 0 0
1.03 0 0 0 0
1.03667 0 0 0 0
1.04333 0 0 0 0
1.05 0 0 0 0
1.05667 0 0 0 0
1.06333 0 0 0 0
1.07 0 0 0 0
1.07667 0 0 0 0
1.08333 0 0 0 0
1.09 0 0 0 0
1.09667 0 0 0 0
1.10333 0 0 0 0
1.11 0 0 0 0
1.11667 0 0 0 0
1.12333 0 0 0 0
1.13 0 0 0 0
1.13667 0 0 0 0
1.14333 0 0 0 0
1.15 0 0 0 0
1.15667 0 0 0 0
1.16333 0 0 0 0
1.17 0 0 0 0
1.17667 0 0 0 0
1.18333 0 0 0 0
1.19 0 0 0 0
1.19667 0 0 0 0
1.20333 0 0 0 0
1.21 0 0 0 0
1.21667 0 0 0 0
1.22333 0 0 0 0
1.23 0 0 0 0
1.23667 0 0 0 0
1.24333 0 0 0 0
1.25 0 0 0 0
1.25667 0 0 0 0
1.26333 0 0 0 0
1.27 0 0 0 0
1.27667 0 0 0 0
1.28333 0 0 0 0
1.29 0 0 0 0
1.29667 0 0 0 0
1.30333 0 0 0 0
1.31 0 0 0 0
1.31667 0 0 0 0
1.32333 0 0 0 0
1.33 0 0 0 0
1.33667 0 0 0 0
1.34333 0 0 0 0
1.35 0 0 0 0
1.35667 0 0 0 0
1.36333 0 0 0 0
1.37 0 0 0 0
1.37667 0 0 0 0
1.38333 0 0 0 0
1.39 0 0 0 0
1.39667 0 0 0 0
1.40333 0 0 0 0
1.41 0 0 0 0
1.41667 0 0 0 0
1.42333 0 0 0 0
1.43 0 0 0 0
1.43667 0 0 0 0
1.44333 0 0 0 0
1.45 0 0 0 0
1.45667 0 0 0 0
1.46333 0 0 0 0
1.47 0 0 0 0
1.47667 0 0 0 0
1.48333 0 0 0 0
1.49 0 0 0 0
1.49667 0 0 0 0
1.50333 0 0 0 0
1.51 0 0 0 0
1.51667 0 0 0 0
1.52333 0 0 0 0
1.53 0 0 0 0
1.53667 0 0 0 0
1.54333 0 0 0 0
1.55 0 0 0 0
1.55667 0 0 0 0
1.56333 0 0 0 0
1.57 0 0 0 0
1.57667 0 0 0 0
1.58333 0 0 0 0
1.59 0 0 0 0
1.59667 0 0 0 0
1.60333 0 0 0 0
1.61 0 0 0 0
1.61667 0 0 0 0
1.62333 0 0 0 0
1.63 0 0 0 0
1.63667 0 0 0 0
1.64333 0 0 0 0
1.65 0 0 0 0
1.65667 0 0 0 0
1.66333 0 0 0 0
1.67 0 0 0 0
1.67667 0 0 0 0
1.68333 0 0 0 0
1.69 0 0 0 0
1.69667 0 0 0 0
1.70333 0 0 0 0
1.71 0 0 0 0
1.71667 0 0 0 0
1.72333 0 0 0 0
1.73 0 0 0 0
1.73667 0 0 0 0
1.74333 0 0 0 0
1.75 0 0 0 0
1.75667 0 0 0 0
1.76333 0 0 0 0
1.77 0 0 0 0
1.77667 0 0 0 0
1.78333 0 0 0 0
1.79 0 0 0 0
1.79667 0 0 0 0
1.80333 0 0 0 0
1.81 0 0 0 0
1.81667 0 0 0 0
1.82333 0 0 0 0
1.83 0 0 0 0
1.83667 0 0 0 0
1.84333 0 0 0 0
1.85 0 0 0 0
1.85667 0 0 0 0
1.86333 0 0 0 0
1.87 0 0 0 0
1.87667 0 0 0 0
1.88333 0 0 0 0
1.89 0 0 0 0
1.89667 0 0 0 0
1.90333 0 0 0 0
1.91 0 0 0 0
1.91667 0 0 0 0
1.92333 0 0 0 0
1.93 0 0 0 0
1.93667 0 0 0 0
1.94333 0 0 0 0
1.95 0 0 0 0
1.95667 0 0 0 0
1.96333 0 0 0 0
1.97 0 0 0 0
1.97667 0 0 0 0
1.98333 0 0 0 0
1.99 0 0 0 0
1.99667 0 0 0 0
