0.00333333 27 19 6 7
0.01 57 21 8 4
0.0166667 51 28 7 4
0.0233333 58 28 7 4
0.03 44 37 11 4
0.0366667 52 44 7 8
0.0433333 69 62 7 11
0.05 82 70 11 10
0.0566667 70 83 11 5
0.0633333 87 81 15 8
0.07 81 81 11 11
0.0766667 124 89 14 8
0.0833333 87 95 19 7
0.09 105 105 14 18
0.0966667 93 90 16 13
0.103333 94 113 13 10
0.11 90 86 15 15
0.116667 107 94 18 14
0.123333 106 88 12 10
0.13 98 93 15 18
0.136667 108 85 14 10
0.143333 89 73 7 15
0.15 106 57 4 15
0.156667 94 66 6 12
0.163333 112 56 13 10
0.17 97 62 10 12
0.176667 118 70 16 8
0.183333 113 71 10 22
0.19 129 57 10 18
0.196667 134 59 5 14
0.203333 108 42 7 12
0.21 114 58 11 11
0.216667 95 48 12 13
0.223333 90 56 12 14
0.23 88 54 5 14
0.236667 89 59 4 12
0.243333 80 56 11 11
0.25 76 46 7 8
0.256667 76 48 5 9
0.263333 80 47 6 7
0.27 73 51 16 4
0.276667 84 60 7 7
0.283333 79 38 7 14
0.29 64 48 8 10
0.296667 64 28 11 10
0.303333 68 35 5 8
0.31 60 45 8 5
0.316667 60 32 3 8
0.323333 59 42 5 6
0.33 60 46 3 6
0.336667 66 30 11 6
0.343333 54 25 2 9
0.35 39 37 3 8
0.356667 60 31 8 7
0.363333 69 32 8 6
0.37 41 26 9 4
0.376667 47 40 9 8
0.383333 53 29 9 10
0.39 51 31 4 15
0.396667 48 25 3 11
0.403333 53 29 8 6
0.41 50 22 4 7
0.416667 56 26 6 7
0.423333 41 28 4 6
0.43 62 32 3 8
0.436667 53 30 6 9
0.443333 42 32 0 9
0.45 41 27 4 6
0.456667 43 23 6 7
0.463333 48 27 5 10
0.47 53 20 2 5
0.476667 26 22 5 12
0.483333 23 25 4 2
0.49 24 18 2 7
0.496667 17 20 1 8
0.503333 24 16 6 2
0.51 13 20 2 5
0.516667 21 20 3 9
0.523333 17 15 7 4
0.53 19 12 3 5
0.536667 18 11 1 11
0.543333 10 12 2 4
0.55 15 19 3 5
0.556667 17 16 0 3
0.563333 13 17 2 3
0.57 22 15 4 3
0.576667 15 17 4 8
0.583333 19 22 2 2
0.59 11 13 1 6
0.596667 11 9 4 5
0.603333 16 19 1 3
0.61 17 9 7 2
0.616667 14 17 3 1
0.623333 10 16 1 3
0.63 11 15 1 0
0.636667 19 15 2 6
0.643333 10 15 1 8
0.65 7 8 3 2
0.656667 13 14 2 3
0.663333 2095 531 60 337
0.67 0 0 0 0
0.676667 0 0 0 0
0.683333 0 0 0 0
0.69 0 0 0 0
0.696667 0 0 0 0
0.703333 0 0 0 0
0.71 0 0 0 0
0.716667 0 0 0 0
0.723333 0 0 0 0
0.73 0 0 0 0
0.736667 0 0 0 0
0.743333 0 0 0 0
0.75 0 0 0 0
0.756667 0 0 0 0
0.763333 0 0 0 0
0.77 0 0 0 0
0.776667 0 0 0 0
0.783333 0 0 0 0
0.79 0 0 0 0
0.796667 0 0 0 0
0.803333 0 0 0 0
0.81 0 0 0 0
0.816667 0 0 0 0
0.823333 0 0 0 0
0.83 0 0 0 0
0.836667 0 0 0 0
0.843333 0 0 0 0
0.85 0 0 0 0
0.856667 0 0 0 0
0.863333 0 0 0 0
0.87 0 0 0 0
0.876667 0 0 0 0
0.883333 0 0 0 0
0.89 0 0 0 0
0.896667 0 0 0 0
0.903333 0 0 0 0
0.91 0 0 0 0
0.916667 0 0 0 0
0.923333 0 0 0 0
0.93 0 0 0 0
0.936667 0 0 0 0
0.943333 0 0 0 0
0.95 0 0 0 0
0.956667 0 0 0 0
0.963333 0 0 0 0
0.97 0 0 0 0
0.976667 0 0 0 0
0.983333 0 0 0 0
0.99 0 0 0 0
0.996667 0 0 0 0
1.00333 0 0 0 0
1.01 0 0 0 0
1.01667 0 0 0 0
1.02333 0 0 0 0
1.03 0 0 0 0
1.03667 0 0 0 0
1.04333 0 0 0 0
1.05 0 0 0 0
1.05667 0 0 0 0
1.06333 0 0 0 0
1.07 0 0 0 0
1.07667 0 0 0 0
1.08333 0 0 0 0
1.09 0 0 0 0
1.09667 0 0 0 0
1.10333 0 0 0 0
1.11 0 0 0 0
1.11667 0 0 0 0
1.12333 0 0 0 0
1.13 0 0 0 0
1.13667 0 0 0 0
1.14333 0 0 0 0
1.15 0 0 0 0
1.15667 0 0 0 0
1.16333 0 0 0 0
1.17 0 0 0 0
1.17667 0 0 0 0
1.18333 0 0 0 0
1.19 0 0 0 0
1.19667 0 0 0 0
1.20333 0 0 0 0
1.21 0 0 0 0
1.21667 0 0 0 0
1.22333 0 0 0 0
1.23 0 0 0 0
1.23667 0 0 0 0
1.24333 0 0 0 0
1.25 0 0 0 0
1.25667 0 0 0 0
1.26333 0 0 0 0
1.27 0 0 0 0
1.27667 0 0 0 0
1.28333 0 0 0 0
1.29 0 0 0 0
1.29667 0 0 0 0
1.30333 0 0 0 0
1.31 0 0 0 0
1.31667 0 0 0 0
1.32333 0 0 0 0
1.33 0 0 0 0
1.33667 0 0 0 0
1.34333 0 0 0 0
1.35 0 0 0 0
1.35667 0 0 0 0
1.36333 0 0 0 0
1.37 0 0 0 0
1.37667 0 0 0 0
1.38333 0 0 0 0
1.39 0 0 0 0
1.39667 0 0 0 0
1.40333 0 0 0 0
1.41 0 0 0 0
1.41667 0 0 0 0
1.42333 0 0 0 0
1.43 0 0 0 0
1.43667 0 0 0 0
1.44333 0 0 0 0
1.45 0 0 0 0
1.45667 0 0 0 0
1.46333 0 0 0 0
1.47 0 0 0 0
1.47667 0 0 0 0
1.48333 0 0 0 0
1.49 0 0 0 0
1.49667 0 0 0 0
1.50333 0 0 0 0
1.51 0 0 0 0
1.51667 0 0 0 0
1.52333 0 0 0 0
1.53 0 0 0 0
1.53667 0 0 0 0
1.54333 0 0 0 0
1.55 0 0 0 0
1.55667 0 0 0 0
1.56333 0 0 0 0
1.57 0 0 0 0
1.57667 0 0 0 0
1.58333 0 0 0 0
1.59 0 0 0 0
1.59667 0 0 0 0
1.60333 0 0 0 0
1.61 0 0 0 0
1.61667 0 0 0 0
1.62333 0 0 0 0
1.63 0 0 0 0
1.63667 0 0 0 0
1.64333 0 0 0 0
1.65 0 0 0 0
1.65667 0 0 0 0
1.66333 0 0 0 0
1.67 0 0 0 0
1.67667 0 0 0 0
1.68333 0 0 0 0
1.69 0 0 0 0
1.69667 0 0 0 0
1.70333 0 0 0 0
1.71 0 0 0 0
1.71667 0 0 0 0
1.72333 0 0 0 0
1.73 0 0 0 0
1.73667 0 0 0 0
1.74333 0 0 0 0
1.75 0 0 0 0
1.75667 0 0 0 0
1.76333 0 0 0 0
1.77 0 0 0 0
1.77667 0 0 0 0
1.78333 0 0 0 0
1.79 0 0 0 0
1.79667 0 0 0 0
1.80333 0 0 0 0
1.81 0 0 0 0
1.81667 0 0 0 0
1.82333 0 0 0 0
1.83 0 0 0 0
1.83667 0 0 0 0
1.84333 0 0 0 0
1.85 0 0 0 0
1.85667 0 0 0 0
1.86333 0 0 0 0
1.87 0 0 0 0
1.87667 0 0 0 0
1.88333 0 0 0 0
1.89 0 0 0 0
1.89667 0 0 0 0
1.90333 0 0 0 0
1.91 0 0 0 0
1.91667 0 0 0 0
1.92333 0 0 0 0
1.93 0 0 0 0
1.93667 0 0 0 0
1.94333 0 0 0 0
1.95 0 0 0 0
1.95667 0 0 0 0
1.96333 0 0 0 0
1.97 0 0 0 0
1.97667 0 0 0 0
1.98333 0 0 0 0
1.99 0 0 0 0
1.99667 0 0 0 0
