0.00333333 65 24 2 1
0.01 70 22 2 0
0.0166667 76 34 1 1
0.0233333 59 30 1 0
0.03 69 22 0 0
0.0366667 72 39 0 0
0.0433333 90 43 0 1
0.05 91 45 1 1
0.0566667 86 52 1 0
0.0633333 97 35 2 2
0.07 111 48 2 1
0.0766667 120 44 2 2
0.0833333 142 60 1 1
0.09 142 62 1 2
0.0966667 134 58 2 0
0.103333 132 61 3 0
0.11 150 72 3 1
0.116667 139 81 1 1
0.123333 144 67 2 0
0.13 146 64 2 1
0.136667 139 50 0 0
0.143333 121 71 4 1
0.15 136 57 1 3
0.156667 125 60 1 0
0.163333 134 69 0 1
0.17 115 65 2 3
0.176667 132 52 0 3
0.183333 151 63 1 1
0.19 156 76 2 2
0.196667 157 83 0 1
0.203333 131 75 3 2
0.21 144 65 3 1
0.216667 145 59 0 1
0.223333 128 74 1 2
0.23 134 65 0 1
0.236667 135 66 0 0
0.243333 137 62 1 2
0.25 105 65 1 0
0.256667 117 63 0 0
0.263333 128 59 3 2
0.27 108 47 0 1
0.276667 108 41 1 1
0.283333 124 43 0 2
0.29 83 53 1 1
0.296667 93 64 0 0
0.303333 106 38 3 3
0.31 65 42 0 0
0.316667 94 53 0 1
0.323333 90 39 0 1
0.33 87 39 0 2
0.336667 89 52 2 2
0.343333 68 31 1 1
0.35 73 31 1 1
0.356667 74 38 3 1
0.363333 84 38 1 2
0.37 81 46 0 0
0.376667 78 32 3 1
0.383333 75 42 1 0
0.39 96 30 0 1
0.396667 65 34 0 1
0.403333 68 34 2 1
0.41 88 39 1 1
0.416667 86 42 0 2
0.423333 85 37 0 0
0.43 63 31 0 1
0.436667 78 38 0 1
0.443333 90 38 2 1
0.45 74 27 0 1
0.456667 77 36 1 0
0.463333 96 30 2 0
0.47 81 41 4 1
0.476667 59 30 0 2
0.483333 38 24 0 1
0.49 44 19 0 0
0.496667 41 26 1 1
0.503333 51 21 1 2
0.51 63 13 2 0
0.516667 22 16 0 1
0.523333 47 12 1 1
0.53 46 17 0 0
0.536667 54 17 0 0
0.543333 40 14 1 0
0.55 40 18 1 0
0.556667 41 15 0 0
0.563333 31 10 1 0
0.57 32 24 0 2
0.576667 24 17 1 0
0.583333 40 22 0 1
0.59 37 11 0 0
0.596667 30 13 0 0
0.603333 35 9 0 1
0.61 29 4 0 1
0.616667 35 10 1 0
0.623333 32 13 2 0
0.63 25 11 0 1
0.636667 46 14 0 2
0.643333 26 15 0 1
0.65 23 10 1 1
0.656667 35 9 0 2
0.663333 2773 1549 12 15
0.67 0 0 0 0
0.676667 0 0 0 0
0.683333 0 0 0 0
0.69 0 0 0 0
0.696667 0 0 0 0
0.703333 0 0 0 0
0.71 0 0 0 0
0.716667 0 0 0 0
0.723333 0 0 0 0
0.73 0 0 0 0
0.736667 0 0 0 0
0.743333 0 0 0 0
0.75 0 0 0 0
0.756667 0 0 0 0
0.763333 0 0 0 0
0.77 0 0 0 0
0.776667 0 0 0 0
0.783333 0 0 0 0
0.79 0 0 0 0
0.796667 0 0 0 0
0.803333 0 0 0 0
0.81 0 0 0 0
0.816667 0 0 0 0
0.823333 0 0 0 0
0.83 0 0 0 0
0.836667 0 0 0 0
0.843333 0 0 0 0
0.85 0 0 0 0
0.856667 0 0 0 0
0.863333 0 0 0 0
0.87 0 0 0 0
0.876667 0 0 0 0
0.883333 0 0 0 0
0.89 0 0 0 0
0.896667 0 0 0 0
0.903333 0 0 0 0
0.91 0 0 0 0
0.916667 0 0 0 0
0.923333 0 0 0 0
0.93 0 0 0 0
0.936667 0 0 0 0
0.943333 0 0 0 0
0.95 0 0 0 0
0.956667 0 0 0 0
0.963333 0 0 0 0
0.97 0 0 0 0
0.976667 0 0 0 0
0.983333 0 0 0 0
0.99 0 0 0 0
0.996667 0 0 0 0
1.00333 0 0 0 0
1.01 0 0 0 0
1.01667 0 0 0 0
1.02333 0 0 0 0
1.03 0 0 0 0
1.03667 0 0 0 0
1.04333 0 0 0 0
1.05 0 0 0 0
1.05667 0 0 0 0
1.06333 0 0 0 0
1.07 0 0 0 0
1.07667 0 0 0 0
1.08333 0 0 0 0
1.09 0 0 0 0
1.09667 0 0 0 0
1.10333 0 0 0 0
1.11 0 0 0 0
1.11667 0 0 0 0
1.12333 0 0 0 0
1.13 0 0 0 0
1.13667 0 0 0 0
1.14333 0 0 0 0
1.15 0 0 0 0
1.15667 0 0 0 0
1.16333 0 0 0 0
1.17 0 0 0 0
1.17667 0 0 0 0
1.18333 0 0 0 0
1.19 0 0 0 0
1.19667 0 0 0 0
1.20333 0 0 0 0
1.21 0 0 0 0
1.21667 0 0 0 0
1.22333 0 0 0 0
1.23 0 0 0 0
1.23667 0 0 0 0
1.24333 0 0 0 0
1.25 0 0 0 0
1.25667 0 0 0 0
1.26333 0 0 0 0
1.27 0 0 0 0
1.27667 0 0 0 0
1.28333 0 0 0 0
1.29 0 0 0 0
1.29667 0 0 0 0
1.30333 0 0 0 0
1.31 0 0 0 0
1.31667 0 0 0 0
1.32333 0 0 0 0
1.33 0 0 0 0
1.33667 0 0 0 0
1.34333 0 0 0 0
1.35 0 0 0 0
1.35667 0 0 0 0
1.36333 0 0 0 0
1.37 0 0 0 0
1.37667 0 0 0 0
1.38333 0 0 0 0
1.39 0 0 0 0
1.39667 0 0 0 0
1.40333 0 0 0 0
1.41 0 0 0 0
1.41667 0 0 0 0
1.42333 0 0 0 0
1.43 0 0 0 0
1.43667 0 0 0 0
1.44333 0 0 0 0
1.45 0 0 0 0
1.45667 0 0 0 0
1.46333 0 0 0 0
1.47 0 0 0 0
1.47667 0 0 0 0
1.48333 0 0 0 0
1.49 0 0 0 0
1.49667 0 0 0 0
1.50333 0 0 0 0
1.51 0 0 0 0
1.51667 0 0 0 0
1.52333 0 0 0 0
1.53 0 0 0 0
1.53667 0 0 0 0
1.54333 0 0 0 0
1.55 0 0 0 0
1.55667 0 0 0 0
1.56333 0 0 0 0
1.57 0 0 0 0
1.57667 0 0 0 0
1.58333 0 0 0 0
1.59 0 0 0 0
1.59667 0 0 0 0
1.60333 0 0 0 0
1.61 0 0 0 0
1.61667 0 0 0 0
1.62333 0 0 0 0
1.63 0 0 0 0
1.63667 0 0 0 0
1.64333 0 0 0 0
1.65 0 0 0 0
1.65667 0 0 0 0
1.66333 0 0 0 0
1.67 0 0 0 0
1.67667 0 0 0 0
1.68333 0 0 0 0
1.69 0 0 0 0
1.69667 0 0 0 0
1.70333 0 0 0 0
1.71 0 0 0 0
1.71667 0 0 0 0
1.72333 0 0 0 0
1.73 0 0 0 0
1.73667 0 0 0 0
1.74333 0 0 0 0
1.75 0 0 0 0
1.75667 0 0 0 0
1.76333 0 0 0 0
1.77 0 0 0 0
1.77667 0 0 0 0
1.78333 0 0 0 0
1.79 0 0 0 0
1.79667 0 0 0 0
1.80333 0 0 0 0
1.81 0 0 0 0
1.81667 0 0 0 0
1.82333 0 0 0 0
1.83 0 0 0 0
1.83667 0 0 0 0
1.84333 0 0 0 0
1.85 0 0 0 0
1.85667 0 0 0 0
1.86333 0 0 0 0
1.87 0 0 0 0
1.87667 0 0 0 0
1.88333 0 0 0 0
1.89 0 0 0 0
1.89667 0 0 0 0
1.90333 0 0 0 0
1.91 0 0 0 0
1.91667 0 0 0 0
1.92333 0 0 0 0
1.93 0 0 0 0
1.93667 0 0 0 0
1.94333 0 0 0 0
1.95 0 0 0 0
1.95667 0 0 0 0
1.96333 0 0 0 0
1.97 0 0 0 0
1.97667 0 0 0 0
1.98333 0 0 0 0
1.99 0 0 0 0
1.99667 0 0 0 0
