0.00333333 15 96 4 4
0.01 30 103 6 9
0.0166667 23 111 5 14
0.0233333 21 113 10 5
0.03 14 110 7 12
0.0366667 23 132 7 7
0.0433333 25 118 11 6
0.05 37 133 14 1
0.0566667 41 164 15 8
0.0633333 31 132 13 12
0.07 35 158 14 14
0.0766667 35 158 16 12
0.0833333 37 171 16 20
0.09 34 166 20 12
0.0966667 38 156 10 10
0.103333 46 166 15 17
0.11 53 176 14 10
0.116667 61 169 18 18
0.123333 39 143 15 11
0.13 44 190 11 17
0.136667 43 169 8 12
0.143333 38 204 11 8
0.15 34 198 13 12
0.156667 51 230 7 14
0.163333 59 182 17 9
0.17 39 175 7 13
0.176667 42 198 10 8
0.183333 43 220 11 8
0.19 55 270 8 22
0.196667 47 314 11 20
0.203333 35 269 5 22
0.21 65 265 11 13
0.216667 59 250 8 13
0.223333 47 202 8 16
0.23 54 206 9 9
0.236667 42 210 9 16
0.243333 42 175 7 6
0.25 43 179 11 7
0.256667 31 170 10 10
0.263333 43 154 9 12
0.27 36 156 6 5
0.276667 36 176 10 3
0.283333 32 171 3 8
0.29 36 143 8 4
0.296667 37 137 10 7
0.303333 31 132 6 9
0.31 26 132 11 8
0.316667 35 139 7 6
0.323333 28 117 4 7
0.33 34 154 5 10
0.336667 35 134 7 13
0.343333 15 119 3 10
0.35 23 126 3 6
0.356667 36 110 6 4
0.363333 30 119 2 5
0.37 23 120 9 7
0.376667 20 117 6 11
0.383333 25 113 4 9
0.39 29 103 5 6
0.396667 28 113 5 8
0.403333 24 106 6 14
0.41 28 91 3 6
0.416667 22 127 2 11
0.423333 31 117 7 5
0.43 23 100 9 8
0.436667 27 111 4 6
0.443333 36 134 3 8
0.45 23 130 7 5
0.456667 30 129 7 6
0.463333 29 97 5 9
0.47 27 109 6 8
0.476667 19 82 8 6
0.483333 11 55 3 7
0.49 14 49 5 4
0.496667 19 38 4 6
0.503333 10 27 8 7
0.51 16 22 3 6
0.516667 15 25 1 6
0.523333 4 29 3 3
0.53 14 24 7 2
0.536667 11 34 3 6
0.543333 13 22 3 2
0.55 11 29 2 4
0.556667 11 17 2 5
0.563333 5 14 5 5
0.57 11 21 3 5
0.576667 9 23 2 1
0.583333 9 17 6 4
0.59 9 13 2 2
0.596667 10 23 9 5
0.603333 15 20 2 3
0.61 11 18 1 4
0.616667 8 18 2 4
0.623333 16 12 4 4
0.63 9 21 3 5
0.636667 11 41 3 4
0.643333 8 13 4 5
0.65 16 13 3 4
0.656667 4 21 4 3
0.663333 1316 7016 89 437
0.67 0 0 0 0
0.676667 0 0 0 0
0.683333 0 0 0 0
0.69 0 0 0 0
0.696667 0 0 0 0
0.703333 0 0 0 0
0.71 0 0 0 0
0.716667 0 0 0 0
0.723333 0 0 0 0
0.73 0 0 0 0
0.736667 0 0 0 0
0.743333 0 0 0 0
0.75 0 0 0 0
0.756667 0 0 0 0
0.763333 0 0 0 0
0.77 0 0 0 0
0.776667 0 0 0 0
0.783333 0 0 0 0
0.79 0 0 0 0
0.796667 0 0 0 0
0.803333 0 0 0 0
0.81 0 0 0 0
0.816667 0 0 0 0
0.823333 0 0 0 0
0.83 0 0 0 0
0.836667 0 0 0 0
0.843333 0 0 0 0
0.85 0 0 0 0
0.856667 0 0 0 0
0.863333 0 0 0 0
0.87 0 0 0 0
0.876667 0 0 0 0
0.883333 0 0 0 0
0.89 0 0 0 0
0.896667 0 0 0 0
0.903333 0 0 0 0
0.91 0 0 0 0
0.916667 0 0 0 0
0.923333 0 0 0 0
0.93 0 0 0 0
0.936667 0 0 0 0
0.943333 0 0 0 0
0.95 0 0 0 0
0.956667 0 0 0 0
0.963333 0 0 0 0
0.97 0 0 0 0
0.976667 0 0 0 0
0.983333 0 0 0 0
0.99 0 0 0 0
0.996667 0 0 0 0
1.00333 0 0 0 0
1.01 0 0 0 0
1.01667 0 0 0 0
1.02333 0 0 0 0
1.03 0 0 0 0
1.03667 0 0 0 0
1.04333 0 0 0 0
1.05 0 0 0 0
1.05667 0 0 0 0
1.06333 0 0 0 0
1.07 0 0 0 0
1.07667 0 0 0 0
1.08333 0 0 0 0
1.09 0 0 0 0
1.09667 0 0 0 0
1.10333 0 0 0 0
1.11 0 0 0 0
1.11667 0 0 0 0
1.12333 0 0 0 0
1.13 0 0 0 0
1.13667 0 0 0 0
1.14333 0 0 0 0
1.15 0 0 0 0
1.15667 0 0 0 0
1.16333 0 0 0 0
1.17 0 0 0 0
1.17667 0 0 0 0
1.18333 0 0 0 0
1.19 0 0 0 0
1.19667 0 0 0 0
1.20333 0 0 0 0
1.21 0 0 0 0
1.21667 0 0 0 0
1.22333 0 0 0 0
1.23 0 0 0 0
1.23667 0 0 0 0
1.24333 0 0 0 0
1.25 0 0 0 0
1.25667 0 0 0 0
1.26333 0 0 0 0
1.27 0 0 0 0
1.27667 0 0 0 0
1.28333 0 0 0 0
1.29 0 0 0 0
1.29667 0 0 0 0
1.30333 0 0 0 0
1.31 0 0 0 0
1.31667 0 0 0 0
1.32333 0 0 0 0
1.33 0 0 0 0
1.33667 0 0 0 0
1.34333 0 0 0 0
1.35 0 0 0 0
1.35667 0 0 0 0
1.36333 0 0 0 0
1.37 0 0 0 0
1.37667 0 0 0 0
1.38333 0 0 0 0
1.39 0 0 0 0
1.39667 0 0 0 0
1.40333 0 0 0 0
1.41 0 0 0 0
1.41667 0 0 0 0
1.42333 0 0 0 0
1.43 0 0 0 0
1.43667 0 0 0 0
1.44333 0 0 0 0
1.45 0 0 0 0
1.45667 0 0 0 0
1.46333 0 0 0 0
1.47 0 0 0 0
1.47667 0 0 0 0
1.48333 0 0 0 0
1.49 0 0 0 0
1.49667 0 0 0 0
1.50333 0 0 0 0
1.51 0 0 0 0
1.51667 0 0 0 0
1.52333 0 0 0 0
1.53 0 0 0 0
1.53667 0 0 0 0
1.54333 0 0 0 0
1.55 0 0 0 0
1.55667 0 0 0 0
1.56333 0 0 0 0
1.57 0 0 0 0
1.57667 0 0 0 0
1.58333 0 0 0 0
1.59 0 0 0 0
1.59667 0 0 0 0
1.60333 0 0 0 0
1.61 0 0 0 0
1.61667 0 0 0 0
1.62333 0 0 0 0
1.63 0 0 0 0
1.63667 0 0 0 0
1.64333 0 0 0 0
1.65 0 0 0 0
1.65667 0 0 0 0
1.66333 0 0 0 0
1.67 0 0 0 0
1.67667 0 0 0 0
1.68333 0 0 0 0
1.69 0 0 0 0
1.69667 0 0 0 0
1.70333 0 0 0 0
1.71 0 0 0 0
1.71667 0 0 0 0
1.72333 0 0 0 0
1.73 0 0 0 0
1.73667 0 0 0 0
1.74333 0 0 0 0
1.75 0 0 0 0
1.75667 0 0 0 0
1.76333 0 0 0 0
1.77 0 0 0 0
1.77667 0 0 0 0
1.78333 0 0 0 0
1.79 0 0 0 0
1.79667 0 0 0 0
1.80333 0 0 0 0
1.81 0 0 0 0
1.81667 0 0 0 0
1.82333 0 0 0 0
1.83 0 0 0 0
1.83667 0 0 0 0
1.84333 0 0 0 0
1.85 0 0 0 0
1.85667 0 0 0 0
1.86333 0 0 0 0
1.87 0 0 0 0
1.87667 0 0 0 0
1.88333 0 0 0 0
1.89 0 0 0 0
1.89667 0 0 0 0
1.90333 0 0 0 0
1.91 0 0 0 0
1.91667 0 0 0 0
1.92333 0 0 0 0
1.93 0 0 0 0
1.93667 0 0 0 0
1.94333 0 0 0 0
1.95 0 0 0 0
1.95667 0 0 0 0
1.96333 0 0 0 0
1.97 0 0 0 0
1.97667 0 0 0 0
1.98333 0 0 0 0
1.99 0 0 0 0
1.99667 0 0 0 0
