0.00333333 1 5 13 101
0.01 4 4 23 104
0.0166667 0 7 11 120
0.0233333 2 3 29 115
0.03 0 9 12 119
0.0366667 3 6 30 134
0.0433333 3 11 47 142
0.05 4 7 46 176
0.0566667 1 9 72 174
0.0633333 3 12 59 201
0.07 5 15 60 204
0.0766667 5 12 66 223
0.0833333 3 13 71 240
0.09 4 11 60 250
0.0966667 6 9 57 270
0.103333 1 8 48 272
0.11 3 14 45 268
0.116667 2 11 53 284
0.123333 3 12 50 265
0.13 4 19 54 298
0.136667 4 9 49 297
0.143333 0 7 50 257
0.15 1 18 36 276
0.156667 1 8 42 277
0.163333 4 7 33 270
0.17 1 8 47 237
0.176667 6 17 31 268
0.183333 7 5 38 281
0.19 3 12 36 318
0.196667 3 13 48 311
0.203333 4 13 31 288
0.21 4 15 34 292
0.216667 1 13 40 279
0.223333 7 10 32 273
0.23 3 14 31 240
0.236667 2 15 38 243
0.243333 4 11 35 222
0.25 1 14 36 208
0.256667 2 12 38 215
0.263333 2 16 28 194
0.27 5 9 28 194
0.276667 4 8 26 171
0.283333 1 10 29 205
0.29 1 7 31 157
0.296667 0 10 30 162
0.303333 3 13 27 173
0.31 5 4 32 150
0.316667 1 6 21 163
0.323333 1 6 32 163
0.33 1 2 17 132
0.336667 2 16 24 120
0.343333 2 6 37 159
0.35 2 8 26 113
0.356667 0 6 26 138
0.363333 2 5 27 118
0.37 2 6 20 112
0.376667 2 4 17 122
0.383333 0 8 20 122
0.39 3 7 17 124
0.396667 0 6 14 131
0.403333 3 9 13 111
0.41 1 8 18 120
0.416667 4 8 17 111
0.423333 3 7 15 110
0.43 2 10 15 123
0.436667 0 7 25 118
0.443333 1 7 17 123
0.45 1 6 18 124
0.456667 4 9 21 105
0.463333 4 11 23 130
0.47 3 9 23 117
0.476667 3 8 14 105
0.483333 2 2 10 81
0.49 0 3 13 57
0.496667 2 8 15 64
0.503333 3 6 11 68
0.51 3 5 12 75
0.516667 0 4 11 42
0.523333 0 3 15 61
0.53 0 5 9 52
0.536667 0 2 11 57
0.543333 0 4 7 60
0.55 2 4 8 39
0.556667 1 0 12 54
0.563333 2 3 14 41
0.57 1 6 6 35
0.576667 1 3 15 39
0.583333 3 4 9 48
0.59 2 4 9 49
0.596667 2 8 9 38
0.603333 2 2 5 38
0.61 2 2 15 49
0.616667 1 2 10 38
0.623333 1 5 6 37
0.63 1 3 16 29
0.636667 1 4 14 43
0.643333 3 4 4 41
0.65 2 6 11 34
0.656667 0 2 9 39
0.663333 59 272 285 5131
0.67 0 0 0 0
0.676667 0 0 0 0
0.683333 0 0 0 0
0.69 0 0 0 0
0.696667 0 0 0 0
0.703333 0 0 0 0
0.71 0 0 0 0
0.716667 0 0 0 0
0.723333 0 0 0 0
0.73 0 0 0 0
0.736667 0 0 0 0
0.743333 0 0 0 0
0.75 0 0 0 0
0.756667 0 0 0 0
0.763333 0 0 0 0
0.77 0 0 0 0
0.776667 0 0 0 0
0.783333 0 0 0 0
0.79 0 0 0 0
0.796667 0 0 0 0
0.803333 0 0 0 0
0.81 0 0 0 0
0.816667 0 0 0 0
0.823333 0 0 0 0
0.83 0 0 0 0
0.836667 0 0 0 0
0.843333 0 0 0 0
0.85 0 0 0 0
0.856667 0 0 0 0
0.863333 0 0 0 0
0.87 0 0 0 0
0.876667 0 0 0 0
0.883333 0 0 0 0
0.89 0 0 0 0
0.896667 0 0 0 0
0.903333 0 0 0 0
0.91 0 0 0 0
0.916667 0 0 0 0
0.923333 0 0 0 0
0.93 0 0 0 0
0.936667 0 0 0 0
0.943333 0 0 0 0
0.95 0 0 0 0
0.956667 0 0 0 0
0.963333 0 0 0 0
0.97 0 0 0 0
0.976667 0 0 0 0
0.983333 0 0 0 0
0.99 0 0 0 0
0.996667 0 0 0 0
1.00333 0 0 0 0
1.01 0 0 0 0
1.01667 0 0 0 0
1.02333 0 0 0 0
1.03 0 0 0 0
1.03667 0 0 0 0
1.04333 0 0 0 0
1.05 0 0 0 0
1.05667 0 0 0 0
1.06333 0 0 0 0
1.07 0 0 0 0
1.07667 0 0 0 0
1.08333 0 0 0 0
1.09 0 0 0 0
1.09667 0 0 0 0
1.10333 0 0 0 0
1.11 0 0 0 0
1.11667 0 0 0 0
1.12333 0 0 0 0
1.13 0 0 0 0
1.13667 0 0 0 0
1.14333 0 0 0 0
1.15 0 0 0 0
1.15667 0 0 0 0
1.16333 0 0 0 0
1.17 0 0 0 0
1.17667 0 0 0 0
1.18333 0 0 0 0
1.19 0 0 0 0
1.19667 0 0 0 0
1.20333 0 0 0 0
1.21 0 0 0 0
1.21667 0 0 0 0
1.22333 0 0 0 0
1.23 0 0 0 0
1.23667 0 0 0 0
1.24333 0 0 0 0
1.25 0 0 0 0
1.25667 0 0 0 0
1.26333 0 0 0 0
1.27 0 0 0 0
1.27667 0 0 0 0
1.28333 0 0 0 0
1.29 0 0 0 0
1.29667 0 0 0 0
1.30333 0 0 0 0
1.31 0 0 0 0
1.31667 0 0 0 0
1.32333 0 0 0 0
1.33 0 0 0 0
1.33667 0 0 0 0
1.34333 0 0 0 0
1.35 0 0 0 0
1.35667 0 0 0 0
1.36333 0 0 0 0
1.37 0 0 0 0
1.37667 0 0 0 0
1.38333 0 0 0 0
1.39 0 0 0 0
1.39667 0 0 0 0
1.40333 0 0 0 0
1.41 0 0 0 0
1.41667 0 0 0 0
1.42333 0 0 0 0
1.43 0 0 0 0
1.43667 0 0 0 0
1.44333 0 0 0 0
1.45 0 0 0 0
1.45667 0 0 0 0
1.46333 0 0 0 0
1.47 0 0 0 0
1.47667 0 0 0 0
1.48333 0 0 0 0
1.49 0 0 0 0
1.49667 0 0 0 0
1.50333 0 0 0 0
1.51 0 0 0 0
1.51667 0 0 0 0
1.52333 0 0 0 0
1.53 0 0 0 0
1.53667 0 0 0 0
1.54333 0 0 0 0
1.55 0 0 0 0
1.55667 0 0 0 0
1.56333 0 0 0 0
1.57 0 0 0 0
1.57667 0 0 0 0
1.58333 0 0 0 0
1.59 0 0 0 0
1.59667 0 0 0 0
1.60333 0 0 0 0
1.61 0 0 0 0
1.61667 0 0 0 0
1.62333 0 0 0 0
1.63 0 0 0 0
1.63667 0 0 0 0
1.64333 0 0 0 0
1.65 0 0 0 0
1.65667 0 0 0 0
1.66333 0 0 0 0
1.67 0 0 0 0
1.67667 0 0 0 0
1.68333 0 0 0 0
1.69 0 0 0 0
1.69667 0 0 0 0
1.70333 0 0 0 0
1.71 0 0 0 0
1.71667 0 0 0 0
1.72333 0 0 0 0
1.73 0 0 0 0
1.73667 0 0 0 0
1.74333 0 0 0 0
1.75 0 0 0 0
1.75667 0 0 0 0
1.76333 0 0 0 0
1.77 0 0 0 0
1.77667 0 0 0 0
1.78333 0 0 0 0
1.79 0 0 0 0
1.79667 0 0 0 0
1.80333 0 0 0 0
1.81 0 0 0 0
1.81667 0 0 0 0
1.82333 0 0 0 0
1.83 0 0 0 0
1.83667 0 0 0 0
1.84333 0 0 0 0
1.85 0 0 0 0
1.85667 0 0 0 0
1.86333 0 0 0 0
1.87 0 0 0 0
1.87667 0 0 0 0
1.88333 0 0 0 0
1.89 0 0 0 0
1.89667 0 0 0 0
1.90333 0 0 0 0
1.91 0 0 0 0
1.91667 0 0 0 0
1.92333 0 0 0 0
1.93 0 0 0 0
1.93667 0 0 0 0
1.94333 0 0 0 0
1.95 0 0 0 0
1.95667 0 0 0 0
1.96333 0 0 0 0
1.97 0 0 0 0
1.97667 0 0 0 0
1.98333 0 0 0 0
1.99 0 0 0 0
1.99667 0 0 0 0
