0.00333333 26 15 5 3
0.01 42 24 6 1
0.0166667 33 24 7 4
0.0233333 28 31 6 4
0.03 36 36 4 4
0.0366667 58 56 3 4
0.0433333 50 51 16 5
0.05 65 79 10 8
0.0566667 75 90 10 4
0.0633333 109 89 14 10
0.07 85 96 23 6
0.0766667 95 100 20 3
0.0833333 103 118 17 10
0.09 100 106 26 5
0.0966667 111 105 16 7
0.103333 85 87 12 7
0.11 100 117 18 7
0.116667 99 105 18 8
0.123333 115 105 12 3
0.13 123 71 12 4
0.136667 87 74 6 3
0.143333 97 65 12 14
0.15 92 71 13 9
0.156667 89 90 10 2
0.163333 88 66 12 5
0.17 91 77 12 7
0.176667 71 51 8 4
0.183333 97 59 7 8
0.19 94 70 10 8
0.196667 81 71 16 11
0.203333 101 56 9 6
0.21 94 74 8 10
0.216667 90 57 7 3
0.223333 97 58 9 9
0.23 74 51 9 3
0.236667 84 54 5 3
0.243333 67 53 7 1
0.25 59 43 6 4
0.256667 60 51 7 5
0.263333 72 36 5 6
0.27 76 52 9 4
0.276667 67 41 3 5
0.283333 51 42 2 5
0.29 55 52 9 1
0.296667 58 25 8 4
0.303333 59 44 10 3
0.31 55 49 8 7
0.316667 47 34 3 3
0.323333 57 50 5 1
0.33 50 34 7 5
0.336667 52 27 6 5
0.343333 49 35 4 2
0.35 35 40 4 3
0.356667 38 28 8 5
0.363333 45 27 4 1
0.37 55 29 6 3
0.376667 51 29 7 1
0.383333 58 34 7 3
0.39 43 21 6 5
0.396667 39 30 4 3
0.403333 39 29 6 4
0.41 31 28 10 7
0.416667 38 24 4 3
0.423333 33 34 7 2
0.43 43 22 3 1
0.436667 49 33 3 1
0.443333 38 27 8 1
0.45 32 22 9 3
0.456667 30 18 3 1
0.463333 32 26 0 3
0.47 36 16 2 2
0.476667 30 20 5 3
0.483333 32 19 3 3
0.49 20 17 2 2
0.496667 26 17 1 0
0.503333 29 18 4 1
0.51 16 17 5 3
0.516667 21 30 2 4
0.523333 26 19 5 1
0.53 17 15 2 1
0.536667 17 9 3 4
0.543333 16 16 6 2
0.55 14 22 5 0
0.556667 17 18 5 5
0.563333 18 15 2 2
0.57 19 19 2 0
0.576667 19 11 2 1
0.583333 23 11 3 1
0.59 14 12 3 3
0.596667 23 12 3 3
0.603333 16 5 2 2
0.61 12 20 3 2
0.616667 23 12 3 2
0.623333 21 14 1 3
0.63 16 15 2 2
0.636667 21 11 5 2
0.643333 11 6 3 3
0.65 10 10 2 2
0.656667 16 12 2 2
0.663333 1184 482 87 79
0.67 0 0 0 0
0.676667 0 0 0 0
0.683333 0 0 0 0
0.69 0 0 0 0
0.696667 0 0 0 0
0.703333 0 0 0 0
0.71 0 0 0 0
0.716667 0 0 0 0
0.723333 0 0 0 0
0.73 0 0 0 0
0.736667 0 0 0 0
0.743333 0 0 0 0
0.75 0 0 0 0
0.756667 0 0 0 0
0.763333 0 0 0 0
0.77 0 0 0 0
0.776667 0 0 0 0
0.783333 0 0 0 0
0.79 0 0 0 0
0.796667 0 0 0 0
0.803333 0 0 0 0
0.81 0 0 0 0
0.816667 0 0 0 0
0.823333 0 0 0 0
0.83 0 0 0 0
0.836667 0 0 0 0
0.843333 0 0 0 0
0.85 0 0 0 0
0.856667 0 0 0 0
0.863333 0 0 0 0
0.87 0 0 0 0
0.876667 0 0 0 0
0.883333 0 0 0 0
0.89 0 0 0 0
0.896667 0 0 0 0
0.903333 0 0 0 0
0.91 0 0 0 0
0.916667 0 0 0 0
0.923333 0 0 0 0
0.93 0 0 0 0
0.936667 0 0 0 0
0.943333 0 0 0 0
0.95 0 0 0 0
0.956667 0 0 0 0
0.963333 0 0 0 0
0.97 0 0 0 0
0.976667 0 0 0 0
0.983333 0 0 0 0
0.99 0 0 0 0
0.996667 0 0 0 0
1.00333 0 0 0 0
1.01 0 0 0 0
1.01667 0 0 0 0
1.02333 0 0 0 0
1.03 0 0 0 0
1.03667 0 0 0 0
1.04333 0 0 0 0
1.05 0 0 0 0
1.05667 0 0 0 0
1.06333 0 0 0 0
1.07 0 0 0 0
1.07667 0 0 0 0
1.08333 0 0 0 0
1.09 0 0 0 0
1.09667 0 0 0 0
1.10333 0 0 0 0
1.11 0 0 0 0
1.11667 0 0 0 0
1.12333 0 0 0 0
1.13 0 0 0 0
1.13667 0 0 0 0
1.14333 0 0 0 0
1.15 0 0 0 0
1.15667 0 0 0 0
1.16333 0 0 0 0
1.17 0 0 0 0
1.17667 0 0 0 0
1.18333 0 0 0 0
1.19 0 0 0 0
1.19667 0 0 0 0
1.20333 0 0 0 0
1.21 0 0 0 0
1.21667 0 0 0 0
1.22333 0 0 0 0
1.23 0 0 0 0
1.23667 0 0 0 0
1.24333 0 0 0 0
1.25 0 0 0 0
1.25667 0 0 0 0
1.26333 0 0 0 0
1.27 0 0 0 0
1.27667 0 0 0 0
1.28333 0 0 0 0
1.29 0 0 0 0
1.29667 0 0 0 0
1.30333 0 0 0 0
1.31 0 0 0 0
1.31667 0 0 0 0
1.32333 0 0 0 0
1.33 0 0 0 0
1.33667 0 0 0 0
1.34333 0 0 0 0
1.35 0 0 0 0
1.35667 0 0 0 0
1.36333 0 0 0 0
1.37 0 0 0 0
1.37667 0 0 0 0
1.38333 0 0 0 0
1.39 0 0 0 0
1.39667 0 0 0 0
1.40333 0 0 0 0
1.41 0 0 0 0
1.41667 0 0 0 0
1.42333 0 0 0 0
1.43 0 0 0 0
1.43667 0 0 0 0
1.44333 0 0 0 0
1.45 0 0 0 0
1.45667 0 0 0 0
1.46333 0 0 0 0
1.47 0 0 0 0
1.47667 0 0 0 0
1.48333 0 0 0 0
1.49 0 0 0 0
1.49667 0 0 0 0
1.50333 0 0 0 0
1.51 0 0 0 0
1.51667 0 0 0 0
1.52333 0 0 0 0
1.53 0 0 0 0
1.53667 0 0 0 0
1.54333 0 0 0 0
1.55 0 0 0 0
1.55667 0 0 0 0
1.56333 0 0 0 0
1.57 0 0 0 0
1.57667 0 0 0 0
1.58333 0 0 0 0
1.59 0 0 0 0
1.59667 0 0 0 0
1.60333 0 0 0 0
1.61 0 0 0 0
1.61667 0 0 0 0
1.62333 0 0 0 0
1.63 0 0 0 0
1.63667 0 0 0 0
1.64333 0 0 0 0
1.65 0 0 0 0
1.65667 0 0 0 0
1.66333 0 0 0 0
1.67 0 0 0 0
1.67667 0 0 0 0
1.68333 0 0 0 0
1.69 0 0 0 0
1.69667 0 0 0 0
1.70333 0 0 0 0
1.71 0 0 0 0
1.71667 0 0 0 0
1.72333 0 0 0 0
1.73 0 0 0 0
1.73667 0 0 0 0
1.74333 0 0 0 0
1.75 0 0 0 0
1.75667 0 0 0 0
1.76333 0 0 0 0
1.77 0 0 0 0
1.77667 0 0 0 0
1.78333 0 0 0 0
1.79 0 0 0 0
1.79667 0 0 0 0
1.80333 0 0 0 0
1.81 0 0 0 0
1.81667 0 0 0 0
1.82333 0 0 0 0
1.83 0 0 0 0
1.83667 0 0 0 0
1.84333 0 0 0 0
1.85 0 0 0 0
1.85667 0 0 0 0
1.86333 0 0 0 0
1.87 0 0 0 0
1.87667 0 0 0 0
1.88333 0 0 0 0
1.89 0 0 0 0
1.89667 0 0 0 0
1.90333 0 0 0 0
1.91 0 0 0 0
1.91667 0 0 0 0
1.92333 0 0 0 0
1.93 0 0 0 0
1.93667 0 0 0 0
1.94333 0 0 0 0
1.95 0 0 0 0
1.95667 0 0 0 0
1.96333 0 0 0 0
1.97 0 0 0 0
1.97667 0 0 0 0
1.98333 0 0 0 0
1.99 0 0 0 0
1.99667 0 0 0 0
