0.00333333 6 3 7 41
0.01 7 4 25 51
0.0166667 5 5 18 48
0.0233333 7 2 20 60
0.03 8 3 26 69
0.0366667 6 4 20 53
0.0433333 11 4 34 62
0.05 14 5 47 75
0.0566667 9 14 67 78
0.0633333 6 9 51 94
0.07 12 12 63 72
0.0766667 9 10 67 97
0.0833333 12 7 79 118
0.09 12 7 64 100
0.0966667 19 9 58 95
0.103333 8 16 73 91
0.11 8 10 68 101
0.116667 8 15 63 105
0.123333 6 13 50 123
0.13 7 7 55 115
0.136667 16 5 53 107
0.143333 4 8 51 109
0.15 10 8 41 92
0.156667 12 5 45 95
0.163333 11 6 46 90
0.17 11 12 35 110
0.176667 7 13 35 90
0.183333 15 8 35 149
0.19 18 8 35 172
0.196667 12 9 39 123
0.203333 15 11 39 137
0.21 14 4 34 113
0.216667 12 10 36 106
0.223333 14 8 34 99
0.23 14 8 36 83
0.236667 12 11 29 92
0.243333 11 8 28 92
0.25 11 4 28 99
0.256667 12 6 29 95
0.263333 12 4 39 79
0.27 16 4 23 90
0.276667 11 7 25 72
0.283333 11 6 36 77
0.29 13 4 38 79
0.296667 10 3 26 93
0.303333 8 4 33 79
0.31 15 3 21 67
0.316667 14 5 38 59
0.323333 9 5 22 69
0.33 8 5 26 57
0.336667 6 4 25 66
0.343333 7 3 31 66
0.35 12 3 19 46
0.356667 6 4 24 76
0.363333 10 7 21 69
0.37 5 5 43 71
0.376667 13 3 18 70
0.383333 10 5 22 54
0.39 7 3 23 75
0.396667 10 8 14 65
0.403333 18 3 22 56
0.41 10 1 23 75
0.416667 5 5 22 60
0.423333 5 8 19 59
0.43 17 3 22 61
0.436667 11 1 13 54
0.443333 7 5 21 50
0.45 10 4 25 63
0.456667 9 8 24 59
0.463333 13 2 28 66
0.47 6 9 15 60
0.476667 12 5 13 61
0.483333 6 2 16 31
0.49 3 0 15 20
0.496667 2 1 13 15
0.503333 6 5 15 22
0.51 4 2 9 25
0.516667 6 3 15 17
0.523333 3 5 10 17
0.53 5 2 15 14
0.536667 0 2 15 15
0.543333 4 3 17 16
0.55 7 5 8 14
0.556667 3 4 14 12
0.563333 1 5 16 13
0.57 8 1 17 18
0.576667 2 1 7 8
0.583333 4 1 7 6
0.59 5 3 8 10
0.596667 3 0 15 9
0.603333 2 2 6 4
0.61 2 2 13 10
0.616667 5 0 4 4
0.623333 5 3 11 4
0.63 1 4 11 9
0.636667 4 5 9 20
0.643333 4 7 16 7
0.65 2 1 10 4
0.656667 1 4 8 4
0.663333 524 70 332 3192
0.67 0 0 0 0
0.676667 0 0 0 0
0.683333 0 0 0 0
0.69 0 0 0 0
0.696667 0 0 0 0
0.703333 0 0 0 0
0.71 0 0 0 0
0.716667 0 0 0 0
0.723333 0 0 0 0
0.73 0 0 0 0
0.736667 0 0 0 0
0.743333 0 0 0 0
0.75 0 0 0 0
0.756667 0 0 0 0
0.763333 0 0 0 0
0.77 0 0 0 0
0.776667 0 0 0 0
0.783333 0 0 0 0
0.79 0 0 0 0
0.796667 0 0 0 0
0.803333 0 0 0 0
0.81 0 0 0 0
0.816667 0 0 0 0
0.823333 0 0 0 0
0.83 0 0 0 0
0.836667 0 0 0 0
0.843333 0 0 0 0
0.85 0 0 0 0
0.856667 0 0 0 0
0.863333 0 0 0 0
0.87 0 0 0 0
0.876667 0 0 0 0
0.883333 0 0 0 0
0.89 0 0 0 0
0.896667 0 0 0 0
0.903333 0 0 0 0
0.91 0 0 0 0
0.916667 0 0 0 0
0.923333 0 0 0 0
0.93 0 0 0 0
0.936667 0 0 0 0
0.943333 0 0 0 0
0.95 0 0 0 0
0.956667 0 0 0 0
0.963333 0 0 0 0
0.97 0 0 0 0
0.976667 0 0 0 0
0.983333 0 0 0 0
0.99 0 0 0 0
0.996667 0 0 0 0
1.00333 0 0 0 0
1.01 0 0 0 0
1.01667 0 0 0 0
1.02333 0 0 0 0
1.03 0 0 0 0
1.03667 0 0 0 0
1.04333 0 0 0 0
1.05 0 0 0 0
1.05667 0 0 0 0
1.06333 0 0 0 0
1.07 0 0 0 0
1.07667 0 0 0 0
1.08333 0 0 0 0
1.09 0 0 0 0
1.09667 0 0 0 0
1.10333 0 0 0 0
1.11 0 0 0 0
1.11667 0 0 0 0
1.12333 0 0 0 0
1.13 0 0 0 0
1.13667 0 0 0 0
1.14333 0 0 0 0
1.15 0 0 0 0
1.15667 0 0 0 0
1.16333 0 0 0 0
1.17 0 0 0 0
1.17667 0 0 0 0
1.18333 0 0 0 0
1.19 0 0 0 0
1.19667 0 0 0 0
1.20333 0 0 0 0
1.21 0 0 0 0
1.21667 0 0 0 0
1.22333 0 0 0 0
1.23 0 0 0 0
1.23667 0 0 0 0
1.24333 0 0 0 0
1.25 0 0 0 0
1.25667 0 0 0 0
1.26333 0 0 0 0
1.27 0 0 0 0
1.27667 0 0 0 0
1.28333 0 0 0 0
1.29 0 0 0 0
1.29667 0 0 0 0
1.30333 0 0 0 0
1.31 0 0 0 0
1.31667 0 0 0 0
1.32333 0 0 0 0
1.33 0 0 0 0
1.33667 0 0 0 0
1.34333 0 0 0 0
1.35 0 0 0 0
1.35667 0 0 0 0
1.36333 0 0 0 0
1.37 0 0 0 0
1.37667 0 0 0 0
1.38333 0 0 0 0
1.39 0 0 0 0
1.39667 0 0 0 0
1.40333 0 0 0 0
1.41 0 0 0 0
1.41667 0 0 0 0
1.42333 0 0 0 0
1.43 0 0 0 0
1.43667 0 0 0 0
1.44333 0 0 0 0
1.45 0 0 0 0
1.45667 0 0 0 0
1.46333 0 0 0 0
1.47 0 0 0 0
1.47667 0 0 0 0
1.48333 0 0 0 0
1.49 0 0 0 0
1.49667 0 0 0 0
1.50333 0 0 0 0
1.51 0 0 0 0
1.51667 0 0 0 0
1.52333 0 0 0 0
1.53 0 0 0 0
1.53667 0 0 0 0
1.54333 0 0 0 0
1.55 0 0 0 0
1.55667 0 0 0 0
1.56333 0 0 0 0
1.57 0 0 0 0
1.57667 0 0 0 0
1.58333 0 0 0 0
1.59 0 0 0 0
1.59667 0 0 0 0
1.60333 0 0 0 0
1.61 0 0 0 0
1.61667 0 0 0 0
1.62333 0 0 0 0
1.63 0 0 0 0
1.63667 0 0 0 0
1.64333 0 0 0 0
1.65 0 0 0 0
1.65667 0 0 0 0
1.66333 0 0 0 0
1.67 0 0 0 0
1.67667 0 0 0 0
1.68333 0 0 0 0
1.69 0 0 0 0
1.69667 0 0 0 0
1.70333 0 0 0 0
1.71 0 0 0 0
1.71667 0 0 0 0
1.72333 0 0 0 0
1.73 0 0 0 0
1.73667 0 0 0 0
1.74333 0 0 0 0
1.75 0 0 0 0
1.75667 0 0 0 0
1.76333 0 0 0 0
1.77 0 0 0 0
1.77667 0 0 0 0
1.78333 0 0 0 0
1.79 0 0 0 0
1.79667 0 0 0 0
1.80333 0 0 0 0
1.81 0 0 0 0
1.81667 0 0 0 0
1.82333 0 0 0 0
1.83 0 0 0 0
1.83667 0 0 0 0
1.84333 0 0 0 0
1.85 0 0 0 0
1.85667 0 0 0 0
1.86333 0 0 0 0
1.87 0 0 0 0
1.87667 0 0 0 0
1.88333 0 0 0 0
1.89 0 0 0 0
1.89667 0 0 0 0
1.90333 0 0 0 0
1.91 0 0 0 0
1.91667 0 0 0 0
1.92333 0 0 0 0
1.93 0 0 0 0
1.93667 0 0 0 0
1.94333 0 0 0 0
1.95 0 0 0 0
1.95667 0 0 0 0
1.96333 0 0 0 0
1.97 0 0 0 0
1.97667 0 0 0 0
1.98333 0 0 0 0
1.99 0 0 0 0
1.99667 0 0 0 0
