0.00333333 3 1 12 116
0.01 0 0 32 126
0.0166667 4 3 18 124
0.0233333 3 3 27 143
0.03 3 0 25 148
0.0366667 1 2 39 170
0.0433333 0 1 49 188
0.05 4 6 60 247
0.0566667 3 3 67 265
0.0633333 2 5 93 306
0.07 6 2 78 343
0.0766667 4 5 75 359
0.0833333 6 5 74 394
0.09 2 4 79 363
0.0966667 5 4 69 350
0.103333 2 7 82 363
0.11 2 4 60 371
0.116667 3 5 61 350
0.123333 6 4 69 371
0.13 5 6 55 410
0.136667 4 6 55 422
0.143333 3 4 55 369
0.15 3 4 56 390
0.156667 4 5 49 355
0.163333 1 4 56 358
0.17 5 4 48 351
0.176667 1 3 54 351
0.183333 1 1 50 351
0.19 7 3 51 448
0.196667 3 5 32 469
0.203333 4 7 54 410
0.21 3 1 53 385
0.216667 7 7 46 371
0.223333 6 2 42 350
0.23 2 3 38 352
0.236667 1 1 48 289
0.243333 0 1 42 309
0.25 0 3 32 290
0.256667 5 3 29 247
0.263333 3 4 45 228
0.27 2 2 31 238
0.276667 3 2 27 210
0.283333 4 5 33 229
0.29 3 3 45 219
0.296667 1 3 31 188
0.303333 2 1 32 183
0.31 2 1 25 189
0.316667 0 6 24 171
0.323333 2 3 36 186
0.33 0 0 34 175
0.336667 2 7 31 180
0.343333 2 1 19 165
0.35 3 3 33 183
0.356667 0 3 33 152
0.363333 3 3 21 141
0.37 1 5 22 165
0.376667 2 3 32 154
0.383333 3 5 32 161
0.39 4 0 18 150
0.396667 1 4 14 139
0.403333 1 2 22 142
0.41 2 3 22 153
0.416667 2 3 21 136
0.423333 1 1 22 135
0.43 4 2 25 142
0.436667 2 0 19 143
0.443333 3 1 11 162
0.45 2 1 24 150
0.456667 1 2 18 152
0.463333 3 1 17 133
0.47 0 2 18 165
0.476667 1 4 16 102
0.483333 3 0 14 74
0.49 1 2 13 78
0.496667 1 1 11 66
0.503333 0 0 14 62
0.51 0 0 15 80
0.516667 1 1 7 71
0.523333 1 1 14 65
0.53 1 1 15 55
0.536667 0 0 10 70
0.543333 1 1 11 54
0.55 2 0 17 61
0.556667 1 1 12 63
0.563333 0 3 7 49
0.57 3 1 9 69
0.576667 1 1 6 49
0.583333 1 1 11 52
0.59 1 2 10 46
0.596667 0 3 14 41
0.603333 0 0 14 51
0.61 1 1 8 42
0.616667 0 1 1 42
0.623333 2 3 11 54
0.63 3 1 12 58
0.636667 0 0 13 55
0.643333 1 2 5 34
0.65 2 2 13 54
0.656667 4 1 6 42
0.663333 39 21 347 6117
0.67 0 0 0 0
0.676667 0 0 0 0
0.683333 0 0 0 0
0.69 0 0 0 0
0.696667 0 0 0 0
0.703333 0 0 0 0
0.71 0 0 0 0
0.716667 0 0 0 0
0.723333 0 0 0 0
0.73 0 0 0 0
0.736667 0 0 0 0
0.743333 0 0 0 0
0.75 0 0 0 0
0.756667 0 0 0 0
0.763333 0 0 0 0
0.77 0 0 0 0
0.776667 0 0 0 0
0.783333 0 0 0 0
0.79 0 0 0 0
0.796667 0 0 0 0
0.803333 0 0 0 0
0.81 0 0 0 0
0.816667 0 0 0 0
0.823333 0 0 0 0
0.83 0 0 0 0
0.836667 0 0 0 0
0.843333 0 0 0 0
0.85 0 0 0 0
0.856667 0 0 0 0
0.863333 0 0 0 0
0.87 0 0 0 0
0.876667 0 0 0 0
0.883333 0 0 0 0
0.89 0 0 0 0
0.896667 0 0 0 0
0.903333 0 0 0 0
0.91 0 0 0 0
0.916667 0 0 0 0
0.923333 0 0 0 0
0.93 0 0 0 0
0.936667 0 0 0 0
0.943333 0 0 0 0
0.95 0 0 0 0
0.956667 0 0 0 0
0.963333 0 0 0 0
0.97 0 0 0 0
0.976667 0 0 0 0
0.983333 0 0 0 0
0.99 0 0 0 0
0.996667 0 0 0 0
1.00333 0 0 0 0
1.01 0 0 0 0
1.01667 0 0 0 0
1.02333 0 0 0 0
1.03 0 0 0 0
1.03667 0 0 0 0
1.04333 0 0 0 0
1.05 0 0 0 0
1.05667 0 0 0 0
1.06333 0 0 0 0
1.07 0 0 0 0
1.07667 0 0 0 0
1.08333 0 0 0 0
1.09 0 0 0 0
1.09667 0 0 0 0
1.10333 0 0 0 0
1.11 0 0 0 0
1.11667 0 0 0 0
1.12333 0 0 0 0
1.13 0 0 0 0
1.13667 0 0 0 0
1.14333 0 0 0 0
1.15 0 0 0 0
1.15667 0 0 0 0
1.16333 0 0 0 0
1.17 0 0 0 0
1.17667 0 0 0 0
1.18333 0 0 0 0
1.19 0 0 0 0
1.19667 0 0 0 0
1.20333 0 0 0 0
1.21 0 0 0 0
1.21667 0 0 0 0
1.22333 0 0 0 0
1.23 0 0 0 0
1.23667 0 0 0 0
1.24333 0 0 0 0
1.25 0 0 0 0
1.25667 0 0 0 0
1.26333 0 0 0 0
1.27 0 0 0 0
1.27667 0 0 0 0
1.28333 0 0 0 0
1.29 0 0 0 0
1.29667 0 0 0 0
1.30333 0 0 0 0
1.31 0 0 0 0
1.31667 0 0 0 0
1.32333 0 0 0 0
1.33 0 0 0 0
1.33667 0 0 0 0
1.34333 0 0 0 0
1.35 0 0 0 0
1.35667 0 0 0 0
1.36333 0 0 0 0
1.37 0 0 0 0
1.37667 0 0 0 0
1.38333 0 0 0 0
1.39 0 0 0 0
1.39667 0 0 0 0
1.40333 0 0 0 0
1.41 0 0 0 0
1.41667 0 0 0 0
1.42333 0 0 0 0
1.43 0 0 0 0
1.43667 0 0 0 0
1.44333 0 0 0 0
1.45 0 0 0 0
1.45667 0 0 0 0
1.46333 0 0 0 0
1.47 0 0 0 0
1.47667 0 0 0 0
1.48333 0 0 0 0
1.49 0 0 0 0
1.49667 0 0 0 0
1.50333 0 0 0 0
1.51 0 0 0 0
1.51667 0 0 0 0
1.52333 0 0 0 0
1.53 0 0 0 0
1.53667 0 0 0 0
1.54333 0 0 0 0
1.55 0 0 0 0
1.55667 0 0 0 0
1.56333 0 0 0 0
1.57 0 0 0 0
1.57667 0 0 0 0
1.58333 0 0 0 0
1.59 0 0 0 0
1.59667 0 0 0 0
1.60333 0 0 0 0
1.61 0 0 0 0
1.61667 0 0 0 0
1.62333 0 0 0 0
1.63 0 0 0 0
1.63667 0 0 0 0
1.64333 0 0 0 0
1.65 0 0 0 0
1.65667 0 0 0 0
1.66333 0 0 0 0
1.67 0 0 0 0
1.67667 0 0 0 0
1.68333 0 0 0 0
1.69 0 0 0 0
1.69667 0 0 0 0
1.70333 0 0 0 0
1.71 0 0 0 0
1.71667 0 0 0 0
1.72333 0 0 0 0
1.73 0 0 0 0
1.73667 0 0 0 0
1.74333 0 0 0 0
1.75 0 0 0 0
1.75667 0 0 0 0
1.76333 0 0 0 0
1.77 0 0 0 0
1.77667 0 0 0 0
1.78333 0 0 0 0
1.79 0 0 0 0
1.79667 0 0 0 0
1.80333 0 0 0 0
1.81 0 0 0 0
1.81667 0 0 0 0
1.82333 0 0 0 0
1.83 0 0 0 0
1.83667 0 0 0 0
1.84333 0 0 0 0
1.85 0 0 0 0
1.85667 0 0 0 0
1.86333 0 0 0 0
1.87 0 0 0 0
1.87667 0 0 0 0
1.88333 0 0 0 0
1.89 0 0 0 0
1.89667 0 0 0 0
1.90333 0 0 0 0
1.91 0 0 0 0
1.91667 0 0 0 0
1.92333 0 0 0 0
1.93 0 0 0 0
1.93667 0 0 0 0
1.94333 0 0 0 0
1.95 0 0 0 0
1.95667 0 0 0 0
1.96333 0 0 0 0
1.97 0 0 0 0
1.97667 0 0 0 0
1.98333 0 0 0 0
1.99 0 0 0 0
1.99667 0 0 0 0
