0.00333333 1 8 117 3
0.01 3 16 109 2
0.0166667 4 15 112 9
0.0233333 2 17 109 10
0.03 0 17 115 9
0.0366667 3 18 123 7
0.0433333 5 26 135 11
0.05 6 26 172 24
0.0566667 7 33 200 20
0.0633333 10 36 192 22
0.07 10 40 212 23
0.0766667 10 42 231 25
0.0833333 7 45 224 19
0.09 10 41 252 13
0.0966667 4 34 243 26
0.103333 8 51 219 21
0.11 6 42 258 16
0.116667 9 42 258 24
0.123333 12 41 256 20
0.13 10 37 252 23
0.136667 2 27 284 14
0.143333 6 34 279 21
0.15 4 25 264 17
0.156667 8 27 271 13
0.163333 2 43 257 14
0.17 5 32 256 16
0.176667 8 29 278 21
0.183333 1 37 311 16
0.19 2 30 370 15
0.196667 5 27 339 6
0.203333 1 32 349 12
0.21 5 15 327 17
0.216667 5 28 299 10
0.223333 7 24 273 4
0.23 3 21 249 22
0.236667 8 21 254 11
0.243333 5 30 228 8
0.25 6 26 237 6
0.256667 2 18 181 11
0.263333 6 19 173 14
0.27 6 19 185 8
0.276667 3 17 168 4
0.283333 3 18 146 6
0.29 5 22 157 7
0.296667 4 18 141 11
0.303333 3 10 150 4
0.31 5 12 138 8
0.316667 1 12 128 4
0.323333 3 16 151 7
0.33 7 15 134 6
0.336667 5 13 123 8
0.343333 2 16 136 17
0.35 2 15 137 6
0.356667 2 19 132 12
0.363333 4 14 120 9
0.37 4 17 111 8
0.376667 4 12 125 12
0.383333 2 14 117 7
0.39 2 13 121 8
0.396667 0 14 115 11
0.403333 4 12 108 3
0.41 1 10 110 4
0.416667 2 14 124 6
0.423333 2 10 120 14
0.43 3 12 107 9
0.436667 2 11 113 8
0.443333 1 5 116 10
0.45 3 9 122 6
0.456667 2 13 112 9
0.463333 2 14 122 6
0.47 2 12 112 4
0.476667 2 3 105 4
0.483333 3 7 50 5
0.49 0 11 67 4
0.496667 2 13 59 1
0.503333 3 12 50 7
0.51 1 9 54 6
0.516667 1 7 40 1
0.523333 5 13 47 4
0.53 1 7 34 3
0.536667 3 5 39 4
0.543333 1 6 33 2
0.55 0 5 26 1
0.556667 2 4 37 5
0.563333 1 3 40 3
0.57 1 16 28 4
0.576667 1 4 27 4
0.583333 2 9 24 3
0.59 0 6 33 3
0.596667 3 13 42 3
0.603333 1 6 30 3
0.61 5 7 33 4
0.616667 1 1 21 4
0.623333 1 12 20 2
0.63 1 12 33 0
0.636667 2 9 27 6
0.643333 1 4 19 8
0.65 0 4 18 6
0.656667 0 8 23 5
0.663333 29 281 5850 78
0.67 0 0 0 0
0.676667 0 0 0 0
0.683333 0 0 0 0
0.69 0 0 0 0
0.696667 0 0 0 0
0.703333 0 0 0 0
0.71 0 0 0 0
0.716667 0 0 0 0
0.723333 0 0 0 0
0.73 0 0 0 0
0.736667 0 0 0 0
0.743333 0 0 0 0
0.75 0 0 0 0
0.756667 0 0 0 0
0.763333 0 0 0 0
0.77 0 0 0 0
0.776667 0 0 0 0
0.783333 0 0 0 0
0.79 0 0 0 0
0.796667 0 0 0 0
0.803333 0 0 0 0
0.81 0 0 0 0
0.816667 0 0 0 0
0.823333 0 0 0 0
0.83 0 0 0 0
0.836667 0 0 0 0
0.843333 0 0 0 0
0.85 0 0 0 0
0.856667 0 0 0 0
0.863333 0 0 0 0
0.87 0 0 0 0
0.876667 0 0 0 0
0.883333 0 0 0 0
0.89 0 0 0 0
0.896667 0 0 0 0
0.903333 0 0 0 0
0.91 0 0 0 0
0.916667 0 0 0 0
0.923333 0 0 0 0
0.93 0 0 0 0
0.936667 0 0 0 0
0.943333 0 0 0 0
0.95 0 0 0 0
0.956667 0 0 0 0
0.963333 0 0 0 0
0.97 0 0 0 0
0.976667 0 0 0 0
0.983333 0 0 0 0
0.99 0 0 0 0
0.996667 0 0 0 0
1.00333 0 0 0 0
1.01 0 0 0 0
1.01667 0 0 0 0
1.02333 0 0 0 0
1.03 0 0 0 0
1.03667 0 0 0 0
1.04333 0 0 0 0
1.05 0 0 0 0
1.05667 0 0 0 0
1.06333 0 0 0 0
1.07 0 0 0 0
1.07667 0 0 0 0
1.08333 0 0 0 0
1.09 0 0 0 0
1.09667 0 0 0 0
1.10333 0 0 0 0
1.11 0 0 0 0
1.11667 0 0 0 0
1.12333 0 0 0 0
1.13 0 0 0 0
1.13667 0 0 0 0
1.14333 0 0 0 0
1.15 0 0 0 0
1.15667 0 0 0 0
1.16333 0 0 0 0
1.17 0 0 0 0
1.17667 0 0 0 0
1.18333 0 0 0 0
1.19 0 0 0 0
1.19667 0 0 0 0
1.20333 0 0 0 0
1.21 0 0 0 0
1.21667 0 0 0 0
1.22333 0 0 0 0
1.23 0 0 0 0
1.23667 0 0 0 0
1.24333 0 0 0 0
1.25 0 0 0 0
1.25667 0 0 0 0
1.26333 0 0 0 0
1.27 0 0 0 0
1.27667 0 0 0 0
1.28333 0 0 0 0
1.29 0 0 0 0
1.29667 0 0 0 0
1.30333 0 0 0 0
1.31 0 0 0 0
1.31667 0 0 0 0
1.32333 0 0 0 0
1.33 0 0 0 0
1.33667 0 0 0 0
1.34333 0 0 0 0
1.35 0 0 0 0
1.35667 0 0 0 0
1.36333 0 0 0 0
1.37 0 0 0 0
1.37667 0 0 0 0
1.38333 0 0 0 0
1.39 0 0 0 0
1.39667 0 0 0 0
1.40333 0 0 0 0
1.41 0 0 0 0
1.41667 0 0 0 0
1.42333 0 0 0 0
1.43 0 0 0 0
1.43667 0 0 0 0
1.44333 0 0 0 0
1.45 0 0 0 0
1.45667 0 0 0 0
1.46333 0 0 0 0
1.47 0 0 0 0
1.47667 0 0 0 0
1.48333 0 0 0 0
1.49 0 0 0 0
1.49667 0 0 0 0
1.50333 0 0 0 0
1.51 0 0 0 0
1.51667 0 0 0 0
1.52333 0 0 0 0
1.53 0 0 0 0
1.53667 0 0 0 0
1.54333 0 0 0 0
1.55 0 0 0 0
1.55667 0 0 0 0
1.56333 0 0 0 0
1.57 0 0 0 0
1.57667 0 0 0 0
1.58333 0 0 0 0
1.59 0 0 0 0
1.59667 0 0 0 0
1.60333 0 0 0 0
1.61 0 0 0 0
1.61667 0 0 0 0
1.62333 0 0 0 0
1.63 0 0 0 0
1.63667 0 0 0 0
1.64333 0 0 0 0
1.65 0 0 0 0
1.65667 0 0 0 0
1.66333 0 0 0 0
1.67 0 0 0 0
1.67667 0 0 0 0
1.68333 0 0 0 0
1.69 0 0 0 0
1.69667 0 0 0 0
1.70333 0 0 0 0
1.71 0 0 0 0
1.71667 0 0 0 0
1.72333 0 0 0 0
1.73 0 0 0 0
1.73667 0 0 0 0
1.74333 0 0 0 0
1.75 0 0 0 0
1.75667 0 0 0 0
1.76333 0 0 0 0
1.77 0 0 0 0
1.77667 0 0 0 0
1.78333 0 0 0 0
1.79 0 0 0 0
1.79667 0 0 0 0
1.80333 0 0 0 0
1.81 0 0 0 0
1.81667 0 0 0 0
1.82333 0 0 0 0
1.83 0 0 0 0
1.83667 0 0 0 0
1.84333 0 0 0 0
1.85 0 0 0 0
1.85667 0 0 0 0
1.86333 0 0 0 0
1.87 0 0 0 0
1.87667 0 0 0 0
1.88333 0 0 0 0
1.89 0 0 0 0
1.89667 0 0 0 0
1.90333 0 0 0 0
1.91 0 0 0 0
1.91667 0 0 0 0
1.92333 0 0 0 0
1.93 0 0 0 0
1.93667 0 0 0 0
1.94333 0 0 0 0
1.95 0 0 0 0
1.95667 0 0 0 0
1.96333 0 0 0 0
1.97 0 0 0 0
1.97667 0 0 0 0
1.98333 0 0 0 0
1.99 0 0 0 0
1.99667 0 0 0 0
