0.00333333 10 41 10 2
0.01 22 53 8 4
0.0166667 9 56 11 2
0.0233333 23 54 20 1
0.03 20 72 16 3
0.0366667 22 90 17 5
0.0433333 49 109 24 4
0.05 60 148 25 7
0.0566667 74 162 42 8
0.0633333 78 199 37 11
0.07 69 222 42 9
0.0766667 67 220 53 7
0.0833333 75 204 48 6
0.09 64 200 34 10
0.0966667 63 216 41 7
0.103333 76 192 43 7
0.11 61 181 44 7
0.116667 66 198 48 5
0.123333 57 192 37 2
0.13 43 193 33 6
0.136667 42 178 41 5
0.143333 52 160 49 1
0.15 46 161 43 6
0.156667 45 146 41 8
0.163333 44 129 35 5
0.17 48 143 38 2
0.176667 53 166 31 5
0.183333 50 140 42 8
0.19 36 151 45 3
0.196667 48 165 36 6
0.203333 44 128 31 6
0.21 40 122 32 4
0.216667 25 144 35 5
0.223333 31 123 37 2
0.23 31 110 38 5
0.236667 37 111 33 4
0.243333 37 103 25 2
0.25 31 99 24 6
0.256667 27 111 23 6
0.263333 39 114 21 3
0.27 21 94 14 8
0.276667 24 94 22 2
0.283333 27 88 15 3
0.29 22 96 25 2
0.296667 18 90 17 3
0.303333 23 85 15 4
0.31 26 79 18 2
0.316667 28 78 19 1
0.323333 29 74 11 3
0.33 22 76 23 1
0.336667 19 75 21 1
0.343333 21 67 19 1
0.35 21 77 17 4
0.356667 20 68 17 3
0.363333 22 62 16 1
0.37 21 69 16 4
0.376667 20 65 22 8
0.383333 16 67 14 4
0.39 13 61 14 2
0.396667 23 53 21 3
0.403333 10 70 18 0
0.41 17 48 17 4
0.416667 11 43 14 1
0.423333 15 48 9 1
0.43 16 56 20 2
0.436667 15 65 13 0
0.443333 19 51 13 1
0.45 16 52 16 0
0.456667 16 56 16 8
0.463333 19 63 7 2
0.47 14 46 14 2
0.476667 15 50 9 1
0.483333 14 31 6 1
0.49 11 45 13 2
0.496667 3 24 4 1
0.503333 15 29 11 1
0.51 14 36 7 0
0.516667 14 28 16 1
0.523333 8 26 6 1
0.53 12 28 9 0
0.536667 13 20 12 1
0.543333 7 38 9 5
0.55 9 34 9 1
0.556667 8 18 7 2
0.563333 10 27 4 2
0.57 12 22 9 1
0.576667 8 27 17 2
0.583333 17 24 10 4
0.59 7 31 4 1
0.596667 7 23 5 1
0.603333 3 24 11 1
0.61 14 31 6 0
0.616667 9 31 15 1
0.623333 7 26 12 2
0.63 10 20 8 2
0.636667 11 17 6 1
0.643333 9 27 6 0
0.65 6 31 11 1
0.656667 10 34 9 0
0.663333 306 1283 367 21
0.67 0 0 0 0
0.676667 0 0 0 0
0.683333 0 0 0 0
0.69 0 0 0 0
0.696667 0 0 0 0
0.703333 0 0 0 0
0.71 0 0 0 0
0.716667 0 0 0 0
0.723333 0 0 0 0
0.73 0 0 0 0
0.736667 0 0 0 0
0.743333 0 0 0 0
0.75 0 0 0 0
0.756667 0 0 0 0
0.763333 0 0 0 0
0.77 0 0 0 0
0.776667 0 0 0 0
0.783333 0 0 0 0
0.79 0 0 0 0
0.796667 0 0 0 0
0.803333 0 0 0 0
0.81 0 0 0 0
0.816667 0 0 0 0
0.823333 0 0 0 0
0.83 0 0 0 0
0.836667 0 0 0 0
0.843333 0 0 0 0
0.85 0 0 0 0
0.856667 0 0 0 0
0.863333 0 0 0 0
0.87 0 0 0 0
0.876667 0 0 0 0
0.883333 0 0 0 0
0.89 0 0 0 0
0.896667 0 0 0 0
0.903333 0 0 0 0
0.91 0 0 0 0
0.916667 0 0 0 0
0.923333 0 0 0 0
0.93 0 0 0 0
0.936667 0 0 0 0
0.943333 0 0 0 0
0.95 0 0 0 0
0.956667 0 0 0 0
0.963333 0 0 0 0
0.97 0 0 0 0
0.976667 0 0 0 0
0.983333 0 0 0 0
0.99 0 0 0 0
0.996667 0 0 0 0
1.00333 0 0 0 0
1.01 0 0 0 0
1.01667 0 0 0 0
1.02333 0 0 0 0
1.03 0 0 0 0
1.03667 0 0 0 0
1.04333 0 0 0 0
1.05 0 0 0 0
1.05667 0 0 0 0
1.06333 0 0 0 0
1.07 0 0 0 0
1.07667 0 0 0 0
1.08333 0 0 0 0
1.09 0 0 0 0
1.09667 0 0 0 0
1.10333 0 0 0 0
1.11 0 0 0 0
1.11667 0 0 0 0
1.12333 0 0 0 0
1.13 0 0 0 0
1.13667 0 0 0 0
1.14333 0 0 0 0
1.15 0 0 0 0
1.15667 0 0 0 0
1.16333 0 0 0 0
1.17 0 0 0 0
1.17667 0 0 0 0
1.18333 0 0 0 0
1.19 0 0 0 0
1.19667 0 0 0 0
1.20333 0 0 0 0
1.21 0 0 0 0
1.21667 0 0 0 0
1.22333 0 0 0 0
1.23 0 0 0 0
1.23667 0 0 0 0
1.24333 0 0 0 0
1.25 0 0 0 0
1.25667 0 0 0 0
1.26333 0 0 0 0
1.27 0 0 0 0
1.27667 0 0 0 0
1.28333 0 0 0 0
1.29 0 0 0 0
1.29667 0 0 0 0
1.30333 0 0 0 0
1.31 0 0 0 0
1.31667 0 0 0 0
1.32333 0 0 0 0
1.33 0 0 0 0
1.33667 0 0 0 0
1.34333 0 0 0 0
1.35 0 0 0 0
1.35667 0 0 0 0
1.36333 0 0 0 0
1.37 0 0 0 0
1.37667 0 0 0 0
1.38333 0 0 0 0
1.39 0 0 0 0
1.39667 0 0 0 0
1.40333 0 0 0 0
1.41 0 0 0 0
1.41667 0 0 0 0
1.42333 0 0 0 0
1.43 0 0 0 0
1.43667 0 0 0 0
1.44333 0 0 0 0
1.45 0 0 0 0
1.45667 0 0 0 0
1.46333 0 0 0 0
1.47 0 0 0 0
1.47667 0 0 0 0
1.48333 0 0 0 0
1.49 0 0 0 0
1.49667 0 0 0 0
1.50333 0 0 0 0
1.51 0 0 0 0
1.51667 0 0 0 0
1.52333 0 0 0 0
1.53 0 0 0 0
1.53667 0 0 0 0
1.54333 0 0 0 0
1.55 0 0 0 0
1.55667 0 0 0 0
1.56333 0 0 0 0
1.57 0 0 0 0
1.57667 0 0 0 0
1.58333 0 0 0 0
1.59 0 0 0 0
1.59667 0 0 0 0
1.60333 0 0 0 0
1.61 0 0 0 0
1.61667 0 0 0 0
1.62333 0 0 0 0
1.63 0 0 0 0
1.63667 0 0 0 0
1.64333 0 0 0 0
1.65 0 0 0 0
1.65667 0 0 0 0
1.66333 0 0 0 0
1.67 0 0 0 0
1.67667 0 0 0 0
1.68333 0 0 0 0
1.69 0 0 0 0
1.69667 0 0 0 0
1.70333 0 0 0 0
1.71 0 0 0 0
1.71667 0 0 0 0
1.72333 0 0 0 0
1.73 0 0 0 0
1.73667 0 0 0 0
1.74333 0 0 0 0
1.75 0 0 0 0
1.75667 0 0 0 0
1.76333 0 0 0 0
1.77 0 0 0 0
1.77667 0 0 0 0
1.78333 0 0 0 0
1.79 0 0 0 0
1.79667 0 0 0 0
1.80333 0 0 0 0
1.81 0 0 0 0
1.81667 0 0 0 0
1.82333 0 0 0 0
1.83 0 0 0 0
1.83667 0 0 0 0
1.84333 0 0 0 0
1.85 0 0 0 0
1.85667 0 0 0 0
1.86333 0 0 0 0
1.87 0 0 0 0
1.87667 0 0 0 0
1.88333 0 0 0 0
1.89 0 0 0 0
1.89667 0 0 0 0
1.90333 0 0 0 0
1.91 0 0 0 0
1.91667 0 0 0 0
1.92333 0 0 0 0
1.93 0 0 0 0
1.93667 0 0 0 0
1.94333 0 0 0 0
1.95 0 0 0 0
1.95667 0 0 0 0
1.96333 0 0 0 0
1.97 0 0 0 0
1.97667 0 0 0 0
1.98333 0 0 0 0
1.99 0 0 0 0
1.99667 0 0 0 0
