0.00333333 1 1 47 35
0.01 2 2 54 43
0.0166667 1 3 45 51
0.0233333 2 3 63 49
0.03 2 7 73 61
0.0366667 0 3 78 98
0.0433333 1 4 107 106
0.05 1 5 126 142
0.0566667 0 12 137 151
0.0633333 0 3 160 159
0.07 1 6 168 169
0.0766667 4 8 198 176
0.0833333 5 7 185 197
0.09 6 9 199 200
0.0966667 4 10 180 194
0.103333 3 9 185 155
0.11 4 8 168 202
0.116667 4 11 162 185
0.123333 0 6 171 174
0.13 4 6 178 178
0.136667 7 5 144 190
0.143333 1 7 175 158
0.15 2 6 159 166
0.156667 0 3 142 133
0.163333 1 3 159 159
0.17 3 7 128 141
0.176667 2 8 123 128
0.183333 1 7 119 135
0.19 1 5 150 137
0.196667 2 7 124 118
0.203333 3 6 116 133
0.21 2 6 137 132
0.216667 0 7 130 137
0.223333 2 4 124 130
0.23 4 3 102 112
0.236667 3 2 102 118
0.243333 2 3 103 88
0.25 0 6 102 96
0.256667 2 3 84 81
0.263333 1 2 82 82
0.27 3 3 78 82
0.276667 6 1 95 90
0.283333 1 5 79 82
0.29 2 4 86 88
0.296667 1 2 83 83
0.303333 1 1 58 84
0.31 0 2 63 84
0.316667 1 1 67 72
0.323333 2 3 62 73
0.33 2 4 60 88
0.336667 3 3 64 76
0.343333 3 1 64 64
0.35 3 4 68 76
0.356667 0 3 52 68
0.363333 1 2 65 49
0.37 3 6 55 63
0.376667 0 2 62 54
0.383333 1 4 53 59
0.39 1 0 38 61
0.396667 1 2 54 75
0.403333 0 3 55 46
0.41 1 3 56 63
0.416667 0 4 50 69
0.423333 0 1 53 52
0.43 0 4 55 50
0.436667 0 6 42 55
0.443333 3 2 42 38
0.45 2 2 50 57
0.456667 1 3 56 46
0.463333 0 5 53 63
0.47 3 1 46 52
0.476667 2 4 52 44
0.483333 0 5 40 27
0.49 1 2 25 31
0.496667 0 2 40 44
0.503333 0 4 35 31
0.51 1 2 26 25
0.516667 2 0 38 31
0.523333 1 0 40 29
0.53 2 2 32 34
0.536667 1 2 26 35
0.543333 0 0 27 32
0.55 1 1 29 27
0.556667 0 5 27 25
0.563333 0 3 23 36
0.57 2 1 25 28
0.576667 1 2 26 22
0.583333 2 2 24 25
0.59 0 4 30 20
0.596667 0 2 18 14
0.603333 1 2 24 33
0.61 1 2 33 17
0.616667 1 1 27 26
0.623333 2 1 22 26
0.63 0 2 28 25
0.636667 0 3 27 30
0.643333 0 2 21 20
0.65 0 1 29 26
0.656667 0 2 20 25
0.663333 15 21 1227 1401
0.67 0 0 0 0
0.676667 0 0 0 0
0.683333 0 0 0 0
0.69 0 0 0 0
0.696667 0 0 0 0
0.703333 0 0 0 0
0.71 0 0 0 0
0.716667 0 0 0 0
0.723333 0 0 0 0
0.73 0 0 0 0
0.736667 0 0 0 0
0.743333 0 0 0 0
0.75 0 0 0 0
0.756667 0 0 0 0
0.763333 0 0 0 0
0.77 0 0 0 0
0.776667 0 0 0 0
0.783333 0 0 0 0
0.79 0 0 0 0
0.796667 0 0 0 0
0.803333 0 0 0 0
0.81 0 0 0 0
0.816667 0 0 0 0
0.823333 0 0 0 0
0.83 0 0 0 0
0.836667 0 0 0 0
0.843333 0 0 0 0
0.85 0 0 0 0
0.856667 0 0 0 0
0.863333 0 0 0 0
0.87 0 0 0 0
0.876667 0 0 0 0
0.883333 0 0 0 0
0.89 0 0 0 0
0.896667 0 0 0 0
0.903333 0 0 0 0
0.91 0 0 0 0
0.916667 0 0 0 0
0.923333 0 0 0 0
0.93 0 0 0 0
0.936667 0 0 0 0
0.943333 0 0 0 0
0.95 0 0 0 0
0.956667 0 0 0 0
0.963333 0 0 0 0
0.97 0 0 0 0
0.976667 0 0 0 0
0.983333 0 0 0 0
0.99 0 0 0 0
0.996667 0 0 0 0
1.00333 0 0 0 0
1.01 0 0 0 0
1.01667 0 0 0 0
1.02333 0 0 0 0
1.03 0 0 0 0
1.03667 0 0 0 0
1.04333 0 0 0 0
1.05 0 0 0 0
1.05667 0 0 0 0
1.06333 0 0 0 0
1.07 0 0 0 0
1.07667 0 0 0 0
1.08333 0 0 0 0
1.09 0 0 0 0
1.09667 0 0 0 0
1.10333 0 0 0 0
1.11 0 0 0 0
1.11667 0 0 0 0
1.12333 0 0 0 0
1.13 0 0 0 0
1.13667 0 0 0 0
1.14333 0 0 0 0
1.15 0 0 0 0
1.15667 0 0 0 0
1.16333 0 0 0 0
1.17 0 0 0 0
1.17667 0 0 0 0
1.18333 0 0 0 0
1.19 0 0 0 0
1.19667 0 0 0 0
1.20333 0 0 0 0
1.21 0 0 0 0
1.21667 0 0 0 0
1.22333 0 0 0 0
1.23 0 0 0 0
1.23667 0 0 0 0
1.24333 0 0 0 0
1.25 0 0 0 0
1.25667 0 0 0 0
1.26333 0 0 0 0
1.27 0 0 0 0
1.27667 0 0 0 0
1.28333 0 0 0 0
1.29 0 0 0 0
1.29667 0 0 0 0
1.30333 0 0 0 0
1.31 0 0 0 0
1.31667 0 0 0 0
1.32333 0 0 0 0
1.33 0 0 0 0
1.33667 0 0 0 0
1.34333 0 0 0 0
1.35 0 0 0 0
1.35667 0 0 0 0
1.36333 0 0 0 0
1.37 0 0 0 0
1.37667 0 0 0 0
1.38333 0 0 0 0
1.39 0 0 0 0
1.39667 0 0 0 0
1.40333 0 0 0 0
1.41 0 0 0 0
1.41667 0 0 0 0
1.42333 0 0 0 0
1.43 0 0 0 0
1.43667 0 0 0 0
1.44333 0 0 0 0
1.45 0 0 0 0
1.45667 0 0 0 0
1.46333 0 0 0 0
1.47 0 0 0 0
1.47667 0 0 0 0
1.48333 0 0 0 0
1.49 0 0 0 0
1.49667 0 0 0 0
1.50333 0 0 0 0
1.51 0 0 0 0
1.51667 0 0 0 0
1.52333 0 0 0 0
1.53 0 0 0 0
1.53667 0 0 0 0
1.54333 0 0 0 0
1.55 0 0 0 0
1.55667 0 0 0 0
1.56333 0 0 0 0
1.57 0 0 0 0
1.57667 0 0 0 0
1.58333 0 0 0 0
1.59 0 0 0 0
1.59667 0 0 0 0
1.60333 0 0 0 0
1.61 0 0 0 0
1.61667 0 0 0 0
1.62333 0 0 0 0
1.63 0 0 0 0
1.63667 0 0 0 0
1.64333 0 0 0 0
1.65 0 0 0 0
1.65667 0 0 0 0
1.66333 0 0 0 0
1.67 0 0 0 0
1.67667 0 0 0 0
1.68333 0 0 0 0
1.69 0 0 0 0
1.69667 0 0 0 0
1.70333 0 0 0 0
1.71 0 0 0 0
1.71667 0 0 0 0
1.72333 0 0 0 0
1.73 0 0 0 0
1.73667 0 0 0 0
1.74333 0 0 0 0
1.75 0 0 0 0
1.75667 0 0 0 0
1.76333 0 0 0 0
1.77 0 0 0 0
1.77667 0 0 0 0
1.78333 0 0 0 0
1.79 0 0 0 0
1.79667 0 0 0 0
1.80333 0 0 0 0
1.81 0 0 0 0
1.81667 0 0 0 0
1.82333 0 0 0 0
1.83 0 0 0 0
1.83667 0 0 0 0
1.84333 0 0 0 0
1.85 0 0 0 0
1.85667 0 0 0 0
1.86333 0 0 0 0
1.87 0 0 0 0
1.87667 0 0 0 0
1.88333 0 0 0 0
1.89 0 0 0 0
1.89667 0 0 0 0
1.90333 0 0 0 0
1.91 0 0 0 0
1.91667 0 0 0 0
1.92333 0 0 0 0
1.93 0 0 0 0
1.93667 0 0 0 0
1.94333 0 0 0 0
1.95 0 0 0 0
1.95667 0 0 0 0
1.96333 0 0 0 0
1.97 0 0 0 0
1.97667 0 0 0 0
1.98333 0 0 0 0
1.99 0 0 0 0
1.99667 0 0 0 0
