0.00333333 2 4 7 134
0.01 5 8 11 121
0.0166667 2 7 9 138
0.0233333 3 11 10 123
0.03 9 8 6 123
0.0366667 2 1 5 142
0.0433333 3 5 10 127
0.05 2 7 13 145
0.0566667 7 7 15 140
0.0633333 4 3 16 151
0.07 5 6 20 142
0.0766667 4 6 18 162
0.0833333 6 5 21 170
0.09 4 3 20 158
0.0966667 4 6 14 166
0.103333 2 4 22 182
0.11 5 10 19 174
0.116667 3 7 16 183
0.123333 7 9 17 202
0.13 2 12 15 191
0.136667 3 12 10 179
0.143333 1 11 16 185
0.15 4 7 16 197
0.156667 2 7 11 195
0.163333 6 4 7 162
0.17 4 5 17 194
0.176667 4 4 11 163
0.183333 8 9 11 184
0.19 5 8 14 226
0.196667 5 11 10 240
0.203333 6 11 11 249
0.21 6 14 10 249
0.216667 5 12 8 247
0.223333 5 7 15 295
0.23 0 8 8 247
0.236667 4 10 12 226
0.243333 0 14 20 240
0.25 8 7 8 226
0.256667 6 10 12 233
0.263333 4 9 6 181
0.27 4 14 13 190
0.276667 5 10 10 163
0.283333 4 7 11 187
0.29 3 14 15 173
0.296667 5 13 10 180
0.303333 3 6 11 171
0.31 7 4 7 138
0.316667 3 6 8 149
0.323333 3 9 10 169
0.33 2 7 15 146
0.336667 1 8 9 157
0.343333 5 10 7 158
0.35 3 13 9 137
0.356667 3 4 7 147
0.363333 3 9 9 158
0.37 7 6 7 155
0.376667 5 8 12 133
0.383333 3 9 9 116
0.39 3 4 7 138
0.396667 5 7 6 135
0.403333 7 11 4 133
0.41 7 5 5 130
0.416667 6 2 3 137
0.423333 6 2 9 152
0.43 6 10 6 127
0.436667 4 6 4 131
0.443333 7 8 7 143
0.45 2 7 8 134
0.456667 5 6 7 131
0.463333 8 6 4 144
0.47 8 7 12 154
0.476667 3 6 7 122
0.483333 2 1 3 53
0.49 0 1 6 47
0.496667 1 7 3 37
0.503333 1 3 7 41
0.51 0 5 2 39
0.516667 1 6 7 33
0.523333 1 1 4 36
0.53 0 2 3 34
0.536667 1 4 2 21
0.543333 2 4 2 27
0.55 2 4 9 18
0.556667 3 0 5 20
0.563333 0 1 6 15
0.57 0 7 7 26
0.576667 1 2 5 20
0.583333 0 0 5 20
0.59 2 2 3 33
0.596667 1 1 6 25
0.603333 0 3 1 21
0.61 3 6 5 22
0.616667 0 3 2 13
0.623333 0 3 3 22
0.63 0 3 6 25
0.636667 2 3 7 40
0.643333 0 2 1 10
0.65 1 1 6 18
0.656667 1 0 6 15
0.663333 267 504 122 8934
0.67 0 0 0 0
0.676667 0 0 0 0
0.683333 0 0 0 0
0.69 0 0 0 0
0.696667 0 0 0 0
0.703333 0 0 0 0
0.71 0 0 0 0
0.716667 0 0 0 0
0.723333 0 0 0 0
0.73 0 0 0 0
0.736667 0 0 0 0
0.743333 0 0 0 0
0.75 0 0 0 0
0.756667 0 0 0 0
0.763333 0 0 0 0
0.77 0 0 0 0
0.776667 0 0 0 0
0.783333 0 0 0 0
0.79 0 0 0 0
0.796667 0 0 0 0
0.803333 0 0 0 0
0.81 0 0 0 0
0.816667 0 0 0 0
0.823333 0 0 0 0
0.83 0 0 0 0
0.836667 0 0 0 0
0.843333 0 0 0 0
0.85 0 0 0 0
0.856667 0 0 0 0
0.863333 0 0 0 0
0.87 0 0 0 0
0.876667 0 0 0 0
0.883333 0 0 0 0
0.89 0 0 0 0
0.896667 0 0 0 0
0.903333 0 0 0 0
0.91 0 0 0 0
0.916667 0 0 0 0
0.923333 0 0 0 0
0.93 0 0 0 0
0.936667 0 0 0 0
0.943333 0 0 0 0
0.95 0 0 0 0
0.956667 0 0 0 0
0.963333 0 0 0 0
0.97 0 0 0 0
0.976667 0 0 0 0
0.983333 0 0 0 0
0.99 0 0 0 0
0.996667 0 0 0 0
1.00333 0 0 0 0
1.01 0 0 0 0
1.01667 0 0 0 0
1.02333 0 0 0 0
1.03 0 0 0 0
1.03667 0 0 0 0
1.04333 0 0 0 0
1.05 0 0 0 0
1.05667 0 0 0 0
1.06333 0 0 0 0
1.07 0 0 0 0
1.07667 0 0 0 0
1.08333 0 0 0 0
1.09 0 0 0 0
1.09667 0 0 0 0
1.10333 0 0 0 0
1.11 0 0 0 0
1.11667 0 0 0 0
1.12333 0 0 0 0
1.13 0 0 0 0
1.13667 0 0 0 0
1.14333 0 0 0 0
1.15 0 0 0 0
1.15667 0 0 0 0
1.16333 0 0 0 0
1.17 0 0 0 0
1.17667 0 0 0 0
1.18333 0 0 0 0
1.19 0 0 0 0
1.19667 0 0 0 0
1.20333 0 0 0 0
1.21 0 0 0 0
1.21667 0 0 0 0
1.22333 0 0 0 0
1.23 0 0 0 0
1.23667 0 0 0 0
1.24333 0 0 0 0
1.25 0 0 0 0
1.25667 0 0 0 0
1.26333 0 0 0 0
1.27 0 0 0 0
1.27667 0 0 0 0
1.28333 0 0 0 0
1.29 0 0 0 0
1.29667 0 0 0 0
1.30333 0 0 0 0
1.31 0 0 0 0
1.31667 0 0 0 0
1.32333 0 0 0 0
1.33 0 0 0 0
1.33667 0 0 0 0
1.34333 0 0 0 0
1.35 0 0 0 0
1.35667 0 0 0 0
1.36333 0 0 0 0
1.37 0 0 0 0
1.37667 0 0 0 0
1.38333 0 0 0 0
1.39 0 0 0 0
1.39667 0 0 0 0
1.40333 0 0 0 0
1.41 0 0 0 0
1.41667 0 0 0 0
1.42333 0 0 0 0
1.43 0 0 0 0
1.43667 0 0 0 0
1.44333 0 0 0 0
1.45 0 0 0 0
1.45667 0 0 0 0
1.46333 0 0 0 0
1.47 0 0 0 0
1.47667 0 0 0 0
1.48333 0 0 0 0
1.49 0 0 0 0
1.49667 0 0 0 0
1.50333 0 0 0 0
1.51 0 0 0 0
1.51667 0 0 0 0
1.52333 0 0 0 0
1.53 0 0 0 0
1.53667 0 0 0 0
1.54333 0 0 0 0
1.55 0 0 0 0
1.55667 0 0 0 0
1.56333 0 0 0 0
1.57 0 0 0 0
1.57667 0 0 0 0
1.58333 0 0 0 0
1.59 0 0 0 0
1.59667 0 0 0 0
1.60333 0 0 0 0
1.61 0 0 0 0
1.61667 0 0 0 0
1.62333 0 0 0 0
1.63 0 0 0 0
1.63667 0 0 0 0
1.64333 0 0 0 0
1.65 0 0 0 0
1.65667 0 0 0 0
1.66333 0 0 0 0
1.67 0 0 0 0
1.67667 0 0 0 0
1.68333 0 0 0 0
1.69 0 0 0 0
1.69667 0 0 0 0
1.70333 0 0 0 0
1.71 0 0 0 0
1.71667 0 0 0 0
1.72333 0 0 0 0
1.73 0 0 0 0
1.73667 0 0 0 0
1.74333 0 0 0 0
1.75 0 0 0 0
1.75667 0 0 0 0
1.76333 0 0 0 0
1.77 0 0 0 0
1.77667 0 0 0 0
1.78333 0 0 0 0
1.79 0 0 0 0
1.79667 0 0 0 0
1.80333 0 0 0 0
1.81 0 0 0 0
1.81667 0 0 0 0
1.82333 0 0 0 0
1.83 0 0 0 0
1.83667 0 0 0 0
1.84333 0 0 0 0
1.85 0 0 0 0
1.85667 0 0 0 0
1.86333 0 0 0 0
1.87 0 0 0 0
1.87667 0 0 0 0
1.88333 0 0 0 0
1.89 0 0 0 0
1.89667 0 0 0 0
1.90333 0 0 0 0
1.91 0 0 0 0
1.91667 0 0 0 0
1.92333 0 0 0 0
1.93 0 0 0 0
1.93667 0 0 0 0
1.94333 0 0 0 0
1.95 0 0 0 0
1.95667 0 0 0 0
1.96333 0 0 0 0
1.97 0 0 0 0
1.97667 0 0 0 0
1.98333 0 0 0 0
1.99 0 0 0 0
1.99667 0 0 0 0
