0.00333333 11 33 12 20
0.01 21 31 7 24
0.0166667 11 41 12 23
0.0233333 18 41 11 10
0.03 13 50 17 16
0.0366667 20 50 13 14
0.0433333 21 56 16 18
0.05 27 48 21 17
0.0566667 23 74 40 36
0.0633333 22 80 36 11
0.07 32 61 37 28
0.0766667 30 87 35 31
0.0833333 34 82 36 31
0.09 24 75 34 30
0.0966667 16 75 32 35
0.103333 34 77 34 28
0.11 41 83 28 30
0.116667 28 90 31 29
0.123333 36 79 22 20
0.13 32 89 16 31
0.136667 33 84 22 28
0.143333 34 91 23 26
0.15 24 53 26 28
0.156667 28 72 19 27
0.163333 26 74 15 28
0.17 37 71 17 31
0.176667 25 74 15 28
0.183333 37 79 28 30
0.19 50 84 17 54
0.196667 29 67 15 41
0.203333 37 99 14 28
0.21 38 104 18 24
0.216667 24 78 20 31
0.223333 42 68 20 32
0.23 38 61 24 26
0.236667 32 70 21 28
0.243333 27 72 17 24
0.25 33 76 18 26
0.256667 21 73 24 18
0.263333 29 52 18 26
0.27 27 69 14 21
0.276667 31 55 13 23
0.283333 25 53 17 18
0.29 25 59 10 16
0.296667 25 59 18 17
0.303333 34 61 13 18
0.31 22 38 17 32
0.316667 25 57 18 22
0.323333 26 40 17 24
0.33 20 50 17 24
0.336667 15 39 12 23
0.343333 22 40 10 20
0.35 28 48 11 28
0.356667 26 36 14 13
0.363333 25 53 12 23
0.37 33 43 18 26
0.376667 19 54 15 30
0.383333 21 33 9 21
0.39 26 42 11 22
0.396667 27 50 8 18
0.403333 12 47 7 27
0.41 19 37 8 14
0.416667 23 37 12 21
0.423333 19 52 11 23
0.43 25 43 9 19
0.436667 19 44 12 26
0.443333 13 51 11 19
0.45 16 51 18 19
0.456667 19 35 11 16
0.463333 16 41 6 24
0.47 29 41 10 13
0.476667 19 43 7 21
0.483333 8 13 8 16
0.49 7 18 7 8
0.496667 12 16 11 16
0.503333 10 17 7 5
0.51 12 19 8 9
0.516667 11 30 6 5
0.523333 10 21 7 9
0.53 11 18 3 2
0.536667 9 19 4 2
0.543333 7 21 8 11
0.55 7 16 7 10
0.556667 11 21 11 3
0.563333 4 18 8 9
0.57 4 21 3 9
0.576667 4 18 5 6
0.583333 8 14 4 9
0.59 6 10 9 7
0.596667 3 18 5 7
0.603333 5 21 7 5
0.61 5 21 5 4
0.616667 1 15 8 4
0.623333 4 12 6 4
0.63 1 16 5 4
0.636667 6 27 5 2
0.643333 1 16 5 0
0.65 2 22 11 0
0.656667 1 13 4 1
0.663333 1066 1695 165 1054
0.67 0 0 0 0
0.676667 0 0 0 0
0.683333 0 0 0 0
0.69 0 0 0 0
0.696667 0 0 0 0
0.703333 0 0 0 0
0.71 0 0 0 0
0.716667 0 0 0 0
0.723333 0 0 0 0
0.73 0 0 0 0
0.736667 0 0 0 0
0.743333 0 0 0 0
0.75 0 0 0 0
0.756667 0 0 0 0
0.763333 0 0 0 0
0.77 0 0 0 0
0.776667 0 0 0 0
0.783333 0 0 0 0
0.79 0 0 0 0
0.796667 0 0 0 0
0.803333 0 0 0 0
0.81 0 0 0 0
0.816667 0 0 0 0
0.823333 0 0 0 0
0.83 0 0 0 0
0.836667 0 0 0 0
0.843333 0 0 0 0
0.85 0 0 0 0
0.856667 0 0 0 0
0.863333 0 0 0 0
0.87 0 0 0 0
0.876667 0 0 0 0
0.883333 0 0 0 0
0.89 0 0 0 0
0.896667 0 0 0 0
0.903333 0 0 0 0
0.91 0 0 0 0
0.916667 0 0 0 0
0.923333 0 0 0 0
0.93 0 0 0 0
0.936667 0 0 0 0
0.943333 0 0 0 0
0.95 0 0 0 0
0.956667 0 0 0 0
0.963333 0 0 0 0
0.97 0 0 0 0
0.976667 0 0 0 0
0.983333 0 0 0 0
0.99 0 0 0 0
0.996667 0 0 0 0
1.00333 0 0 0 0
1.01 0 0 0 0
1.01667 0 0 0 0
1.02333 0 0 0 0
1.03 0 0 0 0
1.03667 0 0 0 0
1.04333 0 0 0 0
1.05 0 0 0 0
1.05667 0 0 0 0
1.06333 0 0 0 0
1.07 0 0 0 0
1.07667 0 0 0 0
1.08333 0 0 0 0
1.09 0 0 0 0
1.09667 0 0 0 0
1.10333 0 0 0 0
1.11 0 0 0 0
1.11667 0 0 0 0
1.12333 0 0 0 0
1.13 0 0 0 0
1.13667 0 0 0 0
1.14333 0 0 0 0
1.15 0 0 0 0
1.15667 0 0 0 0
1.16333 0 0 0 0
1.17 0 0 0 0
1.17667 0 0 0 0
1.18333 0 0 0 0
1.19 0 0 0 0
1.19667 0 0 0 0
1.20333 0 0 0 0
1.21 0 0 0 0
1.21667 0 0 0 0
1.22333 0 0 0 0
1.23 0 0 0 0
1.23667 0 0 0 0
1.24333 0 0 0 0
1.25 0 0 0 0
1.25667 0 0 0 0
1.26333 0 0 0 0
1.27 0 0 0 0
1.27667 0 0 0 0
1.28333 0 0 0 0
1.29 0 0 0 0
1.29667 0 0 0 0
1.30333 0 0 0 0
1.31 0 0 0 0
1.31667 0 0 0 0
1.32333 0 0 0 0
1.33 0 0 0 0
1.33667 0 0 0 0
1.34333 0 0 0 0
1.35 0 0 0 0
1.35667 0 0 0 0
1.36333 0 0 0 0
1.37 0 0 0 0
1.37667 0 0 0 0
1.38333 0 0 0 0
1.39 0 0 0 0
1.39667 0 0 0 0
1.40333 0 0 0 0
1.41 0 0 0 0
1.41667 0 0 0 0
1.42333 0 0 0 0
1.43 0 0 0 0
1.43667 0 0 0 0
1.44333 0 0 0 0
1.45 0 0 0 0
1.45667 0 0 0 0
1.46333 0 0 0 0
1.47 0 0 0 0
1.47667 0 0 0 0
1.48333 0 0 0 0
1.49 0 0 0 0
1.49667 0 0 0 0
1.50333 0 0 0 0
1.51 0 0 0 0
1.51667 0 0 0 0
1.52333 0 0 0 0
1.53 0 0 0 0
1.53667 0 0 0 0
1.54333 0 0 0 0
1.55 0 0 0 0
1.55667 0 0 0 0
1.56333 0 0 0 0
1.57 0 0 0 0
1.57667 0 0 0 0
1.58333 0 0 0 0
1.59 0 0 0 0
1.59667 0 0 0 0
1.60333 0 0 0 0
1.61 0 0 0 0
1.61667 0 0 0 0
1.62333 0 0 0 0
1.63 0 0 0 0
1.63667 0 0 0 0
1.64333 0 0 0 0
1.65 0 0 0 0
1.65667 0 0 0 0
1.66333 0 0 0 0
1.67 0 0 0 0
1.67667 0 0 0 0
1.68333 0 0 0 0
1.69 0 0 0 0
1.69667 0 0 0 0
1.70333 0 0 0 0
1.71 0 0 0 0
1.71667 0 0 0 0
1.72333 0 0 0 0
1.73 0 0 0 0
1.73667 0 0 0 0
1.74333 0 0 0 0
1.75 0 0 0 0
1.75667 0 0 0 0
1.76333 0 0 0 0
1.77 0 0 0 0
1.77667 0 0 0 0
1.78333 0 0 0 0
1.79 0 0 0 0
1.79667 0 0 0 0
1.80333 0 0 0 0
1.81 0 0 0 0
1.81667 0 0 0 0
1.82333 0 0 0 0
1.83 0 0 0 0
1.83667 0 0 0 0
1.84333 0 0 0 0
1.85 0 0 0 0
1.85667 0 0 0 0
1.86333 0 0 0 0
1.87 0 0 0 0
1.87667 0 0 0 0
1.88333 0 0 0 0
1.89 0 0 0 0
1.89667 0 0 0 0
1.90333 0 0 0 0
1.91 0 0 0 0
1.91667 0 0 0 0
1.92333 0 0 0 0
1.93 0 0 0 0
1.93667 0 0 0 0
1.94333 0 0 0 0
1.95 0 0 0 0
1.95667 0 0 0 0
1.96333 0 0 0 0
1.97 0 0 0 0
1.97667 0 0 0 0
1.98333 0 0 0 0
1.99 0 0 0 0
1.99667 0 0 0 0
