0.00333333 0 6 62 33
0.01 3 9 70 32
0.0166667 0 5 82 32
0.0233333 4 15 73 33
0.03 2 7 88 45
0.0366667 1 14 119 69
0.0433333 3 13 157 66
0.05 2 12 149 95
0.0566667 6 7 210 107
0.0633333 8 16 259 106
0.07 4 24 240 137
0.0766667 8 22 244 155
0.0833333 2 25 298 144
0.09 3 26 284 128
0.0966667 2 15 266 142
0.103333 4 23 280 113
0.11 5 26 272 129
0.116667 3 21 241 130
0.123333 3 15 274 119
0.13 5 21 269 130
0.136667 5 21 265 115
0.143333 3 22 241 103
0.15 5 20 222 105
0.156667 4 15 236 91
0.163333 2 15 213 93
0.17 5 16 209 83
0.176667 3 19 206 114
0.183333 2 19 225 84
0.19 3 16 206 109
0.196667 7 30 208 98
0.203333 3 18 188 80
0.21 5 22 195 68
0.216667 7 16 202 79
0.223333 0 11 191 89
0.23 4 11 169 66
0.236667 0 14 189 64
0.243333 3 13 164 72
0.25 2 9 163 74
0.256667 4 9 143 53
0.263333 1 13 141 66
0.27 3 13 114 70
0.276667 2 8 126 53
0.283333 3 10 117 64
0.29 0 16 128 52
0.296667 0 20 124 52
0.303333 1 9 111 47
0.31 3 8 127 45
0.316667 1 9 100 50
0.323333 4 14 92 44
0.33 1 12 97 34
0.336667 1 5 97 50
0.343333 6 10 93 51
0.35 0 12 95 40
0.356667 0 13 90 29
0.363333 0 10 89 32
0.37 0 11 96 42
0.376667 1 6 100 38
0.383333 4 8 70 44
0.39 1 8 92 42
0.396667 3 11 89 41
0.403333 0 8 90 38
0.41 1 8 82 29
0.416667 2 14 70 36
0.423333 0 5 76 46
0.43 0 12 70 29
0.436667 2 12 71 29
0.443333 3 7 60 37
0.45 4 6 67 25
0.456667 2 11 79 32
0.463333 2 10 74 33
0.47 0 5 82 39
0.476667 0 6 64 37
0.483333 0 7 53 30
0.49 2 9 47 25
0.496667 4 6 64 21
0.503333 2 5 39 27
0.51 1 5 44 26
0.516667 2 5 54 21
0.523333 0 4 41 17
0.53 1 3 27 22
0.536667 1 6 39 16
0.543333 2 2 38 24
0.55 0 3 39 16
0.556667 1 3 39 22
0.563333 1 4 38 19
0.57 2 5 35 19
0.576667 2 0 39 15
0.583333 2 4 43 18
0.59 1 5 37 22
0.596667 1 3 36 15
0.603333 2 5 26 15
0.61 1 5 34 25
0.616667 0 6 33 13
0.623333 1 1 28 26
0.63 1 2 23 17
0.636667 0 7 47 17
0.643333 2 6 27 14
0.65 1 2 23 10
0.656667 0 4 25 13
0.663333 19 151 2207 765
0.67 0 0 0 0
0.676667 0 0 0 0
0.683333 0 0 0 0
0.69 0 0 0 0
0.696667 0 0 0 0
0.703333 0 0 0 0
0.71 0 0 0 0
0.716667 0 0 0 0
0.723333 0 0 0 0
0.73 0 0 0 0
0.736667 0 0 0 0
0.743333 0 0 0 0
0.75 0 0 0 0
0.756667 0 0 0 0
0.763333 0 0 0 0
0.77 0 0 0 0
0.776667 0 0 0 0
0.783333 0 0 0 0
0.79 0 0 0 0
0.796667 0 0 0 0
0.803333 0 0 0 0
0.81 0 0 0 0
0.816667 0 0 0 0
0.823333 0 0 0 0
0.83 0 0 0 0
0.836667 0 0 0 0
0.843333 0 0 0 0
0.85 0 0 0 0
0.856667 0 0 0 0
0.863333 0 0 0 0
0.87 0 0 0 0
0.876667 0 0 0 0
0.883333 0 0 0 0
0.89 0 0 0 0
0.896667 0 0 0 0
0.903333 0 0 0 0
0.91 0 0 0 0
0.916667 0 0 0 0
0.923333 0 0 0 0
0.93 0 0 0 0
0.936667 0 0 0 0
0.943333 0 0 0 0
0.95 0 0 0 0
0.956667 0 0 0 0
0.963333 0 0 0 0
0.97 0 0 0 0
0.976667 0 0 0 0
0.983333 0 0 0 0
0.99 0 0 0 0
0.996667 0 0 0 0
1.00333 0 0 0 0
1.01 0 0 0 0
1.01667 0 0 0 0
1.02333 0 0 0 0
1.03 0 0 0 0
1.03667 0 0 0 0
1.04333 0 0 0 0
1.05 0 0 0 0
1.05667 0 0 0 0
1.06333 0 0 0 0
1.07 0 0 0 0
1.07667 0 0 0 0
1.08333 0 0 0 0
1.09 0 0 0 0
1.09667 0 0 0 0
1.10333 0 0 0 0
1.11 0 0 0 0
1.11667 0 0 0 0
1.12333 0 0 0 0
1.13 0 0 0 0
1.13667 0 0 0 0
1.14333 0 0 0 0
1.15 0 0 0 0
1.15667 0 0 0 0
1.16333 0 0 0 0
1.17 0 0 0 0
1.17667 0 0 0 0
1.18333 0 0 0 0
1.19 0 0 0 0
1.19667 0 0 0 0
1.20333 0 0 0 0
1.21 0 0 0 0
1.21667 0 0 0 0
1.22333 0 0 0 0
1.23 0 0 0 0
1.23667 0 0 0 0
1.24333 0 0 0 0
1.25 0 0 0 0
1.25667 0 0 0 0
1.26333 0 0 0 0
1.27 0 0 0 0
1.27667 0 0 0 0
1.28333 0 0 0 0
1.29 0 0 0 0
1.29667 0 0 0 0
1.30333 0 0 0 0
1.31 0 0 0 0
1.31667 0 0 0 0
1.32333 0 0 0 0
1.33 0 0 0 0
1.33667 0 0 0 0
1.34333 0 0 0 0
1.35 0 0 0 0
1.35667 0 0 0 0
1.36333 0 0 0 0
1.37 0 0 0 0
1.37667 0 0 0 0
1.38333 0 0 0 0
1.39 0 0 0 0
1.39667 0 0 0 0
1.40333 0 0 0 0
1.41 0 0 0 0
1.41667 0 0 0 0
1.42333 0 0 0 0
1.43 0 0 0 0
1.43667 0 0 0 0
1.44333 0 0 0 0
1.45 0 0 0 0
1.45667 0 0 0 0
1.46333 0 0 0 0
1.47 0 0 0 0
1.47667 0 0 0 0
1.48333 0 0 0 0
1.49 0 0 0 0
1.49667 0 0 0 0
1.50333 0 0 0 0
1.51 0 0 0 0
1.51667 0 0 0 0
1.52333 0 0 0 0
1.53 0 0 0 0
1.53667 0 0 0 0
1.54333 0 0 0 0
1.55 0 0 0 0
1.55667 0 0 0 0
1.56333 0 0 0 0
1.57 0 0 0 0
1.57667 0 0 0 0
1.58333 0 0 0 0
1.59 0 0 0 0
1.59667 0 0 0 0
1.60333 0 0 0 0
1.61 0 0 0 0
1.61667 0 0 0 0
1.62333 0 0 0 0
1.63 0 0 0 0
1.63667 0 0 0 0
1.64333 0 0 0 0
1.65 0 0 0 0
1.65667 0 0 0 0
1.66333 0 0 0 0
1.67 0 0 0 0
1.67667 0 0 0 0
1.68333 0 0 0 0
1.69 0 0 0 0
1.69667 0 0 0 0
1.70333 0 0 0 0
1.71 0 0 0 0
1.71667 0 0 0 0
1.72333 0 0 0 0
1.73 0 0 0 0
1.73667 0 0 0 0
1.74333 0 0 0 0
1.75 0 0 0 0
1.75667 0 0 0 0
1.76333 0 0 0 0
1.77 0 0 0 0
1.77667 0 0 0 0
1.78333 0 0 0 0
1.79 0 0 0 0
1.79667 0 0 0 0
1.80333 0 0 0 0
1.81 0 0 0 0
1.81667 0 0 0 0
1.82333 0 0 0 0
1.83 0 0 0 0
1.83667 0 0 0 0
1.84333 0 0 0 0
1.85 0 0 0 0
1.85667 0 0 0 0
1.86333 0 0 0 0
1.87 0 0 0 0
1.87667 0 0 0 0
1.88333 0 0 0 0
1.89 0 0 0 0
1.89667 0 0 0 0
1.90333 0 0 0 0
1.91 0 0 0 0
1.91667 0 0 0 0
1.92333 0 0 0 0
1.93 0 0 0 0
1.93667 0 0 0 0
1.94333 0 0 0 0
1.95 0 0 0 0
1.95667 0 0 0 0
1.96333 0 0 0 0
1.97 0 0 0 0
1.97667 0 0 0 0
1.98333 0 0 0 0
1.99 0 0 0 0
1.99667 0 0 0 0
