0.00333333 40 62 2 0
0.01 52 79 2 1
0.0166667 49 79 1 1
0.0233333 70 84 2 1
0.03 68 82 3 0
0.0366667 88 95 2 2
0.0433333 103 112 7 1
0.05 119 121 8 0
0.0566667 127 169 4 3
0.0633333 144 172 6 3
0.07 146 214 7 2
0.0766667 162 197 7 0
0.0833333 192 196 7 0
0.09 186 215 6 1
0.0966667 215 218 4 2
0.103333 188 215 3 1
0.11 170 192 7 1
0.116667 172 182 8 2
0.123333 186 211 6 1
0.13 172 186 6 2
0.136667 168 209 5 2
0.143333 142 210 4 0
0.15 150 190 7 2
0.156667 154 217 4 1
0.163333 146 194 3 2
0.17 139 178 4 2
0.176667 132 196 7 1
0.183333 125 185 7 2
0.19 144 228 5 4
0.196667 155 209 7 0
0.203333 126 226 6 2
0.21 120 203 1 0
0.216667 117 189 7 1
0.223333 105 174 5 3
0.23 114 163 5 0
0.236667 101 153 3 0
0.243333 110 140 6 4
0.25 91 136 6 0
0.256667 77 139 4 3
0.263333 95 135 3 2
0.27 85 115 4 1
0.276667 91 124 3 1
0.283333 73 110 2 0
0.29 87 113 5 0
0.296667 82 109 3 1
0.303333 87 123 3 2
0.31 88 117 4 0
0.316667 71 90 4 2
0.323333 77 104 5 3
0.33 60 89 4 4
0.336667 71 90 2 0
0.343333 72 89 4 0
0.35 63 116 5 0
0.356667 67 86 4 1
0.363333 60 84 2 0
0.37 62 78 6 1
0.376667 60 71 2 0
0.383333 53 76 3 1
0.39 44 76 2 2
0.396667 53 71 5 0
0.403333 62 79 6 1
0.41 66 80 3 2
0.416667 59 81 4 0
0.423333 61 68 2 0
0.43 56 59 3 3
0.436667 44 72 3 2
0.443333 55 71 1 1
0.45 49 76 3 3
0.456667 53 81 3 0
0.463333 53 79 4 3
0.47 41 69 7 0
0.476667 34 72 4 1
0.483333 32 54 5 0
0.49 37 48 5 0
0.496667 40 31 3 0
0.503333 33 30 0 0
0.51 42 28 1 0
0.516667 31 41 5 0
0.523333 30 34 0 0
0.53 32 40 1 0
0.536667 30 43 1 1
0.543333 31 35 1 0
0.55 21 21 2 1
0.556667 34 23 1 0
0.563333 24 28 1 2
0.57 25 31 0 0
0.576667 21 28 2 1
0.583333 29 20 0 0
0.59 30 29 3 0
0.596667 17 26 1 1
0.603333 22 28 2 0
0.61 38 22 0 1
0.616667 25 33 2 1
0.623333 27 28 5 1
0.63 24 30 2 0
0.636667 31 34 1 0
0.643333 13 24 5 1
0.65 22 20 0 1
0.656667 25 21 1 0
0.663333 1426 2793 41 15
0.67 0 0 0 0
0.676667 0 0 0 0
0.683333 0 0 0 0
0.69 0 0 0 0
0.696667 0 0 0 0
0.703333 0 0 0 0
0.71 0 0 0 0
0.716667 0 0 0 0
0.723333 0 0 0 0
0.73 0 0 0 0
0.736667 0 0 0 0
0.743333 0 0 0 0
0.75 0 0 0 0
0.756667 0 0 0 0
0.763333 0 0 0 0
0.77 0 0 0 0
0.776667 0 0 0 0
0.783333 0 0 0 0
0.79 0 0 0 0
0.796667 0 0 0 0
0.803333 0 0 0 0
0.81 0 0 0 0
0.816667 0 0 0 0
0.823333 0 0 0 0
0.83 0 0 0 0
0.836667 0 0 0 0
0.843333 0 0 0 0
0.85 0 0 0 0
0.856667 0 0 0 0
0.863333 0 0 0 0
0.87 0 0 0 0
0.876667 0 0 0 0
0.883333 0 0 0 0
0.89 0 0 0 0
0.896667 0 0 0 0
0.903333 0 0 0 0
0.91 0 0 0 0
0.916667 0 0 0 0
0.923333 0 0 0 0
0.93 0 0 0 0
0.936667 0 0 0 0
0.943333 0 0 0 0
0.95 0 0 0 0
0.956667 0 0 0 0
0.963333 0 0 0 0
0.97 0 0 0 0
0.976667 0 0 0 0
0.983333 0 0 0 0
0.99 0 0 0 0
0.996667 0 0 0 0
1.00333 0 0 0 0
1.01 0 0 0 0
1.01667 0 0 0 0
1.02333 0 0 0 0
1.03 0 0 0 0
1.03667 0 0 0 0
1.04333 0 0 0 0
1.05 0 0 0 0
1.05667 0 0 0 0
1.06333 0 0 0 0
1.07 0 0 0 0
1.07667 0 0 0 0
1.08333 0 0 0 0
1.09 0 0 0 0
1.09667 0 0 0 0
1.10333 0 0 0 0
1.11 0 0 0 0
1.11667 0 0 0 0
1.12333 0 0 0 0
1.13 0 0 0 0
1.13667 0 0 0 0
1.14333 0 0 0 0
1.15 0 0 0 0
1.15667 0 0 0 0
1.16333 0 0 0 0
1.17 0 0 0 0
1.17667 0 0 0 0
1.18333 0 0 0 0
1.19 0 0 0 0
1.19667 0 0 0 0
1.20333 0 0 0 0
1.21 0 0 0 0
1.21667 0 0 0 0
1.22333 0 0 0 0
1.23 0 0 0 0
1.23667 0 0 0 0
1.24333 0 0 0 0
1.25 0 0 0 0
1.25667 0 0 0 0
1.26333 0 0 0 0
1.27 0 0 0 0
1.27667 0 0 0 0
1.28333 0 0 0 0
1.29 0 0 0 0
1.29667 0 0 0 0
1.30333 0 0 0 0
1.31 0 0 0 0
1.31667 0 0 0 0
1.32333 0 0 0 0
1.33 0 0 0 0
1.33667 0 0 0 0
1.34333 0 0 0 0
1.35 0 0 0 0
1.35667 0 0 0 0
1.36333 0 0 0 0
1.37 0 0 0 0
1.37667 0 0 0 0
1.38333 0 0 0 0
1.39 0 0 0 0
1.39667 0 0 0 0
1.40333 0 0 0 0
1.41 0 0 0 0
1.41667 0 0 0 0
1.42333 0 0 0 0
1.43 0 0 0 0
1.43667 0 0 0 0
1.44333 0 0 0 0
1.45 0 0 0 0
1.45667 0 0 0 0
1.46333 0 0 0 0
1.47 0 0 0 0
1.47667 0 0 0 0
1.48333 0 0 0 0
1.49 0 0 0 0
1.49667 0 0 0 0
1.50333 0 0 0 0
1.51 0 0 0 0
1.51667 0 0 0 0
1.52333 0 0 0 0
1.53 0 0 0 0
1.53667 0 0 0 0
1.54333 0 0 0 0
1.55 0 0 0 0
1.55667 0 0 0 0
1.56333 0 0 0 0
1.57 0 0 0 0
1.57667 0 0 0 0
1.58333 0 0 0 0
1.59 0 0 0 0
1.59667 0 0 0 0
1.60333 0 0 0 0
1.61 0 0 0 0
1.61667 0 0 0 0
1.62333 0 0 0 0
1.63 0 0 0 0
1.63667 0 0 0 0
1.64333 0 0 0 0
1.65 0 0 0 0
1.65667 0 0 0 0
1.66333 0 0 0 0
1.67 0 0 0 0
1.67667 0 0 0 0
1.68333 0 0 0 0
1.69 0 0 0 0
1.69667 0 0 0 0
1.70333 0 0 0 0
1.71 0 0 0 0
1.71667 0 0 0 0
1.72333 0 0 0 0
1.73 0 0 0 0
1.73667 0 0 0 0
1.74333 0 0 0 0
1.75 0 0 0 0
1.75667 0 0 0 0
1.76333 0 0 0 0
1.77 0 0 0 0
1.77667 0 0 0 0
1.78333 0 0 0 0
1.79 0 0 0 0
1.79667 0 0 0 0
1.80333 0 0 0 0
1.81 0 0 0 0
1.81667 0 0 0 0
1.82333 0 0 0 0
1.83 0 0 0 0
1.83667 0 0 0 0
1.84333 0 0 0 0
1.85 0 0 0 0
1.85667 0 0 0 0
1.86333 0 0 0 0
1.87 0 0 0 0
1.87667 0 0 0 0
1.88333 0 0 0 0
1.89 0 0 0 0
1.89667 0 0 0 0
1.90333 0 0 0 0
1.91 0 0 0 0
1.91667 0 0 0 0
1.92333 0 0 0 0
1.93 0 0 0 0
1.93667 0 0 0 0
1.94333 0 0 0 0
1.95 0 0 0 0
1.95667 0 0 0 0
1.96333 0 0 0 0
1.97 0 0 0 0
1.97667 0 0 0 0
1.98333 0 0 0 0
1.99 0 0 0 0
1.99667 0 0 0 0
