0.00333333 43 39 0 1
0.01 56 37 4 0
0.0166667 63 48 7 3
0.0233333 74 55 2 3
0.03 75 59 5 2
0.0366667 83 85 7 3
0.0433333 128 110 9 2
0.05 183 143 4 4
0.0566667 174 163 9 3
0.0633333 225 179 13 2
0.07 232 204 14 4
0.0766667 241 192 9 2
0.0833333 231 183 13 6
0.09 238 207 11 4
0.0966667 247 191 13 2
0.103333 205 183 11 4
0.11 215 195 6 4
0.116667 251 191 8 1
0.123333 205 184 15 9
0.13 213 167 10 5
0.136667 214 152 6 5
0.143333 215 146 3 3
0.15 179 138 10 3
0.156667 158 149 5 2
0.163333 186 150 12 2
0.17 174 132 5 4
0.176667 171 132 6 1
0.183333 177 144 11 0
0.19 183 135 8 3
0.196667 197 132 9 0
0.203333 160 135 2 3
0.21 173 117 3 4
0.216667 137 105 7 2
0.223333 128 113 6 1
0.23 147 121 4 5
0.236667 130 98 10 3
0.243333 127 97 10 3
0.25 132 103 4 0
0.256667 135 86 8 4
0.263333 122 82 7 3
0.27 120 93 5 2
0.276667 107 78 3 5
0.283333 101 98 6 1
0.29 121 89 10 0
0.296667 99 83 6 1
0.303333 124 79 3 4
0.31 105 78 6 1
0.316667 69 81 5 0
0.323333 93 73 5 1
0.33 99 69 7 1
0.336667 75 61 5 3
0.343333 91 54 2 1
0.35 84 64 8 3
0.356667 65 57 2 1
0.363333 75 65 4 3
0.37 64 57 8 1
0.376667 70 54 5 0
0.383333 65 47 1 1
0.39 74 55 5 0
0.396667 60 46 3 1
0.403333 73 60 6 0
0.41 67 60 7 0
0.416667 64 39 6 4
0.423333 54 43 1 2
0.43 53 49 4 0
0.436667 60 46 3 0
0.443333 56 37 3 1
0.45 64 42 2 0
0.456667 53 34 4 0
0.463333 66 43 4 1
0.47 65 55 3 2
0.476667 62 41 1 1
0.483333 43 33 3 1
0.49 36 32 3 1
0.496667 49 27 4 0
0.503333 39 22 5 0
0.51 48 28 1 0
0.516667 32 24 3 2
0.523333 29 21 3 0
0.53 38 22 5 0
0.536667 34 27 2 1
0.543333 36 18 3 1
0.55 34 23 2 1
0.556667 19 22 0 0
0.563333 22 25 1 2
0.57 35 18 7 1
0.576667 24 19 7 1
0.583333 26 25 4 0
0.59 22 22 4 1
0.596667 39 23 1 0
0.603333 25 23 6 3
0.61 25 27 4 1
0.616667 27 29 2 0
0.623333 29 15 3 0
0.63 38 13 4 1
0.636667 33 27 1 0
0.643333 30 26 7 1
0.65 30 18 3 1
0.656667 17 18 4 1
0.663333 1735 1180 54 18
0.67 0 0 0 0
0.676667 0 0 0 0
0.683333 0 0 0 0
0.69 0 0 0 0
0.696667 0 0 0 0
0.703333 0 0 0 0
0.71 0 0 0 0
0.716667 0 0 0 0
0.723333 0 0 0 0
0.73 0 0 0 0
0.736667 0 0 0 0
0.743333 0 0 0 0
0.75 0 0 0 0
0.756667 0 0 0 0
0.763333 0 0 0 0
0.77 0 0 0 0
0.776667 0 0 0 0
0.783333 0 0 0 0
0.79 0 0 0 0
0.796667 0 0 0 0
0.803333 0 0 0 0
0.81 0 0 0 0
0.816667 0 0 0 0
0.823333 0 0 0 0
0.83 0 0 0 0
0.836667 0 0 0 0
0.843333 0 0 0 0
0.85 0 0 0 0
0.856667 0 0 0 0
0.863333 0 0 0 0
0.87 0 0 0 0
0.876667 0 0 0 0
0.883333 0 0 0 0
0.89 0 0 0 0
0.896667 0 0 0 0
0.903333 0 0 0 0
0.91 0 0 0 0
0.916667 0 0 0 0
0.923333 0 0 0 0
0.93 0 0 0 0
0.936667 0 0 0 0
0.943333 0 0 0 0
0.95 0 0 0 0
0.956667 0 0 0 0
0.963333 0 0 0 0
0.97 0 0 0 0
0.976667 0 0 0 0
0.983333 0 0 0 0
0.99 0 0 0 0
0.996667 0 0 0 0
1.00333 0 0 0 0
1.01 0 0 0 0
1.01667 0 0 0 0
1.02333 0 0 0 0
1.03 0 0 0 0
1.03667 0 0 0 0
1.04333 0 0 0 0
1.05 0 0 0 0
1.05667 0 0 0 0
1.06333 0 0 0 0
1.07 0 0 0 0
1.07667 0 0 0 0
1.08333 0 0 0 0
1.09 0 0 0 0
1.09667 0 0 0 0
1.10333 0 0 0 0
1.11 0 0 0 0
1.11667 0 0 0 0
1.12333 0 0 0 0
1.13 0 0 0 0
1.13667 0 0 0 0
1.14333 0 0 0 0
1.15 0 0 0 0
1.15667 0 0 0 0
1.16333 0 0 0 0
1.17 0 0 0 0
1.17667 0 0 0 0
1.18333 0 0 0 0
1.19 0 0 0 0
1.19667 0 0 0 0
1.20333 0 0 0 0
1.21 0 0 0 0
1.21667 0 0 0 0
1.22333 0 0 0 0
1.23 0 0 0 0
1.23667 0 0 0 0
1.24333 0 0 0 0
1.25 0 0 0 0
1.25667 0 0 0 0
1.26333 0 0 0 0
1.27 0 0 0 0
1.27667 0 0 0 0
1.28333 0 0 0 0
1.29 0 0 0 0
1.29667 0 0 0 0
1.30333 0 0 0 0
1.31 0 0 0 0
1.31667 0 0 0 0
1.32333 0 0 0 0
1.33 0 0 0 0
1.33667 0 0 0 0
1.34333 0 0 0 0
1.35 0 0 0 0
1.35667 0 0 0 0
1.36333 0 0 0 0
1.37 0 0 0 0
1.37667 0 0 0 0
1.38333 0 0 0 0
1.39 0 0 0 0
1.39667 0 0 0 0
1.40333 0 0 0 0
1.41 0 0 0 0
1.41667 0 0 0 0
1.42333 0 0 0 0
1.43 0 0 0 0
1.43667 0 0 0 0
1.44333 0 0 0 0
1.45 0 0 0 0
1.45667 0 0 0 0
1.46333 0 0 0 0
1.47 0 0 0 0
1.47667 0 0 0 0
1.48333 0 0 0 0
1.49 0 0 0 0
1.49667 0 0 0 0
1.50333 0 0 0 0
1.51 0 0 0 0
1.51667 0 0 0 0
1.52333 0 0 0 0
1.53 0 0 0 0
1.53667 0 0 0 0
1.54333 0 0 0 0
1.55 0 0 0 0
1.55667 0 0 0 0
1.56333 0 0 0 0
1.57 0 0 0 0
1.57667 0 0 0 0
1.58333 0 0 0 0
1.59 0 0 0 0
1.59667 0 0 0 0
1.60333 0 0 0 0
1.61 0 0 0 0
1.61667 0 0 0 0
1.62333 0 0 0 0
1.63 0 0 0 0
1.63667 0 0 0 0
1.64333 0 0 0 0
1.65 0 0 0 0
1.65667 0 0 0 0
1.66333 0 0 0 0
1.67 0 0 0 0
1.67667 0 0 0 0
1.68333 0 0 0 0
1.69 0 0 0 0
1.69667 0 0 0 0
1.70333 0 0 0 0
1.71 0 0 0 0
1.71667 0 0 0 0
1.72333 0 0 0 0
1.73 0 0 0 0
1.73667 0 0 0 0
1.74333 0 0 0 0
1.75 0 0 0 0
1.75667 0 0 0 0
1.76333 0 0 0 0
1.77 0 0 0 0
1.77667 0 0 0 0
1.78333 0 0 0 0
1.79 0 0 0 0
1.79667 0 0 0 0
1.80333 0 0 0 0
1.81 0 0 0 0
1.81667 0 0 0 0
1.82333 0 0 0 0
1.83 0 0 0 0
1.83667 0 0 0 0
1.84333 0 0 0 0
1.85 0 0 0 0
1.85667 0 0 0 0
1.86333 0 0 0 0
1.87 0 0 0 0
1.87667 0 0 0 0
1.88333 0 0 0 0
1.89 0 0 0 0
1.89667 0 0 0 0
1.90333 0 0 0 0
1.91 0 0 0 0
1.91667 0 0 0 0
1.92333 0 0 0 0
1.93 0 0 0 0
1.93667 0 0 0 0
1.94333 0 0 0 0
1.95 0 0 0 0
1.95667 0 0 0 0
1.96333 0 0 0 0
1.97 0 0 0 0
1.97667 0 0 0 0
1.98333 0 0 0 0
1.99 0 0 0 0
1.99667 0 0 0 0
