0.00333333 72 48 1 7
0.01 79 51 4 6
0.0166667 72 36 3 1
0.0233333 79 54 8 5
0.03 87 54 4 8
0.0366667 82 86 6 4
0.0433333 109 83 3 6
0.05 134 111 8 4
0.0566667 136 145 10 8
0.0633333 181 145 12 5
0.07 152 151 14 6
0.0766667 187 154 3 4
0.0833333 167 167 11 10
0.09 222 181 10 8
0.0966667 189 146 11 12
0.103333 186 170 21 13
0.11 216 178 14 7
0.116667 202 135 8 7
0.123333 200 157 5 8
0.13 208 167 9 11
0.136667 171 152 10 6
0.143333 201 152 12 5
0.15 189 122 9 5
0.156667 211 138 9 5
0.163333 175 129 7 10
0.17 221 132 7 6
0.176667 211 121 11 6
0.183333 224 111 5 4
0.19 254 123 11 16
0.196667 236 125 3 7
0.203333 229 111 9 10
0.21 201 93 6 10
0.216667 170 105 7 10
0.223333 200 99 15 9
0.23 137 99 6 6
0.236667 159 103 8 6
0.243333 161 97 7 7
0.25 148 95 6 4
0.256667 120 82 2 7
0.263333 144 69 4 7
0.27 144 90 4 2
0.276667 121 93 6 5
0.283333 105 61 4 8
0.29 104 77 3 4
0.296667 104 70 4 3
0.303333 89 71 3 1
0.31 111 69 4 4
0.316667 98 57 6 5
0.323333 121 51 6 6
0.33 95 63 5 4
0.336667 78 66 8 5
0.343333 95 51 3 5
0.35 82 53 7 4
0.356667 78 51 3 6
0.363333 96 36 1 2
0.37 71 51 7 7
0.376667 89 43 5 2
0.383333 86 53 2 4
0.39 90 53 1 6
0.396667 66 40 2 5
0.403333 71 48 5 5
0.41 78 64 4 3
0.416667 83 50 2 5
0.423333 66 44 9 1
0.43 78 49 2 6
0.436667 79 42 2 5
0.443333 78 49 1 7
0.45 79 60 7 3
0.456667 67 38 6 0
0.463333 73 52 6 2
0.47 85 51 8 5
0.476667 70 40 4 4
0.483333 42 39 1 2
0.49 38 35 3 2
0.496667 38 25 2 5
0.503333 40 28 2 3
0.51 32 31 4 7
0.516667 28 29 1 4
0.523333 36 23 6 1
0.53 41 28 2 3
0.536667 28 33 0 4
0.543333 35 25 0 4
0.55 23 21 2 2
0.556667 29 29 0 4
0.563333 22 26 2 3
0.57 21 30 3 2
0.576667 24 29 0 1
0.583333 26 30 2 6
0.59 26 24 3 4
0.596667 27 22 4 4
0.603333 21 19 1 0
0.61 22 20 3 7
0.616667 25 23 1 1
0.623333 33 22 1 1
0.63 31 22 0 3
0.636667 36 20 4 5
0.643333 21 13 1 3
0.65 23 19 3 1
0.656667 22 19 3 4
0.663333 3310 1172 38 167
0.67 0 0 0 0
0.676667 0 0 0 0
0.683333 0 0 0 0
0.69 0 0 0 0
0.696667 0 0 0 0
0.703333 0 0 0 0
0.71 0 0 0 0
0.716667 0 0 0 0
0.723333 0 0 0 0
0.73 0 0 0 0
0.736667 0 0 0 0
0.743333 0 0 0 0
0.75 0 0 0 0
0.756667 0 0 0 0
0.763333 0 0 0 0
0.77 0 0 0 0
0.776667 0 0 0 0
0.783333 0 0 0 0
0.79 0 0 0 0
0.796667 0 0 0 0
0.803333 0 0 0 0
0.81 0 0 0 0
0.816667 0 0 0 0
0.823333 0 0 0 0
0.83 0 0 0 0
0.836667 0 0 0 0
0.843333 0 0 0 0
0.85 0 0 0 0
0.856667 0 0 0 0
0.863333 0 0 0 0
0.87 0 0 0 0
0.876667 0 0 0 0
0.883333 0 0 0 0
0.89 0 0 0 0
0.896667 0 0 0 0
0.903333 0 0 0 0
0.91 0 0 0 0
0.916667 0 0 0 0
0.923333 0 0 0 0
0.93 0 0 0 0
0.936667 0 0 0 0
0.943333 0 0 0 0
0.95 0 0 0 0
0.956667 0 0 0 0
0.963333 0 0 0 0
0.97 0 0 0 0
0.976667 0 0 0 0
0.983333 0 0 0 0
0.99 0 0 0 0
0.996667 0 0 0 0
1.00333 0 0 0 0
1.01 0 0 0 0
1.01667 0 0 0 0
1.02333 0 0 0 0
1.03 0 0 0 0
1.03667 0 0 0 0
1.04333 0 0 0 0
1.05 0 0 0 0
1.05667 0 0 0 0
1.06333 0 0 0 0
1.07 0 0 0 0
1.07667 0 0 0 0
1.08333 0 0 0 0
1.09 0 0 0 0
1.09667 0 0 0 0
1.10333 0 0 0 0
1.11 0 0 0 0
1.11667 0 0 0 0
1.12333 0 0 0 0
1.13 0 0 0 0
1.13667 0 0 0 0
1.14333 0 0 0 0
1.15 0 0 0 0
1.15667 0 0 0 0
1.16333 0 0 0 0
1.17 0 0 0 0
1.17667 0 0 0 0
1.18333 0 0 0 0
1.19 0 0 0 0
1.19667 0 0 0 0
1.20333 0 0 0 0
1.21 0 0 0 0
1.21667 0 0 0 0
1.22333 0 0 0 0
1.23 0 0 0 0
1.23667 0 0 0 0
1.24333 0 0 0 0
1.25 0 0 0 0
1.25667 0 0 0 0
1.26333 0 0 0 0
1.27 0 0 0 0
1.27667 0 0 0 0
1.28333 0 0 0 0
1.29 0 0 0 0
1.29667 0 0 0 0
1.30333 0 0 0 0
1.31 0 0 0 0
1.31667 0 0 0 0
1.32333 0 0 0 0
1.33 0 0 0 0
1.33667 0 0 0 0
1.34333 0 0 0 0
1.35 0 0 0 0
1.35667 0 0 0 0
1.36333 0 0 0 0
1.37 0 0 0 0
1.37667 0 0 0 0
1.38333 0 0 0 0
1.39 0 0 0 0
1.39667 0 0 0 0
1.40333 0 0 0 0
1.41 0 0 0 0
1.41667 0 0 0 0
1.42333 0 0 0 0
1.43 0 0 0 0
1.43667 0 0 0 0
1.44333 0 0 0 0
1.45 0 0 0 0
1.45667 0 0 0 0
1.46333 0 0 0 0
1.47 0 0 0 0
1.47667 0 0 0 0
1.48333 0 0 0 0
1.49 0 0 0 0
1.49667 0 0 0 0
1.50333 0 0 0 0
1.51 0 0 0 0
1.51667 0 0 0 0
1.52333 0 0 0 0
1.53 0 0 0 0
1.53667 0 0 0 0
1.54333 0 0 0 0
1.55 0 0 0 0
1.55667 0 0 0 0
1.56333 0 0 0 0
1.57 0 0 0 0
1.57667 0 0 0 0
1.58333 0 0 0 0
1.59 0 0 0 0
1.59667 0 0 0 0
1.60333 0 0 0 0
1.61 0 0 0 0
1.61667 0 0 0 0
1.62333 0 0 0 0
1.63 0 0 0 0
1.63667 0 0 0 0
1.64333 0 0 0 0
1.65 0 0 0 0
1.65667 0 0 0 0
1.66333 0 0 0 0
1.67 0 0 0 0
1.67667 0 0 0 0
1.68333 0 0 0 0
1.69 0 0 0 0
1.69667 0 0 0 0
1.70333 0 0 0 0
1.71 0 0 0 0
1.71667 0 0 0 0
1.72333 0 0 0 0
1.73 0 0 0 0
1.73667 0 0 0 0
1.74333 0 0 0 0
1.75 0 0 0 0
1.75667 0 0 0 0
1.76333 0 0 0 0
1.77 0 0 0 0
1.77667 0 0 0 0
1.78333 0 0 0 0
1.79 0 0 0 0
1.79667 0 0 0 0
1.80333 0 0 0 0
1.81 0 0 0 0
1.81667 0 0 0 0
1.82333 0 0 0 0
1.83 0 0 0 0
1.83667 0 0 0 0
1.84333 0 0 0 0
1.85 0 0 0 0
1.85667 0 0 0 0
1.86333 0 0 0 0
1.87 0 0 0 0
1.87667 0 0 0 0
1.88333 0 0 0 0
1.89 0 0 0 0
1.89667 0 0 0 0
1.90333 0 0 0 0
1.91 0 0 0 0
1.91667 0 0 0 0
1.92333 0 0 0 0
1.93 0 0 0 0
1.93667 0 0 0 0
1.94333 0 0 0 0
1.95 0 0 0 0
1.95667 0 0 0 0
1.96333 0 0 0 0
1.97 0 0 0 0
1.97667 0 0 0 0
1.98333 0 0 0 0
1.99 0 0 0 0
1.99667 0 0 0 0
