0.00333333 6 12 9 27
0.01 12 14 21 33
0.0166667 12 21 23 21
0.0233333 9 11 22 24
0.03 10 16 21 23
0.0366667 12 12 31 34
0.0433333 15 29 54 40
0.05 14 18 58 50
0.0566667 11 36 67 61
0.0633333 13 34 85 55
0.07 20 33 80 63
0.0766667 17 42 95 66
0.0833333 19 44 93 70
0.09 22 43 61 60
0.0966667 17 41 86 70
0.103333 14 37 73 83
0.11 22 36 81 64
0.116667 12 37 74 82
0.123333 28 46 61 79
0.13 17 38 62 66
0.136667 15 38 70 73
0.143333 20 28 53 57
0.15 21 45 56 72
0.156667 19 27 51 77
0.163333 16 26 57 62
0.17 18 29 46 63
0.176667 23 29 40 66
0.183333 26 19 50 89
0.19 34 28 42 97
0.196667 18 39 44 82
0.203333 28 36 45 86
0.21 19 31 47 64
0.216667 25 37 41 55
0.223333 23 29 42 54
0.23 13 26 44 60
0.236667 11 24 34 37
0.243333 24 22 37 43
0.25 17 25 28 35
0.256667 17 26 47 51
0.263333 12 20 43 41
0.27 10 21 36 52
0.276667 14 22 36 42
0.283333 13 18 46 47
0.29 17 17 33 32
0.296667 10 22 21 46
0.303333 11 15 34 39
0.31 18 16 27 30
0.316667 11 19 31 38
0.323333 14 13 35 38
0.33 9 23 19 47
0.336667 15 17 22 42
0.343333 11 21 31 33
0.35 11 20 26 31
0.356667 6 17 26 39
0.363333 13 17 24 39
0.37 17 14 17 38
0.376667 13 16 31 37
0.383333 12 11 21 43
0.39 5 13 29 34
0.396667 13 18 20 32
0.403333 11 17 30 32
0.41 15 10 26 26
0.416667 13 7 28 31
0.423333 9 14 24 33
0.43 8 14 25 27
0.436667 14 12 32 37
0.443333 9 19 25 38
0.45 13 22 12 32
0.456667 6 13 23 37
0.463333 7 6 21 30
0.47 11 9 18 36
0.476667 9 21 19 43
0.483333 10 8 10 15
0.49 12 10 12 26
0.496667 8 4 17 14
0.503333 3 10 16 16
0.51 3 8 13 18
0.516667 3 11 8 21
0.523333 2 7 20 13
0.53 6 10 13 13
0.536667 6 8 11 8
0.543333 4 4 11 10
0.55 5 10 8 13
0.556667 11 8 16 14
0.563333 4 9 10 13
0.57 6 3 13 9
0.576667 3 11 15 15
0.583333 5 10 12 10
0.59 7 11 15 10
0.596667 3 7 6 9
0.603333 3 7 9 12
0.61 4 9 7 15
0.616667 4 5 8 3
0.623333 9 7 9 11
0.63 5 16 9 13
0.636667 5 8 6 12
0.643333 2 7 9 8
0.65 1 6 6 10
0.656667 3 10 17 17
0.663333 438 297 349 1337
0.67 0 0 0 0
0.676667 0 0 0 0
0.683333 0 0 0 0
0.69 0 0 0 0
0.696667 0 0 0 0
0.703333 0 0 0 0
0.71 0 0 0 0
0.716667 0 0 0 0
0.723333 0 0 0 0
0.73 0 0 0 0
0.736667 0 0 0 0
0.743333 0 0 0 0
0.75 0 0 0 0
0.756667 0 0 0 0
0.763333 0 0 0 0
0.77 0 0 0 0
0.776667 0 0 0 0
0.783333 0 0 0 0
0.79 0 0 0 0
0.796667 0 0 0 0
0.803333 0 0 0 0
0.81 0 0 0 0
0.816667 0 0 0 0
0.823333 0 0 0 0
0.83 0 0 0 0
0.836667 0 0 0 0
0.843333 0 0 0 0
0.85 0 0 0 0
0.856667 0 0 0 0
0.863333 0 0 0 0
0.87 0 0 0 0
0.876667 0 0 0 0
0.883333 0 0 0 0
0.89 0 0 0 0
0.896667 0 0 0 0
0.903333 0 0 0 0
0.91 0 0 0 0
0.916667 0 0 0 0
0.923333 0 0 0 0
0.93 0 0 0 0
0.936667 0 0 0 0
0.943333 0 0 0 0
0.95 0 0 0 0
0.956667 0 0 0 0
0.963333 0 0 0 0
0.97 0 0 0 0
0.976667 0 0 0 0
0.983333 0 0 0 0
0.99 0 0 0 0
0.996667 0 0 0 0
1.00333 0 0 0 0
1.01 0 0 0 0
1.01667 0 0 0 0
1.02333 0 0 0 0
1.03 0 0 0 0
1.03667 0 0 0 0
1.04333 0 0 0 0
1.05 0 0 0 0
1.05667 0 0 0 0
1.06333 0 0 0 0
1.07 0 0 0 0
1.07667 0 0 0 0
1.08333 0 0 0 0
1.09 0 0 0 0
1.09667 0 0 0 0
1.10333 0 0 0 0
1.11 0 0 0 0
1.11667 0 0 0 0
1.12333 0 0 0 0
1.13 0 0 0 0
1.13667 0 0 0 0
1.14333 0 0 0 0
1.15 0 0 0 0
1.15667 0 0 0 0
1.16333 0 0 0 0
1.17 0 0 0 0
1.17667 0 0 0 0
1.18333 0 0 0 0
1.19 0 0 0 0
1.19667 0 0 0 0
1.20333 0 0 0 0
1.21 0 0 0 0
1.21667 0 0 0 0
1.22333 0 0 0 0
1.23 0 0 0 0
1.23667 0 0 0 0
1.24333 0 0 0 0
1.25 0 0 0 0
1.25667 0 0 0 0
1.26333 0 0 0 0
1.27 0 0 0 0
1.27667 0 0 0 0
1.28333 0 0 0 0
1.29 0 0 0 0
1.29667 0 0 0 0
1.30333 0 0 0 0
1.31 0 0 0 0
1.31667 0 0 0 0
1.32333 0 0 0 0
1.33 0 0 0 0
1.33667 0 0 0 0
1.34333 0 0 0 0
1.35 0 0 0 0
1.35667 0 0 0 0
1.36333 0 0 0 0
1.37 0 0 0 0
1.37667 0 0 0 0
1.38333 0 0 0 0
1.39 0 0 0 0
1.39667 0 0 0 0
1.40333 0 0 0 0
1.41 0 0 0 0
1.41667 0 0 0 0
1.42333 0 0 0 0
1.43 0 0 0 0
1.43667 0 0 0 0
1.44333 0 0 0 0
1.45 0 0 0 0
1.45667 0 0 0 0
1.46333 0 0 0 0
1.47 0 0 0 0
1.47667 0 0 0 0
1.48333 0 0 0 0
1.49 0 0 0 0
1.49667 0 0 0 0
1.50333 0 0 0 0
1.51 0 0 0 0
1.51667 0 0 0 0
1.52333 0 0 0 0
1.53 0 0 0 0
1.53667 0 0 0 0
1.54333 0 0 0 0
1.55 0 0 0 0
1.55667 0 0 0 0
1.56333 0 0 0 0
1.57 0 0 0 0
1.57667 0 0 0 0
1.58333 0 0 0 0
1.59 0 0 0 0
1.59667 0 0 0 0
1.60333 0 0 0 0
1.61 0 0 0 0
1.61667 0 0 0 0
1.62333 0 0 0 0
1.63 0 0 0 0
1.63667 0 0 0 0
1.64333 0 0 0 0
1.65 0 0 0 0
1.65667 0 0 0 0
1.66333 0 0 0 0
1.67 0 0 0 0
1.67667 0 0 0 0
1.68333 0 0 0 0
1.69 0 0 0 0
1.69667 0 0 0 0
1.70333 0 0 0 0
1.71 0 0 0 0
1.71667 0 0 0 0
1.72333 0 0 0 0
1.73 0 0 0 0
1.73667 0 0 0 0
1.74333 0 0 0 0
1.75 0 0 0 0
1.75667 0 0 0 0
1.76333 0 0 0 0
1.77 0 0 0 0
1.77667 0 0 0 0
1.78333 0 0 0 0
1.79 0 0 0 0
1.79667 0 0 0 0
1.80333 0 0 0 0
1.81 0 0 0 0
1.81667 0 0 0 0
1.82333 0 0 0 0
1.83 0 0 0 0
1.83667 0 0 0 0
1.84333 0 0 0 0
1.85 0 0 0 0
1.85667 0 0 0 0
1.86333 0 0 0 0
1.87 0 0 0 0
1.87667 0 0 0 0
1.88333 0 0 0 0
1.89 0 0 0 0
1.89667 0 0 0 0
1.90333 0 0 0 0
1.91 0 0 0 0
1.91667 0 0 0 0
1.92333 0 0 0 0
1.93 0 0 0 0
1.93667 0 0 0 0
1.94333 0 0 0 0
1.95 0 0 0 0
1.95667 0 0 0 0
1.96333 0 0 0 0
1.97 0 0 0 0
1.97667 0 0 0 0
1.98333 0 0 0 0
1.99 0 0 0 0
1.99667 0 0 0 0
