0.00333333 146 32 0 8
0.01 148 40 0 5
0.0166667 171 54 0 2
0.0233333 161 42 2 8
0.03 182 46 0 3
0.0366667 192 38 1 6
0.0433333 173 50 1 1
0.05 204 53 3 2
0.0566667 205 63 3 4
0.0633333 212 83 1 2
0.07 226 59 3 2
0.0766667 232 66 2 8
0.0833333 238 81 0 4
0.09 236 99 1 7
0.0966667 256 78 2 1
0.103333 276 70 4 5
0.11 274 80 0 10
0.116667 257 101 2 5
0.123333 247 80 3 8
0.13 294 73 0 4
0.136667 280 74 0 1
0.143333 294 74 1 7
0.15 309 77 0 7
0.156667 309 89 1 8
0.163333 290 82 1 4
0.17 301 69 1 4
0.176667 273 89 2 3
0.183333 371 68 1 3
0.19 474 77 1 7
0.196667 520 86 1 13
0.203333 445 85 1 4
0.21 455 88 2 6
0.216667 390 91 0 5
0.223333 404 77 2 3
0.23 314 68 2 6
0.236667 310 78 5 6
0.243333 265 68 0 5
0.25 269 73 1 5
0.256667 279 58 1 5
0.263333 213 55 0 9
0.27 247 64 2 4
0.276667 213 66 1 5
0.283333 226 73 0 8
0.29 201 65 0 2
0.296667 204 62 0 5
0.303333 217 63 0 3
0.31 195 55 1 7
0.316667 200 56 2 2
0.323333 181 42 2 8
0.33 162 68 0 7
0.336667 188 43 0 3
0.343333 183 44 1 7
0.35 168 43 1 5
0.356667 174 40 1 8
0.363333 181 55 1 8
0.37 185 43 1 4
0.376667 168 52 1 6
0.383333 169 36 1 5
0.39 182 48 0 5
0.396667 151 34 1 2
0.403333 167 36 2 3
0.41 170 59 1 2
0.416667 158 54 1 2
0.423333 160 38 1 5
0.43 182 42 1 6
0.436667 184 47 1 9
0.443333 173 49 0 9
0.45 164 38 2 9
0.456667 195 44 0 5
0.463333 190 38 1 3
0.47 190 41 1 9
0.476667 143 41 1 3
0.483333 67 21 1 4
0.49 62 30 1 5
0.496667 52 24 0 2
0.503333 61 25 0 2
0.51 43 17 0 2
0.516667 64 21 0 3
0.523333 41 15 1 1
0.53 43 17 0 1
0.536667 30 21 0 3
0.543333 33 18 0 1
0.55 32 12 0 2
0.556667 39 20 0 0
0.563333 35 26 0 2
0.57 28 18 0 1
0.576667 21 15 0 0
0.583333 28 20 0 1
0.59 43 21 0 0
0.596667 34 15 1 0
0.603333 35 19 0 2
0.61 21 18 0 1
0.616667 19 18 0 1
0.623333 16 17 0 0
0.63 26 18 0 2
0.636667 55 24 1 1
0.643333 17 14 0 2
0.65 25 15 0 2
0.656667 23 20 0 1
0.663333 11450 1955 8 286
0.67 0 0 0 0
0.676667 0 0 0 0
0.683333 0 0 0 0
0.69 0 0 0 0
0.696667 0 0 0 0
0.703333 0 0 0 0
0.71 0 0 0 0
0.716667 0 0 0 0
0.723333 0 0 0 0
0.73 0 0 0 0
0.736667 0 0 0 0
0.743333 0 0 0 0
0.75 0 0 0 0
0.756667 0 0 0 0
0.763333 0 0 0 0
0.77 0 0 0 0
0.776667 0 0 0 0
0.783333 0 0 0 0
0.79 0 0 0 0
0.796667 0 0 0 0
0.803333 0 0 0 0
0.81 0 0 0 0
0.816667 0 0 0 0
0.823333 0 0 0 0
0.83 0 0 0 0
0.836667 0 0 0 0
0.843333 0 0 0 0
0.85 0 0 0 0
0.856667 0 0 0 0
0.863333 0 0 0 0
0.87 0 0 0 0
0.876667 0 0 0 0
0.883333 0 0 0 0
0.89 0 0 0 0
0.896667 0 0 0 0
0.903333 0 0 0 0
0.91 0 0 0 0
0.916667 0 0 0 0
0.923333 0 0 0 0
0.93 0 0 0 0
0.936667 0 0 0 0
0.943333 0 0 0 0
0.95 0 0 0 0
0.956667 0 0 0 0
0.963333 0 0 0 0
0.97 0 0 0 0
0.976667 0 0 0 0
0.983333 0 0 0 0
0.99 0 0 0 0
0.996667 0 0 0 0
1.00333 0 0 0 0
1.01 0 0 0 0
1.01667 0 0 0 0
1.02333 0 0 0 0
1.03 0 0 0 0
1.03667 0 0 0 0
1.04333 0 0 0 0
1.05 0 0 0 0
1.05667 0 0 0 0
1.06333 0 0 0 0
1.07 0 0 0 0
1.07667 0 0 0 0
1.08333 0 0 0 0
1.09 0 0 0 0
1.09667 0 0 0 0
1.10333 0 0 0 0
1.11 0 0 0 0
1.11667 0 0 0 0
1.12333 0 0 0 0
1.13 0 0 0 0
1.13667 0 0 0 0
1.14333 0 0 0 0
1.15 0 0 0 0
1.15667 0 0 0 0
1.16333 0 0 0 0
1.17 0 0 0 0
1.17667 0 0 0 0
1.18333 0 0 0 0
1.19 0 0 0 0
1.19667 0 0 0 0
1.20333 0 0 0 0
1.21 0 0 0 0
1.21667 0 0 0 0
1.22333 0 0 0 0
1.23 0 0 0 0
1.23667 0 0 0 0
1.24333 0 0 0 0
1.25 0 0 0 0
1.25667 0 0 0 0
1.26333 0 0 0 0
1.27 0 0 0 0
1.27667 0 0 0 0
1.28333 0 0 0 0
1.29 0 0 0 0
1.29667 0 0 0 0
1.30333 0 0 0 0
1.31 0 0 0 0
1.31667 0 0 0 0
1.32333 0 0 0 0
1.33 0 0 0 0
1.33667 0 0 0 0
1.34333 0 0 0 0
1.35 0 0 0 0
1.35667 0 0 0 0
1.36333 0 0 0 0
1.37 0 0 0 0
1.37667 0 0 0 0
1.38333 0 0 0 0
1.39 0 0 0 0
1.39667 0 0 0 0
1.40333 0 0 0 0
1.41 0 0 0 0
1.41667 0 0 0 0
1.42333 0 0 0 0
1.43 0 0 0 0
1.43667 0 0 0 0
1.44333 0 0 0 0
1.45 0 0 0 0
1.45667 0 0 0 0
1.46333 0 0 0 0
1.47 0 0 0 0
1.47667 0 0 0 0
1.48333 0 0 0 0
1.49 0 0 0 0
1.49667 0 0 0 0
1.50333 0 0 0 0
1.51 0 0 0 0
1.51667 0 0 0 0
1.52333 0 0 0 0
1.53 0 0 0 0
1.53667 0 0 0 0
1.54333 0 0 0 0
1.55 0 0 0 0
1.55667 0 0 0 0
1.56333 0 0 0 0
1.57 0 0 0 0
1.57667 0 0 0 0
1.58333 0 0 0 0
1.59 0 0 0 0
1.59667 0 0 0 0
1.60333 0 0 0 0
1.61 0 0 0 0
1.61667 0 0 0 0
1.62333 0 0 0 0
1.63 0 0 0 0
1.63667 0 0 0 0
1.64333 0 0 0 0
1.65 0 0 0 0
1.65667 0 0 0 0
1.66333 0 0 0 0
1.67 0 0 0 0
1.67667 0 0 0 0
1.68333 0 0 0 0
1.69 0 0 0 0
1.69667 0 0 0 0
1.70333 0 0 0 0
1.71 0 0 0 0
1.71667 0 0 0 0
1.72333 0 0 0 0
1.73 0 0 0 0
1.73667 0 0 0 0
1.74333 0 0 0 0
1.75 0 0 0 0
1.75667 0 0 0 0
1.76333 0 0 0 0
1.77 0 0 0 0
1.77667 0 0 0 0
1.78333 0 0 0 0
1.79 0 0 0 0
1.79667 0 0 0 0
1.80333 0 0 0 0
1.81 0 0 0 0
1.81667 0 0 0 0
1.82333 0 0 0 0
1.83 0 0 0 0
1.83667 0 0 0 0
1.84333 0 0 0 0
1.85 0 0 0 0
1.85667 0 0 0 0
1.86333 0 0 0 0
1.87 0 0 0 0
1.87667 0 0 0 0
1.88333 0 0 0 0
1.89 0 0 0 0
1.89667 0 0 0 0
1.90333 0 0 0 0
1.91 0 0 0 0
1.91667 0 0 0 0
1.92333 0 0 0 0
1.93 0 0 0 0
1.93667 0 0 0 0
1.94333 0 0 0 0
1.95 0 0 0 0
1.95667 0 0 0 0
1.96333 0 0 0 0
1.97 0 0 0 0
1.97667 0 0 0 0
1.98333 0 0 0 0
1.99 0 0 0 0
1.99667 0 0 0 0
