0.00333333 0 6 19 44
0.01 4 2 37 45
0.0166667 0 4 35 63
0.0233333 4 10 30 57
0.03 5 9 39 61
0.0366667 3 8 48 73
0.0433333 4 18 64 72
0.05 10 26 82 97
0.0566667 5 22 89 123
0.0633333 6 20 127 114
0.07 14 26 120 124
0.0766667 8 26 116 154
0.0833333 5 28 140 143
0.09 7 26 115 142
0.0966667 7 29 101 134
0.103333 9 31 135 136
0.11 7 21 125 142
0.116667 8 28 89 144
0.123333 10 26 103 144
0.13 10 27 101 151
0.136667 10 32 115 135
0.143333 7 31 82 124
0.15 10 21 95 119
0.156667 6 16 110 133
0.163333 6 18 77 136
0.17 11 22 74 131
0.176667 14 17 80 135
0.183333 4 21 73 137
0.19 13 22 74 163
0.196667 10 31 76 154
0.203333 16 16 77 133
0.21 11 16 64 139
0.216667 8 16 72 131
0.223333 8 20 67 108
0.23 9 14 67 108
0.236667 9 14 70 111
0.243333 4 12 68 94
0.25 13 16 64 103
0.256667 10 12 67 82
0.263333 5 13 50 93
0.27 4 8 64 88
0.276667 7 7 47 91
0.283333 3 16 53 85
0.29 9 8 51 68
0.296667 4 15 52 76
0.303333 5 10 48 81
0.31 5 15 56 81
0.316667 6 11 47 63
0.323333 8 13 53 55
0.33 5 13 35 48
0.336667 7 12 45 53
0.343333 3 15 33 55
0.35 6 8 39 62
0.356667 4 7 33 74
0.363333 4 16 46 49
0.37 6 14 43 55
0.376667 4 12 34 52
0.383333 2 10 38 64
0.39 1 9 34 57
0.396667 5 9 43 68
0.403333 4 11 42 48
0.41 3 12 34 63
0.416667 5 14 22 52
0.423333 4 7 32 59
0.43 8 5 26 49
0.436667 7 12 24 57
0.443333 3 7 28 52
0.45 2 11 24 63
0.456667 2 7 34 59
0.463333 9 8 36 51
0.47 5 6 29 48
0.476667 6 9 25 46
0.483333 6 8 20 22
0.49 1 11 22 33
0.496667 6 5 19 28
0.503333 2 10 19 29
0.51 6 6 19 26
0.516667 4 9 23 33
0.523333 4 3 21 24
0.53 1 5 18 27
0.536667 2 4 21 31
0.543333 2 6 17 20
0.55 5 7 20 12
0.556667 2 8 17 23
0.563333 2 3 12 26
0.57 6 9 15 25
0.576667 1 6 13 22
0.583333 1 2 20 27
0.59 2 8 18 32
0.596667 2 5 17 17
0.603333 4 2 15 15
0.61 2 6 10 26
0.616667 0 4 13 23
0.623333 3 3 13 17
0.63 6 6 21 21
0.636667 3 7 13 17
0.643333 2 11 13 12
0.65 2 10 17 15
0.656667 2 7 14 13
0.663333 125 185 606 1916
0.67 0 0 0 0
0.676667 0 0 0 0
0.683333 0 0 0 0
0.69 0 0 0 0
0.696667 0 0 0 0
0.703333 0 0 0 0
0.71 0 0 0 0
0.716667 0 0 0 0
0.723333 0 0 0 0
0.73 0 0 0 0
0.736667 0 0 0 0
0.743333 0 0 0 0
0.75 0 0 0 0
0.756667 0 0 0 0
0.763333 0 0 0 0
0.77 0 0 0 0
0.776667 0 0 0 0
0.783333 0 0 0 0
0.79 0 0 0 0
0.796667 0 0 0 0
0.803333 0 0 0 0
0.81 0 0 0 0
0.816667 0 0 0 0
0.823333 0 0 0 0
0.83 0 0 0 0
0.836667 0 0 0 0
0.843333 0 0 0 0
0.85 0 0 0 0
0.856667 0 0 0 0
0.863333 0 0 0 0
0.87 0 0 0 0
0.876667 0 0 0 0
0.883333 0 0 0 0
0.89 0 0 0 0
0.896667 0 0 0 0
0.903333 0 0 0 0
0.91 0 0 0 0
0.916667 0 0 0 0
0.923333 0 0 0 0
0.93 0 0 0 0
0.936667 0 0 0 0
0.943333 0 0 0 0
0.95 0 0 0 0
0.956667 0 0 0 0
0.963333 0 0 0 0
0.97 0 0 0 0
0.976667 0 0 0 0
0.983333 0 0 0 0
0.99 0 0 0 0
0.996667 0 0 0 0
1.00333 0 0 0 0
1.01 0 0 0 0
1.01667 0 0 0 0
1.02333 0 0 0 0
1.03 0 0 0 0
1.03667 0 0 0 0
1.04333 0 0 0 0
1.05 0 0 0 0
1.05667 0 0 0 0
1.06333 0 0 0 0
1.07 0 0 0 0
1.07667 0 0 0 0
1.08333 0 0 0 0
1.09 0 0 0 0
1.09667 0 0 0 0
1.10333 0 0 0 0
1.11 0 0 0 0
1.11667 0 0 0 0
1.12333 0 0 0 0
1.13 0 0 0 0
1.13667 0 0 0 0
1.14333 0 0 0 0
1.15 0 0 0 0
1.15667 0 0 0 0
1.16333 0 0 0 0
1.17 0 0 0 0
1.17667 0 0 0 0
1.18333 0 0 0 0
1.19 0 0 0 0
1.19667 0 0 0 0
1.20333 0 0 0 0
1.21 0 0 0 0
1.21667 0 0 0 0
1.22333 0 0 0 0
1.23 0 0 0 0
1.23667 0 0 0 0
1.24333 0 0 0 0
1.25 0 0 0 0
1.25667 0 0 0 0
1.26333 0 0 0 0
1.27 0 0 0 0
1.27667 0 0 0 0
1.28333 0 0 0 0
1.29 0 0 0 0
1.29667 0 0 0 0
1.30333 0 0 0 0
1.31 0 0 0 0
1.31667 0 0 0 0
1.32333 0 0 0 0
1.33 0 0 0 0
1.33667 0 0 0 0
1.34333 0 0 0 0
1.35 0 0 0 0
1.35667 0 0 0 0
1.36333 0 0 0 0
1.37 0 0 0 0
1.37667 0 0 0 0
1.38333 0 0 0 0
1.39 0 0 0 0
1.39667 0 0 0 0
1.40333 0 0 0 0
1.41 0 0 0 0
1.41667 0 0 0 0
1.42333 0 0 0 0
1.43 0 0 0 0
1.43667 0 0 0 0
1.44333 0 0 0 0
1.45 0 0 0 0
1.45667 0 0 0 0
1.46333 0 0 0 0
1.47 0 0 0 0
1.47667 0 0 0 0
1.48333 0 0 0 0
1.49 0 0 0 0
1.49667 0 0 0 0
1.50333 0 0 0 0
1.51 0 0 0 0
1.51667 0 0 0 0
1.52333 0 0 0 0
1.53 0 0 0 0
1.53667 0 0 0 0
1.54333 0 0 0 0
1.55 0 0 0 0
1.55667 0 0 0 0
1.56333 0 0 0 0
1.57 0 0 0 0
1.57667 0 0 0 0
1.58333 0 0 0 0
1.59 0 0 0 0
1.59667 0 0 0 0
1.60333 0 0 0 0
1.61 0 0 0 0
1.61667 0 0 0 0
1.62333 0 0 0 0
1.63 0 0 0 0
1.63667 0 0 0 0
1.64333 0 0 0 0
1.65 0 0 0 0
1.65667 0 0 0 0
1.66333 0 0 0 0
1.67 0 0 0 0
1.67667 0 0 0 0
1.68333 0 0 0 0
1.69 0 0 0 0
1.69667 0 0 0 0
1.70333 0 0 0 0
1.71 0 0 0 0
1.71667 0 0 0 0
1.72333 0 0 0 0
1.73 0 0 0 0
1.73667 0 0 0 0
1.74333 0 0 0 0
1.75 0 0 0 0
1.75667 0 0 0 0
1.76333 0 0 0 0
1.77 0 0 0 0
1.77667 0 0 0 0
1.78333 0 0 0 0
1.79 0 0 0 0
1.79667 0 0 0 0
1.80333 0 0 0 0
1.81 0 0 0 0
1.81667 0 0 0 0
1.82333 0 0 0 0
1.83 0 0 0 0
1.83667 0 0 0 0
1.84333 0 0 0 0
1.85 0 0 0 0
1.85667 0 0 0 0
1.86333 0 0 0 0
1.87 0 0 0 0
1.87667 0 0 0 0
1.88333 0 0 0 0
1.89 0 0 0 0
1.89667 0 0 0 0
1.90333 0 0 0 0
1.91 0 0 0 0
1.91667 0 0 0 0
1.92333 0 0 0 0
1.93 0 0 0 0
1.93667 0 0 0 0
1.94333 0 0 0 0
1.95 0 0 0 0
1.95667 0 0 0 0
1.96333 0 0 0 0
1.97 0 0 0 0
1.97667 0 0 0 0
1.98333 0 0 0 0
1.99 0 0 0 0
1.99667 0 0 0 0
