0.00333333 2 15 88 4
0.01 2 9 104 7
0.0166667 2 16 139 5
0.0233333 1 16 111 6
0.03 1 15 111 5
0.0366667 8 24 126 5
0.0433333 3 55 150 12
0.05 2 32 154 14
0.0566667 7 37 184 29
0.0633333 8 42 171 12
0.07 4 53 247 22
0.0766667 5 60 225 20
0.0833333 5 58 241 10
0.09 7 56 225 19
0.0966667 3 56 252 19
0.103333 11 46 246 19
0.11 10 54 272 17
0.116667 2 57 258 24
0.123333 10 48 247 19
0.13 5 45 263 18
0.136667 6 48 276 15
0.143333 6 47 262 18
0.15 4 34 276 10
0.156667 7 39 261 15
0.163333 2 44 249 15
0.17 4 36 224 19
0.176667 8 38 261 14
0.183333 2 47 291 18
0.19 5 48 378 21
0.196667 4 38 357 13
0.203333 2 35 341 22
0.21 2 33 309 24
0.216667 4 35 311 8
0.223333 5 32 276 13
0.23 4 32 238 14
0.236667 5 33 216 12
0.243333 6 34 206 15
0.25 5 27 235 11
0.256667 4 32 178 13
0.263333 3 24 188 11
0.27 4 26 172 14
0.276667 1 25 171 7
0.283333 2 31 149 6
0.29 3 25 154 6
0.296667 2 29 158 5
0.303333 1 26 152 9
0.31 4 23 139 7
0.316667 2 20 126 5
0.323333 1 25 126 4
0.33 3 27 108 3
0.336667 6 30 131 7
0.343333 1 25 132 13
0.35 0 22 130 7
0.356667 3 20 123 12
0.363333 3 21 141 8
0.37 0 27 102 9
0.376667 4 8 124 11
0.383333 7 27 118 8
0.39 2 22 131 8
0.396667 1 15 115 9
0.403333 3 11 107 4
0.41 2 16 110 7
0.416667 3 20 128 7
0.423333 4 20 106 8
0.43 5 20 84 9
0.436667 5 31 102 6
0.443333 2 18 124 9
0.45 1 13 101 7
0.456667 1 11 102 10
0.463333 2 23 116 11
0.47 2 16 120 3
0.476667 0 15 108 6
0.483333 2 8 62 3
0.49 1 7 57 3
0.496667 2 10 48 3
0.503333 2 16 49 5
0.51 0 13 52 6
0.516667 3 10 41 3
0.523333 1 14 40 5
0.53 1 8 35 6
0.536667 2 12 47 4
0.543333 1 13 32 4
0.55 1 14 31 3
0.556667 1 13 31 8
0.563333 2 12 29 1
0.57 1 10 28 2
0.576667 2 17 28 3
0.583333 0 12 34 3
0.59 1 8 37 2
0.596667 2 12 27 7
0.603333 1 7 38 3
0.61 1 14 25 1
0.616667 0 7 26 2
0.623333 0 12 29 2
0.63 1 8 39 2
0.636667 0 16 35 3
0.643333 0 9 15 3
0.65 0 5 25 7
0.656667 0 13 31 2
0.663333 30 477 5696 75
0.67 0 0 0 0
0.676667 0 0 0 0
0.683333 0 0 0 0
0.69 0 0 0 0
0.696667 0 0 0 0
0.703333 0 0 0 0
0.71 0 0 0 0
0.716667 0 0 0 0
0.723333 0 0 0 0
0.73 0 0 0 0
0.736667 0 0 0 0
0.743333 0 0 0 0
0.75 0 0 0 0
0.756667 0 0 0 0
0.763333 0 0 0 0
0.77 0 0 0 0
0.776667 0 0 0 0
0.783333 0 0 0 0
0.79 0 0 0 0
0.796667 0 0 0 0
0.803333 0 0 0 0
0.81 0 0 0 0
0.816667 0 0 0 0
0.823333 0 0 0 0
0.83 0 0 0 0
0.836667 0 0 0 0
0.843333 0 0 0 0
0.85 0 0 0 0
0.856667 0 0 0 0
0.863333 0 0 0 0
0.87 0 0 0 0
0.876667 0 0 0 0
0.883333 0 0 0 0
0.89 0 0 0 0
0.896667 0 0 0 0
0.903333 0 0 0 0
0.91 0 0 0 0
0.916667 0 0 0 0
0.923333 0 0 0 0
0.93 0 0 0 0
0.936667 0 0 0 0
0.943333 0 0 0 0
0.95 0 0 0 0
0.956667 0 0 0 0
0.963333 0 0 0 0
0.97 0 0 0 0
0.976667 0 0 0 0
0.983333 0 0 0 0
0.99 0 0 0 0
0.996667 0 0 0 0
1.00333 0 0 0 0
1.01 0 0 0 0
1.01667 0 0 0 0
1.02333 0 0 0 0
1.03 0 0 0 0
1.03667 0 0 0 0
1.04333 0 0 0 0
1.05 0 0 0 0
1.05667 0 0 0 0
1.06333 0 0 0 0
1.07 0 0 0 0
1.07667 0 0 0 0
1.08333 0 0 0 0
1.09 0 0 0 0
1.09667 0 0 0 0
1.10333 0 0 0 0
1.11 0 0 0 0
1.11667 0 0 0 0
1.12333 0 0 0 0
1.13 0 0 0 0
1.13667 0 0 0 0
1.14333 0 0 0 0
1.15 0 0 0 0
1.15667 0 0 0 0
1.16333 0 0 0 0
1.17 0 0 0 0
1.17667 0 0 0 0
1.18333 0 0 0 0
1.19 0 0 0 0
1.19667 0 0 0 0
1.20333 0 0 0 0
1.21 0 0 0 0
1.21667 0 0 0 0
1.22333 0 0 0 0
1.23 0 0 0 0
1.23667 0 0 0 0
1.24333 0 0 0 0
1.25 0 0 0 0
1.25667 0 0 0 0
1.26333 0 0 0 0
1.27 0 0 0 0
1.27667 0 0 0 0
1.28333 0 0 0 0
1.29 0 0 0 0
1.29667 0 0 0 0
1.30333 0 0 0 0
1.31 0 0 0 0
1.31667 0 0 0 0
1.32333 0 0 0 0
1.33 0 0 0 0
1.33667 0 0 0 0
1.34333 0 0 0 0
1.35 0 0 0 0
1.35667 0 0 0 0
1.36333 0 0 0 0
1.37 0 0 0 0
1.37667 0 0 0 0
1.38333 0 0 0 0
1.39 0 0 0 0
1.39667 0 0 0 0
1.40333 0 0 0 0
1.41 0 0 0 0
1.41667 0 0 0 0
1.42333 0 0 0 0
1.43 0 0 0 0
1.43667 0 0 0 0
1.44333 0 0 0 0
1.45 0 0 0 0
1.45667 0 0 0 0
1.46333 0 0 0 0
1.47 0 0 0 0
1.47667 0 0 0 0
1.48333 0 0 0 0
1.49 0 0 0 0
1.49667 0 0 0 0
1.50333 0 0 0 0
1.51 0 0 0 0
1.51667 0 0 0 0
1.52333 0 0 0 0
1.53 0 0 0 0
1.53667 0 0 0 0
1.54333 0 0 0 0
1.55 0 0 0 0
1.55667 0 0 0 0
1.56333 0 0 0 0
1.57 0 0 0 0
1.57667 0 0 0 0
1.58333 0 0 0 0
1.59 0 0 0 0
1.59667 0 0 0 0
1.60333 0 0 0 0
1.61 0 0 0 0
1.61667 0 0 0 0
1.62333 0 0 0 0
1.63 0 0 0 0
1.63667 0 0 0 0
1.64333 0 0 0 0
1.65 0 0 0 0
1.65667 0 0 0 0
1.66333 0 0 0 0
1.67 0 0 0 0
1.67667 0 0 0 0
1.68333 0 0 0 0
1.69 0 0 0 0
1.69667 0 0 0 0
1.70333 0 0 0 0
1.71 0 0 0 0
1.71667 0 0 0 0
1.72333 0 0 0 0
1.73 0 0 0 0
1.73667 0 0 0 0
1.74333 0 0 0 0
1.75 0 0 0 0
1.75667 0 0 0 0
1.76333 0 0 0 0
1.77 0 0 0 0
1.77667 0 0 0 0
1.78333 0 0 0 0
1.79 0 0 0 0
1.79667 0 0 0 0
1.80333 0 0 0 0
1.81 0 0 0 0
1.81667 0 0 0 0
1.82333 0 0 0 0
1.83 0 0 0 0
1.83667 0 0 0 0
1.84333 0 0 0 0
1.85 0 0 0 0
1.85667 0 0 0 0
1.86333 0 0 0 0
1.87 0 0 0 0
1.87667 0 0 0 0
1.88333 0 0 0 0
1.89 0 0 0 0
1.89667 0 0 0 0
1.90333 0 0 0 0
1.91 0 0 0 0
1.91667 0 0 0 0
1.92333 0 0 0 0
1.93 0 0 0 0
1.93667 0 0 0 0
1.94333 0 0 0 0
1.95 0 0 0 0
1.95667 0 0 0 0
1.96333 0 0 0 0
1.97 0 0 0 0
1.97667 0 0 0 0
1.98333 0 0 0 0
1.99 0 0 0 0
1.99667 0 0 0 0
