0.00333333 13 50 6 3
0.01 13 70 13 4
0.0166667 28 72 24 3
0.0233333 20 65 19 4
0.03 32 67 22 3
0.0366667 27 92 21 6
0.0433333 34 147 31 7
0.05 40 167 52 8
0.0566667 47 230 56 14
0.0633333 63 207 48 10
0.07 61 257 64 13
0.0766667 41 235 70 17
0.0833333 48 216 57 15
0.09 66 227 60 17
0.0966667 60 250 60 11
0.103333 52 233 59 15
0.11 57 239 66 15
0.116667 58 259 77 7
0.123333 52 248 52 17
0.13 49 254 46 13
0.136667 56 199 44 20
0.143333 50 211 31 10
0.15 46 201 52 9
0.156667 50 175 32 12
0.163333 42 178 37 14
0.17 36 170 45 8
0.176667 48 170 48 10
0.183333 55 179 53 11
0.19 44 178 51 12
0.196667 45 188 43 6
0.203333 39 178 38 12
0.21 44 164 41 6
0.216667 30 162 29 16
0.223333 31 168 26 9
0.23 26 134 26 10
0.236667 34 152 43 10
0.243333 31 135 26 5
0.25 50 132 27 4
0.256667 31 138 22 6
0.263333 27 108 30 12
0.27 32 104 25 12
0.276667 31 128 29 6
0.283333 21 116 27 7
0.29 14 110 20 7
0.296667 17 103 23 8
0.303333 23 80 18 6
0.31 22 90 18 7
0.316667 22 85 10 4
0.323333 27 88 20 6
0.33 24 84 26 4
0.336667 16 87 19 4
0.343333 10 76 18 4
0.35 21 88 25 6
0.356667 20 92 20 8
0.363333 14 58 17 7
0.37 14 72 16 7
0.376667 18 70 17 4
0.383333 15 73 18 3
0.39 14 52 24 7
0.396667 19 76 15 3
0.403333 14 58 19 4
0.41 18 72 13 3
0.416667 18 60 19 8
0.423333 20 50 16 2
0.43 14 76 17 3
0.436667 16 68 10 1
0.443333 21 56 12 5
0.45 29 58 10 6
0.456667 15 51 19 6
0.463333 22 67 19 6
0.47 13 74 16 8
0.476667 21 37 11 10
0.483333 7 35 13 5
0.49 6 42 9 4
0.496667 8 46 12 3
0.503333 8 28 11 4
0.51 13 32 8 3
0.516667 9 45 7 4
0.523333 9 35 5 1
0.53 11 31 4 0
0.536667 11 27 8 5
0.543333 7 35 14 5
0.55 4 35 11 5
0.556667 7 26 10 2
0.563333 11 41 7 3
0.57 4 39 9 2
0.576667 4 25 9 3
0.583333 9 30 11 2
0.59 4 31 11 1
0.596667 8 35 16 1
0.603333 5 29 8 3
0.61 10 24 6 2
0.616667 3 18 2 5
0.623333 10 27 2 2
0.63 9 34 5 4
0.636667 12 28 1 4
0.643333 4 13 3 3
0.65 4 29 13 1
0.656667 4 23 11 4
0.663333 313 1755 313 71
0.67 0 0 0 0
0.676667 0 0 0 0
0.683333 0 0 0 0
0.69 0 0 0 0
0.696667 0 0 0 0
0.703333 0 0 0 0
0.71 0 0 0 0
0.716667 0 0 0 0
0.723333 0 0 0 0
0.73 0 0 0 0
0.736667 0 0 0 0
0.743333 0 0 0 0
0.75 0 0 0 0
0.756667 0 0 0 0
0.763333 0 0 0 0
0.77 0 0 0 0
0.776667 0 0 0 0
0.783333 0 0 0 0
0.79 0 0 0 0
0.796667 0 0 0 0
0.803333 0 0 0 0
0.81 0 0 0 0
0.816667 0 0 0 0
0.823333 0 0 0 0
0.83 0 0 0 0
0.836667 0 0 0 0
0.843333 0 0 0 0
0.85 0 0 0 0
0.856667 0 0 0 0
0.863333 0 0 0 0
0.87 0 0 0 0
0.876667 0 0 0 0
0.883333 0 0 0 0
0.89 0 0 0 0
0.896667 0 0 0 0
0.903333 0 0 0 0
0.91 0 0 0 0
0.916667 0 0 0 0
0.923333 0 0 0 0
0.93 0 0 0 0
0.936667 0 0 0 0
0.943333 0 0 0 0
0.95 0 0 0 0
0.956667 0 0 0 0
0.963333 0 0 0 0
0.97 0 0 0 0
0.976667 0 0 0 0
0.983333 0 0 0 0
0.99 0 0 0 0
0.996667 0 0 0 0
1.00333 0 0 0 0
1.01 0 0 0 0
1.01667 0 0 0 0
1.02333 0 0 0 0
1.03 0 0 0 0
1.03667 0 0 0 0
1.04333 0 0 0 0
1.05 0 0 0 0
1.05667 0 0 0 0
1.06333 0 0 0 0
1.07 0 0 0 0
1.07667 0 0 0 0
1.08333 0 0 0 0
1.09 0 0 0 0
1.09667 0 0 0 0
1.10333 0 0 0 0
1.11 0 0 0 0
1.11667 0 0 0 0
1.12333 0 0 0 0
1.13 0 0 0 0
1.13667 0 0 0 0
1.14333 0 0 0 0
1.15 0 0 0 0
1.15667 0 0 0 0
1.16333 0 0 0 0
1.17 0 0 0 0
1.17667 0 0 0 0
1.18333 0 0 0 0
1.19 0 0 0 0
1.19667 0 0 0 0
1.20333 0 0 0 0
1.21 0 0 0 0
1.21667 0 0 0 0
1.22333 0 0 0 0
1.23 0 0 0 0
1.23667 0 0 0 0
1.24333 0 0 0 0
1.25 0 0 0 0
1.25667 0 0 0 0
1.26333 0 0 0 0
1.27 0 0 0 0
1.27667 0 0 0 0
1.28333 0 0 0 0
1.29 0 0 0 0
1.29667 0 0 0 0
1.30333 0 0 0 0
1.31 0 0 0 0
1.31667 0 0 0 0
1.32333 0 0 0 0
1.33 0 0 0 0
1.33667 0 0 0 0
1.34333 0 0 0 0
1.35 0 0 0 0
1.35667 0 0 0 0
1.36333 0 0 0 0
1.37 0 0 0 0
1.37667 0 0 0 0
1.38333 0 0 0 0
1.39 0 0 0 0
1.39667 0 0 0 0
1.40333 0 0 0 0
1.41 0 0 0 0
1.41667 0 0 0 0
1.42333 0 0 0 0
1.43 0 0 0 0
1.43667 0 0 0 0
1.44333 0 0 0 0
1.45 0 0 0 0
1.45667 0 0 0 0
1.46333 0 0 0 0
1.47 0 0 0 0
1.47667 0 0 0 0
1.48333 0 0 0 0
1.49 0 0 0 0
1.49667 0 0 0 0
1.50333 0 0 0 0
1.51 0 0 0 0
1.51667 0 0 0 0
1.52333 0 0 0 0
1.53 0 0 0 0
1.53667 0 0 0 0
1.54333 0 0 0 0
1.55 0 0 0 0
1.55667 0 0 0 0
1.56333 0 0 0 0
1.57 0 0 0 0
1.57667 0 0 0 0
1.58333 0 0 0 0
1.59 0 0 0 0
1.59667 0 0 0 0
1.60333 0 0 0 0
1.61 0 0 0 0
1.61667 0 0 0 0
1.62333 0 0 0 0
1.63 0 0 0 0
1.63667 0 0 0 0
1.64333 0 0 0 0
1.65 0 0 0 0
1.65667 0 0 0 0
1.66333 0 0 0 0
1.67 0 0 0 0
1.67667 0 0 0 0
1.68333 0 0 0 0
1.69 0 0 0 0
1.69667 0 0 0 0
1.70333 0 0 0 0
1.71 0 0 0 0
1.71667 0 0 0 0
1.72333 0 0 0 0
1.73 0 0 0 0
1.73667 0 0 0 0
1.74333 0 0 0 0
1.75 0 0 0 0
1.75667 0 0 0 0
1.76333 0 0 0 0
1.77 0 0 0 0
1.77667 0 0 0 0
1.78333 0 0 0 0
1.79 0 0 0 0
1.79667 0 0 0 0
1.80333 0 0 0 0
1.81 0 0 0 0
1.81667 0 0 0 0
1.82333 0 0 0 0
1.83 0 0 0 0
1.83667 0 0 0 0
1.84333 0 0 0 0
1.85 0 0 0 0
1.85667 0 0 0 0
1.86333 0 0 0 0
1.87 0 0 0 0
1.87667 0 0 0 0
1.88333 0 0 0 0
1.89 0 0 0 0
1.89667 0 0 0 0
1.90333 0 0 0 0
1.91 0 0 0 0
1.91667 0 0 0 0
1.92333 0 0 0 0
1.93 0 0 0 0
1.93667 0 0 0 0
1.94333 0 0 0 0
1.95 0 0 0 0
1.95667 0 0 0 0
1.96333 0 0 0 0
1.97 0 0 0 0
1.97667 0 0 0 0
1.98333 0 0 0 0
1.99 0 0 0 0
1.99667 0 0 0 0
