0.00333333 14 137 3 0
0.01 20 162 11 2
0.0166667 19 155 7 0
0.0233333 19 179 6 0
0.03 20 156 6 1
0.0366667 24 188 11 0
0.0433333 41 232 8 4
0.05 50 214 14 0
0.0566667 53 252 16 0
0.0633333 58 286 17 2
0.07 69 302 18 1
0.0766667 73 292 16 3
0.0833333 76 375 24 2
0.09 69 317 19 3
0.0966667 61 371 15 2
0.103333 66 321 20 2
0.11 74 348 23 1
0.116667 69 347 18 3
0.123333 41 379 17 1
0.13 42 368 22 1
0.136667 56 398 12 5
0.143333 62 373 21 2
0.15 45 364 15 3
0.156667 49 364 17 2
0.163333 42 367 22 1
0.17 54 350 22 2
0.176667 41 345 20 0
0.183333 34 380 15 0
0.19 32 520 24 2
0.196667 47 484 19 1
0.203333 45 483 15 4
0.21 50 453 14 3
0.216667 43 411 15 1
0.223333 44 377 14 3
0.23 39 360 16 2
0.236667 43 317 8 3
0.243333 32 313 16 0
0.25 37 283 16 2
0.256667 31 291 22 3
0.263333 41 250 13 0
0.27 29 261 12 1
0.276667 32 227 12 1
0.283333 17 226 13 0
0.29 24 235 17 1
0.296667 25 223 13 1
0.303333 25 205 11 0
0.31 27 225 12 1
0.316667 27 195 7 2
0.323333 24 168 7 0
0.33 26 192 11 0
0.336667 21 177 9 0
0.343333 27 179 9 0
0.35 22 193 7 1
0.356667 21 187 6 0
0.363333 20 168 16 0
0.37 20 187 14 1
0.376667 27 179 11 2
0.383333 17 157 9 2
0.39 20 159 9 0
0.396667 19 138 6 5
0.403333 26 150 8 1
0.41 18 142 7 1
0.416667 16 157 7 1
0.423333 24 151 16 1
0.43 24 164 12 1
0.436667 22 163 8 1
0.443333 16 172 5 1
0.45 17 170 7 0
0.456667 21 171 14 1
0.463333 22 159 9 1
0.47 22 169 8 0
0.476667 17 129 10 0
0.483333 21 85 8 0
0.49 15 88 7 1
0.496667 14 71 7 1
0.503333 20 54 5 1
0.51 7 66 14 1
0.516667 5 62 11 0
0.523333 18 57 5 0
0.53 13 61 5 0
0.536667 8 57 7 4
0.543333 8 56 7 0
0.55 10 55 1 1
0.556667 12 55 6 1
0.563333 7 54 4 0
0.57 16 48 3 2
0.576667 13 47 6 1
0.583333 19 63 5 1
0.59 7 52 1 0
0.596667 8 51 7 0
0.603333 8 36 7 0
0.61 10 47 8 1
0.616667 9 47 6 0
0.623333 14 49 8 0
0.63 11 60 4 0
0.636667 8 65 4 1
0.643333 12 46 4 3
0.65 9 39 4 1
0.656667 10 43 7 0
0.663333 365 7973 280 9
0.67 0 0 0 0
0.676667 0 0 0 0
0.683333 0 0 0 0
0.69 0 0 0 0
0.696667 0 0 0 0
0.703333 0 0 0 0
0.71 0 0 0 0
0.716667 0 0 0 0
0.723333 0 0 0 0
0.73 0 0 0 0
0.736667 0 0 0 0
0.743333 0 0 0 0
0.75 0 0 0 0
0.756667 0 0 0 0
0.763333 0 0 0 0
0.77 0 0 0 0
0.776667 0 0 0 0
0.783333 0 0 0 0
0.79 0 0 0 0
0.796667 0 0 0 0
0.803333 0 0 0 0
0.81 0 0 0 0
0.816667 0 0 0 0
0.823333 0 0 0 0
0.83 0 0 0 0
0.836667 0 0 0 0
0.843333 0 0 0 0
0.85 0 0 0 0
0.856667 0 0 0 0
0.863333 0 0 0 0
0.87 0 0 0 0
0.876667 0 0 0 0
0.883333 0 0 0 0
0.89 0 0 0 0
0.896667 0 0 0 0
0.903333 0 0 0 0
0.91 0 0 0 0
0.916667 0 0 0 0
0.923333 0 0 0 0
0.93 0 0 0 0
0.936667 0 0 0 0
0.943333 0 0 0 0
0.95 0 0 0 0
0.956667 0 0 0 0
0.963333 0 0 0 0
0.97 0 0 0 0
0.976667 0 0 0 0
0.983333 0 0 0 0
0.99 0 0 0 0
0.996667 0 0 0 0
1.00333 0 0 0 0
1.01 0 0 0 0
1.01667 0 0 0 0
1.02333 0 0 0 0
1.03 0 0 0 0
1.03667 0 0 0 0
1.04333 0 0 0 0
1.05 0 0 0 0
1.05667 0 0 0 0
1.06333 0 0 0 0
1.07 0 0 0 0
1.07667 0 0 0 0
1.08333 0 0 0 0
1.09 0 0 0 0
1.09667 0 0 0 0
1.10333 0 0 0 0
1.11 0 0 0 0
1.11667 0 0 0 0
1.12333 0 0 0 0
1.13 0 0 0 0
1.13667 0 0 0 0
1.14333 0 0 0 0
1.15 0 0 0 0
1.15667 0 0 0 0
1.16333 0 0 0 0
1.17 0 0 0 0
1.17667 0 0 0 0
1.18333 0 0 0 0
1.19 0 0 0 0
1.19667 0 0 0 0
1.20333 0 0 0 0
1.21 0 0 0 0
1.21667 0 0 0 0
1.22333 0 0 0 0
1.23 0 0 0 0
1.23667 0 0 0 0
1.24333 0 0 0 0
1.25 0 0 0 0
1.25667 0 0 0 0
1.26333 0 0 0 0
1.27 0 0 0 0
1.27667 0 0 0 0
1.28333 0 0 0 0
1.29 0 0 0 0
1.29667 0 0 0 0
1.30333 0 0 0 0
1.31 0 0 0 0
1.31667 0 0 0 0
1.32333 0 0 0 0
1.33 0 0 0 0
1.33667 0 0 0 0
1.34333 0 0 0 0
1.35 0 0 0 0
1.35667 0 0 0 0
1.36333 0 0 0 0
1.37 0 0 0 0
1.37667 0 0 0 0
1.38333 0 0 0 0
1.39 0 0 0 0
1.39667 0 0 0 0
1.40333 0 0 0 0
1.41 0 0 0 0
1.41667 0 0 0 0
1.42333 0 0 0 0
1.43 0 0 0 0
1.43667 0 0 0 0
1.44333 0 0 0 0
1.45 0 0 0 0
1.45667 0 0 0 0
1.46333 0 0 0 0
1.47 0 0 0 0
1.47667 0 0 0 0
1.48333 0 0 0 0
1.49 0 0 0 0
1.49667 0 0 0 0
1.50333 0 0 0 0
1.51 0 0 0 0
1.51667 0 0 0 0
1.52333 0 0 0 0
1.53 0 0 0 0
1.53667 0 0 0 0
1.54333 0 0 0 0
1.55 0 0 0 0
1.55667 0 0 0 0
1.56333 0 0 0 0
1.57 0 0 0 0
1.57667 0 0 0 0
1.58333 0 0 0 0
1.59 0 0 0 0
1.59667 0 0 0 0
1.60333 0 0 0 0
1.61 0 0 0 0
1.61667 0 0 0 0
1.62333 0 0 0 0
1.63 0 0 0 0
1.63667 0 0 0 0
1.64333 0 0 0 0
1.65 0 0 0 0
1.65667 0 0 0 0
1.66333 0 0 0 0
1.67 0 0 0 0
1.67667 0 0 0 0
1.68333 0 0 0 0
1.69 0 0 0 0
1.69667 0 0 0 0
1.70333 0 0 0 0
1.71 0 0 0 0
1.71667 0 0 0 0
1.72333 0 0 0 0
1.73 0 0 0 0
1.73667 0 0 0 0
1.74333 0 0 0 0
1.75 0 0 0 0
1.75667 0 0 0 0
1.76333 0 0 0 0
1.77 0 0 0 0
1.77667 0 0 0 0
1.78333 0 0 0 0
1.79 0 0 0 0
1.79667 0 0 0 0
1.80333 0 0 0 0
1.81 0 0 0 0
1.81667 0 0 0 0
1.82333 0 0 0 0
1.83 0 0 0 0
1.83667 0 0 0 0
1.84333 0 0 0 0
1.85 0 0 0 0
1.85667 0 0 0 0
1.86333 0 0 0 0
1.87 0 0 0 0
1.87667 0 0 0 0
1.88333 0 0 0 0
1.89 0 0 0 0
1.89667 0 0 0 0
1.90333 0 0 0 0
1.91 0 0 0 0
1.91667 0 0 0 0
1.92333 0 0 0 0
1.93 0 0 0 0
1.93667 0 0 0 0
1.94333 0 0 0 0
1.95 0 0 0 0
1.95667 0 0 0 0
1.96333 0 0 0 0
1.97 0 0 0 0
1.97667 0 0 0 0
1.98333 0 0 0 0
1.99 0 0 0 0
1.99667 0 0 0 0
