0.00333333 5 59 16 4
0.01 3 58 21 5
0.0166667 11 50 29 6
0.0233333 7 71 37 6
0.03 11 44 30 6
0.0366667 7 73 25 9
0.0433333 17 82 39 17
0.05 11 90 48 12
0.0566667 16 111 48 15
0.0633333 18 114 58 10
0.07 18 134 68 16
0.0766667 14 110 48 18
0.0833333 19 132 66 20
0.09 21 122 68 19
0.0966667 18 137 75 20
0.103333 21 112 76 20
0.11 15 149 69 18
0.116667 18 138 54 22
0.123333 18 149 54 23
0.13 17 164 47 20
0.136667 9 142 50 15
0.143333 11 141 52 17
0.15 20 117 45 14
0.156667 24 140 38 16
0.163333 19 122 50 7
0.17 13 119 46 12
0.176667 12 123 55 18
0.183333 17 159 50 18
0.19 13 190 52 27
0.196667 11 164 45 18
0.203333 21 152 32 16
0.21 22 157 35 18
0.216667 10 148 39 7
0.223333 14 122 39 13
0.23 14 116 27 17
0.236667 13 101 34 15
0.243333 9 97 36 9
0.25 14 119 28 9
0.256667 14 84 42 8
0.263333 11 96 30 16
0.27 16 85 41 6
0.276667 13 96 37 11
0.283333 15 77 24 7
0.29 15 76 30 13
0.296667 7 94 37 12
0.303333 6 71 17 12
0.31 9 86 29 8
0.316667 12 81 24 14
0.323333 5 64 28 10
0.33 11 72 28 11
0.336667 12 67 32 9
0.343333 6 73 26 12
0.35 5 74 28 11
0.356667 10 59 18 13
0.363333 4 67 28 8
0.37 13 65 20 4
0.376667 11 67 23 10
0.383333 13 64 22 8
0.39 11 83 20 4
0.396667 6 59 28 9
0.403333 3 66 20 14
0.41 10 53 21 7
0.416667 8 59 16 11
0.423333 14 62 23 7
0.43 5 63 14 5
0.436667 6 66 14 9
0.443333 6 69 21 13
0.45 9 50 12 9
0.456667 6 54 20 11
0.463333 7 70 16 5
0.47 9 63 31 9
0.476667 9 60 17 11
0.483333 5 30 9 3
0.49 6 39 14 5
0.496667 6 31 9 5
0.503333 7 22 15 6
0.51 5 28 8 4
0.516667 3 37 13 7
0.523333 1 26 15 1
0.53 2 24 12 1
0.536667 9 28 14 6
0.543333 8 24 9 6
0.55 5 27 16 3
0.556667 5 23 7 1
0.563333 2 17 10 6
0.57 4 21 12 5
0.576667 9 25 16 5
0.583333 7 18 13 7
0.59 3 15 10 2
0.596667 5 13 19 3
0.603333 3 15 10 6
0.61 11 27 7 5
0.616667 3 12 10 3
0.623333 6 12 10 8
0.63 7 16 8 4
0.636667 5 22 10 7
0.643333 1 13 14 7
0.65 5 11 10 6
0.656667 3 20 12 5
0.663333 180 2935 432 187
0.67 0 0 0 0
0.676667 0 0 0 0
0.683333 0 0 0 0
0.69 0 0 0 0
0.696667 0 0 0 0
0.703333 0 0 0 0
0.71 0 0 0 0
0.716667 0 0 0 0
0.723333 0 0 0 0
0.73 0 0 0 0
0.736667 0 0 0 0
0.743333 0 0 0 0
0.75 0 0 0 0
0.756667 0 0 0 0
0.763333 0 0 0 0
0.77 0 0 0 0
0.776667 0 0 0 0
0.783333 0 0 0 0
0.79 0 0 0 0
0.796667 0 0 0 0
0.803333 0 0 0 0
0.81 0 0 0 0
0.816667 0 0 0 0
0.823333 0 0 0 0
0.83 0 0 0 0
0.836667 0 0 0 0
0.843333 0 0 0 0
0.85 0 0 0 0
0.856667 0 0 0 0
0.863333 0 0 0 0
0.87 0 0 0 0
0.876667 0 0 0 0
0.883333 0 0 0 0
0.89 0 0 0 0
0.896667 0 0 0 0
0.903333 0 0 0 0
0.91 0 0 0 0
0.916667 0 0 0 0
0.923333 0 0 0 0
0.93 0 0 0 0
0.936667 0 0 0 0
0.943333 0 0 0 0
0.95 0 0 0 0
0.956667 0 0 0 0
0.963333 0 0 0 0
0.97 0 0 0 0
0.976667 0 0 0 0
0.983333 0 0 0 0
0.99 0 0 0 0
0.996667 0 0 0 0
1.00333 0 0 0 0
1.01 0 0 0 0
1.01667 0 0 0 0
1.02333 0 0 0 0
1.03 0 0 0 0
1.03667 0 0 0 0
1.04333 0 0 0 0
1.05 0 0 0 0
1.05667 0 0 0 0
1.06333 0 0 0 0
1.07 0 0 0 0
1.07667 0 0 0 0
1.08333 0 0 0 0
1.09 0 0 0 0
1.09667 0 0 0 0
1.10333 0 0 0 0
1.11 0 0 0 0
1.11667 0 0 0 0
1.12333 0 0 0 0
1.13 0 0 0 0
1.13667 0 0 0 0
1.14333 0 0 0 0
1.15 0 0 0 0
1.15667 0 0 0 0
1.16333 0 0 0 0
1.17 0 0 0 0
1.17667 0 0 0 0
1.18333 0 0 0 0
1.19 0 0 0 0
1.19667 0 0 0 0
1.20333 0 0 0 0
1.21 0 0 0 0
1.21667 0 0 0 0
1.22333 0 0 0 0
1.23 0 0 0 0
1.23667 0 0 0 0
1.24333 0 0 0 0
1.25 0 0 0 0
1.25667 0 0 0 0
1.26333 0 0 0 0
1.27 0 0 0 0
1.27667 0 0 0 0
1.28333 0 0 0 0
1.29 0 0 0 0
1.29667 0 0 0 0
1.30333 0 0 0 0
1.31 0 0 0 0
1.31667 0 0 0 0
1.32333 0 0 0 0
1.33 0 0 0 0
1.33667 0 0 0 0
1.34333 0 0 0 0
1.35 0 0 0 0
1.35667 0 0 0 0
1.36333 0 0 0 0
1.37 0 0 0 0
1.37667 0 0 0 0
1.38333 0 0 0 0
1.39 0 0 0 0
1.39667 0 0 0 0
1.40333 0 0 0 0
1.41 0 0 0 0
1.41667 0 0 0 0
1.42333 0 0 0 0
1.43 0 0 0 0
1.43667 0 0 0 0
1.44333 0 0 0 0
1.45 0 0 0 0
1.45667 0 0 0 0
1.46333 0 0 0 0
1.47 0 0 0 0
1.47667 0 0 0 0
1.48333 0 0 0 0
1.49 0 0 0 0
1.49667 0 0 0 0
1.50333 0 0 0 0
1.51 0 0 0 0
1.51667 0 0 0 0
1.52333 0 0 0 0
1.53 0 0 0 0
1.53667 0 0 0 0
1.54333 0 0 0 0
1.55 0 0 0 0
1.55667 0 0 0 0
1.56333 0 0 0 0
1.57 0 0 0 0
1.57667 0 0 0 0
1.58333 0 0 0 0
1.59 0 0 0 0
1.59667 0 0 0 0
1.60333 0 0 0 0
1.61 0 0 0 0
1.61667 0 0 0 0
1.62333 0 0 0 0
1.63 0 0 0 0
1.63667 0 0 0 0
1.64333 0 0 0 0
1.65 0 0 0 0
1.65667 0 0 0 0
1.66333 0 0 0 0
1.67 0 0 0 0
1.67667 0 0 0 0
1.68333 0 0 0 0
1.69 0 0 0 0
1.69667 0 0 0 0
1.70333 0 0 0 0
1.71 0 0 0 0
1.71667 0 0 0 0
1.72333 0 0 0 0
1.73 0 0 0 0
1.73667 0 0 0 0
1.74333 0 0 0 0
1.75 0 0 0 0
1.75667 0 0 0 0
1.76333 0 0 0 0
1.77 0 0 0 0
1.77667 0 0 0 0
1.78333 0 0 0 0
1.79 0 0 0 0
1.79667 0 0 0 0
1.80333 0 0 0 0
1.81 0 0 0 0
1.81667 0 0 0 0
1.82333 0 0 0 0
1.83 0 0 0 0
1.83667 0 0 0 0
1.84333 0 0 0 0
1.85 0 0 0 0
1.85667 0 0 0 0
1.86333 0 0 0 0
1.87 0 0 0 0
1.87667 0 0 0 0
1.88333 0 0 0 0
1.89 0 0 0 0
1.89667 0 0 0 0
1.90333 0 0 0 0
1.91 0 0 0 0
1.91667 0 0 0 0
1.92333 0 0 0 0
1.93 0 0 0 0
1.93667 0 0 0 0
1.94333 0 0 0 0
1.95 0 0 0 0
1.95667 0 0 0 0
1.96333 0 0 0 0
1.97 0 0 0 0
1.97667 0 0 0 0
1.98333 0 0 0 0
1.99 0 0 0 0
1.99667 0 0 0 0
