0.00333333 0 4 175 12
0.01 3 9 176 13
0.0166667 0 9 182 13
0.0233333 1 7 198 15
0.03 3 6 200 28
0.0366667 0 8 211 18
0.0433333 1 14 230 27
0.05 2 11 277 38
0.0566667 1 22 337 56
0.0633333 0 23 321 44
0.07 1 22 339 52
0.0766667 4 24 375 60
0.0833333 4 18 400 46
0.09 1 20 420 58
0.0966667 4 23 428 55
0.103333 5 27 419 49
0.11 5 29 451 54
0.116667 0 26 451 61
0.123333 5 25 420 60
0.13 1 25 448 48
0.136667 1 23 455 40
0.143333 4 15 479 48
0.15 3 25 440 42
0.156667 5 18 471 42
0.163333 1 17 453 33
0.17 4 10 452 32
0.176667 5 21 443 38
0.183333 3 20 532 27
0.19 0 20 657 35
0.196667 3 27 661 34
0.203333 3 20 602 32
0.21 1 20 558 22
0.216667 2 16 532 30
0.223333 0 16 497 31
0.23 6 16 420 22
0.236667 0 14 422 17
0.243333 2 22 391 30
0.25 3 10 344 36
0.256667 1 15 304 25
0.263333 2 18 335 28
0.27 1 11 248 33
0.276667 0 12 281 25
0.283333 0 21 270 29
0.29 3 6 260 29
0.296667 0 12 252 23
0.303333 1 8 231 28
0.31 0 11 282 32
0.316667 2 11 252 19
0.323333 2 14 239 24
0.33 3 10 207 16
0.336667 1 17 217 15
0.343333 1 10 191 24
0.35 0 12 225 22
0.356667 1 12 192 21
0.363333 1 8 207 23
0.37 1 12 204 14
0.376667 1 11 195 14
0.383333 3 9 187 17
0.39 1 10 210 17
0.396667 3 16 169 18
0.403333 1 10 198 14
0.41 0 2 192 15
0.416667 0 5 159 16
0.423333 0 6 190 20
0.43 0 7 178 24
0.436667 2 11 179 13
0.443333 1 7 213 22
0.45 1 7 208 17
0.456667 0 6 196 11
0.463333 3 5 205 11
0.47 4 9 197 16
0.476667 0 7 190 11
0.483333 1 6 105 10
0.49 1 8 75 12
0.496667 2 6 108 11
0.503333 1 10 72 11
0.51 0 11 83 16
0.516667 0 3 73 10
0.523333 0 4 74 8
0.53 1 5 79 8
0.536667 0 3 56 10
0.543333 0 8 43 9
0.55 0 3 68 11
0.556667 0 7 70 10
0.563333 0 5 65 11
0.57 1 8 60 9
0.576667 1 9 48 12
0.583333 2 3 60 7
0.59 1 3 72 7
0.596667 1 8 60 6
0.603333 2 3 59 3
0.61 1 6 49 4
0.616667 2 8 48 5
0.623333 1 1 46 12
0.63 1 3 49 6
0.636667 0 4 76 7
0.643333 0 3 41 3
0.65 3 5 48 9
0.656667 0 3 38 7
0.663333 7 218 10362 231
0.67 0 0 0 0
0.676667 0 0 0 0
0.683333 0 0 0 0
0.69 0 0 0 0
0.696667 0 0 0 0
0.703333 0 0 0 0
0.71 0 0 0 0
0.716667 0 0 0 0
0.723333 0 0 0 0
0.73 0 0 0 0
0.736667 0 0 0 0
0.743333 0 0 0 0
0.75 0 0 0 0
0.756667 0 0 0 0
0.763333 0 0 0 0
0.77 0 0 0 0
0.776667 0 0 0 0
0.783333 0 0 0 0
0.79 0 0 0 0
0.796667 0 0 0 0
0.803333 0 0 0 0
0.81 0 0 0 0
0.816667 0 0 0 0
0.823333 0 0 0 0
0.83 0 0 0 0
0.836667 0 0 0 0
0.843333 0 0 0 0
0.85 0 0 0 0
0.856667 0 0 0 0
0.863333 0 0 0 0
0.87 0 0 0 0
0.876667 0 0 0 0
0.883333 0 0 0 0
0.89 0 0 0 0
0.896667 0 0 0 0
0.903333 0 0 0 0
0.91 0 0 0 0
0.916667 0 0 0 0
0.923333 0 0 0 0
0.93 0 0 0 0
0.936667 0 0 0 0
0.943333 0 0 0 0
0.95 0 0 0 0
0.956667 0 0 0 0
0.963333 0 0 0 0
0.97 0 0 0 0
0.976667 0 0 0 0
0.983333 0 0 0 0
0.99 0 0 0 0
0.996667 0 0 0 0
1.00333 0 0 0 0
1.01 0 0 0 0
1.01667 0 0 0 0
1.02333 0 0 0 0
1.03 0 0 0 0
1.03667 0 0 0 0
1.04333 0 0 0 0
1.05 0 0 0 0
1.05667 0 0 0 0
1.06333 0 0 0 0
1.07 0 0 0 0
1.07667 0 0 0 0
1.08333 0 0 0 0
1.09 0 0 0 0
1.09667 0 0 0 0
1.10333 0 0 0 0
1.11 0 0 0 0
1.11667 0 0 0 0
1.12333 0 0 0 0
1.13 0 0 0 0
1.13667 0 0 0 0
1.14333 0 0 0 0
1.15 0 0 0 0
1.15667 0 0 0 0
1.16333 0 0 0 0
1.17 0 0 0 0
1.17667 0 0 0 0
1.18333 0 0 0 0
1.19 0 0 0 0
1.19667 0 0 0 0
1.20333 0 0 0 0
1.21 0 0 0 0
1.21667 0 0 0 0
1.22333 0 0 0 0
1.23 0 0 0 0
1.23667 0 0 0 0
1.24333 0 0 0 0
1.25 0 0 0 0
1.25667 0 0 0 0
1.26333 0 0 0 0
1.27 0 0 0 0
1.27667 0 0 0 0
1.28333 0 0 0 0
1.29 0 0 0 0
1.29667 0 0 0 0
1.30333 0 0 0 0
1.31 0 0 0 0
1.31667 0 0 0 0
1.32333 0 0 0 0
1.33 0 0 0 0
1.33667 0 0 0 0
1.34333 0 0 0 0
1.35 0 0 0 0
1.35667 0 0 0 0
1.36333 0 0 0 0
1.37 0 0 0 0
1.37667 0 0 0 0
1.38333 0 0 0 0
1.39 0 0 0 0
1.39667 0 0 0 0
1.40333 0 0 0 0
1.41 0 0 0 0
1.41667 0 0 0 0
1.42333 0 0 0 0
1.43 0 0 0 0
1.43667 0 0 0 0
1.44333 0 0 0 0
1.45 0 0 0 0
1.45667 0 0 0 0
1.46333 0 0 0 0
1.47 0 0 0 0
1.47667 0 0 0 0
1.48333 0 0 0 0
1.49 0 0 0 0
1.49667 0 0 0 0
1.50333 0 0 0 0
1.51 0 0 0 0
1.51667 0 0 0 0
1.52333 0 0 0 0
1.53 0 0 0 0
1.53667 0 0 0 0
1.54333 0 0 0 0
1.55 0 0 0 0
1.55667 0 0 0 0
1.56333 0 0 0 0
1.57 0 0 0 0
1.57667 0 0 0 0
1.58333 0 0 0 0
1.59 0 0 0 0
1.59667 0 0 0 0
1.60333 0 0 0 0
1.61 0 0 0 0
1.61667 0 0 0 0
1.62333 0 0 0 0
1.63 0 0 0 0
1.63667 0 0 0 0
1.64333 0 0 0 0
1.65 0 0 0 0
1.65667 0 0 0 0
1.66333 0 0 0 0
1.67 0 0 0 0
1.67667 0 0 0 0
1.68333 0 0 0 0
1.69 0 0 0 0
1.69667 0 0 0 0
1.70333 0 0 0 0
1.71 0 0 0 0
1.71667 0 0 0 0
1.72333 0 0 0 0
1.73 0 0 0 0
1.73667 0 0 0 0
1.74333 0 0 0 0
1.75 0 0 0 0
1.75667 0 0 0 0
1.76333 0 0 0 0
1.77 0 0 0 0
1.77667 0 0 0 0
1.78333 0 0 0 0
1.79 0 0 0 0
1.79667 0 0 0 0
1.80333 0 0 0 0
1.81 0 0 0 0
1.81667 0 0 0 0
1.82333 0 0 0 0
1.83 0 0 0 0
1.83667 0 0 0 0
1.84333 0 0 0 0
1.85 0 0 0 0
1.85667 0 0 0 0
1.86333 0 0 0 0
1.87 0 0 0 0
1.87667 0 0 0 0
1.88333 0 0 0 0
1.89 0 0 0 0
1.89667 0 0 0 0
1.90333 0 0 0 0
1.91 0 0 0 0
1.91667 0 0 0 0
1.92333 0 0 0 0
1.93 0 0 0 0
1.93667 0 0 0 0
1.94333 0 0 0 0
1.95 0 0 0 0
1.95667 0 0 0 0
1.96333 0 0 0 0
1.97 0 0 0 0
1.97667 0 0 0 0
1.98333 0 0 0 0
1.99 0 0 0 0
1.99667 0 0 0 0
