0.00333333 4 42 40 4
0.01 6 38 38 10
0.0166667 8 47 52 10
0.0233333 5 41 51 6
0.03 14 26 50 7
0.0366667 13 56 70 13
0.0433333 11 60 82 15
0.05 17 96 87 17
0.0566667 16 101 109 20
0.0633333 24 103 124 21
0.07 23 125 131 24
0.0766667 22 132 176 26
0.0833333 30 137 145 22
0.09 26 145 130 24
0.0966667 21 113 143 28
0.103333 29 113 151 16
0.11 19 124 138 19
0.116667 22 140 156 16
0.123333 21 119 138 14
0.13 19 128 152 15
0.136667 20 100 132 18
0.143333 15 109 117 17
0.15 19 109 127 17
0.156667 18 92 109 12
0.163333 8 89 115 25
0.17 22 104 81 16
0.176667 19 93 108 24
0.183333 19 110 94 14
0.19 21 94 125 12
0.196667 15 108 120 16
0.203333 15 102 119 12
0.21 16 94 114 6
0.216667 16 95 108 5
0.223333 14 99 105 8
0.23 21 69 87 11
0.236667 9 68 90 7
0.243333 9 89 90 10
0.25 18 68 74 12
0.256667 9 68 73 8
0.263333 13 63 75 7
0.27 14 57 72 14
0.276667 13 64 67 12
0.283333 12 48 53 7
0.29 7 68 61 1
0.296667 6 62 55 13
0.303333 9 53 57 4
0.31 6 55 52 4
0.316667 6 44 59 8
0.323333 8 54 60 8
0.33 11 48 46 9
0.336667 8 50 57 6
0.343333 5 40 56 6
0.35 5 33 54 6
0.356667 8 40 46 13
0.363333 6 44 62 3
0.37 6 42 44 7
0.376667 8 36 47 5
0.383333 10 46 45 4
0.39 6 40 47 2
0.396667 11 35 47 4
0.403333 3 37 41 3
0.41 9 31 41 5
0.416667 3 37 41 7
0.423333 8 37 30 3
0.43 3 40 34 4
0.436667 7 36 52 7
0.443333 7 28 39 4
0.45 8 32 44 4
0.456667 7 28 42 12
0.463333 4 42 33 2
0.47 6 30 36 6
0.476667 4 29 36 7
0.483333 5 24 28 5
0.49 2 29 25 4
0.496667 7 22 30 5
0.503333 5 23 22 5
0.51 3 20 27 1
0.516667 6 16 16 8
0.523333 4 23 18 2
0.53 2 25 16 3
0.536667 5 19 14 4
0.543333 7 12 20 6
0.55 3 24 22 0
0.556667 1 13 21 4
0.563333 2 9 23 4
0.57 3 18 22 4
0.576667 1 21 26 4
0.583333 6 23 27 1
0.59 4 15 12 7
0.596667 4 17 23 2
0.603333 4 11 23 1
0.61 4 23 8 2
0.616667 4 12 14 8
0.623333 1 14 12 1
0.63 3 8 21 3
0.636667 4 12 17 4
0.643333 1 18 13 1
0.65 1 15 20 4
0.656667 1 18 21 0
0.663333 97 866 1115 98
0.67 0 0 0 0
0.676667 0 0 0 0
0.683333 0 0 0 0
0.69 0 0 0 0
0.696667 0 0 0 0
0.703333 0 0 0 0
0.71 0 0 0 0
0.716667 0 0 0 0
0.723333 0 0 0 0
0.73 0 0 0 0
0.736667 0 0 0 0
0.743333 0 0 0 0
0.75 0 0 0 0
0.756667 0 0 0 0
0.763333 0 0 0 0
0.77 0 0 0 0
0.776667 0 0 0 0
0.783333 0 0 0 0
0.79 0 0 0 0
0.796667 0 0 0 0
0.803333 0 0 0 0
0.81 0 0 0 0
0.816667 0 0 0 0
0.823333 0 0 0 0
0.83 0 0 0 0
0.836667 0 0 0 0
0.843333 0 0 0 0
0.85 0 0 0 0
0.856667 0 0 0 0
0.863333 0 0 0 0
0.87 0 0 0 0
0.876667 0 0 0 0
0.883333 0 0 0 0
0.89 0 0 0 0
0.896667 0 0 0 0
0.903333 0 0 0 0
0.91 0 0 0 0
0.916667 0 0 0 0
0.923333 0 0 0 0
0.93 0 0 0 0
0.936667 0 0 0 0
0.943333 0 0 0 0
0.95 0 0 0 0
0.956667 0 0 0 0
0.963333 0 0 0 0
0.97 0 0 0 0
0.976667 0 0 0 0
0.983333 0 0 0 0
0.99 0 0 0 0
0.996667 0 0 0 0
1.00333 0 0 0 0
1.01 0 0 0 0
1.01667 0 0 0 0
1.02333 0 0 0 0
1.03 0 0 0 0
1.03667 0 0 0 0
1.04333 0 0 0 0
1.05 0 0 0 0
1.05667 0 0 0 0
1.06333 0 0 0 0
1.07 0 0 0 0
1.07667 0 0 0 0
1.08333 0 0 0 0
1.09 0 0 0 0
1.09667 0 0 0 0
1.10333 0 0 0 0
1.11 0 0 0 0
1.11667 0 0 0 0
1.12333 0 0 0 0
1.13 0 0 0 0
1.13667 0 0 0 0
1.14333 0 0 0 0
1.15 0 0 0 0
1.15667 0 0 0 0
1.16333 0 0 0 0
1.17 0 0 0 0
1.17667 0 0 0 0
1.18333 0 0 0 0
1.19 0 0 0 0
1.19667 0 0 0 0
1.20333 0 0 0 0
1.21 0 0 0 0
1.21667 0 0 0 0
1.22333 0 0 0 0
1.23 0 0 0 0
1.23667 0 0 0 0
1.24333 0 0 0 0
1.25 0 0 0 0
1.25667 0 0 0 0
1.26333 0 0 0 0
1.27 0 0 0 0
1.27667 0 0 0 0
1.28333 0 0 0 0
1.29 0 0 0 0
1.29667 0 0 0 0
1.30333 0 0 0 0
1.31 0 0 0 0
1.31667 0 0 0 0
1.32333 0 0 0 0
1.33 0 0 0 0
1.33667 0 0 0 0
1.34333 0 0 0 0
1.35 0 0 0 0
1.35667 0 0 0 0
1.36333 0 0 0 0
1.37 0 0 0 0
1.37667 0 0 0 0
1.38333 0 0 0 0
1.39 0 0 0 0
1.39667 0 0 0 0
1.40333 0 0 0 0
1.41 0 0 0 0
1.41667 0 0 0 0
1.42333 0 0 0 0
1.43 0 0 0 0
1.43667 0 0 0 0
1.44333 0 0 0 0
1.45 0 0 0 0
1.45667 0 0 0 0
1.46333 0 0 0 0
1.47 0 0 0 0
1.47667 0 0 0 0
1.48333 0 0 0 0
1.49 0 0 0 0
1.49667 0 0 0 0
1.50333 0 0 0 0
1.51 0 0 0 0
1.51667 0 0 0 0
1.52333 0 0 0 0
1.53 0 0 0 0
1.53667 0 0 0 0
1.54333 0 0 0 0
1.55 0 0 0 0
1.55667 0 0 0 0
1.56333 0 0 0 0
1.57 0 0 0 0
1.57667 0 0 0 0
1.58333 0 0 0 0
1.59 0 0 0 0
1.59667 0 0 0 0
1.60333 0 0 0 0
1.61 0 0 0 0
1.61667 0 0 0 0
1.62333 0 0 0 0
1.63 0 0 0 0
1.63667 0 0 0 0
1.64333 0 0 0 0
1.65 0 0 0 0
1.65667 0 0 0 0
1.66333 0 0 0 0
1.67 0 0 0 0
1.67667 0 0 0 0
1.68333 0 0 0 0
1.69 0 0 0 0
1.69667 0 0 0 0
1.70333 0 0 0 0
1.71 0 0 0 0
1.71667 0 0 0 0
1.72333 0 0 0 0
1.73 0 0 0 0
1.73667 0 0 0 0
1.74333 0 0 0 0
1.75 0 0 0 0
1.75667 0 0 0 0
1.76333 0 0 0 0
1.77 0 0 0 0
1.77667 0 0 0 0
1.78333 0 0 0 0
1.79 0 0 0 0
1.79667 0 0 0 0
1.80333 0 0 0 0
1.81 0 0 0 0
1.81667 0 0 0 0
1.82333 0 0 0 0
1.83 0 0 0 0
1.83667 0 0 0 0
1.84333 0 0 0 0
1.85 0 0 0 0
1.85667 0 0 0 0
1.86333 0 0 0 0
1.87 0 0 0 0
1.87667 0 0 0 0
1.88333 0 0 0 0
1.89 0 0 0 0
1.89667 0 0 0 0
1.90333 0 0 0 0
1.91 0 0 0 0
1.91667 0 0 0 0
1.92333 0 0 0 0
1.93 0 0 0 0
1.93667 0 0 0 0
1.94333 0 0 0 0
1.95 0 0 0 0
1.95667 0 0 0 0
1.96333 0 0 0 0
1.97 0 0 0 0
1.97667 0 0 0 0
1.98333 0 0 0 0
1.99 0 0 0 0
1.99667 0 0 0 0
