0.00333333 117 70 3 2
0.01 111 90 0 1
0.0166667 94 104 1 5
0.0233333 77 109 1 0
0.03 106 94 0 3
0.0366667 126 99 6 0
0.0433333 137 107 3 0
0.05 148 121 4 5
0.0566667 173 151 5 3
0.0633333 197 155 2 4
0.07 182 167 2 2
0.0766667 218 179 2 10
0.0833333 227 186 4 3
0.09 210 165 5 3
0.0966667 231 191 6 4
0.103333 239 185 8 5
0.11 229 196 1 6
0.116667 256 214 2 4
0.123333 247 212 7 4
0.13 238 241 4 6
0.136667 243 212 6 4
0.143333 238 171 3 3
0.15 254 193 2 3
0.156667 218 209 8 2
0.163333 244 190 7 3
0.17 237 198 6 9
0.176667 215 197 5 4
0.183333 260 207 2 2
0.19 312 226 4 8
0.196667 292 246 5 7
0.203333 275 224 3 8
0.21 255 216 4 5
0.216667 260 191 3 8
0.223333 216 189 2 3
0.23 224 183 4 8
0.236667 222 198 4 5
0.243333 224 183 2 5
0.25 210 153 7 4
0.256667 198 158 0 4
0.263333 195 152 2 6
0.27 192 127 5 2
0.276667 193 141 1 5
0.283333 166 139 1 4
0.29 163 128 0 9
0.296667 159 124 2 0
0.303333 142 131 1 1
0.31 152 115 0 1
0.316667 130 117 3 1
0.323333 127 96 3 4
0.33 132 106 0 2
0.336667 129 100 2 7
0.343333 138 103 1 4
0.35 124 102 6 6
0.356667 135 81 4 2
0.363333 126 105 2 7
0.37 125 103 6 3
0.376667 138 119 1 4
0.383333 118 78 5 4
0.39 103 92 1 5
0.396667 122 95 1 8
0.403333 127 84 2 3
0.41 92 93 4 3
0.416667 105 89 2 1
0.423333 125 98 1 0
0.43 127 99 1 0
0.436667 100 97 2 3
0.443333 121 81 2 4
0.45 143 74 2 4
0.456667 91 80 2 4
0.463333 109 97 3 4
0.47 119 79 1 2
0.476667 109 74 3 1
0.483333 54 50 4 0
0.49 54 39 1 1
0.496667 54 46 0 3
0.503333 55 44 2 2
0.51 50 43 2 1
0.516667 35 49 0 1
0.523333 41 45 2 3
0.53 57 32 3 1
0.536667 44 36 0 2
0.543333 48 38 2 0
0.55 37 24 3 3
0.556667 45 37 1 2
0.563333 48 29 0 1
0.57 33 34 2 2
0.576667 35 30 1 0
0.583333 49 24 0 2
0.59 27 35 0 3
0.596667 32 34 1 1
0.603333 34 24 0 0
0.61 30 35 0 0
0.616667 29 25 2 1
0.623333 23 25 0 3
0.63 35 29 0 1
0.636667 40 36 1 3
0.643333 38 27 2 3
0.65 35 39 2 2
0.656667 34 31 0 3
0.663333 5291 3859 21 103
0.67 0 0 0 0
0.676667 0 0 0 0
0.683333 0 0 0 0
0.69 0 0 0 0
0.696667 0 0 0 0
0.703333 0 0 0 0
0.71 0 0 0 0
0.716667 0 0 0 0
0.723333 0 0 0 0
0.73 0 0 0 0
0.736667 0 0 0 0
0.743333 0 0 0 0
0.75 0 0 0 0
0.756667 0 0 0 0
0.763333 0 0 0 0
0.77 0 0 0 0
0.776667 0 0 0 0
0.783333 0 0 0 0
0.79 0 0 0 0
0.796667 0 0 0 0
0.803333 0 0 0 0
0.81 0 0 0 0
0.816667 0 0 0 0
0.823333 0 0 0 0
0.83 0 0 0 0
0.836667 0 0 0 0
0.843333 0 0 0 0
0.85 0 0 0 0
0.856667 0 0 0 0
0.863333 0 0 0 0
0.87 0 0 0 0
0.876667 0 0 0 0
0.883333 0 0 0 0
0.89 0 0 0 0
0.896667 0 0 0 0
0.903333 0 0 0 0
0.91 0 0 0 0
0.916667 0 0 0 0
0.923333 0 0 0 0
0.93 0 0 0 0
0.936667 0 0 0 0
0.943333 0 0 0 0
0.95 0 0 0 0
0.956667 0 0 0 0
0.963333 0 0 0 0
0.97 0 0 0 0
0.976667 0 0 0 0
0.983333 0 0 0 0
0.99 0 0 0 0
0.996667 0 0 0 0
1.00333 0 0 0 0
1.01 0 0 0 0
1.01667 0 0 0 0
1.02333 0 0 0 0
1.03 0 0 0 0
1.03667 0 0 0 0
1.04333 0 0 0 0
1.05 0 0 0 0
1.05667 0 0 0 0
1.06333 0 0 0 0
1.07 0 0 0 0
1.07667 0 0 0 0
1.08333 0 0 0 0
1.09 0 0 0 0
1.09667 0 0 0 0
1.10333 0 0 0 0
1.11 0 0 0 0
1.11667 0 0 0 0
1.12333 0 0 0 0
1.13 0 0 0 0
1.13667 0 0 0 0
1.14333 0 0 0 0
1.15 0 0 0 0
1.15667 0 0 0 0
1.16333 0 0 0 0
1.17 0 0 0 0
1.17667 0 0 0 0
1.18333 0 0 0 0
1.19 0 0 0 0
1.19667 0 0 0 0
1.20333 0 0 0 0
1.21 0 0 0 0
1.21667 0 0 0 0
1.22333 0 0 0 0
1.23 0 0 0 0
1.23667 0 0 0 0
1.24333 0 0 0 0
1.25 0 0 0 0
1.25667 0 0 0 0
1.26333 0 0 0 0
1.27 0 0 0 0
1.27667 0 0 0 0
1.28333 0 0 0 0
1.29 0 0 0 0
1.29667 0 0 0 0
1.30333 0 0 0 0
1.31 0 0 0 0
1.31667 0 0 0 0
1.32333 0 0 0 0
1.33 0 0 0 0
1.33667 0 0 0 0
1.34333 0 0 0 0
1.35 0 0 0 0
1.35667 0 0 0 0
1.36333 0 0 0 0
1.37 0 0 0 0
1.37667 0 0 0 0
1.38333 0 0 0 0
1.39 0 0 0 0
1.39667 0 0 0 0
1.40333 0 0 0 0
1.41 0 0 0 0
1.41667 0 0 0 0
1.42333 0 0 0 0
1.43 0 0 0 0
1.43667 0 0 0 0
1.44333 0 0 0 0
1.45 0 0 0 0
1.45667 0 0 0 0
1.46333 0 0 0 0
1.47 0 0 0 0
1.47667 0 0 0 0
1.48333 0 0 0 0
1.49 0 0 0 0
1.49667 0 0 0 0
1.50333 0 0 0 0
1.51 0 0 0 0
1.51667 0 0 0 0
1.52333 0 0 0 0
1.53 0 0 0 0
1.53667 0 0 0 0
1.54333 0 0 0 0
1.55 0 0 0 0
1.55667 0 0 0 0
1.56333 0 0 0 0
1.57 0 0 0 0
1.57667 0 0 0 0
1.58333 0 0 0 0
1.59 0 0 0 0
1.59667 0 0 0 0
1.60333 0 0 0 0
1.61 0 0 0 0
1.61667 0 0 0 0
1.62333 0 0 0 0
1.63 0 0 0 0
1.63667 0 0 0 0
1.64333 0 0 0 0
1.65 0 0 0 0
1.65667 0 0 0 0
1.66333 0 0 0 0
1.67 0 0 0 0
1.67667 0 0 0 0
1.68333 0 0 0 0
1.69 0 0 0 0
1.69667 0 0 0 0
1.70333 0 0 0 0
1.71 0 0 0 0
1.71667 0 0 0 0
1.72333 0 0 0 0
1.73 0 0 0 0
1.73667 0 0 0 0
1.74333 0 0 0 0
1.75 0 0 0 0
1.75667 0 0 0 0
1.76333 0 0 0 0
1.77 0 0 0 0
1.77667 0 0 0 0
1.78333 0 0 0 0
1.79 0 0 0 0
1.79667 0 0 0 0
1.80333 0 0 0 0
1.81 0 0 0 0
1.81667 0 0 0 0
1.82333 0 0 0 0
1.83 0 0 0 0
1.83667 0 0 0 0
1.84333 0 0 0 0
1.85 0 0 0 0
1.85667 0 0 0 0
1.86333 0 0 0 0
1.87 0 0 0 0
1.87667 0 0 0 0
1.88333 0 0 0 0
1.89 0 0 0 0
1.89667 0 0 0 0
1.90333 0 0 0 0
1.91 0 0 0 0
1.91667 0 0 0 0
1.92333 0 0 0 0
1.93 0 0 0 0
1.93667 0 0 0 0
1.94333 0 0 0 0
1.95 0 0 0 0
1.95667 0 0 0 0
1.96333 0 0 0 0
1.97 0 0 0 0
1.97667 0 0 0 0
1.98333 0 0 0 0
1.99 0 0 0 0
1.99667 0 0 0 0
