0.00333333 4 19 34 13
0.01 2 24 53 6
0.0166667 1 39 36 14
0.0233333 3 32 51 8
0.03 7 34 55 9
0.0366667 2 31 59 17
0.0433333 5 44 89 24
0.05 15 44 101 36
0.0566667 13 69 122 38
0.0633333 13 75 121 40
0.07 14 82 139 40
0.0766667 12 57 136 39
0.0833333 17 84 157 39
0.09 12 82 148 42
0.0966667 10 80 132 44
0.103333 10 83 122 39
0.11 10 89 153 25
0.116667 9 74 132 38
0.123333 6 83 103 33
0.13 5 90 126 34
0.136667 7 84 104 33
0.143333 9 96 141 38
0.15 11 66 99 31
0.156667 4 87 116 32
0.163333 8 72 108 35
0.17 8 77 118 35
0.176667 6 54 119 32
0.183333 7 66 111 36
0.19 7 81 103 28
0.196667 6 91 106 24
0.203333 6 73 98 33
0.21 14 78 106 35
0.216667 8 63 82 20
0.223333 4 67 81 23
0.23 6 64 80 23
0.236667 6 62 77 24
0.243333 7 58 72 20
0.25 18 39 66 27
0.256667 5 55 76 19
0.263333 10 53 65 28
0.27 11 35 74 24
0.276667 4 51 66 19
0.283333 7 47 59 26
0.29 6 39 55 25
0.296667 5 42 52 16
0.303333 3 28 50 15
0.31 6 46 61 21
0.316667 4 40 59 14
0.323333 4 54 60 12
0.33 7 33 45 12
0.336667 6 44 50 20
0.343333 5 27 60 21
0.35 8 36 57 17
0.356667 3 37 41 21
0.363333 2 46 43 13
0.37 2 43 49 18
0.376667 4 35 46 14
0.383333 2 36 51 19
0.39 5 47 41 20
0.396667 8 33 40 12
0.403333 3 32 47 12
0.41 6 32 53 11
0.416667 1 37 40 18
0.423333 6 33 43 15
0.43 3 34 47 11
0.436667 6 37 37 8
0.443333 5 31 33 11
0.45 7 28 53 14
0.456667 5 35 39 9
0.463333 3 41 38 12
0.47 3 32 54 15
0.476667 1 34 34 13
0.483333 1 19 31 10
0.49 2 24 25 12
0.496667 2 19 22 9
0.503333 1 13 26 5
0.51 4 22 32 9
0.516667 1 16 26 10
0.523333 3 19 25 12
0.53 1 14 16 5
0.536667 5 10 10 8
0.543333 6 15 34 9
0.55 3 11 23 5
0.556667 7 18 26 9
0.563333 5 11 23 8
0.57 0 11 30 10
0.576667 6 18 23 10
0.583333 4 21 25 4
0.59 1 14 17 7
0.596667 3 10 21 11
0.603333 3 17 15 8
0.61 4 10 17 9
0.616667 3 15 19 5
0.623333 1 6 27 2
0.63 3 6 22 9
0.636667 2 7 18 12
0.643333 2 14 25 3
0.65 4 15 22 8
0.656667 2 20 20 6
0.663333 85 1232 989 265
0.67 0 0 0 0
0.676667 0 0 0 0
0.683333 0 0 0 0
0.69 0 0 0 0
0.696667 0 0 0 0
0.703333 0 0 0 0
0.71 0 0 0 0
0.716667 0 0 0 0
0.723333 0 0 0 0
0.73 0 0 0 0
0.736667 0 0 0 0
0.743333 0 0 0 0
0.75 0 0 0 0
0.756667 0 0 0 0
0.763333 0 0 0 0
0.77 0 0 0 0
0.776667 0 0 0 0
0.783333 0 0 0 0
0.79 0 0 0 0
0.796667 0 0 0 0
0.803333 0 0 0 0
0.81 0 0 0 0
0.816667 0 0 0 0
0.823333 0 0 0 0
0.83 0 0 0 0
0.836667 0 0 0 0
0.843333 0 0 0 0
0.85 0 0 0 0
0.856667 0 0 0 0
0.863333 0 0 0 0
0.87 0 0 0 0
0.876667 0 0 0 0
0.883333 0 0 0 0
0.89 0 0 0 0
0.896667 0 0 0 0
0.903333 0 0 0 0
0.91 0 0 0 0
0.916667 0 0 0 0
0.923333 0 0 0 0
0.93 0 0 0 0
0.936667 0 0 0 0
0.943333 0 0 0 0
0.95 0 0 0 0
0.956667 0 0 0 0
0.963333 0 0 0 0
0.97 0 0 0 0
0.976667 0 0 0 0
0.983333 0 0 0 0
0.99 0 0 0 0
0.996667 0 0 0 0
1.00333 0 0 0 0
1.01 0 0 0 0
1.01667 0 0 0 0
1.02333 0 0 0 0
1.03 0 0 0 0
1.03667 0 0 0 0
1.04333 0 0 0 0
1.05 0 0 0 0
1.05667 0 0 0 0
1.06333 0 0 0 0
1.07 0 0 0 0
1.07667 0 0 0 0
1.08333 0 0 0 0
1.09 0 0 0 0
1.09667 0 0 0 0
1.10333 0 0 0 0
1.11 0 0 0 0
1.11667 0 0 0 0
1.12333 0 0 0 0
1.13 0 0 0 0
1.13667 0 0 0 0
1.14333 0 0 0 0
1.15 0 0 0 0
1.15667 0 0 0 0
1.16333 0 0 0 0
1.17 0 0 0 0
1.17667 0 0 0 0
1.18333 0 0 0 0
1.19 0 0 0 0
1.19667 0 0 0 0
1.20333 0 0 0 0
1.21 0 0 0 0
1.21667 0 0 0 0
1.22333 0 0 0 0
1.23 0 0 0 0
1.23667 0 0 0 0
1.24333 0 0 0 0
1.25 0 0 0 0
1.25667 0 0 0 0
1.26333 0 0 0 0
1.27 0 0 0 0
1.27667 0 0 0 0
1.28333 0 0 0 0
1.29 0 0 0 0
1.29667 0 0 0 0
1.30333 0 0 0 0
1.31 0 0 0 0
1.31667 0 0 0 0
1.32333 0 0 0 0
1.33 0 0 0 0
1.33667 0 0 0 0
1.34333 0 0 0 0
1.35 0 0 0 0
1.35667 0 0 0 0
1.36333 0 0 0 0
1.37 0 0 0 0
1.37667 0 0 0 0
1.38333 0 0 0 0
1.39 0 0 0 0
1.39667 0 0 0 0
1.40333 0 0 0 0
1.41 0 0 0 0
1.41667 0 0 0 0
1.42333 0 0 0 0
1.43 0 0 0 0
1.43667 0 0 0 0
1.44333 0 0 0 0
1.45 0 0 0 0
1.45667 0 0 0 0
1.46333 0 0 0 0
1.47 0 0 0 0
1.47667 0 0 0 0
1.48333 0 0 0 0
1.49 0 0 0 0
1.49667 0 0 0 0
1.50333 0 0 0 0
1.51 0 0 0 0
1.51667 0 0 0 0
1.52333 0 0 0 0
1.53 0 0 0 0
1.53667 0 0 0 0
1.54333 0 0 0 0
1.55 0 0 0 0
1.55667 0 0 0 0
1.56333 0 0 0 0
1.57 0 0 0 0
1.57667 0 0 0 0
1.58333 0 0 0 0
1.59 0 0 0 0
1.59667 0 0 0 0
1.60333 0 0 0 0
1.61 0 0 0 0
1.61667 0 0 0 0
1.62333 0 0 0 0
1.63 0 0 0 0
1.63667 0 0 0 0
1.64333 0 0 0 0
1.65 0 0 0 0
1.65667 0 0 0 0
1.66333 0 0 0 0
1.67 0 0 0 0
1.67667 0 0 0 0
1.68333 0 0 0 0
1.69 0 0 0 0
1.69667 0 0 0 0
1.70333 0 0 0 0
1.71 0 0 0 0
1.71667 0 0 0 0
1.72333 0 0 0 0
1.73 0 0 0 0
1.73667 0 0 0 0
1.74333 0 0 0 0
1.75 0 0 0 0
1.75667 0 0 0 0
1.76333 0 0 0 0
1.77 0 0 0 0
1.77667 0 0 0 0
1.78333 0 0 0 0
1.79 0 0 0 0
1.79667 0 0 0 0
1.80333 0 0 0 0
1.81 0 0 0 0
1.81667 0 0 0 0
1.82333 0 0 0 0
1.83 0 0 0 0
1.83667 0 0 0 0
1.84333 0 0 0 0
1.85 0 0 0 0
1.85667 0 0 0 0
1.86333 0 0 0 0
1.87 0 0 0 0
1.87667 0 0 0 0
1.88333 0 0 0 0
1.89 0 0 0 0
1.89667 0 0 0 0
1.90333 0 0 0 0
1.91 0 0 0 0
1.91667 0 0 0 0
1.92333 0 0 0 0
1.93 0 0 0 0
1.93667 0 0 0 0
1.94333 0 0 0 0
1.95 0 0 0 0
1.95667 0 0 0 0
1.96333 0 0 0 0
1.97 0 0 0 0
1.97667 0 0 0 0
1.98333 0 0 0 0
1.99 0 0 0 0
1.99667 0 0 0 0
