0.00333333 4 13 71 11
0.01 4 16 73 12
0.0166667 5 17 66 12
0.0233333 5 17 77 23
0.03 5 17 78 10
0.0366667 8 27 88 19
0.0433333 6 30 123 24
0.05 5 50 165 25
0.0566667 11 48 195 28
0.0633333 9 45 239 28
0.07 10 64 240 47
0.0766667 7 47 257 48
0.0833333 17 64 274 34
0.09 9 57 237 40
0.0966667 16 51 235 55
0.103333 13 47 267 39
0.11 12 43 247 37
0.116667 6 53 271 39
0.123333 8 53 235 39
0.13 11 43 252 34
0.136667 8 37 233 27
0.143333 13 35 222 32
0.15 12 34 226 24
0.156667 4 35 217 28
0.163333 9 49 208 25
0.17 12 35 176 35
0.176667 6 28 221 25
0.183333 4 46 197 28
0.19 8 43 252 32
0.196667 10 45 198 34
0.203333 5 56 230 23
0.21 6 23 189 14
0.216667 10 30 194 21
0.223333 10 31 152 18
0.23 5 27 180 22
0.236667 3 25 154 23
0.243333 10 40 142 15
0.25 9 24 160 23
0.256667 7 24 114 19
0.263333 6 21 125 17
0.27 7 14 126 15
0.276667 5 16 125 20
0.283333 5 7 108 15
0.29 6 24 112 12
0.296667 4 21 113 13
0.303333 2 18 103 14
0.31 8 20 102 14
0.316667 4 16 101 8
0.323333 1 24 88 18
0.33 6 13 89 14
0.336667 6 25 89 13
0.343333 7 21 112 19
0.35 2 13 88 14
0.356667 1 20 91 13
0.363333 3 17 84 17
0.37 4 19 78 9
0.376667 4 23 72 13
0.383333 3 16 71 14
0.39 6 14 65 9
0.396667 5 10 74 9
0.403333 3 14 77 10
0.41 3 11 66 9
0.416667 3 14 88 8
0.423333 6 14 70 14
0.43 2 20 78 15
0.436667 6 13 65 11
0.443333 4 16 72 22
0.45 1 16 75 5
0.456667 9 15 75 11
0.463333 2 16 66 7
0.47 5 12 65 7
0.476667 5 14 54 10
0.483333 4 12 54 11
0.49 2 6 52 10
0.496667 3 14 54 8
0.503333 4 12 41 13
0.51 3 8 49 3
0.516667 2 8 48 5
0.523333 4 5 43 8
0.53 2 7 35 6
0.536667 3 6 40 6
0.543333 4 11 27 4
0.55 1 13 42 4
0.556667 1 7 44 7
0.563333 2 8 28 8
0.57 1 12 38 6
0.576667 7 11 38 9
0.583333 0 9 37 8
0.59 1 11 42 3
0.596667 3 7 26 10
0.603333 5 7 34 3
0.61 0 5 26 8
0.616667 4 10 35 6
0.623333 1 10 31 4
0.63 1 6 23 3
0.636667 1 9 40 7
0.643333 2 6 32 6
0.65 3 5 30 5
0.656667 0 3 21 9
0.663333 40 235 2360 178
0.67 0 0 0 0
0.676667 0 0 0 0
0.683333 0 0 0 0
0.69 0 0 0 0
0.696667 0 0 0 0
0.703333 0 0 0 0
0.71 0 0 0 0
0.716667 0 0 0 0
0.723333 0 0 0 0
0.73 0 0 0 0
0.736667 0 0 0 0
0.743333 0 0 0 0
0.75 0 0 0 0
0.756667 0 0 0 0
0.763333 0 0 0 0
0.77 0 0 0 0
0.776667 0 0 0 0
0.783333 0 0 0 0
0.79 0 0 0 0
0.796667 0 0 0 0
0.803333 0 0 0 0
0.81 0 0 0 0
0.816667 0 0 0 0
0.823333 0 0 0 0
0.83 0 0 0 0
0.836667 0 0 0 0
0.843333 0 0 0 0
0.85 0 0 0 0
0.856667 0 0 0 0
0.863333 0 0 0 0
0.87 0 0 0 0
0.876667 0 0 0 0
0.883333 0 0 0 0
0.89 0 0 0 0
0.896667 0 0 0 0
0.903333 0 0 0 0
0.91 0 0 0 0
0.916667 0 0 0 0
0.923333 0 0 0 0
0.93 0 0 0 0
0.936667 0 0 0 0
0.943333 0 0 0 0
0.95 0 0 0 0
0.956667 0 0 0 0
0.963333 0 0 0 0
0.97 0 0 0 0
0.976667 0 0 0 0
0.983333 0 0 0 0
0.99 0 0 0 0
0.996667 0 0 0 0
1.00333 0 0 0 0
1.01 0 0 0 0
1.01667 0 0 0 0
1.02333 0 0 0 0
1.03 0 0 0 0
1.03667 0 0 0 0
1.04333 0 0 0 0
1.05 0 0 0 0
1.05667 0 0 0 0
1.06333 0 0 0 0
1.07 0 0 0 0
1.07667 0 0 0 0
1.08333 0 0 0 0
1.09 0 0 0 0
1.09667 0 0 0 0
1.10333 0 0 0 0
1.11 0 0 0 0
1.11667 0 0 0 0
1.12333 0 0 0 0
1.13 0 0 0 0
1.13667 0 0 0 0
1.14333 0 0 0 0
1.15 0 0 0 0
1.15667 0 0 0 0
1.16333 0 0 0 0
1.17 0 0 0 0
1.17667 0 0 0 0
1.18333 0 0 0 0
1.19 0 0 0 0
1.19667 0 0 0 0
1.20333 0 0 0 0
1.21 0 0 0 0
1.21667 0 0 0 0
1.22333 0 0 0 0
1.23 0 0 0 0
1.23667 0 0 0 0
1.24333 0 0 0 0
1.25 0 0 0 0
1.25667 0 0 0 0
1.26333 0 0 0 0
1.27 0 0 0 0
1.27667 0 0 0 0
1.28333 0 0 0 0
1.29 0 0 0 0
1.29667 0 0 0 0
1.30333 0 0 0 0
1.31 0 0 0 0
1.31667 0 0 0 0
1.32333 0 0 0 0
1.33 0 0 0 0
1.33667 0 0 0 0
1.34333 0 0 0 0
1.35 0 0 0 0
1.35667 0 0 0 0
1.36333 0 0 0 0
1.37 0 0 0 0
1.37667 0 0 0 0
1.38333 0 0 0 0
1.39 0 0 0 0
1.39667 0 0 0 0
1.40333 0 0 0 0
1.41 0 0 0 0
1.41667 0 0 0 0
1.42333 0 0 0 0
1.43 0 0 0 0
1.43667 0 0 0 0
1.44333 0 0 0 0
1.45 0 0 0 0
1.45667 0 0 0 0
1.46333 0 0 0 0
1.47 0 0 0 0
1.47667 0 0 0 0
1.48333 0 0 0 0
1.49 0 0 0 0
1.49667 0 0 0 0
1.50333 0 0 0 0
1.51 0 0 0 0
1.51667 0 0 0 0
1.52333 0 0 0 0
1.53 0 0 0 0
1.53667 0 0 0 0
1.54333 0 0 0 0
1.55 0 0 0 0
1.55667 0 0 0 0
1.56333 0 0 0 0
1.57 0 0 0 0
1.57667 0 0 0 0
1.58333 0 0 0 0
1.59 0 0 0 0
1.59667 0 0 0 0
1.60333 0 0 0 0
1.61 0 0 0 0
1.61667 0 0 0 0
1.62333 0 0 0 0
1.63 0 0 0 0
1.63667 0 0 0 0
1.64333 0 0 0 0
1.65 0 0 0 0
1.65667 0 0 0 0
1.66333 0 0 0 0
1.67 0 0 0 0
1.67667 0 0 0 0
1.68333 0 0 0 0
1.69 0 0 0 0
1.69667 0 0 0 0
1.70333 0 0 0 0
1.71 0 0 0 0
1.71667 0 0 0 0
1.72333 0 0 0 0
1.73 0 0 0 0
1.73667 0 0 0 0
1.74333 0 0 0 0
1.75 0 0 0 0
1.75667 0 0 0 0
1.76333 0 0 0 0
1.77 0 0 0 0
1.77667 0 0 0 0
1.78333 0 0 0 0
1.79 0 0 0 0
1.79667 0 0 0 0
1.80333 0 0 0 0
1.81 0 0 0 0
1.81667 0 0 0 0
1.82333 0 0 0 0
1.83 0 0 0 0
1.83667 0 0 0 0
1.84333 0 0 0 0
1.85 0 0 0 0
1.85667 0 0 0 0
1.86333 0 0 0 0
1.87 0 0 0 0
1.87667 0 0 0 0
1.88333 0 0 0 0
1.89 0 0 0 0
1.89667 0 0 0 0
1.90333 0 0 0 0
1.91 0 0 0 0
1.91667 0 0 0 0
1.92333 0 0 0 0
1.93 0 0 0 0
1.93667 0 0 0 0
1.94333 0 0 0 0
1.95 0 0 0 0
1.95667 0 0 0 0
1.96333 0 0 0 0
1.97 0 0 0 0
1.97667 0 0 0 0
1.98333 0 0 0 0
1.99 0 0 0 0
1.99667 0 0 0 0
