0.00333333 1 6 79 4
0.01 3 10 84 5
0.0166667 0 12 85 1
0.0233333 3 16 84 4
0.03 3 11 94 2
0.0366667 0 21 107 5
0.0433333 2 27 107 10
0.05 5 22 120 8
0.0566667 7 26 130 24
0.0633333 4 29 135 15
0.07 5 42 166 12
0.0766667 10 26 156 13
0.0833333 9 31 163 12
0.09 8 32 188 10
0.0966667 4 20 143 24
0.103333 1 24 152 15
0.11 6 40 144 20
0.116667 6 38 185 22
0.123333 7 28 184 15
0.13 0 33 170 18
0.136667 5 23 188 8
0.143333 8 26 183 14
0.15 2 21 167 4
0.156667 5 24 170 12
0.163333 0 30 196 10
0.17 9 20 189 10
0.176667 5 21 183 10
0.183333 4 35 236 11
0.19 6 18 303 7
0.196667 2 20 279 7
0.203333 2 22 237 6
0.21 1 24 244 10
0.216667 5 19 224 11
0.223333 7 15 174 7
0.23 2 15 198 9
0.236667 9 19 184 10
0.243333 9 17 169 5
0.25 4 20 156 2
0.256667 3 17 139 8
0.263333 4 17 147 8
0.27 2 11 149 4
0.276667 5 9 148 6
0.283333 7 15 127 11
0.29 3 14 122 9
0.296667 5 20 104 4
0.303333 1 16 115 7
0.31 5 19 114 7
0.316667 2 19 110 3
0.323333 2 14 117 6
0.33 1 18 107 4
0.336667 3 15 101 8
0.343333 3 13 109 7
0.35 5 6 118 10
0.356667 5 9 130 5
0.363333 5 6 105 12
0.37 2 17 104 6
0.376667 2 10 91 7
0.383333 1 7 106 5
0.39 0 13 70 6
0.396667 2 13 101 4
0.403333 4 12 101 9
0.41 4 9 103 0
0.416667 3 14 90 4
0.423333 3 10 100 8
0.43 4 7 96 8
0.436667 0 10 100 3
0.443333 1 12 97 6
0.45 3 11 88 9
0.456667 2 14 90 10
0.463333 1 6 108 3
0.47 5 11 92 4
0.476667 0 7 81 4
0.483333 1 6 48 3
0.49 1 4 46 4
0.496667 3 10 42 3
0.503333 2 3 27 3
0.51 1 8 33 4
0.516667 0 11 27 2
0.523333 2 6 24 1
0.53 1 2 10 6
0.536667 4 7 23 4
0.543333 2 3 17 2
0.55 1 6 14 4
0.556667 2 3 20 5
0.563333 2 3 12 6
0.57 1 11 17 2
0.576667 2 3 21 3
0.583333 1 9 18 6
0.59 0 7 16 2
0.596667 4 7 14 2
0.603333 1 3 12 4
0.61 2 2 9 0
0.616667 1 9 15 2
0.623333 0 9 11 3
0.63 1 6 16 3
0.636667 3 3 25 4
0.643333 3 9 8 1
0.65 0 10 13 3
0.656667 1 6 7 4
0.663333 35 198 5688 72
0.67 0 0 0 0
0.676667 0 0 0 0
0.683333 0 0 0 0
0.69 0 0 0 0
0.696667 0 0 0 0
0.703333 0 0 0 0
0.71 0 0 0 0
0.716667 0 0 0 0
0.723333 0 0 0 0
0.73 0 0 0 0
0.736667 0 0 0 0
0.743333 0 0 0 0
0.75 0 0 0 0
0.756667 0 0 0 0
0.763333 0 0 0 0
0.77 0 0 0 0
0.776667 0 0 0 0
0.783333 0 0 0 0
0.79 0 0 0 0
0.796667 0 0 0 0
0.803333 0 0 0 0
0.81 0 0 0 0
0.816667 0 0 0 0
0.823333 0 0 0 0
0.83 0 0 0 0
0.836667 0 0 0 0
0.843333 0 0 0 0
0.85 0 0 0 0
0.856667 0 0 0 0
0.863333 0 0 0 0
0.87 0 0 0 0
0.876667 0 0 0 0
0.883333 0 0 0 0
0.89 0 0 0 0
0.896667 0 0 0 0
0.903333 0 0 0 0
0.91 0 0 0 0
0.916667 0 0 0 0
0.923333 0 0 0 0
0.93 0 0 0 0
0.936667 0 0 0 0
0.943333 0 0 0 0
0.95 0 0 0 0
0.956667 0 0 0 0
0.963333 0 0 0 0
0.97 0 0 0 0
0.976667 0 0 0 0
0.983333 0 0 0 0
0.99 0 0 0 0
0.996667 0 0 0 0
1.00333 0 0 0 0
1.01 0 0 0 0
1.01667 0 0 0 0
1.02333 0 0 0 0
1.03 0 0 0 0
1.03667 0 0 0 0
1.04333 0 0 0 0
1.05 0 0 0 0
1.05667 0 0 0 0
1.06333 0 0 0 0
1.07 0 0 0 0
1.07667 0 0 0 0
1.08333 0 0 0 0
1.09 0 0 0 0
1.09667 0 0 0 0
1.10333 0 0 0 0
1.11 0 0 0 0
1.11667 0 0 0 0
1.12333 0 0 0 0
1.13 0 0 0 0
1.13667 0 0 0 0
1.14333 0 0 0 0
1.15 0 0 0 0
1.15667 0 0 0 0
1.16333 0 0 0 0
1.17 0 0 0 0
1.17667 0 0 0 0
1.18333 0 0 0 0
1.19 0 0 0 0
1.19667 0 0 0 0
1.20333 0 0 0 0
1.21 0 0 0 0
1.21667 0 0 0 0
1.22333 0 0 0 0
1.23 0 0 0 0
1.23667 0 0 0 0
1.24333 0 0 0 0
1.25 0 0 0 0
1.25667 0 0 0 0
1.26333 0 0 0 0
1.27 0 0 0 0
1.27667 0 0 0 0
1.28333 0 0 0 0
1.29 0 0 0 0
1.29667 0 0 0 0
1.30333 0 0 0 0
1.31 0 0 0 0
1.31667 0 0 0 0
1.32333 0 0 0 0
1.33 0 0 0 0
1.33667 0 0 0 0
1.34333 0 0 0 0
1.35 0 0 0 0
1.35667 0 0 0 0
1.36333 0 0 0 0
1.37 0 0 0 0
1.37667 0 0 0 0
1.38333 0 0 0 0
1.39 0 0 0 0
1.39667 0 0 0 0
1.40333 0 0 0 0
1.41 0 0 0 0
1.41667 0 0 0 0
1.42333 0 0 0 0
1.43 0 0 0 0
1.43667 0 0 0 0
1.44333 0 0 0 0
1.45 0 0 0 0
1.45667 0 0 0 0
1.46333 0 0 0 0
1.47 0 0 0 0
1.47667 0 0 0 0
1.48333 0 0 0 0
1.49 0 0 0 0
1.49667 0 0 0 0
1.50333 0 0 0 0
1.51 0 0 0 0
1.51667 0 0 0 0
1.52333 0 0 0 0
1.53 0 0 0 0
1.53667 0 0 0 0
1.54333 0 0 0 0
1.55 0 0 0 0
1.55667 0 0 0 0
1.56333 0 0 0 0
1.57 0 0 0 0
1.57667 0 0 0 0
1.58333 0 0 0 0
1.59 0 0 0 0
1.59667 0 0 0 0
1.60333 0 0 0 0
1.61 0 0 0 0
1.61667 0 0 0 0
1.62333 0 0 0 0
1.63 0 0 0 0
1.63667 0 0 0 0
1.64333 0 0 0 0
1.65 0 0 0 0
1.65667 0 0 0 0
1.66333 0 0 0 0
1.67 0 0 0 0
1.67667 0 0 0 0
1.68333 0 0 0 0
1.69 0 0 0 0
1.69667 0 0 0 0
1.70333 0 0 0 0
1.71 0 0 0 0
1.71667 0 0 0 0
1.72333 0 0 0 0
1.73 0 0 0 0
1.73667 0 0 0 0
1.74333 0 0 0 0
1.75 0 0 0 0
1.75667 0 0 0 0
1.76333 0 0 0 0
1.77 0 0 0 0
1.77667 0 0 0 0
1.78333 0 0 0 0
1.79 0 0 0 0
1.79667 0 0 0 0
1.80333 0 0 0 0
1.81 0 0 0 0
1.81667 0 0 0 0
1.82333 0 0 0 0
1.83 0 0 0 0
1.83667 0 0 0 0
1.84333 0 0 0 0
1.85 0 0 0 0
1.85667 0 0 0 0
1.86333 0 0 0 0
1.87 0 0 0 0
1.87667 0 0 0 0
1.88333 0 0 0 0
1.89 0 0 0 0
1.89667 0 0 0 0
1.90333 0 0 0 0
1.91 0 0 0 0
1.91667 0 0 0 0
1.92333 0 0 0 0
1.93 0 0 0 0
1.93667 0 0 0 0
1.94333 0 0 0 0
1.95 0 0 0 0
1.95667 0 0 0 0
1.96333 0 0 0 0
1.97 0 0 0 0
1.97667 0 0 0 0
1.98333 0 0 0 0
1.99 0 0 0 0
1.99667 0 0 0 0
