0.00333333 95 28 0 0
0.01 87 24 0 0
0.0166667 110 17 0 2
0.0233333 81 24 1 1
0.03 91 32 0 0
0.0366667 102 41 0 0
0.0433333 108 45 1 0
0.05 136 33 2 1
0.0566667 116 50 1 2
0.0633333 116 35 1 0
0.07 129 41 5 0
0.0766667 148 32 5 4
0.0833333 176 48 1 1
0.09 162 55 2 0
0.0966667 156 63 0 2
0.103333 165 40 2 0
0.11 136 46 1 1
0.116667 160 53 0 1
0.123333 173 52 1 3
0.13 185 56 0 2
0.136667 181 56 0 0
0.143333 161 60 2 1
0.15 179 48 1 1
0.156667 167 45 1 2
0.163333 156 50 1 1
0.17 164 57 1 3
0.176667 177 50 1 0
0.183333 186 44 0 1
0.19 227 61 2 5
0.196667 200 70 1 0
0.203333 183 71 1 2
0.21 245 63 1 0
0.216667 203 57 1 0
0.223333 216 60 2 3
0.23 179 49 1 2
0.236667 186 41 0 2
0.243333 194 50 1 1
0.25 157 60 1 3
0.256667 162 56 0 1
0.263333 158 58 3 4
0.27 137 44 0 1
0.276667 152 46 1 3
0.283333 151 43 0 3
0.29 137 41 0 4
0.296667 136 53 0 0
0.303333 116 36 2 0
0.31 138 40 1 3
0.316667 138 28 1 1
0.323333 124 35 0 2
0.33 130 35 0 2
0.336667 111 35 0 2
0.343333 130 34 1 3
0.35 123 28 2 2
0.356667 129 38 0 5
0.363333 113 32 0 3
0.37 106 26 0 0
0.376667 124 36 2 1
0.383333 99 37 0 2
0.39 132 49 0 2
0.396667 100 33 1 3
0.403333 99 29 3 1
0.41 104 32 0 3
0.416667 125 43 0 3
0.423333 105 23 0 1
0.43 99 33 0 1
0.436667 118 36 1 3
0.443333 110 36 0 2
0.45 123 34 0 3
0.456667 123 19 0 3
0.463333 99 33 1 3
0.47 100 54 0 2
0.476667 108 35 0 1
0.483333 53 23 0 1
0.49 63 16 0 1
0.496667 64 21 1 1
0.503333 46 17 0 1
0.51 55 13 0 2
0.516667 48 17 0 0
0.523333 51 17 0 1
0.53 36 15 1 2
0.536667 43 17 1 1
0.543333 43 16 1 1
0.55 33 9 0 0
0.556667 40 11 0 0
0.563333 38 12 1 0
0.57 42 18 0 0
0.576667 46 15 0 0
0.583333 34 19 0 0
0.59 39 14 1 1
0.596667 37 10 0 1
0.603333 33 9 0 1
0.61 36 7 0 0
0.616667 33 13 0 0
0.623333 37 14 0 1
0.63 25 13 0 0
0.636667 60 11 0 3
0.643333 27 12 0 1
0.65 24 7 0 1
0.656667 31 8 0 2
0.663333 4945 1478 5 60
0.67 0 0 0 0
0.676667 0 0 0 0
0.683333 0 0 0 0
0.69 0 0 0 0
0.696667 0 0 0 0
0.703333 0 0 0 0
0.71 0 0 0 0
0.716667 0 0 0 0
0.723333 0 0 0 0
0.73 0 0 0 0
0.736667 0 0 0 0
0.743333 0 0 0 0
0.75 0 0 0 0
0.756667 0 0 0 0
0.763333 0 0 0 0
0.77 0 0 0 0
0.776667 0 0 0 0
0.783333 0 0 0 0
0.79 0 0 0 0
0.796667 0 0 0 0
0.803333 0 0 0 0
0.81 0 0 0 0
0.816667 0 0 0 0
0.823333 0 0 0 0
0.83 0 0 0 0
0.836667 0 0 0 0
0.843333 0 0 0 0
0.85 0 0 0 0
0.856667 0 0 0 0
0.863333 0 0 0 0
0.87 0 0 0 0
0.876667 0 0 0 0
0.883333 0 0 0 0
0.89 0 0 0 0
0.896667 0 0 0 0
0.903333 0 0 0 0
0.91 0 0 0 0
0.916667 0 0 0 0
0.923333 0 0 0 0
0.93 0 0 0 0
0.936667 0 0 0 0
0.943333 0 0 0 0
0.95 0 0 0 0
0.956667 0 0 0 0
0.963333 0 0 0 0
0.97 0 0 0 0
0.976667 0 0 0 0
0.983333 0 0 0 0
0.99 0 0 0 0
0.996667 0 0 0 0
1.00333 0 0 0 0
1.01 0 0 0 0
1.01667 0 0 0 0
1.02333 0 0 0 0
1.03 0 0 0 0
1.03667 0 0 0 0
1.04333 0 0 0 0
1.05 0 0 0 0
1.05667 0 0 0 0
1.06333 0 0 0 0
1.07 0 0 0 0
1.07667 0 0 0 0
1.08333 0 0 0 0
1.09 0 0 0 0
1.09667 0 0 0 0
1.10333 0 0 0 0
1.11 0 0 0 0
1.11667 0 0 0 0
1.12333 0 0 0 0
1.13 0 0 0 0
1.13667 0 0 0 0
1.14333 0 0 0 0
1.15 0 0 0 0
1.15667 0 0 0 0
1.16333 0 0 0 0
1.17 0 0 0 0
1.17667 0 0 0 0
1.18333 0 0 0 0
1.19 0 0 0 0
1.19667 0 0 0 0
1.20333 0 0 0 0
1.21 0 0 0 0
1.21667 0 0 0 0
1.22333 0 0 0 0
1.23 0 0 0 0
1.23667 0 0 0 0
1.24333 0 0 0 0
1.25 0 0 0 0
1.25667 0 0 0 0
1.26333 0 0 0 0
1.27 0 0 0 0
1.27667 0 0 0 0
1.28333 0 0 0 0
1.29 0 0 0 0
1.29667 0 0 0 0
1.30333 0 0 0 0
1.31 0 0 0 0
1.31667 0 0 0 0
1.32333 0 0 0 0
1.33 0 0 0 0
1.33667 0 0 0 0
1.34333 0 0 0 0
1.35 0 0 0 0
1.35667 0 0 0 0
1.36333 0 0 0 0
1.37 0 0 0 0
1.37667 0 0 0 0
1.38333 0 0 0 0
1.39 0 0 0 0
1.39667 0 0 0 0
1.40333 0 0 0 0
1.41 0 0 0 0
1.41667 0 0 0 0
1.42333 0 0 0 0
1.43 0 0 0 0
1.43667 0 0 0 0
1.44333 0 0 0 0
1.45 0 0 0 0
1.45667 0 0 0 0
1.46333 0 0 0 0
1.47 0 0 0 0
1.47667 0 0 0 0
1.48333 0 0 0 0
1.49 0 0 0 0
1.49667 0 0 0 0
1.50333 0 0 0 0
1.51 0 0 0 0
1.51667 0 0 0 0
1.52333 0 0 0 0
1.53 0 0 0 0
1.53667 0 0 0 0
1.54333 0 0 0 0
1.55 0 0 0 0
1.55667 0 0 0 0
1.56333 0 0 0 0
1.57 0 0 0 0
1.57667 0 0 0 0
1.58333 0 0 0 0
1.59 0 0 0 0
1.59667 0 0 0 0
1.60333 0 0 0 0
1.61 0 0 0 0
1.61667 0 0 0 0
1.62333 0 0 0 0
1.63 0 0 0 0
1.63667 0 0 0 0
1.64333 0 0 0 0
1.65 0 0 0 0
1.65667 0 0 0 0
1.66333 0 0 0 0
1.67 0 0 0 0
1.67667 0 0 0 0
1.68333 0 0 0 0
1.69 0 0 0 0
1.69667 0 0 0 0
1.70333 0 0 0 0
1.71 0 0 0 0
1.71667 0 0 0 0
1.72333 0 0 0 0
1.73 0 0 0 0
1.73667 0 0 0 0
1.74333 0 0 0 0
1.75 0 0 0 0
1.75667 0 0 0 0
1.76333 0 0 0 0
1.77 0 0 0 0
1.77667 0 0 0 0
1.78333 0 0 0 0
1.79 0 0 0 0
1.79667 0 0 0 0
1.80333 0 0 0 0
1.81 0 0 0 0
1.81667 0 0 0 0
1.82333 0 0 0 0
1.83 0 0 0 0
1.83667 0 0 0 0
1.84333 0 0 0 0
1.85 0 0 0 0
1.85667 0 0 0 0
1.86333 0 0 0 0
1.87 0 0 0 0
1.87667 0 0 0 0
1.88333 0 0 0 0
1.89 0 0 0 0
1.89667 0 0 0 0
1.90333 0 0 0 0
1.91 0 0 0 0
1.91667 0 0 0 0
1.92333 0 0 0 0
1.93 0 0 0 0
1.93667 0 0 0 0
1.94333 0 0 0 0
1.95 0 0 0 0
1.95667 0 0 0 0
1.96333 0 0 0 0
1.97 0 0 0 0
1.97667 0 0 0 0
1.98333 0 0 0 0
1.99 0 0 0 0
1.99667 0 0 0 0
