0.00333333 8 17 17 1
0.01 11 25 20 2
0.0166667 8 32 12 3
0.0233333 14 32 11 2
0.03 24 47 17 0
0.0366667 23 36 13 5
0.0433333 28 52 21 2
0.05 40 91 25 3
0.0566667 41 89 32 3
0.0633333 33 99 30 4
0.07 29 97 38 7
0.0766667 39 91 38 6
0.0833333 43 96 43 9
0.09 35 71 31 9
0.0966667 25 83 44 4
0.103333 43 75 37 6
0.11 58 79 43 9
0.116667 37 83 45 9
0.123333 40 85 35 8
0.13 30 101 38 3
0.136667 39 81 32 2
0.143333 31 84 28 3
0.15 30 62 27 8
0.156667 26 70 28 4
0.163333 34 58 30 8
0.17 34 66 26 6
0.176667 26 67 34 3
0.183333 30 69 37 7
0.19 30 64 46 4
0.196667 25 58 43 4
0.203333 19 46 46 3
0.21 27 36 26 7
0.216667 21 57 33 6
0.223333 18 39 33 2
0.23 23 52 27 7
0.236667 18 49 26 4
0.243333 13 40 24 4
0.25 20 38 14 3
0.256667 17 33 29 4
0.263333 20 44 30 2
0.27 14 49 24 3
0.276667 17 56 26 2
0.283333 27 53 19 4
0.29 15 39 17 3
0.296667 13 41 15 3
0.303333 13 36 20 6
0.31 19 38 18 1
0.316667 14 28 18 2
0.323333 15 37 15 0
0.33 23 35 22 2
0.336667 10 29 21 1
0.343333 17 37 21 3
0.35 15 40 22 3
0.356667 15 36 15 2
0.363333 13 39 15 6
0.37 15 31 15 2
0.376667 15 25 19 1
0.383333 18 31 16 9
0.39 15 34 16 1
0.396667 19 25 14 0
0.403333 13 35 12 2
0.41 13 22 19 0
0.416667 20 18 8 3
0.423333 10 25 14 2
0.43 14 23 19 3
0.436667 16 32 10 3
0.443333 9 19 25 0
0.45 10 28 15 3
0.456667 12 21 20 1
0.463333 13 27 16 1
0.47 12 13 18 1
0.476667 10 26 12 1
0.483333 8 18 15 2
0.49 15 24 7 2
0.496667 11 14 7 3
0.503333 4 18 10 1
0.51 13 25 7 2
0.516667 6 15 10 2
0.523333 9 14 6 2
0.53 3 11 4 0
0.536667 4 11 12 0
0.543333 6 15 6 1
0.55 8 15 6 1
0.556667 3 4 6 1
0.563333 6 16 6 0
0.57 2 6 14 3
0.576667 5 13 10 3
0.583333 6 9 12 3
0.59 7 13 10 1
0.596667 8 8 10 0
0.603333 6 8 6 0
0.61 6 11 10 2
0.616667 9 15 6 2
0.623333 5 20 14 0
0.63 8 13 11 0
0.636667 5 15 16 2
0.643333 4 16 4 2
0.65 4 15 4 2
0.656667 4 14 6 1
0.663333 195 409 428 27
0.67 0 0 0 0
0.676667 0 0 0 0
0.683333 0 0 0 0
0.69 0 0 0 0
0.696667 0 0 0 0
0.703333 0 0 0 0
0.71 0 0 0 0
0.716667 0 0 0 0
0.723333 0 0 0 0
0.73 0 0 0 0
0.736667 0 0 0 0
0.743333 0 0 0 0
0.75 0 0 0 0
0.756667 0 0 0 0
0.763333 0 0 0 0
0.77 0 0 0 0
0.776667 0 0 0 0
0.783333 0 0 0 0
0.79 0 0 0 0
0.796667 0 0 0 0
0.803333 0 0 0 0
0.81 0 0 0 0
0.816667 0 0 0 0
0.823333 0 0 0 0
0.83 0 0 0 0
0.836667 0 0 0 0
0.843333 0 0 0 0
0.85 0 0 0 0
0.856667 0 0 0 0
0.863333 0 0 0 0
0.87 0 0 0 0
0.876667 0 0 0 0
0.883333 0 0 0 0
0.89 0 0 0 0
0.896667 0 0 0 0
0.903333 0 0 0 0
0.91 0 0 0 0
0.916667 0 0 0 0
0.923333 0 0 0 0
0.93 0 0 0 0
0.936667 0 0 0 0
0.943333 0 0 0 0
0.95 0 0 0 0
0.956667 0 0 0 0
0.963333 0 0 0 0
0.97 0 0 0 0
0.976667 0 0 0 0
0.983333 0 0 0 0
0.99 0 0 0 0
0.996667 0 0 0 0
1.00333 0 0 0 0
1.01 0 0 0 0
1.01667 0 0 0 0
1.02333 0 0 0 0
1.03 0 0 0 0
1.03667 0 0 0 0
1.04333 0 0 0 0
1.05 0 0 0 0
1.05667 0 0 0 0
1.06333 0 0 0 0
1.07 0 0 0 0
1.07667 0 0 0 0
1.08333 0 0 0 0
1.09 0 0 0 0
1.09667 0 0 0 0
1.10333 0 0 0 0
1.11 0 0 0 0
1.11667 0 0 0 0
1.12333 0 0 0 0
1.13 0 0 0 0
1.13667 0 0 0 0
1.14333 0 0 0 0
1.15 0 0 0 0
1.15667 0 0 0 0
1.16333 0 0 0 0
1.17 0 0 0 0
1.17667 0 0 0 0
1.18333 0 0 0 0
1.19 0 0 0 0
1.19667 0 0 0 0
1.20333 0 0 0 0
1.21 0 0 0 0
1.21667 0 0 0 0
1.22333 0 0 0 0
1.23 0 0 0 0
1.23667 0 0 0 0
1.24333 0 0 0 0
1.25 0 0 0 0
1.25667 0 0 0 0
1.26333 0 0 0 0
1.27 0 0 0 0
1.27667 0 0 0 0
1.28333 0 0 0 0
1.29 0 0 0 0
1.29667 0 0 0 0
1.30333 0 0 0 0
1.31 0 0 0 0
1.31667 0 0 0 0
1.32333 0 0 0 0
1.33 0 0 0 0
1.33667 0 0 0 0
1.34333 0 0 0 0
1.35 0 0 0 0
1.35667 0 0 0 0
1.36333 0 0 0 0
1.37 0 0 0 0
1.37667 0 0 0 0
1.38333 0 0 0 0
1.39 0 0 0 0
1.39667 0 0 0 0
1.40333 0 0 0 0
1.41 0 0 0 0
1.41667 0 0 0 0
1.42333 0 0 0 0
1.43 0 0 0 0
1.43667 0 0 0 0
1.44333 0 0 0 0
1.45 0 0 0 0
1.45667 0 0 0 0
1.46333 0 0 0 0
1.47 0 0 0 0
1.47667 0 0 0 0
1.48333 0 0 0 0
1.49 0 0 0 0
1.49667 0 0 0 0
1.50333 0 0 0 0
1.51 0 0 0 0
1.51667 0 0 0 0
1.52333 0 0 0 0
1.53 0 0 0 0
1.53667 0 0 0 0
1.54333 0 0 0 0
1.55 0 0 0 0
1.55667 0 0 0 0
1.56333 0 0 0 0
1.57 0 0 0 0
1.57667 0 0 0 0
1.58333 0 0 0 0
1.59 0 0 0 0
1.59667 0 0 0 0
1.60333 0 0 0 0
1.61 0 0 0 0
1.61667 0 0 0 0
1.62333 0 0 0 0
1.63 0 0 0 0
1.63667 0 0 0 0
1.64333 0 0 0 0
1.65 0 0 0 0
1.65667 0 0 0 0
1.66333 0 0 0 0
1.67 0 0 0 0
1.67667 0 0 0 0
1.68333 0 0 0 0
1.69 0 0 0 0
1.69667 0 0 0 0
1.70333 0 0 0 0
1.71 0 0 0 0
1.71667 0 0 0 0
1.72333 0 0 0 0
1.73 0 0 0 0
1.73667 0 0 0 0
1.74333 0 0 0 0
1.75 0 0 0 0
1.75667 0 0 0 0
1.76333 0 0 0 0
1.77 0 0 0 0
1.77667 0 0 0 0
1.78333 0 0 0 0
1.79 0 0 0 0
1.79667 0 0 0 0
1.80333 0 0 0 0
1.81 0 0 0 0
1.81667 0 0 0 0
1.82333 0 0 0 0
1.83 0 0 0 0
1.83667 0 0 0 0
1.84333 0 0 0 0
1.85 0 0 0 0
1.85667 0 0 0 0
1.86333 0 0 0 0
1.87 0 0 0 0
1.87667 0 0 0 0
1.88333 0 0 0 0
1.89 0 0 0 0
1.89667 0 0 0 0
1.90333 0 0 0 0
1.91 0 0 0 0
1.91667 0 0 0 0
1.92333 0 0 0 0
1.93 0 0 0 0
1.93667 0 0 0 0
1.94333 0 0 0 0
1.95 0 0 0 0
1.95667 0 0 0 0
1.96333 0 0 0 0
1.97 0 0 0 0
1.97667 0 0 0 0
1.98333 0 0 0 0
1.99 0 0 0 0
1.99667 0 0 0 0
