0.00333333 12 72 6 0
0.01 15 72 6 1
0.0166667 16 81 4 0
0.0233333 13 77 7 0
0.03 16 86 4 1
0.0366667 31 94 5 0
0.0433333 28 121 7 1
0.05 30 123 3 0
0.0566667 49 131 6 2
0.0633333 52 132 11 1
0.07 38 128 9 0
0.0766667 58 138 9 1
0.0833333 62 125 9 5
0.09 53 139 9 0
0.0966667 52 150 14 0
0.103333 51 137 7 0
0.11 50 136 16 0
0.116667 57 170 13 2
0.123333 42 150 7 2
0.13 35 140 4 1
0.136667 46 152 8 2
0.143333 37 142 9 2
0.15 32 161 3 2
0.156667 29 163 9 1
0.163333 45 155 7 1
0.17 40 166 2 0
0.176667 30 136 6 0
0.183333 33 200 9 1
0.19 29 265 11 2
0.196667 40 225 10 1
0.203333 23 212 8 1
0.21 30 190 14 0
0.216667 41 182 5 2
0.223333 24 167 12 0
0.23 46 153 6 1
0.236667 35 163 13 0
0.243333 17 144 12 0
0.25 29 159 11 0
0.256667 23 146 8 1
0.263333 33 139 5 0
0.27 31 107 7 0
0.276667 19 144 5 0
0.283333 22 105 6 1
0.29 25 110 3 0
0.296667 23 120 6 0
0.303333 16 117 4 1
0.31 22 138 5 0
0.316667 19 110 5 0
0.323333 21 95 6 1
0.33 16 96 6 1
0.336667 20 99 5 0
0.343333 24 105 7 1
0.35 16 89 5 0
0.356667 14 107 8 0
0.363333 18 95 8 0
0.37 17 79 1 0
0.376667 21 100 8 0
0.383333 14 81 4 1
0.39 11 90 7 0
0.396667 17 92 4 1
0.403333 12 89 3 0
0.41 21 90 6 0
0.416667 19 96 3 2
0.423333 18 90 8 0
0.43 15 82 12 0
0.436667 15 98 7 0
0.443333 14 81 7 0
0.45 19 91 5 0
0.456667 22 106 5 1
0.463333 23 95 7 0
0.47 11 99 8 0
0.476667 18 65 7 0
0.483333 11 46 2 0
0.49 14 41 3 0
0.496667 12 27 4 0
0.503333 10 39 2 0
0.51 10 33 3 2
0.516667 12 31 5 0
0.523333 1 19 4 0
0.53 11 12 6 2
0.536667 7 18 2 1
0.543333 11 20 1 0
0.55 9 14 3 0
0.556667 8 21 0 0
0.563333 10 18 6 0
0.57 8 17 3 0
0.576667 20 13 2 0
0.583333 14 12 4 0
0.59 10 11 3 0
0.596667 8 9 5 0
0.603333 11 14 3 0
0.61 11 9 6 0
0.616667 11 14 1 0
0.623333 15 11 3 0
0.63 12 7 0 0
0.636667 13 19 3 0
0.643333 9 9 3 0
0.65 12 9 4 1
0.656667 8 15 6 0
0.663333 347 5371 267 7
0.67 0 0 0 0
0.676667 0 0 0 0
0.683333 0 0 0 0
0.69 0 0 0 0
0.696667 0 0 0 0
0.703333 0 0 0 0
0.71 0 0 0 0
0.716667 0 0 0 0
0.723333 0 0 0 0
0.73 0 0 0 0
0.736667 0 0 0 0
0.743333 0 0 0 0
0.75 0 0 0 0
0.756667 0 0 0 0
0.763333 0 0 0 0
0.77 0 0 0 0
0.776667 0 0 0 0
0.783333 0 0 0 0
0.79 0 0 0 0
0.796667 0 0 0 0
0.803333 0 0 0 0
0.81 0 0 0 0
0.816667 0 0 0 0
0.823333 0 0 0 0
0.83 0 0 0 0
0.836667 0 0 0 0
0.843333 0 0 0 0
0.85 0 0 0 0
0.856667 0 0 0 0
0.863333 0 0 0 0
0.87 0 0 0 0
0.876667 0 0 0 0
0.883333 0 0 0 0
0.89 0 0 0 0
0.896667 0 0 0 0
0.903333 0 0 0 0
0.91 0 0 0 0
0.916667 0 0 0 0
0.923333 0 0 0 0
0.93 0 0 0 0
0.936667 0 0 0 0
0.943333 0 0 0 0
0.95 0 0 0 0
0.956667 0 0 0 0
0.963333 0 0 0 0
0.97 0 0 0 0
0.976667 0 0 0 0
0.983333 0 0 0 0
0.99 0 0 0 0
0.996667 0 0 0 0
1.00333 0 0 0 0
1.01 0 0 0 0
1.01667 0 0 0 0
1.02333 0 0 0 0
1.03 0 0 0 0
1.03667 0 0 0 0
1.04333 0 0 0 0
1.05 0 0 0 0
1.05667 0 0 0 0
1.06333 0 0 0 0
1.07 0 0 0 0
1.07667 0 0 0 0
1.08333 0 0 0 0
1.09 0 0 0 0
1.09667 0 0 0 0
1.10333 0 0 0 0
1.11 0 0 0 0
1.11667 0 0 0 0
1.12333 0 0 0 0
1.13 0 0 0 0
1.13667 0 0 0 0
1.14333 0 0 0 0
1.15 0 0 0 0
1.15667 0 0 0 0
1.16333 0 0 0 0
1.17 0 0 0 0
1.17667 0 0 0 0
1.18333 0 0 0 0
1.19 0 0 0 0
1.19667 0 0 0 0
1.20333 0 0 0 0
1.21 0 0 0 0
1.21667 0 0 0 0
1.22333 0 0 0 0
1.23 0 0 0 0
1.23667 0 0 0 0
1.24333 0 0 0 0
1.25 0 0 0 0
1.25667 0 0 0 0
1.26333 0 0 0 0
1.27 0 0 0 0
1.27667 0 0 0 0
1.28333 0 0 0 0
1.29 0 0 0 0
1.29667 0 0 0 0
1.30333 0 0 0 0
1.31 0 0 0 0
1.31667 0 0 0 0
1.32333 0 0 0 0
1.33 0 0 0 0
1.33667 0 0 0 0
1.34333 0 0 0 0
1.35 0 0 0 0
1.35667 0 0 0 0
1.36333 0 0 0 0
1.37 0 0 0 0
1.37667 0 0 0 0
1.38333 0 0 0 0
1.39 0 0 0 0
1.39667 0 0 0 0
1.40333 0 0 0 0
1.41 0 0 0 0
1.41667 0 0 0 0
1.42333 0 0 0 0
1.43 0 0 0 0
1.43667 0 0 0 0
1.44333 0 0 0 0
1.45 0 0 0 0
1.45667 0 0 0 0
1.46333 0 0 0 0
1.47 0 0 0 0
1.47667 0 0 0 0
1.48333 0 0 0 0
1.49 0 0 0 0
1.49667 0 0 0 0
1.50333 0 0 0 0
1.51 0 0 0 0
1.51667 0 0 0 0
1.52333 0 0 0 0
1.53 0 0 0 0
1.53667 0 0 0 0
1.54333 0 0 0 0
1.55 0 0 0 0
1.55667 0 0 0 0
1.56333 0 0 0 0
1.57 0 0 0 0
1.57667 0 0 0 0
1.58333 0 0 0 0
1.59 0 0 0 0
1.59667 0 0 0 0
1.60333 0 0 0 0
1.61 0 0 0 0
1.61667 0 0 0 0
1.62333 0 0 0 0
1.63 0 0 0 0
1.63667 0 0 0 0
1.64333 0 0 0 0
1.65 0 0 0 0
1.65667 0 0 0 0
1.66333 0 0 0 0
1.67 0 0 0 0
1.67667 0 0 0 0
1.68333 0 0 0 0
1.69 0 0 0 0
1.69667 0 0 0 0
1.70333 0 0 0 0
1.71 0 0 0 0
1.71667 0 0 0 0
1.72333 0 0 0 0
1.73 0 0 0 0
1.73667 0 0 0 0
1.74333 0 0 0 0
1.75 0 0 0 0
1.75667 0 0 0 0
1.76333 0 0 0 0
1.77 0 0 0 0
1.77667 0 0 0 0
1.78333 0 0 0 0
1.79 0 0 0 0
1.79667 0 0 0 0
1.80333 0 0 0 0
1.81 0 0 0 0
1.81667 0 0 0 0
1.82333 0 0 0 0
1.83 0 0 0 0
1.83667 0 0 0 0
1.84333 0 0 0 0
1.85 0 0 0 0
1.85667 0 0 0 0
1.86333 0 0 0 0
1.87 0 0 0 0
1.87667 0 0 0 0
1.88333 0 0 0 0
1.89 0 0 0 0
1.89667 0 0 0 0
1.90333 0 0 0 0
1.91 0 0 0 0
1.91667 0 0 0 0
1.92333 0 0 0 0
1.93 0 0 0 0
1.93667 0 0 0 0
1.94333 0 0 0 0
1.95 0 0 0 0
1.95667 0 0 0 0
1.96333 0 0 0 0
1.97 0 0 0 0
1.97667 0 0 0 0
1.98333 0 0 0 0
1.99 0 0 0 0
1.99667 0 0 0 0
