0.00333333 2 7 60 28
0.01 5 10 62 43
0.0166667 3 12 61 33
0.0233333 6 12 74 32
0.03 4 8 94 50
0.0366667 2 9 95 53
0.0433333 5 11 138 56
0.05 3 25 194 106
0.0566667 9 29 188 98
0.0633333 8 22 248 117
0.07 8 28 218 143
0.0766667 7 33 258 124
0.0833333 3 25 239 140
0.09 3 27 285 130
0.0966667 8 27 256 130
0.103333 8 40 270 141
0.11 7 37 251 127
0.116667 5 31 216 120
0.123333 8 22 228 122
0.13 11 29 245 111
0.136667 3 25 244 106
0.143333 7 34 230 110
0.15 4 33 180 86
0.156667 11 27 194 99
0.163333 8 26 181 98
0.17 5 29 174 80
0.176667 2 18 174 82
0.183333 7 35 167 81
0.19 5 19 172 95
0.196667 6 38 160 87
0.203333 3 18 164 90
0.21 7 24 177 81
0.216667 5 22 148 72
0.223333 4 13 160 66
0.23 4 18 156 73
0.236667 1 12 136 81
0.243333 4 20 142 64
0.25 4 17 127 80
0.256667 4 17 116 52
0.263333 2 23 104 61
0.27 4 16 114 78
0.276667 5 8 94 57
0.283333 2 19 128 58
0.29 0 16 110 65
0.296667 5 13 100 58
0.303333 4 7 76 49
0.31 5 13 99 38
0.316667 4 14 102 48
0.323333 5 16 110 50
0.33 0 9 69 36
0.336667 3 5 93 39
0.343333 3 8 76 45
0.35 1 9 87 38
0.356667 0 14 63 38
0.363333 2 16 88 37
0.37 1 13 77 36
0.376667 1 12 77 36
0.383333 2 10 66 47
0.39 2 13 70 29
0.396667 1 13 62 30
0.403333 4 16 58 35
0.41 2 12 56 39
0.416667 2 9 72 30
0.423333 0 12 68 33
0.43 4 12 78 34
0.436667 3 17 54 35
0.443333 1 5 73 38
0.45 2 6 47 25
0.456667 1 12 72 45
0.463333 4 10 61 35
0.47 2 11 63 41
0.476667 0 6 63 34
0.483333 2 11 36 33
0.49 1 9 40 29
0.496667 4 6 36 21
0.503333 2 7 43 37
0.51 2 8 28 20
0.516667 1 7 40 20
0.523333 1 4 41 18
0.53 0 7 34 15
0.536667 2 3 27 16
0.543333 2 7 28 23
0.55 0 6 36 25
0.556667 3 3 34 17
0.563333 1 6 28 22
0.57 1 5 23 22
0.576667 2 5 24 19
0.583333 1 7 29 23
0.59 5 4 31 15
0.596667 0 5 37 21
0.603333 2 5 35 21
0.61 2 4 30 16
0.616667 1 3 35 9
0.623333 2 5 24 17
0.63 0 6 39 19
0.636667 1 10 35 15
0.643333 0 6 23 14
0.65 1 4 25 16
0.656667 2 6 30 19
0.663333 32 189 1787 756
0.67 0 0 0 0
0.676667 0 0 0 0
0.683333 0 0 0 0
0.69 0 0 0 0
0.696667 0 0 0 0
0.703333 0 0 0 0
0.71 0 0 0 0
0.716667 0 0 0 0
0.723333 0 0 0 0
0.73 0 0 0 0
0.736667 0 0 0 0
0.743333 0 0 0 0
0.75 0 0 0 0
0.756667 0 0 0 0
0.763333 0 0 0 0
0.77 0 0 0 0
0.776667 0 0 0 0
0.783333 0 0 0 0
0.79 0 0 0 0
0.796667 0 0 0 0
0.803333 0 0 0 0
0.81 0 0 0 0
0.816667 0 0 0 0
0.823333 0 0 0 0
0.83 0 0 0 0
0.836667 0 0 0 0
0.843333 0 0 0 0
0.85 0 0 0 0
0.856667 0 0 0 0
0.863333 0 0 0 0
0.87 0 0 0 0
0.876667 0 0 0 0
0.883333 0 0 0 0
0.89 0 0 0 0
0.896667 0 0 0 0
0.903333 0 0 0 0
0.91 0 0 0 0
0.916667 0 0 0 0
0.923333 0 0 0 0
0.93 0 0 0 0
0.936667 0 0 0 0
0.943333 0 0 0 0
0.95 0 0 0 0
0.956667 0 0 0 0
0.963333 0 0 0 0
0.97 0 0 0 0
0.976667 0 0 0 0
0.983333 0 0 0 0
0.99 0 0 0 0
0.996667 0 0 0 0
1.00333 0 0 0 0
1.01 0 0 0 0
1.01667 0 0 0 0
1.02333 0 0 0 0
1.03 0 0 0 0
1.03667 0 0 0 0
1.04333 0 0 0 0
1.05 0 0 0 0
1.05667 0 0 0 0
1.06333 0 0 0 0
1.07 0 0 0 0
1.07667 0 0 0 0
1.08333 0 0 0 0
1.09 0 0 0 0
1.09667 0 0 0 0
1.10333 0 0 0 0
1.11 0 0 0 0
1.11667 0 0 0 0
1.12333 0 0 0 0
1.13 0 0 0 0
1.13667 0 0 0 0
1.14333 0 0 0 0
1.15 0 0 0 0
1.15667 0 0 0 0
1.16333 0 0 0 0
1.17 0 0 0 0
1.17667 0 0 0 0
1.18333 0 0 0 0
1.19 0 0 0 0
1.19667 0 0 0 0
1.20333 0 0 0 0
1.21 0 0 0 0
1.21667 0 0 0 0
1.22333 0 0 0 0
1.23 0 0 0 0
1.23667 0 0 0 0
1.24333 0 0 0 0
1.25 0 0 0 0
1.25667 0 0 0 0
1.26333 0 0 0 0
1.27 0 0 0 0
1.27667 0 0 0 0
1.28333 0 0 0 0
1.29 0 0 0 0
1.29667 0 0 0 0
1.30333 0 0 0 0
1.31 0 0 0 0
1.31667 0 0 0 0
1.32333 0 0 0 0
1.33 0 0 0 0
1.33667 0 0 0 0
1.34333 0 0 0 0
1.35 0 0 0 0
1.35667 0 0 0 0
1.36333 0 0 0 0
1.37 0 0 0 0
1.37667 0 0 0 0
1.38333 0 0 0 0
1.39 0 0 0 0
1.39667 0 0 0 0
1.40333 0 0 0 0
1.41 0 0 0 0
1.41667 0 0 0 0
1.42333 0 0 0 0
1.43 0 0 0 0
1.43667 0 0 0 0
1.44333 0 0 0 0
1.45 0 0 0 0
1.45667 0 0 0 0
1.46333 0 0 0 0
1.47 0 0 0 0
1.47667 0 0 0 0
1.48333 0 0 0 0
1.49 0 0 0 0
1.49667 0 0 0 0
1.50333 0 0 0 0
1.51 0 0 0 0
1.51667 0 0 0 0
1.52333 0 0 0 0
1.53 0 0 0 0
1.53667 0 0 0 0
1.54333 0 0 0 0
1.55 0 0 0 0
1.55667 0 0 0 0
1.56333 0 0 0 0
1.57 0 0 0 0
1.57667 0 0 0 0
1.58333 0 0 0 0
1.59 0 0 0 0
1.59667 0 0 0 0
1.60333 0 0 0 0
1.61 0 0 0 0
1.61667 0 0 0 0
1.62333 0 0 0 0
1.63 0 0 0 0
1.63667 0 0 0 0
1.64333 0 0 0 0
1.65 0 0 0 0
1.65667 0 0 0 0
1.66333 0 0 0 0
1.67 0 0 0 0
1.67667 0 0 0 0
1.68333 0 0 0 0
1.69 0 0 0 0
1.69667 0 0 0 0
1.70333 0 0 0 0
1.71 0 0 0 0
1.71667 0 0 0 0
1.72333 0 0 0 0
1.73 0 0 0 0
1.73667 0 0 0 0
1.74333 0 0 0 0
1.75 0 0 0 0
1.75667 0 0 0 0
1.76333 0 0 0 0
1.77 0 0 0 0
1.77667 0 0 0 0
1.78333 0 0 0 0
1.79 0 0 0 0
1.79667 0 0 0 0
1.80333 0 0 0 0
1.81 0 0 0 0
1.81667 0 0 0 0
1.82333 0 0 0 0
1.83 0 0 0 0
1.83667 0 0 0 0
1.84333 0 0 0 0
1.85 0 0 0 0
1.85667 0 0 0 0
1.86333 0 0 0 0
1.87 0 0 0 0
1.87667 0 0 0 0
1.88333 0 0 0 0
1.89 0 0 0 0
1.89667 0 0 0 0
1.90333 0 0 0 0
1.91 0 0 0 0
1.91667 0 0 0 0
1.92333 0 0 0 0
1.93 0 0 0 0
1.93667 0 0 0 0
1.94333 0 0 0 0
1.95 0 0 0 0
1.95667 0 0 0 0
1.96333 0 0 0 0
1.97 0 0 0 0
1.97667 0 0 0 0
1.98333 0 0 0 0
1.99 0 0 0 0
1.99667 0 0 0 0
