0.00333333 7 13 28 11
0.01 7 16 37 13
0.0166667 5 28 41 27
0.0233333 6 26 36 25
0.03 5 30 38 25
0.0366667 3 33 50 28
0.0433333 3 48 89 30
0.05 5 46 105 48
0.0566667 11 74 126 70
0.0633333 19 64 158 43
0.07 13 66 153 69
0.0766667 9 74 143 53
0.0833333 19 75 165 63
0.09 12 67 132 50
0.0966667 15 64 142 52
0.103333 11 66 128 49
0.11 15 71 139 55
0.116667 10 69 146 65
0.123333 12 55 112 60
0.13 14 55 109 61
0.136667 10 60 114 67
0.143333 12 64 102 57
0.15 17 59 84 46
0.156667 14 50 103 39
0.163333 11 47 94 46
0.17 11 56 90 51
0.176667 13 41 96 56
0.183333 12 60 93 57
0.19 19 70 93 51
0.196667 11 73 106 58
0.203333 9 45 84 49
0.21 8 55 91 38
0.216667 13 52 74 31
0.223333 4 50 80 43
0.23 12 55 80 38
0.236667 9 43 88 43
0.243333 4 46 67 30
0.25 7 39 77 34
0.256667 7 37 49 28
0.263333 6 38 67 29
0.27 9 36 67 34
0.276667 8 27 51 30
0.283333 4 37 60 27
0.29 4 30 60 20
0.296667 4 28 68 29
0.303333 4 25 41 32
0.31 12 27 33 26
0.316667 6 34 44 32
0.323333 10 32 50 35
0.33 7 30 43 27
0.336667 5 28 33 23
0.343333 10 20 57 31
0.35 6 31 59 33
0.356667 5 26 49 31
0.363333 10 29 27 20
0.37 5 26 46 19
0.376667 5 30 41 20
0.383333 6 34 28 16
0.39 3 24 46 23
0.396667 6 26 39 24
0.403333 8 33 28 20
0.41 2 21 29 17
0.416667 6 32 36 34
0.423333 4 25 40 22
0.43 8 29 35 15
0.436667 9 21 32 14
0.443333 5 27 41 26
0.45 4 20 36 21
0.456667 3 27 24 18
0.463333 6 28 42 21
0.47 3 16 39 18
0.476667 2 22 21 16
0.483333 7 18 29 12
0.49 1 20 23 14
0.496667 7 15 17 9
0.503333 5 16 22 12
0.51 3 11 31 13
0.516667 3 15 31 13
0.523333 4 14 23 13
0.53 6 12 18 9
0.536667 4 18 19 11
0.543333 1 12 24 12
0.55 2 15 17 10
0.556667 2 12 19 13
0.563333 4 7 16 16
0.57 3 16 16 9
0.576667 4 17 22 12
0.583333 4 13 16 16
0.59 3 13 22 15
0.596667 1 17 13 8
0.603333 6 7 15 12
0.61 2 13 13 11
0.616667 1 13 15 6
0.623333 5 18 7 8
0.63 3 11 14 9
0.636667 3 11 14 12
0.643333 3 16 13 6
0.65 4 12 13 8
0.656667 0 20 9 10
0.663333 122 651 667 494
0.67 0 0 0 0
0.676667 0 0 0 0
0.683333 0 0 0 0
0.69 0 0 0 0
0.696667 0 0 0 0
0.703333 0 0 0 0
0.71 0 0 0 0
0.716667 0 0 0 0
0.723333 0 0 0 0
0.73 0 0 0 0
0.736667 0 0 0 0
0.743333 0 0 0 0
0.75 0 0 0 0
0.756667 0 0 0 0
0.763333 0 0 0 0
0.77 0 0 0 0
0.776667 0 0 0 0
0.783333 0 0 0 0
0.79 0 0 0 0
0.796667 0 0 0 0
0.803333 0 0 0 0
0.81 0 0 0 0
0.816667 0 0 0 0
0.823333 0 0 0 0
0.83 0 0 0 0
0.836667 0 0 0 0
0.843333 0 0 0 0
0.85 0 0 0 0
0.856667 0 0 0 0
0.863333 0 0 0 0
0.87 0 0 0 0
0.876667 0 0 0 0
0.883333 0 0 0 0
0.89 0 0 0 0
0.896667 0 0 0 0
0.903333 0 0 0 0
0.91 0 0 0 0
0.916667 0 0 0 0
0.923333 0 0 0 0
0.93 0 0 0 0
0.936667 0 0 0 0
0.943333 0 0 0 0
0.95 0 0 0 0
0.956667 0 0 0 0
0.963333 0 0 0 0
0.97 0 0 0 0
0.976667 0 0 0 0
0.983333 0 0 0 0
0.99 0 0 0 0
0.996667 0 0 0 0
1.00333 0 0 0 0
1.01 0 0 0 0
1.01667 0 0 0 0
1.02333 0 0 0 0
1.03 0 0 0 0
1.03667 0 0 0 0
1.04333 0 0 0 0
1.05 0 0 0 0
1.05667 0 0 0 0
1.06333 0 0 0 0
1.07 0 0 0 0
1.07667 0 0 0 0
1.08333 0 0 0 0
1.09 0 0 0 0
1.09667 0 0 0 0
1.10333 0 0 0 0
1.11 0 0 0 0
1.11667 0 0 0 0
1.12333 0 0 0 0
1.13 0 0 0 0
1.13667 0 0 0 0
1.14333 0 0 0 0
1.15 0 0 0 0
1.15667 0 0 0 0
1.16333 0 0 0 0
1.17 0 0 0 0
1.17667 0 0 0 0
1.18333 0 0 0 0
1.19 0 0 0 0
1.19667 0 0 0 0
1.20333 0 0 0 0
1.21 0 0 0 0
1.21667 0 0 0 0
1.22333 0 0 0 0
1.23 0 0 0 0
1.23667 0 0 0 0
1.24333 0 0 0 0
1.25 0 0 0 0
1.25667 0 0 0 0
1.26333 0 0 0 0
1.27 0 0 0 0
1.27667 0 0 0 0
1.28333 0 0 0 0
1.29 0 0 0 0
1.29667 0 0 0 0
1.30333 0 0 0 0
1.31 0 0 0 0
1.31667 0 0 0 0
1.32333 0 0 0 0
1.33 0 0 0 0
1.33667 0 0 0 0
1.34333 0 0 0 0
1.35 0 0 0 0
1.35667 0 0 0 0
1.36333 0 0 0 0
1.37 0 0 0 0
1.37667 0 0 0 0
1.38333 0 0 0 0
1.39 0 0 0 0
1.39667 0 0 0 0
1.40333 0 0 0 0
1.41 0 0 0 0
1.41667 0 0 0 0
1.42333 0 0 0 0
1.43 0 0 0 0
1.43667 0 0 0 0
1.44333 0 0 0 0
1.45 0 0 0 0
1.45667 0 0 0 0
1.46333 0 0 0 0
1.47 0 0 0 0
1.47667 0 0 0 0
1.48333 0 0 0 0
1.49 0 0 0 0
1.49667 0 0 0 0
1.50333 0 0 0 0
1.51 0 0 0 0
1.51667 0 0 0 0
1.52333 0 0 0 0
1.53 0 0 0 0
1.53667 0 0 0 0
1.54333 0 0 0 0
1.55 0 0 0 0
1.55667 0 0 0 0
1.56333 0 0 0 0
1.57 0 0 0 0
1.57667 0 0 0 0
1.58333 0 0 0 0
1.59 0 0 0 0
1.59667 0 0 0 0
1.60333 0 0 0 0
1.61 0 0 0 0
1.61667 0 0 0 0
1.62333 0 0 0 0
1.63 0 0 0 0
1.63667 0 0 0 0
1.64333 0 0 0 0
1.65 0 0 0 0
1.65667 0 0 0 0
1.66333 0 0 0 0
1.67 0 0 0 0
1.67667 0 0 0 0
1.68333 0 0 0 0
1.69 0 0 0 0
1.69667 0 0 0 0
1.70333 0 0 0 0
1.71 0 0 0 0
1.71667 0 0 0 0
1.72333 0 0 0 0
1.73 0 0 0 0
1.73667 0 0 0 0
1.74333 0 0 0 0
1.75 0 0 0 0
1.75667 0 0 0 0
1.76333 0 0 0 0
1.77 0 0 0 0
1.77667 0 0 0 0
1.78333 0 0 0 0
1.79 0 0 0 0
1.79667 0 0 0 0
1.80333 0 0 0 0
1.81 0 0 0 0
1.81667 0 0 0 0
1.82333 0 0 0 0
1.83 0 0 0 0
1.83667 0 0 0 0
1.84333 0 0 0 0
1.85 0 0 0 0
1.85667 0 0 0 0
1.86333 0 0 0 0
1.87 0 0 0 0
1.87667 0 0 0 0
1.88333 0 0 0 0
1.89 0 0 0 0
1.89667 0 0 0 0
1.90333 0 0 0 0
1.91 0 0 0 0
1.91667 0 0 0 0
1.92333 0 0 0 0
1.93 0 0 0 0
1.93667 0 0 0 0
1.94333 0 0 0 0
1.95 0 0 0 0
1.95667 0 0 0 0
1.96333 0 0 0 0
1.97 0 0 0 0
1.97667 0 0 0 0
1.98333 0 0 0 0
1.99 0 0 0 0
1.99667 0 0 0 0
