0.00333333 16 29 16 16
0.01 22 33 9 21
0.0166667 13 39 10 24
0.0233333 18 43 11 18
0.03 7 33 11 21
0.0366667 18 38 17 18
0.0433333 13 43 21 23
0.05 20 48 28 17
0.0566667 17 60 28 35
0.0633333 20 57 40 28
0.07 19 69 30 41
0.0766667 31 57 39 28
0.0833333 25 77 36 32
0.09 24 73 40 42
0.0966667 16 62 38 38
0.103333 31 57 41 33
0.11 25 65 34 31
0.116667 17 76 28 35
0.123333 28 63 22 30
0.13 26 82 26 46
0.136667 28 61 30 40
0.143333 29 72 28 39
0.15 24 58 33 25
0.156667 22 53 28 41
0.163333 19 53 21 31
0.17 33 55 25 31
0.176667 25 68 27 28
0.183333 24 63 26 41
0.19 44 64 20 57
0.196667 26 72 16 43
0.203333 21 70 21 41
0.21 28 76 25 26
0.216667 21 68 27 34
0.223333 38 60 20 40
0.23 29 52 30 27
0.236667 24 67 21 36
0.243333 27 60 18 32
0.25 33 66 17 27
0.256667 19 74 23 24
0.263333 24 49 17 22
0.27 21 54 14 34
0.276667 24 65 11 31
0.283333 15 49 24 29
0.29 21 54 15 20
0.296667 18 38 22 14
0.303333 30 51 11 23
0.31 22 42 16 26
0.316667 20 42 16 17
0.323333 23 48 21 20
0.33 17 37 18 27
0.336667 15 53 5 22
0.343333 16 33 12 31
0.35 24 48 12 26
0.356667 14 31 11 18
0.363333 26 49 20 27
0.37 19 42 19 32
0.376667 15 42 17 30
0.383333 18 31 10 35
0.39 26 46 12 23
0.396667 14 47 12 16
0.403333 17 44 7 25
0.41 15 41 8 19
0.416667 18 30 17 17
0.423333 18 39 11 22
0.43 22 43 12 18
0.436667 15 37 7 28
0.443333 16 47 7 24
0.45 17 47 19 22
0.456667 18 32 11 28
0.463333 15 36 6 29
0.47 24 51 10 18
0.476667 17 40 6 18
0.483333 7 16 10 10
0.49 6 23 9 16
0.496667 10 17 13 14
0.503333 6 14 9 9
0.51 7 19 11 9
0.516667 6 19 5 8
0.523333 11 9 12 10
0.53 10 12 4 8
0.536667 10 21 5 4
0.543333 5 14 9 8
0.55 7 13 8 8
0.556667 4 20 9 8
0.563333 3 22 11 8
0.57 4 13 4 6
0.576667 2 15 6 7
0.583333 5 12 3 11
0.59 5 11 8 8
0.596667 4 14 6 5
0.603333 4 17 5 4
0.61 5 9 5 5
0.616667 0 12 8 4
0.623333 3 13 9 3
0.63 0 14 9 1
0.636667 3 18 3 5
0.643333 2 19 5 1
0.65 2 17 4 2
0.656667 0 9 4 0
0.663333 928 1687 171 1166
0.67 0 0 0 0
0.676667 0 0 0 0
0.683333 0 0 0 0
0.69 0 0 0 0
0.696667 0 0 0 0
0.703333 0 0 0 0
0.71 0 0 0 0
0.716667 0 0 0 0
0.723333 0 0 0 0
0.73 0 0 0 0
0.736667 0 0 0 0
0.743333 0 0 0 0
0.75 0 0 0 0
0.756667 0 0 0 0
0.763333 0 0 0 0
0.77 0 0 0 0
0.776667 0 0 0 0
0.783333 0 0 0 0
0.79 0 0 0 0
0.796667 0 0 0 0
0.803333 0 0 0 0
0.81 0 0 0 0
0.816667 0 0 0 0
0.823333 0 0 0 0
0.83 0 0 0 0
0.836667 0 0 0 0
0.843333 0 0 0 0
0.85 0 0 0 0
0.856667 0 0 0 0
0.863333 0 0 0 0
0.87 0 0 0 0
0.876667 0 0 0 0
0.883333 0 0 0 0
0.89 0 0 0 0
0.896667 0 0 0 0
0.903333 0 0 0 0
0.91 0 0 0 0
0.916667 0 0 0 0
0.923333 0 0 0 0
0.93 0 0 0 0
0.936667 0 0 0 0
0.943333 0 0 0 0
0.95 0 0 0 0
0.956667 0 0 0 0
0.963333 0 0 0 0
0.97 0 0 0 0
0.976667 0 0 0 0
0.983333 0 0 0 0
0.99 0 0 0 0
0.996667 0 0 0 0
1.00333 0 0 0 0
1.01 0 0 0 0
1.01667 0 0 0 0
1.02333 0 0 0 0
1.03 0 0 0 0
1.03667 0 0 0 0
1.04333 0 0 0 0
1.05 0 0 0 0
1.05667 0 0 0 0
1.06333 0 0 0 0
1.07 0 0 0 0
1.07667 0 0 0 0
1.08333 0 0 0 0
1.09 0 0 0 0
1.09667 0 0 0 0
1.10333 0 0 0 0
1.11 0 0 0 0
1.11667 0 0 0 0
1.12333 0 0 0 0
1.13 0 0 0 0
1.13667 0 0 0 0
1.14333 0 0 0 0
1.15 0 0 0 0
1.15667 0 0 0 0
1.16333 0 0 0 0
1.17 0 0 0 0
1.17667 0 0 0 0
1.18333 0 0 0 0
1.19 0 0 0 0
1.19667 0 0 0 0
1.20333 0 0 0 0
1.21 0 0 0 0
1.21667 0 0 0 0
1.22333 0 0 0 0
1.23 0 0 0 0
1.23667 0 0 0 0
1.24333 0 0 0 0
1.25 0 0 0 0
1.25667 0 0 0 0
1.26333 0 0 0 0
1.27 0 0 0 0
1.27667 0 0 0 0
1.28333 0 0 0 0
1.29 0 0 0 0
1.29667 0 0 0 0
1.30333 0 0 0 0
1.31 0 0 0 0
1.31667 0 0 0 0
1.32333 0 0 0 0
1.33 0 0 0 0
1.33667 0 0 0 0
1.34333 0 0 0 0
1.35 0 0 0 0
1.35667 0 0 0 0
1.36333 0 0 0 0
1.37 0 0 0 0
1.37667 0 0 0 0
1.38333 0 0 0 0
1.39 0 0 0 0
1.39667 0 0 0 0
1.40333 0 0 0 0
1.41 0 0 0 0
1.41667 0 0 0 0
1.42333 0 0 0 0
1.43 0 0 0 0
1.43667 0 0 0 0
1.44333 0 0 0 0
1.45 0 0 0 0
1.45667 0 0 0 0
1.46333 0 0 0 0
1.47 0 0 0 0
1.47667 0 0 0 0
1.48333 0 0 0 0
1.49 0 0 0 0
1.49667 0 0 0 0
1.50333 0 0 0 0
1.51 0 0 0 0
1.51667 0 0 0 0
1.52333 0 0 0 0
1.53 0 0 0 0
1.53667 0 0 0 0
1.54333 0 0 0 0
1.55 0 0 0 0
1.55667 0 0 0 0
1.56333 0 0 0 0
1.57 0 0 0 0
1.57667 0 0 0 0
1.58333 0 0 0 0
1.59 0 0 0 0
1.59667 0 0 0 0
1.60333 0 0 0 0
1.61 0 0 0 0
1.61667 0 0 0 0
1.62333 0 0 0 0
1.63 0 0 0 0
1.63667 0 0 0 0
1.64333 0 0 0 0
1.65 0 0 0 0
1.65667 0 0 0 0
1.66333 0 0 0 0
1.67 0 0 0 0
1.67667 0 0 0 0
1.68333 0 0 0 0
1.69 0 0 0 0
1.69667 0 0 0 0
1.70333 0 0 0 0
1.71 0 0 0 0
1.71667 0 0 0 0
1.72333 0 0 0 0
1.73 0 0 0 0
1.73667 0 0 0 0
1.74333 0 0 0 0
1.75 0 0 0 0
1.75667 0 0 0 0
1.76333 0 0 0 0
1.77 0 0 0 0
1.77667 0 0 0 0
1.78333 0 0 0 0
1.79 0 0 0 0
1.79667 0 0 0 0
1.80333 0 0 0 0
1.81 0 0 0 0
1.81667 0 0 0 0
1.82333 0 0 0 0
1.83 0 0 0 0
1.83667 0 0 0 0
1.84333 0 0 0 0
1.85 0 0 0 0
1.85667 0 0 0 0
1.86333 0 0 0 0
1.87 0 0 0 0
1.87667 0 0 0 0
1.88333 0 0 0 0
1.89 0 0 0 0
1.89667 0 0 0 0
1.90333 0 0 0 0
1.91 0 0 0 0
1.91667 0 0 0 0
1.92333 0 0 0 0
1.93 0 0 0 0
1.93667 0 0 0 0
1.94333 0 0 0 0
1.95 0 0 0 0
1.95667 0 0 0 0
1.96333 0 0 0 0
1.97 0 0 0 0
1.97667 0 0 0 0
1.98333 0 0 0 0
1.99 0 0 0 0
1.99667 0 0 0 0
