0.00333333 0 5 77 11
0.01 1 2 87 17
0.0166667 2 0 108 15
0.0233333 1 8 112 13
0.03 2 3 70 17
0.0366667 1 5 104 10
0.0433333 2 5 107 17
0.05 0 6 121 33
0.0566667 2 11 142 28
0.0633333 2 11 154 29
0.07 1 10 157 42
0.0766667 1 9 150 35
0.0833333 1 14 181 25
0.09 2 8 177 41
0.0966667 1 8 185 37
0.103333 2 5 192 35
0.11 3 15 186 40
0.116667 3 14 194 45
0.123333 3 12 205 26
0.13 0 11 226 40
0.136667 2 1 193 27
0.143333 2 8 190 28
0.15 2 12 195 27
0.156667 4 3 155 24
0.163333 0 7 177 21
0.17 2 7 175 18
0.176667 0 4 165 32
0.183333 1 4 206 29
0.19 1 6 185 25
0.196667 1 8 213 22
0.203333 2 7 226 17
0.21 4 7 208 27
0.216667 2 1 226 15
0.223333 3 6 186 26
0.23 2 1 209 26
0.236667 2 6 179 17
0.243333 2 5 193 14
0.25 1 7 181 13
0.256667 2 4 162 20
0.263333 0 5 180 20
0.27 1 4 169 12
0.276667 2 3 133 13
0.283333 2 4 146 21
0.29 3 5 160 19
0.296667 0 5 130 20
0.303333 1 3 131 19
0.31 1 3 123 22
0.316667 1 4 127 18
0.323333 0 5 124 16
0.33 1 6 119 11
0.336667 2 3 131 13
0.343333 1 1 128 15
0.35 0 0 125 20
0.356667 2 3 127 15
0.363333 1 1 102 16
0.37 2 4 103 15
0.376667 2 4 110 14
0.383333 3 2 104 14
0.39 1 3 116 15
0.396667 0 5 127 15
0.403333 3 2 97 7
0.41 1 4 103 17
0.416667 0 3 110 10
0.423333 2 3 115 8
0.43 1 5 115 6
0.436667 0 4 96 13
0.443333 2 2 104 7
0.45 0 1 119 8
0.456667 1 6 122 12
0.463333 1 5 125 13
0.47 0 4 116 12
0.476667 0 4 79 14
0.483333 1 2 72 6
0.49 1 3 55 8
0.496667 1 3 46 5
0.503333 2 1 48 8
0.51 0 0 50 6
0.516667 0 6 54 4
0.523333 0 0 43 10
0.53 1 4 44 9
0.536667 2 0 56 16
0.543333 0 2 36 7
0.55 0 3 38 13
0.556667 0 3 43 4
0.563333 0 1 44 9
0.57 2 1 58 4
0.576667 3 1 43 5
0.583333 2 3 58 6
0.59 0 1 56 12
0.596667 2 3 49 5
0.603333 0 1 34 6
0.61 1 0 38 14
0.616667 0 1 41 7
0.623333 2 2 32 5
0.63 0 6 35 10
0.636667 1 2 54 6
0.643333 1 3 31 6
0.65 2 3 36 3
0.656667 0 3 32 9
0.663333 13 41 4896 220
0.67 0 0 0 0
0.676667 0 0 0 0
0.683333 0 0 0 0
0.69 0 0 0 0
0.696667 0 0 0 0
0.703333 0 0 0 0
0.71 0 0 0 0
0.716667 0 0 0 0
0.723333 0 0 0 0
0.73 0 0 0 0
0.736667 0 0 0 0
0.743333 0 0 0 0
0.75 0 0 0 0
0.756667 0 0 0 0
0.763333 0 0 0 0
0.77 0 0 0 0
0.776667 0 0 0 0
0.783333 0 0 0 0
0.79 0 0 0 0
0.796667 0 0 0 0
0.803333 0 0 0 0
0.81 0 0 0 0
0.816667 0 0 0 0
0.823333 0 0 0 0
0.83 0 0 0 0
0.836667 0 0 0 0
0.843333 0 0 0 0
0.85 0 0 0 0
0.856667 0 0 0 0
0.863333 0 0 0 0
0.87 0 0 0 0
0.876667 0 0 0 0
0.883333 0 0 0 0
0.89 0 0 0 0
0.896667 0 0 0 0
0.903333 0 0 0 0
0.91 0 0 0 0
0.916667 0 0 0 0
0.923333 0 0 0 0
0.93 0 0 0 0
0.936667 0 0 0 0
0.943333 0 0 0 0
0.95 0 0 0 0
0.956667 0 0 0 0
0.963333 0 0 0 0
0.97 0 0 0 0
0.976667 0 0 0 0
0.983333 0 0 0 0
0.99 0 0 0 0
0.996667 0 0 0 0
1.00333 0 0 0 0
1.01 0 0 0 0
1.01667 0 0 0 0
1.02333 0 0 0 0
1.03 0 0 0 0
1.03667 0 0 0 0
1.04333 0 0 0 0
1.05 0 0 0 0
1.05667 0 0 0 0
1.06333 0 0 0 0
1.07 0 0 0 0
1.07667 0 0 0 0
1.08333 0 0 0 0
1.09 0 0 0 0
1.09667 0 0 0 0
1.10333 0 0 0 0
1.11 0 0 0 0
1.11667 0 0 0 0
1.12333 0 0 0 0
1.13 0 0 0 0
1.13667 0 0 0 0
1.14333 0 0 0 0
1.15 0 0 0 0
1.15667 0 0 0 0
1.16333 0 0 0 0
1.17 0 0 0 0
1.17667 0 0 0 0
1.18333 0 0 0 0
1.19 0 0 0 0
1.19667 0 0 0 0
1.20333 0 0 0 0
1.21 0 0 0 0
1.21667 0 0 0 0
1.22333 0 0 0 0
1.23 0 0 0 0
1.23667 0 0 0 0
1.24333 0 0 0 0
1.25 0 0 0 0
1.25667 0 0 0 0
1.26333 0 0 0 0
1.27 0 0 0 0
1.27667 0 0 0 0
1.28333 0 0 0 0
1.29 0 0 0 0
1.29667 0 0 0 0
1.30333 0 0 0 0
1.31 0 0 0 0
1.31667 0 0 0 0
1.32333 0 0 0 0
1.33 0 0 0 0
1.33667 0 0 0 0
1.34333 0 0 0 0
1.35 0 0 0 0
1.35667 0 0 0 0
1.36333 0 0 0 0
1.37 0 0 0 0
1.37667 0 0 0 0
1.38333 0 0 0 0
1.39 0 0 0 0
1.39667 0 0 0 0
1.40333 0 0 0 0
1.41 0 0 0 0
1.41667 0 0 0 0
1.42333 0 0 0 0
1.43 0 0 0 0
1.43667 0 0 0 0
1.44333 0 0 0 0
1.45 0 0 0 0
1.45667 0 0 0 0
1.46333 0 0 0 0
1.47 0 0 0 0
1.47667 0 0 0 0
1.48333 0 0 0 0
1.49 0 0 0 0
1.49667 0 0 0 0
1.50333 0 0 0 0
1.51 0 0 0 0
1.51667 0 0 0 0
1.52333 0 0 0 0
1.53 0 0 0 0
1.53667 0 0 0 0
1.54333 0 0 0 0
1.55 0 0 0 0
1.55667 0 0 0 0
1.56333 0 0 0 0
1.57 0 0 0 0
1.57667 0 0 0 0
1.58333 0 0 0 0
1.59 0 0 0 0
1.59667 0 0 0 0
1.60333 0 0 0 0
1.61 0 0 0 0
1.61667 0 0 0 0
1.62333 0 0 0 0
1.63 0 0 0 0
1.63667 0 0 0 0
1.64333 0 0 0 0
1.65 0 0 0 0
1.65667 0 0 0 0
1.66333 0 0 0 0
1.67 0 0 0 0
1.67667 0 0 0 0
1.68333 0 0 0 0
1.69 0 0 0 0
1.69667 0 0 0 0
1.70333 0 0 0 0
1.71 0 0 0 0
1.71667 0 0 0 0
1.72333 0 0 0 0
1.73 0 0 0 0
1.73667 0 0 0 0
1.74333 0 0 0 0
1.75 0 0 0 0
1.75667 0 0 0 0
1.76333 0 0 0 0
1.77 0 0 0 0
1.77667 0 0 0 0
1.78333 0 0 0 0
1.79 0 0 0 0
1.79667 0 0 0 0
1.80333 0 0 0 0
1.81 0 0 0 0
1.81667 0 0 0 0
1.82333 0 0 0 0
1.83 0 0 0 0
1.83667 0 0 0 0
1.84333 0 0 0 0
1.85 0 0 0 0
1.85667 0 0 0 0
1.86333 0 0 0 0
1.87 0 0 0 0
1.87667 0 0 0 0
1.88333 0 0 0 0
1.89 0 0 0 0
1.89667 0 0 0 0
1.90333 0 0 0 0
1.91 0 0 0 0
1.91667 0 0 0 0
1.92333 0 0 0 0
1.93 0 0 0 0
1.93667 0 0 0 0
1.94333 0 0 0 0
1.95 0 0 0 0
1.95667 0 0 0 0
1.96333 0 0 0 0
1.97 0 0 0 0
1.97667 0 0 0 0
1.98333 0 0 0 0
1.99 0 0 0 0
1.99667 0 0 0 0
