0.00333333 1 6 40 16
0.01 1 8 44 30
0.0166667 5 5 43 20
0.0233333 3 5 55 40
0.03 4 8 83 22
0.0366667 2 13 90 46
0.0433333 4 18 109 68
0.05 3 17 152 74
0.0566667 5 16 190 85
0.0633333 10 24 195 88
0.07 5 23 209 118
0.0766667 3 30 190 92
0.0833333 7 27 200 126
0.09 5 17 170 99
0.0966667 9 22 217 106
0.103333 11 23 200 95
0.11 15 19 186 81
0.116667 9 20 189 105
0.123333 3 26 197 98
0.13 9 17 212 95
0.136667 9 16 183 78
0.143333 8 21 175 96
0.15 6 17 145 88
0.156667 5 13 166 72
0.163333 4 20 136 76
0.17 3 14 154 92
0.176667 9 14 150 60
0.183333 7 13 169 74
0.19 9 18 164 87
0.196667 11 21 133 69
0.203333 8 27 135 66
0.21 4 16 104 77
0.216667 9 12 117 87
0.223333 8 9 115 71
0.23 2 11 118 45
0.236667 3 16 116 68
0.243333 3 4 117 67
0.25 3 10 98 44
0.256667 3 11 95 50
0.263333 3 7 98 43
0.27 2 8 85 51
0.276667 5 11 93 39
0.283333 4 6 92 40
0.29 4 11 106 50
0.296667 1 9 85 32
0.303333 7 12 84 54
0.31 1 8 88 30
0.316667 3 8 79 44
0.323333 6 9 70 47
0.33 3 7 60 29
0.336667 3 9 63 33
0.343333 2 4 77 40
0.35 4 4 80 27
0.356667 1 15 68 37
0.363333 2 7 70 30
0.37 3 9 52 26
0.376667 1 7 75 33
0.383333 4 11 60 42
0.39 6 11 54 31
0.396667 3 11 69 30
0.403333 3 6 59 34
0.41 1 8 60 24
0.416667 5 8 48 46
0.423333 1 7 59 30
0.43 1 3 60 27
0.436667 0 3 45 23
0.443333 4 5 51 33
0.45 2 5 62 26
0.456667 4 6 58 29
0.463333 4 6 49 26
0.47 3 8 48 36
0.476667 5 5 42 25
0.483333 1 4 37 28
0.49 1 5 42 19
0.496667 2 2 26 21
0.503333 1 7 31 10
0.51 2 2 22 18
0.516667 0 6 37 11
0.523333 3 3 36 10
0.53 2 4 32 17
0.536667 2 3 18 12
0.543333 2 5 27 15
0.55 2 7 35 11
0.556667 2 5 27 20
0.563333 4 5 23 21
0.57 3 5 26 18
0.576667 3 2 28 13
0.583333 7 6 24 18
0.59 2 5 27 15
0.596667 4 3 26 17
0.603333 2 2 25 17
0.61 1 1 31 11
0.616667 1 2 13 7
0.623333 1 4 22 18
0.63 1 3 31 12
0.636667 3 5 21 16
0.643333 1 4 24 13
0.65 1 0 28 17
0.656667 3 7 22 15
0.663333 57 106 1366 732
0.67 0 0 0 0
0.676667 0 0 0 0
0.683333 0 0 0 0
0.69 0 0 0 0
0.696667 0 0 0 0
0.703333 0 0 0 0
0.71 0 0 0 0
0.716667 0 0 0 0
0.723333 0 0 0 0
0.73 0 0 0 0
0.736667 0 0 0 0
0.743333 0 0 0 0
0.75 0 0 0 0
0.756667 0 0 0 0
0.763333 0 0 0 0
0.77 0 0 0 0
0.776667 0 0 0 0
0.783333 0 0 0 0
0.79 0 0 0 0
0.796667 0 0 0 0
0.803333 0 0 0 0
0.81 0 0 0 0
0.816667 0 0 0 0
0.823333 0 0 0 0
0.83 0 0 0 0
0.836667 0 0 0 0
0.843333 0 0 0 0
0.85 0 0 0 0
0.856667 0 0 0 0
0.863333 0 0 0 0
0.87 0 0 0 0
0.876667 0 0 0 0
0.883333 0 0 0 0
0.89 0 0 0 0
0.896667 0 0 0 0
0.903333 0 0 0 0
0.91 0 0 0 0
0.916667 0 0 0 0
0.923333 0 0 0 0
0.93 0 0 0 0
0.936667 0 0 0 0
0.943333 0 0 0 0
0.95 0 0 0 0
0.956667 0 0 0 0
0.963333 0 0 0 0
0.97 0 0 0 0
0.976667 0 0 0 0
0.983333 0 0 0 0
0.99 0 0 0 0
0.996667 0 0 0 0
1.00333 0 0 0 0
1.01 0 0 0 0
1.01667 0 0 0 0
1.02333 0 0 0 0
1.03 0 0 0 0
1.03667 0 0 0 0
1.04333 0 0 0 0
1.05 0 0 0 0
1.05667 0 0 0 0
1.06333 0 0 0 0
1.07 0 0 0 0
1.07667 0 0 0 0
1.08333 0 0 0 0
1.09 0 0 0 0
1.09667 0 0 0 0
1.10333 0 0 0 0
1.11 0 0 0 0
1.11667 0 0 0 0
1.12333 0 0 0 0
1.13 0 0 0 0
1.13667 0 0 0 0
1.14333 0 0 0 0
1.15 0 0 0 0
1.15667 0 0 0 0
1.16333 0 0 0 0
1.17 0 0 0 0
1.17667 0 0 0 0
1.18333 0 0 0 0
1.19 0 0 0 0
1.19667 0 0 0 0
1.20333 0 0 0 0
1.21 0 0 0 0
1.21667 0 0 0 0
1.22333 0 0 0 0
1.23 0 0 0 0
1.23667 0 0 0 0
1.24333 0 0 0 0
1.25 0 0 0 0
1.25667 0 0 0 0
1.26333 0 0 0 0
1.27 0 0 0 0
1.27667 0 0 0 0
1.28333 0 0 0 0
1.29 0 0 0 0
1.29667 0 0 0 0
1.30333 0 0 0 0
1.31 0 0 0 0
1.31667 0 0 0 0
1.32333 0 0 0 0
1.33 0 0 0 0
1.33667 0 0 0 0
1.34333 0 0 0 0
1.35 0 0 0 0
1.35667 0 0 0 0
1.36333 0 0 0 0
1.37 0 0 0 0
1.37667 0 0 0 0
1.38333 0 0 0 0
1.39 0 0 0 0
1.39667 0 0 0 0
1.40333 0 0 0 0
1.41 0 0 0 0
1.41667 0 0 0 0
1.42333 0 0 0 0
1.43 0 0 0 0
1.43667 0 0 0 0
1.44333 0 0 0 0
1.45 0 0 0 0
1.45667 0 0 0 0
1.46333 0 0 0 0
1.47 0 0 0 0
1.47667 0 0 0 0
1.48333 0 0 0 0
1.49 0 0 0 0
1.49667 0 0 0 0
1.50333 0 0 0 0
1.51 0 0 0 0
1.51667 0 0 0 0
1.52333 0 0 0 0
1.53 0 0 0 0
1.53667 0 0 0 0
1.54333 0 0 0 0
1.55 0 0 0 0
1.55667 0 0 0 0
1.56333 0 0 0 0
1.57 0 0 0 0
1.57667 0 0 0 0
1.58333 0 0 0 0
1.59 0 0 0 0
1.59667 0 0 0 0
1.60333 0 0 0 0
1.61 0 0 0 0
1.61667 0 0 0 0
1.62333 0 0 0 0
1.63 0 0 0 0
1.63667 0 0 0 0
1.64333 0 0 0 0
1.65 0 0 0 0
1.65667 0 0 0 0
1.66333 0 0 0 0
1.67 0 0 0 0
1.67667 0 0 0 0
1.68333 0 0 0 0
1.69 0 0 0 0
1.69667 0 0 0 0
1.70333 0 0 0 0
1.71 0 0 0 0
1.71667 0 0 0 0
1.72333 0 0 0 0
1.73 0 0 0 0
1.73667 0 0 0 0
1.74333 0 0 0 0
1.75 0 0 0 0
1.75667 0 0 0 0
1.76333 0 0 0 0
1.77 0 0 0 0
1.77667 0 0 0 0
1.78333 0 0 0 0
1.79 0 0 0 0
1.79667 0 0 0 0
1.80333 0 0 0 0
1.81 0 0 0 0
1.81667 0 0 0 0
1.82333 0 0 0 0
1.83 0 0 0 0
1.83667 0 0 0 0
1.84333 0 0 0 0
1.85 0 0 0 0
1.85667 0 0 0 0
1.86333 0 0 0 0
1.87 0 0 0 0
1.87667 0 0 0 0
1.88333 0 0 0 0
1.89 0 0 0 0
1.89667 0 0 0 0
1.90333 0 0 0 0
1.91 0 0 0 0
1.91667 0 0 0 0
1.92333 0 0 0 0
1.93 0 0 0 0
1.93667 0 0 0 0
1.94333 0 0 0 0
1.95 0 0 0 0
1.95667 0 0 0 0
1.96333 0 0 0 0
1.97 0 0 0 0
1.97667 0 0 0 0
1.98333 0 0 0 0
1.99 0 0 0 0
1.99667 0 0 0 0
