0.00333333 6 2 17 46
0.01 1 3 35 49
0.0166667 4 4 22 50
0.0233333 2 3 33 52
0.03 4 1 42 62
0.0366667 2 6 39 56
0.0433333 1 3 55 82
0.05 4 10 76 95
0.0566667 4 12 89 90
0.0633333 4 14 91 104
0.07 3 14 94 104
0.0766667 8 9 92 119
0.0833333 3 12 114 123
0.09 6 15 95 121
0.0966667 7 17 99 124
0.103333 9 5 112 132
0.11 3 9 96 125
0.116667 4 12 85 147
0.123333 4 13 86 143
0.13 4 9 100 130
0.136667 7 11 86 107
0.143333 3 5 75 128
0.15 2 9 72 111
0.156667 7 11 71 105
0.163333 4 9 70 120
0.17 10 11 81 122
0.176667 7 12 77 130
0.183333 3 10 71 110
0.19 4 9 88 164
0.196667 9 9 75 130
0.203333 6 9 70 136
0.21 2 7 66 103
0.216667 5 7 59 128
0.223333 6 2 55 124
0.23 4 7 63 99
0.236667 3 6 51 121
0.243333 7 5 57 104
0.25 4 7 40 91
0.256667 6 6 42 82
0.263333 2 8 58 86
0.27 5 3 48 87
0.276667 9 4 51 82
0.283333 3 6 59 74
0.29 1 8 33 75
0.296667 5 4 57 77
0.303333 11 4 46 64
0.31 7 9 39 75
0.316667 3 4 40 78
0.323333 3 4 44 64
0.33 3 3 36 58
0.336667 3 2 46 63
0.343333 3 5 42 58
0.35 3 5 32 64
0.356667 2 3 33 47
0.363333 5 7 35 46
0.37 4 4 36 59
0.376667 4 2 33 60
0.383333 3 2 32 51
0.39 2 3 32 70
0.396667 2 4 39 66
0.403333 0 4 33 41
0.41 3 4 21 53
0.416667 0 5 36 78
0.423333 5 5 34 56
0.43 3 2 29 62
0.436667 3 3 30 37
0.443333 3 4 38 53
0.45 4 3 32 52
0.456667 2 2 29 52
0.463333 8 1 28 51
0.47 2 0 23 50
0.476667 2 8 25 48
0.483333 3 2 23 31
0.49 2 2 13 34
0.496667 0 5 23 33
0.503333 3 2 26 31
0.51 3 3 22 23
0.516667 1 6 17 22
0.523333 0 0 18 22
0.53 1 1 17 29
0.536667 0 1 14 22
0.543333 0 5 22 26
0.55 2 6 13 28
0.556667 2 4 13 25
0.563333 3 1 18 20
0.57 3 5 14 25
0.576667 0 2 19 14
0.583333 0 1 15 16
0.59 4 6 13 17
0.596667 0 2 16 29
0.603333 0 3 11 24
0.61 3 2 19 27
0.616667 3 0 15 14
0.623333 2 2 13 16
0.63 2 3 14 27
0.636667 0 2 19 15
0.643333 2 3 11 22
0.65 2 0 22 18
0.656667 3 3 19 21
0.663333 93 44 586 1817
0.67 0 0 0 0
0.676667 0 0 0 0
0.683333 0 0 0 0
0.69 0 0 0 0
0.696667 0 0 0 0
0.703333 0 0 0 0
0.71 0 0 0 0
0.716667 0 0 0 0
0.723333 0 0 0 0
0.73 0 0 0 0
0.736667 0 0 0 0
0.743333 0 0 0 0
0.75 0 0 0 0
0.756667 0 0 0 0
0.763333 0 0 0 0
0.77 0 0 0 0
0.776667 0 0 0 0
0.783333 0 0 0 0
0.79 0 0 0 0
0.796667 0 0 0 0
0.803333 0 0 0 0
0.81 0 0 0 0
0.816667 0 0 0 0
0.823333 0 0 0 0
0.83 0 0 0 0
0.836667 0 0 0 0
0.843333 0 0 0 0
0.85 0 0 0 0
0.856667 0 0 0 0
0.863333 0 0 0 0
0.87 0 0 0 0
0.876667 0 0 0 0
0.883333 0 0 0 0
0.89 0 0 0 0
0.896667 0 0 0 0
0.903333 0 0 0 0
0.91 0 0 0 0
0.916667 0 0 0 0
0.923333 0 0 0 0
0.93 0 0 0 0
0.936667 0 0 0 0
0.943333 0 0 0 0
0.95 0 0 0 0
0.956667 0 0 0 0
0.963333 0 0 0 0
0.97 0 0 0 0
0.976667 0 0 0 0
0.983333 0 0 0 0
0.99 0 0 0 0
0.996667 0 0 0 0
1.00333 0 0 0 0
1.01 0 0 0 0
1.01667 0 0 0 0
1.02333 0 0 0 0
1.03 0 0 0 0
1.03667 0 0 0 0
1.04333 0 0 0 0
1.05 0 0 0 0
1.05667 0 0 0 0
1.06333 0 0 0 0
1.07 0 0 0 0
1.07667 0 0 0 0
1.08333 0 0 0 0
1.09 0 0 0 0
1.09667 0 0 0 0
1.10333 0 0 0 0
1.11 0 0 0 0
1.11667 0 0 0 0
1.12333 0 0 0 0
1.13 0 0 0 0
1.13667 0 0 0 0
1.14333 0 0 0 0
1.15 0 0 0 0
1.15667 0 0 0 0
1.16333 0 0 0 0
1.17 0 0 0 0
1.17667 0 0 0 0
1.18333 0 0 0 0
1.19 0 0 0 0
1.19667 0 0 0 0
1.20333 0 0 0 0
1.21 0 0 0 0
1.21667 0 0 0 0
1.22333 0 0 0 0
1.23 0 0 0 0
1.23667 0 0 0 0
1.24333 0 0 0 0
1.25 0 0 0 0
1.25667 0 0 0 0
1.26333 0 0 0 0
1.27 0 0 0 0
1.27667 0 0 0 0
1.28333 0 0 0 0
1.29 0 0 0 0
1.29667 0 0 0 0
1.30333 0 0 0 0
1.31 0 0 0 0
1.31667 0 0 0 0
1.32333 0 0 0 0
1.33 0 0 0 0
1.33667 0 0 0 0
1.34333 0 0 0 0
1.35 0 0 0 0
1.35667 0 0 0 0
1.36333 0 0 0 0
1.37 0 0 0 0
1.37667 0 0 0 0
1.38333 0 0 0 0
1.39 0 0 0 0
1.39667 0 0 0 0
1.40333 0 0 0 0
1.41 0 0 0 0
1.41667 0 0 0 0
1.42333 0 0 0 0
1.43 0 0 0 0
1.43667 0 0 0 0
1.44333 0 0 0 0
1.45 0 0 0 0
1.45667 0 0 0 0
1.46333 0 0 0 0
1.47 0 0 0 0
1.47667 0 0 0 0
1.48333 0 0 0 0
1.49 0 0 0 0
1.49667 0 0 0 0
1.50333 0 0 0 0
1.51 0 0 0 0
1.51667 0 0 0 0
1.52333 0 0 0 0
1.53 0 0 0 0
1.53667 0 0 0 0
1.54333 0 0 0 0
1.55 0 0 0 0
1.55667 0 0 0 0
1.56333 0 0 0 0
1.57 0 0 0 0
1.57667 0 0 0 0
1.58333 0 0 0 0
1.59 0 0 0 0
1.59667 0 0 0 0
1.60333 0 0 0 0
1.61 0 0 0 0
1.61667 0 0 0 0
1.62333 0 0 0 0
1.63 0 0 0 0
1.63667 0 0 0 0
1.64333 0 0 0 0
1.65 0 0 0 0
1.65667 0 0 0 0
1.66333 0 0 0 0
1.67 0 0 0 0
1.67667 0 0 0 0
1.68333 0 0 0 0
1.69 0 0 0 0
1.69667 0 0 0 0
1.70333 0 0 0 0
1.71 0 0 0 0
1.71667 0 0 0 0
1.72333 0 0 0 0
1.73 0 0 0 0
1.73667 0 0 0 0
1.74333 0 0 0 0
1.75 0 0 0 0
1.75667 0 0 0 0
1.76333 0 0 0 0
1.77 0 0 0 0
1.77667 0 0 0 0
1.78333 0 0 0 0
1.79 0 0 0 0
1.79667 0 0 0 0
1.80333 0 0 0 0
1.81 0 0 0 0
1.81667 0 0 0 0
1.82333 0 0 0 0
1.83 0 0 0 0
1.83667 0 0 0 0
1.84333 0 0 0 0
1.85 0 0 0 0
1.85667 0 0 0 0
1.86333 0 0 0 0
1.87 0 0 0 0
1.87667 0 0 0 0
1.88333 0 0 0 0
1.89 0 0 0 0
1.89667 0 0 0 0
1.90333 0 0 0 0
1.91 0 0 0 0
1.91667 0 0 0 0
1.92333 0 0 0 0
1.93 0 0 0 0
1.93667 0 0 0 0
1.94333 0 0 0 0
1.95 0 0 0 0
1.95667 0 0 0 0
1.96333 0 0 0 0
1.97 0 0 0 0
1.97667 0 0 0 0
1.98333 0 0 0 0
1.99 0 0 0 0
1.99667 0 0 0 0
