0.00333333 1 34 59 0
0.01 7 36 60 2
0.0166667 1 46 63 3
0.0233333 1 56 58 2
0.03 3 44 57 2
0.0366667 6 41 61 4
0.0433333 4 43 75 8
0.05 4 45 87 12
0.0566667 4 59 96 11
0.0633333 10 61 88 7
0.07 6 73 97 7
0.0766667 10 85 113 9
0.0833333 8 94 108 13
0.09 8 89 108 11
0.0966667 10 90 134 12
0.103333 8 87 119 13
0.11 8 93 135 11
0.116667 4 104 146 13
0.123333 5 65 136 9
0.13 7 81 123 8
0.136667 5 91 111 13
0.143333 7 92 110 8
0.15 4 77 92 1
0.156667 3 73 106 8
0.163333 7 78 109 10
0.17 3 83 114 9
0.176667 5 68 97 9
0.183333 3 76 132 6
0.19 3 110 156 3
0.196667 6 114 156 7
0.203333 6 102 134 13
0.21 6 89 135 6
0.216667 7 80 121 9
0.223333 2 75 128 5
0.23 7 103 124 5
0.236667 1 86 117 6
0.243333 9 83 102 3
0.25 1 63 97 9
0.256667 4 65 95 4
0.263333 7 81 75 10
0.27 3 65 84 4
0.276667 3 58 114 4
0.283333 3 67 83 6
0.29 3 60 81 3
0.296667 2 43 84 5
0.303333 5 56 68 4
0.31 7 58 74 7
0.316667 4 45 81 7
0.323333 1 72 67 8
0.33 2 62 66 1
0.336667 3 46 78 7
0.343333 3 35 70 3
0.35 2 69 76 4
0.356667 1 64 81 5
0.363333 3 50 75 6
0.37 5 53 64 4
0.376667 2 33 51 8
0.383333 6 49 65 6
0.39 4 52 74 4
0.396667 3 48 62 5
0.403333 2 49 66 6
0.41 3 56 74 2
0.416667 6 49 68 2
0.423333 4 45 61 6
0.43 4 42 60 3
0.436667 3 55 60 2
0.443333 2 31 66 2
0.45 0 54 69 3
0.456667 2 53 48 5
0.463333 4 46 73 4
0.47 4 54 67 4
0.476667 1 48 60 2
0.483333 3 30 40 2
0.49 3 23 38 3
0.496667 0 25 24 3
0.503333 1 27 22 2
0.51 1 18 30 2
0.516667 2 20 27 5
0.523333 2 14 23 2
0.53 0 21 24 2
0.536667 2 19 20 2
0.543333 1 13 21 5
0.55 2 19 18 4
0.556667 1 14 25 5
0.563333 0 17 18 4
0.57 2 15 19 1
0.576667 1 18 27 4
0.583333 2 28 26 1
0.59 0 16 20 3
0.596667 3 6 20 7
0.603333 0 11 12 4
0.61 1 17 20 5
0.616667 1 12 16 1
0.623333 3 15 12 5
0.63 2 10 24 1
0.636667 1 19 23 1
0.643333 4 13 6 4
0.65 3 8 15 3
0.656667 2 11 9 1
0.663333 34 2047 3010 47
0.67 0 0 0 0
0.676667 0 0 0 0
0.683333 0 0 0 0
0.69 0 0 0 0
0.696667 0 0 0 0
0.703333 0 0 0 0
0.71 0 0 0 0
0.716667 0 0 0 0
0.723333 0 0 0 0
0.73 0 0 0 0
0.736667 0 0 0 0
0.743333 0 0 0 0
0.75 0 0 0 0
0.756667 0 0 0 0
0.763333 0 0 0 0
0.77 0 0 0 0
0.776667 0 0 0 0
0.783333 0 0 0 0
0.79 0 0 0 0
0.796667 0 0 0 0
0.803333 0 0 0 0
0.81 0 0 0 0
0.816667 0 0 0 0
0.823333 0 0 0 0
0.83 0 0 0 0
0.836667 0 0 0 0
0.843333 0 0 0 0
0.85 0 0 0 0
0.856667 0 0 0 0
0.863333 0 0 0 0
0.87 0 0 0 0
0.876667 0 0 0 0
0.883333 0 0 0 0
0.89 0 0 0 0
0.896667 0 0 0 0
0.903333 0 0 0 0
0.91 0 0 0 0
0.916667 0 0 0 0
0.923333 0 0 0 0
0.93 0 0 0 0
0.936667 0 0 0 0
0.943333 0 0 0 0
0.95 0 0 0 0
0.956667 0 0 0 0
0.963333 0 0 0 0
0.97 0 0 0 0
0.976667 0 0 0 0
0.983333 0 0 0 0
0.99 0 0 0 0
0.996667 0 0 0 0
1.00333 0 0 0 0
1.01 0 0 0 0
1.01667 0 0 0 0
1.02333 0 0 0 0
1.03 0 0 0 0
1.03667 0 0 0 0
1.04333 0 0 0 0
1.05 0 0 0 0
1.05667 0 0 0 0
1.06333 0 0 0 0
1.07 0 0 0 0
1.07667 0 0 0 0
1.08333 0 0 0 0
1.09 0 0 0 0
1.09667 0 0 0 0
1.10333 0 0 0 0
1.11 0 0 0 0
1.11667 0 0 0 0
1.12333 0 0 0 0
1.13 0 0 0 0
1.13667 0 0 0 0
1.14333 0 0 0 0
1.15 0 0 0 0
1.15667 0 0 0 0
1.16333 0 0 0 0
1.17 0 0 0 0
1.17667 0 0 0 0
1.18333 0 0 0 0
1.19 0 0 0 0
1.19667 0 0 0 0
1.20333 0 0 0 0
1.21 0 0 0 0
1.21667 0 0 0 0
1.22333 0 0 0 0
1.23 0 0 0 0
1.23667 0 0 0 0
1.24333 0 0 0 0
1.25 0 0 0 0
1.25667 0 0 0 0
1.26333 0 0 0 0
1.27 0 0 0 0
1.27667 0 0 0 0
1.28333 0 0 0 0
1.29 0 0 0 0
1.29667 0 0 0 0
1.30333 0 0 0 0
1.31 0 0 0 0
1.31667 0 0 0 0
1.32333 0 0 0 0
1.33 0 0 0 0
1.33667 0 0 0 0
1.34333 0 0 0 0
1.35 0 0 0 0
1.35667 0 0 0 0
1.36333 0 0 0 0
1.37 0 0 0 0
1.37667 0 0 0 0
1.38333 0 0 0 0
1.39 0 0 0 0
1.39667 0 0 0 0
1.40333 0 0 0 0
1.41 0 0 0 0
1.41667 0 0 0 0
1.42333 0 0 0 0
1.43 0 0 0 0
1.43667 0 0 0 0
1.44333 0 0 0 0
1.45 0 0 0 0
1.45667 0 0 0 0
1.46333 0 0 0 0
1.47 0 0 0 0
1.47667 0 0 0 0
1.48333 0 0 0 0
1.49 0 0 0 0
1.49667 0 0 0 0
1.50333 0 0 0 0
1.51 0 0 0 0
1.51667 0 0 0 0
1.52333 0 0 0 0
1.53 0 0 0 0
1.53667 0 0 0 0
1.54333 0 0 0 0
1.55 0 0 0 0
1.55667 0 0 0 0
1.56333 0 0 0 0
1.57 0 0 0 0
1.57667 0 0 0 0
1.58333 0 0 0 0
1.59 0 0 0 0
1.59667 0 0 0 0
1.60333 0 0 0 0
1.61 0 0 0 0
1.61667 0 0 0 0
1.62333 0 0 0 0
1.63 0 0 0 0
1.63667 0 0 0 0
1.64333 0 0 0 0
1.65 0 0 0 0
1.65667 0 0 0 0
1.66333 0 0 0 0
1.67 0 0 0 0
1.67667 0 0 0 0
1.68333 0 0 0 0
1.69 0 0 0 0
1.69667 0 0 0 0
1.70333 0 0 0 0
1.71 0 0 0 0
1.71667 0 0 0 0
1.72333 0 0 0 0
1.73 0 0 0 0
1.73667 0 0 0 0
1.74333 0 0 0 0
1.75 0 0 0 0
1.75667 0 0 0 0
1.76333 0 0 0 0
1.77 0 0 0 0
1.77667 0 0 0 0
1.78333 0 0 0 0
1.79 0 0 0 0
1.79667 0 0 0 0
1.80333 0 0 0 0
1.81 0 0 0 0
1.81667 0 0 0 0
1.82333 0 0 0 0
1.83 0 0 0 0
1.83667 0 0 0 0
1.84333 0 0 0 0
1.85 0 0 0 0
1.85667 0 0 0 0
1.86333 0 0 0 0
1.87 0 0 0 0
1.87667 0 0 0 0
1.88333 0 0 0 0
1.89 0 0 0 0
1.89667 0 0 0 0
1.90333 0 0 0 0
1.91 0 0 0 0
1.91667 0 0 0 0
1.92333 0 0 0 0
1.93 0 0 0 0
1.93667 0 0 0 0
1.94333 0 0 0 0
1.95 0 0 0 0
1.95667 0 0 0 0
1.96333 0 0 0 0
1.97 0 0 0 0
1.97667 0 0 0 0
1.98333 0 0 0 0
1.99 0 0 0 0
1.99667 0 0 0 0
