0.00333333 3 4 17 84
0.01 4 3 26 97
0.0166667 9 4 21 91
0.0233333 2 5 22 93
0.03 7 5 27 101
0.0366667 4 14 35 116
0.0433333 6 8 46 148
0.05 3 11 50 148
0.0566667 3 12 78 160
0.0633333 3 5 84 165
0.07 6 5 67 180
0.0766667 7 23 86 224
0.0833333 5 12 73 219
0.09 8 12 82 207
0.0966667 5 16 82 220
0.103333 6 18 87 205
0.11 6 9 72 215
0.116667 6 17 82 248
0.123333 4 12 78 231
0.13 9 16 66 237
0.136667 13 8 68 205
0.143333 5 15 66 222
0.15 11 10 52 252
0.156667 10 12 66 222
0.163333 9 12 55 240
0.17 9 17 44 214
0.176667 6 11 42 219
0.183333 7 9 53 269
0.19 16 13 54 320
0.196667 10 15 41 313
0.203333 19 15 57 277
0.21 13 9 46 277
0.216667 3 9 42 239
0.223333 9 11 49 239
0.23 8 5 51 208
0.236667 7 16 52 218
0.243333 5 7 33 200
0.25 10 12 33 182
0.256667 4 15 34 182
0.263333 5 4 33 173
0.27 5 9 31 165
0.276667 7 6 37 166
0.283333 8 3 31 156
0.29 6 6 31 129
0.296667 3 5 41 144
0.303333 1 9 23 121
0.31 8 12 40 134
0.316667 3 6 31 134
0.323333 2 14 31 127
0.33 5 6 25 133
0.336667 4 6 34 118
0.343333 7 7 31 124
0.35 4 4 31 106
0.356667 7 6 32 110
0.363333 7 6 34 111
0.37 2 7 37 103
0.376667 5 8 28 120
0.383333 7 9 29 128
0.39 3 1 17 123
0.396667 6 6 29 113
0.403333 3 3 21 117
0.41 7 6 21 124
0.416667 3 7 20 94
0.423333 7 5 31 101
0.43 5 2 23 116
0.436667 8 5 20 100
0.443333 2 3 20 105
0.45 3 7 15 83
0.456667 7 5 18 101
0.463333 6 8 22 105
0.47 6 3 23 82
0.476667 5 7 19 91
0.483333 3 4 18 50
0.49 7 1 21 55
0.496667 2 3 18 46
0.503333 2 4 16 39
0.51 3 1 8 36
0.516667 4 1 15 40
0.523333 1 7 15 48
0.53 2 3 12 42
0.536667 2 1 10 27
0.543333 2 5 13 40
0.55 6 5 17 28
0.556667 3 4 9 39
0.563333 0 5 9 27
0.57 2 2 14 38
0.576667 3 7 15 40
0.583333 1 5 7 30
0.59 8 5 12 27
0.596667 2 4 11 20
0.603333 2 2 13 27
0.61 1 4 10 24
0.616667 3 1 11 31
0.623333 5 4 5 35
0.63 2 1 12 30
0.636667 6 5 9 36
0.643333 3 4 10 24
0.65 2 4 7 23
0.656667 5 3 6 25
0.663333 231 123 375 5171
0.67 0 0 0 0
0.676667 0 0 0 0
0.683333 0 0 0 0
0.69 0 0 0 0
0.696667 0 0 0 0
0.703333 0 0 0 0
0.71 0 0 0 0
0.716667 0 0 0 0
0.723333 0 0 0 0
0.73 0 0 0 0
0.736667 0 0 0 0
0.743333 0 0 0 0
0.75 0 0 0 0
0.756667 0 0 0 0
0.763333 0 0 0 0
0.77 0 0 0 0
0.776667 0 0 0 0
0.783333 0 0 0 0
0.79 0 0 0 0
0.796667 0 0 0 0
0.803333 0 0 0 0
0.81 0 0 0 0
0.816667 0 0 0 0
0.823333 0 0 0 0
0.83 0 0 0 0
0.836667 0 0 0 0
0.843333 0 0 0 0
0.85 0 0 0 0
0.856667 0 0 0 0
0.863333 0 0 0 0
0.87 0 0 0 0
0.876667 0 0 0 0
0.883333 0 0 0 0
0.89 0 0 0 0
0.896667 0 0 0 0
0.903333 0 0 0 0
0.91 0 0 0 0
0.916667 0 0 0 0
0.923333 0 0 0 0
0.93 0 0 0 0
0.936667 0 0 0 0
0.943333 0 0 0 0
0.95 0 0 0 0
0.956667 0 0 0 0
0.963333 0 0 0 0
0.97 0 0 0 0
0.976667 0 0 0 0
0.983333 0 0 0 0
0.99 0 0 0 0
0.996667 0 0 0 0
1.00333 0 0 0 0
1.01 0 0 0 0
1.01667 0 0 0 0
1.02333 0 0 0 0
1.03 0 0 0 0
1.03667 0 0 0 0
1.04333 0 0 0 0
1.05 0 0 0 0
1.05667 0 0 0 0
1.06333 0 0 0 0
1.07 0 0 0 0
1.07667 0 0 0 0
1.08333 0 0 0 0
1.09 0 0 0 0
1.09667 0 0 0 0
1.10333 0 0 0 0
1.11 0 0 0 0
1.11667 0 0 0 0
1.12333 0 0 0 0
1.13 0 0 0 0
1.13667 0 0 0 0
1.14333 0 0 0 0
1.15 0 0 0 0
1.15667 0 0 0 0
1.16333 0 0 0 0
1.17 0 0 0 0
1.17667 0 0 0 0
1.18333 0 0 0 0
1.19 0 0 0 0
1.19667 0 0 0 0
1.20333 0 0 0 0
1.21 0 0 0 0
1.21667 0 0 0 0
1.22333 0 0 0 0
1.23 0 0 0 0
1.23667 0 0 0 0
1.24333 0 0 0 0
1.25 0 0 0 0
1.25667 0 0 0 0
1.26333 0 0 0 0
1.27 0 0 0 0
1.27667 0 0 0 0
1.28333 0 0 0 0
1.29 0 0 0 0
1.29667 0 0 0 0
1.30333 0 0 0 0
1.31 0 0 0 0
1.31667 0 0 0 0
1.32333 0 0 0 0
1.33 0 0 0 0
1.33667 0 0 0 0
1.34333 0 0 0 0
1.35 0 0 0 0
1.35667 0 0 0 0
1.36333 0 0 0 0
1.37 0 0 0 0
1.37667 0 0 0 0
1.38333 0 0 0 0
1.39 0 0 0 0
1.39667 0 0 0 0
1.40333 0 0 0 0
1.41 0 0 0 0
1.41667 0 0 0 0
1.42333 0 0 0 0
1.43 0 0 0 0
1.43667 0 0 0 0
1.44333 0 0 0 0
1.45 0 0 0 0
1.45667 0 0 0 0
1.46333 0 0 0 0
1.47 0 0 0 0
1.47667 0 0 0 0
1.48333 0 0 0 0
1.49 0 0 0 0
1.49667 0 0 0 0
1.50333 0 0 0 0
1.51 0 0 0 0
1.51667 0 0 0 0
1.52333 0 0 0 0
1.53 0 0 0 0
1.53667 0 0 0 0
1.54333 0 0 0 0
1.55 0 0 0 0
1.55667 0 0 0 0
1.56333 0 0 0 0
1.57 0 0 0 0
1.57667 0 0 0 0
1.58333 0 0 0 0
1.59 0 0 0 0
1.59667 0 0 0 0
1.60333 0 0 0 0
1.61 0 0 0 0
1.61667 0 0 0 0
1.62333 0 0 0 0
1.63 0 0 0 0
1.63667 0 0 0 0
1.64333 0 0 0 0
1.65 0 0 0 0
1.65667 0 0 0 0
1.66333 0 0 0 0
1.67 0 0 0 0
1.67667 0 0 0 0
1.68333 0 0 0 0
1.69 0 0 0 0
1.69667 0 0 0 0
1.70333 0 0 0 0
1.71 0 0 0 0
1.71667 0 0 0 0
1.72333 0 0 0 0
1.73 0 0 0 0
1.73667 0 0 0 0
1.74333 0 0 0 0
1.75 0 0 0 0
1.75667 0 0 0 0
1.76333 0 0 0 0
1.77 0 0 0 0
1.77667 0 0 0 0
1.78333 0 0 0 0
1.79 0 0 0 0
1.79667 0 0 0 0
1.80333 0 0 0 0
1.81 0 0 0 0
1.81667 0 0 0 0
1.82333 0 0 0 0
1.83 0 0 0 0
1.83667 0 0 0 0
1.84333 0 0 0 0
1.85 0 0 0 0
1.85667 0 0 0 0
1.86333 0 0 0 0
1.87 0 0 0 0
1.87667 0 0 0 0
1.88333 0 0 0 0
1.89 0 0 0 0
1.89667 0 0 0 0
1.90333 0 0 0 0
1.91 0 0 0 0
1.91667 0 0 0 0
1.92333 0 0 0 0
1.93 0 0 0 0
1.93667 0 0 0 0
1.94333 0 0 0 0
1.95 0 0 0 0
1.95667 0 0 0 0
1.96333 0 0 0 0
1.97 0 0 0 0
1.97667 0 0 0 0
1.98333 0 0 0 0
1.99 0 0 0 0
1.99667 0 0 0 0
