0.00333333 104 20 0 7
0.01 102 29 0 2
0.0166667 123 35 0 3
0.0233333 109 31 0 3
0.03 108 35 0 3
0.0366667 99 28 2 3
0.0433333 109 33 2 2
0.05 109 39 0 2
0.0566667 129 39 1 1
0.0633333 124 44 0 1
0.07 115 31 3 0
0.0766667 144 43 3 5
0.0833333 129 45 0 10
0.09 134 39 0 6
0.0966667 163 37 0 1
0.103333 140 42 2 4
0.11 130 48 1 3
0.116667 146 57 0 4
0.123333 145 51 1 5
0.13 140 43 0 3
0.136667 152 33 2 3
0.143333 156 41 2 3
0.15 149 37 1 4
0.156667 148 36 2 4
0.163333 155 37 1 7
0.17 168 41 1 2
0.176667 125 45 3 1
0.183333 180 38 0 1
0.19 159 47 1 3
0.196667 182 45 0 3
0.203333 197 47 0 4
0.21 202 50 1 7
0.216667 204 49 0 3
0.223333 200 55 0 2
0.23 165 52 0 2
0.236667 182 61 1 4
0.243333 187 53 0 3
0.25 162 48 1 2
0.256667 168 45 0 4
0.263333 151 46 0 3
0.27 160 43 0 4
0.276667 159 44 0 3
0.283333 150 33 0 5
0.29 126 47 0 5
0.296667 147 45 0 1
0.303333 132 46 1 5
0.31 137 44 0 3
0.316667 143 36 2 5
0.323333 132 33 1 3
0.33 136 43 0 2
0.336667 142 43 0 2
0.343333 144 34 0 4
0.35 117 26 0 2
0.356667 126 46 0 6
0.363333 113 28 0 3
0.37 127 48 0 8
0.376667 128 32 0 4
0.383333 127 38 0 3
0.39 110 37 1 5
0.396667 109 26 0 1
0.403333 121 29 3 3
0.41 148 39 0 2
0.416667 128 47 1 1
0.423333 118 39 0 5
0.43 111 34 0 4
0.436667 123 45 0 6
0.443333 121 40 0 7
0.45 112 39 1 9
0.456667 101 35 0 3
0.463333 119 40 0 8
0.47 137 34 1 4
0.476667 106 36 0 2
0.483333 49 16 1 2
0.49 44 14 0 2
0.496667 47 22 0 3
0.503333 52 16 0 3
0.51 37 12 0 0
0.516667 39 14 0 3
0.523333 28 14 0 0
0.53 33 16 0 1
0.536667 30 10 0 0
0.543333 19 10 0 1
0.55 30 7 0 2
0.556667 26 13 0 2
0.563333 12 12 0 1
0.57 20 10 0 0
0.576667 26 7 0 0
0.583333 23 8 0 2
0.59 12 5 0 0
0.596667 18 6 0 0
0.603333 19 11 0 0
0.61 16 8 0 0
0.616667 16 7 0 1
0.623333 17 4 0 1
0.63 20 4 0 0
0.636667 35 10 1 1
0.643333 12 5 0 2
0.65 9 4 0 2
0.656667 4 7 0 0
0.663333 7730 2018 3 250
0.67 0 0 0 0
0.676667 0 0 0 0
0.683333 0 0 0 0
0.69 0 0 0 0
0.696667 0 0 0 0
0.703333 0 0 0 0
0.71 0 0 0 0
0.716667 0 0 0 0
0.723333 0 0 0 0
0.73 0 0 0 0
0.736667 0 0 0 0
0.743333 0 0 0 0
0.75 0 0 0 0
0.756667 0 0 0 0
0.763333 0 0 0 0
0.77 0 0 0 0
0.776667 0 0 0 0
0.783333 0 0 0 0
0.79 0 0 0 0
0.796667 0 0 0 0
0.803333 0 0 0 0
0.81 0 0 0 0
0.816667 0 0 0 0
0.823333 0 0 0 0
0.83 0 0 0 0
0.836667 0 0 0 0
0.843333 0 0 0 0
0.85 0 0 0 0
0.856667 0 0 0 0
0.863333 0 0 0 0
0.87 0 0 0 0
0.876667 0 0 0 0
0.883333 0 0 0 0
0.89 0 0 0 0
0.896667 0 0 0 0
0.903333 0 0 0 0
0.91 0 0 0 0
0.916667 0 0 0 0
0.923333 0 0 0 0
0.93 0 0 0 0
0.936667 0 0 0 0
0.943333 0 0 0 0
0.95 0 0 0 0
0.956667 0 0 0 0
0.963333 0 0 0 0
0.97 0 0 0 0
0.976667 0 0 0 0
0.983333 0 0 0 0
0.99 0 0 0 0
0.996667 0 0 0 0
1.00333 0 0 0 0
1.01 0 0 0 0
1.01667 0 0 0 0
1.02333 0 0 0 0
1.03 0 0 0 0
1.03667 0 0 0 0
1.04333 0 0 0 0
1.05 0 0 0 0
1.05667 0 0 0 0
1.06333 0 0 0 0
1.07 0 0 0 0
1.07667 0 0 0 0
1.08333 0 0 0 0
1.09 0 0 0 0
1.09667 0 0 0 0
1.10333 0 0 0 0
1.11 0 0 0 0
1.11667 0 0 0 0
1.12333 0 0 0 0
1.13 0 0 0 0
1.13667 0 0 0 0
1.14333 0 0 0 0
1.15 0 0 0 0
1.15667 0 0 0 0
1.16333 0 0 0 0
1.17 0 0 0 0
1.17667 0 0 0 0
1.18333 0 0 0 0
1.19 0 0 0 0
1.19667 0 0 0 0
1.20333 0 0 0 0
1.21 0 0 0 0
1.21667 0 0 0 0
1.22333 0 0 0 0
1.23 0 0 0 0
1.23667 0 0 0 0
1.24333 0 0 0 0
1.25 0 0 0 0
1.25667 0 0 0 0
1.26333 0 0 0 0
1.27 0 0 0 0
1.27667 0 0 0 0
1.28333 0 0 0 0
1.29 0 0 0 0
1.29667 0 0 0 0
1.30333 0 0 0 0
1.31 0 0 0 0
1.31667 0 0 0 0
1.32333 0 0 0 0
1.33 0 0 0 0
1.33667 0 0 0 0
1.34333 0 0 0 0
1.35 0 0 0 0
1.35667 0 0 0 0
1.36333 0 0 0 0
1.37 0 0 0 0
1.37667 0 0 0 0
1.38333 0 0 0 0
1.39 0 0 0 0
1.39667 0 0 0 0
1.40333 0 0 0 0
1.41 0 0 0 0
1.41667 0 0 0 0
1.42333 0 0 0 0
1.43 0 0 0 0
1.43667 0 0 0 0
1.44333 0 0 0 0
1.45 0 0 0 0
1.45667 0 0 0 0
1.46333 0 0 0 0
1.47 0 0 0 0
1.47667 0 0 0 0
1.48333 0 0 0 0
1.49 0 0 0 0
1.49667 0 0 0 0
1.50333 0 0 0 0
1.51 0 0 0 0
1.51667 0 0 0 0
1.52333 0 0 0 0
1.53 0 0 0 0
1.53667 0 0 0 0
1.54333 0 0 0 0
1.55 0 0 0 0
1.55667 0 0 0 0
1.56333 0 0 0 0
1.57 0 0 0 0
1.57667 0 0 0 0
1.58333 0 0 0 0
1.59 0 0 0 0
1.59667 0 0 0 0
1.60333 0 0 0 0
1.61 0 0 0 0
1.61667 0 0 0 0
1.62333 0 0 0 0
1.63 0 0 0 0
1.63667 0 0 0 0
1.64333 0 0 0 0
1.65 0 0 0 0
1.65667 0 0 0 0
1.66333 0 0 0 0
1.67 0 0 0 0
1.67667 0 0 0 0
1.68333 0 0 0 0
1.69 0 0 0 0
1.69667 0 0 0 0
1.70333 0 0 0 0
1.71 0 0 0 0
1.71667 0 0 0 0
1.72333 0 0 0 0
1.73 0 0 0 0
1.73667 0 0 0 0
1.74333 0 0 0 0
1.75 0 0 0 0
1.75667 0 0 0 0
1.76333 0 0 0 0
1.77 0 0 0 0
1.77667 0 0 0 0
1.78333 0 0 0 0
1.79 0 0 0 0
1.79667 0 0 0 0
1.80333 0 0 0 0
1.81 0 0 0 0
1.81667 0 0 0 0
1.82333 0 0 0 0
1.83 0 0 0 0
1.83667 0 0 0 0
1.84333 0 0 0 0
1.85 0 0 0 0
1.85667 0 0 0 0
1.86333 0 0 0 0
1.87 0 0 0 0
1.87667 0 0 0 0
1.88333 0 0 0 0
1.89 0 0 0 0
1.89667 0 0 0 0
1.90333 0 0 0 0
1.91 0 0 0 0
1.91667 0 0 0 0
1.92333 0 0 0 0
1.93 0 0 0 0
1.93667 0 0 0 0
1.94333 0 0 0 0
1.95 0 0 0 0
1.95667 0 0 0 0
1.96333 0 0 0 0
1.97 0 0 0 0
1.97667 0 0 0 0
1.98333 0 0 0 0
1.99 0 0 0 0
1.99667 0 0 0 0
