0.00333333 20 22 3 0
0.01 33 40 5 0
0.0166667 44 44 2 0
0.0233333 34 28 6 0
0.03 51 57 2 1
0.0366667 56 48 4 0
0.0433333 88 65 7 0
0.05 108 83 5 3
0.0566667 91 94 8 0
0.0633333 116 108 7 2
0.07 136 101 15 0
0.0766667 132 106 7 2
0.0833333 134 115 15 0
0.09 144 120 10 0
0.0966667 136 107 8 0
0.103333 131 101 6 3
0.11 143 108 8 0
0.116667 126 130 12 0
0.123333 141 106 15 3
0.13 133 117 12 0
0.136667 113 92 9 1
0.143333 94 117 10 0
0.15 113 94 6 3
0.156667 76 94 8 3
0.163333 85 101 15 1
0.17 82 102 7 0
0.176667 80 102 11 0
0.183333 102 70 14 0
0.19 92 106 7 0
0.196667 86 87 11 1
0.203333 80 75 9 2
0.21 84 76 10 2
0.216667 75 71 11 0
0.223333 77 86 8 2
0.23 62 59 9 1
0.236667 63 76 10 0
0.243333 72 63 2 1
0.25 63 63 8 0
0.256667 61 61 7 0
0.263333 72 63 11 0
0.27 70 44 4 0
0.276667 76 48 4 3
0.283333 61 64 8 3
0.29 62 61 3 1
0.296667 52 46 4 1
0.303333 53 49 6 0
0.31 70 46 2 0
0.316667 58 41 2 0
0.323333 54 67 7 0
0.33 56 48 5 0
0.336667 62 43 6 0
0.343333 63 41 6 2
0.35 39 41 3 1
0.356667 35 37 4 0
0.363333 52 37 3 0
0.37 39 43 6 0
0.376667 34 48 1 0
0.383333 36 39 2 1
0.39 38 49 3 0
0.396667 37 23 4 2
0.403333 33 37 5 1
0.41 45 40 2 2
0.416667 34 33 11 0
0.423333 43 42 2 0
0.43 32 35 2 1
0.436667 35 23 10 1
0.443333 30 38 4 0
0.45 33 37 4 0
0.456667 37 28 7 0
0.463333 34 23 7 0
0.47 27 26 7 1
0.476667 34 30 6 0
0.483333 34 30 2 0
0.49 23 23 2 0
0.496667 29 21 2 0
0.503333 24 26 5 1
0.51 12 19 4 0
0.516667 28 23 3 0
0.523333 19 12 3 1
0.53 12 19 3 0
0.536667 19 24 5 1
0.543333 15 16 5 0
0.55 19 14 3 0
0.556667 25 24 5 0
0.563333 19 14 3 1
0.57 18 19 3 1
0.576667 17 18 4 0
0.583333 19 16 1 0
0.59 17 14 4 1
0.596667 21 16 4 0
0.603333 14 19 1 0
0.61 17 19 3 0
0.616667 12 18 4 2
0.623333 17 22 1 0
0.63 15 19 2 1
0.636667 24 22 1 0
0.643333 20 14 4 0
0.65 18 15 3 1
0.656667 15 17 1 1
0.663333 750 770 121 3
0.67 0 0 0 0
0.676667 0 0 0 0
0.683333 0 0 0 0
0.69 0 0 0 0
0.696667 0 0 0 0
0.703333 0 0 0 0
0.71 0 0 0 0
0.716667 0 0 0 0
0.723333 0 0 0 0
0.73 0 0 0 0
0.736667 0 0 0 0
0.743333 0 0 0 0
0.75 0 0 0 0
0.756667 0 0 0 0
0.763333 0 0 0 0
0.77 0 0 0 0
0.776667 0 0 0 0
0.783333 0 0 0 0
0.79 0 0 0 0
0.796667 0 0 0 0
0.803333 0 0 0 0
0.81 0 0 0 0
0.816667 0 0 0 0
0.823333 0 0 0 0
0.83 0 0 0 0
0.836667 0 0 0 0
0.843333 0 0 0 0
0.85 0 0 0 0
0.856667 0 0 0 0
0.863333 0 0 0 0
0.87 0 0 0 0
0.876667 0 0 0 0
0.883333 0 0 0 0
0.89 0 0 0 0
0.896667 0 0 0 0
0.903333 0 0 0 0
0.91 0 0 0 0
0.916667 0 0 0 0
0.923333 0 0 0 0
0.93 0 0 0 0
0.936667 0 0 0 0
0.943333 0 0 0 0
0.95 0 0 0 0
0.956667 0 0 0 0
0.963333 0 0 0 0
0.97 0 0 0 0
0.976667 0 0 0 0
0.983333 0 0 0 0
0.99 0 0 0 0
0.996667 0 0 0 0
1.00333 0 0 0 0
1.01 0 0 0 0
1.01667 0 0 0 0
1.02333 0 0 0 0
1.03 0 0 0 0
1.03667 0 0 0 0
1.04333 0 0 0 0
1.05 0 0 0 0
1.05667 0 0 0 0
1.06333 0 0 0 0
1.07 0 0 0 0
1.07667 0 0 0 0
1.08333 0 0 0 0
1.09 0 0 0 0
1.09667 0 0 0 0
1.10333 0 0 0 0
1.11 0 0 0 0
1.11667 0 0 0 0
1.12333 0 0 0 0
1.13 0 0 0 0
1.13667 0 0 0 0
1.14333 0 0 0 0
1.15 0 0 0 0
1.15667 0 0 0 0
1.16333 0 0 0 0
1.17 0 0 0 0
1.17667 0 0 0 0
1.18333 0 0 0 0
1.19 0 0 0 0
1.19667 0 0 0 0
1.20333 0 0 0 0
1.21 0 0 0 0
1.21667 0 0 0 0
1.22333 0 0 0 0
1.23 0 0 0 0
1.23667 0 0 0 0
1.24333 0 0 0 0
1.25 0 0 0 0
1.25667 0 0 0 0
1.26333 0 0 0 0
1.27 0 0 0 0
1.27667 0 0 0 0
1.28333 0 0 0 0
1.29 0 0 0 0
1.29667 0 0 0 0
1.30333 0 0 0 0
1.31 0 0 0 0
1.31667 0 0 0 0
1.32333 0 0 0 0
1.33 0 0 0 0
1.33667 0 0 0 0
1.34333 0 0 0 0
1.35 0 0 0 0
1.35667 0 0 0 0
1.36333 0 0 0 0
1.37 0 0 0 0
1.37667 0 0 0 0
1.38333 0 0 0 0
1.39 0 0 0 0
1.39667 0 0 0 0
1.40333 0 0 0 0
1.41 0 0 0 0
1.41667 0 0 0 0
1.42333 0 0 0 0
1.43 0 0 0 0
1.43667 0 0 0 0
1.44333 0 0 0 0
1.45 0 0 0 0
1.45667 0 0 0 0
1.46333 0 0 0 0
1.47 0 0 0 0
1.47667 0 0 0 0
1.48333 0 0 0 0
1.49 0 0 0 0
1.49667 0 0 0 0
1.50333 0 0 0 0
1.51 0 0 0 0
1.51667 0 0 0 0
1.52333 0 0 0 0
1.53 0 0 0 0
1.53667 0 0 0 0
1.54333 0 0 0 0
1.55 0 0 0 0
1.55667 0 0 0 0
1.56333 0 0 0 0
1.57 0 0 0 0
1.57667 0 0 0 0
1.58333 0 0 0 0
1.59 0 0 0 0
1.59667 0 0 0 0
1.60333 0 0 0 0
1.61 0 0 0 0
1.61667 0 0 0 0
1.62333 0 0 0 0
1.63 0 0 0 0
1.63667 0 0 0 0
1.64333 0 0 0 0
1.65 0 0 0 0
1.65667 0 0 0 0
1.66333 0 0 0 0
1.67 0 0 0 0
1.67667 0 0 0 0
1.68333 0 0 0 0
1.69 0 0 0 0
1.69667 0 0 0 0
1.70333 0 0 0 0
1.71 0 0 0 0
1.71667 0 0 0 0
1.72333 0 0 0 0
1.73 0 0 0 0
1.73667 0 0 0 0
1.74333 0 0 0 0
1.75 0 0 0 0
1.75667 0 0 0 0
1.76333 0 0 0 0
1.77 0 0 0 0
1.77667 0 0 0 0
1.78333 0 0 0 0
1.79 0 0 0 0
1.79667 0 0 0 0
1.80333 0 0 0 0
1.81 0 0 0 0
1.81667 0 0 0 0
1.82333 0 0 0 0
1.83 0 0 0 0
1.83667 0 0 0 0
1.84333 0 0 0 0
1.85 0 0 0 0
1.85667 0 0 0 0
1.86333 0 0 0 0
1.87 0 0 0 0
1.87667 0 0 0 0
1.88333 0 0 0 0
1.89 0 0 0 0
1.89667 0 0 0 0
1.90333 0 0 0 0
1.91 0 0 0 0
1.91667 0 0 0 0
1.92333 0 0 0 0
1.93 0 0 0 0
1.93667 0 0 0 0
1.94333 0 0 0 0
1.95 0 0 0 0
1.95667 0 0 0 0
1.96333 0 0 0 0
1.97 0 0 0 0
1.97667 0 0 0 0
1.98333 0 0 0 0
1.99 0 0 0 0
1.99667 0 0 0 0
