0.00333333 40 98 2 2
0.01 50 118 4 8
0.0166667 48 117 4 4
0.0233333 50 141 11 4
0.03 55 148 4 3
0.0366667 75 152 4 5
0.0433333 85 207 6 0
0.05 93 218 13 2
0.0566667 110 248 12 3
0.0633333 129 290 7 8
0.07 134 300 18 5
0.0766667 135 313 14 10
0.0833333 163 335 15 9
0.09 164 347 15 7
0.0966667 159 342 15 3
0.103333 141 319 6 7
0.11 151 353 8 13
0.116667 172 352 20 11
0.123333 146 401 8 6
0.13 160 374 9 12
0.136667 139 373 15 6
0.143333 149 332 9 6
0.15 128 354 13 6
0.156667 152 307 18 5
0.163333 116 336 12 7
0.17 144 321 13 4
0.176667 109 289 7 11
0.183333 133 345 18 5
0.19 148 398 10 7
0.196667 138 384 8 11
0.203333 147 327 4 8
0.21 139 370 11 9
0.216667 131 371 12 2
0.223333 119 290 9 11
0.23 88 323 12 5
0.236667 109 317 5 5
0.243333 82 269 3 7
0.25 93 240 5 6
0.256667 90 236 5 4
0.263333 101 233 5 3
0.27 94 223 10 8
0.276667 86 213 6 4
0.283333 72 179 8 5
0.29 74 183 0 4
0.296667 87 166 2 7
0.303333 72 177 8 3
0.31 60 178 4 2
0.316667 72 144 4 2
0.323333 76 170 7 3
0.33 52 166 3 7
0.336667 75 142 6 4
0.343333 76 148 3 6
0.35 71 170 8 2
0.356667 64 144 5 0
0.363333 70 156 7 1
0.37 68 138 3 6
0.376667 65 122 10 5
0.383333 59 145 9 2
0.39 63 121 5 1
0.396667 54 135 5 2
0.403333 55 142 6 2
0.41 45 138 4 2
0.416667 40 132 4 3
0.423333 58 126 7 3
0.43 53 133 10 3
0.436667 70 131 2 3
0.443333 54 113 3 5
0.45 59 148 4 2
0.456667 58 141 2 3
0.463333 56 136 6 3
0.47 58 119 1 7
0.476667 51 117 7 4
0.483333 32 70 2 6
0.49 38 85 2 3
0.496667 28 64 6 3
0.503333 35 61 6 1
0.51 32 70 7 2
0.516667 25 57 3 4
0.523333 33 81 2 1
0.53 33 50 1 1
0.536667 29 51 1 3
0.543333 22 47 3 1
0.55 24 55 4 3
0.556667 28 37 4 2
0.563333 27 55 2 2
0.57 21 45 4 3
0.576667 34 60 4 1
0.583333 24 49 0 1
0.59 19 59 0 0
0.596667 17 40 4 1
0.603333 24 51 0 5
0.61 20 50 1 4
0.616667 27 44 3 3
0.623333 24 41 3 4
0.63 23 51 0 0
0.636667 38 55 0 4
0.643333 21 25 0 2
0.65 28 32 1 2
0.656667 12 44 4 3
0.663333 1804 5307 59 111
0.67 0 0 0 0
0.676667 0 0 0 0
0.683333 0 0 0 0
0.69 0 0 0 0
0.696667 0 0 0 0
0.703333 0 0 0 0
0.71 0 0 0 0
0.716667 0 0 0 0
0.723333 0 0 0 0
0.73 0 0 0 0
0.736667 0 0 0 0
0.743333 0 0 0 0
0.75 0 0 0 0
0.756667 0 0 0 0
0.763333 0 0 0 0
0.77 0 0 0 0
0.776667 0 0 0 0
0.783333 0 0 0 0
0.79 0 0 0 0
0.796667 0 0 0 0
0.803333 0 0 0 0
0.81 0 0 0 0
0.816667 0 0 0 0
0.823333 0 0 0 0
0.83 0 0 0 0
0.836667 0 0 0 0
0.843333 0 0 0 0
0.85 0 0 0 0
0.856667 0 0 0 0
0.863333 0 0 0 0
0.87 0 0 0 0
0.876667 0 0 0 0
0.883333 0 0 0 0
0.89 0 0 0 0
0.896667 0 0 0 0
0.903333 0 0 0 0
0.91 0 0 0 0
0.916667 0 0 0 0
0.923333 0 0 0 0
0.93 0 0 0 0
0.936667 0 0 0 0
0.943333 0 0 0 0
0.95 0 0 0 0
0.956667 0 0 0 0
0.963333 0 0 0 0
0.97 0 0 0 0
0.976667 0 0 0 0
0.983333 0 0 0 0
0.99 0 0 0 0
0.996667 0 0 0 0
1.00333 0 0 0 0
1.01 0 0 0 0
1.01667 0 0 0 0
1.02333 0 0 0 0
1.03 0 0 0 0
1.03667 0 0 0 0
1.04333 0 0 0 0
1.05 0 0 0 0
1.05667 0 0 0 0
1.06333 0 0 0 0
1.07 0 0 0 0
1.07667 0 0 0 0
1.08333 0 0 0 0
1.09 0 0 0 0
1.09667 0 0 0 0
1.10333 0 0 0 0
1.11 0 0 0 0
1.11667 0 0 0 0
1.12333 0 0 0 0
1.13 0 0 0 0
1.13667 0 0 0 0
1.14333 0 0 0 0
1.15 0 0 0 0
1.15667 0 0 0 0
1.16333 0 0 0 0
1.17 0 0 0 0
1.17667 0 0 0 0
1.18333 0 0 0 0
1.19 0 0 0 0
1.19667 0 0 0 0
1.20333 0 0 0 0
1.21 0 0 0 0
1.21667 0 0 0 0
1.22333 0 0 0 0
1.23 0 0 0 0
1.23667 0 0 0 0
1.24333 0 0 0 0
1.25 0 0 0 0
1.25667 0 0 0 0
1.26333 0 0 0 0
1.27 0 0 0 0
1.27667 0 0 0 0
1.28333 0 0 0 0
1.29 0 0 0 0
1.29667 0 0 0 0
1.30333 0 0 0 0
1.31 0 0 0 0
1.31667 0 0 0 0
1.32333 0 0 0 0
1.33 0 0 0 0
1.33667 0 0 0 0
1.34333 0 0 0 0
1.35 0 0 0 0
1.35667 0 0 0 0
1.36333 0 0 0 0
1.37 0 0 0 0
1.37667 0 0 0 0
1.38333 0 0 0 0
1.39 0 0 0 0
1.39667 0 0 0 0
1.40333 0 0 0 0
1.41 0 0 0 0
1.41667 0 0 0 0
1.42333 0 0 0 0
1.43 0 0 0 0
1.43667 0 0 0 0
1.44333 0 0 0 0
1.45 0 0 0 0
1.45667 0 0 0 0
1.46333 0 0 0 0
1.47 0 0 0 0
1.47667 0 0 0 0
1.48333 0 0 0 0
1.49 0 0 0 0
1.49667 0 0 0 0
1.50333 0 0 0 0
1.51 0 0 0 0
1.51667 0 0 0 0
1.52333 0 0 0 0
1.53 0 0 0 0
1.53667 0 0 0 0
1.54333 0 0 0 0
1.55 0 0 0 0
1.55667 0 0 0 0
1.56333 0 0 0 0
1.57 0 0 0 0
1.57667 0 0 0 0
1.58333 0 0 0 0
1.59 0 0 0 0
1.59667 0 0 0 0
1.60333 0 0 0 0
1.61 0 0 0 0
1.61667 0 0 0 0
1.62333 0 0 0 0
1.63 0 0 0 0
1.63667 0 0 0 0
1.64333 0 0 0 0
1.65 0 0 0 0
1.65667 0 0 0 0
1.66333 0 0 0 0
1.67 0 0 0 0
1.67667 0 0 0 0
1.68333 0 0 0 0
1.69 0 0 0 0
1.69667 0 0 0 0
1.70333 0 0 0 0
1.71 0 0 0 0
1.71667 0 0 0 0
1.72333 0 0 0 0
1.73 0 0 0 0
1.73667 0 0 0 0
1.74333 0 0 0 0
1.75 0 0 0 0
1.75667 0 0 0 0
1.76333 0 0 0 0
1.77 0 0 0 0
1.77667 0 0 0 0
1.78333 0 0 0 0
1.79 0 0 0 0
1.79667 0 0 0 0
1.80333 0 0 0 0
1.81 0 0 0 0
1.81667 0 0 0 0
1.82333 0 0 0 0
1.83 0 0 0 0
1.83667 0 0 0 0
1.84333 0 0 0 0
1.85 0 0 0 0
1.85667 0 0 0 0
1.86333 0 0 0 0
1.87 0 0 0 0
1.87667 0 0 0 0
1.88333 0 0 0 0
1.89 0 0 0 0
1.89667 0 0 0 0
1.90333 0 0 0 0
1.91 0 0 0 0
1.91667 0 0 0 0
1.92333 0 0 0 0
1.93 0 0 0 0
1.93667 0 0 0 0
1.94333 0 0 0 0
1.95 0 0 0 0
1.95667 0 0 0 0
1.96333 0 0 0 0
1.97 0 0 0 0
1.97667 0 0 0 0
1.98333 0 0 0 0
1.99 0 0 0 0
1.99667 0 0 0 0
