0.00333333 22 61 9 7
0.01 12 65 4 11
0.0166667 28 76 13 1
0.0233333 24 90 12 8
0.03 24 80 21 12
0.0366667 27 111 23 6
0.0433333 39 124 14 4
0.05 50 153 29 9
0.0566667 75 180 34 17
0.0633333 67 214 40 13
0.07 69 239 41 8
0.0766667 57 235 33 8
0.0833333 71 220 40 19
0.09 59 242 43 12
0.0966667 69 245 34 16
0.103333 85 233 37 18
0.11 57 242 36 14
0.116667 69 257 40 14
0.123333 55 234 39 12
0.13 75 216 40 13
0.136667 52 245 29 16
0.143333 66 204 29 14
0.15 73 224 39 14
0.156667 71 193 26 7
0.163333 62 167 22 13
0.17 45 206 22 14
0.176667 44 179 33 10
0.183333 60 191 29 15
0.19 64 202 22 15
0.196667 68 206 26 16
0.203333 54 191 23 11
0.21 61 189 28 13
0.216667 35 203 19 13
0.223333 48 170 19 18
0.23 39 152 20 12
0.236667 48 153 23 9
0.243333 40 137 22 10
0.25 47 140 22 10
0.256667 41 123 12 8
0.263333 40 132 26 13
0.27 39 130 16 12
0.276667 39 117 14 7
0.283333 40 106 19 7
0.29 33 134 9 4
0.296667 32 115 13 7
0.303333 29 118 15 10
0.31 36 88 18 7
0.316667 40 105 10 11
0.323333 30 98 17 6
0.33 32 88 17 8
0.336667 31 91 18 5
0.343333 25 75 10 6
0.35 29 75 17 8
0.356667 39 72 10 6
0.363333 29 77 13 2
0.37 34 80 6 8
0.376667 29 79 11 13
0.383333 23 65 9 6
0.39 21 74 15 2
0.396667 24 87 5 7
0.403333 16 83 4 9
0.41 17 73 10 4
0.416667 20 80 15 10
0.423333 29 72 19 4
0.43 23 66 10 5
0.436667 29 75 7 3
0.443333 27 81 8 8
0.45 19 65 9 3
0.456667 18 63 11 13
0.463333 28 55 12 8
0.47 26 63 8 5
0.476667 14 41 7 8
0.483333 16 45 3 7
0.49 10 50 8 6
0.496667 20 47 6 5
0.503333 25 33 5 3
0.51 12 48 6 7
0.516667 8 36 7 8
0.523333 16 40 6 2
0.53 10 24 4 2
0.536667 15 39 6 1
0.543333 18 44 5 2
0.55 12 28 9 4
0.556667 12 42 12 3
0.563333 12 40 5 3
0.57 5 34 11 3
0.576667 15 27 6 5
0.583333 18 35 8 1
0.59 14 49 8 5
0.596667 8 35 11 6
0.603333 10 34 9 4
0.61 15 39 5 3
0.616667 12 25 1 2
0.623333 14 29 6 6
0.63 12 38 4 1
0.636667 13 38 4 1
0.643333 6 31 4 1
0.65 7 35 7 6
0.656667 10 18 4 6
0.663333 637 2124 170 146
0.67 0 0 0 0
0.676667 0 0 0 0
0.683333 0 0 0 0
0.69 0 0 0 0
0.696667 0 0 0 0
0.703333 0 0 0 0
0.71 0 0 0 0
0.716667 0 0 0 0
0.723333 0 0 0 0
0.73 0 0 0 0
0.736667 0 0 0 0
0.743333 0 0 0 0
0.75 0 0 0 0
0.756667 0 0 0 0
0.763333 0 0 0 0
0.77 0 0 0 0
0.776667 0 0 0 0
0.783333 0 0 0 0
0.79 0 0 0 0
0.796667 0 0 0 0
0.803333 0 0 0 0
0.81 0 0 0 0
0.816667 0 0 0 0
0.823333 0 0 0 0
0.83 0 0 0 0
0.836667 0 0 0 0
0.843333 0 0 0 0
0.85 0 0 0 0
0.856667 0 0 0 0
0.863333 0 0 0 0
0.87 0 0 0 0
0.876667 0 0 0 0
0.883333 0 0 0 0
0.89 0 0 0 0
0.896667 0 0 0 0
0.903333 0 0 0 0
0.91 0 0 0 0
0.916667 0 0 0 0
0.923333 0 0 0 0
0.93 0 0 0 0
0.936667 0 0 0 0
0.943333 0 0 0 0
0.95 0 0 0 0
0.956667 0 0 0 0
0.963333 0 0 0 0
0.97 0 0 0 0
0.976667 0 0 0 0
0.983333 0 0 0 0
0.99 0 0 0 0
0.996667 0 0 0 0
1.00333 0 0 0 0
1.01 0 0 0 0
1.01667 0 0 0 0
1.02333 0 0 0 0
1.03 0 0 0 0
1.03667 0 0 0 0
1.04333 0 0 0 0
1.05 0 0 0 0
1.05667 0 0 0 0
1.06333 0 0 0 0
1.07 0 0 0 0
1.07667 0 0 0 0
1.08333 0 0 0 0
1.09 0 0 0 0
1.09667 0 0 0 0
1.10333 0 0 0 0
1.11 0 0 0 0
1.11667 0 0 0 0
1.12333 0 0 0 0
1.13 0 0 0 0
1.13667 0 0 0 0
1.14333 0 0 0 0
1.15 0 0 0 0
1.15667 0 0 0 0
1.16333 0 0 0 0
1.17 0 0 0 0
1.17667 0 0 0 0
1.18333 0 0 0 0
1.19 0 0 0 0
1.19667 0 0 0 0
1.20333 0 0 0 0
1.21 0 0 0 0
1.21667 0 0 0 0
1.22333 0 0 0 0
1.23 0 0 0 0
1.23667 0 0 0 0
1.24333 0 0 0 0
1.25 0 0 0 0
1.25667 0 0 0 0
1.26333 0 0 0 0
1.27 0 0 0 0
1.27667 0 0 0 0
1.28333 0 0 0 0
1.29 0 0 0 0
1.29667 0 0 0 0
1.30333 0 0 0 0
1.31 0 0 0 0
1.31667 0 0 0 0
1.32333 0 0 0 0
1.33 0 0 0 0
1.33667 0 0 0 0
1.34333 0 0 0 0
1.35 0 0 0 0
1.35667 0 0 0 0
1.36333 0 0 0 0
1.37 0 0 0 0
1.37667 0 0 0 0
1.38333 0 0 0 0
1.39 0 0 0 0
1.39667 0 0 0 0
1.40333 0 0 0 0
1.41 0 0 0 0
1.41667 0 0 0 0
1.42333 0 0 0 0
1.43 0 0 0 0
1.43667 0 0 0 0
1.44333 0 0 0 0
1.45 0 0 0 0
1.45667 0 0 0 0
1.46333 0 0 0 0
1.47 0 0 0 0
1.47667 0 0 0 0
1.48333 0 0 0 0
1.49 0 0 0 0
1.49667 0 0 0 0
1.50333 0 0 0 0
1.51 0 0 0 0
1.51667 0 0 0 0
1.52333 0 0 0 0
1.53 0 0 0 0
1.53667 0 0 0 0
1.54333 0 0 0 0
1.55 0 0 0 0
1.55667 0 0 0 0
1.56333 0 0 0 0
1.57 0 0 0 0
1.57667 0 0 0 0
1.58333 0 0 0 0
1.59 0 0 0 0
1.59667 0 0 0 0
1.60333 0 0 0 0
1.61 0 0 0 0
1.61667 0 0 0 0
1.62333 0 0 0 0
1.63 0 0 0 0
1.63667 0 0 0 0
1.64333 0 0 0 0
1.65 0 0 0 0
1.65667 0 0 0 0
1.66333 0 0 0 0
1.67 0 0 0 0
1.67667 0 0 0 0
1.68333 0 0 0 0
1.69 0 0 0 0
1.69667 0 0 0 0
1.70333 0 0 0 0
1.71 0 0 0 0
1.71667 0 0 0 0
1.72333 0 0 0 0
1.73 0 0 0 0
1.73667 0 0 0 0
1.74333 0 0 0 0
1.75 0 0 0 0
1.75667 0 0 0 0
1.76333 0 0 0 0
1.77 0 0 0 0
1.77667 0 0 0 0
1.78333 0 0 0 0
1.79 0 0 0 0
1.79667 0 0 0 0
1.80333 0 0 0 0
1.81 0 0 0 0
1.81667 0 0 0 0
1.82333 0 0 0 0
1.83 0 0 0 0
1.83667 0 0 0 0
1.84333 0 0 0 0
1.85 0 0 0 0
1.85667 0 0 0 0
1.86333 0 0 0 0
1.87 0 0 0 0
1.87667 0 0 0 0
1.88333 0 0 0 0
1.89 0 0 0 0
1.89667 0 0 0 0
1.90333 0 0 0 0
1.91 0 0 0 0
1.91667 0 0 0 0
1.92333 0 0 0 0
1.93 0 0 0 0
1.93667 0 0 0 0
1.94333 0 0 0 0
1.95 0 0 0 0
1.95667 0 0 0 0
1.96333 0 0 0 0
1.97 0 0 0 0
1.97667 0 0 0 0
1.98333 0 0 0 0
1.99 0 0 0 0
1.99667 0 0 0 0
