0.00333333 12 37 10 12
0.01 9 37 16 17
0.0166667 15 43 18 9
0.0233333 17 42 22 17
0.03 16 50 27 13
0.0366667 15 46 25 15
0.0433333 29 72 40 13
0.05 17 61 49 22
0.0566667 38 79 55 17
0.0633333 36 112 55 32
0.07 40 106 66 21
0.0766667 38 112 63 25
0.0833333 48 112 49 26
0.09 51 118 52 25
0.0966667 38 121 57 29
0.103333 55 137 52 32
0.11 44 96 74 30
0.116667 35 105 60 44
0.123333 41 109 51 21
0.13 48 117 39 30
0.136667 33 98 49 29
0.143333 44 88 37 23
0.15 43 87 39 32
0.156667 34 71 49 27
0.163333 31 100 35 18
0.17 37 84 41 19
0.176667 36 93 38 27
0.183333 25 80 38 24
0.19 50 93 39 27
0.196667 44 78 37 33
0.203333 31 74 30 27
0.21 31 84 21 30
0.216667 21 82 36 24
0.223333 29 82 27 25
0.23 32 66 26 15
0.236667 37 73 30 12
0.243333 28 59 26 25
0.25 24 60 19 11
0.256667 30 58 29 23
0.263333 19 77 20 20
0.27 20 57 25 15
0.276667 20 52 29 19
0.283333 21 53 22 17
0.29 27 48 21 12
0.296667 26 54 16 13
0.303333 30 55 16 15
0.31 18 34 15 19
0.316667 23 46 26 16
0.323333 21 57 21 19
0.33 15 50 25 13
0.336667 22 44 13 14
0.343333 14 42 15 13
0.35 17 47 15 14
0.356667 12 50 22 11
0.363333 23 32 21 18
0.37 22 51 23 12
0.376667 15 39 20 14
0.383333 22 37 13 13
0.39 19 40 13 13
0.396667 14 33 17 17
0.403333 18 48 20 17
0.41 16 29 23 10
0.416667 22 34 12 14
0.423333 16 30 10 13
0.43 19 41 17 20
0.436667 15 45 19 16
0.443333 18 32 19 19
0.45 21 35 13 16
0.456667 15 36 16 12
0.463333 17 28 15 12
0.47 15 27 19 14
0.476667 17 31 16 16
0.483333 14 29 16 7
0.49 8 27 15 5
0.496667 11 22 14 5
0.503333 15 18 7 6
0.51 7 18 10 9
0.516667 8 19 8 10
0.523333 14 22 11 4
0.53 6 15 5 4
0.536667 9 23 7 8
0.543333 10 22 12 7
0.55 9 18 9 11
0.556667 8 20 10 8
0.563333 11 15 4 5
0.57 9 18 7 7
0.576667 14 20 6 8
0.583333 12 22 10 6
0.59 8 20 7 8
0.596667 10 8 6 6
0.603333 10 12 5 5
0.61 6 16 5 10
0.616667 8 14 12 8
0.623333 8 20 4 4
0.63 10 18 10 5
0.636667 6 17 7 2
0.643333 8 18 10 6
0.65 4 19 1 7
0.656667 6 19 5 11
0.663333 494 845 198 350
0.67 0 0 0 0
0.676667 0 0 0 0
0.683333 0 0 0 0
0.69 0 0 0 0
0.696667 0 0 0 0
0.703333 0 0 0 0
0.71 0 0 0 0
0.716667 0 0 0 0
0.723333 0 0 0 0
0.73 0 0 0 0
0.736667 0 0 0 0
0.743333 0 0 0 0
0.75 0 0 0 0
0.756667 0 0 0 0
0.763333 0 0 0 0
0.77 0 0 0 0
0.776667 0 0 0 0
0.783333 0 0 0 0
0.79 0 0 0 0
0.796667 0 0 0 0
0.803333 0 0 0 0
0.81 0 0 0 0
0.816667 0 0 0 0
0.823333 0 0 0 0
0.83 0 0 0 0
0.836667 0 0 0 0
0.843333 0 0 0 0
0.85 0 0 0 0
0.856667 0 0 0 0
0.863333 0 0 0 0
0.87 0 0 0 0
0.876667 0 0 0 0
0.883333 0 0 0 0
0.89 0 0 0 0
0.896667 0 0 0 0
0.903333 0 0 0 0
0.91 0 0 0 0
0.916667 0 0 0 0
0.923333 0 0 0 0
0.93 0 0 0 0
0.936667 0 0 0 0
0.943333 0 0 0 0
0.95 0 0 0 0
0.956667 0 0 0 0
0.963333 0 0 0 0
0.97 0 0 0 0
0.976667 0 0 0 0
0.983333 0 0 0 0
0.99 0 0 0 0
0.996667 0 0 0 0
1.00333 0 0 0 0
1.01 0 0 0 0
1.01667 0 0 0 0
1.02333 0 0 0 0
1.03 0 0 0 0
1.03667 0 0 0 0
1.04333 0 0 0 0
1.05 0 0 0 0
1.05667 0 0 0 0
1.06333 0 0 0 0
1.07 0 0 0 0
1.07667 0 0 0 0
1.08333 0 0 0 0
1.09 0 0 0 0
1.09667 0 0 0 0
1.10333 0 0 0 0
1.11 0 0 0 0
1.11667 0 0 0 0
1.12333 0 0 0 0
1.13 0 0 0 0
1.13667 0 0 0 0
1.14333 0 0 0 0
1.15 0 0 0 0
1.15667 0 0 0 0
1.16333 0 0 0 0
1.17 0 0 0 0
1.17667 0 0 0 0
1.18333 0 0 0 0
1.19 0 0 0 0
1.19667 0 0 0 0
1.20333 0 0 0 0
1.21 0 0 0 0
1.21667 0 0 0 0
1.22333 0 0 0 0
1.23 0 0 0 0
1.23667 0 0 0 0
1.24333 0 0 0 0
1.25 0 0 0 0
1.25667 0 0 0 0
1.26333 0 0 0 0
1.27 0 0 0 0
1.27667 0 0 0 0
1.28333 0 0 0 0
1.29 0 0 0 0
1.29667 0 0 0 0
1.30333 0 0 0 0
1.31 0 0 0 0
1.31667 0 0 0 0
1.32333 0 0 0 0
1.33 0 0 0 0
1.33667 0 0 0 0
1.34333 0 0 0 0
1.35 0 0 0 0
1.35667 0 0 0 0
1.36333 0 0 0 0
1.37 0 0 0 0
1.37667 0 0 0 0
1.38333 0 0 0 0
1.39 0 0 0 0
1.39667 0 0 0 0
1.40333 0 0 0 0
1.41 0 0 0 0
1.41667 0 0 0 0
1.42333 0 0 0 0
1.43 0 0 0 0
1.43667 0 0 0 0
1.44333 0 0 0 0
1.45 0 0 0 0
1.45667 0 0 0 0
1.46333 0 0 0 0
1.47 0 0 0 0
1.47667 0 0 0 0
1.48333 0 0 0 0
1.49 0 0 0 0
1.49667 0 0 0 0
1.50333 0 0 0 0
1.51 0 0 0 0
1.51667 0 0 0 0
1.52333 0 0 0 0
1.53 0 0 0 0
1.53667 0 0 0 0
1.54333 0 0 0 0
1.55 0 0 0 0
1.55667 0 0 0 0
1.56333 0 0 0 0
1.57 0 0 0 0
1.57667 0 0 0 0
1.58333 0 0 0 0
1.59 0 0 0 0
1.59667 0 0 0 0
1.60333 0 0 0 0
1.61 0 0 0 0
1.61667 0 0 0 0
1.62333 0 0 0 0
1.63 0 0 0 0
1.63667 0 0 0 0
1.64333 0 0 0 0
1.65 0 0 0 0
1.65667 0 0 0 0
1.66333 0 0 0 0
1.67 0 0 0 0
1.67667 0 0 0 0
1.68333 0 0 0 0
1.69 0 0 0 0
1.69667 0 0 0 0
1.70333 0 0 0 0
1.71 0 0 0 0
1.71667 0 0 0 0
1.72333 0 0 0 0
1.73 0 0 0 0
1.73667 0 0 0 0
1.74333 0 0 0 0
1.75 0 0 0 0
1.75667 0 0 0 0
1.76333 0 0 0 0
1.77 0 0 0 0
1.77667 0 0 0 0
1.78333 0 0 0 0
1.79 0 0 0 0
1.79667 0 0 0 0
1.80333 0 0 0 0
1.81 0 0 0 0
1.81667 0 0 0 0
1.82333 0 0 0 0
1.83 0 0 0 0
1.83667 0 0 0 0
1.84333 0 0 0 0
1.85 0 0 0 0
1.85667 0 0 0 0
1.86333 0 0 0 0
1.87 0 0 0 0
1.87667 0 0 0 0
1.88333 0 0 0 0
1.89 0 0 0 0
1.89667 0 0 0 0
1.90333 0 0 0 0
1.91 0 0 0 0
1.91667 0 0 0 0
1.92333 0 0 0 0
1.93 0 0 0 0
1.93667 0 0 0 0
1.94333 0 0 0 0
1.95 0 0 0 0
1.95667 0 0 0 0
1.96333 0 0 0 0
1.97 0 0 0 0
1.97667 0 0 0 0
1.98333 0 0 0 0
1.99 0 0 0 0
1.99667 0 0 0 0
