0.00333333 2 9 34 21
0.01 0 10 44 35
0.0166667 2 7 54 39
0.0233333 6 18 45 33
0.03 0 10 60 33
0.0366667 1 15 76 42
0.0433333 4 20 96 51
0.05 3 21 139 71
0.0566667 5 18 159 83
0.0633333 9 28 174 93
0.07 7 26 171 104
0.0766667 3 34 179 119
0.0833333 7 33 161 105
0.09 5 30 202 111
0.0966667 2 29 168 110
0.103333 3 37 197 96
0.11 4 37 176 121
0.116667 4 39 182 118
0.123333 5 23 152 108
0.13 5 43 166 87
0.136667 6 34 157 99
0.143333 6 35 128 111
0.15 6 18 134 93
0.156667 7 24 142 90
0.163333 7 35 151 75
0.17 7 35 142 81
0.176667 3 27 107 79
0.183333 2 25 125 99
0.19 3 37 121 69
0.196667 2 36 116 88
0.203333 5 30 130 74
0.21 8 24 117 83
0.216667 1 17 105 69
0.223333 1 24 93 73
0.23 3 20 114 67
0.236667 3 19 97 56
0.243333 2 21 91 63
0.25 3 18 77 59
0.256667 3 19 84 58
0.263333 3 16 77 64
0.27 3 12 76 61
0.276667 2 13 79 69
0.283333 3 21 97 61
0.29 1 15 66 55
0.296667 1 18 81 46
0.303333 3 16 80 44
0.31 7 21 62 55
0.316667 4 14 63 45
0.323333 3 17 77 31
0.33 0 12 59 57
0.336667 2 16 60 34
0.343333 5 14 54 52
0.35 2 10 67 36
0.356667 3 17 64 42
0.363333 6 25 69 28
0.37 1 9 56 39
0.376667 4 23 54 43
0.383333 0 18 57 36
0.39 2 19 70 30
0.396667 3 14 53 31
0.403333 3 20 51 34
0.41 5 18 50 34
0.416667 1 22 55 33
0.423333 4 11 50 31
0.43 3 12 54 34
0.436667 3 16 57 37
0.443333 1 13 51 38
0.45 3 13 46 40
0.456667 2 7 52 30
0.463333 4 14 48 42
0.47 5 18 57 29
0.476667 1 20 36 32
0.483333 0 11 41 24
0.49 0 12 28 31
0.496667 3 11 36 32
0.503333 0 9 27 21
0.51 3 9 25 24
0.516667 3 13 42 13
0.523333 1 7 32 19
0.53 1 6 21 20
0.536667 3 4 28 19
0.543333 1 7 18 17
0.55 2 5 38 10
0.556667 1 6 27 9
0.563333 1 5 19 21
0.57 1 9 22 16
0.576667 1 8 26 18
0.583333 1 12 23 18
0.59 2 5 24 20
0.596667 2 10 19 22
0.603333 0 8 30 15
0.61 3 2 24 17
0.616667 0 6 25 15
0.623333 4 7 20 12
0.63 0 3 23 16
0.636667 2 5 31 18
0.643333 1 8 18 20
0.65 2 5 21 12
0.656667 1 6 26 18
0.663333 38 423 1243 810
0.67 0 0 0 0
0.676667 0 0 0 0
0.683333 0 0 0 0
0.69 0 0 0 0
0.696667 0 0 0 0
0.703333 0 0 0 0
0.71 0 0 0 0
0.716667 0 0 0 0
0.723333 0 0 0 0
0.73 0 0 0 0
0.736667 0 0 0 0
0.743333 0 0 0 0
0.75 0 0 0 0
0.756667 0 0 0 0
0.763333 0 0 0 0
0.77 0 0 0 0
0.776667 0 0 0 0
0.783333 0 0 0 0
0.79 0 0 0 0
0.796667 0 0 0 0
0.803333 0 0 0 0
0.81 0 0 0 0
0.816667 0 0 0 0
0.823333 0 0 0 0
0.83 0 0 0 0
0.836667 0 0 0 0
0.843333 0 0 0 0
0.85 0 0 0 0
0.856667 0 0 0 0
0.863333 0 0 0 0
0.87 0 0 0 0
0.876667 0 0 0 0
0.883333 0 0 0 0
0.89 0 0 0 0
0.896667 0 0 0 0
0.903333 0 0 0 0
0.91 0 0 0 0
0.916667 0 0 0 0
0.923333 0 0 0 0
0.93 0 0 0 0
0.936667 0 0 0 0
0.943333 0 0 0 0
0.95 0 0 0 0
0.956667 0 0 0 0
0.963333 0 0 0 0
0.97 0 0 0 0
0.976667 0 0 0 0
0.983333 0 0 0 0
0.99 0 0 0 0
0.996667 0 0 0 0
1.00333 0 0 0 0
1.01 0 0 0 0
1.01667 0 0 0 0
1.02333 0 0 0 0
1.03 0 0 0 0
1.03667 0 0 0 0
1.04333 0 0 0 0
1.05 0 0 0 0
1.05667 0 0 0 0
1.06333 0 0 0 0
1.07 0 0 0 0
1.07667 0 0 0 0
1.08333 0 0 0 0
1.09 0 0 0 0
1.09667 0 0 0 0
1.10333 0 0 0 0
1.11 0 0 0 0
1.11667 0 0 0 0
1.12333 0 0 0 0
1.13 0 0 0 0
1.13667 0 0 0 0
1.14333 0 0 0 0
1.15 0 0 0 0
1.15667 0 0 0 0
1.16333 0 0 0 0
1.17 0 0 0 0
1.17667 0 0 0 0
1.18333 0 0 0 0
1.19 0 0 0 0
1.19667 0 0 0 0
1.20333 0 0 0 0
1.21 0 0 0 0
1.21667 0 0 0 0
1.22333 0 0 0 0
1.23 0 0 0 0
1.23667 0 0 0 0
1.24333 0 0 0 0
1.25 0 0 0 0
1.25667 0 0 0 0
1.26333 0 0 0 0
1.27 0 0 0 0
1.27667 0 0 0 0
1.28333 0 0 0 0
1.29 0 0 0 0
1.29667 0 0 0 0
1.30333 0 0 0 0
1.31 0 0 0 0
1.31667 0 0 0 0
1.32333 0 0 0 0
1.33 0 0 0 0
1.33667 0 0 0 0
1.34333 0 0 0 0
1.35 0 0 0 0
1.35667 0 0 0 0
1.36333 0 0 0 0
1.37 0 0 0 0
1.37667 0 0 0 0
1.38333 0 0 0 0
1.39 0 0 0 0
1.39667 0 0 0 0
1.40333 0 0 0 0
1.41 0 0 0 0
1.41667 0 0 0 0
1.42333 0 0 0 0
1.43 0 0 0 0
1.43667 0 0 0 0
1.44333 0 0 0 0
1.45 0 0 0 0
1.45667 0 0 0 0
1.46333 0 0 0 0
1.47 0 0 0 0
1.47667 0 0 0 0
1.48333 0 0 0 0
1.49 0 0 0 0
1.49667 0 0 0 0
1.50333 0 0 0 0
1.51 0 0 0 0
1.51667 0 0 0 0
1.52333 0 0 0 0
1.53 0 0 0 0
1.53667 0 0 0 0
1.54333 0 0 0 0
1.55 0 0 0 0
1.55667 0 0 0 0
1.56333 0 0 0 0
1.57 0 0 0 0
1.57667 0 0 0 0
1.58333 0 0 0 0
1.59 0 0 0 0
1.59667 0 0 0 0
1.60333 0 0 0 0
1.61 0 0 0 0
1.61667 0 0 0 0
1.62333 0 0 0 0
1.63 0 0 0 0
1.63667 0 0 0 0
1.64333 0 0 0 0
1.65 0 0 0 0
1.65667 0 0 0 0
1.66333 0 0 0 0
1.67 0 0 0 0
1.67667 0 0 0 0
1.68333 0 0 0 0
1.69 0 0 0 0
1.69667 0 0 0 0
1.70333 0 0 0 0
1.71 0 0 0 0
1.71667 0 0 0 0
1.72333 0 0 0 0
1.73 0 0 0 0
1.73667 0 0 0 0
1.74333 0 0 0 0
1.75 0 0 0 0
1.75667 0 0 0 0
1.76333 0 0 0 0
1.77 0 0 0 0
1.77667 0 0 0 0
1.78333 0 0 0 0
1.79 0 0 0 0
1.79667 0 0 0 0
1.80333 0 0 0 0
1.81 0 0 0 0
1.81667 0 0 0 0
1.82333 0 0 0 0
1.83 0 0 0 0
1.83667 0 0 0 0
1.84333 0 0 0 0
1.85 0 0 0 0
1.85667 0 0 0 0
1.86333 0 0 0 0
1.87 0 0 0 0
1.87667 0 0 0 0
1.88333 0 0 0 0
1.89 0 0 0 0
1.89667 0 0 0 0
1.90333 0 0 0 0
1.91 0 0 0 0
1.91667 0 0 0 0
1.92333 0 0 0 0
1.93 0 0 0 0
1.93667 0 0 0 0
1.94333 0 0 0 0
1.95 0 0 0 0
1.95667 0 0 0 0
1.96333 0 0 0 0
1.97 0 0 0 0
1.97667 0 0 0 0
1.98333 0 0 0 0
1.99 0 0 0 0
1.99667 0 0 0 0
