0.00333333 52 94 3 4
0.01 56 96 0 1
0.0166667 54 82 0 0
0.0233333 59 100 2 0
0.03 74 89 2 3
0.0366667 81 96 4 2
0.0433333 85 136 3 2
0.05 116 139 2 0
0.0566667 115 157 4 4
0.0633333 152 173 7 1
0.07 149 180 12 2
0.0766667 190 174 4 2
0.0833333 151 218 7 1
0.09 178 225 6 1
0.0966667 182 215 8 2
0.103333 183 218 6 4
0.11 189 177 7 3
0.116667 216 205 5 1
0.123333 187 241 11 1
0.13 174 212 5 3
0.136667 167 220 1 0
0.143333 154 190 6 1
0.15 156 225 3 1
0.156667 163 219 2 1
0.163333 149 210 3 1
0.17 143 221 4 2
0.176667 129 207 3 1
0.183333 150 238 3 2
0.19 172 309 5 2
0.196667 201 300 4 2
0.203333 175 260 1 5
0.21 141 236 5 1
0.216667 156 200 6 1
0.223333 141 194 4 1
0.23 149 185 2 3
0.236667 136 207 1 1
0.243333 123 180 3 2
0.25 118 183 5 1
0.256667 132 171 4 2
0.263333 98 148 5 6
0.27 117 117 2 4
0.276667 110 138 3 2
0.283333 110 126 3 2
0.29 91 141 4 2
0.296667 84 128 5 0
0.303333 87 130 3 0
0.31 82 125 1 1
0.316667 81 108 3 0
0.323333 85 108 3 1
0.33 85 108 3 4
0.336667 97 116 4 1
0.343333 89 91 5 3
0.35 69 116 1 3
0.356667 84 96 2 2
0.363333 71 120 5 1
0.37 73 103 3 2
0.376667 78 103 4 1
0.383333 74 89 2 2
0.39 56 98 3 4
0.396667 59 92 1 0
0.403333 74 79 2 1
0.41 72 99 1 1
0.416667 60 96 6 2
0.423333 76 98 1 0
0.43 73 85 3 5
0.436667 70 92 4 0
0.443333 66 104 2 0
0.45 74 81 5 1
0.456667 63 79 0 1
0.463333 71 86 1 0
0.47 70 91 9 1
0.476667 65 80 1 1
0.483333 45 38 1 2
0.49 49 50 3 3
0.496667 41 49 1 2
0.503333 29 40 3 2
0.51 43 39 0 0
0.516667 36 30 0 0
0.523333 38 35 2 0
0.53 37 39 0 0
0.536667 37 32 1 3
0.543333 34 30 2 0
0.55 37 29 0 1
0.556667 26 21 1 1
0.563333 26 22 2 0
0.57 20 28 0 1
0.576667 33 23 1 0
0.583333 31 30 0 0
0.59 39 27 0 0
0.596667 26 25 0 1
0.603333 29 27 0 2
0.61 49 26 0 0
0.616667 27 29 1 1
0.623333 35 24 3 0
0.63 31 39 2 0
0.636667 46 35 0 2
0.643333 28 24 1 1
0.65 37 18 0 1
0.656667 31 20 2 1
0.663333 2142 4548 31 27
0.67 0 0 0 0
0.676667 0 0 0 0
0.683333 0 0 0 0
0.69 0 0 0 0
0.696667 0 0 0 0
0.703333 0 0 0 0
0.71 0 0 0 0
0.716667 0 0 0 0
0.723333 0 0 0 0
0.73 0 0 0 0
0.736667 0 0 0 0
0.743333 0 0 0 0
0.75 0 0 0 0
0.756667 0 0 0 0
0.763333 0 0 0 0
0.77 0 0 0 0
0.776667 0 0 0 0
0.783333 0 0 0 0
0.79 0 0 0 0
0.796667 0 0 0 0
0.803333 0 0 0 0
0.81 0 0 0 0
0.816667 0 0 0 0
0.823333 0 0 0 0
0.83 0 0 0 0
0.836667 0 0 0 0
0.843333 0 0 0 0
0.85 0 0 0 0
0.856667 0 0 0 0
0.863333 0 0 0 0
0.87 0 0 0 0
0.876667 0 0 0 0
0.883333 0 0 0 0
0.89 0 0 0 0
0.896667 0 0 0 0
0.903333 0 0 0 0
0.91 0 0 0 0
0.916667 0 0 0 0
0.923333 0 0 0 0
0.93 0 0 0 0
0.936667 0 0 0 0
0.943333 0 0 0 0
0.95 0 0 0 0
0.956667 0 0 0 0
0.963333 0 0 0 0
0.97 0 0 0 0
0.976667 0 0 0 0
0.983333 0 0 0 0
0.99 0 0 0 0
0.996667 0 0 0 0
1.00333 0 0 0 0
1.01 0 0 0 0
1.01667 0 0 0 0
1.02333 0 0 0 0
1.03 0 0 0 0
1.03667 0 0 0 0
1.04333 0 0 0 0
1.05 0 0 0 0
1.05667 0 0 0 0
1.06333 0 0 0 0
1.07 0 0 0 0
1.07667 0 0 0 0
1.08333 0 0 0 0
1.09 0 0 0 0
1.09667 0 0 0 0
1.10333 0 0 0 0
1.11 0 0 0 0
1.11667 0 0 0 0
1.12333 0 0 0 0
1.13 0 0 0 0
1.13667 0 0 0 0
1.14333 0 0 0 0
1.15 0 0 0 0
1.15667 0 0 0 0
1.16333 0 0 0 0
1.17 0 0 0 0
1.17667 0 0 0 0
1.18333 0 0 0 0
1.19 0 0 0 0
1.19667 0 0 0 0
1.20333 0 0 0 0
1.21 0 0 0 0
1.21667 0 0 0 0
1.22333 0 0 0 0
1.23 0 0 0 0
1.23667 0 0 0 0
1.24333 0 0 0 0
1.25 0 0 0 0
1.25667 0 0 0 0
1.26333 0 0 0 0
1.27 0 0 0 0
1.27667 0 0 0 0
1.28333 0 0 0 0
1.29 0 0 0 0
1.29667 0 0 0 0
1.30333 0 0 0 0
1.31 0 0 0 0
1.31667 0 0 0 0
1.32333 0 0 0 0
1.33 0 0 0 0
1.33667 0 0 0 0
1.34333 0 0 0 0
1.35 0 0 0 0
1.35667 0 0 0 0
1.36333 0 0 0 0
1.37 0 0 0 0
1.37667 0 0 0 0
1.38333 0 0 0 0
1.39 0 0 0 0
1.39667 0 0 0 0
1.40333 0 0 0 0
1.41 0 0 0 0
1.41667 0 0 0 0
1.42333 0 0 0 0
1.43 0 0 0 0
1.43667 0 0 0 0
1.44333 0 0 0 0
1.45 0 0 0 0
1.45667 0 0 0 0
1.46333 0 0 0 0
1.47 0 0 0 0
1.47667 0 0 0 0
1.48333 0 0 0 0
1.49 0 0 0 0
1.49667 0 0 0 0
1.50333 0 0 0 0
1.51 0 0 0 0
1.51667 0 0 0 0
1.52333 0 0 0 0
1.53 0 0 0 0
1.53667 0 0 0 0
1.54333 0 0 0 0
1.55 0 0 0 0
1.55667 0 0 0 0
1.56333 0 0 0 0
1.57 0 0 0 0
1.57667 0 0 0 0
1.58333 0 0 0 0
1.59 0 0 0 0
1.59667 0 0 0 0
1.60333 0 0 0 0
1.61 0 0 0 0
1.61667 0 0 0 0
1.62333 0 0 0 0
1.63 0 0 0 0
1.63667 0 0 0 0
1.64333 0 0 0 0
1.65 0 0 0 0
1.65667 0 0 0 0
1.66333 0 0 0 0
1.67 0 0 0 0
1.67667 0 0 0 0
1.68333 0 0 0 0
1.69 0 0 0 0
1.69667 0 0 0 0
1.70333 0 0 0 0
1.71 0 0 0 0
1.71667 0 0 0 0
1.72333 0 0 0 0
1.73 0 0 0 0
1.73667 0 0 0 0
1.74333 0 0 0 0
1.75 0 0 0 0
1.75667 0 0 0 0
1.76333 0 0 0 0
1.77 0 0 0 0
1.77667 0 0 0 0
1.78333 0 0 0 0
1.79 0 0 0 0
1.79667 0 0 0 0
1.80333 0 0 0 0
1.81 0 0 0 0
1.81667 0 0 0 0
1.82333 0 0 0 0
1.83 0 0 0 0
1.83667 0 0 0 0
1.84333 0 0 0 0
1.85 0 0 0 0
1.85667 0 0 0 0
1.86333 0 0 0 0
1.87 0 0 0 0
1.87667 0 0 0 0
1.88333 0 0 0 0
1.89 0 0 0 0
1.89667 0 0 0 0
1.90333 0 0 0 0
1.91 0 0 0 0
1.91667 0 0 0 0
1.92333 0 0 0 0
1.93 0 0 0 0
1.93667 0 0 0 0
1.94333 0 0 0 0
1.95 0 0 0 0
1.95667 0 0 0 0
1.96333 0 0 0 0
1.97 0 0 0 0
1.97667 0 0 0 0
1.98333 0 0 0 0
1.99 0 0 0 0
1.99667 0 0 0 0
