0.00333333 1 0 41 18
0.01 0 0 55 12
0.0166667 0 1 38 17
0.0233333 0 1 56 15
0.03 0 0 51 15
0.0366667 0 0 59 20
0.0433333 0 0 56 34
0.05 0 1 60 53
0.0566667 1 1 66 43
0.0633333 3 5 96 45
0.07 1 2 88 55
0.0766667 0 4 83 43
0.0833333 0 2 97 39
0.09 2 1 113 46
0.0966667 0 1 94 46
0.103333 1 3 102 52
0.11 0 3 76 67
0.116667 0 1 99 55
0.123333 0 0 86 57
0.13 0 2 94 34
0.136667 0 1 107 44
0.143333 0 4 84 44
0.15 0 1 109 40
0.156667 0 3 105 47
0.163333 0 1 98 49
0.17 0 0 89 31
0.176667 2 2 82 29
0.183333 0 2 113 37
0.19 0 2 163 41
0.196667 0 1 131 34
0.203333 0 3 98 31
0.21 0 4 117 22
0.216667 0 2 109 27
0.223333 1 0 90 29
0.23 0 3 106 28
0.236667 0 2 72 31
0.243333 0 3 99 31
0.25 2 1 95 27
0.256667 0 0 72 28
0.263333 0 2 83 27
0.27 0 1 76 26
0.276667 0 0 85 30
0.283333 0 1 63 23
0.29 0 2 82 33
0.296667 0 1 55 21
0.303333 1 5 66 24
0.31 0 1 73 26
0.316667 1 3 60 29
0.323333 0 2 69 35
0.33 0 1 69 23
0.336667 1 1 62 30
0.343333 1 1 68 27
0.35 0 4 50 21
0.356667 0 2 53 22
0.363333 0 1 49 28
0.37 1 2 58 23
0.376667 1 0 63 23
0.383333 0 0 66 21
0.39 0 0 54 20
0.396667 0 3 54 28
0.403333 0 3 60 23
0.41 0 0 60 19
0.416667 0 0 56 30
0.423333 0 0 54 32
0.43 0 1 46 14
0.436667 1 1 60 17
0.443333 0 2 54 21
0.45 0 0 60 17
0.456667 0 0 56 21
0.463333 0 1 72 21
0.47 1 3 61 19
0.476667 0 0 60 17
0.483333 0 1 14 18
0.49 0 0 25 18
0.496667 0 0 24 16
0.503333 0 1 17 16
0.51 1 1 13 12
0.516667 0 0 17 13
0.523333 0 2 18 6
0.53 0 0 15 12
0.536667 0 2 15 15
0.543333 0 0 15 19
0.55 0 1 11 14
0.556667 1 0 7 10
0.563333 0 3 12 12
0.57 0 0 13 14
0.576667 0 0 8 14
0.583333 0 0 9 8
0.59 1 0 6 6
0.596667 0 1 12 14
0.603333 0 2 3 4
0.61 0 0 4 8
0.616667 0 1 5 6
0.623333 0 0 8 5
0.63 0 0 8 8
0.636667 0 0 11 12
0.643333 0 1 6 14
0.65 0 2 10 9
0.656667 0 0 3 8
0.663333 2 13 2904 350
0.67 0 0 0 0
0.676667 0 0 0 0
0.683333 0 0 0 0
0.69 0 0 0 0
0.696667 0 0 0 0
0.703333 0 0 0 0
0.71 0 0 0 0
0.716667 0 0 0 0
0.723333 0 0 0 0
0.73 0 0 0 0
0.736667 0 0 0 0
0.743333 0 0 0 0
0.75 0 0 0 0
0.756667 0 0 0 0
0.763333 0 0 0 0
0.77 0 0 0 0
0.776667 0 0 0 0
0.783333 0 0 0 0
0.79 0 0 0 0
0.796667 0 0 0 0
0.803333 0 0 0 0
0.81 0 0 0 0
0.816667 0 0 0 0
0.823333 0 0 0 0
0.83 0 0 0 0
0.836667 0 0 0 0
0.843333 0 0 0 0
0.85 0 0 0 0
0.856667 0 0 0 0
0.863333 0 0 0 0
0.87 0 0 0 0
0.876667 0 0 0 0
0.883333 0 0 0 0
0.89 0 0 0 0
0.896667 0 0 0 0
0.903333 0 0 0 0
0.91 0 0 0 0
0.916667 0 0 0 0
0.923333 0 0 0 0
0.93 0 0 0 0
0.936667 0 0 0 0
0.943333 0 0 0 0
0.95 0 0 0 0
0.956667 0 0 0 0
0.963333 0 0 0 0
0.97 0 0 0 0
0.976667 0 0 0 0
0.983333 0 0 0 0
0.99 0 0 0 0
0.996667 0 0 0 0
1.00333 0 0 0 0
1.01 0 0 0 0
1.01667 0 0 0 0
1.02333 0 0 0 0
1.03 0 0 0 0
1.03667 0 0 0 0
1.04333 0 0 0 0
1.05 0 0 0 0
1.05667 0 0 0 0
1.06333 0 0 0 0
1.07 0 0 0 0
1.07667 0 0 0 0
1.08333 0 0 0 0
1.09 0 0 0 0
1.09667 0 0 0 0
1.10333 0 0 0 0
1.11 0 0 0 0
1.11667 0 0 0 0
1.12333 0 0 0 0
1.13 0 0 0 0
1.13667 0 0 0 0
1.14333 0 0 0 0
1.15 0 0 0 0
1.15667 0 0 0 0
1.16333 0 0 0 0
1.17 0 0 0 0
1.17667 0 0 0 0
1.18333 0 0 0 0
1.19 0 0 0 0
1.19667 0 0 0 0
1.20333 0 0 0 0
1.21 0 0 0 0
1.21667 0 0 0 0
1.22333 0 0 0 0
1.23 0 0 0 0
1.23667 0 0 0 0
1.24333 0 0 0 0
1.25 0 0 0 0
1.25667 0 0 0 0
1.26333 0 0 0 0
1.27 0 0 0 0
1.27667 0 0 0 0
1.28333 0 0 0 0
1.29 0 0 0 0
1.29667 0 0 0 0
1.30333 0 0 0 0
1.31 0 0 0 0
1.31667 0 0 0 0
1.32333 0 0 0 0
1.33 0 0 0 0
1.33667 0 0 0 0
1.34333 0 0 0 0
1.35 0 0 0 0
1.35667 0 0 0 0
1.36333 0 0 0 0
1.37 0 0 0 0
1.37667 0 0 0 0
1.38333 0 0 0 0
1.39 0 0 0 0
1.39667 0 0 0 0
1.40333 0 0 0 0
1.41 0 0 0 0
1.41667 0 0 0 0
1.42333 0 0 0 0
1.43 0 0 0 0
1.43667 0 0 0 0
1.44333 0 0 0 0
1.45 0 0 0 0
1.45667 0 0 0 0
1.46333 0 0 0 0
1.47 0 0 0 0
1.47667 0 0 0 0
1.48333 0 0 0 0
1.49 0 0 0 0
1.49667 0 0 0 0
1.50333 0 0 0 0
1.51 0 0 0 0
1.51667 0 0 0 0
1.52333 0 0 0 0
1.53 0 0 0 0
1.53667 0 0 0 0
1.54333 0 0 0 0
1.55 0 0 0 0
1.55667 0 0 0 0
1.56333 0 0 0 0
1.57 0 0 0 0
1.57667 0 0 0 0
1.58333 0 0 0 0
1.59 0 0 0 0
1.59667 0 0 0 0
1.60333 0 0 0 0
1.61 0 0 0 0
1.61667 0 0 0 0
1.62333 0 0 0 0
1.63 0 0 0 0
1.63667 0 0 0 0
1.64333 0 0 0 0
1.65 0 0 0 0
1.65667 0 0 0 0
1.66333 0 0 0 0
1.67 0 0 0 0
1.67667 0 0 0 0
1.68333 0 0 0 0
1.69 0 0 0 0
1.69667 0 0 0 0
1.70333 0 0 0 0
1.71 0 0 0 0
1.71667 0 0 0 0
1.72333 0 0 0 0
1.73 0 0 0 0
1.73667 0 0 0 0
1.74333 0 0 0 0
1.75 0 0 0 0
1.75667 0 0 0 0
1.76333 0 0 0 0
1.77 0 0 0 0
1.77667 0 0 0 0
1.78333 0 0 0 0
1.79 0 0 0 0
1.79667 0 0 0 0
1.80333 0 0 0 0
1.81 0 0 0 0
1.81667 0 0 0 0
1.82333 0 0 0 0
1.83 0 0 0 0
1.83667 0 0 0 0
1.84333 0 0 0 0
1.85 0 0 0 0
1.85667 0 0 0 0
1.86333 0 0 0 0
1.87 0 0 0 0
1.87667 0 0 0 0
1.88333 0 0 0 0
1.89 0 0 0 0
1.89667 0 0 0 0
1.90333 0 0 0 0
1.91 0 0 0 0
1.91667 0 0 0 0
1.92333 0 0 0 0
1.93 0 0 0 0
1.93667 0 0 0 0
1.94333 0 0 0 0
1.95 0 0 0 0
1.95667 0 0 0 0
1.96333 0 0 0 0
1.97 0 0 0 0
1.97667 0 0 0 0
1.98333 0 0 0 0
1.99 0 0 0 0
1.99667 0 0 0 0
