0.00333333 93 22 1 0
0.01 95 30 2 0
0.0166667 101 34 4 0
0.0233333 117 25 1 1
0.03 108 30 3 1
0.0366667 151 38 1 1
0.0433333 180 52 5 0
0.05 231 80 2 0
0.0566667 246 84 10 3
0.0633333 273 78 3 1
0.07 299 86 9 2
0.0766667 304 90 1 3
0.0833333 340 87 4 2
0.09 305 84 4 4
0.0966667 288 81 2 2
0.103333 305 99 3 3
0.11 323 82 8 2
0.116667 374 93 5 1
0.123333 360 77 4 1
0.13 361 90 1 1
0.136667 368 70 3 2
0.143333 320 64 2 1
0.15 310 75 2 3
0.156667 292 65 3 2
0.163333 288 57 2 3
0.17 288 60 2 1
0.176667 271 65 2 3
0.183333 317 74 2 0
0.19 339 62 5 6
0.196667 318 72 1 1
0.203333 317 55 5 3
0.21 279 52 4 2
0.216667 256 45 3 4
0.223333 282 56 4 3
0.23 235 50 3 1
0.236667 239 50 4 2
0.243333 241 51 3 2
0.25 229 53 1 2
0.256667 204 49 2 4
0.263333 208 44 1 1
0.27 212 41 4 3
0.276667 187 45 0 1
0.283333 175 40 1 1
0.29 169 41 4 3
0.296667 169 49 2 3
0.303333 174 40 2 0
0.31 166 44 5 2
0.316667 136 35 3 0
0.323333 149 26 2 1
0.33 136 37 0 0
0.336667 152 37 1 1
0.343333 136 41 0 1
0.35 125 28 3 2
0.356667 132 33 0 0
0.363333 128 45 0 0
0.37 114 24 5 4
0.376667 115 31 2 0
0.383333 134 20 1 1
0.39 111 30 0 0
0.396667 132 32 2 0
0.403333 108 27 0 1
0.41 130 27 1 1
0.416667 106 34 1 3
0.423333 106 24 0 1
0.43 119 25 0 0
0.436667 126 26 0 1
0.443333 103 25 0 1
0.45 131 27 1 0
0.456667 121 31 0 1
0.463333 92 23 0 1
0.47 127 26 1 0
0.476667 93 30 2 0
0.483333 74 16 2 2
0.49 76 17 0 1
0.496667 45 12 1 0
0.503333 53 13 2 1
0.51 52 17 3 1
0.516667 61 15 0 1
0.523333 58 14 0 0
0.53 42 13 2 0
0.536667 59 8 2 0
0.543333 55 15 2 1
0.55 54 10 0 1
0.556667 50 6 1 0
0.563333 41 16 0 0
0.57 54 10 2 2
0.576667 32 14 4 2
0.583333 43 21 0 1
0.59 47 15 1 1
0.596667 48 14 2 1
0.603333 42 14 2 0
0.61 39 9 3 0
0.616667 39 8 2 1
0.623333 41 8 0 1
0.63 52 15 0 1
0.636667 61 9 0 0
0.643333 33 12 2 0
0.65 46 14 4 2
0.656667 55 11 0 2
0.663333 4350 571 22 18
0.67 0 0 0 0
0.676667 0 0 0 0
0.683333 0 0 0 0
0.69 0 0 0 0
0.696667 0 0 0 0
0.703333 0 0 0 0
0.71 0 0 0 0
0.716667 0 0 0 0
0.723333 0 0 0 0
0.73 0 0 0 0
0.736667 0 0 0 0
0.743333 0 0 0 0
0.75 0 0 0 0
0.756667 0 0 0 0
0.763333 0 0 0 0
0.77 0 0 0 0
0.776667 0 0 0 0
0.783333 0 0 0 0
0.79 0 0 0 0
0.796667 0 0 0 0
0.803333 0 0 0 0
0.81 0 0 0 0
0.816667 0 0 0 0
0.823333 0 0 0 0
0.83 0 0 0 0
0.836667 0 0 0 0
0.843333 0 0 0 0
0.85 0 0 0 0
0.856667 0 0 0 0
0.863333 0 0 0 0
0.87 0 0 0 0
0.876667 0 0 0 0
0.883333 0 0 0 0
0.89 0 0 0 0
0.896667 0 0 0 0
0.903333 0 0 0 0
0.91 0 0 0 0
0.916667 0 0 0 0
0.923333 0 0 0 0
0.93 0 0 0 0
0.936667 0 0 0 0
0.943333 0 0 0 0
0.95 0 0 0 0
0.956667 0 0 0 0
0.963333 0 0 0 0
0.97 0 0 0 0
0.976667 0 0 0 0
0.983333 0 0 0 0
0.99 0 0 0 0
0.996667 0 0 0 0
1.00333 0 0 0 0
1.01 0 0 0 0
1.01667 0 0 0 0
1.02333 0 0 0 0
1.03 0 0 0 0
1.03667 0 0 0 0
1.04333 0 0 0 0
1.05 0 0 0 0
1.05667 0 0 0 0
1.06333 0 0 0 0
1.07 0 0 0 0
1.07667 0 0 0 0
1.08333 0 0 0 0
1.09 0 0 0 0
1.09667 0 0 0 0
1.10333 0 0 0 0
1.11 0 0 0 0
1.11667 0 0 0 0
1.12333 0 0 0 0
1.13 0 0 0 0
1.13667 0 0 0 0
1.14333 0 0 0 0
1.15 0 0 0 0
1.15667 0 0 0 0
1.16333 0 0 0 0
1.17 0 0 0 0
1.17667 0 0 0 0
1.18333 0 0 0 0
1.19 0 0 0 0
1.19667 0 0 0 0
1.20333 0 0 0 0
1.21 0 0 0 0
1.21667 0 0 0 0
1.22333 0 0 0 0
1.23 0 0 0 0
1.23667 0 0 0 0
1.24333 0 0 0 0
1.25 0 0 0 0
1.25667 0 0 0 0
1.26333 0 0 0 0
1.27 0 0 0 0
1.27667 0 0 0 0
1.28333 0 0 0 0
1.29 0 0 0 0
1.29667 0 0 0 0
1.30333 0 0 0 0
1.31 0 0 0 0
1.31667 0 0 0 0
1.32333 0 0 0 0
1.33 0 0 0 0
1.33667 0 0 0 0
1.34333 0 0 0 0
1.35 0 0 0 0
1.35667 0 0 0 0
1.36333 0 0 0 0
1.37 0 0 0 0
1.37667 0 0 0 0
1.38333 0 0 0 0
1.39 0 0 0 0
1.39667 0 0 0 0
1.40333 0 0 0 0
1.41 0 0 0 0
1.41667 0 0 0 0
1.42333 0 0 0 0
1.43 0 0 0 0
1.43667 0 0 0 0
1.44333 0 0 0 0
1.45 0 0 0 0
1.45667 0 0 0 0
1.46333 0 0 0 0
1.47 0 0 0 0
1.47667 0 0 0 0
1.48333 0 0 0 0
1.49 0 0 0 0
1.49667 0 0 0 0
1.50333 0 0 0 0
1.51 0 0 0 0
1.51667 0 0 0 0
1.52333 0 0 0 0
1.53 0 0 0 0
1.53667 0 0 0 0
1.54333 0 0 0 0
1.55 0 0 0 0
1.55667 0 0 0 0
1.56333 0 0 0 0
1.57 0 0 0 0
1.57667 0 0 0 0
1.58333 0 0 0 0
1.59 0 0 0 0
1.59667 0 0 0 0
1.60333 0 0 0 0
1.61 0 0 0 0
1.61667 0 0 0 0
1.62333 0 0 0 0
1.63 0 0 0 0
1.63667 0 0 0 0
1.64333 0 0 0 0
1.65 0 0 0 0
1.65667 0 0 0 0
1.66333 0 0 0 0
1.67 0 0 0 0
1.67667 0 0 0 0
1.68333 0 0 0 0
1.69 0 0 0 0
1.69667 0 0 0 0
1.70333 0 0 0 0
1.71 0 0 0 0
1.71667 0 0 0 0
1.72333 0 0 0 0
1.73 0 0 0 0
1.73667 0 0 0 0
1.74333 0 0 0 0
1.75 0 0 0 0
1.75667 0 0 0 0
1.76333 0 0 0 0
1.77 0 0 0 0
1.77667 0 0 0 0
1.78333 0 0 0 0
1.79 0 0 0 0
1.79667 0 0 0 0
1.80333 0 0 0 0
1.81 0 0 0 0
1.81667 0 0 0 0
1.82333 0 0 0 0
1.83 0 0 0 0
1.83667 0 0 0 0
1.84333 0 0 0 0
1.85 0 0 0 0
1.85667 0 0 0 0
1.86333 0 0 0 0
1.87 0 0 0 0
1.87667 0 0 0 0
1.88333 0 0 0 0
1.89 0 0 0 0
1.89667 0 0 0 0
1.90333 0 0 0 0
1.91 0 0 0 0
1.91667 0 0 0 0
1.92333 0 0 0 0
1.93 0 0 0 0
1.93667 0 0 0 0
1.94333 0 0 0 0
1.95 0 0 0 0
1.95667 0 0 0 0
1.96333 0 0 0 0
1.97 0 0 0 0
1.97667 0 0 0 0
1.98333 0 0 0 0
1.99 0 0 0 0
1.99667 0 0 0 0
