0.00333333 97 58 2 8
0.01 99 63 0 8
0.0166667 101 44 6 3
0.0233333 80 64 4 8
0.03 96 75 2 4
0.0366667 100 80 4 13
0.0433333 114 93 4 6
0.05 126 96 3 9
0.0566667 134 138 6 11
0.0633333 150 138 4 11
0.07 143 140 9 6
0.0766667 156 128 5 11
0.0833333 179 151 5 10
0.09 170 155 13 7
0.0966667 142 164 15 3
0.103333 162 142 4 14
0.11 159 159 8 12
0.116667 165 176 7 15
0.123333 173 187 2 10
0.13 175 160 7 8
0.136667 169 154 5 8
0.143333 179 124 5 14
0.15 178 118 4 13
0.156667 187 144 2 12
0.163333 165 143 3 12
0.17 169 138 3 10
0.176667 174 130 7 10
0.183333 237 138 5 18
0.19 268 125 6 12
0.196667 235 157 6 12
0.203333 256 137 4 9
0.21 221 150 5 9
0.216667 188 156 6 7
0.223333 186 142 6 5
0.23 162 118 4 6
0.236667 173 150 4 9
0.243333 166 120 3 11
0.25 143 116 5 13
0.256667 139 118 4 8
0.263333 144 112 1 14
0.27 129 102 5 9
0.276667 131 102 3 9
0.283333 104 105 3 7
0.29 127 101 3 3
0.296667 119 87 0 10
0.303333 128 85 2 6
0.31 111 81 1 10
0.316667 107 80 3 6
0.323333 101 94 2 9
0.33 101 75 3 6
0.336667 113 76 2 5
0.343333 91 84 3 6
0.35 112 77 3 10
0.356667 96 77 4 8
0.363333 101 79 2 8
0.37 89 64 0 6
0.376667 78 80 3 10
0.383333 93 66 7 6
0.39 98 66 1 11
0.396667 91 54 2 8
0.403333 92 73 3 7
0.41 89 66 1 14
0.416667 91 75 2 5
0.423333 93 73 3 9
0.43 93 70 2 6
0.436667 99 65 2 4
0.443333 90 62 3 13
0.45 101 62 6 11
0.456667 89 56 4 11
0.463333 92 72 4 9
0.47 111 76 2 8
0.476667 62 52 3 7
0.483333 41 47 6 4
0.49 39 45 1 6
0.496667 33 35 2 5
0.503333 24 49 2 6
0.51 36 27 2 4
0.516667 20 32 2 6
0.523333 17 36 0 3
0.53 26 26 1 2
0.536667 17 34 1 3
0.543333 19 35 1 3
0.55 10 36 4 5
0.556667 11 29 1 2
0.563333 15 38 1 4
0.57 13 29 1 1
0.576667 9 30 1 3
0.583333 22 25 3 2
0.59 13 35 1 2
0.596667 13 34 2 2
0.603333 16 38 0 2
0.61 11 32 1 0
0.616667 15 39 0 2
0.623333 9 29 1 2
0.63 18 27 0 1
0.636667 25 30 2 3
0.643333 14 31 0 1
0.65 4 28 0 3
0.656667 10 37 1 1
0.663333 5454 2460 29 464
0.67 0 0 0 0
0.676667 0 0 0 0
0.683333 0 0 0 0
0.69 0 0 0 0
0.696667 0 0 0 0
0.703333 0 0 0 0
0.71 0 0 0 0
0.716667 0 0 0 0
0.723333 0 0 0 0
0.73 0 0 0 0
0.736667 0 0 0 0
0.743333 0 0 0 0
0.75 0 0 0 0
0.756667 0 0 0 0
0.763333 0 0 0 0
0.77 0 0 0 0
0.776667 0 0 0 0
0.783333 0 0 0 0
0.79 0 0 0 0
0.796667 0 0 0 0
0.803333 0 0 0 0
0.81 0 0 0 0
0.816667 0 0 0 0
0.823333 0 0 0 0
0.83 0 0 0 0
0.836667 0 0 0 0
0.843333 0 0 0 0
0.85 0 0 0 0
0.856667 0 0 0 0
0.863333 0 0 0 0
0.87 0 0 0 0
0.876667 0 0 0 0
0.883333 0 0 0 0
0.89 0 0 0 0
0.896667 0 0 0 0
0.903333 0 0 0 0
0.91 0 0 0 0
0.916667 0 0 0 0
0.923333 0 0 0 0
0.93 0 0 0 0
0.936667 0 0 0 0
0.943333 0 0 0 0
0.95 0 0 0 0
0.956667 0 0 0 0
0.963333 0 0 0 0
0.97 0 0 0 0
0.976667 0 0 0 0
0.983333 0 0 0 0
0.99 0 0 0 0
0.996667 0 0 0 0
1.00333 0 0 0 0
1.01 0 0 0 0
1.01667 0 0 0 0
1.02333 0 0 0 0
1.03 0 0 0 0
1.03667 0 0 0 0
1.04333 0 0 0 0
1.05 0 0 0 0
1.05667 0 0 0 0
1.06333 0 0 0 0
1.07 0 0 0 0
1.07667 0 0 0 0
1.08333 0 0 0 0
1.09 0 0 0 0
1.09667 0 0 0 0
1.10333 0 0 0 0
1.11 0 0 0 0
1.11667 0 0 0 0
1.12333 0 0 0 0
1.13 0 0 0 0
1.13667 0 0 0 0
1.14333 0 0 0 0
1.15 0 0 0 0
1.15667 0 0 0 0
1.16333 0 0 0 0
1.17 0 0 0 0
1.17667 0 0 0 0
1.18333 0 0 0 0
1.19 0 0 0 0
1.19667 0 0 0 0
1.20333 0 0 0 0
1.21 0 0 0 0
1.21667 0 0 0 0
1.22333 0 0 0 0
1.23 0 0 0 0
1.23667 0 0 0 0
1.24333 0 0 0 0
1.25 0 0 0 0
1.25667 0 0 0 0
1.26333 0 0 0 0
1.27 0 0 0 0
1.27667 0 0 0 0
1.28333 0 0 0 0
1.29 0 0 0 0
1.29667 0 0 0 0
1.30333 0 0 0 0
1.31 0 0 0 0
1.31667 0 0 0 0
1.32333 0 0 0 0
1.33 0 0 0 0
1.33667 0 0 0 0
1.34333 0 0 0 0
1.35 0 0 0 0
1.35667 0 0 0 0
1.36333 0 0 0 0
1.37 0 0 0 0
1.37667 0 0 0 0
1.38333 0 0 0 0
1.39 0 0 0 0
1.39667 0 0 0 0
1.40333 0 0 0 0
1.41 0 0 0 0
1.41667 0 0 0 0
1.42333 0 0 0 0
1.43 0 0 0 0
1.43667 0 0 0 0
1.44333 0 0 0 0
1.45 0 0 0 0
1.45667 0 0 0 0
1.46333 0 0 0 0
1.47 0 0 0 0
1.47667 0 0 0 0
1.48333 0 0 0 0
1.49 0 0 0 0
1.49667 0 0 0 0
1.50333 0 0 0 0
1.51 0 0 0 0
1.51667 0 0 0 0
1.52333 0 0 0 0
1.53 0 0 0 0
1.53667 0 0 0 0
1.54333 0 0 0 0
1.55 0 0 0 0
1.55667 0 0 0 0
1.56333 0 0 0 0
1.57 0 0 0 0
1.57667 0 0 0 0
1.58333 0 0 0 0
1.59 0 0 0 0
1.59667 0 0 0 0
1.60333 0 0 0 0
1.61 0 0 0 0
1.61667 0 0 0 0
1.62333 0 0 0 0
1.63 0 0 0 0
1.63667 0 0 0 0
1.64333 0 0 0 0
1.65 0 0 0 0
1.65667 0 0 0 0
1.66333 0 0 0 0
1.67 0 0 0 0
1.67667 0 0 0 0
1.68333 0 0 0 0
1.69 0 0 0 0
1.69667 0 0 0 0
1.70333 0 0 0 0
1.71 0 0 0 0
1.71667 0 0 0 0
1.72333 0 0 0 0
1.73 0 0 0 0
1.73667 0 0 0 0
1.74333 0 0 0 0
1.75 0 0 0 0
1.75667 0 0 0 0
1.76333 0 0 0 0
1.77 0 0 0 0
1.77667 0 0 0 0
1.78333 0 0 0 0
1.79 0 0 0 0
1.79667 0 0 0 0
1.80333 0 0 0 0
1.81 0 0 0 0
1.81667 0 0 0 0
1.82333 0 0 0 0
1.83 0 0 0 0
1.83667 0 0 0 0
1.84333 0 0 0 0
1.85 0 0 0 0
1.85667 0 0 0 0
1.86333 0 0 0 0
1.87 0 0 0 0
1.87667 0 0 0 0
1.88333 0 0 0 0
1.89 0 0 0 0
1.89667 0 0 0 0
1.90333 0 0 0 0
1.91 0 0 0 0
1.91667 0 0 0 0
1.92333 0 0 0 0
1.93 0 0 0 0
1.93667 0 0 0 0
1.94333 0 0 0 0
1.95 0 0 0 0
1.95667 0 0 0 0
1.96333 0 0 0 0
1.97 0 0 0 0
1.97667 0 0 0 0
1.98333 0 0 0 0
1.99 0 0 0 0
1.99667 0 0 0 0
