0.00333333 5 35 26 7
0.01 8 38 37 5
0.0166667 17 50 28 7
0.0233333 16 52 30 3
0.03 12 46 39 8
0.0366667 15 60 45 8
0.0433333 22 81 76 16
0.05 20 84 77 24
0.0566667 20 122 108 23
0.0633333 25 138 102 24
0.07 25 144 114 22
0.0766667 26 149 135 21
0.0833333 36 130 126 22
0.09 24 145 126 26
0.0966667 25 156 112 30
0.103333 29 124 134 23
0.11 18 144 128 20
0.116667 21 149 128 24
0.123333 23 123 135 19
0.13 24 143 119 12
0.136667 21 106 117 32
0.143333 20 130 106 15
0.15 24 125 115 18
0.156667 13 107 108 16
0.163333 23 118 109 12
0.17 22 120 80 19
0.176667 11 116 84 22
0.183333 24 108 80 15
0.19 15 115 104 14
0.196667 17 126 86 14
0.203333 19 129 79 17
0.21 16 106 90 12
0.216667 18 106 85 17
0.223333 14 104 70 20
0.23 20 102 73 16
0.236667 14 80 66 12
0.243333 10 99 78 11
0.25 16 80 59 12
0.256667 14 79 66 11
0.263333 7 80 55 13
0.27 12 72 62 13
0.276667 17 69 43 14
0.283333 8 50 51 5
0.29 9 61 38 0
0.296667 7 59 31 21
0.303333 9 56 41 8
0.31 9 61 51 8
0.316667 14 58 43 5
0.323333 15 54 54 7
0.33 14 45 52 12
0.336667 10 64 44 5
0.343333 12 48 42 12
0.35 7 40 48 8
0.356667 9 55 37 20
0.363333 8 48 47 4
0.37 8 48 30 5
0.376667 10 46 35 9
0.383333 12 42 34 6
0.39 8 39 51 4
0.396667 11 33 31 0
0.403333 6 45 37 5
0.41 5 33 30 5
0.416667 6 45 37 13
0.423333 9 39 37 4
0.43 5 44 30 3
0.436667 6 44 33 3
0.443333 5 28 30 9
0.45 8 41 34 7
0.456667 7 32 35 13
0.463333 7 42 38 4
0.47 7 38 35 13
0.476667 6 30 31 5
0.483333 5 27 29 9
0.49 4 32 20 8
0.496667 5 22 15 8
0.503333 7 19 23 3
0.51 2 25 21 3
0.516667 7 25 16 6
0.523333 7 18 17 2
0.53 4 24 16 6
0.536667 3 31 9 7
0.543333 3 9 20 7
0.55 4 32 23 2
0.556667 4 20 20 2
0.563333 6 15 16 3
0.57 5 21 14 5
0.576667 4 19 19 4
0.583333 10 22 16 3
0.59 2 19 9 6
0.596667 5 16 13 3
0.603333 7 17 22 3
0.61 4 17 14 3
0.616667 4 19 12 6
0.623333 0 23 8 5
0.63 4 14 12 1
0.636667 7 20 12 1
0.643333 2 17 11 2
0.65 2 17 25 3
0.656667 2 18 10 2
0.663333 117 1075 793 98
0.67 0 0 0 0
0.676667 0 0 0 0
0.683333 0 0 0 0
0.69 0 0 0 0
0.696667 0 0 0 0
0.703333 0 0 0 0
0.71 0 0 0 0
0.716667 0 0 0 0
0.723333 0 0 0 0
0.73 0 0 0 0
0.736667 0 0 0 0
0.743333 0 0 0 0
0.75 0 0 0 0
0.756667 0 0 0 0
0.763333 0 0 0 0
0.77 0 0 0 0
0.776667 0 0 0 0
0.783333 0 0 0 0
0.79 0 0 0 0
0.796667 0 0 0 0
0.803333 0 0 0 0
0.81 0 0 0 0
0.816667 0 0 0 0
0.823333 0 0 0 0
0.83 0 0 0 0
0.836667 0 0 0 0
0.843333 0 0 0 0
0.85 0 0 0 0
0.856667 0 0 0 0
0.863333 0 0 0 0
0.87 0 0 0 0
0.876667 0 0 0 0
0.883333 0 0 0 0
0.89 0 0 0 0
0.896667 0 0 0 0
0.903333 0 0 0 0
0.91 0 0 0 0
0.916667 0 0 0 0
0.923333 0 0 0 0
0.93 0 0 0 0
0.936667 0 0 0 0
0.943333 0 0 0 0
0.95 0 0 0 0
0.956667 0 0 0 0
0.963333 0 0 0 0
0.97 0 0 0 0
0.976667 0 0 0 0
0.983333 0 0 0 0
0.99 0 0 0 0
0.996667 0 0 0 0
1.00333 0 0 0 0
1.01 0 0 0 0
1.01667 0 0 0 0
1.02333 0 0 0 0
1.03 0 0 0 0
1.03667 0 0 0 0
1.04333 0 0 0 0
1.05 0 0 0 0
1.05667 0 0 0 0
1.06333 0 0 0 0
1.07 0 0 0 0
1.07667 0 0 0 0
1.08333 0 0 0 0
1.09 0 0 0 0
1.09667 0 0 0 0
1.10333 0 0 0 0
1.11 0 0 0 0
1.11667 0 0 0 0
1.12333 0 0 0 0
1.13 0 0 0 0
1.13667 0 0 0 0
1.14333 0 0 0 0
1.15 0 0 0 0
1.15667 0 0 0 0
1.16333 0 0 0 0
1.17 0 0 0 0
1.17667 0 0 0 0
1.18333 0 0 0 0
1.19 0 0 0 0
1.19667 0 0 0 0
1.20333 0 0 0 0
1.21 0 0 0 0
1.21667 0 0 0 0
1.22333 0 0 0 0
1.23 0 0 0 0
1.23667 0 0 0 0
1.24333 0 0 0 0
1.25 0 0 0 0
1.25667 0 0 0 0
1.26333 0 0 0 0
1.27 0 0 0 0
1.27667 0 0 0 0
1.28333 0 0 0 0
1.29 0 0 0 0
1.29667 0 0 0 0
1.30333 0 0 0 0
1.31 0 0 0 0
1.31667 0 0 0 0
1.32333 0 0 0 0
1.33 0 0 0 0
1.33667 0 0 0 0
1.34333 0 0 0 0
1.35 0 0 0 0
1.35667 0 0 0 0
1.36333 0 0 0 0
1.37 0 0 0 0
1.37667 0 0 0 0
1.38333 0 0 0 0
1.39 0 0 0 0
1.39667 0 0 0 0
1.40333 0 0 0 0
1.41 0 0 0 0
1.41667 0 0 0 0
1.42333 0 0 0 0
1.43 0 0 0 0
1.43667 0 0 0 0
1.44333 0 0 0 0
1.45 0 0 0 0
1.45667 0 0 0 0
1.46333 0 0 0 0
1.47 0 0 0 0
1.47667 0 0 0 0
1.48333 0 0 0 0
1.49 0 0 0 0
1.49667 0 0 0 0
1.50333 0 0 0 0
1.51 0 0 0 0
1.51667 0 0 0 0
1.52333 0 0 0 0
1.53 0 0 0 0
1.53667 0 0 0 0
1.54333 0 0 0 0
1.55 0 0 0 0
1.55667 0 0 0 0
1.56333 0 0 0 0
1.57 0 0 0 0
1.57667 0 0 0 0
1.58333 0 0 0 0
1.59 0 0 0 0
1.59667 0 0 0 0
1.60333 0 0 0 0
1.61 0 0 0 0
1.61667 0 0 0 0
1.62333 0 0 0 0
1.63 0 0 0 0
1.63667 0 0 0 0
1.64333 0 0 0 0
1.65 0 0 0 0
1.65667 0 0 0 0
1.66333 0 0 0 0
1.67 0 0 0 0
1.67667 0 0 0 0
1.68333 0 0 0 0
1.69 0 0 0 0
1.69667 0 0 0 0
1.70333 0 0 0 0
1.71 0 0 0 0
1.71667 0 0 0 0
1.72333 0 0 0 0
1.73 0 0 0 0
1.73667 0 0 0 0
1.74333 0 0 0 0
1.75 0 0 0 0
1.75667 0 0 0 0
1.76333 0 0 0 0
1.77 0 0 0 0
1.77667 0 0 0 0
1.78333 0 0 0 0
1.79 0 0 0 0
1.79667 0 0 0 0
1.80333 0 0 0 0
1.81 0 0 0 0
1.81667 0 0 0 0
1.82333 0 0 0 0
1.83 0 0 0 0
1.83667 0 0 0 0
1.84333 0 0 0 0
1.85 0 0 0 0
1.85667 0 0 0 0
1.86333 0 0 0 0
1.87 0 0 0 0
1.87667 0 0 0 0
1.88333 0 0 0 0
1.89 0 0 0 0
1.89667 0 0 0 0
1.90333 0 0 0 0
1.91 0 0 0 0
1.91667 0 0 0 0
1.92333 0 0 0 0
1.93 0 0 0 0
1.93667 0 0 0 0
1.94333 0 0 0 0
1.95 0 0 0 0
1.95667 0 0 0 0
1.96333 0 0 0 0
1.97 0 0 0 0
1.97667 0 0 0 0
1.98333 0 0 0 0
1.99 0 0 0 0
1.99667 0 0 0 0
