0.00333333 1 8 129 14
0.01 1 11 146 18
0.0166667 1 7 152 18
0.0233333 1 5 148 17
0.03 0 12 174 20
0.0366667 2 8 187 24
0.0433333 1 12 225 38
0.05 2 19 247 55
0.0566667 6 18 304 54
0.0633333 2 25 310 56
0.07 7 30 337 80
0.0766667 5 25 331 69
0.0833333 6 24 377 70
0.09 5 27 377 65
0.0966667 3 19 385 64
0.103333 6 21 409 62
0.11 6 33 434 61
0.116667 6 25 401 62
0.123333 2 22 443 69
0.13 4 25 424 60
0.136667 6 10 452 35
0.143333 9 21 427 50
0.15 6 14 417 37
0.156667 2 14 382 42
0.163333 2 21 369 46
0.17 1 21 382 35
0.176667 4 11 378 36
0.183333 6 12 425 44
0.19 0 23 477 43
0.196667 5 20 441 35
0.203333 4 13 430 35
0.21 5 20 436 29
0.216667 4 16 380 44
0.223333 6 12 392 29
0.23 0 9 362 38
0.236667 0 10 313 23
0.243333 5 16 304 27
0.25 5 12 299 20
0.256667 4 14 280 29
0.263333 1 18 254 35
0.27 1 7 256 29
0.276667 1 9 244 29
0.283333 2 3 225 36
0.29 0 10 217 29
0.296667 0 12 230 18
0.303333 1 9 188 25
0.31 4 13 206 23
0.316667 2 8 197 21
0.323333 0 15 168 19
0.33 1 11 149 23
0.336667 2 7 164 15
0.343333 3 5 189 27
0.35 2 11 158 23
0.356667 3 11 165 24
0.363333 1 3 153 17
0.37 0 7 157 21
0.376667 5 9 173 14
0.383333 0 6 164 18
0.39 3 6 140 23
0.396667 2 12 170 17
0.403333 2 4 155 21
0.41 3 4 143 21
0.416667 2 5 147 18
0.423333 1 9 149 18
0.43 2 8 125 11
0.436667 0 5 142 14
0.443333 4 9 124 17
0.45 0 2 155 17
0.456667 1 8 157 14
0.463333 0 8 147 17
0.47 2 7 150 20
0.476667 2 11 130 10
0.483333 1 6 76 14
0.49 2 2 86 6
0.496667 0 5 73 12
0.503333 1 4 62 16
0.51 2 8 70 5
0.516667 2 9 82 9
0.523333 1 7 63 10
0.53 2 3 66 3
0.536667 1 4 61 10
0.543333 0 1 57 7
0.55 1 7 57 3
0.556667 1 2 64 10
0.563333 3 11 66 9
0.57 1 3 57 10
0.576667 6 11 48 10
0.583333 0 6 65 11
0.59 1 4 52 9
0.596667 1 1 48 7
0.603333 1 4 63 3
0.61 0 3 62 7
0.616667 1 6 43 11
0.623333 0 6 42 9
0.63 0 5 54 5
0.636667 0 1 62 6
0.643333 1 7 51 7
0.65 1 6 47 5
0.656667 0 4 62 7
0.663333 16 109 6333 262
0.67 0 0 0 0
0.676667 0 0 0 0
0.683333 0 0 0 0
0.69 0 0 0 0
0.696667 0 0 0 0
0.703333 0 0 0 0
0.71 0 0 0 0
0.716667 0 0 0 0
0.723333 0 0 0 0
0.73 0 0 0 0
0.736667 0 0 0 0
0.743333 0 0 0 0
0.75 0 0 0 0
0.756667 0 0 0 0
0.763333 0 0 0 0
0.77 0 0 0 0
0.776667 0 0 0 0
0.783333 0 0 0 0
0.79 0 0 0 0
0.796667 0 0 0 0
0.803333 0 0 0 0
0.81 0 0 0 0
0.816667 0 0 0 0
0.823333 0 0 0 0
0.83 0 0 0 0
0.836667 0 0 0 0
0.843333 0 0 0 0
0.85 0 0 0 0
0.856667 0 0 0 0
0.863333 0 0 0 0
0.87 0 0 0 0
0.876667 0 0 0 0
0.883333 0 0 0 0
0.89 0 0 0 0
0.896667 0 0 0 0
0.903333 0 0 0 0
0.91 0 0 0 0
0.916667 0 0 0 0
0.923333 0 0 0 0
0.93 0 0 0 0
0.936667 0 0 0 0
0.943333 0 0 0 0
0.95 0 0 0 0
0.956667 0 0 0 0
0.963333 0 0 0 0
0.97 0 0 0 0
0.976667 0 0 0 0
0.983333 0 0 0 0
0.99 0 0 0 0
0.996667 0 0 0 0
1.00333 0 0 0 0
1.01 0 0 0 0
1.01667 0 0 0 0
1.02333 0 0 0 0
1.03 0 0 0 0
1.03667 0 0 0 0
1.04333 0 0 0 0
1.05 0 0 0 0
1.05667 0 0 0 0
1.06333 0 0 0 0
1.07 0 0 0 0
1.07667 0 0 0 0
1.08333 0 0 0 0
1.09 0 0 0 0
1.09667 0 0 0 0
1.10333 0 0 0 0
1.11 0 0 0 0
1.11667 0 0 0 0
1.12333 0 0 0 0
1.13 0 0 0 0
1.13667 0 0 0 0
1.14333 0 0 0 0
1.15 0 0 0 0
1.15667 0 0 0 0
1.16333 0 0 0 0
1.17 0 0 0 0
1.17667 0 0 0 0
1.18333 0 0 0 0
1.19 0 0 0 0
1.19667 0 0 0 0
1.20333 0 0 0 0
1.21 0 0 0 0
1.21667 0 0 0 0
1.22333 0 0 0 0
1.23 0 0 0 0
1.23667 0 0 0 0
1.24333 0 0 0 0
1.25 0 0 0 0
1.25667 0 0 0 0
1.26333 0 0 0 0
1.27 0 0 0 0
1.27667 0 0 0 0
1.28333 0 0 0 0
1.29 0 0 0 0
1.29667 0 0 0 0
1.30333 0 0 0 0
1.31 0 0 0 0
1.31667 0 0 0 0
1.32333 0 0 0 0
1.33 0 0 0 0
1.33667 0 0 0 0
1.34333 0 0 0 0
1.35 0 0 0 0
1.35667 0 0 0 0
1.36333 0 0 0 0
1.37 0 0 0 0
1.37667 0 0 0 0
1.38333 0 0 0 0
1.39 0 0 0 0
1.39667 0 0 0 0
1.40333 0 0 0 0
1.41 0 0 0 0
1.41667 0 0 0 0
1.42333 0 0 0 0
1.43 0 0 0 0
1.43667 0 0 0 0
1.44333 0 0 0 0
1.45 0 0 0 0
1.45667 0 0 0 0
1.46333 0 0 0 0
1.47 0 0 0 0
1.47667 0 0 0 0
1.48333 0 0 0 0
1.49 0 0 0 0
1.49667 0 0 0 0
1.50333 0 0 0 0
1.51 0 0 0 0
1.51667 0 0 0 0
1.52333 0 0 0 0
1.53 0 0 0 0
1.53667 0 0 0 0
1.54333 0 0 0 0
1.55 0 0 0 0
1.55667 0 0 0 0
1.56333 0 0 0 0
1.57 0 0 0 0
1.57667 0 0 0 0
1.58333 0 0 0 0
1.59 0 0 0 0
1.59667 0 0 0 0
1.60333 0 0 0 0
1.61 0 0 0 0
1.61667 0 0 0 0
1.62333 0 0 0 0
1.63 0 0 0 0
1.63667 0 0 0 0
1.64333 0 0 0 0
1.65 0 0 0 0
1.65667 0 0 0 0
1.66333 0 0 0 0
1.67 0 0 0 0
1.67667 0 0 0 0
1.68333 0 0 0 0
1.69 0 0 0 0
1.69667 0 0 0 0
1.70333 0 0 0 0
1.71 0 0 0 0
1.71667 0 0 0 0
1.72333 0 0 0 0
1.73 0 0 0 0
1.73667 0 0 0 0
1.74333 0 0 0 0
1.75 0 0 0 0
1.75667 0 0 0 0
1.76333 0 0 0 0
1.77 0 0 0 0
1.77667 0 0 0 0
1.78333 0 0 0 0
1.79 0 0 0 0
1.79667 0 0 0 0
1.80333 0 0 0 0
1.81 0 0 0 0
1.81667 0 0 0 0
1.82333 0 0 0 0
1.83 0 0 0 0
1.83667 0 0 0 0
1.84333 0 0 0 0
1.85 0 0 0 0
1.85667 0 0 0 0
1.86333 0 0 0 0
1.87 0 0 0 0
1.87667 0 0 0 0
1.88333 0 0 0 0
1.89 0 0 0 0
1.89667 0 0 0 0
1.90333 0 0 0 0
1.91 0 0 0 0
1.91667 0 0 0 0
1.92333 0 0 0 0
1.93 0 0 0 0
1.93667 0 0 0 0
1.94333 0 0 0 0
1.95 0 0 0 0
1.95667 0 0 0 0
1.96333 0 0 0 0
1.97 0 0 0 0
1.97667 0 0 0 0
1.98333 0 0 0 0
1.99 0 0 0 0
1.99667 0 0 0 0
