0.00333333 79 9 1 1
0.01 84 14 0 1
0.0166667 82 17 2 0
0.0233333 69 12 0 2
0.03 101 15 0 0
0.0366667 95 28 1 1
0.0433333 149 30 5 1
0.05 166 48 2 0
0.0566667 177 44 5 2
0.0633333 200 61 4 3
0.07 221 68 7 2
0.0766667 226 60 5 4
0.0833333 238 48 4 2
0.09 239 63 3 0
0.0966667 248 69 6 2
0.103333 234 54 3 2
0.11 269 61 7 2
0.116667 273 55 7 3
0.123333 285 53 6 1
0.13 253 51 4 2
0.136667 261 50 2 1
0.143333 223 31 5 1
0.15 266 39 4 3
0.156667 225 46 3 1
0.163333 227 40 2 2
0.17 205 35 3 5
0.176667 217 39 2 4
0.183333 197 36 1 2
0.19 240 33 3 1
0.196667 255 42 2 2
0.203333 221 33 0 1
0.21 226 27 0 1
0.216667 210 38 7 0
0.223333 194 27 3 2
0.23 194 35 1 3
0.236667 173 36 4 2
0.243333 190 33 3 3
0.25 158 33 0 2
0.256667 167 34 2 2
0.263333 148 24 1 2
0.27 156 30 2 2
0.276667 164 20 3 1
0.283333 141 21 3 1
0.29 129 25 1 0
0.296667 154 36 3 0
0.303333 145 20 3 1
0.31 131 26 0 1
0.316667 134 23 2 2
0.323333 131 17 1 3
0.33 126 17 1 2
0.336667 125 18 4 1
0.343333 115 29 1 1
0.35 127 19 3 2
0.356667 114 21 2 2
0.363333 109 18 2 0
0.37 125 11 2 0
0.376667 106 25 0 0
0.383333 98 17 3 1
0.39 107 18 5 0
0.396667 90 21 0 1
0.403333 92 17 1 1
0.41 102 18 2 1
0.416667 88 17 2 1
0.423333 82 13 0 2
0.43 92 15 2 0
0.436667 98 15 1 2
0.443333 102 13 1 0
0.45 112 17 0 2
0.456667 102 14 3 0
0.463333 85 17 0 1
0.47 111 19 6 0
0.476667 71 8 1 1
0.483333 48 8 2 1
0.49 65 7 1 0
0.496667 62 13 2 0
0.503333 45 17 3 1
0.51 71 8 3 1
0.516667 41 6 2 2
0.523333 41 9 0 0
0.53 51 11 1 0
0.536667 48 10 0 1
0.543333 41 13 2 0
0.55 47 6 4 1
0.556667 55 8 3 1
0.563333 31 6 0 0
0.57 44 5 1 0
0.576667 30 11 0 0
0.583333 43 11 2 0
0.59 34 11 0 1
0.596667 37 8 1 1
0.603333 39 10 1 0
0.61 37 6 0 0
0.616667 42 3 0 1
0.623333 37 6 2 0
0.63 31 7 0 0
0.636667 37 8 2 0
0.643333 34 15 1 1
0.65 40 6 1 0
0.656667 43 8 0 2
0.663333 3259 255 16 21
0.67 0 0 0 0
0.676667 0 0 0 0
0.683333 0 0 0 0
0.69 0 0 0 0
0.696667 0 0 0 0
0.703333 0 0 0 0
0.71 0 0 0 0
0.716667 0 0 0 0
0.723333 0 0 0 0
0.73 0 0 0 0
0.736667 0 0 0 0
0.743333 0 0 0 0
0.75 0 0 0 0
0.756667 0 0 0 0
0.763333 0 0 0 0
0.77 0 0 0 0
0.776667 0 0 0 0
0.783333 0 0 0 0
0.79 0 0 0 0
0.796667 0 0 0 0
0.803333 0 0 0 0
0.81 0 0 0 0
0.816667 0 0 0 0
0.823333 0 0 0 0
0.83 0 0 0 0
0.836667 0 0 0 0
0.843333 0 0 0 0
0.85 0 0 0 0
0.856667 0 0 0 0
0.863333 0 0 0 0
0.87 0 0 0 0
0.876667 0 0 0 0
0.883333 0 0 0 0
0.89 0 0 0 0
0.896667 0 0 0 0
0.903333 0 0 0 0
0.91 0 0 0 0
0.916667 0 0 0 0
0.923333 0 0 0 0
0.93 0 0 0 0
0.936667 0 0 0 0
0.943333 0 0 0 0
0.95 0 0 0 0
0.956667 0 0 0 0
0.963333 0 0 0 0
0.97 0 0 0 0
0.976667 0 0 0 0
0.983333 0 0 0 0
0.99 0 0 0 0
0.996667 0 0 0 0
1.00333 0 0 0 0
1.01 0 0 0 0
1.01667 0 0 0 0
1.02333 0 0 0 0
1.03 0 0 0 0
1.03667 0 0 0 0
1.04333 0 0 0 0
1.05 0 0 0 0
1.05667 0 0 0 0
1.06333 0 0 0 0
1.07 0 0 0 0
1.07667 0 0 0 0
1.08333 0 0 0 0
1.09 0 0 0 0
1.09667 0 0 0 0
1.10333 0 0 0 0
1.11 0 0 0 0
1.11667 0 0 0 0
1.12333 0 0 0 0
1.13 0 0 0 0
1.13667 0 0 0 0
1.14333 0 0 0 0
1.15 0 0 0 0
1.15667 0 0 0 0
1.16333 0 0 0 0
1.17 0 0 0 0
1.17667 0 0 0 0
1.18333 0 0 0 0
1.19 0 0 0 0
1.19667 0 0 0 0
1.20333 0 0 0 0
1.21 0 0 0 0
1.21667 0 0 0 0
1.22333 0 0 0 0
1.23 0 0 0 0
1.23667 0 0 0 0
1.24333 0 0 0 0
1.25 0 0 0 0
1.25667 0 0 0 0
1.26333 0 0 0 0
1.27 0 0 0 0
1.27667 0 0 0 0
1.28333 0 0 0 0
1.29 0 0 0 0
1.29667 0 0 0 0
1.30333 0 0 0 0
1.31 0 0 0 0
1.31667 0 0 0 0
1.32333 0 0 0 0
1.33 0 0 0 0
1.33667 0 0 0 0
1.34333 0 0 0 0
1.35 0 0 0 0
1.35667 0 0 0 0
1.36333 0 0 0 0
1.37 0 0 0 0
1.37667 0 0 0 0
1.38333 0 0 0 0
1.39 0 0 0 0
1.39667 0 0 0 0
1.40333 0 0 0 0
1.41 0 0 0 0
1.41667 0 0 0 0
1.42333 0 0 0 0
1.43 0 0 0 0
1.43667 0 0 0 0
1.44333 0 0 0 0
1.45 0 0 0 0
1.45667 0 0 0 0
1.46333 0 0 0 0
1.47 0 0 0 0
1.47667 0 0 0 0
1.48333 0 0 0 0
1.49 0 0 0 0
1.49667 0 0 0 0
1.50333 0 0 0 0
1.51 0 0 0 0
1.51667 0 0 0 0
1.52333 0 0 0 0
1.53 0 0 0 0
1.53667 0 0 0 0
1.54333 0 0 0 0
1.55 0 0 0 0
1.55667 0 0 0 0
1.56333 0 0 0 0
1.57 0 0 0 0
1.57667 0 0 0 0
1.58333 0 0 0 0
1.59 0 0 0 0
1.59667 0 0 0 0
1.60333 0 0 0 0
1.61 0 0 0 0
1.61667 0 0 0 0
1.62333 0 0 0 0
1.63 0 0 0 0
1.63667 0 0 0 0
1.64333 0 0 0 0
1.65 0 0 0 0
1.65667 0 0 0 0
1.66333 0 0 0 0
1.67 0 0 0 0
1.67667 0 0 0 0
1.68333 0 0 0 0
1.69 0 0 0 0
1.69667 0 0 0 0
1.70333 0 0 0 0
1.71 0 0 0 0
1.71667 0 0 0 0
1.72333 0 0 0 0
1.73 0 0 0 0
1.73667 0 0 0 0
1.74333 0 0 0 0
1.75 0 0 0 0
1.75667 0 0 0 0
1.76333 0 0 0 0
1.77 0 0 0 0
1.77667 0 0 0 0
1.78333 0 0 0 0
1.79 0 0 0 0
1.79667 0 0 0 0
1.80333 0 0 0 0
1.81 0 0 0 0
1.81667 0 0 0 0
1.82333 0 0 0 0
1.83 0 0 0 0
1.83667 0 0 0 0
1.84333 0 0 0 0
1.85 0 0 0 0
1.85667 0 0 0 0
1.86333 0 0 0 0
1.87 0 0 0 0
1.87667 0 0 0 0
1.88333 0 0 0 0
1.89 0 0 0 0
1.89667 0 0 0 0
1.90333 0 0 0 0
1.91 0 0 0 0
1.91667 0 0 0 0
1.92333 0 0 0 0
1.93 0 0 0 0
1.93667 0 0 0 0
1.94333 0 0 0 0
1.95 0 0 0 0
1.95667 0 0 0 0
1.96333 0 0 0 0
1.97 0 0 0 0
1.97667 0 0 0 0
1.98333 0 0 0 0
1.99 0 0 0 0
1.99667 0 0 0 0
