0.00333333 0 0 31 64
0.01 2 3 33 61
0.0166667 4 4 29 81
0.0233333 3 5 44 75
0.03 4 6 61 84
0.0366667 3 8 53 100
0.0433333 3 8 87 118
0.05 3 13 110 144
0.0566667 3 4 145 165
0.0633333 3 15 175 205
0.07 5 13 166 219
0.0766667 3 16 176 242
0.0833333 3 15 183 249
0.09 5 14 161 227
0.0966667 11 14 175 243
0.103333 8 20 187 210
0.11 8 17 163 233
0.116667 7 13 153 232
0.123333 5 11 150 244
0.13 3 19 135 241
0.136667 5 16 147 199
0.143333 5 14 131 233
0.15 3 5 122 183
0.156667 5 10 126 197
0.163333 4 11 110 213
0.17 3 11 129 202
0.176667 3 8 107 190
0.183333 4 12 99 199
0.19 7 6 124 231
0.196667 5 9 98 214
0.203333 10 15 89 200
0.21 4 9 96 188
0.216667 3 9 96 169
0.223333 3 3 99 202
0.23 4 8 74 151
0.236667 2 7 71 145
0.243333 4 4 97 174
0.25 6 5 72 160
0.256667 2 5 78 125
0.263333 3 7 72 141
0.27 3 8 80 111
0.276667 1 3 69 115
0.283333 2 9 58 128
0.29 2 5 48 130
0.296667 3 8 63 107
0.303333 1 3 76 91
0.31 0 5 63 83
0.316667 1 9 56 93
0.323333 2 2 41 112
0.33 0 6 51 106
0.336667 3 4 57 92
0.343333 1 5 59 107
0.35 2 6 52 98
0.356667 1 10 45 96
0.363333 1 4 49 75
0.37 1 7 59 72
0.376667 4 9 47 79
0.383333 3 6 45 74
0.39 3 5 31 75
0.396667 2 6 33 76
0.403333 2 6 44 69
0.41 3 7 47 78
0.416667 2 7 53 76
0.423333 1 3 40 73
0.43 0 4 38 60
0.436667 0 2 40 57
0.443333 1 1 39 83
0.45 1 3 42 72
0.456667 2 6 46 63
0.463333 1 5 30 52
0.47 6 1 25 61
0.476667 1 4 29 66
0.483333 1 7 20 47
0.49 1 6 22 32
0.496667 0 2 20 46
0.503333 1 1 28 32
0.51 1 1 31 44
0.516667 0 2 26 39
0.523333 2 1 19 51
0.53 1 2 31 35
0.536667 1 3 22 34
0.543333 2 4 24 42
0.55 1 2 18 32
0.556667 1 4 22 34
0.563333 1 3 28 33
0.57 2 2 15 24
0.576667 2 3 17 36
0.583333 3 5 15 26
0.59 3 2 27 25
0.596667 1 4 22 29
0.603333 1 4 19 30
0.61 1 1 18 40
0.616667 0 3 25 34
0.623333 2 1 17 27
0.63 0 3 19 25
0.636667 3 4 21 40
0.643333 1 4 16 28
0.65 1 3 13 24
0.656667 1 2 21 23
0.663333 34 60 858 2236
0.67 0 0 0 0
0.676667 0 0 0 0
0.683333 0 0 0 0
0.69 0 0 0 0
0.696667 0 0 0 0
0.703333 0 0 0 0
0.71 0 0 0 0
0.716667 0 0 0 0
0.723333 0 0 0 0
0.73 0 0 0 0
0.736667 0 0 0 0
0.743333 0 0 0 0
0.75 0 0 0 0
0.756667 0 0 0 0
0.763333 0 0 0 0
0.77 0 0 0 0
0.776667 0 0 0 0
0.783333 0 0 0 0
0.79 0 0 0 0
0.796667 0 0 0 0
0.803333 0 0 0 0
0.81 0 0 0 0
0.816667 0 0 0 0
0.823333 0 0 0 0
0.83 0 0 0 0
0.836667 0 0 0 0
0.843333 0 0 0 0
0.85 0 0 0 0
0.856667 0 0 0 0
0.863333 0 0 0 0
0.87 0 0 0 0
0.876667 0 0 0 0
0.883333 0 0 0 0
0.89 0 0 0 0
0.896667 0 0 0 0
0.903333 0 0 0 0
0.91 0 0 0 0
0.916667 0 0 0 0
0.923333 0 0 0 0
0.93 0 0 0 0
0.936667 0 0 0 0
0.943333 0 0 0 0
0.95 0 0 0 0
0.956667 0 0 0 0
0.963333 0 0 0 0
0.97 0 0 0 0
0.976667 0 0 0 0
0.983333 0 0 0 0
0.99 0 0 0 0
0.996667 0 0 0 0
1.00333 0 0 0 0
1.01 0 0 0 0
1.01667 0 0 0 0
1.02333 0 0 0 0
1.03 0 0 0 0
1.03667 0 0 0 0
1.04333 0 0 0 0
1.05 0 0 0 0
1.05667 0 0 0 0
1.06333 0 0 0 0
1.07 0 0 0 0
1.07667 0 0 0 0
1.08333 0 0 0 0
1.09 0 0 0 0
1.09667 0 0 0 0
1.10333 0 0 0 0
1.11 0 0 0 0
1.11667 0 0 0 0
1.12333 0 0 0 0
1.13 0 0 0 0
1.13667 0 0 0 0
1.14333 0 0 0 0
1.15 0 0 0 0
1.15667 0 0 0 0
1.16333 0 0 0 0
1.17 0 0 0 0
1.17667 0 0 0 0
1.18333 0 0 0 0
1.19 0 0 0 0
1.19667 0 0 0 0
1.20333 0 0 0 0
1.21 0 0 0 0
1.21667 0 0 0 0
1.22333 0 0 0 0
1.23 0 0 0 0
1.23667 0 0 0 0
1.24333 0 0 0 0
1.25 0 0 0 0
1.25667 0 0 0 0
1.26333 0 0 0 0
1.27 0 0 0 0
1.27667 0 0 0 0
1.28333 0 0 0 0
1.29 0 0 0 0
1.29667 0 0 0 0
1.30333 0 0 0 0
1.31 0 0 0 0
1.31667 0 0 0 0
1.32333 0 0 0 0
1.33 0 0 0 0
1.33667 0 0 0 0
1.34333 0 0 0 0
1.35 0 0 0 0
1.35667 0 0 0 0
1.36333 0 0 0 0
1.37 0 0 0 0
1.37667 0 0 0 0
1.38333 0 0 0 0
1.39 0 0 0 0
1.39667 0 0 0 0
1.40333 0 0 0 0
1.41 0 0 0 0
1.41667 0 0 0 0
1.42333 0 0 0 0
1.43 0 0 0 0
1.43667 0 0 0 0
1.44333 0 0 0 0
1.45 0 0 0 0
1.45667 0 0 0 0
1.46333 0 0 0 0
1.47 0 0 0 0
1.47667 0 0 0 0
1.48333 0 0 0 0
1.49 0 0 0 0
1.49667 0 0 0 0
1.50333 0 0 0 0
1.51 0 0 0 0
1.51667 0 0 0 0
1.52333 0 0 0 0
1.53 0 0 0 0
1.53667 0 0 0 0
1.54333 0 0 0 0
1.55 0 0 0 0
1.55667 0 0 0 0
1.56333 0 0 0 0
1.57 0 0 0 0
1.57667 0 0 0 0
1.58333 0 0 0 0
1.59 0 0 0 0
1.59667 0 0 0 0
1.60333 0 0 0 0
1.61 0 0 0 0
1.61667 0 0 0 0
1.62333 0 0 0 0
1.63 0 0 0 0
1.63667 0 0 0 0
1.64333 0 0 0 0
1.65 0 0 0 0
1.65667 0 0 0 0
1.66333 0 0 0 0
1.67 0 0 0 0
1.67667 0 0 0 0
1.68333 0 0 0 0
1.69 0 0 0 0
1.69667 0 0 0 0
1.70333 0 0 0 0
1.71 0 0 0 0
1.71667 0 0 0 0
1.72333 0 0 0 0
1.73 0 0 0 0
1.73667 0 0 0 0
1.74333 0 0 0 0
1.75 0 0 0 0
1.75667 0 0 0 0
1.76333 0 0 0 0
1.77 0 0 0 0
1.77667 0 0 0 0
1.78333 0 0 0 0
1.79 0 0 0 0
1.79667 0 0 0 0
1.80333 0 0 0 0
1.81 0 0 0 0
1.81667 0 0 0 0
1.82333 0 0 0 0
1.83 0 0 0 0
1.83667 0 0 0 0
1.84333 0 0 0 0
1.85 0 0 0 0
1.85667 0 0 0 0
1.86333 0 0 0 0
1.87 0 0 0 0
1.87667 0 0 0 0
1.88333 0 0 0 0
1.89 0 0 0 0
1.89667 0 0 0 0
1.90333 0 0 0 0
1.91 0 0 0 0
1.91667 0 0 0 0
1.92333 0 0 0 0
1.93 0 0 0 0
1.93667 0 0 0 0
1.94333 0 0 0 0
1.95 0 0 0 0
1.95667 0 0 0 0
1.96333 0 0 0 0
1.97 0 0 0 0
1.97667 0 0 0 0
1.98333 0 0 0 0
1.99 0 0 0 0
1.99667 0 0 0 0
