0.00333333 17 25 9 5
0.01 12 21 11 4
0.0166667 18 22 14 6
0.0233333 15 36 19 11
0.03 14 25 16 7
0.0366667 25 35 22 12
0.0433333 20 51 36 10
0.05 35 67 37 17
0.0566667 26 84 48 16
0.0633333 38 80 49 19
0.07 42 103 56 15
0.0766667 48 113 56 16
0.0833333 35 106 39 18
0.09 38 103 48 23
0.0966667 38 113 54 14
0.103333 42 87 51 18
0.11 46 89 52 21
0.116667 32 89 55 18
0.123333 37 100 60 20
0.13 46 68 46 26
0.136667 43 70 28 12
0.143333 50 71 37 24
0.15 39 68 30 17
0.156667 38 59 22 14
0.163333 41 70 39 26
0.17 28 55 32 16
0.176667 31 58 43 8
0.183333 46 64 30 18
0.19 43 60 37 22
0.196667 33 65 29 19
0.203333 42 51 35 12
0.21 34 51 19 19
0.216667 32 54 27 19
0.223333 37 53 23 13
0.23 38 42 26 17
0.236667 21 47 35 5
0.243333 25 41 22 16
0.25 27 34 31 8
0.256667 28 37 20 15
0.263333 23 38 23 11
0.27 21 36 23 8
0.276667 33 33 28 7
0.283333 19 44 22 10
0.29 27 49 20 13
0.296667 31 32 19 11
0.303333 19 30 20 12
0.31 23 35 12 10
0.316667 21 36 16 10
0.323333 20 34 17 9
0.33 19 27 10 5
0.336667 20 41 27 13
0.343333 24 29 13 7
0.35 16 36 15 7
0.356667 19 26 12 11
0.363333 19 23 11 7
0.37 12 33 11 7
0.376667 23 31 19 7
0.383333 10 19 11 7
0.39 24 25 11 8
0.396667 18 30 19 12
0.403333 20 30 15 9
0.41 19 25 13 9
0.416667 14 26 11 4
0.423333 23 30 14 6
0.43 18 25 16 6
0.436667 15 29 11 6
0.443333 15 22 12 6
0.45 10 27 15 10
0.456667 14 20 16 6
0.463333 16 20 9 7
0.47 14 24 12 6
0.476667 12 32 12 6
0.483333 15 19 16 3
0.49 11 18 14 7
0.496667 14 22 16 4
0.503333 12 17 15 3
0.51 8 18 8 6
0.516667 17 11 8 2
0.523333 6 16 5 5
0.53 8 13 15 3
0.536667 9 12 13 7
0.543333 4 17 17 4
0.55 5 12 11 0
0.556667 10 13 9 2
0.563333 4 15 5 3
0.57 9 15 6 7
0.576667 8 17 11 2
0.583333 5 12 6 7
0.59 6 19 12 8
0.596667 8 11 9 6
0.603333 20 16 9 5
0.61 9 9 11 9
0.616667 10 6 9 3
0.623333 11 12 9 4
0.63 13 19 11 2
0.636667 8 11 7 7
0.643333 8 8 8 5
0.65 6 12 8 9
0.656667 7 10 4 6
0.663333 404 433 220 195
0.67 0 0 0 0
0.676667 0 0 0 0
0.683333 0 0 0 0
0.69 0 0 0 0
0.696667 0 0 0 0
0.703333 0 0 0 0
0.71 0 0 0 0
0.716667 0 0 0 0
0.723333 0 0 0 0
0.73 0 0 0 0
0.736667 0 0 0 0
0.743333 0 0 0 0
0.75 0 0 0 0
0.756667 0 0 0 0
0.763333 0 0 0 0
0.77 0 0 0 0
0.776667 0 0 0 0
0.783333 0 0 0 0
0.79 0 0 0 0
0.796667 0 0 0 0
0.803333 0 0 0 0
0.81 0 0 0 0
0.816667 0 0 0 0
0.823333 0 0 0 0
0.83 0 0 0 0
0.836667 0 0 0 0
0.843333 0 0 0 0
0.85 0 0 0 0
0.856667 0 0 0 0
0.863333 0 0 0 0
0.87 0 0 0 0
0.876667 0 0 0 0
0.883333 0 0 0 0
0.89 0 0 0 0
0.896667 0 0 0 0
0.903333 0 0 0 0
0.91 0 0 0 0
0.916667 0 0 0 0
0.923333 0 0 0 0
0.93 0 0 0 0
0.936667 0 0 0 0
0.943333 0 0 0 0
0.95 0 0 0 0
0.956667 0 0 0 0
0.963333 0 0 0 0
0.97 0 0 0 0
0.976667 0 0 0 0
0.983333 0 0 0 0
0.99 0 0 0 0
0.996667 0 0 0 0
1.00333 0 0 0 0
1.01 0 0 0 0
1.01667 0 0 0 0
1.02333 0 0 0 0
1.03 0 0 0 0
1.03667 0 0 0 0
1.04333 0 0 0 0
1.05 0 0 0 0
1.05667 0 0 0 0
1.06333 0 0 0 0
1.07 0 0 0 0
1.07667 0 0 0 0
1.08333 0 0 0 0
1.09 0 0 0 0
1.09667 0 0 0 0
1.10333 0 0 0 0
1.11 0 0 0 0
1.11667 0 0 0 0
1.12333 0 0 0 0
1.13 0 0 0 0
1.13667 0 0 0 0
1.14333 0 0 0 0
1.15 0 0 0 0
1.15667 0 0 0 0
1.16333 0 0 0 0
1.17 0 0 0 0
1.17667 0 0 0 0
1.18333 0 0 0 0
1.19 0 0 0 0
1.19667 0 0 0 0
1.20333 0 0 0 0
1.21 0 0 0 0
1.21667 0 0 0 0
1.22333 0 0 0 0
1.23 0 0 0 0
1.23667 0 0 0 0
1.24333 0 0 0 0
1.25 0 0 0 0
1.25667 0 0 0 0
1.26333 0 0 0 0
1.27 0 0 0 0
1.27667 0 0 0 0
1.28333 0 0 0 0
1.29 0 0 0 0
1.29667 0 0 0 0
1.30333 0 0 0 0
1.31 0 0 0 0
1.31667 0 0 0 0
1.32333 0 0 0 0
1.33 0 0 0 0
1.33667 0 0 0 0
1.34333 0 0 0 0
1.35 0 0 0 0
1.35667 0 0 0 0
1.36333 0 0 0 0
1.37 0 0 0 0
1.37667 0 0 0 0
1.38333 0 0 0 0
1.39 0 0 0 0
1.39667 0 0 0 0
1.40333 0 0 0 0
1.41 0 0 0 0
1.41667 0 0 0 0
1.42333 0 0 0 0
1.43 0 0 0 0
1.43667 0 0 0 0
1.44333 0 0 0 0
1.45 0 0 0 0
1.45667 0 0 0 0
1.46333 0 0 0 0
1.47 0 0 0 0
1.47667 0 0 0 0
1.48333 0 0 0 0
1.49 0 0 0 0
1.49667 0 0 0 0
1.50333 0 0 0 0
1.51 0 0 0 0
1.51667 0 0 0 0
1.52333 0 0 0 0
1.53 0 0 0 0
1.53667 0 0 0 0
1.54333 0 0 0 0
1.55 0 0 0 0
1.55667 0 0 0 0
1.56333 0 0 0 0
1.57 0 0 0 0
1.57667 0 0 0 0
1.58333 0 0 0 0
1.59 0 0 0 0
1.59667 0 0 0 0
1.60333 0 0 0 0
1.61 0 0 0 0
1.61667 0 0 0 0
1.62333 0 0 0 0
1.63 0 0 0 0
1.63667 0 0 0 0
1.64333 0 0 0 0
1.65 0 0 0 0
1.65667 0 0 0 0
1.66333 0 0 0 0
1.67 0 0 0 0
1.67667 0 0 0 0
1.68333 0 0 0 0
1.69 0 0 0 0
1.69667 0 0 0 0
1.70333 0 0 0 0
1.71 0 0 0 0
1.71667 0 0 0 0
1.72333 0 0 0 0
1.73 0 0 0 0
1.73667 0 0 0 0
1.74333 0 0 0 0
1.75 0 0 0 0
1.75667 0 0 0 0
1.76333 0 0 0 0
1.77 0 0 0 0
1.77667 0 0 0 0
1.78333 0 0 0 0
1.79 0 0 0 0
1.79667 0 0 0 0
1.80333 0 0 0 0
1.81 0 0 0 0
1.81667 0 0 0 0
1.82333 0 0 0 0
1.83 0 0 0 0
1.83667 0 0 0 0
1.84333 0 0 0 0
1.85 0 0 0 0
1.85667 0 0 0 0
1.86333 0 0 0 0
1.87 0 0 0 0
1.87667 0 0 0 0
1.88333 0 0 0 0
1.89 0 0 0 0
1.89667 0 0 0 0
1.90333 0 0 0 0
1.91 0 0 0 0
1.91667 0 0 0 0
1.92333 0 0 0 0
1.93 0 0 0 0
1.93667 0 0 0 0
1.94333 0 0 0 0
1.95 0 0 0 0
1.95667 0 0 0 0
1.96333 0 0 0 0
1.97 0 0 0 0
1.97667 0 0 0 0
1.98333 0 0 0 0
1.99 0 0 0 0
1.99667 0 0 0 0
