0.00333333 3 5 17 36
0.01 5 12 32 46
0.0166667 3 5 35 49
0.0233333 7 12 29 38
0.03 5 2 48 52
0.0366667 3 11 51 52
0.0433333 9 17 84 62
0.05 9 25 84 82
0.0566667 7 16 97 102
0.0633333 7 17 124 110
0.07 16 25 144 111
0.0766667 15 31 125 135
0.0833333 8 41 132 114
0.09 7 28 132 122
0.0966667 13 29 118 123
0.103333 15 22 129 143
0.11 7 31 117 120
0.116667 8 30 125 126
0.123333 10 29 111 114
0.13 14 28 107 120
0.136667 14 32 99 103
0.143333 8 30 85 103
0.15 12 24 110 110
0.156667 6 28 98 104
0.163333 8 24 77 98
0.17 11 18 81 95
0.176667 11 19 77 112
0.183333 15 13 73 129
0.19 17 22 72 129
0.196667 12 35 84 118
0.203333 19 30 76 111
0.21 9 23 68 107
0.216667 12 23 71 103
0.223333 12 21 68 99
0.23 11 21 59 89
0.236667 8 16 70 100
0.243333 11 15 68 62
0.25 7 15 65 78
0.256667 5 13 52 69
0.263333 6 17 42 71
0.27 4 14 51 60
0.276667 6 10 45 63
0.283333 4 14 54 66
0.29 10 13 48 70
0.296667 6 12 52 65
0.303333 9 17 48 59
0.31 4 7 50 60
0.316667 7 14 39 53
0.323333 4 14 49 53
0.33 4 8 45 53
0.336667 6 18 49 51
0.343333 4 20 38 46
0.35 6 14 51 49
0.356667 5 15 34 59
0.363333 7 16 41 53
0.37 8 15 40 45
0.376667 11 13 32 42
0.383333 2 16 43 47
0.39 2 7 35 60
0.396667 5 9 37 50
0.403333 2 7 34 56
0.41 0 12 37 45
0.416667 5 14 27 48
0.423333 6 12 34 38
0.43 3 8 31 45
0.436667 8 9 26 47
0.443333 6 14 26 37
0.45 5 10 31 46
0.456667 3 9 31 46
0.463333 9 9 35 42
0.47 5 11 32 42
0.476667 6 11 31 34
0.483333 7 10 15 16
0.49 1 7 13 17
0.496667 5 9 23 23
0.503333 2 7 15 25
0.51 5 3 23 20
0.516667 4 9 17 33
0.523333 6 5 19 17
0.53 5 5 19 22
0.536667 3 6 20 27
0.543333 3 5 17 15
0.55 6 6 21 15
0.556667 3 8 21 18
0.563333 4 4 12 18
0.57 6 5 15 22
0.576667 2 11 18 15
0.583333 2 5 14 18
0.59 2 3 18 29
0.596667 2 9 11 18
0.603333 4 8 14 13
0.61 2 5 8 19
0.616667 1 7 5 18
0.623333 3 3 19 11
0.63 6 7 26 17
0.636667 2 8 17 13
0.643333 2 11 11 11
0.65 4 7 13 9
0.656667 1 6 11 17
0.663333 157 225 583 1471
0.67 0 0 0 0
0.676667 0 0 0 0
0.683333 0 0 0 0
0.69 0 0 0 0
0.696667 0 0 0 0
0.703333 0 0 0 0
0.71 0 0 0 0
0.716667 0 0 0 0
0.723333 0 0 0 0
0.73 0 0 0 0
0.736667 0 0 0 0
0.743333 0 0 0 0
0.75 0 0 0 0
0.756667 0 0 0 0
0.763333 0 0 0 0
0.77 0 0 0 0
0.776667 0 0 0 0
0.783333 0 0 0 0
0.79 0 0 0 0
0.796667 0 0 0 0
0.803333 0 0 0 0
0.81 0 0 0 0
0.816667 0 0 0 0
0.823333 0 0 0 0
0.83 0 0 0 0
0.836667 0 0 0 0
0.843333 0 0 0 0
0.85 0 0 0 0
0.856667 0 0 0 0
0.863333 0 0 0 0
0.87 0 0 0 0
0.876667 0 0 0 0
0.883333 0 0 0 0
0.89 0 0 0 0
0.896667 0 0 0 0
0.903333 0 0 0 0
0.91 0 0 0 0
0.916667 0 0 0 0
0.923333 0 0 0 0
0.93 0 0 0 0
0.936667 0 0 0 0
0.943333 0 0 0 0
0.95 0 0 0 0
0.956667 0 0 0 0
0.963333 0 0 0 0
0.97 0 0 0 0
0.976667 0 0 0 0
0.983333 0 0 0 0
0.99 0 0 0 0
0.996667 0 0 0 0
1.00333 0 0 0 0
1.01 0 0 0 0
1.01667 0 0 0 0
1.02333 0 0 0 0
1.03 0 0 0 0
1.03667 0 0 0 0
1.04333 0 0 0 0
1.05 0 0 0 0
1.05667 0 0 0 0
1.06333 0 0 0 0
1.07 0 0 0 0
1.07667 0 0 0 0
1.08333 0 0 0 0
1.09 0 0 0 0
1.09667 0 0 0 0
1.10333 0 0 0 0
1.11 0 0 0 0
1.11667 0 0 0 0
1.12333 0 0 0 0
1.13 0 0 0 0
1.13667 0 0 0 0
1.14333 0 0 0 0
1.15 0 0 0 0
1.15667 0 0 0 0
1.16333 0 0 0 0
1.17 0 0 0 0
1.17667 0 0 0 0
1.18333 0 0 0 0
1.19 0 0 0 0
1.19667 0 0 0 0
1.20333 0 0 0 0
1.21 0 0 0 0
1.21667 0 0 0 0
1.22333 0 0 0 0
1.23 0 0 0 0
1.23667 0 0 0 0
1.24333 0 0 0 0
1.25 0 0 0 0
1.25667 0 0 0 0
1.26333 0 0 0 0
1.27 0 0 0 0
1.27667 0 0 0 0
1.28333 0 0 0 0
1.29 0 0 0 0
1.29667 0 0 0 0
1.30333 0 0 0 0
1.31 0 0 0 0
1.31667 0 0 0 0
1.32333 0 0 0 0
1.33 0 0 0 0
1.33667 0 0 0 0
1.34333 0 0 0 0
1.35 0 0 0 0
1.35667 0 0 0 0
1.36333 0 0 0 0
1.37 0 0 0 0
1.37667 0 0 0 0
1.38333 0 0 0 0
1.39 0 0 0 0
1.39667 0 0 0 0
1.40333 0 0 0 0
1.41 0 0 0 0
1.41667 0 0 0 0
1.42333 0 0 0 0
1.43 0 0 0 0
1.43667 0 0 0 0
1.44333 0 0 0 0
1.45 0 0 0 0
1.45667 0 0 0 0
1.46333 0 0 0 0
1.47 0 0 0 0
1.47667 0 0 0 0
1.48333 0 0 0 0
1.49 0 0 0 0
1.49667 0 0 0 0
1.50333 0 0 0 0
1.51 0 0 0 0
1.51667 0 0 0 0
1.52333 0 0 0 0
1.53 0 0 0 0
1.53667 0 0 0 0
1.54333 0 0 0 0
1.55 0 0 0 0
1.55667 0 0 0 0
1.56333 0 0 0 0
1.57 0 0 0 0
1.57667 0 0 0 0
1.58333 0 0 0 0
1.59 0 0 0 0
1.59667 0 0 0 0
1.60333 0 0 0 0
1.61 0 0 0 0
1.61667 0 0 0 0
1.62333 0 0 0 0
1.63 0 0 0 0
1.63667 0 0 0 0
1.64333 0 0 0 0
1.65 0 0 0 0
1.65667 0 0 0 0
1.66333 0 0 0 0
1.67 0 0 0 0
1.67667 0 0 0 0
1.68333 0 0 0 0
1.69 0 0 0 0
1.69667 0 0 0 0
1.70333 0 0 0 0
1.71 0 0 0 0
1.71667 0 0 0 0
1.72333 0 0 0 0
1.73 0 0 0 0
1.73667 0 0 0 0
1.74333 0 0 0 0
1.75 0 0 0 0
1.75667 0 0 0 0
1.76333 0 0 0 0
1.77 0 0 0 0
1.77667 0 0 0 0
1.78333 0 0 0 0
1.79 0 0 0 0
1.79667 0 0 0 0
1.80333 0 0 0 0
1.81 0 0 0 0
1.81667 0 0 0 0
1.82333 0 0 0 0
1.83 0 0 0 0
1.83667 0 0 0 0
1.84333 0 0 0 0
1.85 0 0 0 0
1.85667 0 0 0 0
1.86333 0 0 0 0
1.87 0 0 0 0
1.87667 0 0 0 0
1.88333 0 0 0 0
1.89 0 0 0 0
1.89667 0 0 0 0
1.90333 0 0 0 0
1.91 0 0 0 0
1.91667 0 0 0 0
1.92333 0 0 0 0
1.93 0 0 0 0
1.93667 0 0 0 0
1.94333 0 0 0 0
1.95 0 0 0 0
1.95667 0 0 0 0
1.96333 0 0 0 0
1.97 0 0 0 0
1.97667 0 0 0 0
1.98333 0 0 0 0
1.99 0 0 0 0
1.99667 0 0 0 0
