0.00333333 2 0 7 79
0.01 0 0 10 96
0.0166667 3 0 10 92
0.0233333 1 1 10 95
0.03 0 0 11 99
0.0366667 1 1 19 133
0.0433333 1 0 10 118
0.05 3 0 25 129
0.0566667 1 1 24 138
0.0633333 1 1 33 162
0.07 3 3 30 173
0.0766667 4 1 28 205
0.0833333 3 3 34 171
0.09 3 3 19 194
0.0966667 2 1 30 196
0.103333 5 1 21 184
0.11 1 1 19 188
0.116667 1 4 29 226
0.123333 2 1 22 213
0.13 3 1 23 219
0.136667 2 1 22 213
0.143333 0 0 26 188
0.15 2 1 27 186
0.156667 3 0 21 190
0.163333 1 1 17 201
0.17 2 1 23 187
0.176667 1 1 21 184
0.183333 4 2 20 207
0.19 2 3 24 236
0.196667 4 2 24 223
0.203333 1 2 14 233
0.21 2 0 16 233
0.216667 1 0 13 212
0.223333 0 1 15 215
0.23 1 1 13 196
0.236667 3 2 18 219
0.243333 1 0 22 194
0.25 1 1 17 191
0.256667 1 1 16 188
0.263333 2 1 8 177
0.27 5 1 13 163
0.276667 3 1 20 135
0.283333 1 0 22 165
0.29 1 0 21 167
0.296667 3 2 12 132
0.303333 5 1 12 150
0.31 1 1 14 141
0.316667 1 1 14 145
0.323333 0 1 20 149
0.33 1 1 12 154
0.336667 0 1 10 139
0.343333 3 1 15 144
0.35 1 0 9 112
0.356667 1 2 13 146
0.363333 0 0 12 122
0.37 0 1 12 142
0.376667 1 0 7 122
0.383333 3 0 9 115
0.39 1 1 16 113
0.396667 1 0 8 124
0.403333 1 2 13 124
0.41 0 0 9 133
0.416667 2 1 7 109
0.423333 3 1 8 130
0.43 3 0 5 111
0.436667 1 0 14 133
0.443333 5 0 7 124
0.45 1 1 7 109
0.456667 3 0 11 123
0.463333 2 0 10 110
0.47 1 0 11 103
0.476667 3 0 7 85
0.483333 1 0 9 59
0.49 0 1 3 51
0.496667 1 0 7 62
0.503333 0 0 9 50
0.51 0 0 10 42
0.516667 0 0 3 52
0.523333 0 0 10 42
0.53 0 2 3 42
0.536667 0 0 4 36
0.543333 0 0 11 47
0.55 2 2 3 52
0.556667 0 0 3 39
0.563333 1 1 7 48
0.57 1 2 3 47
0.576667 2 1 6 33
0.583333 0 1 3 49
0.59 0 0 6 37
0.596667 0 0 3 35
0.603333 0 1 7 50
0.61 2 0 6 46
0.616667 0 0 5 30
0.623333 0 1 5 32
0.63 0 1 11 40
0.636667 0 1 6 47
0.643333 3 0 5 41
0.65 0 0 7 30
0.656667 2 1 5 30
0.663333 45 5 155 4631
0.67 0 0 0 0
0.676667 0 0 0 0
0.683333 0 0 0 0
0.69 0 0 0 0
0.696667 0 0 0 0
0.703333 0 0 0 0
0.71 0 0 0 0
0.716667 0 0 0 0
0.723333 0 0 0 0
0.73 0 0 0 0
0.736667 0 0 0 0
0.743333 0 0 0 0
0.75 0 0 0 0
0.756667 0 0 0 0
0.763333 0 0 0 0
0.77 0 0 0 0
0.776667 0 0 0 0
0.783333 0 0 0 0
0.79 0 0 0 0
0.796667 0 0 0 0
0.803333 0 0 0 0
0.81 0 0 0 0
0.816667 0 0 0 0
0.823333 0 0 0 0
0.83 0 0 0 0
0.836667 0 0 0 0
0.843333 0 0 0 0
0.85 0 0 0 0
0.856667 0 0 0 0
0.863333 0 0 0 0
0.87 0 0 0 0
0.876667 0 0 0 0
0.883333 0 0 0 0
0.89 0 0 0 0
0.896667 0 0 0 0
0.903333 0 0 0 0
0.91 0 0 0 0
0.916667 0 0 0 0
0.923333 0 0 0 0
0.93 0 0 0 0
0.936667 0 0 0 0
0.943333 0 0 0 0
0.95 0 0 0 0
0.956667 0 0 0 0
0.963333 0 0 0 0
0.97 0 0 0 0
0.976667 0 0 0 0
0.983333 0 0 0 0
0.99 0 0 0 0
0.996667 0 0 0 0
1.00333 0 0 0 0
1.01 0 0 0 0
1.01667 0 0 0 0
1.02333 0 0 0 0
1.03 0 0 0 0
1.03667 0 0 0 0
1.04333 0 0 0 0
1.05 0 0 0 0
1.05667 0 0 0 0
1.06333 0 0 0 0
1.07 0 0 0 0
1.07667 0 0 0 0
1.08333 0 0 0 0
1.09 0 0 0 0
1.09667 0 0 0 0
1.10333 0 0 0 0
1.11 0 0 0 0
1.11667 0 0 0 0
1.12333 0 0 0 0
1.13 0 0 0 0
1.13667 0 0 0 0
1.14333 0 0 0 0
1.15 0 0 0 0
1.15667 0 0 0 0
1.16333 0 0 0 0
1.17 0 0 0 0
1.17667 0 0 0 0
1.18333 0 0 0 0
1.19 0 0 0 0
1.19667 0 0 0 0
1.20333 0 0 0 0
1.21 0 0 0 0
1.21667 0 0 0 0
1.22333 0 0 0 0
1.23 0 0 0 0
1.23667 0 0 0 0
1.24333 0 0 0 0
1.25 0 0 0 0
1.25667 0 0 0 0
1.26333 0 0 0 0
1.27 0 0 0 0
1.27667 0 0 0 0
1.28333 0 0 0 0
1.29 0 0 0 0
1.29667 0 0 0 0
1.30333 0 0 0 0
1.31 0 0 0 0
1.31667 0 0 0 0
1.32333 0 0 0 0
1.33 0 0 0 0
1.33667 0 0 0 0
1.34333 0 0 0 0
1.35 0 0 0 0
1.35667 0 0 0 0
1.36333 0 0 0 0
1.37 0 0 0 0
1.37667 0 0 0 0
1.38333 0 0 0 0
1.39 0 0 0 0
1.39667 0 0 0 0
1.40333 0 0 0 0
1.41 0 0 0 0
1.41667 0 0 0 0
1.42333 0 0 0 0
1.43 0 0 0 0
1.43667 0 0 0 0
1.44333 0 0 0 0
1.45 0 0 0 0
1.45667 0 0 0 0
1.46333 0 0 0 0
1.47 0 0 0 0
1.47667 0 0 0 0
1.48333 0 0 0 0
1.49 0 0 0 0
1.49667 0 0 0 0
1.50333 0 0 0 0
1.51 0 0 0 0
1.51667 0 0 0 0
1.52333 0 0 0 0
1.53 0 0 0 0
1.53667 0 0 0 0
1.54333 0 0 0 0
1.55 0 0 0 0
1.55667 0 0 0 0
1.56333 0 0 0 0
1.57 0 0 0 0
1.57667 0 0 0 0
1.58333 0 0 0 0
1.59 0 0 0 0
1.59667 0 0 0 0
1.60333 0 0 0 0
1.61 0 0 0 0
1.61667 0 0 0 0
1.62333 0 0 0 0
1.63 0 0 0 0
1.63667 0 0 0 0
1.64333 0 0 0 0
1.65 0 0 0 0
1.65667 0 0 0 0
1.66333 0 0 0 0
1.67 0 0 0 0
1.67667 0 0 0 0
1.68333 0 0 0 0
1.69 0 0 0 0
1.69667 0 0 0 0
1.70333 0 0 0 0
1.71 0 0 0 0
1.71667 0 0 0 0
1.72333 0 0 0 0
1.73 0 0 0 0
1.73667 0 0 0 0
1.74333 0 0 0 0
1.75 0 0 0 0
1.75667 0 0 0 0
1.76333 0 0 0 0
1.77 0 0 0 0
1.77667 0 0 0 0
1.78333 0 0 0 0
1.79 0 0 0 0
1.79667 0 0 0 0
1.80333 0 0 0 0
1.81 0 0 0 0
1.81667 0 0 0 0
1.82333 0 0 0 0
1.83 0 0 0 0
1.83667 0 0 0 0
1.84333 0 0 0 0
1.85 0 0 0 0
1.85667 0 0 0 0
1.86333 0 0 0 0
1.87 0 0 0 0
1.87667 0 0 0 0
1.88333 0 0 0 0
1.89 0 0 0 0
1.89667 0 0 0 0
1.90333 0 0 0 0
1.91 0 0 0 0
1.91667 0 0 0 0
1.92333 0 0 0 0
1.93 0 0 0 0
1.93667 0 0 0 0
1.94333 0 0 0 0
1.95 0 0 0 0
1.95667 0 0 0 0
1.96333 0 0 0 0
1.97 0 0 0 0
1.97667 0 0 0 0
1.98333 0 0 0 0
1.99 0 0 0 0
1.99667 0 0 0 0
