0.00333333 24 30 6 9
0.01 36 40 5 16
0.0166667 30 32 7 11
0.0233333 42 44 12 13
0.03 33 46 7 5
0.0366667 40 54 5 10
0.0433333 36 73 11 12
0.05 58 80 10 12
0.0566667 45 82 16 11
0.0633333 42 90 22 14
0.07 57 104 23 25
0.0766667 76 114 16 17
0.0833333 78 108 17 11
0.09 77 104 17 18
0.0966667 59 116 23 19
0.103333 74 112 18 26
0.11 99 117 19 19
0.116667 72 107 26 14
0.123333 69 120 18 25
0.13 81 105 16 18
0.136667 85 94 11 25
0.143333 76 88 14 21
0.15 79 114 9 18
0.156667 63 95 11 19
0.163333 59 91 15 15
0.17 71 94 10 20
0.176667 69 106 15 18
0.183333 86 107 9 25
0.19 116 92 8 30
0.196667 93 95 12 19
0.203333 79 90 14 17
0.21 79 90 11 20
0.216667 62 92 15 20
0.223333 59 71 10 15
0.23 65 102 7 15
0.236667 74 69 13 16
0.243333 67 57 13 11
0.25 60 68 12 17
0.256667 48 59 12 17
0.263333 54 70 11 18
0.27 64 67 8 13
0.276667 52 79 18 11
0.283333 50 65 5 12
0.29 46 49 5 18
0.296667 52 61 9 16
0.303333 64 46 8 10
0.31 48 64 7 10
0.316667 44 53 11 17
0.323333 41 58 8 17
0.33 49 53 7 11
0.336667 51 52 8 14
0.343333 43 52 7 15
0.35 42 37 9 12
0.356667 37 49 9 17
0.363333 39 46 12 14
0.37 46 48 5 10
0.376667 33 47 8 16
0.383333 49 44 5 15
0.39 27 51 9 13
0.396667 52 65 9 10
0.403333 35 47 8 14
0.41 43 40 9 5
0.416667 49 39 5 14
0.423333 34 53 5 11
0.43 30 38 5 17
0.436667 41 57 6 14
0.443333 41 37 4 14
0.45 49 46 7 11
0.456667 54 43 8 22
0.463333 40 39 9 16
0.47 53 50 6 17
0.476667 35 30 4 13
0.483333 28 34 2 3
0.49 18 23 6 11
0.496667 16 18 7 8
0.503333 15 24 4 9
0.51 18 22 1 5
0.516667 14 24 1 4
0.523333 18 31 5 8
0.53 8 17 1 2
0.536667 9 23 2 6
0.543333 11 26 5 6
0.55 10 20 2 5
0.556667 11 27 2 9
0.563333 10 24 2 3
0.57 14 24 6 7
0.576667 8 19 0 3
0.583333 12 22 6 5
0.59 7 23 4 5
0.596667 2 34 7 10
0.603333 4 23 5 4
0.61 6 27 5 8
0.616667 4 22 4 4
0.623333 7 18 2 5
0.63 3 23 1 2
0.636667 10 24 2 3
0.643333 1 29 3 2
0.65 3 31 1 2
0.656667 4 19 3 1
0.663333 2022 1245 79 675
0.67 0 0 0 0
0.676667 0 0 0 0
0.683333 0 0 0 0
0.69 0 0 0 0
0.696667 0 0 0 0
0.703333 0 0 0 0
0.71 0 0 0 0
0.716667 0 0 0 0
0.723333 0 0 0 0
0.73 0 0 0 0
0.736667 0 0 0 0
0.743333 0 0 0 0
0.75 0 0 0 0
0.756667 0 0 0 0
0.763333 0 0 0 0
0.77 0 0 0 0
0.776667 0 0 0 0
0.783333 0 0 0 0
0.79 0 0 0 0
0.796667 0 0 0 0
0.803333 0 0 0 0
0.81 0 0 0 0
0.816667 0 0 0 0
0.823333 0 0 0 0
0.83 0 0 0 0
0.836667 0 0 0 0
0.843333 0 0 0 0
0.85 0 0 0 0
0.856667 0 0 0 0
0.863333 0 0 0 0
0.87 0 0 0 0
0.876667 0 0 0 0
0.883333 0 0 0 0
0.89 0 0 0 0
0.896667 0 0 0 0
0.903333 0 0 0 0
0.91 0 0 0 0
0.916667 0 0 0 0
0.923333 0 0 0 0
0.93 0 0 0 0
0.936667 0 0 0 0
0.943333 0 0 0 0
0.95 0 0 0 0
0.956667 0 0 0 0
0.963333 0 0 0 0
0.97 0 0 0 0
0.976667 0 0 0 0
0.983333 0 0 0 0
0.99 0 0 0 0
0.996667 0 0 0 0
1.00333 0 0 0 0
1.01 0 0 0 0
1.01667 0 0 0 0
1.02333 0 0 0 0
1.03 0 0 0 0
1.03667 0 0 0 0
1.04333 0 0 0 0
1.05 0 0 0 0
1.05667 0 0 0 0
1.06333 0 0 0 0
1.07 0 0 0 0
1.07667 0 0 0 0
1.08333 0 0 0 0
1.09 0 0 0 0
1.09667 0 0 0 0
1.10333 0 0 0 0
1.11 0 0 0 0
1.11667 0 0 0 0
1.12333 0 0 0 0
1.13 0 0 0 0
1.13667 0 0 0 0
1.14333 0 0 0 0
1.15 0 0 0 0
1.15667 0 0 0 0
1.16333 0 0 0 0
1.17 0 0 0 0
1.17667 0 0 0 0
1.18333 0 0 0 0
1.19 0 0 0 0
1.19667 0 0 0 0
1.20333 0 0 0 0
1.21 0 0 0 0
1.21667 0 0 0 0
1.22333 0 0 0 0
1.23 0 0 0 0
1.23667 0 0 0 0
1.24333 0 0 0 0
1.25 0 0 0 0
1.25667 0 0 0 0
1.26333 0 0 0 0
1.27 0 0 0 0
1.27667 0 0 0 0
1.28333 0 0 0 0
1.29 0 0 0 0
1.29667 0 0 0 0
1.30333 0 0 0 0
1.31 0 0 0 0
1.31667 0 0 0 0
1.32333 0 0 0 0
1.33 0 0 0 0
1.33667 0 0 0 0
1.34333 0 0 0 0
1.35 0 0 0 0
1.35667 0 0 0 0
1.36333 0 0 0 0
1.37 0 0 0 0
1.37667 0 0 0 0
1.38333 0 0 0 0
1.39 0 0 0 0
1.39667 0 0 0 0
1.40333 0 0 0 0
1.41 0 0 0 0
1.41667 0 0 0 0
1.42333 0 0 0 0
1.43 0 0 0 0
1.43667 0 0 0 0
1.44333 0 0 0 0
1.45 0 0 0 0
1.45667 0 0 0 0
1.46333 0 0 0 0
1.47 0 0 0 0
1.47667 0 0 0 0
1.48333 0 0 0 0
1.49 0 0 0 0
1.49667 0 0 0 0
1.50333 0 0 0 0
1.51 0 0 0 0
1.51667 0 0 0 0
1.52333 0 0 0 0
1.53 0 0 0 0
1.53667 0 0 0 0
1.54333 0 0 0 0
1.55 0 0 0 0
1.55667 0 0 0 0
1.56333 0 0 0 0
1.57 0 0 0 0
1.57667 0 0 0 0
1.58333 0 0 0 0
1.59 0 0 0 0
1.59667 0 0 0 0
1.60333 0 0 0 0
1.61 0 0 0 0
1.61667 0 0 0 0
1.62333 0 0 0 0
1.63 0 0 0 0
1.63667 0 0 0 0
1.64333 0 0 0 0
1.65 0 0 0 0
1.65667 0 0 0 0
1.66333 0 0 0 0
1.67 0 0 0 0
1.67667 0 0 0 0
1.68333 0 0 0 0
1.69 0 0 0 0
1.69667 0 0 0 0
1.70333 0 0 0 0
1.71 0 0 0 0
1.71667 0 0 0 0
1.72333 0 0 0 0
1.73 0 0 0 0
1.73667 0 0 0 0
1.74333 0 0 0 0
1.75 0 0 0 0
1.75667 0 0 0 0
1.76333 0 0 0 0
1.77 0 0 0 0
1.77667 0 0 0 0
1.78333 0 0 0 0
1.79 0 0 0 0
1.79667 0 0 0 0
1.80333 0 0 0 0
1.81 0 0 0 0
1.81667 0 0 0 0
1.82333 0 0 0 0
1.83 0 0 0 0
1.83667 0 0 0 0
1.84333 0 0 0 0
1.85 0 0 0 0
1.85667 0 0 0 0
1.86333 0 0 0 0
1.87 0 0 0 0
1.87667 0 0 0 0
1.88333 0 0 0 0
1.89 0 0 0 0
1.89667 0 0 0 0
1.90333 0 0 0 0
1.91 0 0 0 0
1.91667 0 0 0 0
1.92333 0 0 0 0
1.93 0 0 0 0
1.93667 0 0 0 0
1.94333 0 0 0 0
1.95 0 0 0 0
1.95667 0 0 0 0
1.96333 0 0 0 0
1.97 0 0 0 0
1.97667 0 0 0 0
1.98333 0 0 0 0
1.99 0 0 0 0
1.99667 0 0 0 0
