0.00333333 18 13 7 0
0.01 15 25 7 1
0.0166667 17 38 16 1
0.0233333 23 41 8 2
0.03 28 42 13 0
0.0366667 26 49 12 5
0.0433333 56 82 7 0
0.05 57 88 17 5
0.0566667 80 112 28 3
0.0633333 66 107 22 7
0.07 73 117 26 4
0.0766667 72 130 22 4
0.0833333 73 104 17 4
0.09 64 113 24 6
0.0966667 70 111 29 3
0.103333 69 119 20 3
0.11 85 116 30 2
0.116667 56 113 32 7
0.123333 59 92 25 8
0.13 45 118 20 4
0.136667 66 89 20 0
0.143333 49 90 23 2
0.15 57 73 28 3
0.156667 57 78 23 4
0.163333 47 89 22 3
0.17 48 77 19 4
0.176667 39 74 18 3
0.183333 50 66 25 3
0.19 47 49 25 3
0.196667 44 91 28 1
0.203333 47 70 20 2
0.21 41 53 19 2
0.216667 41 78 23 5
0.223333 39 52 34 2
0.23 28 70 12 3
0.236667 31 74 12 2
0.243333 37 57 17 2
0.25 33 56 17 2
0.256667 27 48 14 3
0.263333 28 52 19 1
0.27 27 48 18 3
0.276667 26 56 12 0
0.283333 28 38 10 1
0.29 31 65 16 2
0.296667 19 33 14 1
0.303333 32 51 14 3
0.31 28 46 9 1
0.316667 21 40 16 0
0.323333 33 29 17 2
0.33 27 35 13 1
0.336667 29 34 16 2
0.343333 20 17 15 1
0.35 27 46 6 1
0.356667 23 43 10 0
0.363333 27 36 4 1
0.37 14 40 12 2
0.376667 24 30 16 3
0.383333 18 32 8 3
0.39 18 27 8 2
0.396667 25 33 7 0
0.403333 21 31 12 1
0.41 25 25 10 2
0.416667 18 25 16 2
0.423333 17 28 13 2
0.43 13 34 8 3
0.436667 19 26 8 1
0.443333 8 30 18 1
0.45 20 23 6 1
0.456667 11 32 14 1
0.463333 20 23 12 0
0.47 13 22 13 3
0.476667 25 24 5 0
0.483333 17 14 9 2
0.49 26 21 5 2
0.496667 14 18 12 1
0.503333 12 23 6 1
0.51 24 14 7 3
0.516667 15 20 5 0
0.523333 13 21 3 0
0.53 15 14 1 0
0.536667 13 14 6 0
0.543333 10 28 2 1
0.55 10 15 9 2
0.556667 6 21 9 0
0.563333 12 22 8 1
0.57 9 15 6 2
0.576667 14 17 5 1
0.583333 5 12 7 1
0.59 9 18 6 0
0.596667 10 19 5 1
0.603333 9 19 9 0
0.61 15 16 4 1
0.616667 9 21 8 0
0.623333 13 11 4 1
0.63 13 12 4 1
0.636667 8 16 8 2
0.643333 9 15 10 0
0.65 5 18 7 1
0.656667 6 25 6 0
0.663333 313 600 267 19
0.67 0 0 0 0
0.676667 0 0 0 0
0.683333 0 0 0 0
0.69 0 0 0 0
0.696667 0 0 0 0
0.703333 0 0 0 0
0.71 0 0 0 0
0.716667 0 0 0 0
0.723333 0 0 0 0
0.73 0 0 0 0
0.736667 0 0 0 0
0.743333 0 0 0 0
0.75 0 0 0 0
0.756667 0 0 0 0
0.763333 0 0 0 0
0.77 0 0 0 0
0.776667 0 0 0 0
0.783333 0 0 0 0
0.79 0 0 0 0
0.796667 0 0 0 0
0.803333 0 0 0 0
0.81 0 0 0 0
0.816667 0 0 0 0
0.823333 0 0 0 0
0.83 0 0 0 0
0.836667 0 0 0 0
0.843333 0 0 0 0
0.85 0 0 0 0
0.856667 0 0 0 0
0.863333 0 0 0 0
0.87 0 0 0 0
0.876667 0 0 0 0
0.883333 0 0 0 0
0.89 0 0 0 0
0.896667 0 0 0 0
0.903333 0 0 0 0
0.91 0 0 0 0
0.916667 0 0 0 0
0.923333 0 0 0 0
0.93 0 0 0 0
0.936667 0 0 0 0
0.943333 0 0 0 0
0.95 0 0 0 0
0.956667 0 0 0 0
0.963333 0 0 0 0
0.97 0 0 0 0
0.976667 0 0 0 0
0.983333 0 0 0 0
0.99 0 0 0 0
0.996667 0 0 0 0
1.00333 0 0 0 0
1.01 0 0 0 0
1.01667 0 0 0 0
1.02333 0 0 0 0
1.03 0 0 0 0
1.03667 0 0 0 0
1.04333 0 0 0 0
1.05 0 0 0 0
1.05667 0 0 0 0
1.06333 0 0 0 0
1.07 0 0 0 0
1.07667 0 0 0 0
1.08333 0 0 0 0
1.09 0 0 0 0
1.09667 0 0 0 0
1.10333 0 0 0 0
1.11 0 0 0 0
1.11667 0 0 0 0
1.12333 0 0 0 0
1.13 0 0 0 0
1.13667 0 0 0 0
1.14333 0 0 0 0
1.15 0 0 0 0
1.15667 0 0 0 0
1.16333 0 0 0 0
1.17 0 0 0 0
1.17667 0 0 0 0
1.18333 0 0 0 0
1.19 0 0 0 0
1.19667 0 0 0 0
1.20333 0 0 0 0
1.21 0 0 0 0
1.21667 0 0 0 0
1.22333 0 0 0 0
1.23 0 0 0 0
1.23667 0 0 0 0
1.24333 0 0 0 0
1.25 0 0 0 0
1.25667 0 0 0 0
1.26333 0 0 0 0
1.27 0 0 0 0
1.27667 0 0 0 0
1.28333 0 0 0 0
1.29 0 0 0 0
1.29667 0 0 0 0
1.30333 0 0 0 0
1.31 0 0 0 0
1.31667 0 0 0 0
1.32333 0 0 0 0
1.33 0 0 0 0
1.33667 0 0 0 0
1.34333 0 0 0 0
1.35 0 0 0 0
1.35667 0 0 0 0
1.36333 0 0 0 0
1.37 0 0 0 0
1.37667 0 0 0 0
1.38333 0 0 0 0
1.39 0 0 0 0
1.39667 0 0 0 0
1.40333 0 0 0 0
1.41 0 0 0 0
1.41667 0 0 0 0
1.42333 0 0 0 0
1.43 0 0 0 0
1.43667 0 0 0 0
1.44333 0 0 0 0
1.45 0 0 0 0
1.45667 0 0 0 0
1.46333 0 0 0 0
1.47 0 0 0 0
1.47667 0 0 0 0
1.48333 0 0 0 0
1.49 0 0 0 0
1.49667 0 0 0 0
1.50333 0 0 0 0
1.51 0 0 0 0
1.51667 0 0 0 0
1.52333 0 0 0 0
1.53 0 0 0 0
1.53667 0 0 0 0
1.54333 0 0 0 0
1.55 0 0 0 0
1.55667 0 0 0 0
1.56333 0 0 0 0
1.57 0 0 0 0
1.57667 0 0 0 0
1.58333 0 0 0 0
1.59 0 0 0 0
1.59667 0 0 0 0
1.60333 0 0 0 0
1.61 0 0 0 0
1.61667 0 0 0 0
1.62333 0 0 0 0
1.63 0 0 0 0
1.63667 0 0 0 0
1.64333 0 0 0 0
1.65 0 0 0 0
1.65667 0 0 0 0
1.66333 0 0 0 0
1.67 0 0 0 0
1.67667 0 0 0 0
1.68333 0 0 0 0
1.69 0 0 0 0
1.69667 0 0 0 0
1.70333 0 0 0 0
1.71 0 0 0 0
1.71667 0 0 0 0
1.72333 0 0 0 0
1.73 0 0 0 0
1.73667 0 0 0 0
1.74333 0 0 0 0
1.75 0 0 0 0
1.75667 0 0 0 0
1.76333 0 0 0 0
1.77 0 0 0 0
1.77667 0 0 0 0
1.78333 0 0 0 0
1.79 0 0 0 0
1.79667 0 0 0 0
1.80333 0 0 0 0
1.81 0 0 0 0
1.81667 0 0 0 0
1.82333 0 0 0 0
1.83 0 0 0 0
1.83667 0 0 0 0
1.84333 0 0 0 0
1.85 0 0 0 0
1.85667 0 0 0 0
1.86333 0 0 0 0
1.87 0 0 0 0
1.87667 0 0 0 0
1.88333 0 0 0 0
1.89 0 0 0 0
1.89667 0 0 0 0
1.90333 0 0 0 0
1.91 0 0 0 0
1.91667 0 0 0 0
1.92333 0 0 0 0
1.93 0 0 0 0
1.93667 0 0 0 0
1.94333 0 0 0 0
1.95 0 0 0 0
1.95667 0 0 0 0
1.96333 0 0 0 0
1.97 0 0 0 0
1.97667 0 0 0 0
1.98333 0 0 0 0
1.99 0 0 0 0
1.99667 0 0 0 0
