0.00333333 112 15 1 3
0.01 157 22 2 6
0.0166667 137 37 4 3
0.0233333 133 19 0 2
0.03 162 34 1 4
0.0366667 148 35 2 7
0.0433333 190 40 3 2
0.05 207 52 3 2
0.0566667 236 57 3 2
0.0633333 229 55 4 7
0.07 268 78 4 3
0.0766667 275 62 4 5
0.0833333 262 54 6 1
0.09 287 90 1 4
0.0966667 278 91 4 5
0.103333 315 71 4 5
0.11 301 62 1 8
0.116667 312 68 1 10
0.123333 292 62 3 4
0.13 300 66 3 3
0.136667 326 51 5 8
0.143333 295 54 0 10
0.15 323 59 3 7
0.156667 293 56 2 3
0.163333 313 39 5 4
0.17 298 38 7 6
0.176667 299 46 1 5
0.183333 374 52 1 7
0.19 480 45 1 7
0.196667 451 45 1 11
0.203333 415 58 3 9
0.21 364 53 2 5
0.216667 368 38 5 7
0.223333 327 42 0 7
0.23 321 40 3 9
0.236667 316 49 1 6
0.243333 270 41 4 6
0.25 264 49 1 8
0.256667 235 32 2 6
0.263333 227 37 1 3
0.27 225 30 1 3
0.276667 217 31 2 4
0.283333 195 33 3 6
0.29 207 27 3 7
0.296667 194 44 2 3
0.303333 198 30 3 5
0.31 187 26 3 2
0.316667 146 42 0 7
0.323333 200 28 2 4
0.33 179 25 1 3
0.336667 172 30 4 1
0.343333 149 30 2 4
0.35 139 23 2 8
0.356667 142 28 3 4
0.363333 152 28 1 4
0.37 153 24 4 1
0.376667 145 30 2 2
0.383333 156 14 2 3
0.39 147 19 1 6
0.396667 142 24 0 9
0.403333 157 14 3 1
0.41 146 27 1 4
0.416667 140 20 0 9
0.423333 178 25 2 3
0.43 152 27 1 1
0.436667 153 19 2 4
0.443333 141 12 1 3
0.45 144 18 0 2
0.456667 172 12 0 3
0.463333 147 19 1 8
0.47 149 30 1 2
0.476667 116 14 1 2
0.483333 73 20 3 3
0.49 63 21 0 2
0.496667 59 20 0 0
0.503333 68 18 0 1
0.51 50 14 0 0
0.516667 61 8 3 5
0.523333 52 19 0 1
0.53 61 13 2 0
0.536667 51 10 0 5
0.543333 45 13 0 1
0.55 55 14 1 3
0.556667 41 8 1 2
0.563333 46 12 1 3
0.57 36 17 0 1
0.576667 41 4 0 2
0.583333 41 12 1 2
0.59 37 6 2 3
0.596667 30 10 2 4
0.603333 39 8 1 2
0.61 35 11 4 0
0.616667 33 11 0 0
0.623333 31 8 2 2
0.63 33 12 0 0
0.636667 61 9 3 2
0.643333 18 8 1 0
0.65 35 7 0 1
0.656667 24 10 3 1
0.663333 7867 403 15 179
0.67 0 0 0 0
0.676667 0 0 0 0
0.683333 0 0 0 0
0.69 0 0 0 0
0.696667 0 0 0 0
0.703333 0 0 0 0
0.71 0 0 0 0
0.716667 0 0 0 0
0.723333 0 0 0 0
0.73 0 0 0 0
0.736667 0 0 0 0
0.743333 0 0 0 0
0.75 0 0 0 0
0.756667 0 0 0 0
0.763333 0 0 0 0
0.77 0 0 0 0
0.776667 0 0 0 0
0.783333 0 0 0 0
0.79 0 0 0 0
0.796667 0 0 0 0
0.803333 0 0 0 0
0.81 0 0 0 0
0.816667 0 0 0 0
0.823333 0 0 0 0
0.83 0 0 0 0
0.836667 0 0 0 0
0.843333 0 0 0 0
0.85 0 0 0 0
0.856667 0 0 0 0
0.863333 0 0 0 0
0.87 0 0 0 0
0.876667 0 0 0 0
0.883333 0 0 0 0
0.89 0 0 0 0
0.896667 0 0 0 0
0.903333 0 0 0 0
0.91 0 0 0 0
0.916667 0 0 0 0
0.923333 0 0 0 0
0.93 0 0 0 0
0.936667 0 0 0 0
0.943333 0 0 0 0
0.95 0 0 0 0
0.956667 0 0 0 0
0.963333 0 0 0 0
0.97 0 0 0 0
0.976667 0 0 0 0
0.983333 0 0 0 0
0.99 0 0 0 0
0.996667 0 0 0 0
1.00333 0 0 0 0
1.01 0 0 0 0
1.01667 0 0 0 0
1.02333 0 0 0 0
1.03 0 0 0 0
1.03667 0 0 0 0
1.04333 0 0 0 0
1.05 0 0 0 0
1.05667 0 0 0 0
1.06333 0 0 0 0
1.07 0 0 0 0
1.07667 0 0 0 0
1.08333 0 0 0 0
1.09 0 0 0 0
1.09667 0 0 0 0
1.10333 0 0 0 0
1.11 0 0 0 0
1.11667 0 0 0 0
1.12333 0 0 0 0
1.13 0 0 0 0
1.13667 0 0 0 0
1.14333 0 0 0 0
1.15 0 0 0 0
1.15667 0 0 0 0
1.16333 0 0 0 0
1.17 0 0 0 0
1.17667 0 0 0 0
1.18333 0 0 0 0
1.19 0 0 0 0
1.19667 0 0 0 0
1.20333 0 0 0 0
1.21 0 0 0 0
1.21667 0 0 0 0
1.22333 0 0 0 0
1.23 0 0 0 0
1.23667 0 0 0 0
1.24333 0 0 0 0
1.25 0 0 0 0
1.25667 0 0 0 0
1.26333 0 0 0 0
1.27 0 0 0 0
1.27667 0 0 0 0
1.28333 0 0 0 0
1.29 0 0 0 0
1.29667 0 0 0 0
1.30333 0 0 0 0
1.31 0 0 0 0
1.31667 0 0 0 0
1.32333 0 0 0 0
1.33 0 0 0 0
1.33667 0 0 0 0
1.34333 0 0 0 0
1.35 0 0 0 0
1.35667 0 0 0 0
1.36333 0 0 0 0
1.37 0 0 0 0
1.37667 0 0 0 0
1.38333 0 0 0 0
1.39 0 0 0 0
1.39667 0 0 0 0
1.40333 0 0 0 0
1.41 0 0 0 0
1.41667 0 0 0 0
1.42333 0 0 0 0
1.43 0 0 0 0
1.43667 0 0 0 0
1.44333 0 0 0 0
1.45 0 0 0 0
1.45667 0 0 0 0
1.46333 0 0 0 0
1.47 0 0 0 0
1.47667 0 0 0 0
1.48333 0 0 0 0
1.49 0 0 0 0
1.49667 0 0 0 0
1.50333 0 0 0 0
1.51 0 0 0 0
1.51667 0 0 0 0
1.52333 0 0 0 0
1.53 0 0 0 0
1.53667 0 0 0 0
1.54333 0 0 0 0
1.55 0 0 0 0
1.55667 0 0 0 0
1.56333 0 0 0 0
1.57 0 0 0 0
1.57667 0 0 0 0
1.58333 0 0 0 0
1.59 0 0 0 0
1.59667 0 0 0 0
1.60333 0 0 0 0
1.61 0 0 0 0
1.61667 0 0 0 0
1.62333 0 0 0 0
1.63 0 0 0 0
1.63667 0 0 0 0
1.64333 0 0 0 0
1.65 0 0 0 0
1.65667 0 0 0 0
1.66333 0 0 0 0
1.67 0 0 0 0
1.67667 0 0 0 0
1.68333 0 0 0 0
1.69 0 0 0 0
1.69667 0 0 0 0
1.70333 0 0 0 0
1.71 0 0 0 0
1.71667 0 0 0 0
1.72333 0 0 0 0
1.73 0 0 0 0
1.73667 0 0 0 0
1.74333 0 0 0 0
1.75 0 0 0 0
1.75667 0 0 0 0
1.76333 0 0 0 0
1.77 0 0 0 0
1.77667 0 0 0 0
1.78333 0 0 0 0
1.79 0 0 0 0
1.79667 0 0 0 0
1.80333 0 0 0 0
1.81 0 0 0 0
1.81667 0 0 0 0
1.82333 0 0 0 0
1.83 0 0 0 0
1.83667 0 0 0 0
1.84333 0 0 0 0
1.85 0 0 0 0
1.85667 0 0 0 0
1.86333 0 0 0 0
1.87 0 0 0 0
1.87667 0 0 0 0
1.88333 0 0 0 0
1.89 0 0 0 0
1.89667 0 0 0 0
1.90333 0 0 0 0
1.91 0 0 0 0
1.91667 0 0 0 0
1.92333 0 0 0 0
1.93 0 0 0 0
1.93667 0 0 0 0
1.94333 0 0 0 0
1.95 0 0 0 0
1.95667 0 0 0 0
1.96333 0 0 0 0
1.97 0 0 0 0
1.97667 0 0 0 0
1.98333 0 0 0 0
1.99 0 0 0 0
1.99667 0 0 0 0
