0.00333333 68 36 2 0
0.01 80 48 4 0
0.0166667 100 54 4 1
0.0233333 109 52 3 3
0.03 102 46 6 1
0.0366667 114 72 6 2
0.0433333 153 88 6 1
0.05 193 114 7 2
0.0566667 233 152 12 4
0.0633333 272 150 12 3
0.07 282 156 8 6
0.0766667 334 175 7 4
0.0833333 300 174 9 6
0.09 318 176 8 5
0.0966667 305 189 6 6
0.103333 274 147 7 3
0.11 309 151 10 4
0.116667 339 182 12 4
0.123333 326 159 11 3
0.13 265 162 6 3
0.136667 314 138 9 2
0.143333 300 139 7 1
0.15 267 127 8 4
0.156667 260 97 6 3
0.163333 284 120 6 2
0.17 263 100 3 3
0.176667 258 117 5 2
0.183333 251 135 7 2
0.19 304 121 6 2
0.196667 307 115 3 3
0.203333 257 97 5 3
0.21 241 98 1 3
0.216667 223 104 4 7
0.223333 228 99 5 6
0.23 228 106 5 1
0.236667 200 91 3 2
0.243333 204 80 3 2
0.25 200 83 3 1
0.256667 165 93 2 4
0.263333 172 76 3 2
0.27 152 83 4 2
0.276667 156 72 0 2
0.283333 146 82 6 0
0.29 145 75 3 5
0.296667 142 58 3 5
0.303333 155 83 6 0
0.31 149 67 7 2
0.316667 110 62 5 2
0.323333 136 58 5 3
0.33 135 61 3 1
0.336667 114 51 6 5
0.343333 117 50 4 3
0.35 106 55 5 3
0.356667 109 57 3 0
0.363333 114 49 5 2
0.37 107 43 5 2
0.376667 93 45 1 2
0.383333 92 31 2 2
0.39 114 40 4 0
0.396667 113 45 3 0
0.403333 109 54 8 2
0.41 101 49 4 2
0.416667 87 41 3 5
0.423333 91 46 3 1
0.43 100 44 2 0
0.436667 93 33 0 1
0.443333 97 40 1 1
0.45 90 51 1 0
0.456667 94 43 2 1
0.463333 92 38 0 1
0.47 84 56 1 1
0.476667 91 46 4 0
0.483333 58 29 3 3
0.49 48 30 4 0
0.496667 62 36 4 1
0.503333 51 20 2 0
0.51 61 31 5 1
0.516667 46 24 5 0
0.523333 52 21 4 0
0.53 41 20 3 0
0.536667 62 23 1 0
0.543333 40 19 3 1
0.55 39 22 0 2
0.556667 32 20 0 0
0.563333 35 22 1 0
0.57 42 23 1 3
0.576667 44 15 11 2
0.583333 39 22 1 1
0.59 27 11 1 1
0.596667 42 16 2 2
0.603333 29 21 3 0
0.61 35 24 2 2
0.616667 39 21 7 2
0.623333 49 18 0 0
0.63 44 20 0 1
0.636667 53 18 3 0
0.643333 34 24 3 0
0.65 32 20 4 3
0.656667 19 17 2 2
0.663333 3260 1118 44 31
0.67 0 0 0 0
0.676667 0 0 0 0
0.683333 0 0 0 0
0.69 0 0 0 0
0.696667 0 0 0 0
0.703333 0 0 0 0
0.71 0 0 0 0
0.716667 0 0 0 0
0.723333 0 0 0 0
0.73 0 0 0 0
0.736667 0 0 0 0
0.743333 0 0 0 0
0.75 0 0 0 0
0.756667 0 0 0 0
0.763333 0 0 0 0
0.77 0 0 0 0
0.776667 0 0 0 0
0.783333 0 0 0 0
0.79 0 0 0 0
0.796667 0 0 0 0
0.803333 0 0 0 0
0.81 0 0 0 0
0.816667 0 0 0 0
0.823333 0 0 0 0
0.83 0 0 0 0
0.836667 0 0 0 0
0.843333 0 0 0 0
0.85 0 0 0 0
0.856667 0 0 0 0
0.863333 0 0 0 0
0.87 0 0 0 0
0.876667 0 0 0 0
0.883333 0 0 0 0
0.89 0 0 0 0
0.896667 0 0 0 0
0.903333 0 0 0 0
0.91 0 0 0 0
0.916667 0 0 0 0
0.923333 0 0 0 0
0.93 0 0 0 0
0.936667 0 0 0 0
0.943333 0 0 0 0
0.95 0 0 0 0
0.956667 0 0 0 0
0.963333 0 0 0 0
0.97 0 0 0 0
0.976667 0 0 0 0
0.983333 0 0 0 0
0.99 0 0 0 0
0.996667 0 0 0 0
1.00333 0 0 0 0
1.01 0 0 0 0
1.01667 0 0 0 0
1.02333 0 0 0 0
1.03 0 0 0 0
1.03667 0 0 0 0
1.04333 0 0 0 0
1.05 0 0 0 0
1.05667 0 0 0 0
1.06333 0 0 0 0
1.07 0 0 0 0
1.07667 0 0 0 0
1.08333 0 0 0 0
1.09 0 0 0 0
1.09667 0 0 0 0
1.10333 0 0 0 0
1.11 0 0 0 0
1.11667 0 0 0 0
1.12333 0 0 0 0
1.13 0 0 0 0
1.13667 0 0 0 0
1.14333 0 0 0 0
1.15 0 0 0 0
1.15667 0 0 0 0
1.16333 0 0 0 0
1.17 0 0 0 0
1.17667 0 0 0 0
1.18333 0 0 0 0
1.19 0 0 0 0
1.19667 0 0 0 0
1.20333 0 0 0 0
1.21 0 0 0 0
1.21667 0 0 0 0
1.22333 0 0 0 0
1.23 0 0 0 0
1.23667 0 0 0 0
1.24333 0 0 0 0
1.25 0 0 0 0
1.25667 0 0 0 0
1.26333 0 0 0 0
1.27 0 0 0 0
1.27667 0 0 0 0
1.28333 0 0 0 0
1.29 0 0 0 0
1.29667 0 0 0 0
1.30333 0 0 0 0
1.31 0 0 0 0
1.31667 0 0 0 0
1.32333 0 0 0 0
1.33 0 0 0 0
1.33667 0 0 0 0
1.34333 0 0 0 0
1.35 0 0 0 0
1.35667 0 0 0 0
1.36333 0 0 0 0
1.37 0 0 0 0
1.37667 0 0 0 0
1.38333 0 0 0 0
1.39 0 0 0 0
1.39667 0 0 0 0
1.40333 0 0 0 0
1.41 0 0 0 0
1.41667 0 0 0 0
1.42333 0 0 0 0
1.43 0 0 0 0
1.43667 0 0 0 0
1.44333 0 0 0 0
1.45 0 0 0 0
1.45667 0 0 0 0
1.46333 0 0 0 0
1.47 0 0 0 0
1.47667 0 0 0 0
1.48333 0 0 0 0
1.49 0 0 0 0
1.49667 0 0 0 0
1.50333 0 0 0 0
1.51 0 0 0 0
1.51667 0 0 0 0
1.52333 0 0 0 0
1.53 0 0 0 0
1.53667 0 0 0 0
1.54333 0 0 0 0
1.55 0 0 0 0
1.55667 0 0 0 0
1.56333 0 0 0 0
1.57 0 0 0 0
1.57667 0 0 0 0
1.58333 0 0 0 0
1.59 0 0 0 0
1.59667 0 0 0 0
1.60333 0 0 0 0
1.61 0 0 0 0
1.61667 0 0 0 0
1.62333 0 0 0 0
1.63 0 0 0 0
1.63667 0 0 0 0
1.64333 0 0 0 0
1.65 0 0 0 0
1.65667 0 0 0 0
1.66333 0 0 0 0
1.67 0 0 0 0
1.67667 0 0 0 0
1.68333 0 0 0 0
1.69 0 0 0 0
1.69667 0 0 0 0
1.70333 0 0 0 0
1.71 0 0 0 0
1.71667 0 0 0 0
1.72333 0 0 0 0
1.73 0 0 0 0
1.73667 0 0 0 0
1.74333 0 0 0 0
1.75 0 0 0 0
1.75667 0 0 0 0
1.76333 0 0 0 0
1.77 0 0 0 0
1.77667 0 0 0 0
1.78333 0 0 0 0
1.79 0 0 0 0
1.79667 0 0 0 0
1.80333 0 0 0 0
1.81 0 0 0 0
1.81667 0 0 0 0
1.82333 0 0 0 0
1.83 0 0 0 0
1.83667 0 0 0 0
1.84333 0 0 0 0
1.85 0 0 0 0
1.85667 0 0 0 0
1.86333 0 0 0 0
1.87 0 0 0 0
1.87667 0 0 0 0
1.88333 0 0 0 0
1.89 0 0 0 0
1.89667 0 0 0 0
1.90333 0 0 0 0
1.91 0 0 0 0
1.91667 0 0 0 0
1.92333 0 0 0 0
1.93 0 0 0 0
1.93667 0 0 0 0
1.94333 0 0 0 0
1.95 0 0 0 0
1.95667 0 0 0 0
1.96333 0 0 0 0
1.97 0 0 0 0
1.97667 0 0 0 0
1.98333 0 0 0 0
1.99 0 0 0 0
1.99667 0 0 0 0
