0.00333333 1 44 38 0
0.01 3 52 38 4
0.0166667 3 56 32 0
0.0233333 4 46 46 2
0.03 8 53 55 2
0.0366667 8 50 49 3
0.0433333 9 67 63 4
0.05 4 66 55 4
0.0566667 17 75 62 11
0.0633333 15 84 71 4
0.07 13 99 71 8
0.0766667 7 89 95 10
0.0833333 14 99 76 6
0.09 11 104 69 8
0.0966667 12 101 94 6
0.103333 16 101 76 5
0.11 16 102 87 8
0.116667 13 118 89 12
0.123333 9 97 91 7
0.13 10 102 80 8
0.136667 9 92 77 7
0.143333 9 103 87 8
0.15 3 97 87 6
0.156667 8 86 74 3
0.163333 9 103 84 3
0.17 12 101 84 3
0.176667 8 105 81 4
0.183333 8 92 108 4
0.19 7 123 115 4
0.196667 8 93 89 8
0.203333 4 107 105 6
0.21 9 100 85 7
0.216667 7 110 101 3
0.223333 13 88 79 4
0.23 4 89 84 5
0.236667 4 99 76 6
0.243333 6 75 65 3
0.25 7 72 78 4
0.256667 7 92 58 6
0.263333 8 83 76 2
0.27 6 79 47 2
0.276667 10 66 65 1
0.283333 8 68 51 3
0.29 4 65 69 2
0.296667 8 57 43 1
0.303333 2 60 61 6
0.31 4 77 49 5
0.316667 8 67 51 4
0.323333 0 64 53 6
0.33 3 61 43 0
0.336667 4 49 52 2
0.343333 5 53 47 5
0.35 3 61 65 2
0.356667 11 69 54 1
0.363333 4 57 49 0
0.37 8 60 53 0
0.376667 7 64 48 5
0.383333 4 56 39 1
0.39 4 58 43 4
0.396667 8 50 48 1
0.403333 3 54 46 0
0.41 7 51 50 2
0.416667 7 51 51 3
0.423333 2 46 61 1
0.43 6 42 49 2
0.436667 5 53 28 3
0.443333 3 43 49 3
0.45 4 45 51 3
0.456667 3 44 39 6
0.463333 5 50 45 1
0.47 3 55 55 4
0.476667 5 49 49 0
0.483333 4 30 19 3
0.49 6 32 20 5
0.496667 6 29 20 0
0.503333 2 21 21 1
0.51 2 29 22 2
0.516667 3 21 26 5
0.523333 3 30 22 2
0.53 3 35 18 2
0.536667 2 23 9 1
0.543333 5 27 13 1
0.55 1 26 11 1
0.556667 4 21 19 0
0.563333 0 21 10 1
0.57 4 25 13 1
0.576667 5 22 12 2
0.583333 2 27 11 1
0.59 2 23 6 2
0.596667 1 25 7 0
0.603333 1 23 2 1
0.61 1 24 8 2
0.616667 3 17 4 1
0.623333 2 21 4 1
0.63 1 22 8 1
0.636667 2 24 5 0
0.643333 2 29 8 1
0.65 2 16 6 4
0.656667 3 16 5 0
0.663333 61 1826 2673 25
0.67 0 0 0 0
0.676667 0 0 0 0
0.683333 0 0 0 0
0.69 0 0 0 0
0.696667 0 0 0 0
0.703333 0 0 0 0
0.71 0 0 0 0
0.716667 0 0 0 0
0.723333 0 0 0 0
0.73 0 0 0 0
0.736667 0 0 0 0
0.743333 0 0 0 0
0.75 0 0 0 0
0.756667 0 0 0 0
0.763333 0 0 0 0
0.77 0 0 0 0
0.776667 0 0 0 0
0.783333 0 0 0 0
0.79 0 0 0 0
0.796667 0 0 0 0
0.803333 0 0 0 0
0.81 0 0 0 0
0.816667 0 0 0 0
0.823333 0 0 0 0
0.83 0 0 0 0
0.836667 0 0 0 0
0.843333 0 0 0 0
0.85 0 0 0 0
0.856667 0 0 0 0
0.863333 0 0 0 0
0.87 0 0 0 0
0.876667 0 0 0 0
0.883333 0 0 0 0
0.89 0 0 0 0
0.896667 0 0 0 0
0.903333 0 0 0 0
0.91 0 0 0 0
0.916667 0 0 0 0
0.923333 0 0 0 0
0.93 0 0 0 0
0.936667 0 0 0 0
0.943333 0 0 0 0
0.95 0 0 0 0
0.956667 0 0 0 0
0.963333 0 0 0 0
0.97 0 0 0 0
0.976667 0 0 0 0
0.983333 0 0 0 0
0.99 0 0 0 0
0.996667 0 0 0 0
1.00333 0 0 0 0
1.01 0 0 0 0
1.01667 0 0 0 0
1.02333 0 0 0 0
1.03 0 0 0 0
1.03667 0 0 0 0
1.04333 0 0 0 0
1.05 0 0 0 0
1.05667 0 0 0 0
1.06333 0 0 0 0
1.07 0 0 0 0
1.07667 0 0 0 0
1.08333 0 0 0 0
1.09 0 0 0 0
1.09667 0 0 0 0
1.10333 0 0 0 0
1.11 0 0 0 0
1.11667 0 0 0 0
1.12333 0 0 0 0
1.13 0 0 0 0
1.13667 0 0 0 0
1.14333 0 0 0 0
1.15 0 0 0 0
1.15667 0 0 0 0
1.16333 0 0 0 0
1.17 0 0 0 0
1.17667 0 0 0 0
1.18333 0 0 0 0
1.19 0 0 0 0
1.19667 0 0 0 0
1.20333 0 0 0 0
1.21 0 0 0 0
1.21667 0 0 0 0
1.22333 0 0 0 0
1.23 0 0 0 0
1.23667 0 0 0 0
1.24333 0 0 0 0
1.25 0 0 0 0
1.25667 0 0 0 0
1.26333 0 0 0 0
1.27 0 0 0 0
1.27667 0 0 0 0
1.28333 0 0 0 0
1.29 0 0 0 0
1.29667 0 0 0 0
1.30333 0 0 0 0
1.31 0 0 0 0
1.31667 0 0 0 0
1.32333 0 0 0 0
1.33 0 0 0 0
1.33667 0 0 0 0
1.34333 0 0 0 0
1.35 0 0 0 0
1.35667 0 0 0 0
1.36333 0 0 0 0
1.37 0 0 0 0
1.37667 0 0 0 0
1.38333 0 0 0 0
1.39 0 0 0 0
1.39667 0 0 0 0
1.40333 0 0 0 0
1.41 0 0 0 0
1.41667 0 0 0 0
1.42333 0 0 0 0
1.43 0 0 0 0
1.43667 0 0 0 0
1.44333 0 0 0 0
1.45 0 0 0 0
1.45667 0 0 0 0
1.46333 0 0 0 0
1.47 0 0 0 0
1.47667 0 0 0 0
1.48333 0 0 0 0
1.49 0 0 0 0
1.49667 0 0 0 0
1.50333 0 0 0 0
1.51 0 0 0 0
1.51667 0 0 0 0
1.52333 0 0 0 0
1.53 0 0 0 0
1.53667 0 0 0 0
1.54333 0 0 0 0
1.55 0 0 0 0
1.55667 0 0 0 0
1.56333 0 0 0 0
1.57 0 0 0 0
1.57667 0 0 0 0
1.58333 0 0 0 0
1.59 0 0 0 0
1.59667 0 0 0 0
1.60333 0 0 0 0
1.61 0 0 0 0
1.61667 0 0 0 0
1.62333 0 0 0 0
1.63 0 0 0 0
1.63667 0 0 0 0
1.64333 0 0 0 0
1.65 0 0 0 0
1.65667 0 0 0 0
1.66333 0 0 0 0
1.67 0 0 0 0
1.67667 0 0 0 0
1.68333 0 0 0 0
1.69 0 0 0 0
1.69667 0 0 0 0
1.70333 0 0 0 0
1.71 0 0 0 0
1.71667 0 0 0 0
1.72333 0 0 0 0
1.73 0 0 0 0
1.73667 0 0 0 0
1.74333 0 0 0 0
1.75 0 0 0 0
1.75667 0 0 0 0
1.76333 0 0 0 0
1.77 0 0 0 0
1.77667 0 0 0 0
1.78333 0 0 0 0
1.79 0 0 0 0
1.79667 0 0 0 0
1.80333 0 0 0 0
1.81 0 0 0 0
1.81667 0 0 0 0
1.82333 0 0 0 0
1.83 0 0 0 0
1.83667 0 0 0 0
1.84333 0 0 0 0
1.85 0 0 0 0
1.85667 0 0 0 0
1.86333 0 0 0 0
1.87 0 0 0 0
1.87667 0 0 0 0
1.88333 0 0 0 0
1.89 0 0 0 0
1.89667 0 0 0 0
1.90333 0 0 0 0
1.91 0 0 0 0
1.91667 0 0 0 0
1.92333 0 0 0 0
1.93 0 0 0 0
1.93667 0 0 0 0
1.94333 0 0 0 0
1.95 0 0 0 0
1.95667 0 0 0 0
1.96333 0 0 0 0
1.97 0 0 0 0
1.97667 0 0 0 0
1.98333 0 0 0 0
1.99 0 0 0 0
1.99667 0 0 0 0
