0.00333333 2 13 24 36
0.01 3 10 30 41
0.0166667 2 15 39 54
0.0233333 3 13 30 36
0.03 3 20 30 42
0.0366667 3 25 48 58
0.0433333 6 14 62 59
0.05 5 13 90 88
0.0566667 4 22 110 89
0.0633333 8 16 118 103
0.07 14 41 95 105
0.0766667 6 26 127 118
0.0833333 5 33 118 117
0.09 14 37 111 128
0.0966667 8 32 98 113
0.103333 5 33 126 133
0.11 7 25 118 113
0.116667 4 29 104 137
0.123333 6 13 98 128
0.13 5 30 101 116
0.136667 3 26 97 126
0.143333 10 19 92 135
0.15 6 19 77 104
0.156667 3 18 91 113
0.163333 5 31 83 127
0.17 6 20 74 108
0.176667 9 20 74 98
0.183333 5 24 78 114
0.19 16 22 73 133
0.196667 5 31 62 131
0.203333 3 21 71 104
0.21 9 23 64 113
0.216667 4 24 70 103
0.223333 13 28 65 76
0.23 4 21 56 116
0.236667 9 17 56 91
0.243333 11 24 72 99
0.25 5 28 69 101
0.256667 1 19 57 75
0.263333 1 22 56 79
0.27 4 15 40 95
0.276667 1 15 56 76
0.283333 0 15 45 74
0.29 5 16 49 62
0.296667 2 15 53 59
0.303333 7 13 42 52
0.31 5 17 43 67
0.316667 4 18 42 48
0.323333 4 22 50 50
0.33 6 8 47 59
0.336667 2 15 43 56
0.343333 4 20 29 58
0.35 1 16 27 52
0.356667 2 11 40 56
0.363333 5 20 40 48
0.37 3 10 29 57
0.376667 0 16 36 49
0.383333 4 18 36 51
0.39 7 16 48 44
0.396667 3 7 29 61
0.403333 7 11 37 40
0.41 4 18 29 54
0.416667 4 16 35 48
0.423333 4 16 37 37
0.43 3 8 36 45
0.436667 2 14 33 48
0.443333 2 16 37 43
0.45 6 10 22 48
0.456667 4 18 34 51
0.463333 9 11 28 42
0.47 7 14 30 46
0.476667 4 14 18 38
0.483333 1 8 24 31
0.49 1 15 29 34
0.496667 3 7 20 33
0.503333 0 8 25 32
0.51 6 8 20 34
0.516667 0 12 29 27
0.523333 4 5 25 19
0.53 2 8 18 18
0.536667 3 1 18 19
0.543333 1 8 12 25
0.55 3 6 24 21
0.556667 1 9 24 27
0.563333 1 6 13 25
0.57 5 12 19 17
0.576667 2 7 11 26
0.583333 4 8 20 27
0.59 1 2 17 21
0.596667 4 9 17 13
0.603333 2 10 16 21
0.61 1 5 14 23
0.616667 3 5 20 19
0.623333 6 7 15 15
0.63 1 7 13 15
0.636667 3 7 17 20
0.643333 6 7 13 18
0.65 3 5 13 24
0.656667 1 3 21 19
0.663333 75 378 650 1629
0.67 0 0 0 0
0.676667 0 0 0 0
0.683333 0 0 0 0
0.69 0 0 0 0
0.696667 0 0 0 0
0.703333 0 0 0 0
0.71 0 0 0 0
0.716667 0 0 0 0
0.723333 0 0 0 0
0.73 0 0 0 0
0.736667 0 0 0 0
0.743333 0 0 0 0
0.75 0 0 0 0
0.756667 0 0 0 0
0.763333 0 0 0 0
0.77 0 0 0 0
0.776667 0 0 0 0
0.783333 0 0 0 0
0.79 0 0 0 0
0.796667 0 0 0 0
0.803333 0 0 0 0
0.81 0 0 0 0
0.816667 0 0 0 0
0.823333 0 0 0 0
0.83 0 0 0 0
0.836667 0 0 0 0
0.843333 0 0 0 0
0.85 0 0 0 0
0.856667 0 0 0 0
0.863333 0 0 0 0
0.87 0 0 0 0
0.876667 0 0 0 0
0.883333 0 0 0 0
0.89 0 0 0 0
0.896667 0 0 0 0
0.903333 0 0 0 0
0.91 0 0 0 0
0.916667 0 0 0 0
0.923333 0 0 0 0
0.93 0 0 0 0
0.936667 0 0 0 0
0.943333 0 0 0 0
0.95 0 0 0 0
0.956667 0 0 0 0
0.963333 0 0 0 0
0.97 0 0 0 0
0.976667 0 0 0 0
0.983333 0 0 0 0
0.99 0 0 0 0
0.996667 0 0 0 0
1.00333 0 0 0 0
1.01 0 0 0 0
1.01667 0 0 0 0
1.02333 0 0 0 0
1.03 0 0 0 0
1.03667 0 0 0 0
1.04333 0 0 0 0
1.05 0 0 0 0
1.05667 0 0 0 0
1.06333 0 0 0 0
1.07 0 0 0 0
1.07667 0 0 0 0
1.08333 0 0 0 0
1.09 0 0 0 0
1.09667 0 0 0 0
1.10333 0 0 0 0
1.11 0 0 0 0
1.11667 0 0 0 0
1.12333 0 0 0 0
1.13 0 0 0 0
1.13667 0 0 0 0
1.14333 0 0 0 0
1.15 0 0 0 0
1.15667 0 0 0 0
1.16333 0 0 0 0
1.17 0 0 0 0
1.17667 0 0 0 0
1.18333 0 0 0 0
1.19 0 0 0 0
1.19667 0 0 0 0
1.20333 0 0 0 0
1.21 0 0 0 0
1.21667 0 0 0 0
1.22333 0 0 0 0
1.23 0 0 0 0
1.23667 0 0 0 0
1.24333 0 0 0 0
1.25 0 0 0 0
1.25667 0 0 0 0
1.26333 0 0 0 0
1.27 0 0 0 0
1.27667 0 0 0 0
1.28333 0 0 0 0
1.29 0 0 0 0
1.29667 0 0 0 0
1.30333 0 0 0 0
1.31 0 0 0 0
1.31667 0 0 0 0
1.32333 0 0 0 0
1.33 0 0 0 0
1.33667 0 0 0 0
1.34333 0 0 0 0
1.35 0 0 0 0
1.35667 0 0 0 0
1.36333 0 0 0 0
1.37 0 0 0 0
1.37667 0 0 0 0
1.38333 0 0 0 0
1.39 0 0 0 0
1.39667 0 0 0 0
1.40333 0 0 0 0
1.41 0 0 0 0
1.41667 0 0 0 0
1.42333 0 0 0 0
1.43 0 0 0 0
1.43667 0 0 0 0
1.44333 0 0 0 0
1.45 0 0 0 0
1.45667 0 0 0 0
1.46333 0 0 0 0
1.47 0 0 0 0
1.47667 0 0 0 0
1.48333 0 0 0 0
1.49 0 0 0 0
1.49667 0 0 0 0
1.50333 0 0 0 0
1.51 0 0 0 0
1.51667 0 0 0 0
1.52333 0 0 0 0
1.53 0 0 0 0
1.53667 0 0 0 0
1.54333 0 0 0 0
1.55 0 0 0 0
1.55667 0 0 0 0
1.56333 0 0 0 0
1.57 0 0 0 0
1.57667 0 0 0 0
1.58333 0 0 0 0
1.59 0 0 0 0
1.59667 0 0 0 0
1.60333 0 0 0 0
1.61 0 0 0 0
1.61667 0 0 0 0
1.62333 0 0 0 0
1.63 0 0 0 0
1.63667 0 0 0 0
1.64333 0 0 0 0
1.65 0 0 0 0
1.65667 0 0 0 0
1.66333 0 0 0 0
1.67 0 0 0 0
1.67667 0 0 0 0
1.68333 0 0 0 0
1.69 0 0 0 0
1.69667 0 0 0 0
1.70333 0 0 0 0
1.71 0 0 0 0
1.71667 0 0 0 0
1.72333 0 0 0 0
1.73 0 0 0 0
1.73667 0 0 0 0
1.74333 0 0 0 0
1.75 0 0 0 0
1.75667 0 0 0 0
1.76333 0 0 0 0
1.77 0 0 0 0
1.77667 0 0 0 0
1.78333 0 0 0 0
1.79 0 0 0 0
1.79667 0 0 0 0
1.80333 0 0 0 0
1.81 0 0 0 0
1.81667 0 0 0 0
1.82333 0 0 0 0
1.83 0 0 0 0
1.83667 0 0 0 0
1.84333 0 0 0 0
1.85 0 0 0 0
1.85667 0 0 0 0
1.86333 0 0 0 0
1.87 0 0 0 0
1.87667 0 0 0 0
1.88333 0 0 0 0
1.89 0 0 0 0
1.89667 0 0 0 0
1.90333 0 0 0 0
1.91 0 0 0 0
1.91667 0 0 0 0
1.92333 0 0 0 0
1.93 0 0 0 0
1.93667 0 0 0 0
1.94333 0 0 0 0
1.95 0 0 0 0
1.95667 0 0 0 0
1.96333 0 0 0 0
1.97 0 0 0 0
1.97667 0 0 0 0
1.98333 0 0 0 0
1.99 0 0 0 0
1.99667 0 0 0 0
