0.00333333 2 6 24 7
0.01 2 8 27 16
0.0166667 5 7 39 11
0.0233333 1 4 26 12
0.03 3 6 41 8
0.0366667 3 9 44 9
0.0433333 4 16 66 21
0.05 5 14 53 21
0.0566667 10 18 62 17
0.0633333 10 21 87 31
0.07 9 23 93 40
0.0766667 13 20 71 30
0.0833333 6 19 74 23
0.09 8 18 82 22
0.0966667 9 27 108 35
0.103333 10 19 86 30
0.11 9 23 88 28
0.116667 3 11 104 42
0.123333 10 11 103 31
0.13 4 19 89 27
0.136667 6 22 75 19
0.143333 13 20 83 30
0.15 10 21 70 19
0.156667 3 18 69 20
0.163333 6 15 61 24
0.17 8 16 70 24
0.176667 6 16 58 22
0.183333 7 16 56 24
0.19 7 13 71 25
0.196667 9 16 67 20
0.203333 2 17 57 23
0.21 7 20 58 33
0.216667 8 11 54 24
0.223333 6 15 61 21
0.23 3 8 46 25
0.236667 8 13 55 10
0.243333 6 13 46 26
0.25 3 12 42 22
0.256667 10 13 50 20
0.263333 5 14 48 20
0.27 2 14 50 24
0.276667 7 19 59 16
0.283333 3 10 44 18
0.29 10 4 48 18
0.296667 2 17 46 14
0.303333 4 9 36 14
0.31 2 9 44 20
0.316667 3 4 40 18
0.323333 7 11 33 14
0.33 5 7 45 20
0.336667 3 16 50 15
0.343333 3 9 39 17
0.35 6 7 37 13
0.356667 5 11 41 18
0.363333 4 9 53 15
0.37 2 6 28 17
0.376667 1 9 41 6
0.383333 7 5 26 16
0.39 3 6 36 17
0.396667 1 5 32 10
0.403333 4 12 27 14
0.41 0 7 36 17
0.416667 1 6 27 11
0.423333 4 3 36 14
0.43 4 11 38 11
0.436667 2 7 30 13
0.443333 3 8 25 12
0.45 2 12 19 8
0.456667 4 11 31 22
0.463333 1 13 33 16
0.47 1 13 24 7
0.476667 4 3 31 7
0.483333 2 7 18 5
0.49 2 6 33 5
0.496667 4 3 19 6
0.503333 2 5 22 13
0.51 1 7 23 7
0.516667 2 3 22 3
0.523333 2 4 20 5
0.53 1 2 22 13
0.536667 2 6 20 8
0.543333 1 4 22 11
0.55 0 9 24 9
0.556667 2 7 15 3
0.563333 4 2 21 5
0.57 3 4 14 5
0.576667 2 2 18 8
0.583333 3 2 23 6
0.59 0 6 20 5
0.596667 3 4 19 4
0.603333 3 3 24 5
0.61 4 2 14 6
0.616667 0 1 12 10
0.623333 2 3 17 4
0.63 6 4 19 10
0.636667 7 6 15 6
0.643333 5 4 12 8
0.65 1 6 19 12
0.656667 6 5 9 7
0.663333 78 97 813 327
0.67 0 0 0 0
0.676667 0 0 0 0
0.683333 0 0 0 0
0.69 0 0 0 0
0.696667 0 0 0 0
0.703333 0 0 0 0
0.71 0 0 0 0
0.716667 0 0 0 0
0.723333 0 0 0 0
0.73 0 0 0 0
0.736667 0 0 0 0
0.743333 0 0 0 0
0.75 0 0 0 0
0.756667 0 0 0 0
0.763333 0 0 0 0
0.77 0 0 0 0
0.776667 0 0 0 0
0.783333 0 0 0 0
0.79 0 0 0 0
0.796667 0 0 0 0
0.803333 0 0 0 0
0.81 0 0 0 0
0.816667 0 0 0 0
0.823333 0 0 0 0
0.83 0 0 0 0
0.836667 0 0 0 0
0.843333 0 0 0 0
0.85 0 0 0 0
0.856667 0 0 0 0
0.863333 0 0 0 0
0.87 0 0 0 0
0.876667 0 0 0 0
0.883333 0 0 0 0
0.89 0 0 0 0
0.896667 0 0 0 0
0.903333 0 0 0 0
0.91 0 0 0 0
0.916667 0 0 0 0
0.923333 0 0 0 0
0.93 0 0 0 0
0.936667 0 0 0 0
0.943333 0 0 0 0
0.95 0 0 0 0
0.956667 0 0 0 0
0.963333 0 0 0 0
0.97 0 0 0 0
0.976667 0 0 0 0
0.983333 0 0 0 0
0.99 0 0 0 0
0.996667 0 0 0 0
1.00333 0 0 0 0
1.01 0 0 0 0
1.01667 0 0 0 0
1.02333 0 0 0 0
1.03 0 0 0 0
1.03667 0 0 0 0
1.04333 0 0 0 0
1.05 0 0 0 0
1.05667 0 0 0 0
1.06333 0 0 0 0
1.07 0 0 0 0
1.07667 0 0 0 0
1.08333 0 0 0 0
1.09 0 0 0 0
1.09667 0 0 0 0
1.10333 0 0 0 0
1.11 0 0 0 0
1.11667 0 0 0 0
1.12333 0 0 0 0
1.13 0 0 0 0
1.13667 0 0 0 0
1.14333 0 0 0 0
1.15 0 0 0 0
1.15667 0 0 0 0
1.16333 0 0 0 0
1.17 0 0 0 0
1.17667 0 0 0 0
1.18333 0 0 0 0
1.19 0 0 0 0
1.19667 0 0 0 0
1.20333 0 0 0 0
1.21 0 0 0 0
1.21667 0 0 0 0
1.22333 0 0 0 0
1.23 0 0 0 0
1.23667 0 0 0 0
1.24333 0 0 0 0
1.25 0 0 0 0
1.25667 0 0 0 0
1.26333 0 0 0 0
1.27 0 0 0 0
1.27667 0 0 0 0
1.28333 0 0 0 0
1.29 0 0 0 0
1.29667 0 0 0 0
1.30333 0 0 0 0
1.31 0 0 0 0
1.31667 0 0 0 0
1.32333 0 0 0 0
1.33 0 0 0 0
1.33667 0 0 0 0
1.34333 0 0 0 0
1.35 0 0 0 0
1.35667 0 0 0 0
1.36333 0 0 0 0
1.37 0 0 0 0
1.37667 0 0 0 0
1.38333 0 0 0 0
1.39 0 0 0 0
1.39667 0 0 0 0
1.40333 0 0 0 0
1.41 0 0 0 0
1.41667 0 0 0 0
1.42333 0 0 0 0
1.43 0 0 0 0
1.43667 0 0 0 0
1.44333 0 0 0 0
1.45 0 0 0 0
1.45667 0 0 0 0
1.46333 0 0 0 0
1.47 0 0 0 0
1.47667 0 0 0 0
1.48333 0 0 0 0
1.49 0 0 0 0
1.49667 0 0 0 0
1.50333 0 0 0 0
1.51 0 0 0 0
1.51667 0 0 0 0
1.52333 0 0 0 0
1.53 0 0 0 0
1.53667 0 0 0 0
1.54333 0 0 0 0
1.55 0 0 0 0
1.55667 0 0 0 0
1.56333 0 0 0 0
1.57 0 0 0 0
1.57667 0 0 0 0
1.58333 0 0 0 0
1.59 0 0 0 0
1.59667 0 0 0 0
1.60333 0 0 0 0
1.61 0 0 0 0
1.61667 0 0 0 0
1.62333 0 0 0 0
1.63 0 0 0 0
1.63667 0 0 0 0
1.64333 0 0 0 0
1.65 0 0 0 0
1.65667 0 0 0 0
1.66333 0 0 0 0
1.67 0 0 0 0
1.67667 0 0 0 0
1.68333 0 0 0 0
1.69 0 0 0 0
1.69667 0 0 0 0
1.70333 0 0 0 0
1.71 0 0 0 0
1.71667 0 0 0 0
1.72333 0 0 0 0
1.73 0 0 0 0
1.73667 0 0 0 0
1.74333 0 0 0 0
1.75 0 0 0 0
1.75667 0 0 0 0
1.76333 0 0 0 0
1.77 0 0 0 0
1.77667 0 0 0 0
1.78333 0 0 0 0
1.79 0 0 0 0
1.79667 0 0 0 0
1.80333 0 0 0 0
1.81 0 0 0 0
1.81667 0 0 0 0
1.82333 0 0 0 0
1.83 0 0 0 0
1.83667 0 0 0 0
1.84333 0 0 0 0
1.85 0 0 0 0
1.85667 0 0 0 0
1.86333 0 0 0 0
1.87 0 0 0 0
1.87667 0 0 0 0
1.88333 0 0 0 0
1.89 0 0 0 0
1.89667 0 0 0 0
1.90333 0 0 0 0
1.91 0 0 0 0
1.91667 0 0 0 0
1.92333 0 0 0 0
1.93 0 0 0 0
1.93667 0 0 0 0
1.94333 0 0 0 0
1.95 0 0 0 0
1.95667 0 0 0 0
1.96333 0 0 0 0
1.97 0 0 0 0
1.97667 0 0 0 0
1.98333 0 0 0 0
1.99 0 0 0 0
1.99667 0 0 0 0
