0.00333333 22 37 5 0
0.01 31 51 2 0
0.0166667 29 54 4 2
0.0233333 28 38 6 0
0.03 23 38 0 0
0.0366667 40 59 3 0
0.0433333 43 58 2 0
0.05 70 70 3 1
0.0566667 94 80 9 2
0.0633333 86 95 5 0
0.07 93 103 4 1
0.0766667 113 103 6 1
0.0833333 107 96 4 0
0.09 91 117 8 1
0.0966667 86 107 11 1
0.103333 96 112 7 0
0.11 101 114 8 2
0.116667 107 103 10 2
0.123333 109 104 8 0
0.13 79 108 5 0
0.136667 66 113 2 0
0.143333 81 95 10 0
0.15 67 96 7 2
0.156667 80 87 8 0
0.163333 60 96 4 1
0.17 73 103 4 1
0.176667 62 89 8 1
0.183333 80 86 8 0
0.19 77 119 8 1
0.196667 54 101 4 0
0.203333 56 126 7 0
0.21 60 112 5 0
0.216667 58 123 7 1
0.223333 80 95 4 2
0.23 51 101 6 0
0.236667 52 112 8 1
0.243333 61 76 5 0
0.25 64 62 2 1
0.256667 61 87 6 1
0.263333 37 78 5 0
0.27 47 70 1 0
0.276667 47 62 3 0
0.283333 50 55 0 1
0.29 58 58 5 1
0.296667 49 61 4 1
0.303333 50 63 3 0
0.31 44 66 4 0
0.316667 33 67 4 0
0.323333 43 63 4 0
0.33 42 51 1 0
0.336667 38 43 5 1
0.343333 45 46 3 1
0.35 31 48 2 0
0.356667 27 46 3 1
0.363333 36 51 4 0
0.37 34 53 12 0
0.376667 31 58 4 0
0.383333 36 48 4 0
0.39 29 48 7 1
0.396667 40 39 4 0
0.403333 28 50 3 3
0.41 34 47 5 0
0.416667 37 38 6 1
0.423333 34 41 7 0
0.43 21 37 1 0
0.436667 31 33 1 1
0.443333 31 45 5 1
0.45 26 46 3 0
0.456667 33 50 6 0
0.463333 21 49 5 1
0.47 26 50 7 1
0.476667 29 45 0 0
0.483333 23 30 3 0
0.49 20 26 4 0
0.496667 23 20 3 0
0.503333 18 25 3 0
0.51 20 19 1 0
0.516667 25 30 1 3
0.523333 20 26 3 1
0.53 24 36 2 0
0.536667 25 24 2 0
0.543333 23 24 2 0
0.55 21 26 0 0
0.556667 16 16 1 0
0.563333 12 18 4 0
0.57 27 19 2 1
0.576667 10 22 4 0
0.583333 19 22 4 0
0.59 19 18 2 0
0.596667 10 15 2 1
0.603333 17 17 4 0
0.61 18 10 1 0
0.616667 26 19 0 0
0.623333 20 12 3 0
0.63 14 18 2 0
0.636667 15 24 4 0
0.643333 13 10 6 0
0.65 14 16 0 0
0.656667 11 16 2 0
0.663333 616 1549 95 5
0.67 0 0 0 0
0.676667 0 0 0 0
0.683333 0 0 0 0
0.69 0 0 0 0
0.696667 0 0 0 0
0.703333 0 0 0 0
0.71 0 0 0 0
0.716667 0 0 0 0
0.723333 0 0 0 0
0.73 0 0 0 0
0.736667 0 0 0 0
0.743333 0 0 0 0
0.75 0 0 0 0
0.756667 0 0 0 0
0.763333 0 0 0 0
0.77 0 0 0 0
0.776667 0 0 0 0
0.783333 0 0 0 0
0.79 0 0 0 0
0.796667 0 0 0 0
0.803333 0 0 0 0
0.81 0 0 0 0
0.816667 0 0 0 0
0.823333 0 0 0 0
0.83 0 0 0 0
0.836667 0 0 0 0
0.843333 0 0 0 0
0.85 0 0 0 0
0.856667 0 0 0 0
0.863333 0 0 0 0
0.87 0 0 0 0
0.876667 0 0 0 0
0.883333 0 0 0 0
0.89 0 0 0 0
0.896667 0 0 0 0
0.903333 0 0 0 0
0.91 0 0 0 0
0.916667 0 0 0 0
0.923333 0 0 0 0
0.93 0 0 0 0
0.936667 0 0 0 0
0.943333 0 0 0 0
0.95 0 0 0 0
0.956667 0 0 0 0
0.963333 0 0 0 0
0.97 0 0 0 0
0.976667 0 0 0 0
0.983333 0 0 0 0
0.99 0 0 0 0
0.996667 0 0 0 0
1.00333 0 0 0 0
1.01 0 0 0 0
1.01667 0 0 0 0
1.02333 0 0 0 0
1.03 0 0 0 0
1.03667 0 0 0 0
1.04333 0 0 0 0
1.05 0 0 0 0
1.05667 0 0 0 0
1.06333 0 0 0 0
1.07 0 0 0 0
1.07667 0 0 0 0
1.08333 0 0 0 0
1.09 0 0 0 0
1.09667 0 0 0 0
1.10333 0 0 0 0
1.11 0 0 0 0
1.11667 0 0 0 0
1.12333 0 0 0 0
1.13 0 0 0 0
1.13667 0 0 0 0
1.14333 0 0 0 0
1.15 0 0 0 0
1.15667 0 0 0 0
1.16333 0 0 0 0
1.17 0 0 0 0
1.17667 0 0 0 0
1.18333 0 0 0 0
1.19 0 0 0 0
1.19667 0 0 0 0
1.20333 0 0 0 0
1.21 0 0 0 0
1.21667 0 0 0 0
1.22333 0 0 0 0
1.23 0 0 0 0
1.23667 0 0 0 0
1.24333 0 0 0 0
1.25 0 0 0 0
1.25667 0 0 0 0
1.26333 0 0 0 0
1.27 0 0 0 0
1.27667 0 0 0 0
1.28333 0 0 0 0
1.29 0 0 0 0
1.29667 0 0 0 0
1.30333 0 0 0 0
1.31 0 0 0 0
1.31667 0 0 0 0
1.32333 0 0 0 0
1.33 0 0 0 0
1.33667 0 0 0 0
1.34333 0 0 0 0
1.35 0 0 0 0
1.35667 0 0 0 0
1.36333 0 0 0 0
1.37 0 0 0 0
1.37667 0 0 0 0
1.38333 0 0 0 0
1.39 0 0 0 0
1.39667 0 0 0 0
1.40333 0 0 0 0
1.41 0 0 0 0
1.41667 0 0 0 0
1.42333 0 0 0 0
1.43 0 0 0 0
1.43667 0 0 0 0
1.44333 0 0 0 0
1.45 0 0 0 0
1.45667 0 0 0 0
1.46333 0 0 0 0
1.47 0 0 0 0
1.47667 0 0 0 0
1.48333 0 0 0 0
1.49 0 0 0 0
1.49667 0 0 0 0
1.50333 0 0 0 0
1.51 0 0 0 0
1.51667 0 0 0 0
1.52333 0 0 0 0
1.53 0 0 0 0
1.53667 0 0 0 0
1.54333 0 0 0 0
1.55 0 0 0 0
1.55667 0 0 0 0
1.56333 0 0 0 0
1.57 0 0 0 0
1.57667 0 0 0 0
1.58333 0 0 0 0
1.59 0 0 0 0
1.59667 0 0 0 0
1.60333 0 0 0 0
1.61 0 0 0 0
1.61667 0 0 0 0
1.62333 0 0 0 0
1.63 0 0 0 0
1.63667 0 0 0 0
1.64333 0 0 0 0
1.65 0 0 0 0
1.65667 0 0 0 0
1.66333 0 0 0 0
1.67 0 0 0 0
1.67667 0 0 0 0
1.68333 0 0 0 0
1.69 0 0 0 0
1.69667 0 0 0 0
1.70333 0 0 0 0
1.71 0 0 0 0
1.71667 0 0 0 0
1.72333 0 0 0 0
1.73 0 0 0 0
1.73667 0 0 0 0
1.74333 0 0 0 0
1.75 0 0 0 0
1.75667 0 0 0 0
1.76333 0 0 0 0
1.77 0 0 0 0
1.77667 0 0 0 0
1.78333 0 0 0 0
1.79 0 0 0 0
1.79667 0 0 0 0
1.80333 0 0 0 0
1.81 0 0 0 0
1.81667 0 0 0 0
1.82333 0 0 0 0
1.83 0 0 0 0
1.83667 0 0 0 0
1.84333 0 0 0 0
1.85 0 0 0 0
1.85667 0 0 0 0
1.86333 0 0 0 0
1.87 0 0 0 0
1.87667 0 0 0 0
1.88333 0 0 0 0
1.89 0 0 0 0
1.89667 0 0 0 0
1.90333 0 0 0 0
1.91 0 0 0 0
1.91667 0 0 0 0
1.92333 0 0 0 0
1.93 0 0 0 0
1.93667 0 0 0 0
1.94333 0 0 0 0
1.95 0 0 0 0
1.95667 0 0 0 0
1.96333 0 0 0 0
1.97 0 0 0 0
1.97667 0 0 0 0
1.98333 0 0 0 0
1.99 0 0 0 0
1.99667 0 0 0 0
