0.00333333 58 20 3 5
0.01 68 25 2 3
0.0166667 82 15 2 1
0.0233333 90 24 0 3
0.03 82 20 1 2
0.0366667 81 38 4 5
0.0433333 90 39 2 4
0.05 110 60 4 1
0.0566667 135 77 5 3
0.0633333 144 70 2 4
0.07 161 70 6 4
0.0766667 180 81 11 5
0.0833333 161 67 6 6
0.09 169 89 6 3
0.0966667 175 74 7 6
0.103333 189 67 5 9
0.11 190 79 4 4
0.116667 204 85 5 8
0.123333 169 68 6 6
0.13 171 67 4 8
0.136667 203 60 5 4
0.143333 174 59 6 12
0.15 149 60 4 3
0.156667 170 63 1 7
0.163333 174 51 4 6
0.17 164 46 8 6
0.176667 177 53 5 9
0.183333 205 36 3 8
0.19 203 47 4 7
0.196667 207 48 4 5
0.203333 226 41 1 10
0.21 200 44 5 8
0.216667 187 42 3 7
0.223333 175 40 4 7
0.23 177 42 1 7
0.236667 167 43 2 4
0.243333 141 39 2 4
0.25 133 41 2 9
0.256667 142 34 3 7
0.263333 137 32 3 6
0.27 128 46 2 2
0.276667 138 42 4 2
0.283333 118 27 5 4
0.29 103 41 5 4
0.296667 122 31 4 3
0.303333 107 34 1 3
0.31 126 29 3 4
0.316667 82 29 0 7
0.323333 109 29 0 7
0.33 120 24 5 5
0.336667 104 26 3 2
0.343333 96 33 3 2
0.35 77 29 0 9
0.356667 94 30 2 7
0.363333 105 21 3 1
0.37 82 25 7 2
0.376667 92 25 1 3
0.383333 84 24 2 3
0.39 80 27 5 7
0.396667 79 22 3 4
0.403333 83 24 0 2
0.41 71 30 4 3
0.416667 86 19 3 2
0.423333 74 24 2 2
0.43 96 11 4 6
0.436667 92 19 0 4
0.443333 100 21 3 5
0.45 82 21 4 5
0.456667 83 22 3 2
0.463333 87 22 3 4
0.47 93 18 4 3
0.476667 68 18 2 6
0.483333 53 12 3 2
0.49 39 17 3 3
0.496667 45 15 1 3
0.503333 47 7 2 1
0.51 23 18 1 2
0.516667 36 7 3 2
0.523333 49 15 1 1
0.53 42 17 0 3
0.536667 22 21 0 3
0.543333 34 13 1 2
0.55 32 11 2 1
0.556667 33 14 1 6
0.563333 28 14 2 1
0.57 31 10 1 1
0.576667 37 12 0 2
0.583333 21 11 0 2
0.59 22 14 2 4
0.596667 25 9 1 1
0.603333 20 11 1 5
0.61 25 13 2 1
0.616667 35 17 1 3
0.623333 28 7 1 0
0.63 16 6 1 0
0.636667 34 13 4 4
0.643333 11 9 0 3
0.65 20 12 0 2
0.656667 27 9 1 1
0.663333 3521 401 35 145
0.67 0 0 0 0
0.676667 0 0 0 0
0.683333 0 0 0 0
0.69 0 0 0 0
0.696667 0 0 0 0
0.703333 0 0 0 0
0.71 0 0 0 0
0.716667 0 0 0 0
0.723333 0 0 0 0
0.73 0 0 0 0
0.736667 0 0 0 0
0.743333 0 0 0 0
0.75 0 0 0 0
0.756667 0 0 0 0
0.763333 0 0 0 0
0.77 0 0 0 0
0.776667 0 0 0 0
0.783333 0 0 0 0
0.79 0 0 0 0
0.796667 0 0 0 0
0.803333 0 0 0 0
0.81 0 0 0 0
0.816667 0 0 0 0
0.823333 0 0 0 0
0.83 0 0 0 0
0.836667 0 0 0 0
0.843333 0 0 0 0
0.85 0 0 0 0
0.856667 0 0 0 0
0.863333 0 0 0 0
0.87 0 0 0 0
0.876667 0 0 0 0
0.883333 0 0 0 0
0.89 0 0 0 0
0.896667 0 0 0 0
0.903333 0 0 0 0
0.91 0 0 0 0
0.916667 0 0 0 0
0.923333 0 0 0 0
0.93 0 0 0 0
0.936667 0 0 0 0
0.943333 0 0 0 0
0.95 0 0 0 0
0.956667 0 0 0 0
0.963333 0 0 0 0
0.97 0 0 0 0
0.976667 0 0 0 0
0.983333 0 0 0 0
0.99 0 0 0 0
0.996667 0 0 0 0
1.00333 0 0 0 0
1.01 0 0 0 0
1.01667 0 0 0 0
1.02333 0 0 0 0
1.03 0 0 0 0
1.03667 0 0 0 0
1.04333 0 0 0 0
1.05 0 0 0 0
1.05667 0 0 0 0
1.06333 0 0 0 0
1.07 0 0 0 0
1.07667 0 0 0 0
1.08333 0 0 0 0
1.09 0 0 0 0
1.09667 0 0 0 0
1.10333 0 0 0 0
1.11 0 0 0 0
1.11667 0 0 0 0
1.12333 0 0 0 0
1.13 0 0 0 0
1.13667 0 0 0 0
1.14333 0 0 0 0
1.15 0 0 0 0
1.15667 0 0 0 0
1.16333 0 0 0 0
1.17 0 0 0 0
1.17667 0 0 0 0
1.18333 0 0 0 0
1.19 0 0 0 0
1.19667 0 0 0 0
1.20333 0 0 0 0
1.21 0 0 0 0
1.21667 0 0 0 0
1.22333 0 0 0 0
1.23 0 0 0 0
1.23667 0 0 0 0
1.24333 0 0 0 0
1.25 0 0 0 0
1.25667 0 0 0 0
1.26333 0 0 0 0
1.27 0 0 0 0
1.27667 0 0 0 0
1.28333 0 0 0 0
1.29 0 0 0 0
1.29667 0 0 0 0
1.30333 0 0 0 0
1.31 0 0 0 0
1.31667 0 0 0 0
1.32333 0 0 0 0
1.33 0 0 0 0
1.33667 0 0 0 0
1.34333 0 0 0 0
1.35 0 0 0 0
1.35667 0 0 0 0
1.36333 0 0 0 0
1.37 0 0 0 0
1.37667 0 0 0 0
1.38333 0 0 0 0
1.39 0 0 0 0
1.39667 0 0 0 0
1.40333 0 0 0 0
1.41 0 0 0 0
1.41667 0 0 0 0
1.42333 0 0 0 0
1.43 0 0 0 0
1.43667 0 0 0 0
1.44333 0 0 0 0
1.45 0 0 0 0
1.45667 0 0 0 0
1.46333 0 0 0 0
1.47 0 0 0 0
1.47667 0 0 0 0
1.48333 0 0 0 0
1.49 0 0 0 0
1.49667 0 0 0 0
1.50333 0 0 0 0
1.51 0 0 0 0
1.51667 0 0 0 0
1.52333 0 0 0 0
1.53 0 0 0 0
1.53667 0 0 0 0
1.54333 0 0 0 0
1.55 0 0 0 0
1.55667 0 0 0 0
1.56333 0 0 0 0
1.57 0 0 0 0
1.57667 0 0 0 0
1.58333 0 0 0 0
1.59 0 0 0 0
1.59667 0 0 0 0
1.60333 0 0 0 0
1.61 0 0 0 0
1.61667 0 0 0 0
1.62333 0 0 0 0
1.63 0 0 0 0
1.63667 0 0 0 0
1.64333 0 0 0 0
1.65 0 0 0 0
1.65667 0 0 0 0
1.66333 0 0 0 0
1.67 0 0 0 0
1.67667 0 0 0 0
1.68333 0 0 0 0
1.69 0 0 0 0
1.69667 0 0 0 0
1.70333 0 0 0 0
1.71 0 0 0 0
1.71667 0 0 0 0
1.72333 0 0 0 0
1.73 0 0 0 0
1.73667 0 0 0 0
1.74333 0 0 0 0
1.75 0 0 0 0
1.75667 0 0 0 0
1.76333 0 0 0 0
1.77 0 0 0 0
1.77667 0 0 0 0
1.78333 0 0 0 0
1.79 0 0 0 0
1.79667 0 0 0 0
1.80333 0 0 0 0
1.81 0 0 0 0
1.81667 0 0 0 0
1.82333 0 0 0 0
1.83 0 0 0 0
1.83667 0 0 0 0
1.84333 0 0 0 0
1.85 0 0 0 0
1.85667 0 0 0 0
1.86333 0 0 0 0
1.87 0 0 0 0
1.87667 0 0 0 0
1.88333 0 0 0 0
1.89 0 0 0 0
1.89667 0 0 0 0
1.90333 0 0 0 0
1.91 0 0 0 0
1.91667 0 0 0 0
1.92333 0 0 0 0
1.93 0 0 0 0
1.93667 0 0 0 0
1.94333 0 0 0 0
1.95 0 0 0 0
1.95667 0 0 0 0
1.96333 0 0 0 0
1.97 0 0 0 0
1.97667 0 0 0 0
1.98333 0 0 0 0
1.99 0 0 0 0
1.99667 0 0 0 0
