0.00333333 2 0 32 47
0.01 2 2 38 61
0.0166667 1 0 44 65
0.0233333 2 1 33 71
0.03 0 2 52 70
0.0366667 2 3 70 102
0.0433333 0 3 96 114
0.05 0 4 99 178
0.0566667 0 2 120 183
0.0633333 2 10 129 182
0.07 2 6 109 208
0.0766667 3 8 156 193
0.0833333 2 8 140 232
0.09 3 3 147 210
0.0966667 4 5 143 226
0.103333 2 7 122 221
0.11 4 4 132 239
0.116667 3 11 135 196
0.123333 3 10 119 206
0.13 4 6 136 188
0.136667 3 9 109 200
0.143333 1 3 103 176
0.15 1 5 114 190
0.156667 1 2 115 177
0.163333 0 3 119 169
0.17 0 5 89 175
0.176667 4 6 95 156
0.183333 2 4 90 164
0.19 0 5 123 154
0.196667 1 7 97 180
0.203333 3 3 96 154
0.21 3 3 107 155
0.216667 2 7 96 168
0.223333 1 5 79 159
0.23 3 3 83 130
0.236667 2 1 75 113
0.243333 1 3 83 129
0.25 0 3 72 111
0.256667 2 2 53 99
0.263333 2 3 79 98
0.27 3 3 56 99
0.276667 3 2 53 111
0.283333 2 1 64 97
0.29 1 4 80 107
0.296667 1 2 49 86
0.303333 2 0 61 82
0.31 0 3 60 90
0.316667 0 4 49 76
0.323333 1 3 49 90
0.33 1 2 58 71
0.336667 1 3 61 91
0.343333 2 1 49 72
0.35 1 4 66 83
0.356667 0 3 51 70
0.363333 1 3 49 64
0.37 2 5 47 67
0.376667 0 0 49 67
0.383333 1 0 37 87
0.39 0 1 44 61
0.396667 2 2 40 68
0.403333 0 2 30 71
0.41 1 2 44 64
0.416667 0 2 36 65
0.423333 0 0 39 53
0.43 0 2 47 50
0.436667 0 4 45 81
0.443333 1 3 37 71
0.45 1 1 41 67
0.456667 0 1 29 60
0.463333 0 2 43 64
0.47 1 1 40 63
0.476667 0 2 35 51
0.483333 1 2 33 45
0.49 1 1 19 38
0.496667 1 1 26 33
0.503333 0 0 28 28
0.51 0 1 20 40
0.516667 1 0 31 32
0.523333 0 0 21 29
0.53 2 0 19 33
0.536667 1 2 17 29
0.543333 0 1 24 37
0.55 1 1 25 41
0.556667 0 3 16 35
0.563333 0 2 14 21
0.57 0 1 19 34
0.576667 1 4 20 26
0.583333 2 2 22 25
0.59 0 5 20 25
0.596667 0 1 20 26
0.603333 1 4 22 32
0.61 1 1 22 23
0.616667 1 2 16 25
0.623333 1 1 18 36
0.63 0 2 19 27
0.636667 0 1 15 30
0.643333 0 1 19 23
0.65 1 1 22 40
0.656667 0 1 11 19
0.663333 7 20 849 1667
0.67 0 0 0 0
0.676667 0 0 0 0
0.683333 0 0 0 0
0.69 0 0 0 0
0.696667 0 0 0 0
0.703333 0 0 0 0
0.71 0 0 0 0
0.716667 0 0 0 0
0.723333 0 0 0 0
0.73 0 0 0 0
0.736667 0 0 0 0
0.743333 0 0 0 0
0.75 0 0 0 0
0.756667 0 0 0 0
0.763333 0 0 0 0
0.77 0 0 0 0
0.776667 0 0 0 0
0.783333 0 0 0 0
0.79 0 0 0 0
0.796667 0 0 0 0
0.803333 0 0 0 0
0.81 0 0 0 0
0.816667 0 0 0 0
0.823333 0 0 0 0
0.83 0 0 0 0
0.836667 0 0 0 0
0.843333 0 0 0 0
0.85 0 0 0 0
0.856667 0 0 0 0
0.863333 0 0 0 0
0.87 0 0 0 0
0.876667 0 0 0 0
0.883333 0 0 0 0
0.89 0 0 0 0
0.896667 0 0 0 0
0.903333 0 0 0 0
0.91 0 0 0 0
0.916667 0 0 0 0
0.923333 0 0 0 0
0.93 0 0 0 0
0.936667 0 0 0 0
0.943333 0 0 0 0
0.95 0 0 0 0
0.956667 0 0 0 0
0.963333 0 0 0 0
0.97 0 0 0 0
0.976667 0 0 0 0
0.983333 0 0 0 0
0.99 0 0 0 0
0.996667 0 0 0 0
1.00333 0 0 0 0
1.01 0 0 0 0
1.01667 0 0 0 0
1.02333 0 0 0 0
1.03 0 0 0 0
1.03667 0 0 0 0
1.04333 0 0 0 0
1.05 0 0 0 0
1.05667 0 0 0 0
1.06333 0 0 0 0
1.07 0 0 0 0
1.07667 0 0 0 0
1.08333 0 0 0 0
1.09 0 0 0 0
1.09667 0 0 0 0
1.10333 0 0 0 0
1.11 0 0 0 0
1.11667 0 0 0 0
1.12333 0 0 0 0
1.13 0 0 0 0
1.13667 0 0 0 0
1.14333 0 0 0 0
1.15 0 0 0 0
1.15667 0 0 0 0
1.16333 0 0 0 0
1.17 0 0 0 0
1.17667 0 0 0 0
1.18333 0 0 0 0
1.19 0 0 0 0
1.19667 0 0 0 0
1.20333 0 0 0 0
1.21 0 0 0 0
1.21667 0 0 0 0
1.22333 0 0 0 0
1.23 0 0 0 0
1.23667 0 0 0 0
1.24333 0 0 0 0
1.25 0 0 0 0
1.25667 0 0 0 0
1.26333 0 0 0 0
1.27 0 0 0 0
1.27667 0 0 0 0
1.28333 0 0 0 0
1.29 0 0 0 0
1.29667 0 0 0 0
1.30333 0 0 0 0
1.31 0 0 0 0
1.31667 0 0 0 0
1.32333 0 0 0 0
1.33 0 0 0 0
1.33667 0 0 0 0
1.34333 0 0 0 0
1.35 0 0 0 0
1.35667 0 0 0 0
1.36333 0 0 0 0
1.37 0 0 0 0
1.37667 0 0 0 0
1.38333 0 0 0 0
1.39 0 0 0 0
1.39667 0 0 0 0
1.40333 0 0 0 0
1.41 0 0 0 0
1.41667 0 0 0 0
1.42333 0 0 0 0
1.43 0 0 0 0
1.43667 0 0 0 0
1.44333 0 0 0 0
1.45 0 0 0 0
1.45667 0 0 0 0
1.46333 0 0 0 0
1.47 0 0 0 0
1.47667 0 0 0 0
1.48333 0 0 0 0
1.49 0 0 0 0
1.49667 0 0 0 0
1.50333 0 0 0 0
1.51 0 0 0 0
1.51667 0 0 0 0
1.52333 0 0 0 0
1.53 0 0 0 0
1.53667 0 0 0 0
1.54333 0 0 0 0
1.55 0 0 0 0
1.55667 0 0 0 0
1.56333 0 0 0 0
1.57 0 0 0 0
1.57667 0 0 0 0
1.58333 0 0 0 0
1.59 0 0 0 0
1.59667 0 0 0 0
1.60333 0 0 0 0
1.61 0 0 0 0
1.61667 0 0 0 0
1.62333 0 0 0 0
1.63 0 0 0 0
1.63667 0 0 0 0
1.64333 0 0 0 0
1.65 0 0 0 0
1.65667 0 0 0 0
1.66333 0 0 0 0
1.67 0 0 0 0
1.67667 0 0 0 0
1.68333 0 0 0 0
1.69 0 0 0 0
1.69667 0 0 0 0
1.70333 0 0 0 0
1.71 0 0 0 0
1.71667 0 0 0 0
1.72333 0 0 0 0
1.73 0 0 0 0
1.73667 0 0 0 0
1.74333 0 0 0 0
1.75 0 0 0 0
1.75667 0 0 0 0
1.76333 0 0 0 0
1.77 0 0 0 0
1.77667 0 0 0 0
1.78333 0 0 0 0
1.79 0 0 0 0
1.79667 0 0 0 0
1.80333 0 0 0 0
1.81 0 0 0 0
1.81667 0 0 0 0
1.82333 0 0 0 0
1.83 0 0 0 0
1.83667 0 0 0 0
1.84333 0 0 0 0
1.85 0 0 0 0
1.85667 0 0 0 0
1.86333 0 0 0 0
1.87 0 0 0 0
1.87667 0 0 0 0
1.88333 0 0 0 0
1.89 0 0 0 0
1.89667 0 0 0 0
1.90333 0 0 0 0
1.91 0 0 0 0
1.91667 0 0 0 0
1.92333 0 0 0 0
1.93 0 0 0 0
1.93667 0 0 0 0
1.94333 0 0 0 0
1.95 0 0 0 0
1.95667 0 0 0 0
1.96333 0 0 0 0
1.97 0 0 0 0
1.97667 0 0 0 0
1.98333 0 0 0 0
1.99 0 0 0 0
1.99667 0 0 0 0
