0.00333333 16 17 8 13
0.01 9 15 14 10
0.0166667 25 22 9 10
0.0233333 13 21 20 11
0.03 18 24 21 14
0.0366667 10 25 23 20
0.0433333 25 33 35 26
0.05 14 43 34 22
0.0566667 15 48 52 24
0.0633333 26 52 66 21
0.07 22 55 62 27
0.0766667 42 42 48 27
0.0833333 22 53 69 23
0.09 30 66 40 36
0.0966667 46 71 49 43
0.103333 31 56 52 25
0.11 35 48 48 27
0.116667 37 52 61 41
0.123333 32 67 55 36
0.13 35 56 50 29
0.136667 33 54 39 32
0.143333 24 39 37 32
0.15 34 47 30 29
0.156667 32 36 30 23
0.163333 35 38 38 33
0.17 35 31 38 21
0.176667 25 37 33 38
0.183333 31 42 39 39
0.19 46 39 33 43
0.196667 36 35 27 43
0.203333 40 31 38 38
0.21 26 32 29 29
0.216667 35 41 26 33
0.223333 37 33 25 29
0.23 26 32 26 30
0.236667 26 43 32 16
0.243333 25 27 33 28
0.25 23 25 27 20
0.256667 17 29 39 25
0.263333 20 23 27 26
0.27 14 17 24 14
0.276667 19 32 34 20
0.283333 13 29 22 26
0.29 16 22 19 20
0.296667 14 11 22 16
0.303333 32 26 20 19
0.31 16 24 17 28
0.316667 19 28 18 21
0.323333 15 22 22 24
0.33 21 24 29 15
0.336667 16 25 13 19
0.343333 20 18 23 16
0.35 10 22 17 14
0.356667 13 20 22 12
0.363333 22 19 18 7
0.37 13 23 23 13
0.376667 16 23 19 8
0.383333 16 15 22 18
0.39 23 23 16 21
0.396667 15 15 17 24
0.403333 17 14 23 23
0.41 13 26 11 16
0.416667 16 18 15 20
0.423333 15 17 8 11
0.43 17 20 12 21
0.436667 14 16 12 19
0.443333 16 13 16 20
0.45 17 13 16 18
0.456667 8 16 12 22
0.463333 19 19 10 18
0.47 15 13 14 20
0.476667 11 10 15 21
0.483333 11 13 13 8
0.49 8 12 14 13
0.496667 4 8 12 9
0.503333 7 13 7 9
0.51 5 15 8 14
0.516667 10 8 11 5
0.523333 7 10 9 4
0.53 6 14 12 15
0.536667 8 6 8 7
0.543333 6 11 8 9
0.55 7 6 5 10
0.556667 12 12 9 10
0.563333 9 11 9 9
0.57 12 12 3 14
0.576667 8 16 12 12
0.583333 7 12 10 9
0.59 12 19 7 13
0.596667 5 7 8 10
0.603333 7 12 11 9
0.61 7 10 9 7
0.616667 9 12 6 6
0.623333 6 8 8 10
0.63 5 12 7 8
0.636667 7 7 5 8
0.643333 4 7 9 7
0.65 6 9 4 8
0.656667 4 14 3 5
0.663333 549 318 242 586
0.67 0 0 0 0
0.676667 0 0 0 0
0.683333 0 0 0 0
0.69 0 0 0 0
0.696667 0 0 0 0
0.703333 0 0 0 0
0.71 0 0 0 0
0.716667 0 0 0 0
0.723333 0 0 0 0
0.73 0 0 0 0
0.736667 0 0 0 0
0.743333 0 0 0 0
0.75 0 0 0 0
0.756667 0 0 0 0
0.763333 0 0 0 0
0.77 0 0 0 0
0.776667 0 0 0 0
0.783333 0 0 0 0
0.79 0 0 0 0
0.796667 0 0 0 0
0.803333 0 0 0 0
0.81 0 0 0 0
0.816667 0 0 0 0
0.823333 0 0 0 0
0.83 0 0 0 0
0.836667 0 0 0 0
0.843333 0 0 0 0
0.85 0 0 0 0
0.856667 0 0 0 0
0.863333 0 0 0 0
0.87 0 0 0 0
0.876667 0 0 0 0
0.883333 0 0 0 0
0.89 0 0 0 0
0.896667 0 0 0 0
0.903333 0 0 0 0
0.91 0 0 0 0
0.916667 0 0 0 0
0.923333 0 0 0 0
0.93 0 0 0 0
0.936667 0 0 0 0
0.943333 0 0 0 0
0.95 0 0 0 0
0.956667 0 0 0 0
0.963333 0 0 0 0
0.97 0 0 0 0
0.976667 0 0 0 0
0.983333 0 0 0 0
0.99 0 0 0 0
0.996667 0 0 0 0
1.00333 0 0 0 0
1.01 0 0 0 0
1.01667 0 0 0 0
1.02333 0 0 0 0
1.03 0 0 0 0
1.03667 0 0 0 0
1.04333 0 0 0 0
1.05 0 0 0 0
1.05667 0 0 0 0
1.06333 0 0 0 0
1.07 0 0 0 0
1.07667 0 0 0 0
1.08333 0 0 0 0
1.09 0 0 0 0
1.09667 0 0 0 0
1.10333 0 0 0 0
1.11 0 0 0 0
1.11667 0 0 0 0
1.12333 0 0 0 0
1.13 0 0 0 0
1.13667 0 0 0 0
1.14333 0 0 0 0
1.15 0 0 0 0
1.15667 0 0 0 0
1.16333 0 0 0 0
1.17 0 0 0 0
1.17667 0 0 0 0
1.18333 0 0 0 0
1.19 0 0 0 0
1.19667 0 0 0 0
1.20333 0 0 0 0
1.21 0 0 0 0
1.21667 0 0 0 0
1.22333 0 0 0 0
1.23 0 0 0 0
1.23667 0 0 0 0
1.24333 0 0 0 0
1.25 0 0 0 0
1.25667 0 0 0 0
1.26333 0 0 0 0
1.27 0 0 0 0
1.27667 0 0 0 0
1.28333 0 0 0 0
1.29 0 0 0 0
1.29667 0 0 0 0
1.30333 0 0 0 0
1.31 0 0 0 0
1.31667 0 0 0 0
1.32333 0 0 0 0
1.33 0 0 0 0
1.33667 0 0 0 0
1.34333 0 0 0 0
1.35 0 0 0 0
1.35667 0 0 0 0
1.36333 0 0 0 0
1.37 0 0 0 0
1.37667 0 0 0 0
1.38333 0 0 0 0
1.39 0 0 0 0
1.39667 0 0 0 0
1.40333 0 0 0 0
1.41 0 0 0 0
1.41667 0 0 0 0
1.42333 0 0 0 0
1.43 0 0 0 0
1.43667 0 0 0 0
1.44333 0 0 0 0
1.45 0 0 0 0
1.45667 0 0 0 0
1.46333 0 0 0 0
1.47 0 0 0 0
1.47667 0 0 0 0
1.48333 0 0 0 0
1.49 0 0 0 0
1.49667 0 0 0 0
1.50333 0 0 0 0
1.51 0 0 0 0
1.51667 0 0 0 0
1.52333 0 0 0 0
1.53 0 0 0 0
1.53667 0 0 0 0
1.54333 0 0 0 0
1.55 0 0 0 0
1.55667 0 0 0 0
1.56333 0 0 0 0
1.57 0 0 0 0
1.57667 0 0 0 0
1.58333 0 0 0 0
1.59 0 0 0 0
1.59667 0 0 0 0
1.60333 0 0 0 0
1.61 0 0 0 0
1.61667 0 0 0 0
1.62333 0 0 0 0
1.63 0 0 0 0
1.63667 0 0 0 0
1.64333 0 0 0 0
1.65 0 0 0 0
1.65667 0 0 0 0
1.66333 0 0 0 0
1.67 0 0 0 0
1.67667 0 0 0 0
1.68333 0 0 0 0
1.69 0 0 0 0
1.69667 0 0 0 0
1.70333 0 0 0 0
1.71 0 0 0 0
1.71667 0 0 0 0
1.72333 0 0 0 0
1.73 0 0 0 0
1.73667 0 0 0 0
1.74333 0 0 0 0
1.75 0 0 0 0
1.75667 0 0 0 0
1.76333 0 0 0 0
1.77 0 0 0 0
1.77667 0 0 0 0
1.78333 0 0 0 0
1.79 0 0 0 0
1.79667 0 0 0 0
1.80333 0 0 0 0
1.81 0 0 0 0
1.81667 0 0 0 0
1.82333 0 0 0 0
1.83 0 0 0 0
1.83667 0 0 0 0
1.84333 0 0 0 0
1.85 0 0 0 0
1.85667 0 0 0 0
1.86333 0 0 0 0
1.87 0 0 0 0
1.87667 0 0 0 0
1.88333 0 0 0 0
1.89 0 0 0 0
1.89667 0 0 0 0
1.90333 0 0 0 0
1.91 0 0 0 0
1.91667 0 0 0 0
1.92333 0 0 0 0
1.93 0 0 0 0
1.93667 0 0 0 0
1.94333 0 0 0 0
1.95 0 0 0 0
1.95667 0 0 0 0
1.96333 0 0 0 0
1.97 0 0 0 0
1.97667 0 0 0 0
1.98333 0 0 0 0
1.99 0 0 0 0
1.99667 0 0 0 0
