0.00333333 10 32 10 20
0.01 15 36 21 13
0.0166667 4 37 12 13
0.0233333 20 53 19 8
0.03 12 45 29 14
0.0366667 15 48 26 17
0.0433333 14 59 41 24
0.05 21 63 55 21
0.0566667 17 87 64 39
0.0633333 23 109 76 30
0.07 34 109 73 36
0.0766667 27 113 60 47
0.0833333 29 103 66 35
0.09 33 99 70 25
0.0966667 26 100 78 26
0.103333 33 102 67 57
0.11 36 90 53 39
0.116667 30 112 60 45
0.123333 48 114 49 40
0.13 28 91 47 34
0.136667 25 91 53 35
0.143333 34 103 51 27
0.15 22 97 37 34
0.156667 32 83 52 36
0.163333 24 76 42 26
0.17 22 86 34 36
0.176667 31 89 36 33
0.183333 29 93 49 45
0.19 32 95 39 43
0.196667 27 85 38 42
0.203333 20 111 32 34
0.21 18 89 36 27
0.216667 21 67 42 38
0.223333 13 75 32 37
0.23 28 80 40 28
0.236667 31 68 40 24
0.243333 19 68 27 24
0.25 12 66 25 22
0.256667 17 57 33 21
0.263333 23 70 23 36
0.27 15 65 34 25
0.276667 17 47 30 17
0.283333 24 42 22 24
0.29 23 75 21 18
0.296667 10 42 23 16
0.303333 16 51 20 25
0.31 14 52 21 21
0.316667 16 43 34 22
0.323333 13 49 30 19
0.33 14 47 25 15
0.336667 15 45 19 14
0.343333 12 45 26 10
0.35 18 51 26 23
0.356667 16 43 15 11
0.363333 14 48 22 15
0.37 13 44 19 20
0.376667 7 54 21 19
0.383333 16 33 19 21
0.39 12 56 19 18
0.396667 19 44 14 21
0.403333 16 50 15 19
0.41 11 49 25 13
0.416667 13 35 22 14
0.423333 9 38 23 15
0.43 7 48 11 16
0.436667 15 31 24 21
0.443333 13 42 21 11
0.45 15 41 17 21
0.456667 10 35 20 16
0.463333 11 40 8 11
0.47 17 37 15 17
0.476667 21 31 15 12
0.483333 9 17 12 12
0.49 10 30 16 10
0.496667 8 25 15 7
0.503333 4 19 12 13
0.51 4 20 11 9
0.516667 9 28 8 10
0.523333 8 30 11 6
0.53 9 26 12 9
0.536667 8 26 8 7
0.543333 6 18 14 8
0.55 2 18 12 9
0.556667 6 16 15 5
0.563333 6 22 10 2
0.57 9 17 9 13
0.576667 9 26 12 15
0.583333 6 17 7 4
0.59 2 21 15 4
0.596667 8 14 11 6
0.603333 7 16 5 5
0.61 2 19 7 10
0.616667 7 22 16 7
0.623333 3 21 4 6
0.63 12 21 7 7
0.636667 3 17 10 9
0.643333 6 18 12 3
0.65 8 13 10 4
0.656667 5 12 3 7
0.663333 370 1138 281 444
0.67 0 0 0 0
0.676667 0 0 0 0
0.683333 0 0 0 0
0.69 0 0 0 0
0.696667 0 0 0 0
0.703333 0 0 0 0
0.71 0 0 0 0
0.716667 0 0 0 0
0.723333 0 0 0 0
0.73 0 0 0 0
0.736667 0 0 0 0
0.743333 0 0 0 0
0.75 0 0 0 0
0.756667 0 0 0 0
0.763333 0 0 0 0
0.77 0 0 0 0
0.776667 0 0 0 0
0.783333 0 0 0 0
0.79 0 0 0 0
0.796667 0 0 0 0
0.803333 0 0 0 0
0.81 0 0 0 0
0.816667 0 0 0 0
0.823333 0 0 0 0
0.83 0 0 0 0
0.836667 0 0 0 0
0.843333 0 0 0 0
0.85 0 0 0 0
0.856667 0 0 0 0
0.863333 0 0 0 0
0.87 0 0 0 0
0.876667 0 0 0 0
0.883333 0 0 0 0
0.89 0 0 0 0
0.896667 0 0 0 0
0.903333 0 0 0 0
0.91 0 0 0 0
0.916667 0 0 0 0
0.923333 0 0 0 0
0.93 0 0 0 0
0.936667 0 0 0 0
0.943333 0 0 0 0
0.95 0 0 0 0
0.956667 0 0 0 0
0.963333 0 0 0 0
0.97 0 0 0 0
0.976667 0 0 0 0
0.983333 0 0 0 0
0.99 0 0 0 0
0.996667 0 0 0 0
1.00333 0 0 0 0
1.01 0 0 0 0
1.01667 0 0 0 0
1.02333 0 0 0 0
1.03 0 0 0 0
1.03667 0 0 0 0
1.04333 0 0 0 0
1.05 0 0 0 0
1.05667 0 0 0 0
1.06333 0 0 0 0
1.07 0 0 0 0
1.07667 0 0 0 0
1.08333 0 0 0 0
1.09 0 0 0 0
1.09667 0 0 0 0
1.10333 0 0 0 0
1.11 0 0 0 0
1.11667 0 0 0 0
1.12333 0 0 0 0
1.13 0 0 0 0
1.13667 0 0 0 0
1.14333 0 0 0 0
1.15 0 0 0 0
1.15667 0 0 0 0
1.16333 0 0 0 0
1.17 0 0 0 0
1.17667 0 0 0 0
1.18333 0 0 0 0
1.19 0 0 0 0
1.19667 0 0 0 0
1.20333 0 0 0 0
1.21 0 0 0 0
1.21667 0 0 0 0
1.22333 0 0 0 0
1.23 0 0 0 0
1.23667 0 0 0 0
1.24333 0 0 0 0
1.25 0 0 0 0
1.25667 0 0 0 0
1.26333 0 0 0 0
1.27 0 0 0 0
1.27667 0 0 0 0
1.28333 0 0 0 0
1.29 0 0 0 0
1.29667 0 0 0 0
1.30333 0 0 0 0
1.31 0 0 0 0
1.31667 0 0 0 0
1.32333 0 0 0 0
1.33 0 0 0 0
1.33667 0 0 0 0
1.34333 0 0 0 0
1.35 0 0 0 0
1.35667 0 0 0 0
1.36333 0 0 0 0
1.37 0 0 0 0
1.37667 0 0 0 0
1.38333 0 0 0 0
1.39 0 0 0 0
1.39667 0 0 0 0
1.40333 0 0 0 0
1.41 0 0 0 0
1.41667 0 0 0 0
1.42333 0 0 0 0
1.43 0 0 0 0
1.43667 0 0 0 0
1.44333 0 0 0 0
1.45 0 0 0 0
1.45667 0 0 0 0
1.46333 0 0 0 0
1.47 0 0 0 0
1.47667 0 0 0 0
1.48333 0 0 0 0
1.49 0 0 0 0
1.49667 0 0 0 0
1.50333 0 0 0 0
1.51 0 0 0 0
1.51667 0 0 0 0
1.52333 0 0 0 0
1.53 0 0 0 0
1.53667 0 0 0 0
1.54333 0 0 0 0
1.55 0 0 0 0
1.55667 0 0 0 0
1.56333 0 0 0 0
1.57 0 0 0 0
1.57667 0 0 0 0
1.58333 0 0 0 0
1.59 0 0 0 0
1.59667 0 0 0 0
1.60333 0 0 0 0
1.61 0 0 0 0
1.61667 0 0 0 0
1.62333 0 0 0 0
1.63 0 0 0 0
1.63667 0 0 0 0
1.64333 0 0 0 0
1.65 0 0 0 0
1.65667 0 0 0 0
1.66333 0 0 0 0
1.67 0 0 0 0
1.67667 0 0 0 0
1.68333 0 0 0 0
1.69 0 0 0 0
1.69667 0 0 0 0
1.70333 0 0 0 0
1.71 0 0 0 0
1.71667 0 0 0 0
1.72333 0 0 0 0
1.73 0 0 0 0
1.73667 0 0 0 0
1.74333 0 0 0 0
1.75 0 0 0 0
1.75667 0 0 0 0
1.76333 0 0 0 0
1.77 0 0 0 0
1.77667 0 0 0 0
1.78333 0 0 0 0
1.79 0 0 0 0
1.79667 0 0 0 0
1.80333 0 0 0 0
1.81 0 0 0 0
1.81667 0 0 0 0
1.82333 0 0 0 0
1.83 0 0 0 0
1.83667 0 0 0 0
1.84333 0 0 0 0
1.85 0 0 0 0
1.85667 0 0 0 0
1.86333 0 0 0 0
1.87 0 0 0 0
1.87667 0 0 0 0
1.88333 0 0 0 0
1.89 0 0 0 0
1.89667 0 0 0 0
1.90333 0 0 0 0
1.91 0 0 0 0
1.91667 0 0 0 0
1.92333 0 0 0 0
1.93 0 0 0 0
1.93667 0 0 0 0
1.94333 0 0 0 0
1.95 0 0 0 0
1.95667 0 0 0 0
1.96333 0 0 0 0
1.97 0 0 0 0
1.97667 0 0 0 0
1.98333 0 0 0 0
1.99 0 0 0 0
1.99667 0 0 0 0
