0.00333333 5 0 14 80
0.01 1 1 20 89
0.0166667 6 4 29 102
0.0233333 6 3 36 103
0.03 2 2 43 108
0.0366667 2 8 44 120
0.0433333 1 3 81 125
0.05 7 10 99 171
0.0566667 6 3 128 165
0.0633333 6 9 133 245
0.07 5 12 128 219
0.0766667 4 9 146 241
0.0833333 7 14 130 265
0.09 5 14 120 264
0.0966667 12 6 121 243
0.103333 5 14 130 240
0.11 3 11 110 270
0.116667 4 8 125 311
0.123333 9 12 101 282
0.13 4 10 109 278
0.136667 6 9 106 238
0.143333 2 9 85 260
0.15 5 5 87 226
0.156667 5 6 91 236
0.163333 3 11 86 245
0.17 4 9 78 231
0.176667 4 6 66 249
0.183333 3 9 84 259
0.19 8 8 80 296
0.196667 6 9 79 252
0.203333 3 13 67 253
0.21 7 7 66 251
0.216667 6 10 84 244
0.223333 8 9 62 230
0.23 4 7 56 180
0.236667 2 3 68 178
0.243333 1 2 65 195
0.25 0 6 53 201
0.256667 4 7 47 152
0.263333 4 5 56 157
0.27 3 5 56 153
0.276667 5 4 46 154
0.283333 4 9 54 137
0.29 2 5 35 146
0.296667 4 5 49 136
0.303333 4 3 54 133
0.31 1 3 53 119
0.316667 1 6 41 124
0.323333 1 7 47 113
0.33 1 3 43 123
0.336667 5 3 41 98
0.343333 3 7 45 122
0.35 5 2 33 95
0.356667 1 9 31 96
0.363333 4 4 31 91
0.37 2 7 45 92
0.376667 4 5 34 89
0.383333 7 5 35 85
0.39 3 2 33 85
0.396667 1 4 24 96
0.403333 2 2 38 82
0.41 2 4 31 94
0.416667 3 7 39 92
0.423333 3 4 33 84
0.43 3 1 19 87
0.436667 3 5 28 72
0.443333 3 1 24 82
0.45 4 4 34 104
0.456667 1 5 38 78
0.463333 5 3 28 68
0.47 3 2 26 74
0.476667 4 6 18 84
0.483333 4 4 24 55
0.49 2 2 17 53
0.496667 0 0 10 55
0.503333 2 0 21 45
0.51 2 0 18 48
0.516667 1 1 22 41
0.523333 1 1 14 47
0.53 2 0 17 50
0.536667 0 3 20 41
0.543333 1 3 20 29
0.55 1 4 11 27
0.556667 1 2 16 41
0.563333 3 2 14 52
0.57 3 2 12 22
0.576667 0 0 9 32
0.583333 2 5 17 32
0.59 2 3 19 29
0.596667 2 2 15 37
0.603333 1 1 17 39
0.61 0 2 19 40
0.616667 1 1 21 36
0.623333 1 2 12 32
0.63 4 4 11 45
0.636667 0 2 22 38
0.643333 2 0 10 29
0.65 3 4 16 33
0.656667 5 2 12 31
0.663333 62 46 536 3320
0.67 0 0 0 0
0.676667 0 0 0 0
0.683333 0 0 0 0
0.69 0 0 0 0
0.696667 0 0 0 0
0.703333 0 0 0 0
0.71 0 0 0 0
0.716667 0 0 0 0
0.723333 0 0 0 0
0.73 0 0 0 0
0.736667 0 0 0 0
0.743333 0 0 0 0
0.75 0 0 0 0
0.756667 0 0 0 0
0.763333 0 0 0 0
0.77 0 0 0 0
0.776667 0 0 0 0
0.783333 0 0 0 0
0.79 0 0 0 0
0.796667 0 0 0 0
0.803333 0 0 0 0
0.81 0 0 0 0
0.816667 0 0 0 0
0.823333 0 0 0 0
0.83 0 0 0 0
0.836667 0 0 0 0
0.843333 0 0 0 0
0.85 0 0 0 0
0.856667 0 0 0 0
0.863333 0 0 0 0
0.87 0 0 0 0
0.876667 0 0 0 0
0.883333 0 0 0 0
0.89 0 0 0 0
0.896667 0 0 0 0
0.903333 0 0 0 0
0.91 0 0 0 0
0.916667 0 0 0 0
0.923333 0 0 0 0
0.93 0 0 0 0
0.936667 0 0 0 0
0.943333 0 0 0 0
0.95 0 0 0 0
0.956667 0 0 0 0
0.963333 0 0 0 0
0.97 0 0 0 0
0.976667 0 0 0 0
0.983333 0 0 0 0
0.99 0 0 0 0
0.996667 0 0 0 0
1.00333 0 0 0 0
1.01 0 0 0 0
1.01667 0 0 0 0
1.02333 0 0 0 0
1.03 0 0 0 0
1.03667 0 0 0 0
1.04333 0 0 0 0
1.05 0 0 0 0
1.05667 0 0 0 0
1.06333 0 0 0 0
1.07 0 0 0 0
1.07667 0 0 0 0
1.08333 0 0 0 0
1.09 0 0 0 0
1.09667 0 0 0 0
1.10333 0 0 0 0
1.11 0 0 0 0
1.11667 0 0 0 0
1.12333 0 0 0 0
1.13 0 0 0 0
1.13667 0 0 0 0
1.14333 0 0 0 0
1.15 0 0 0 0
1.15667 0 0 0 0
1.16333 0 0 0 0
1.17 0 0 0 0
1.17667 0 0 0 0
1.18333 0 0 0 0
1.19 0 0 0 0
1.19667 0 0 0 0
1.20333 0 0 0 0
1.21 0 0 0 0
1.21667 0 0 0 0
1.22333 0 0 0 0
1.23 0 0 0 0
1.23667 0 0 0 0
1.24333 0 0 0 0
1.25 0 0 0 0
1.25667 0 0 0 0
1.26333 0 0 0 0
1.27 0 0 0 0
1.27667 0 0 0 0
1.28333 0 0 0 0
1.29 0 0 0 0
1.29667 0 0 0 0
1.30333 0 0 0 0
1.31 0 0 0 0
1.31667 0 0 0 0
1.32333 0 0 0 0
1.33 0 0 0 0
1.33667 0 0 0 0
1.34333 0 0 0 0
1.35 0 0 0 0
1.35667 0 0 0 0
1.36333 0 0 0 0
1.37 0 0 0 0
1.37667 0 0 0 0
1.38333 0 0 0 0
1.39 0 0 0 0
1.39667 0 0 0 0
1.40333 0 0 0 0
1.41 0 0 0 0
1.41667 0 0 0 0
1.42333 0 0 0 0
1.43 0 0 0 0
1.43667 0 0 0 0
1.44333 0 0 0 0
1.45 0 0 0 0
1.45667 0 0 0 0
1.46333 0 0 0 0
1.47 0 0 0 0
1.47667 0 0 0 0
1.48333 0 0 0 0
1.49 0 0 0 0
1.49667 0 0 0 0
1.50333 0 0 0 0
1.51 0 0 0 0
1.51667 0 0 0 0
1.52333 0 0 0 0
1.53 0 0 0 0
1.53667 0 0 0 0
1.54333 0 0 0 0
1.55 0 0 0 0
1.55667 0 0 0 0
1.56333 0 0 0 0
1.57 0 0 0 0
1.57667 0 0 0 0
1.58333 0 0 0 0
1.59 0 0 0 0
1.59667 0 0 0 0
1.60333 0 0 0 0
1.61 0 0 0 0
1.61667 0 0 0 0
1.62333 0 0 0 0
1.63 0 0 0 0
1.63667 0 0 0 0
1.64333 0 0 0 0
1.65 0 0 0 0
1.65667 0 0 0 0
1.66333 0 0 0 0
1.67 0 0 0 0
1.67667 0 0 0 0
1.68333 0 0 0 0
1.69 0 0 0 0
1.69667 0 0 0 0
1.70333 0 0 0 0
1.71 0 0 0 0
1.71667 0 0 0 0
1.72333 0 0 0 0
1.73 0 0 0 0
1.73667 0 0 0 0
1.74333 0 0 0 0
1.75 0 0 0 0
1.75667 0 0 0 0
1.76333 0 0 0 0
1.77 0 0 0 0
1.77667 0 0 0 0
1.78333 0 0 0 0
1.79 0 0 0 0
1.79667 0 0 0 0
1.80333 0 0 0 0
1.81 0 0 0 0
1.81667 0 0 0 0
1.82333 0 0 0 0
1.83 0 0 0 0
1.83667 0 0 0 0
1.84333 0 0 0 0
1.85 0 0 0 0
1.85667 0 0 0 0
1.86333 0 0 0 0
1.87 0 0 0 0
1.87667 0 0 0 0
1.88333 0 0 0 0
1.89 0 0 0 0
1.89667 0 0 0 0
1.90333 0 0 0 0
1.91 0 0 0 0
1.91667 0 0 0 0
1.92333 0 0 0 0
1.93 0 0 0 0
1.93667 0 0 0 0
1.94333 0 0 0 0
1.95 0 0 0 0
1.95667 0 0 0 0
1.96333 0 0 0 0
1.97 0 0 0 0
1.97667 0 0 0 0
1.98333 0 0 0 0
1.99 0 0 0 0
1.99667 0 0 0 0
