0.00333333 5 51 39 2
0.01 5 45 35 4
0.0166667 4 49 49 1
0.0233333 8 45 48 2
0.03 3 50 33 6
0.0366667 8 77 43 6
0.0433333 16 71 62 8
0.05 13 106 71 9
0.0566667 19 111 93 6
0.0633333 17 102 106 14
0.07 16 124 98 9
0.0766667 12 132 123 13
0.0833333 14 140 127 24
0.09 15 141 114 11
0.0966667 16 128 120 17
0.103333 10 144 106 9
0.11 27 124 127 12
0.116667 8 139 147 11
0.123333 14 136 131 17
0.13 16 138 116 11
0.136667 9 127 114 9
0.143333 10 116 113 15
0.15 10 106 109 10
0.156667 5 107 107 9
0.163333 14 125 128 10
0.17 8 96 95 8
0.176667 13 123 104 14
0.183333 11 139 116 9
0.19 15 135 137 12
0.196667 13 125 123 8
0.203333 6 117 133 7
0.21 7 117 107 8
0.216667 8 103 98 9
0.223333 13 100 85 6
0.23 10 104 103 10
0.236667 6 109 92 9
0.243333 11 97 81 5
0.25 7 86 81 4
0.256667 7 80 85 10
0.263333 5 77 75 2
0.27 10 74 81 7
0.276667 8 68 72 7
0.283333 10 72 64 3
0.29 12 84 92 4
0.296667 5 65 56 5
0.303333 2 69 57 7
0.31 6 85 63 5
0.316667 4 77 59 5
0.323333 3 74 60 7
0.33 0 83 49 5
0.336667 3 60 61 3
0.343333 5 61 47 1
0.35 2 55 46 2
0.356667 4 54 54 4
0.363333 8 62 67 2
0.37 3 72 48 5
0.376667 4 50 54 10
0.383333 5 48 48 4
0.39 6 56 51 5
0.396667 7 50 59 11
0.403333 6 48 46 2
0.41 11 52 48 3
0.416667 10 48 45 4
0.423333 7 47 39 4
0.43 8 36 38 1
0.436667 2 53 42 3
0.443333 7 52 45 1
0.45 3 45 41 3
0.456667 4 49 36 6
0.463333 5 49 53 5
0.47 4 53 41 5
0.476667 5 48 49 2
0.483333 6 37 28 5
0.49 5 25 24 3
0.496667 2 36 20 2
0.503333 3 36 30 1
0.51 5 23 25 2
0.516667 3 22 29 4
0.523333 2 37 22 4
0.53 4 26 26 2
0.536667 4 25 28 1
0.543333 5 30 21 1
0.55 2 31 16 0
0.556667 2 23 14 2
0.563333 2 18 20 2
0.57 3 22 16 2
0.576667 2 21 27 4
0.583333 5 23 26 1
0.59 2 14 15 3
0.596667 1 24 23 4
0.603333 2 25 26 0
0.61 1 24 13 4
0.616667 3 15 14 1
0.623333 5 20 19 3
0.63 3 25 17 3
0.636667 4 23 15 2
0.643333 5 20 8 0
0.65 1 19 24 3
0.656667 3 14 18 0
0.663333 77 1724 1632 52
0.67 0 0 0 0
0.676667 0 0 0 0
0.683333 0 0 0 0
0.69 0 0 0 0
0.696667 0 0 0 0
0.703333 0 0 0 0
0.71 0 0 0 0
0.716667 0 0 0 0
0.723333 0 0 0 0
0.73 0 0 0 0
0.736667 0 0 0 0
0.743333 0 0 0 0
0.75 0 0 0 0
0.756667 0 0 0 0
0.763333 0 0 0 0
0.77 0 0 0 0
0.776667 0 0 0 0
0.783333 0 0 0 0
0.79 0 0 0 0
0.796667 0 0 0 0
0.803333 0 0 0 0
0.81 0 0 0 0
0.816667 0 0 0 0
0.823333 0 0 0 0
0.83 0 0 0 0
0.836667 0 0 0 0
0.843333 0 0 0 0
0.85 0 0 0 0
0.856667 0 0 0 0
0.863333 0 0 0 0
0.87 0 0 0 0
0.876667 0 0 0 0
0.883333 0 0 0 0
0.89 0 0 0 0
0.896667 0 0 0 0
0.903333 0 0 0 0
0.91 0 0 0 0
0.916667 0 0 0 0
0.923333 0 0 0 0
0.93 0 0 0 0
0.936667 0 0 0 0
0.943333 0 0 0 0
0.95 0 0 0 0
0.956667 0 0 0 0
0.963333 0 0 0 0
0.97 0 0 0 0
0.976667 0 0 0 0
0.983333 0 0 0 0
0.99 0 0 0 0
0.996667 0 0 0 0
1.00333 0 0 0 0
1.01 0 0 0 0
1.01667 0 0 0 0
1.02333 0 0 0 0
1.03 0 0 0 0
1.03667 0 0 0 0
1.04333 0 0 0 0
1.05 0 0 0 0
1.05667 0 0 0 0
1.06333 0 0 0 0
1.07 0 0 0 0
1.07667 0 0 0 0
1.08333 0 0 0 0
1.09 0 0 0 0
1.09667 0 0 0 0
1.10333 0 0 0 0
1.11 0 0 0 0
1.11667 0 0 0 0
1.12333 0 0 0 0
1.13 0 0 0 0
1.13667 0 0 0 0
1.14333 0 0 0 0
1.15 0 0 0 0
1.15667 0 0 0 0
1.16333 0 0 0 0
1.17 0 0 0 0
1.17667 0 0 0 0
1.18333 0 0 0 0
1.19 0 0 0 0
1.19667 0 0 0 0
1.20333 0 0 0 0
1.21 0 0 0 0
1.21667 0 0 0 0
1.22333 0 0 0 0
1.23 0 0 0 0
1.23667 0 0 0 0
1.24333 0 0 0 0
1.25 0 0 0 0
1.25667 0 0 0 0
1.26333 0 0 0 0
1.27 0 0 0 0
1.27667 0 0 0 0
1.28333 0 0 0 0
1.29 0 0 0 0
1.29667 0 0 0 0
1.30333 0 0 0 0
1.31 0 0 0 0
1.31667 0 0 0 0
1.32333 0 0 0 0
1.33 0 0 0 0
1.33667 0 0 0 0
1.34333 0 0 0 0
1.35 0 0 0 0
1.35667 0 0 0 0
1.36333 0 0 0 0
1.37 0 0 0 0
1.37667 0 0 0 0
1.38333 0 0 0 0
1.39 0 0 0 0
1.39667 0 0 0 0
1.40333 0 0 0 0
1.41 0 0 0 0
1.41667 0 0 0 0
1.42333 0 0 0 0
1.43 0 0 0 0
1.43667 0 0 0 0
1.44333 0 0 0 0
1.45 0 0 0 0
1.45667 0 0 0 0
1.46333 0 0 0 0
1.47 0 0 0 0
1.47667 0 0 0 0
1.48333 0 0 0 0
1.49 0 0 0 0
1.49667 0 0 0 0
1.50333 0 0 0 0
1.51 0 0 0 0
1.51667 0 0 0 0
1.52333 0 0 0 0
1.53 0 0 0 0
1.53667 0 0 0 0
1.54333 0 0 0 0
1.55 0 0 0 0
1.55667 0 0 0 0
1.56333 0 0 0 0
1.57 0 0 0 0
1.57667 0 0 0 0
1.58333 0 0 0 0
1.59 0 0 0 0
1.59667 0 0 0 0
1.60333 0 0 0 0
1.61 0 0 0 0
1.61667 0 0 0 0
1.62333 0 0 0 0
1.63 0 0 0 0
1.63667 0 0 0 0
1.64333 0 0 0 0
1.65 0 0 0 0
1.65667 0 0 0 0
1.66333 0 0 0 0
1.67 0 0 0 0
1.67667 0 0 0 0
1.68333 0 0 0 0
1.69 0 0 0 0
1.69667 0 0 0 0
1.70333 0 0 0 0
1.71 0 0 0 0
1.71667 0 0 0 0
1.72333 0 0 0 0
1.73 0 0 0 0
1.73667 0 0 0 0
1.74333 0 0 0 0
1.75 0 0 0 0
1.75667 0 0 0 0
1.76333 0 0 0 0
1.77 0 0 0 0
1.77667 0 0 0 0
1.78333 0 0 0 0
1.79 0 0 0 0
1.79667 0 0 0 0
1.80333 0 0 0 0
1.81 0 0 0 0
1.81667 0 0 0 0
1.82333 0 0 0 0
1.83 0 0 0 0
1.83667 0 0 0 0
1.84333 0 0 0 0
1.85 0 0 0 0
1.85667 0 0 0 0
1.86333 0 0 0 0
1.87 0 0 0 0
1.87667 0 0 0 0
1.88333 0 0 0 0
1.89 0 0 0 0
1.89667 0 0 0 0
1.90333 0 0 0 0
1.91 0 0 0 0
1.91667 0 0 0 0
1.92333 0 0 0 0
1.93 0 0 0 0
1.93667 0 0 0 0
1.94333 0 0 0 0
1.95 0 0 0 0
1.95667 0 0 0 0
1.96333 0 0 0 0
1.97 0 0 0 0
1.97667 0 0 0 0
1.98333 0 0 0 0
1.99 0 0 0 0
1.99667 0 0 0 0
