0.00333333 0 0 43 23
0.01 0 4 49 33
0.0166667 0 1 53 43
0.0233333 0 2 59 36
0.03 0 1 53 37
0.0366667 1 2 68 50
0.0433333 1 4 82 50
0.05 1 7 99 90
0.0566667 0 6 111 90
0.0633333 2 6 119 95
0.07 1 6 136 120
0.0766667 2 6 146 117
0.0833333 3 6 138 94
0.09 1 8 165 120
0.0966667 0 7 138 114
0.103333 1 4 135 101
0.11 2 12 133 115
0.116667 0 6 174 115
0.123333 0 8 140 114
0.13 3 4 151 105
0.136667 3 1 139 89
0.143333 0 1 153 83
0.15 0 5 126 69
0.156667 1 4 130 66
0.163333 0 5 123 70
0.17 1 8 127 74
0.176667 1 5 122 77
0.183333 1 4 167 87
0.19 0 2 137 76
0.196667 1 4 147 74
0.203333 0 4 148 51
0.21 0 2 128 67
0.216667 0 5 124 68
0.223333 3 3 113 61
0.23 1 6 128 67
0.236667 0 2 101 55
0.243333 0 10 101 76
0.25 1 4 113 53
0.256667 1 5 108 56
0.263333 2 2 103 63
0.27 1 2 90 51
0.276667 0 3 77 61
0.283333 1 6 89 51
0.29 0 4 88 58
0.296667 1 3 70 50
0.303333 1 2 89 47
0.31 1 4 78 40
0.316667 0 4 69 53
0.323333 0 1 63 39
0.33 0 3 61 41
0.336667 0 5 59 44
0.343333 0 3 69 41
0.35 0 2 60 30
0.356667 0 2 72 35
0.363333 1 1 68 33
0.37 0 3 68 36
0.376667 1 2 57 27
0.383333 2 1 74 44
0.39 0 3 69 33
0.396667 0 6 64 32
0.403333 0 2 58 39
0.41 0 2 51 41
0.416667 1 1 46 32
0.423333 0 1 55 34
0.43 0 5 62 37
0.436667 0 3 46 27
0.443333 1 1 45 29
0.45 0 2 52 29
0.456667 0 2 46 29
0.463333 2 0 53 27
0.47 0 2 66 24
0.476667 0 1 52 19
0.483333 0 0 24 21
0.49 1 2 35 19
0.496667 1 1 41 25
0.503333 0 0 27 18
0.51 0 2 32 14
0.516667 1 1 37 19
0.523333 0 0 35 23
0.53 0 2 28 19
0.536667 0 2 27 9
0.543333 1 0 32 18
0.55 0 2 20 13
0.556667 0 2 18 18
0.563333 0 2 29 15
0.57 0 3 33 15
0.576667 1 2 23 17
0.583333 2 3 29 20
0.59 0 2 23 27
0.596667 0 0 18 16
0.603333 0 1 19 18
0.61 0 3 20 13
0.616667 0 3 19 15
0.623333 1 0 17 17
0.63 0 2 20 26
0.636667 0 0 17 16
0.643333 0 5 16 21
0.65 1 4 19 12
0.656667 0 1 17 19
0.663333 2 41 1946 580
0.67 0 0 0 0
0.676667 0 0 0 0
0.683333 0 0 0 0
0.69 0 0 0 0
0.696667 0 0 0 0
0.703333 0 0 0 0
0.71 0 0 0 0
0.716667 0 0 0 0
0.723333 0 0 0 0
0.73 0 0 0 0
0.736667 0 0 0 0
0.743333 0 0 0 0
0.75 0 0 0 0
0.756667 0 0 0 0
0.763333 0 0 0 0
0.77 0 0 0 0
0.776667 0 0 0 0
0.783333 0 0 0 0
0.79 0 0 0 0
0.796667 0 0 0 0
0.803333 0 0 0 0
0.81 0 0 0 0
0.816667 0 0 0 0
0.823333 0 0 0 0
0.83 0 0 0 0
0.836667 0 0 0 0
0.843333 0 0 0 0
0.85 0 0 0 0
0.856667 0 0 0 0
0.863333 0 0 0 0
0.87 0 0 0 0
0.876667 0 0 0 0
0.883333 0 0 0 0
0.89 0 0 0 0
0.896667 0 0 0 0
0.903333 0 0 0 0
0.91 0 0 0 0
0.916667 0 0 0 0
0.923333 0 0 0 0
0.93 0 0 0 0
0.936667 0 0 0 0
0.943333 0 0 0 0
0.95 0 0 0 0
0.956667 0 0 0 0
0.963333 0 0 0 0
0.97 0 0 0 0
0.976667 0 0 0 0
0.983333 0 0 0 0
0.99 0 0 0 0
0.996667 0 0 0 0
1.00333 0 0 0 0
1.01 0 0 0 0
1.01667 0 0 0 0
1.02333 0 0 0 0
1.03 0 0 0 0
1.03667 0 0 0 0
1.04333 0 0 0 0
1.05 0 0 0 0
1.05667 0 0 0 0
1.06333 0 0 0 0
1.07 0 0 0 0
1.07667 0 0 0 0
1.08333 0 0 0 0
1.09 0 0 0 0
1.09667 0 0 0 0
1.10333 0 0 0 0
1.11 0 0 0 0
1.11667 0 0 0 0
1.12333 0 0 0 0
1.13 0 0 0 0
1.13667 0 0 0 0
1.14333 0 0 0 0
1.15 0 0 0 0
1.15667 0 0 0 0
1.16333 0 0 0 0
1.17 0 0 0 0
1.17667 0 0 0 0
1.18333 0 0 0 0
1.19 0 0 0 0
1.19667 0 0 0 0
1.20333 0 0 0 0
1.21 0 0 0 0
1.21667 0 0 0 0
1.22333 0 0 0 0
1.23 0 0 0 0
1.23667 0 0 0 0
1.24333 0 0 0 0
1.25 0 0 0 0
1.25667 0 0 0 0
1.26333 0 0 0 0
1.27 0 0 0 0
1.27667 0 0 0 0
1.28333 0 0 0 0
1.29 0 0 0 0
1.29667 0 0 0 0
1.30333 0 0 0 0
1.31 0 0 0 0
1.31667 0 0 0 0
1.32333 0 0 0 0
1.33 0 0 0 0
1.33667 0 0 0 0
1.34333 0 0 0 0
1.35 0 0 0 0
1.35667 0 0 0 0
1.36333 0 0 0 0
1.37 0 0 0 0
1.37667 0 0 0 0
1.38333 0 0 0 0
1.39 0 0 0 0
1.39667 0 0 0 0
1.40333 0 0 0 0
1.41 0 0 0 0
1.41667 0 0 0 0
1.42333 0 0 0 0
1.43 0 0 0 0
1.43667 0 0 0 0
1.44333 0 0 0 0
1.45 0 0 0 0
1.45667 0 0 0 0
1.46333 0 0 0 0
1.47 0 0 0 0
1.47667 0 0 0 0
1.48333 0 0 0 0
1.49 0 0 0 0
1.49667 0 0 0 0
1.50333 0 0 0 0
1.51 0 0 0 0
1.51667 0 0 0 0
1.52333 0 0 0 0
1.53 0 0 0 0
1.53667 0 0 0 0
1.54333 0 0 0 0
1.55 0 0 0 0
1.55667 0 0 0 0
1.56333 0 0 0 0
1.57 0 0 0 0
1.57667 0 0 0 0
1.58333 0 0 0 0
1.59 0 0 0 0
1.59667 0 0 0 0
1.60333 0 0 0 0
1.61 0 0 0 0
1.61667 0 0 0 0
1.62333 0 0 0 0
1.63 0 0 0 0
1.63667 0 0 0 0
1.64333 0 0 0 0
1.65 0 0 0 0
1.65667 0 0 0 0
1.66333 0 0 0 0
1.67 0 0 0 0
1.67667 0 0 0 0
1.68333 0 0 0 0
1.69 0 0 0 0
1.69667 0 0 0 0
1.70333 0 0 0 0
1.71 0 0 0 0
1.71667 0 0 0 0
1.72333 0 0 0 0
1.73 0 0 0 0
1.73667 0 0 0 0
1.74333 0 0 0 0
1.75 0 0 0 0
1.75667 0 0 0 0
1.76333 0 0 0 0
1.77 0 0 0 0
1.77667 0 0 0 0
1.78333 0 0 0 0
1.79 0 0 0 0
1.79667 0 0 0 0
1.80333 0 0 0 0
1.81 0 0 0 0
1.81667 0 0 0 0
1.82333 0 0 0 0
1.83 0 0 0 0
1.83667 0 0 0 0
1.84333 0 0 0 0
1.85 0 0 0 0
1.85667 0 0 0 0
1.86333 0 0 0 0
1.87 0 0 0 0
1.87667 0 0 0 0
1.88333 0 0 0 0
1.89 0 0 0 0
1.89667 0 0 0 0
1.90333 0 0 0 0
1.91 0 0 0 0
1.91667 0 0 0 0
1.92333 0 0 0 0
1.93 0 0 0 0
1.93667 0 0 0 0
1.94333 0 0 0 0
1.95 0 0 0 0
1.95667 0 0 0 0
1.96333 0 0 0 0
1.97 0 0 0 0
1.97667 0 0 0 0
1.98333 0 0 0 0
1.99 0 0 0 0
1.99667 0 0 0 0
