0.00333333 0 0 6 46
0.01 0 0 8 46
0.0166667 1 1 13 68
0.0233333 0 0 12 58
0.03 1 4 12 66
0.0366667 0 1 14 65
0.0433333 0 1 16 63
0.05 0 3 22 86
0.0566667 1 2 20 95
0.0633333 0 1 24 95
0.07 0 1 27 115
0.0766667 2 3 34 106
0.0833333 1 2 32 119
0.09 2 1 27 99
0.0966667 2 3 22 122
0.103333 1 1 29 134
0.11 0 1 25 120
0.116667 2 1 15 110
0.123333 1 1 31 150
0.13 1 2 25 141
0.136667 3 0 18 129
0.143333 0 1 25 121
0.15 0 4 19 114
0.156667 1 1 12 109
0.163333 1 1 32 116
0.17 2 0 21 123
0.176667 1 1 11 125
0.183333 2 2 15 101
0.19 1 0 18 107
0.196667 0 1 21 119
0.203333 0 1 12 111
0.21 2 1 13 125
0.216667 0 2 21 108
0.223333 0 1 11 128
0.23 1 0 11 98
0.236667 0 0 19 133
0.243333 0 2 8 101
0.25 0 2 15 103
0.256667 1 0 12 88
0.263333 1 4 14 106
0.27 2 1 10 78
0.276667 1 0 12 103
0.283333 0 0 13 86
0.29 2 1 13 102
0.296667 1 1 14 88
0.303333 0 1 16 106
0.31 0 1 14 90
0.316667 1 3 10 77
0.323333 0 2 17 102
0.33 0 0 12 85
0.336667 1 1 10 79
0.343333 0 1 14 74
0.35 0 3 7 69
0.356667 0 0 13 68
0.363333 1 0 17 79
0.37 0 0 10 72
0.376667 2 0 15 67
0.383333 0 1 17 58
0.39 2 0 6 62
0.396667 0 2 10 78
0.403333 2 1 16 80
0.41 2 2 14 62
0.416667 0 1 11 59
0.423333 0 0 11 73
0.43 1 2 15 67
0.436667 1 1 18 66
0.443333 1 1 11 62
0.45 2 0 10 52
0.456667 0 0 11 70
0.463333 2 3 12 65
0.47 0 0 7 68
0.476667 1 0 7 69
0.483333 1 0 7 45
0.49 0 1 8 35
0.496667 2 0 8 43
0.503333 0 0 9 32
0.51 0 0 7 44
0.516667 0 1 5 53
0.523333 1 2 8 42
0.53 0 1 6 34
0.536667 2 1 4 47
0.543333 0 0 10 34
0.55 0 0 6 38
0.556667 1 2 9 39
0.563333 0 1 10 24
0.57 2 0 2 36
0.576667 0 1 8 27
0.583333 1 1 9 42
0.59 0 1 10 31
0.596667 0 2 4 34
0.603333 2 0 5 36
0.61 0 1 2 35
0.616667 0 2 7 30
0.623333 1 1 6 37
0.63 1 1 8 35
0.636667 0 0 9 36
0.643333 1 2 7 39
0.65 2 0 3 31
0.656667 1 0 4 23
0.663333 10 4 192 2487
0.67 0 0 0 0
0.676667 0 0 0 0
0.683333 0 0 0 0
0.69 0 0 0 0
0.696667 0 0 0 0
0.703333 0 0 0 0
0.71 0 0 0 0
0.716667 0 0 0 0
0.723333 0 0 0 0
0.73 0 0 0 0
0.736667 0 0 0 0
0.743333 0 0 0 0
0.75 0 0 0 0
0.756667 0 0 0 0
0.763333 0 0 0 0
0.77 0 0 0 0
0.776667 0 0 0 0
0.783333 0 0 0 0
0.79 0 0 0 0
0.796667 0 0 0 0
0.803333 0 0 0 0
0.81 0 0 0 0
0.816667 0 0 0 0
0.823333 0 0 0 0
0.83 0 0 0 0
0.836667 0 0 0 0
0.843333 0 0 0 0
0.85 0 0 0 0
0.856667 0 0 0 0
0.863333 0 0 0 0
0.87 0 0 0 0
0.876667 0 0 0 0
0.883333 0 0 0 0
0.89 0 0 0 0
0.896667 0 0 0 0
0.903333 0 0 0 0
0.91 0 0 0 0
0.916667 0 0 0 0
0.923333 0 0 0 0
0.93 0 0 0 0
0.936667 0 0 0 0
0.943333 0 0 0 0
0.95 0 0 0 0
0.956667 0 0 0 0
0.963333 0 0 0 0
0.97 0 0 0 0
0.976667 0 0 0 0
0.983333 0 0 0 0
0.99 0 0 0 0
0.996667 0 0 0 0
1.00333 0 0 0 0
1.01 0 0 0 0
1.01667 0 0 0 0
1.02333 0 0 0 0
1.03 0 0 0 0
1.03667 0 0 0 0
1.04333 0 0 0 0
1.05 0 0 0 0
1.05667 0 0 0 0
1.06333 0 0 0 0
1.07 0 0 0 0
1.07667 0 0 0 0
1.08333 0 0 0 0
1.09 0 0 0 0
1.09667 0 0 0 0
1.10333 0 0 0 0
1.11 0 0 0 0
1.11667 0 0 0 0
1.12333 0 0 0 0
1.13 0 0 0 0
1.13667 0 0 0 0
1.14333 0 0 0 0
1.15 0 0 0 0
1.15667 0 0 0 0
1.16333 0 0 0 0
1.17 0 0 0 0
1.17667 0 0 0 0
1.18333 0 0 0 0
1.19 0 0 0 0
1.19667 0 0 0 0
1.20333 0 0 0 0
1.21 0 0 0 0
1.21667 0 0 0 0
1.22333 0 0 0 0
1.23 0 0 0 0
1.23667 0 0 0 0
1.24333 0 0 0 0
1.25 0 0 0 0
1.25667 0 0 0 0
1.26333 0 0 0 0
1.27 0 0 0 0
1.27667 0 0 0 0
1.28333 0 0 0 0
1.29 0 0 0 0
1.29667 0 0 0 0
1.30333 0 0 0 0
1.31 0 0 0 0
1.31667 0 0 0 0
1.32333 0 0 0 0
1.33 0 0 0 0
1.33667 0 0 0 0
1.34333 0 0 0 0
1.35 0 0 0 0
1.35667 0 0 0 0
1.36333 0 0 0 0
1.37 0 0 0 0
1.37667 0 0 0 0
1.38333 0 0 0 0
1.39 0 0 0 0
1.39667 0 0 0 0
1.40333 0 0 0 0
1.41 0 0 0 0
1.41667 0 0 0 0
1.42333 0 0 0 0
1.43 0 0 0 0
1.43667 0 0 0 0
1.44333 0 0 0 0
1.45 0 0 0 0
1.45667 0 0 0 0
1.46333 0 0 0 0
1.47 0 0 0 0
1.47667 0 0 0 0
1.48333 0 0 0 0
1.49 0 0 0 0
1.49667 0 0 0 0
1.50333 0 0 0 0
1.51 0 0 0 0
1.51667 0 0 0 0
1.52333 0 0 0 0
1.53 0 0 0 0
1.53667 0 0 0 0
1.54333 0 0 0 0
1.55 0 0 0 0
1.55667 0 0 0 0
1.56333 0 0 0 0
1.57 0 0 0 0
1.57667 0 0 0 0
1.58333 0 0 0 0
1.59 0 0 0 0
1.59667 0 0 0 0
1.60333 0 0 0 0
1.61 0 0 0 0
1.61667 0 0 0 0
1.62333 0 0 0 0
1.63 0 0 0 0
1.63667 0 0 0 0
1.64333 0 0 0 0
1.65 0 0 0 0
1.65667 0 0 0 0
1.66333 0 0 0 0
1.67 0 0 0 0
1.67667 0 0 0 0
1.68333 0 0 0 0
1.69 0 0 0 0
1.69667 0 0 0 0
1.70333 0 0 0 0
1.71 0 0 0 0
1.71667 0 0 0 0
1.72333 0 0 0 0
1.73 0 0 0 0
1.73667 0 0 0 0
1.74333 0 0 0 0
1.75 0 0 0 0
1.75667 0 0 0 0
1.76333 0 0 0 0
1.77 0 0 0 0
1.77667 0 0 0 0
1.78333 0 0 0 0
1.79 0 0 0 0
1.79667 0 0 0 0
1.80333 0 0 0 0
1.81 0 0 0 0
1.81667 0 0 0 0
1.82333 0 0 0 0
1.83 0 0 0 0
1.83667 0 0 0 0
1.84333 0 0 0 0
1.85 0 0 0 0
1.85667 0 0 0 0
1.86333 0 0 0 0
1.87 0 0 0 0
1.87667 0 0 0 0
1.88333 0 0 0 0
1.89 0 0 0 0
1.89667 0 0 0 0
1.90333 0 0 0 0
1.91 0 0 0 0
1.91667 0 0 0 0
1.92333 0 0 0 0
1.93 0 0 0 0
1.93667 0 0 0 0
1.94333 0 0 0 0
1.95 0 0 0 0
1.95667 0 0 0 0
1.96333 0 0 0 0
1.97 0 0 0 0
1.97667 0 0 0 0
1.98333 0 0 0 0
1.99 0 0 0 0
1.99667 0 0 0 0
