0.00333333 120 33 2 4
0.01 125 43 1 6
0.0166667 143 38 3 2
0.0233333 135 34 4 4
0.03 152 49 1 3
0.0366667 149 64 9 3
0.0433333 182 67 4 1
0.05 232 71 5 8
0.0566667 236 112 2 5
0.0633333 223 101 2 7
0.07 271 111 8 9
0.0766667 276 127 6 3
0.0833333 290 128 9 6
0.09 325 134 4 4
0.0966667 289 116 10 8
0.103333 272 100 8 10
0.11 308 118 9 11
0.116667 328 135 3 5
0.123333 347 110 2 11
0.13 305 123 6 6
0.136667 339 94 7 6
0.143333 353 97 3 6
0.15 345 99 9 4
0.156667 326 103 5 9
0.163333 318 89 4 7
0.17 318 92 3 8
0.176667 320 93 3 8
0.183333 372 80 4 12
0.19 515 81 2 9
0.196667 445 97 4 9
0.203333 431 95 6 11
0.21 406 80 2 7
0.216667 337 93 3 8
0.223333 392 85 7 4
0.23 302 71 4 10
0.236667 282 74 3 12
0.243333 274 65 5 5
0.25 284 78 3 3
0.256667 249 62 2 5
0.263333 208 67 1 6
0.27 222 69 3 6
0.276667 202 62 4 7
0.283333 212 62 2 6
0.29 177 60 3 9
0.296667 219 51 2 5
0.303333 180 53 3 2
0.31 204 43 2 4
0.316667 188 56 2 5
0.323333 189 50 4 5
0.33 186 51 3 5
0.336667 188 26 5 2
0.343333 155 44 2 6
0.35 169 34 2 3
0.356667 149 53 4 1
0.363333 161 29 4 2
0.37 133 53 2 5
0.376667 163 33 3 1
0.383333 148 39 7 6
0.39 150 48 3 4
0.396667 146 25 1 4
0.403333 163 41 2 5
0.41 146 33 0 5
0.416667 144 39 1 1
0.423333 135 51 5 6
0.43 140 40 0 4
0.436667 146 44 1 7
0.443333 145 35 0 4
0.45 153 34 2 1
0.456667 164 36 0 5
0.463333 141 32 1 5
0.47 161 48 2 4
0.476667 119 29 1 8
0.483333 78 28 4 1
0.49 60 26 2 4
0.496667 58 21 2 0
0.503333 55 26 3 6
0.51 45 26 3 2
0.516667 48 24 4 4
0.523333 54 22 2 1
0.53 60 21 0 3
0.536667 65 25 1 2
0.543333 45 21 2 3
0.55 35 21 2 0
0.556667 46 19 1 3
0.563333 41 25 1 1
0.57 43 23 0 3
0.576667 38 17 0 0
0.583333 43 31 1 0
0.59 34 14 0 1
0.596667 45 26 1 4
0.603333 35 22 2 1
0.61 40 16 4 6
0.616667 34 23 0 1
0.623333 50 12 0 3
0.63 46 21 0 0
0.636667 51 21 1 4
0.643333 30 21 1 2
0.65 28 16 2 2
0.656667 32 13 2 2
0.663333 8052 1028 22 226
0.67 0 0 0 0
0.676667 0 0 0 0
0.683333 0 0 0 0
0.69 0 0 0 0
0.696667 0 0 0 0
0.703333 0 0 0 0
0.71 0 0 0 0
0.716667 0 0 0 0
0.723333 0 0 0 0
0.73 0 0 0 0
0.736667 0 0 0 0
0.743333 0 0 0 0
0.75 0 0 0 0
0.756667 0 0 0 0
0.763333 0 0 0 0
0.77 0 0 0 0
0.776667 0 0 0 0
0.783333 0 0 0 0
0.79 0 0 0 0
0.796667 0 0 0 0
0.803333 0 0 0 0
0.81 0 0 0 0
0.816667 0 0 0 0
0.823333 0 0 0 0
0.83 0 0 0 0
0.836667 0 0 0 0
0.843333 0 0 0 0
0.85 0 0 0 0
0.856667 0 0 0 0
0.863333 0 0 0 0
0.87 0 0 0 0
0.876667 0 0 0 0
0.883333 0 0 0 0
0.89 0 0 0 0
0.896667 0 0 0 0
0.903333 0 0 0 0
0.91 0 0 0 0
0.916667 0 0 0 0
0.923333 0 0 0 0
0.93 0 0 0 0
0.936667 0 0 0 0
0.943333 0 0 0 0
0.95 0 0 0 0
0.956667 0 0 0 0
0.963333 0 0 0 0
0.97 0 0 0 0
0.976667 0 0 0 0
0.983333 0 0 0 0
0.99 0 0 0 0
0.996667 0 0 0 0
1.00333 0 0 0 0
1.01 0 0 0 0
1.01667 0 0 0 0
1.02333 0 0 0 0
1.03 0 0 0 0
1.03667 0 0 0 0
1.04333 0 0 0 0
1.05 0 0 0 0
1.05667 0 0 0 0
1.06333 0 0 0 0
1.07 0 0 0 0
1.07667 0 0 0 0
1.08333 0 0 0 0
1.09 0 0 0 0
1.09667 0 0 0 0
1.10333 0 0 0 0
1.11 0 0 0 0
1.11667 0 0 0 0
1.12333 0 0 0 0
1.13 0 0 0 0
1.13667 0 0 0 0
1.14333 0 0 0 0
1.15 0 0 0 0
1.15667 0 0 0 0
1.16333 0 0 0 0
1.17 0 0 0 0
1.17667 0 0 0 0
1.18333 0 0 0 0
1.19 0 0 0 0
1.19667 0 0 0 0
1.20333 0 0 0 0
1.21 0 0 0 0
1.21667 0 0 0 0
1.22333 0 0 0 0
1.23 0 0 0 0
1.23667 0 0 0 0
1.24333 0 0 0 0
1.25 0 0 0 0
1.25667 0 0 0 0
1.26333 0 0 0 0
1.27 0 0 0 0
1.27667 0 0 0 0
1.28333 0 0 0 0
1.29 0 0 0 0
1.29667 0 0 0 0
1.30333 0 0 0 0
1.31 0 0 0 0
1.31667 0 0 0 0
1.32333 0 0 0 0
1.33 0 0 0 0
1.33667 0 0 0 0
1.34333 0 0 0 0
1.35 0 0 0 0
1.35667 0 0 0 0
1.36333 0 0 0 0
1.37 0 0 0 0
1.37667 0 0 0 0
1.38333 0 0 0 0
1.39 0 0 0 0
1.39667 0 0 0 0
1.40333 0 0 0 0
1.41 0 0 0 0
1.41667 0 0 0 0
1.42333 0 0 0 0
1.43 0 0 0 0
1.43667 0 0 0 0
1.44333 0 0 0 0
1.45 0 0 0 0
1.45667 0 0 0 0
1.46333 0 0 0 0
1.47 0 0 0 0
1.47667 0 0 0 0
1.48333 0 0 0 0
1.49 0 0 0 0
1.49667 0 0 0 0
1.50333 0 0 0 0
1.51 0 0 0 0
1.51667 0 0 0 0
1.52333 0 0 0 0
1.53 0 0 0 0
1.53667 0 0 0 0
1.54333 0 0 0 0
1.55 0 0 0 0
1.55667 0 0 0 0
1.56333 0 0 0 0
1.57 0 0 0 0
1.57667 0 0 0 0
1.58333 0 0 0 0
1.59 0 0 0 0
1.59667 0 0 0 0
1.60333 0 0 0 0
1.61 0 0 0 0
1.61667 0 0 0 0
1.62333 0 0 0 0
1.63 0 0 0 0
1.63667 0 0 0 0
1.64333 0 0 0 0
1.65 0 0 0 0
1.65667 0 0 0 0
1.66333 0 0 0 0
1.67 0 0 0 0
1.67667 0 0 0 0
1.68333 0 0 0 0
1.69 0 0 0 0
1.69667 0 0 0 0
1.70333 0 0 0 0
1.71 0 0 0 0
1.71667 0 0 0 0
1.72333 0 0 0 0
1.73 0 0 0 0
1.73667 0 0 0 0
1.74333 0 0 0 0
1.75 0 0 0 0
1.75667 0 0 0 0
1.76333 0 0 0 0
1.77 0 0 0 0
1.77667 0 0 0 0
1.78333 0 0 0 0
1.79 0 0 0 0
1.79667 0 0 0 0
1.80333 0 0 0 0
1.81 0 0 0 0
1.81667 0 0 0 0
1.82333 0 0 0 0
1.83 0 0 0 0
1.83667 0 0 0 0
1.84333 0 0 0 0
1.85 0 0 0 0
1.85667 0 0 0 0
1.86333 0 0 0 0
1.87 0 0 0 0
1.87667 0 0 0 0
1.88333 0 0 0 0
1.89 0 0 0 0
1.89667 0 0 0 0
1.90333 0 0 0 0
1.91 0 0 0 0
1.91667 0 0 0 0
1.92333 0 0 0 0
1.93 0 0 0 0
1.93667 0 0 0 0
1.94333 0 0 0 0
1.95 0 0 0 0
1.95667 0 0 0 0
1.96333 0 0 0 0
1.97 0 0 0 0
1.97667 0 0 0 0
1.98333 0 0 0 0
1.99 0 0 0 0
1.99667 0 0 0 0
