0.00333333 196 33 0 7
0.01 196 32 1 9
0.0166667 220 32 0 5
0.0233333 211 36 2 7
0.03 221 40 2 0
0.0366667 189 33 1 6
0.0433333 234 54 1 6
0.05 277 73 2 6
0.0566667 267 59 2 11
0.0633333 277 83 2 5
0.07 308 77 4 6
0.0766667 315 89 2 4
0.0833333 339 77 4 11
0.09 344 77 6 3
0.0966667 349 90 4 7
0.103333 353 71 6 10
0.11 362 90 7 6
0.116667 357 104 4 8
0.123333 382 84 3 4
0.13 388 87 4 9
0.136667 398 86 2 1
0.143333 381 71 2 3
0.15 405 64 5 6
0.156667 390 79 3 3
0.163333 432 72 3 3
0.17 434 57 2 7
0.176667 418 72 1 9
0.183333 648 55 4 12
0.19 858 66 1 14
0.196667 758 83 2 14
0.203333 673 63 1 8
0.21 601 85 2 11
0.216667 533 65 0 13
0.223333 473 66 3 10
0.23 423 67 3 9
0.236667 396 72 0 4
0.243333 332 65 3 9
0.25 347 57 3 4
0.256667 323 48 2 7
0.263333 299 51 0 8
0.27 284 55 0 6
0.276667 248 52 2 6
0.283333 246 47 2 4
0.29 255 53 3 8
0.296667 240 55 1 9
0.303333 232 38 2 6
0.31 253 50 1 11
0.316667 211 46 1 5
0.323333 220 42 6 6
0.33 251 51 0 7
0.336667 223 28 3 4
0.343333 221 46 0 5
0.35 223 33 0 3
0.356667 212 38 3 5
0.363333 228 31 2 5
0.37 214 43 1 5
0.376667 179 29 1 10
0.383333 208 40 4 2
0.39 198 33 1 6
0.396667 222 33 1 6
0.403333 237 26 1 8
0.41 189 35 0 8
0.416667 217 34 1 3
0.423333 231 32 2 4
0.43 214 41 0 8
0.436667 208 33 1 4
0.443333 230 24 0 4
0.45 214 28 0 2
0.456667 254 36 3 10
0.463333 226 27 1 6
0.47 281 22 1 6
0.476667 188 24 2 2
0.483333 78 23 2 2
0.49 72 23 3 2
0.496667 67 20 2 0
0.503333 66 22 2 2
0.51 57 28 2 0
0.516667 69 17 0 4
0.523333 44 16 0 2
0.53 52 17 0 0
0.536667 52 20 1 3
0.543333 36 22 1 1
0.55 39 21 1 2
0.556667 34 21 1 2
0.563333 43 16 1 2
0.57 43 19 0 3
0.576667 48 14 0 2
0.583333 58 23 1 3
0.59 31 21 0 2
0.596667 32 18 0 3
0.603333 32 17 1 1
0.61 44 13 3 0
0.616667 30 16 0 2
0.623333 38 14 1 2
0.63 34 21 0 0
0.636667 72 20 1 1
0.643333 26 24 0 2
0.65 26 22 1 4
0.656667 36 19 1 0
0.663333 15161 992 9 318
0.67 0 0 0 0
0.676667 0 0 0 0
0.683333 0 0 0 0
0.69 0 0 0 0
0.696667 0 0 0 0
0.703333 0 0 0 0
0.71 0 0 0 0
0.716667 0 0 0 0
0.723333 0 0 0 0
0.73 0 0 0 0
0.736667 0 0 0 0
0.743333 0 0 0 0
0.75 0 0 0 0
0.756667 0 0 0 0
0.763333 0 0 0 0
0.77 0 0 0 0
0.776667 0 0 0 0
0.783333 0 0 0 0
0.79 0 0 0 0
0.796667 0 0 0 0
0.803333 0 0 0 0
0.81 0 0 0 0
0.816667 0 0 0 0
0.823333 0 0 0 0
0.83 0 0 0 0
0.836667 0 0 0 0
0.843333 0 0 0 0
0.85 0 0 0 0
0.856667 0 0 0 0
0.863333 0 0 0 0
0.87 0 0 0 0
0.876667 0 0 0 0
0.883333 0 0 0 0
0.89 0 0 0 0
0.896667 0 0 0 0
0.903333 0 0 0 0
0.91 0 0 0 0
0.916667 0 0 0 0
0.923333 0 0 0 0
0.93 0 0 0 0
0.936667 0 0 0 0
0.943333 0 0 0 0
0.95 0 0 0 0
0.956667 0 0 0 0
0.963333 0 0 0 0
0.97 0 0 0 0
0.976667 0 0 0 0
0.983333 0 0 0 0
0.99 0 0 0 0
0.996667 0 0 0 0
1.00333 0 0 0 0
1.01 0 0 0 0
1.01667 0 0 0 0
1.02333 0 0 0 0
1.03 0 0 0 0
1.03667 0 0 0 0
1.04333 0 0 0 0
1.05 0 0 0 0
1.05667 0 0 0 0
1.06333 0 0 0 0
1.07 0 0 0 0
1.07667 0 0 0 0
1.08333 0 0 0 0
1.09 0 0 0 0
1.09667 0 0 0 0
1.10333 0 0 0 0
1.11 0 0 0 0
1.11667 0 0 0 0
1.12333 0 0 0 0
1.13 0 0 0 0
1.13667 0 0 0 0
1.14333 0 0 0 0
1.15 0 0 0 0
1.15667 0 0 0 0
1.16333 0 0 0 0
1.17 0 0 0 0
1.17667 0 0 0 0
1.18333 0 0 0 0
1.19 0 0 0 0
1.19667 0 0 0 0
1.20333 0 0 0 0
1.21 0 0 0 0
1.21667 0 0 0 0
1.22333 0 0 0 0
1.23 0 0 0 0
1.23667 0 0 0 0
1.24333 0 0 0 0
1.25 0 0 0 0
1.25667 0 0 0 0
1.26333 0 0 0 0
1.27 0 0 0 0
1.27667 0 0 0 0
1.28333 0 0 0 0
1.29 0 0 0 0
1.29667 0 0 0 0
1.30333 0 0 0 0
1.31 0 0 0 0
1.31667 0 0 0 0
1.32333 0 0 0 0
1.33 0 0 0 0
1.33667 0 0 0 0
1.34333 0 0 0 0
1.35 0 0 0 0
1.35667 0 0 0 0
1.36333 0 0 0 0
1.37 0 0 0 0
1.37667 0 0 0 0
1.38333 0 0 0 0
1.39 0 0 0 0
1.39667 0 0 0 0
1.40333 0 0 0 0
1.41 0 0 0 0
1.41667 0 0 0 0
1.42333 0 0 0 0
1.43 0 0 0 0
1.43667 0 0 0 0
1.44333 0 0 0 0
1.45 0 0 0 0
1.45667 0 0 0 0
1.46333 0 0 0 0
1.47 0 0 0 0
1.47667 0 0 0 0
1.48333 0 0 0 0
1.49 0 0 0 0
1.49667 0 0 0 0
1.50333 0 0 0 0
1.51 0 0 0 0
1.51667 0 0 0 0
1.52333 0 0 0 0
1.53 0 0 0 0
1.53667 0 0 0 0
1.54333 0 0 0 0
1.55 0 0 0 0
1.55667 0 0 0 0
1.56333 0 0 0 0
1.57 0 0 0 0
1.57667 0 0 0 0
1.58333 0 0 0 0
1.59 0 0 0 0
1.59667 0 0 0 0
1.60333 0 0 0 0
1.61 0 0 0 0
1.61667 0 0 0 0
1.62333 0 0 0 0
1.63 0 0 0 0
1.63667 0 0 0 0
1.64333 0 0 0 0
1.65 0 0 0 0
1.65667 0 0 0 0
1.66333 0 0 0 0
1.67 0 0 0 0
1.67667 0 0 0 0
1.68333 0 0 0 0
1.69 0 0 0 0
1.69667 0 0 0 0
1.70333 0 0 0 0
1.71 0 0 0 0
1.71667 0 0 0 0
1.72333 0 0 0 0
1.73 0 0 0 0
1.73667 0 0 0 0
1.74333 0 0 0 0
1.75 0 0 0 0
1.75667 0 0 0 0
1.76333 0 0 0 0
1.77 0 0 0 0
1.77667 0 0 0 0
1.78333 0 0 0 0
1.79 0 0 0 0
1.79667 0 0 0 0
1.80333 0 0 0 0
1.81 0 0 0 0
1.81667 0 0 0 0
1.82333 0 0 0 0
1.83 0 0 0 0
1.83667 0 0 0 0
1.84333 0 0 0 0
1.85 0 0 0 0
1.85667 0 0 0 0
1.86333 0 0 0 0
1.87 0 0 0 0
1.87667 0 0 0 0
1.88333 0 0 0 0
1.89 0 0 0 0
1.89667 0 0 0 0
1.90333 0 0 0 0
1.91 0 0 0 0
1.91667 0 0 0 0
1.92333 0 0 0 0
1.93 0 0 0 0
1.93667 0 0 0 0
1.94333 0 0 0 0
1.95 0 0 0 0
1.95667 0 0 0 0
1.96333 0 0 0 0
1.97 0 0 0 0
1.97667 0 0 0 0
1.98333 0 0 0 0
1.99 0 0 0 0
1.99667 0 0 0 0
