0.00333333 13 66 9 5
0.01 13 86 11 5
0.0166667 27 85 16 2
0.0233333 17 93 19 4
0.03 27 88 17 6
0.0366667 29 115 30 7
0.0433333 32 125 33 7
0.05 49 177 42 15
0.0566667 43 189 46 18
0.0633333 62 227 44 7
0.07 55 261 58 18
0.0766667 49 233 53 18
0.0833333 54 248 59 19
0.09 45 254 53 18
0.0966667 55 248 62 19
0.103333 63 253 45 22
0.11 51 245 50 14
0.116667 69 313 47 10
0.123333 46 245 48 15
0.13 49 264 58 23
0.136667 36 250 49 13
0.143333 45 235 40 12
0.15 62 244 46 18
0.156667 44 224 37 15
0.163333 45 210 36 11
0.17 45 204 35 11
0.176667 31 214 32 9
0.183333 55 249 34 14
0.19 29 207 28 13
0.196667 47 243 33 12
0.203333 45 236 30 13
0.21 41 213 35 7
0.216667 32 212 27 6
0.223333 29 200 21 13
0.23 34 193 31 8
0.236667 31 183 20 8
0.243333 21 147 25 8
0.25 31 156 26 3
0.256667 37 148 18 5
0.263333 28 141 25 9
0.27 21 135 33 5
0.276667 34 134 22 7
0.283333 22 133 24 7
0.29 29 132 18 9
0.296667 30 136 19 9
0.303333 19 134 17 10
0.31 25 124 22 8
0.316667 23 120 14 5
0.323333 23 104 11 6
0.33 28 126 16 8
0.336667 17 115 18 6
0.343333 16 99 12 4
0.35 17 84 18 5
0.356667 16 93 20 3
0.363333 19 95 27 3
0.37 20 83 14 7
0.376667 23 94 12 6
0.383333 20 77 14 4
0.39 15 92 14 6
0.396667 18 76 13 4
0.403333 15 71 13 8
0.41 12 76 18 9
0.416667 19 88 21 6
0.423333 18 76 11 4
0.43 13 96 11 3
0.436667 25 89 12 8
0.443333 17 79 10 8
0.45 18 90 17 4
0.456667 13 85 12 12
0.463333 20 87 15 2
0.47 15 82 15 3
0.476667 13 73 10 5
0.483333 15 50 8 1
0.49 7 42 13 2
0.496667 18 46 10 6
0.503333 9 33 14 7
0.51 6 54 11 2
0.516667 8 43 7 3
0.523333 13 27 9 2
0.53 8 37 6 0
0.536667 14 43 5 7
0.543333 13 39 10 2
0.55 6 36 9 5
0.556667 6 45 14 2
0.563333 12 36 7 3
0.57 7 38 8 6
0.576667 10 36 8 3
0.583333 12 40 13 2
0.59 12 40 10 5
0.596667 2 34 7 2
0.603333 10 29 12 5
0.61 14 28 5 6
0.616667 7 27 1 3
0.623333 9 29 7 1
0.63 7 35 3 4
0.636667 16 41 6 6
0.643333 7 19 3 2
0.65 8 31 7 4
0.656667 4 34 6 3
0.663333 400 2762 212 101
0.67 0 0 0 0
0.676667 0 0 0 0
0.683333 0 0 0 0
0.69 0 0 0 0
0.696667 0 0 0 0
0.703333 0 0 0 0
0.71 0 0 0 0
0.716667 0 0 0 0
0.723333 0 0 0 0
0.73 0 0 0 0
0.736667 0 0 0 0
0.743333 0 0 0 0
0.75 0 0 0 0
0.756667 0 0 0 0
0.763333 0 0 0 0
0.77 0 0 0 0
0.776667 0 0 0 0
0.783333 0 0 0 0
0.79 0 0 0 0
0.796667 0 0 0 0
0.803333 0 0 0 0
0.81 0 0 0 0
0.816667 0 0 0 0
0.823333 0 0 0 0
0.83 0 0 0 0
0.836667 0 0 0 0
0.843333 0 0 0 0
0.85 0 0 0 0
0.856667 0 0 0 0
0.863333 0 0 0 0
0.87 0 0 0 0
0.876667 0 0 0 0
0.883333 0 0 0 0
0.89 0 0 0 0
0.896667 0 0 0 0
0.903333 0 0 0 0
0.91 0 0 0 0
0.916667 0 0 0 0
0.923333 0 0 0 0
0.93 0 0 0 0
0.936667 0 0 0 0
0.943333 0 0 0 0
0.95 0 0 0 0
0.956667 0 0 0 0
0.963333 0 0 0 0
0.97 0 0 0 0
0.976667 0 0 0 0
0.983333 0 0 0 0
0.99 0 0 0 0
0.996667 0 0 0 0
1.00333 0 0 0 0
1.01 0 0 0 0
1.01667 0 0 0 0
1.02333 0 0 0 0
1.03 0 0 0 0
1.03667 0 0 0 0
1.04333 0 0 0 0
1.05 0 0 0 0
1.05667 0 0 0 0
1.06333 0 0 0 0
1.07 0 0 0 0
1.07667 0 0 0 0
1.08333 0 0 0 0
1.09 0 0 0 0
1.09667 0 0 0 0
1.10333 0 0 0 0
1.11 0 0 0 0
1.11667 0 0 0 0
1.12333 0 0 0 0
1.13 0 0 0 0
1.13667 0 0 0 0
1.14333 0 0 0 0
1.15 0 0 0 0
1.15667 0 0 0 0
1.16333 0 0 0 0
1.17 0 0 0 0
1.17667 0 0 0 0
1.18333 0 0 0 0
1.19 0 0 0 0
1.19667 0 0 0 0
1.20333 0 0 0 0
1.21 0 0 0 0
1.21667 0 0 0 0
1.22333 0 0 0 0
1.23 0 0 0 0
1.23667 0 0 0 0
1.24333 0 0 0 0
1.25 0 0 0 0
1.25667 0 0 0 0
1.26333 0 0 0 0
1.27 0 0 0 0
1.27667 0 0 0 0
1.28333 0 0 0 0
1.29 0 0 0 0
1.29667 0 0 0 0
1.30333 0 0 0 0
1.31 0 0 0 0
1.31667 0 0 0 0
1.32333 0 0 0 0
1.33 0 0 0 0
1.33667 0 0 0 0
1.34333 0 0 0 0
1.35 0 0 0 0
1.35667 0 0 0 0
1.36333 0 0 0 0
1.37 0 0 0 0
1.37667 0 0 0 0
1.38333 0 0 0 0
1.39 0 0 0 0
1.39667 0 0 0 0
1.40333 0 0 0 0
1.41 0 0 0 0
1.41667 0 0 0 0
1.42333 0 0 0 0
1.43 0 0 0 0
1.43667 0 0 0 0
1.44333 0 0 0 0
1.45 0 0 0 0
1.45667 0 0 0 0
1.46333 0 0 0 0
1.47 0 0 0 0
1.47667 0 0 0 0
1.48333 0 0 0 0
1.49 0 0 0 0
1.49667 0 0 0 0
1.50333 0 0 0 0
1.51 0 0 0 0
1.51667 0 0 0 0
1.52333 0 0 0 0
1.53 0 0 0 0
1.53667 0 0 0 0
1.54333 0 0 0 0
1.55 0 0 0 0
1.55667 0 0 0 0
1.56333 0 0 0 0
1.57 0 0 0 0
1.57667 0 0 0 0
1.58333 0 0 0 0
1.59 0 0 0 0
1.59667 0 0 0 0
1.60333 0 0 0 0
1.61 0 0 0 0
1.61667 0 0 0 0
1.62333 0 0 0 0
1.63 0 0 0 0
1.63667 0 0 0 0
1.64333 0 0 0 0
1.65 0 0 0 0
1.65667 0 0 0 0
1.66333 0 0 0 0
1.67 0 0 0 0
1.67667 0 0 0 0
1.68333 0 0 0 0
1.69 0 0 0 0
1.69667 0 0 0 0
1.70333 0 0 0 0
1.71 0 0 0 0
1.71667 0 0 0 0
1.72333 0 0 0 0
1.73 0 0 0 0
1.73667 0 0 0 0
1.74333 0 0 0 0
1.75 0 0 0 0
1.75667 0 0 0 0
1.76333 0 0 0 0
1.77 0 0 0 0
1.77667 0 0 0 0
1.78333 0 0 0 0
1.79 0 0 0 0
1.79667 0 0 0 0
1.80333 0 0 0 0
1.81 0 0 0 0
1.81667 0 0 0 0
1.82333 0 0 0 0
1.83 0 0 0 0
1.83667 0 0 0 0
1.84333 0 0 0 0
1.85 0 0 0 0
1.85667 0 0 0 0
1.86333 0 0 0 0
1.87 0 0 0 0
1.87667 0 0 0 0
1.88333 0 0 0 0
1.89 0 0 0 0
1.89667 0 0 0 0
1.90333 0 0 0 0
1.91 0 0 0 0
1.91667 0 0 0 0
1.92333 0 0 0 0
1.93 0 0 0 0
1.93667 0 0 0 0
1.94333 0 0 0 0
1.95 0 0 0 0
1.95667 0 0 0 0
1.96333 0 0 0 0
1.97 0 0 0 0
1.97667 0 0 0 0
1.98333 0 0 0 0
1.99 0 0 0 0
1.99667 0 0 0 0
