0.00333333 183 8 0 1
0.01 214 6 2 4
0.0166667 198 14 1 4
0.0233333 213 7 1 3
0.03 177 11 0 3
0.0366667 184 10 3 4
0.0433333 227 19 0 7
0.05 205 19 1 4
0.0566667 251 23 1 5
0.0633333 247 32 2 5
0.07 272 30 2 4
0.0766667 300 31 0 3
0.0833333 285 27 1 2
0.09 330 25 1 7
0.0966667 264 37 1 2
0.103333 301 27 3 10
0.11 295 33 2 5
0.116667 306 41 3 5
0.123333 343 23 0 4
0.13 355 18 2 4
0.136667 329 18 1 3
0.143333 323 22 1 7
0.15 386 19 3 6
0.156667 361 21 0 4
0.163333 348 27 0 2
0.17 370 25 1 4
0.176667 377 22 1 6
0.183333 456 20 1 4
0.19 738 23 0 4
0.196667 667 21 1 12
0.203333 637 26 1 8
0.21 532 26 2 5
0.216667 474 15 1 9
0.223333 465 15 1 8
0.23 414 10 3 6
0.236667 346 22 1 11
0.243333 359 14 0 4
0.25 329 23 0 9
0.256667 300 18 1 4
0.263333 309 19 0 4
0.27 288 17 0 5
0.276667 253 14 1 3
0.283333 268 13 2 2
0.29 241 15 0 4
0.296667 224 17 0 5
0.303333 227 15 2 4
0.31 217 21 1 11
0.316667 191 11 0 6
0.323333 217 11 0 3
0.33 215 12 1 3
0.336667 191 17 0 2
0.343333 189 23 0 4
0.35 195 14 1 0
0.356667 175 16 2 4
0.363333 200 19 1 4
0.37 216 27 1 7
0.376667 206 12 2 10
0.383333 174 18 0 4
0.39 204 14 1 1
0.396667 217 7 0 5
0.403333 181 11 3 5
0.41 183 18 1 8
0.416667 197 10 1 5
0.423333 168 10 0 1
0.43 187 12 1 3
0.436667 193 10 1 9
0.443333 184 11 0 8
0.45 218 8 1 3
0.456667 224 15 0 5
0.463333 238 11 1 3
0.47 219 8 1 4
0.476667 173 12 1 7
0.483333 83 8 1 0
0.49 59 11 1 3
0.496667 64 7 0 1
0.503333 66 6 2 2
0.51 54 6 1 0
0.516667 59 6 1 2
0.523333 50 10 0 6
0.53 41 5 0 3
0.536667 40 6 1 1
0.543333 36 6 1 3
0.55 56 9 0 2
0.556667 48 4 0 3
0.563333 33 6 0 1
0.57 41 9 1 3
0.576667 33 7 0 5
0.583333 44 3 0 1
0.59 41 6 0 1
0.596667 34 6 1 0
0.603333 26 5 0 2
0.61 40 10 5 2
0.616667 36 5 0 2
0.623333 27 5 0 2
0.63 44 7 1 1
0.636667 55 10 0 1
0.643333 27 8 1 0
0.65 23 11 1 1
0.656667 31 5 0 1
0.663333 13824 238 11 275
0.67 0 0 0 0
0.676667 0 0 0 0
0.683333 0 0 0 0
0.69 0 0 0 0
0.696667 0 0 0 0
0.703333 0 0 0 0
0.71 0 0 0 0
0.716667 0 0 0 0
0.723333 0 0 0 0
0.73 0 0 0 0
0.736667 0 0 0 0
0.743333 0 0 0 0
0.75 0 0 0 0
0.756667 0 0 0 0
0.763333 0 0 0 0
0.77 0 0 0 0
0.776667 0 0 0 0
0.783333 0 0 0 0
0.79 0 0 0 0
0.796667 0 0 0 0
0.803333 0 0 0 0
0.81 0 0 0 0
0.816667 0 0 0 0
0.823333 0 0 0 0
0.83 0 0 0 0
0.836667 0 0 0 0
0.843333 0 0 0 0
0.85 0 0 0 0
0.856667 0 0 0 0
0.863333 0 0 0 0
0.87 0 0 0 0
0.876667 0 0 0 0
0.883333 0 0 0 0
0.89 0 0 0 0
0.896667 0 0 0 0
0.903333 0 0 0 0
0.91 0 0 0 0
0.916667 0 0 0 0
0.923333 0 0 0 0
0.93 0 0 0 0
0.936667 0 0 0 0
0.943333 0 0 0 0
0.95 0 0 0 0
0.956667 0 0 0 0
0.963333 0 0 0 0
0.97 0 0 0 0
0.976667 0 0 0 0
0.983333 0 0 0 0
0.99 0 0 0 0
0.996667 0 0 0 0
1.00333 0 0 0 0
1.01 0 0 0 0
1.01667 0 0 0 0
1.02333 0 0 0 0
1.03 0 0 0 0
1.03667 0 0 0 0
1.04333 0 0 0 0
1.05 0 0 0 0
1.05667 0 0 0 0
1.06333 0 0 0 0
1.07 0 0 0 0
1.07667 0 0 0 0
1.08333 0 0 0 0
1.09 0 0 0 0
1.09667 0 0 0 0
1.10333 0 0 0 0
1.11 0 0 0 0
1.11667 0 0 0 0
1.12333 0 0 0 0
1.13 0 0 0 0
1.13667 0 0 0 0
1.14333 0 0 0 0
1.15 0 0 0 0
1.15667 0 0 0 0
1.16333 0 0 0 0
1.17 0 0 0 0
1.17667 0 0 0 0
1.18333 0 0 0 0
1.19 0 0 0 0
1.19667 0 0 0 0
1.20333 0 0 0 0
1.21 0 0 0 0
1.21667 0 0 0 0
1.22333 0 0 0 0
1.23 0 0 0 0
1.23667 0 0 0 0
1.24333 0 0 0 0
1.25 0 0 0 0
1.25667 0 0 0 0
1.26333 0 0 0 0
1.27 0 0 0 0
1.27667 0 0 0 0
1.28333 0 0 0 0
1.29 0 0 0 0
1.29667 0 0 0 0
1.30333 0 0 0 0
1.31 0 0 0 0
1.31667 0 0 0 0
1.32333 0 0 0 0
1.33 0 0 0 0
1.33667 0 0 0 0
1.34333 0 0 0 0
1.35 0 0 0 0
1.35667 0 0 0 0
1.36333 0 0 0 0
1.37 0 0 0 0
1.37667 0 0 0 0
1.38333 0 0 0 0
1.39 0 0 0 0
1.39667 0 0 0 0
1.40333 0 0 0 0
1.41 0 0 0 0
1.41667 0 0 0 0
1.42333 0 0 0 0
1.43 0 0 0 0
1.43667 0 0 0 0
1.44333 0 0 0 0
1.45 0 0 0 0
1.45667 0 0 0 0
1.46333 0 0 0 0
1.47 0 0 0 0
1.47667 0 0 0 0
1.48333 0 0 0 0
1.49 0 0 0 0
1.49667 0 0 0 0
1.50333 0 0 0 0
1.51 0 0 0 0
1.51667 0 0 0 0
1.52333 0 0 0 0
1.53 0 0 0 0
1.53667 0 0 0 0
1.54333 0 0 0 0
1.55 0 0 0 0
1.55667 0 0 0 0
1.56333 0 0 0 0
1.57 0 0 0 0
1.57667 0 0 0 0
1.58333 0 0 0 0
1.59 0 0 0 0
1.59667 0 0 0 0
1.60333 0 0 0 0
1.61 0 0 0 0
1.61667 0 0 0 0
1.62333 0 0 0 0
1.63 0 0 0 0
1.63667 0 0 0 0
1.64333 0 0 0 0
1.65 0 0 0 0
1.65667 0 0 0 0
1.66333 0 0 0 0
1.67 0 0 0 0
1.67667 0 0 0 0
1.68333 0 0 0 0
1.69 0 0 0 0
1.69667 0 0 0 0
1.70333 0 0 0 0
1.71 0 0 0 0
1.71667 0 0 0 0
1.72333 0 0 0 0
1.73 0 0 0 0
1.73667 0 0 0 0
1.74333 0 0 0 0
1.75 0 0 0 0
1.75667 0 0 0 0
1.76333 0 0 0 0
1.77 0 0 0 0
1.77667 0 0 0 0
1.78333 0 0 0 0
1.79 0 0 0 0
1.79667 0 0 0 0
1.80333 0 0 0 0
1.81 0 0 0 0
1.81667 0 0 0 0
1.82333 0 0 0 0
1.83 0 0 0 0
1.83667 0 0 0 0
1.84333 0 0 0 0
1.85 0 0 0 0
1.85667 0 0 0 0
1.86333 0 0 0 0
1.87 0 0 0 0
1.87667 0 0 0 0
1.88333 0 0 0 0
1.89 0 0 0 0
1.89667 0 0 0 0
1.90333 0 0 0 0
1.91 0 0 0 0
1.91667 0 0 0 0
1.92333 0 0 0 0
1.93 0 0 0 0
1.93667 0 0 0 0
1.94333 0 0 0 0
1.95 0 0 0 0
1.95667 0 0 0 0
1.96333 0 0 0 0
1.97 0 0 0 0
1.97667 0 0 0 0
1.98333 0 0 0 0
1.99 0 0 0 0
1.99667 0 0 0 0
