0.00333333 3 12 44 7
0.01 8 13 60 8
0.0166667 6 19 66 4
0.0233333 3 23 65 4
0.03 1 28 68 6
0.0366667 1 25 67 5
0.0433333 5 31 101 6
0.05 12 47 106 13
0.0566667 10 51 104 11
0.0633333 18 53 129 17
0.07 12 69 132 13
0.0766667 14 57 138 17
0.0833333 13 68 124 12
0.09 19 65 137 9
0.0966667 10 43 155 24
0.103333 13 49 143 18
0.11 16 58 149 12
0.116667 13 70 175 12
0.123333 16 54 143 7
0.13 12 53 134 16
0.136667 8 58 126 9
0.143333 12 47 129 14
0.15 10 45 123 9
0.156667 11 40 119 8
0.163333 8 40 129 6
0.17 8 31 143 17
0.176667 7 31 129 6
0.183333 9 35 164 9
0.19 6 39 175 6
0.196667 8 41 155 12
0.203333 2 42 148 15
0.21 9 37 152 13
0.216667 8 31 134 7
0.223333 13 27 158 9
0.23 6 26 118 10
0.236667 13 33 122 5
0.243333 11 26 112 5
0.25 7 31 131 9
0.256667 6 28 99 7
0.263333 5 26 92 7
0.27 4 33 82 4
0.276667 3 24 94 5
0.283333 7 27 82 7
0.29 7 31 90 10
0.296667 7 24 80 5
0.303333 4 22 95 10
0.31 9 33 72 7
0.316667 5 29 89 3
0.323333 5 19 95 8
0.33 3 27 61 1
0.336667 8 22 74 5
0.343333 6 17 69 7
0.35 8 15 61 4
0.356667 5 31 88 4
0.363333 8 19 56 4
0.37 2 20 60 5
0.376667 6 21 66 4
0.383333 5 17 57 8
0.39 1 11 59 4
0.396667 1 18 58 4
0.403333 4 13 51 3
0.41 6 21 59 2
0.416667 3 22 60 8
0.423333 2 19 64 5
0.43 5 10 58 8
0.436667 1 18 67 7
0.443333 2 14 59 7
0.45 0 20 56 4
0.456667 1 13 66 4
0.463333 4 21 47 5
0.47 4 18 67 2
0.476667 4 8 47 7
0.483333 2 17 29 2
0.49 1 13 32 5
0.496667 4 13 31 1
0.503333 2 12 24 4
0.51 2 14 29 1
0.516667 0 9 27 2
0.523333 4 14 26 1
0.53 1 7 26 3
0.536667 5 8 23 4
0.543333 2 5 24 1
0.55 1 11 28 2
0.556667 4 10 12 2
0.563333 5 10 24 3
0.57 3 10 31 9
0.576667 4 7 23 1
0.583333 2 10 22 4
0.59 1 8 24 2
0.596667 1 13 25 3
0.603333 2 7 17 1
0.61 1 7 19 2
0.616667 0 7 18 4
0.623333 2 5 15 3
0.63 3 12 19 1
0.636667 1 9 31 1
0.643333 4 14 21 3
0.65 0 10 18 3
0.656667 1 9 17 4
0.663333 62 282 2403 52
0.67 0 0 0 0
0.676667 0 0 0 0
0.683333 0 0 0 0
0.69 0 0 0 0
0.696667 0 0 0 0
0.703333 0 0 0 0
0.71 0 0 0 0
0.716667 0 0 0 0
0.723333 0 0 0 0
0.73 0 0 0 0
0.736667 0 0 0 0
0.743333 0 0 0 0
0.75 0 0 0 0
0.756667 0 0 0 0
0.763333 0 0 0 0
0.77 0 0 0 0
0.776667 0 0 0 0
0.783333 0 0 0 0
0.79 0 0 0 0
0.796667 0 0 0 0
0.803333 0 0 0 0
0.81 0 0 0 0
0.816667 0 0 0 0
0.823333 0 0 0 0
0.83 0 0 0 0
0.836667 0 0 0 0
0.843333 0 0 0 0
0.85 0 0 0 0
0.856667 0 0 0 0
0.863333 0 0 0 0
0.87 0 0 0 0
0.876667 0 0 0 0
0.883333 0 0 0 0
0.89 0 0 0 0
0.896667 0 0 0 0
0.903333 0 0 0 0
0.91 0 0 0 0
0.916667 0 0 0 0
0.923333 0 0 0 0
0.93 0 0 0 0
0.936667 0 0 0 0
0.943333 0 0 0 0
0.95 0 0 0 0
0.956667 0 0 0 0
0.963333 0 0 0 0
0.97 0 0 0 0
0.976667 0 0 0 0
0.983333 0 0 0 0
0.99 0 0 0 0
0.996667 0 0 0 0
1.00333 0 0 0 0
1.01 0 0 0 0
1.01667 0 0 0 0
1.02333 0 0 0 0
1.03 0 0 0 0
1.03667 0 0 0 0
1.04333 0 0 0 0
1.05 0 0 0 0
1.05667 0 0 0 0
1.06333 0 0 0 0
1.07 0 0 0 0
1.07667 0 0 0 0
1.08333 0 0 0 0
1.09 0 0 0 0
1.09667 0 0 0 0
1.10333 0 0 0 0
1.11 0 0 0 0
1.11667 0 0 0 0
1.12333 0 0 0 0
1.13 0 0 0 0
1.13667 0 0 0 0
1.14333 0 0 0 0
1.15 0 0 0 0
1.15667 0 0 0 0
1.16333 0 0 0 0
1.17 0 0 0 0
1.17667 0 0 0 0
1.18333 0 0 0 0
1.19 0 0 0 0
1.19667 0 0 0 0
1.20333 0 0 0 0
1.21 0 0 0 0
1.21667 0 0 0 0
1.22333 0 0 0 0
1.23 0 0 0 0
1.23667 0 0 0 0
1.24333 0 0 0 0
1.25 0 0 0 0
1.25667 0 0 0 0
1.26333 0 0 0 0
1.27 0 0 0 0
1.27667 0 0 0 0
1.28333 0 0 0 0
1.29 0 0 0 0
1.29667 0 0 0 0
1.30333 0 0 0 0
1.31 0 0 0 0
1.31667 0 0 0 0
1.32333 0 0 0 0
1.33 0 0 0 0
1.33667 0 0 0 0
1.34333 0 0 0 0
1.35 0 0 0 0
1.35667 0 0 0 0
1.36333 0 0 0 0
1.37 0 0 0 0
1.37667 0 0 0 0
1.38333 0 0 0 0
1.39 0 0 0 0
1.39667 0 0 0 0
1.40333 0 0 0 0
1.41 0 0 0 0
1.41667 0 0 0 0
1.42333 0 0 0 0
1.43 0 0 0 0
1.43667 0 0 0 0
1.44333 0 0 0 0
1.45 0 0 0 0
1.45667 0 0 0 0
1.46333 0 0 0 0
1.47 0 0 0 0
1.47667 0 0 0 0
1.48333 0 0 0 0
1.49 0 0 0 0
1.49667 0 0 0 0
1.50333 0 0 0 0
1.51 0 0 0 0
1.51667 0 0 0 0
1.52333 0 0 0 0
1.53 0 0 0 0
1.53667 0 0 0 0
1.54333 0 0 0 0
1.55 0 0 0 0
1.55667 0 0 0 0
1.56333 0 0 0 0
1.57 0 0 0 0
1.57667 0 0 0 0
1.58333 0 0 0 0
1.59 0 0 0 0
1.59667 0 0 0 0
1.60333 0 0 0 0
1.61 0 0 0 0
1.61667 0 0 0 0
1.62333 0 0 0 0
1.63 0 0 0 0
1.63667 0 0 0 0
1.64333 0 0 0 0
1.65 0 0 0 0
1.65667 0 0 0 0
1.66333 0 0 0 0
1.67 0 0 0 0
1.67667 0 0 0 0
1.68333 0 0 0 0
1.69 0 0 0 0
1.69667 0 0 0 0
1.70333 0 0 0 0
1.71 0 0 0 0
1.71667 0 0 0 0
1.72333 0 0 0 0
1.73 0 0 0 0
1.73667 0 0 0 0
1.74333 0 0 0 0
1.75 0 0 0 0
1.75667 0 0 0 0
1.76333 0 0 0 0
1.77 0 0 0 0
1.77667 0 0 0 0
1.78333 0 0 0 0
1.79 0 0 0 0
1.79667 0 0 0 0
1.80333 0 0 0 0
1.81 0 0 0 0
1.81667 0 0 0 0
1.82333 0 0 0 0
1.83 0 0 0 0
1.83667 0 0 0 0
1.84333 0 0 0 0
1.85 0 0 0 0
1.85667 0 0 0 0
1.86333 0 0 0 0
1.87 0 0 0 0
1.87667 0 0 0 0
1.88333 0 0 0 0
1.89 0 0 0 0
1.89667 0 0 0 0
1.90333 0 0 0 0
1.91 0 0 0 0
1.91667 0 0 0 0
1.92333 0 0 0 0
1.93 0 0 0 0
1.93667 0 0 0 0
1.94333 0 0 0 0
1.95 0 0 0 0
1.95667 0 0 0 0
1.96333 0 0 0 0
1.97 0 0 0 0
1.97667 0 0 0 0
1.98333 0 0 0 0
1.99 0 0 0 0
1.99667 0 0 0 0
