0.00333333 34 19 6 2
0.01 40 32 5 0
0.0166667 56 42 6 2
0.0233333 42 40 3 6
0.03 56 37 4 3
0.0366667 53 63 5 2
0.0433333 101 75 11 2
0.05 123 92 9 4
0.0566667 122 121 9 3
0.0633333 150 113 7 3
0.07 154 141 11 3
0.0766667 143 138 10 8
0.0833333 159 118 13 4
0.09 167 126 10 4
0.0966667 160 124 20 5
0.103333 156 117 10 1
0.11 147 116 18 3
0.116667 166 128 12 3
0.123333 144 116 14 5
0.13 166 114 16 2
0.136667 145 93 8 3
0.143333 151 95 11 2
0.15 116 92 16 2
0.156667 124 103 7 1
0.163333 111 83 9 1
0.17 133 95 6 4
0.176667 147 67 8 5
0.183333 122 73 10 4
0.19 133 90 7 5
0.196667 114 80 8 2
0.203333 113 84 14 4
0.21 108 75 7 1
0.216667 110 65 10 2
0.223333 100 62 9 3
0.23 96 72 12 1
0.236667 92 66 8 1
0.243333 86 76 10 4
0.25 90 53 7 0
0.256667 84 60 8 3
0.263333 86 51 8 3
0.27 74 57 7 2
0.276667 91 51 9 2
0.283333 76 61 7 7
0.29 74 52 5 1
0.296667 69 59 7 1
0.303333 92 54 8 2
0.31 77 43 8 0
0.316667 58 49 5 2
0.323333 54 56 4 0
0.33 69 50 5 0
0.336667 56 36 10 2
0.343333 57 39 4 2
0.35 50 47 2 0
0.356667 48 35 5 1
0.363333 52 43 5 1
0.37 60 36 8 0
0.376667 58 25 4 2
0.383333 56 35 6 3
0.39 48 45 6 0
0.396667 42 29 2 0
0.403333 48 40 5 0
0.41 45 34 3 2
0.416667 38 32 5 1
0.423333 51 36 4 1
0.43 45 33 3 0
0.436667 57 29 1 1
0.443333 54 33 3 2
0.45 46 20 1 0
0.456667 42 36 5 0
0.463333 40 25 2 3
0.47 40 14 6 0
0.476667 39 24 1 0
0.483333 26 25 1 2
0.49 33 17 3 0
0.496667 35 15 3 0
0.503333 24 26 2 0
0.51 27 13 3 3
0.516667 32 11 4 1
0.523333 24 13 3 0
0.53 29 16 3 2
0.536667 25 14 2 2
0.543333 25 17 3 2
0.55 32 20 7 0
0.556667 20 14 4 0
0.563333 23 13 3 1
0.57 20 16 3 1
0.576667 15 17 1 1
0.583333 29 13 1 1
0.59 19 15 3 1
0.596667 24 26 3 0
0.603333 16 12 3 0
0.61 21 18 2 2
0.616667 19 18 3 1
0.623333 27 15 2 0
0.63 24 14 1 1
0.636667 27 22 3 2
0.643333 33 18 2 3
0.65 23 16 2 2
0.656667 18 25 1 0
0.663333 1279 587 62 20
0.67 0 0 0 0
0.676667 0 0 0 0
0.683333 0 0 0 0
0.69 0 0 0 0
0.696667 0 0 0 0
0.703333 0 0 0 0
0.71 0 0 0 0
0.716667 0 0 0 0
0.723333 0 0 0 0
0.73 0 0 0 0
0.736667 0 0 0 0
0.743333 0 0 0 0
0.75 0 0 0 0
0.756667 0 0 0 0
0.763333 0 0 0 0
0.77 0 0 0 0
0.776667 0 0 0 0
0.783333 0 0 0 0
0.79 0 0 0 0
0.796667 0 0 0 0
0.803333 0 0 0 0
0.81 0 0 0 0
0.816667 0 0 0 0
0.823333 0 0 0 0
0.83 0 0 0 0
0.836667 0 0 0 0
0.843333 0 0 0 0
0.85 0 0 0 0
0.856667 0 0 0 0
0.863333 0 0 0 0
0.87 0 0 0 0
0.876667 0 0 0 0
0.883333 0 0 0 0
0.89 0 0 0 0
0.896667 0 0 0 0
0.903333 0 0 0 0
0.91 0 0 0 0
0.916667 0 0 0 0
0.923333 0 0 0 0
0.93 0 0 0 0
0.936667 0 0 0 0
0.943333 0 0 0 0
0.95 0 0 0 0
0.956667 0 0 0 0
0.963333 0 0 0 0
0.97 0 0 0 0
0.976667 0 0 0 0
0.983333 0 0 0 0
0.99 0 0 0 0
0.996667 0 0 0 0
1.00333 0 0 0 0
1.01 0 0 0 0
1.01667 0 0 0 0
1.02333 0 0 0 0
1.03 0 0 0 0
1.03667 0 0 0 0
1.04333 0 0 0 0
1.05 0 0 0 0
1.05667 0 0 0 0
1.06333 0 0 0 0
1.07 0 0 0 0
1.07667 0 0 0 0
1.08333 0 0 0 0
1.09 0 0 0 0
1.09667 0 0 0 0
1.10333 0 0 0 0
1.11 0 0 0 0
1.11667 0 0 0 0
1.12333 0 0 0 0
1.13 0 0 0 0
1.13667 0 0 0 0
1.14333 0 0 0 0
1.15 0 0 0 0
1.15667 0 0 0 0
1.16333 0 0 0 0
1.17 0 0 0 0
1.17667 0 0 0 0
1.18333 0 0 0 0
1.19 0 0 0 0
1.19667 0 0 0 0
1.20333 0 0 0 0
1.21 0 0 0 0
1.21667 0 0 0 0
1.22333 0 0 0 0
1.23 0 0 0 0
1.23667 0 0 0 0
1.24333 0 0 0 0
1.25 0 0 0 0
1.25667 0 0 0 0
1.26333 0 0 0 0
1.27 0 0 0 0
1.27667 0 0 0 0
1.28333 0 0 0 0
1.29 0 0 0 0
1.29667 0 0 0 0
1.30333 0 0 0 0
1.31 0 0 0 0
1.31667 0 0 0 0
1.32333 0 0 0 0
1.33 0 0 0 0
1.33667 0 0 0 0
1.34333 0 0 0 0
1.35 0 0 0 0
1.35667 0 0 0 0
1.36333 0 0 0 0
1.37 0 0 0 0
1.37667 0 0 0 0
1.38333 0 0 0 0
1.39 0 0 0 0
1.39667 0 0 0 0
1.40333 0 0 0 0
1.41 0 0 0 0
1.41667 0 0 0 0
1.42333 0 0 0 0
1.43 0 0 0 0
1.43667 0 0 0 0
1.44333 0 0 0 0
1.45 0 0 0 0
1.45667 0 0 0 0
1.46333 0 0 0 0
1.47 0 0 0 0
1.47667 0 0 0 0
1.48333 0 0 0 0
1.49 0 0 0 0
1.49667 0 0 0 0
1.50333 0 0 0 0
1.51 0 0 0 0
1.51667 0 0 0 0
1.52333 0 0 0 0
1.53 0 0 0 0
1.53667 0 0 0 0
1.54333 0 0 0 0
1.55 0 0 0 0
1.55667 0 0 0 0
1.56333 0 0 0 0
1.57 0 0 0 0
1.57667 0 0 0 0
1.58333 0 0 0 0
1.59 0 0 0 0
1.59667 0 0 0 0
1.60333 0 0 0 0
1.61 0 0 0 0
1.61667 0 0 0 0
1.62333 0 0 0 0
1.63 0 0 0 0
1.63667 0 0 0 0
1.64333 0 0 0 0
1.65 0 0 0 0
1.65667 0 0 0 0
1.66333 0 0 0 0
1.67 0 0 0 0
1.67667 0 0 0 0
1.68333 0 0 0 0
1.69 0 0 0 0
1.69667 0 0 0 0
1.70333 0 0 0 0
1.71 0 0 0 0
1.71667 0 0 0 0
1.72333 0 0 0 0
1.73 0 0 0 0
1.73667 0 0 0 0
1.74333 0 0 0 0
1.75 0 0 0 0
1.75667 0 0 0 0
1.76333 0 0 0 0
1.77 0 0 0 0
1.77667 0 0 0 0
1.78333 0 0 0 0
1.79 0 0 0 0
1.79667 0 0 0 0
1.80333 0 0 0 0
1.81 0 0 0 0
1.81667 0 0 0 0
1.82333 0 0 0 0
1.83 0 0 0 0
1.83667 0 0 0 0
1.84333 0 0 0 0
1.85 0 0 0 0
1.85667 0 0 0 0
1.86333 0 0 0 0
1.87 0 0 0 0
1.87667 0 0 0 0
1.88333 0 0 0 0
1.89 0 0 0 0
1.89667 0 0 0 0
1.90333 0 0 0 0
1.91 0 0 0 0
1.91667 0 0 0 0
1.92333 0 0 0 0
1.93 0 0 0 0
1.93667 0 0 0 0
1.94333 0 0 0 0
1.95 0 0 0 0
1.95667 0 0 0 0
1.96333 0 0 0 0
1.97 0 0 0 0
1.97667 0 0 0 0
1.98333 0 0 0 0
1.99 0 0 0 0
1.99667 0 0 0 0
