0.00333333 9 16 13 19
0.01 6 12 21 19
0.0166667 10 19 28 15
0.0233333 14 15 23 17
0.03 12 19 24 18
0.0366667 7 23 30 25
0.0433333 15 25 44 30
0.05 19 43 58 25
0.0566667 23 54 77 30
0.0633333 15 63 67 40
0.07 19 47 99 37
0.0766667 26 46 91 45
0.0833333 20 53 87 35
0.09 20 74 77 35
0.0966667 23 69 67 46
0.103333 23 61 78 47
0.11 33 46 93 39
0.116667 23 50 97 36
0.123333 32 43 76 44
0.13 26 46 82 35
0.136667 25 38 63 45
0.143333 27 52 79 30
0.15 20 45 50 43
0.156667 26 40 62 40
0.163333 27 39 63 33
0.17 24 34 52 35
0.176667 19 36 61 29
0.183333 19 39 52 42
0.19 22 39 53 31
0.196667 22 38 49 40
0.203333 20 34 47 36
0.21 10 37 38 41
0.216667 22 42 44 38
0.223333 29 25 48 30
0.23 18 28 37 20
0.236667 17 27 48 20
0.243333 19 23 46 27
0.25 18 24 35 21
0.256667 8 21 48 29
0.263333 14 27 45 30
0.27 9 21 28 23
0.276667 17 22 40 19
0.283333 15 25 36 21
0.29 11 26 30 16
0.296667 14 18 32 24
0.303333 12 19 30 22
0.31 11 28 31 26
0.316667 9 23 33 19
0.323333 13 16 25 15
0.33 10 17 35 19
0.336667 9 21 23 22
0.343333 10 11 33 25
0.35 8 25 31 23
0.356667 8 24 29 14
0.363333 7 24 26 11
0.37 13 21 23 16
0.376667 13 23 21 17
0.383333 12 15 18 13
0.39 15 16 27 11
0.396667 13 14 21 19
0.403333 8 16 22 18
0.41 6 25 22 13
0.416667 11 18 25 11
0.423333 6 10 24 13
0.43 11 22 14 22
0.436667 12 12 23 21
0.443333 15 9 18 15
0.45 14 12 30 17
0.456667 6 13 16 29
0.463333 6 17 20 16
0.47 7 13 24 19
0.476667 13 17 17 11
0.483333 1 12 16 5
0.49 6 16 17 11
0.496667 4 16 16 11
0.503333 9 10 12 4
0.51 7 8 16 17
0.516667 7 16 16 5
0.523333 5 8 15 12
0.53 6 10 14 9
0.536667 7 10 13 5
0.543333 1 9 10 9
0.55 5 4 8 6
0.556667 7 15 9 5
0.563333 3 6 18 7
0.57 3 12 7 15
0.576667 8 10 12 7
0.583333 7 15 19 12
0.59 8 14 11 11
0.596667 5 6 9 5
0.603333 10 7 13 12
0.61 5 10 14 14
0.616667 11 7 6 11
0.623333 2 12 13 10
0.63 3 11 10 14
0.636667 5 7 11 10
0.643333 4 7 11 7
0.65 6 11 10 8
0.656667 4 7 2 5
0.663333 281 245 389 417
0.67 0 0 0 0
0.676667 0 0 0 0
0.683333 0 0 0 0
0.69 0 0 0 0
0.696667 0 0 0 0
0.703333 0 0 0 0
0.71 0 0 0 0
0.716667 0 0 0 0
0.723333 0 0 0 0
0.73 0 0 0 0
0.736667 0 0 0 0
0.743333 0 0 0 0
0.75 0 0 0 0
0.756667 0 0 0 0
0.763333 0 0 0 0
0.77 0 0 0 0
0.776667 0 0 0 0
0.783333 0 0 0 0
0.79 0 0 0 0
0.796667 0 0 0 0
0.803333 0 0 0 0
0.81 0 0 0 0
0.816667 0 0 0 0
0.823333 0 0 0 0
0.83 0 0 0 0
0.836667 0 0 0 0
0.843333 0 0 0 0
0.85 0 0 0 0
0.856667 0 0 0 0
0.863333 0 0 0 0
0.87 0 0 0 0
0.876667 0 0 0 0
0.883333 0 0 0 0
0.89 0 0 0 0
0.896667 0 0 0 0
0.903333 0 0 0 0
0.91 0 0 0 0
0.916667 0 0 0 0
0.923333 0 0 0 0
0.93 0 0 0 0
0.936667 0 0 0 0
0.943333 0 0 0 0
0.95 0 0 0 0
0.956667 0 0 0 0
0.963333 0 0 0 0
0.97 0 0 0 0
0.976667 0 0 0 0
0.983333 0 0 0 0
0.99 0 0 0 0
0.996667 0 0 0 0
1.00333 0 0 0 0
1.01 0 0 0 0
1.01667 0 0 0 0
1.02333 0 0 0 0
1.03 0 0 0 0
1.03667 0 0 0 0
1.04333 0 0 0 0
1.05 0 0 0 0
1.05667 0 0 0 0
1.06333 0 0 0 0
1.07 0 0 0 0
1.07667 0 0 0 0
1.08333 0 0 0 0
1.09 0 0 0 0
1.09667 0 0 0 0
1.10333 0 0 0 0
1.11 0 0 0 0
1.11667 0 0 0 0
1.12333 0 0 0 0
1.13 0 0 0 0
1.13667 0 0 0 0
1.14333 0 0 0 0
1.15 0 0 0 0
1.15667 0 0 0 0
1.16333 0 0 0 0
1.17 0 0 0 0
1.17667 0 0 0 0
1.18333 0 0 0 0
1.19 0 0 0 0
1.19667 0 0 0 0
1.20333 0 0 0 0
1.21 0 0 0 0
1.21667 0 0 0 0
1.22333 0 0 0 0
1.23 0 0 0 0
1.23667 0 0 0 0
1.24333 0 0 0 0
1.25 0 0 0 0
1.25667 0 0 0 0
1.26333 0 0 0 0
1.27 0 0 0 0
1.27667 0 0 0 0
1.28333 0 0 0 0
1.29 0 0 0 0
1.29667 0 0 0 0
1.30333 0 0 0 0
1.31 0 0 0 0
1.31667 0 0 0 0
1.32333 0 0 0 0
1.33 0 0 0 0
1.33667 0 0 0 0
1.34333 0 0 0 0
1.35 0 0 0 0
1.35667 0 0 0 0
1.36333 0 0 0 0
1.37 0 0 0 0
1.37667 0 0 0 0
1.38333 0 0 0 0
1.39 0 0 0 0
1.39667 0 0 0 0
1.40333 0 0 0 0
1.41 0 0 0 0
1.41667 0 0 0 0
1.42333 0 0 0 0
1.43 0 0 0 0
1.43667 0 0 0 0
1.44333 0 0 0 0
1.45 0 0 0 0
1.45667 0 0 0 0
1.46333 0 0 0 0
1.47 0 0 0 0
1.47667 0 0 0 0
1.48333 0 0 0 0
1.49 0 0 0 0
1.49667 0 0 0 0
1.50333 0 0 0 0
1.51 0 0 0 0
1.51667 0 0 0 0
1.52333 0 0 0 0
1.53 0 0 0 0
1.53667 0 0 0 0
1.54333 0 0 0 0
1.55 0 0 0 0
1.55667 0 0 0 0
1.56333 0 0 0 0
1.57 0 0 0 0
1.57667 0 0 0 0
1.58333 0 0 0 0
1.59 0 0 0 0
1.59667 0 0 0 0
1.60333 0 0 0 0
1.61 0 0 0 0
1.61667 0 0 0 0
1.62333 0 0 0 0
1.63 0 0 0 0
1.63667 0 0 0 0
1.64333 0 0 0 0
1.65 0 0 0 0
1.65667 0 0 0 0
1.66333 0 0 0 0
1.67 0 0 0 0
1.67667 0 0 0 0
1.68333 0 0 0 0
1.69 0 0 0 0
1.69667 0 0 0 0
1.70333 0 0 0 0
1.71 0 0 0 0
1.71667 0 0 0 0
1.72333 0 0 0 0
1.73 0 0 0 0
1.73667 0 0 0 0
1.74333 0 0 0 0
1.75 0 0 0 0
1.75667 0 0 0 0
1.76333 0 0 0 0
1.77 0 0 0 0
1.77667 0 0 0 0
1.78333 0 0 0 0
1.79 0 0 0 0
1.79667 0 0 0 0
1.80333 0 0 0 0
1.81 0 0 0 0
1.81667 0 0 0 0
1.82333 0 0 0 0
1.83 0 0 0 0
1.83667 0 0 0 0
1.84333 0 0 0 0
1.85 0 0 0 0
1.85667 0 0 0 0
1.86333 0 0 0 0
1.87 0 0 0 0
1.87667 0 0 0 0
1.88333 0 0 0 0
1.89 0 0 0 0
1.89667 0 0 0 0
1.90333 0 0 0 0
1.91 0 0 0 0
1.91667 0 0 0 0
1.92333 0 0 0 0
1.93 0 0 0 0
1.93667 0 0 0 0
1.94333 0 0 0 0
1.95 0 0 0 0
1.95667 0 0 0 0
1.96333 0 0 0 0
1.97 0 0 0 0
1.97667 0 0 0 0
1.98333 0 0 0 0
1.99 0 0 0 0
1.99667 0 0 0 0
