0.00333333 3 3 14 62
0.01 8 9 17 64
0.0166667 4 3 18 87
0.0233333 8 3 25 68
0.03 6 4 21 102
0.0366667 4 6 35 99
0.0433333 15 11 38 107
0.05 11 10 65 124
0.0566667 8 10 82 118
0.0633333 3 14 74 149
0.07 16 13 71 117
0.0766667 7 16 70 149
0.0833333 12 20 60 145
0.09 6 8 82 143
0.0966667 7 10 65 132
0.103333 12 17 79 162
0.11 10 7 86 164
0.116667 15 12 74 157
0.123333 15 15 72 165
0.13 16 9 55 160
0.136667 6 14 58 141
0.143333 6 6 58 136
0.15 11 8 48 162
0.156667 8 7 53 165
0.163333 11 11 39 164
0.17 12 9 37 140
0.176667 14 6 43 174
0.183333 6 7 26 211
0.19 22 8 46 286
0.196667 16 13 42 219
0.203333 20 10 44 185
0.21 20 10 37 199
0.216667 7 6 28 178
0.223333 15 7 48 153
0.23 10 10 34 156
0.236667 7 6 37 176
0.243333 12 8 42 133
0.25 9 6 28 151
0.256667 9 6 36 114
0.263333 15 6 36 118
0.27 10 7 42 151
0.276667 9 0 39 105
0.283333 10 3 29 113
0.29 9 7 39 107
0.296667 13 6 29 117
0.303333 7 6 26 84
0.31 11 8 37 102
0.316667 5 4 35 93
0.323333 7 9 33 106
0.33 4 6 22 90
0.336667 7 5 30 102
0.343333 7 7 30 102
0.35 7 12 33 98
0.356667 7 6 26 83
0.363333 11 3 25 73
0.37 12 6 27 82
0.376667 10 6 23 73
0.383333 7 8 16 100
0.39 4 3 21 85
0.396667 6 3 30 84
0.403333 10 3 36 80
0.41 9 8 16 85
0.416667 9 9 15 83
0.423333 11 4 27 85
0.43 8 4 19 73
0.436667 8 6 23 79
0.443333 11 7 13 64
0.45 5 4 21 83
0.456667 8 9 22 88
0.463333 9 3 19 92
0.47 11 3 26 78
0.476667 6 4 16 63
0.483333 3 3 18 33
0.49 4 1 31 36
0.496667 8 0 14 28
0.503333 2 5 11 16
0.51 2 5 15 28
0.516667 3 3 8 25
0.523333 3 1 13 23
0.53 2 2 10 29
0.536667 4 0 17 12
0.543333 3 5 15 15
0.55 6 2 16 18
0.556667 3 2 10 16
0.563333 4 0 7 13
0.57 7 4 10 14
0.576667 4 5 12 16
0.583333 3 2 10 13
0.59 1 2 15 8
0.596667 2 2 8 12
0.603333 2 3 15 7
0.61 4 7 18 18
0.616667 1 3 11 16
0.623333 2 3 4 12
0.63 0 5 17 15
0.636667 8 2 11 31
0.643333 4 3 13 12
0.65 4 4 13 11
0.656667 0 3 11 9
0.663333 448 114 364 4649
0.67 0 0 0 0
0.676667 0 0 0 0
0.683333 0 0 0 0
0.69 0 0 0 0
0.696667 0 0 0 0
0.703333 0 0 0 0
0.71 0 0 0 0
0.716667 0 0 0 0
0.723333 0 0 0 0
0.73 0 0 0 0
0.736667 0 0 0 0
0.743333 0 0 0 0
0.75 0 0 0 0
0.756667 0 0 0 0
0.763333 0 0 0 0
0.77 0 0 0 0
0.776667 0 0 0 0
0.783333 0 0 0 0
0.79 0 0 0 0
0.796667 0 0 0 0
0.803333 0 0 0 0
0.81 0 0 0 0
0.816667 0 0 0 0
0.823333 0 0 0 0
0.83 0 0 0 0
0.836667 0 0 0 0
0.843333 0 0 0 0
0.85 0 0 0 0
0.856667 0 0 0 0
0.863333 0 0 0 0
0.87 0 0 0 0
0.876667 0 0 0 0
0.883333 0 0 0 0
0.89 0 0 0 0
0.896667 0 0 0 0
0.903333 0 0 0 0
0.91 0 0 0 0
0.916667 0 0 0 0
0.923333 0 0 0 0
0.93 0 0 0 0
0.936667 0 0 0 0
0.943333 0 0 0 0
0.95 0 0 0 0
0.956667 0 0 0 0
0.963333 0 0 0 0
0.97 0 0 0 0
0.976667 0 0 0 0
0.983333 0 0 0 0
0.99 0 0 0 0
0.996667 0 0 0 0
1.00333 0 0 0 0
1.01 0 0 0 0
1.01667 0 0 0 0
1.02333 0 0 0 0
1.03 0 0 0 0
1.03667 0 0 0 0
1.04333 0 0 0 0
1.05 0 0 0 0
1.05667 0 0 0 0
1.06333 0 0 0 0
1.07 0 0 0 0
1.07667 0 0 0 0
1.08333 0 0 0 0
1.09 0 0 0 0
1.09667 0 0 0 0
1.10333 0 0 0 0
1.11 0 0 0 0
1.11667 0 0 0 0
1.12333 0 0 0 0
1.13 0 0 0 0
1.13667 0 0 0 0
1.14333 0 0 0 0
1.15 0 0 0 0
1.15667 0 0 0 0
1.16333 0 0 0 0
1.17 0 0 0 0
1.17667 0 0 0 0
1.18333 0 0 0 0
1.19 0 0 0 0
1.19667 0 0 0 0
1.20333 0 0 0 0
1.21 0 0 0 0
1.21667 0 0 0 0
1.22333 0 0 0 0
1.23 0 0 0 0
1.23667 0 0 0 0
1.24333 0 0 0 0
1.25 0 0 0 0
1.25667 0 0 0 0
1.26333 0 0 0 0
1.27 0 0 0 0
1.27667 0 0 0 0
1.28333 0 0 0 0
1.29 0 0 0 0
1.29667 0 0 0 0
1.30333 0 0 0 0
1.31 0 0 0 0
1.31667 0 0 0 0
1.32333 0 0 0 0
1.33 0 0 0 0
1.33667 0 0 0 0
1.34333 0 0 0 0
1.35 0 0 0 0
1.35667 0 0 0 0
1.36333 0 0 0 0
1.37 0 0 0 0
1.37667 0 0 0 0
1.38333 0 0 0 0
1.39 0 0 0 0
1.39667 0 0 0 0
1.40333 0 0 0 0
1.41 0 0 0 0
1.41667 0 0 0 0
1.42333 0 0 0 0
1.43 0 0 0 0
1.43667 0 0 0 0
1.44333 0 0 0 0
1.45 0 0 0 0
1.45667 0 0 0 0
1.46333 0 0 0 0
1.47 0 0 0 0
1.47667 0 0 0 0
1.48333 0 0 0 0
1.49 0 0 0 0
1.49667 0 0 0 0
1.50333 0 0 0 0
1.51 0 0 0 0
1.51667 0 0 0 0
1.52333 0 0 0 0
1.53 0 0 0 0
1.53667 0 0 0 0
1.54333 0 0 0 0
1.55 0 0 0 0
1.55667 0 0 0 0
1.56333 0 0 0 0
1.57 0 0 0 0
1.57667 0 0 0 0
1.58333 0 0 0 0
1.59 0 0 0 0
1.59667 0 0 0 0
1.60333 0 0 0 0
1.61 0 0 0 0
1.61667 0 0 0 0
1.62333 0 0 0 0
1.63 0 0 0 0
1.63667 0 0 0 0
1.64333 0 0 0 0
1.65 0 0 0 0
1.65667 0 0 0 0
1.66333 0 0 0 0
1.67 0 0 0 0
1.67667 0 0 0 0
1.68333 0 0 0 0
1.69 0 0 0 0
1.69667 0 0 0 0
1.70333 0 0 0 0
1.71 0 0 0 0
1.71667 0 0 0 0
1.72333 0 0 0 0
1.73 0 0 0 0
1.73667 0 0 0 0
1.74333 0 0 0 0
1.75 0 0 0 0
1.75667 0 0 0 0
1.76333 0 0 0 0
1.77 0 0 0 0
1.77667 0 0 0 0
1.78333 0 0 0 0
1.79 0 0 0 0
1.79667 0 0 0 0
1.80333 0 0 0 0
1.81 0 0 0 0
1.81667 0 0 0 0
1.82333 0 0 0 0
1.83 0 0 0 0
1.83667 0 0 0 0
1.84333 0 0 0 0
1.85 0 0 0 0
1.85667 0 0 0 0
1.86333 0 0 0 0
1.87 0 0 0 0
1.87667 0 0 0 0
1.88333 0 0 0 0
1.89 0 0 0 0
1.89667 0 0 0 0
1.90333 0 0 0 0
1.91 0 0 0 0
1.91667 0 0 0 0
1.92333 0 0 0 0
1.93 0 0 0 0
1.93667 0 0 0 0
1.94333 0 0 0 0
1.95 0 0 0 0
1.95667 0 0 0 0
1.96333 0 0 0 0
1.97 0 0 0 0
1.97667 0 0 0 0
1.98333 0 0 0 0
1.99 0 0 0 0
1.99667 0 0 0 0
