0.00333333 3 35 9 10
0.01 6 37 25 8
0.0166667 7 43 26 11
0.0233333 6 35 16 10
0.03 10 40 29 11
0.0366667 8 55 27 18
0.0433333 12 50 38 22
0.05 17 66 49 30
0.0566667 12 68 49 22
0.0633333 16 84 72 21
0.07 24 85 56 29
0.0766667 21 92 79 33
0.0833333 20 110 67 29
0.09 23 110 50 37
0.0966667 15 104 84 28
0.103333 24 97 64 38
0.11 22 115 84 32
0.116667 21 99 65 25
0.123333 17 91 53 38
0.13 20 99 59 36
0.136667 13 101 47 30
0.143333 16 100 62 23
0.15 14 87 35 22
0.156667 13 97 50 28
0.163333 12 97 50 29
0.17 12 88 40 35
0.176667 21 91 42 39
0.183333 21 107 57 31
0.19 26 135 43 31
0.196667 20 139 38 36
0.203333 18 120 49 27
0.21 13 89 36 26
0.216667 15 113 40 22
0.223333 17 85 35 23
0.23 18 72 46 27
0.236667 22 74 44 26
0.243333 21 87 29 23
0.25 15 81 26 21
0.256667 7 64 43 19
0.263333 12 66 40 23
0.27 13 77 34 19
0.276667 14 64 35 18
0.283333 9 61 25 23
0.29 10 53 29 18
0.296667 9 65 32 21
0.303333 17 62 18 16
0.31 10 59 35 16
0.316667 6 51 32 18
0.323333 6 59 27 14
0.33 15 41 28 20
0.336667 16 56 27 16
0.343333 14 52 22 18
0.35 8 55 21 22
0.356667 8 40 18 16
0.363333 12 58 20 17
0.37 10 36 27 13
0.376667 10 47 26 15
0.383333 7 51 18 19
0.39 15 52 15 16
0.396667 13 58 14 20
0.403333 10 39 15 10
0.41 13 59 14 11
0.416667 5 54 16 15
0.423333 4 42 24 11
0.43 5 61 18 11
0.436667 13 38 22 11
0.443333 9 45 16 17
0.45 12 42 22 12
0.456667 7 41 17 14
0.463333 12 39 13 15
0.47 9 50 24 18
0.476667 10 40 11 16
0.483333 6 29 18 7
0.49 7 39 14 5
0.496667 4 26 15 8
0.503333 5 28 13 7
0.51 8 16 15 8
0.516667 8 31 5 9
0.523333 7 23 9 6
0.53 10 14 12 7
0.536667 5 22 11 6
0.543333 7 18 15 11
0.55 0 18 8 7
0.556667 6 16 11 9
0.563333 5 16 12 6
0.57 7 14 12 6
0.576667 8 18 10 12
0.583333 8 10 8 9
0.59 2 16 7 4
0.596667 4 22 13 5
0.603333 2 18 6 9
0.61 5 19 14 11
0.616667 4 14 13 5
0.623333 7 10 12 8
0.63 3 17 9 13
0.636667 3 25 9 5
0.643333 7 16 12 6
0.65 8 13 8 8
0.656667 4 14 7 4
0.663333 264 1771 370 415
0.67 0 0 0 0
0.676667 0 0 0 0
0.683333 0 0 0 0
0.69 0 0 0 0
0.696667 0 0 0 0
0.703333 0 0 0 0
0.71 0 0 0 0
0.716667 0 0 0 0
0.723333 0 0 0 0
0.73 0 0 0 0
0.736667 0 0 0 0
0.743333 0 0 0 0
0.75 0 0 0 0
0.756667 0 0 0 0
0.763333 0 0 0 0
0.77 0 0 0 0
0.776667 0 0 0 0
0.783333 0 0 0 0
0.79 0 0 0 0
0.796667 0 0 0 0
0.803333 0 0 0 0
0.81 0 0 0 0
0.816667 0 0 0 0
0.823333 0 0 0 0
0.83 0 0 0 0
0.836667 0 0 0 0
0.843333 0 0 0 0
0.85 0 0 0 0
0.856667 0 0 0 0
0.863333 0 0 0 0
0.87 0 0 0 0
0.876667 0 0 0 0
0.883333 0 0 0 0
0.89 0 0 0 0
0.896667 0 0 0 0
0.903333 0 0 0 0
0.91 0 0 0 0
0.916667 0 0 0 0
0.923333 0 0 0 0
0.93 0 0 0 0
0.936667 0 0 0 0
0.943333 0 0 0 0
0.95 0 0 0 0
0.956667 0 0 0 0
0.963333 0 0 0 0
0.97 0 0 0 0
0.976667 0 0 0 0
0.983333 0 0 0 0
0.99 0 0 0 0
0.996667 0 0 0 0
1.00333 0 0 0 0
1.01 0 0 0 0
1.01667 0 0 0 0
1.02333 0 0 0 0
1.03 0 0 0 0
1.03667 0 0 0 0
1.04333 0 0 0 0
1.05 0 0 0 0
1.05667 0 0 0 0
1.06333 0 0 0 0
1.07 0 0 0 0
1.07667 0 0 0 0
1.08333 0 0 0 0
1.09 0 0 0 0
1.09667 0 0 0 0
1.10333 0 0 0 0
1.11 0 0 0 0
1.11667 0 0 0 0
1.12333 0 0 0 0
1.13 0 0 0 0
1.13667 0 0 0 0
1.14333 0 0 0 0
1.15 0 0 0 0
1.15667 0 0 0 0
1.16333 0 0 0 0
1.17 0 0 0 0
1.17667 0 0 0 0
1.18333 0 0 0 0
1.19 0 0 0 0
1.19667 0 0 0 0
1.20333 0 0 0 0
1.21 0 0 0 0
1.21667 0 0 0 0
1.22333 0 0 0 0
1.23 0 0 0 0
1.23667 0 0 0 0
1.24333 0 0 0 0
1.25 0 0 0 0
1.25667 0 0 0 0
1.26333 0 0 0 0
1.27 0 0 0 0
1.27667 0 0 0 0
1.28333 0 0 0 0
1.29 0 0 0 0
1.29667 0 0 0 0
1.30333 0 0 0 0
1.31 0 0 0 0
1.31667 0 0 0 0
1.32333 0 0 0 0
1.33 0 0 0 0
1.33667 0 0 0 0
1.34333 0 0 0 0
1.35 0 0 0 0
1.35667 0 0 0 0
1.36333 0 0 0 0
1.37 0 0 0 0
1.37667 0 0 0 0
1.38333 0 0 0 0
1.39 0 0 0 0
1.39667 0 0 0 0
1.40333 0 0 0 0
1.41 0 0 0 0
1.41667 0 0 0 0
1.42333 0 0 0 0
1.43 0 0 0 0
1.43667 0 0 0 0
1.44333 0 0 0 0
1.45 0 0 0 0
1.45667 0 0 0 0
1.46333 0 0 0 0
1.47 0 0 0 0
1.47667 0 0 0 0
1.48333 0 0 0 0
1.49 0 0 0 0
1.49667 0 0 0 0
1.50333 0 0 0 0
1.51 0 0 0 0
1.51667 0 0 0 0
1.52333 0 0 0 0
1.53 0 0 0 0
1.53667 0 0 0 0
1.54333 0 0 0 0
1.55 0 0 0 0
1.55667 0 0 0 0
1.56333 0 0 0 0
1.57 0 0 0 0
1.57667 0 0 0 0
1.58333 0 0 0 0
1.59 0 0 0 0
1.59667 0 0 0 0
1.60333 0 0 0 0
1.61 0 0 0 0
1.61667 0 0 0 0
1.62333 0 0 0 0
1.63 0 0 0 0
1.63667 0 0 0 0
1.64333 0 0 0 0
1.65 0 0 0 0
1.65667 0 0 0 0
1.66333 0 0 0 0
1.67 0 0 0 0
1.67667 0 0 0 0
1.68333 0 0 0 0
1.69 0 0 0 0
1.69667 0 0 0 0
1.70333 0 0 0 0
1.71 0 0 0 0
1.71667 0 0 0 0
1.72333 0 0 0 0
1.73 0 0 0 0
1.73667 0 0 0 0
1.74333 0 0 0 0
1.75 0 0 0 0
1.75667 0 0 0 0
1.76333 0 0 0 0
1.77 0 0 0 0
1.77667 0 0 0 0
1.78333 0 0 0 0
1.79 0 0 0 0
1.79667 0 0 0 0
1.80333 0 0 0 0
1.81 0 0 0 0
1.81667 0 0 0 0
1.82333 0 0 0 0
1.83 0 0 0 0
1.83667 0 0 0 0
1.84333 0 0 0 0
1.85 0 0 0 0
1.85667 0 0 0 0
1.86333 0 0 0 0
1.87 0 0 0 0
1.87667 0 0 0 0
1.88333 0 0 0 0
1.89 0 0 0 0
1.89667 0 0 0 0
1.90333 0 0 0 0
1.91 0 0 0 0
1.91667 0 0 0 0
1.92333 0 0 0 0
1.93 0 0 0 0
1.93667 0 0 0 0
1.94333 0 0 0 0
1.95 0 0 0 0
1.95667 0 0 0 0
1.96333 0 0 0 0
1.97 0 0 0 0
1.97667 0 0 0 0
1.98333 0 0 0 0
1.99 0 0 0 0
1.99667 0 0 0 0
