0.00333333 9 44 16 0
0.01 14 46 13 1
0.0166667 18 55 17 2
0.0233333 13 55 12 3
0.03 17 54 19 0
0.0366667 28 82 26 2
0.0433333 29 107 24 4
0.05 41 132 24 7
0.0566667 61 152 36 2
0.0633333 48 192 45 8
0.07 48 191 47 6
0.0766667 51 184 48 9
0.0833333 52 153 47 5
0.09 45 180 49 8
0.0966667 64 185 50 10
0.103333 48 162 51 6
0.11 62 152 34 9
0.116667 53 183 68 9
0.123333 45 175 47 1
0.13 34 169 46 2
0.136667 31 168 59 7
0.143333 42 155 51 4
0.15 44 141 39 3
0.156667 29 121 47 5
0.163333 32 121 57 6
0.17 34 132 40 1
0.176667 34 143 51 1
0.183333 29 129 40 9
0.19 23 141 53 3
0.196667 35 146 46 5
0.203333 21 102 40 3
0.21 28 117 39 7
0.216667 23 126 46 4
0.223333 24 115 37 6
0.23 30 108 33 0
0.236667 28 94 40 7
0.243333 32 88 35 2
0.25 20 104 33 7
0.256667 21 98 31 4
0.263333 26 98 34 1
0.27 12 89 15 11
0.276667 19 85 33 9
0.283333 19 75 23 2
0.29 17 86 28 2
0.296667 23 91 20 4
0.303333 12 80 25 4
0.31 14 72 21 0
0.316667 18 69 20 1
0.323333 22 69 25 2
0.33 12 61 25 3
0.336667 18 67 20 1
0.343333 16 61 17 1
0.35 18 67 16 5
0.356667 16 54 21 2
0.363333 22 59 22 3
0.37 16 71 21 3
0.376667 15 55 19 1
0.383333 12 52 17 2
0.39 10 64 19 1
0.396667 25 53 17 3
0.403333 11 42 20 1
0.41 11 40 20 1
0.416667 11 44 18 1
0.423333 17 56 19 0
0.43 12 40 21 2
0.436667 11 56 21 2
0.443333 8 46 19 1
0.45 12 49 18 0
0.456667 12 55 19 4
0.463333 14 52 8 2
0.47 13 40 12 2
0.476667 9 45 8 0
0.483333 5 23 11 1
0.49 11 39 12 0
0.496667 4 27 8 1
0.503333 12 24 14 1
0.51 11 30 12 0
0.516667 8 28 6 3
0.523333 13 22 9 1
0.53 13 20 13 0
0.536667 11 27 14 2
0.543333 8 26 8 3
0.55 9 29 14 1
0.556667 9 22 9 3
0.563333 11 25 5 2
0.57 8 24 10 2
0.576667 11 28 13 2
0.583333 8 23 9 4
0.59 6 27 11 2
0.596667 8 23 13 1
0.603333 4 20 13 0
0.61 7 28 7 2
0.616667 4 22 10 0
0.623333 6 19 9 1
0.63 3 26 10 2
0.636667 8 28 6 0
0.643333 6 22 8 0
0.65 5 21 7 2
0.656667 10 21 11 0
0.663333 241 1151 519 20
0.67 0 0 0 0
0.676667 0 0 0 0
0.683333 0 0 0 0
0.69 0 0 0 0
0.696667 0 0 0 0
0.703333 0 0 0 0
0.71 0 0 0 0
0.716667 0 0 0 0
0.723333 0 0 0 0
0.73 0 0 0 0
0.736667 0 0 0 0
0.743333 0 0 0 0
0.75 0 0 0 0
0.756667 0 0 0 0
0.763333 0 0 0 0
0.77 0 0 0 0
0.776667 0 0 0 0
0.783333 0 0 0 0
0.79 0 0 0 0
0.796667 0 0 0 0
0.803333 0 0 0 0
0.81 0 0 0 0
0.816667 0 0 0 0
0.823333 0 0 0 0
0.83 0 0 0 0
0.836667 0 0 0 0
0.843333 0 0 0 0
0.85 0 0 0 0
0.856667 0 0 0 0
0.863333 0 0 0 0
0.87 0 0 0 0
0.876667 0 0 0 0
0.883333 0 0 0 0
0.89 0 0 0 0
0.896667 0 0 0 0
0.903333 0 0 0 0
0.91 0 0 0 0
0.916667 0 0 0 0
0.923333 0 0 0 0
0.93 0 0 0 0
0.936667 0 0 0 0
0.943333 0 0 0 0
0.95 0 0 0 0
0.956667 0 0 0 0
0.963333 0 0 0 0
0.97 0 0 0 0
0.976667 0 0 0 0
0.983333 0 0 0 0
0.99 0 0 0 0
0.996667 0 0 0 0
1.00333 0 0 0 0
1.01 0 0 0 0
1.01667 0 0 0 0
1.02333 0 0 0 0
1.03 0 0 0 0
1.03667 0 0 0 0
1.04333 0 0 0 0
1.05 0 0 0 0
1.05667 0 0 0 0
1.06333 0 0 0 0
1.07 0 0 0 0
1.07667 0 0 0 0
1.08333 0 0 0 0
1.09 0 0 0 0
1.09667 0 0 0 0
1.10333 0 0 0 0
1.11 0 0 0 0
1.11667 0 0 0 0
1.12333 0 0 0 0
1.13 0 0 0 0
1.13667 0 0 0 0
1.14333 0 0 0 0
1.15 0 0 0 0
1.15667 0 0 0 0
1.16333 0 0 0 0
1.17 0 0 0 0
1.17667 0 0 0 0
1.18333 0 0 0 0
1.19 0 0 0 0
1.19667 0 0 0 0
1.20333 0 0 0 0
1.21 0 0 0 0
1.21667 0 0 0 0
1.22333 0 0 0 0
1.23 0 0 0 0
1.23667 0 0 0 0
1.24333 0 0 0 0
1.25 0 0 0 0
1.25667 0 0 0 0
1.26333 0 0 0 0
1.27 0 0 0 0
1.27667 0 0 0 0
1.28333 0 0 0 0
1.29 0 0 0 0
1.29667 0 0 0 0
1.30333 0 0 0 0
1.31 0 0 0 0
1.31667 0 0 0 0
1.32333 0 0 0 0
1.33 0 0 0 0
1.33667 0 0 0 0
1.34333 0 0 0 0
1.35 0 0 0 0
1.35667 0 0 0 0
1.36333 0 0 0 0
1.37 0 0 0 0
1.37667 0 0 0 0
1.38333 0 0 0 0
1.39 0 0 0 0
1.39667 0 0 0 0
1.40333 0 0 0 0
1.41 0 0 0 0
1.41667 0 0 0 0
1.42333 0 0 0 0
1.43 0 0 0 0
1.43667 0 0 0 0
1.44333 0 0 0 0
1.45 0 0 0 0
1.45667 0 0 0 0
1.46333 0 0 0 0
1.47 0 0 0 0
1.47667 0 0 0 0
1.48333 0 0 0 0
1.49 0 0 0 0
1.49667 0 0 0 0
1.50333 0 0 0 0
1.51 0 0 0 0
1.51667 0 0 0 0
1.52333 0 0 0 0
1.53 0 0 0 0
1.53667 0 0 0 0
1.54333 0 0 0 0
1.55 0 0 0 0
1.55667 0 0 0 0
1.56333 0 0 0 0
1.57 0 0 0 0
1.57667 0 0 0 0
1.58333 0 0 0 0
1.59 0 0 0 0
1.59667 0 0 0 0
1.60333 0 0 0 0
1.61 0 0 0 0
1.61667 0 0 0 0
1.62333 0 0 0 0
1.63 0 0 0 0
1.63667 0 0 0 0
1.64333 0 0 0 0
1.65 0 0 0 0
1.65667 0 0 0 0
1.66333 0 0 0 0
1.67 0 0 0 0
1.67667 0 0 0 0
1.68333 0 0 0 0
1.69 0 0 0 0
1.69667 0 0 0 0
1.70333 0 0 0 0
1.71 0 0 0 0
1.71667 0 0 0 0
1.72333 0 0 0 0
1.73 0 0 0 0
1.73667 0 0 0 0
1.74333 0 0 0 0
1.75 0 0 0 0
1.75667 0 0 0 0
1.76333 0 0 0 0
1.77 0 0 0 0
1.77667 0 0 0 0
1.78333 0 0 0 0
1.79 0 0 0 0
1.79667 0 0 0 0
1.80333 0 0 0 0
1.81 0 0 0 0
1.81667 0 0 0 0
1.82333 0 0 0 0
1.83 0 0 0 0
1.83667 0 0 0 0
1.84333 0 0 0 0
1.85 0 0 0 0
1.85667 0 0 0 0
1.86333 0 0 0 0
1.87 0 0 0 0
1.87667 0 0 0 0
1.88333 0 0 0 0
1.89 0 0 0 0
1.89667 0 0 0 0
1.90333 0 0 0 0
1.91 0 0 0 0
1.91667 0 0 0 0
1.92333 0 0 0 0
1.93 0 0 0 0
1.93667 0 0 0 0
1.94333 0 0 0 0
1.95 0 0 0 0
1.95667 0 0 0 0
1.96333 0 0 0 0
1.97 0 0 0 0
1.97667 0 0 0 0
1.98333 0 0 0 0
1.99 0 0 0 0
1.99667 0 0 0 0
