0.00333333 37 54 4 2
0.01 42 55 9 3
0.0166667 47 69 6 3
0.0233333 42 54 3 3
0.03 55 94 7 5
0.0366667 40 90 8 5
0.0433333 82 126 15 5
0.05 103 142 16 9
0.0566667 119 210 29 9
0.0633333 131 217 24 4
0.07 132 206 27 6
0.0766667 133 216 25 4
0.0833333 117 238 15 16
0.09 133 229 25 9
0.0966667 147 229 25 8
0.103333 143 234 24 9
0.11 125 240 21 9
0.116667 132 211 28 11
0.123333 117 250 26 5
0.13 124 229 22 15
0.136667 130 198 20 6
0.143333 106 198 20 5
0.15 114 208 20 14
0.156667 139 174 16 2
0.163333 108 176 18 12
0.17 124 159 14 10
0.176667 131 160 12 8
0.183333 125 171 12 10
0.19 116 188 8 6
0.196667 106 153 8 9
0.203333 98 159 14 6
0.21 106 152 14 10
0.216667 89 171 9 10
0.223333 102 119 24 14
0.23 72 140 4 4
0.236667 91 129 17 4
0.243333 72 128 9 4
0.25 79 130 14 8
0.256667 59 108 8 9
0.263333 68 110 11 6
0.27 75 115 7 6
0.276667 82 115 9 5
0.283333 47 82 13 3
0.29 42 118 11 4
0.296667 65 67 5 1
0.303333 54 88 9 6
0.31 67 85 8 4
0.316667 56 82 9 7
0.323333 63 80 8 5
0.33 47 80 9 3
0.336667 53 63 12 4
0.343333 41 89 5 4
0.35 49 75 5 3
0.356667 47 69 6 5
0.363333 56 77 6 4
0.37 42 66 8 1
0.376667 50 61 14 8
0.383333 53 66 2 5
0.39 45 60 6 3
0.396667 40 53 1 4
0.403333 38 76 15 1
0.41 38 61 7 2
0.416667 40 62 4 8
0.423333 31 60 7 5
0.43 44 52 4 1
0.436667 39 61 7 3
0.443333 41 58 10 4
0.45 37 55 7 5
0.456667 35 51 11 2
0.463333 39 64 6 7
0.47 34 63 7 1
0.476667 35 53 4 3
0.483333 26 36 5 1
0.49 21 33 8 1
0.496667 31 37 7 1
0.503333 33 39 4 4
0.51 20 44 2 2
0.516667 19 42 1 3
0.523333 21 29 5 1
0.53 30 33 5 4
0.536667 20 20 4 2
0.543333 23 28 4 2
0.55 15 27 3 2
0.556667 14 31 2 1
0.563333 23 32 2 4
0.57 13 36 6 7
0.576667 14 24 2 1
0.583333 15 25 5 2
0.59 12 20 6 5
0.596667 21 23 2 1
0.603333 16 20 2 4
0.61 15 23 5 3
0.616667 15 35 4 3
0.623333 25 25 2 2
0.63 19 31 1 1
0.636667 21 27 4 1
0.643333 13 25 2 1
0.65 16 24 3 4
0.656667 12 20 7 6
0.663333 1251 1677 94 71
0.67 0 0 0 0
0.676667 0 0 0 0
0.683333 0 0 0 0
0.69 0 0 0 0
0.696667 0 0 0 0
0.703333 0 0 0 0
0.71 0 0 0 0
0.716667 0 0 0 0
0.723333 0 0 0 0
0.73 0 0 0 0
0.736667 0 0 0 0
0.743333 0 0 0 0
0.75 0 0 0 0
0.756667 0 0 0 0
0.763333 0 0 0 0
0.77 0 0 0 0
0.776667 0 0 0 0
0.783333 0 0 0 0
0.79 0 0 0 0
0.796667 0 0 0 0
0.803333 0 0 0 0
0.81 0 0 0 0
0.816667 0 0 0 0
0.823333 0 0 0 0
0.83 0 0 0 0
0.836667 0 0 0 0
0.843333 0 0 0 0
0.85 0 0 0 0
0.856667 0 0 0 0
0.863333 0 0 0 0
0.87 0 0 0 0
0.876667 0 0 0 0
0.883333 0 0 0 0
0.89 0 0 0 0
0.896667 0 0 0 0
0.903333 0 0 0 0
0.91 0 0 0 0
0.916667 0 0 0 0
0.923333 0 0 0 0
0.93 0 0 0 0
0.936667 0 0 0 0
0.943333 0 0 0 0
0.95 0 0 0 0
0.956667 0 0 0 0
0.963333 0 0 0 0
0.97 0 0 0 0
0.976667 0 0 0 0
0.983333 0 0 0 0
0.99 0 0 0 0
0.996667 0 0 0 0
1.00333 0 0 0 0
1.01 0 0 0 0
1.01667 0 0 0 0
1.02333 0 0 0 0
1.03 0 0 0 0
1.03667 0 0 0 0
1.04333 0 0 0 0
1.05 0 0 0 0
1.05667 0 0 0 0
1.06333 0 0 0 0
1.07 0 0 0 0
1.07667 0 0 0 0
1.08333 0 0 0 0
1.09 0 0 0 0
1.09667 0 0 0 0
1.10333 0 0 0 0
1.11 0 0 0 0
1.11667 0 0 0 0
1.12333 0 0 0 0
1.13 0 0 0 0
1.13667 0 0 0 0
1.14333 0 0 0 0
1.15 0 0 0 0
1.15667 0 0 0 0
1.16333 0 0 0 0
1.17 0 0 0 0
1.17667 0 0 0 0
1.18333 0 0 0 0
1.19 0 0 0 0
1.19667 0 0 0 0
1.20333 0 0 0 0
1.21 0 0 0 0
1.21667 0 0 0 0
1.22333 0 0 0 0
1.23 0 0 0 0
1.23667 0 0 0 0
1.24333 0 0 0 0
1.25 0 0 0 0
1.25667 0 0 0 0
1.26333 0 0 0 0
1.27 0 0 0 0
1.27667 0 0 0 0
1.28333 0 0 0 0
1.29 0 0 0 0
1.29667 0 0 0 0
1.30333 0 0 0 0
1.31 0 0 0 0
1.31667 0 0 0 0
1.32333 0 0 0 0
1.33 0 0 0 0
1.33667 0 0 0 0
1.34333 0 0 0 0
1.35 0 0 0 0
1.35667 0 0 0 0
1.36333 0 0 0 0
1.37 0 0 0 0
1.37667 0 0 0 0
1.38333 0 0 0 0
1.39 0 0 0 0
1.39667 0 0 0 0
1.40333 0 0 0 0
1.41 0 0 0 0
1.41667 0 0 0 0
1.42333 0 0 0 0
1.43 0 0 0 0
1.43667 0 0 0 0
1.44333 0 0 0 0
1.45 0 0 0 0
1.45667 0 0 0 0
1.46333 0 0 0 0
1.47 0 0 0 0
1.47667 0 0 0 0
1.48333 0 0 0 0
1.49 0 0 0 0
1.49667 0 0 0 0
1.50333 0 0 0 0
1.51 0 0 0 0
1.51667 0 0 0 0
1.52333 0 0 0 0
1.53 0 0 0 0
1.53667 0 0 0 0
1.54333 0 0 0 0
1.55 0 0 0 0
1.55667 0 0 0 0
1.56333 0 0 0 0
1.57 0 0 0 0
1.57667 0 0 0 0
1.58333 0 0 0 0
1.59 0 0 0 0
1.59667 0 0 0 0
1.60333 0 0 0 0
1.61 0 0 0 0
1.61667 0 0 0 0
1.62333 0 0 0 0
1.63 0 0 0 0
1.63667 0 0 0 0
1.64333 0 0 0 0
1.65 0 0 0 0
1.65667 0 0 0 0
1.66333 0 0 0 0
1.67 0 0 0 0
1.67667 0 0 0 0
1.68333 0 0 0 0
1.69 0 0 0 0
1.69667 0 0 0 0
1.70333 0 0 0 0
1.71 0 0 0 0
1.71667 0 0 0 0
1.72333 0 0 0 0
1.73 0 0 0 0
1.73667 0 0 0 0
1.74333 0 0 0 0
1.75 0 0 0 0
1.75667 0 0 0 0
1.76333 0 0 0 0
1.77 0 0 0 0
1.77667 0 0 0 0
1.78333 0 0 0 0
1.79 0 0 0 0
1.79667 0 0 0 0
1.80333 0 0 0 0
1.81 0 0 0 0
1.81667 0 0 0 0
1.82333 0 0 0 0
1.83 0 0 0 0
1.83667 0 0 0 0
1.84333 0 0 0 0
1.85 0 0 0 0
1.85667 0 0 0 0
1.86333 0 0 0 0
1.87 0 0 0 0
1.87667 0 0 0 0
1.88333 0 0 0 0
1.89 0 0 0 0
1.89667 0 0 0 0
1.90333 0 0 0 0
1.91 0 0 0 0
1.91667 0 0 0 0
1.92333 0 0 0 0
1.93 0 0 0 0
1.93667 0 0 0 0
1.94333 0 0 0 0
1.95 0 0 0 0
1.95667 0 0 0 0
1.96333 0 0 0 0
1.97 0 0 0 0
1.97667 0 0 0 0
1.98333 0 0 0 0
1.99 0 0 0 0
1.99667 0 0 0 0
