0.00333333 0 12 47 15
0.01 2 18 65 16
0.0166667 3 19 71 12
0.0233333 3 20 93 14
0.03 7 16 72 26
0.0366667 4 19 114 25
0.0433333 4 31 147 37
0.05 7 30 184 49
0.0566667 13 43 200 61
0.0633333 9 50 241 55
0.07 5 50 246 67
0.0766667 17 55 267 69
0.0833333 14 53 290 70
0.09 6 46 249 63
0.0966667 6 49 267 64
0.103333 7 62 268 77
0.11 11 51 268 62
0.116667 14 57 277 69
0.123333 10 53 251 62
0.13 11 40 270 44
0.136667 6 39 250 52
0.143333 6 55 207 58
0.15 6 45 222 43
0.156667 4 42 217 53
0.163333 4 58 222 42
0.17 9 46 189 47
0.176667 8 41 200 54
0.183333 9 45 177 48
0.19 5 41 216 47
0.196667 10 50 234 41
0.203333 4 41 205 43
0.21 8 47 199 39
0.216667 8 40 169 26
0.223333 5 25 181 30
0.23 7 30 177 32
0.236667 2 42 140 32
0.243333 3 35 128 26
0.25 6 28 150 31
0.256667 7 26 123 25
0.263333 2 38 124 23
0.27 3 24 110 39
0.276667 6 28 115 29
0.283333 5 25 104 29
0.29 0 28 112 20
0.296667 7 14 107 30
0.303333 2 16 107 22
0.31 2 26 101 17
0.316667 8 16 78 19
0.323333 4 22 101 21
0.33 4 20 84 17
0.336667 3 21 73 22
0.343333 5 20 82 24
0.35 7 23 90 17
0.356667 4 20 92 19
0.363333 4 13 67 26
0.37 7 22 90 21
0.376667 3 23 91 15
0.383333 5 16 86 14
0.39 2 23 80 16
0.396667 1 17 92 17
0.403333 1 18 59 22
0.41 3 13 76 15
0.416667 4 20 80 17
0.423333 1 17 77 16
0.43 3 24 65 16
0.436667 0 15 76 15
0.443333 8 21 74 17
0.45 6 21 78 16
0.456667 4 23 63 19
0.463333 2 20 60 12
0.47 5 20 71 20
0.476667 0 18 63 18
0.483333 3 8 45 21
0.49 2 12 40 9
0.496667 4 10 41 11
0.503333 3 10 49 19
0.51 0 14 42 4
0.516667 3 11 48 10
0.523333 2 11 45 17
0.53 4 10 40 12
0.536667 0 7 31 6
0.543333 3 7 42 9
0.55 0 13 43 13
0.556667 2 8 38 12
0.563333 2 15 34 10
0.57 3 6 35 14
0.576667 4 13 37 11
0.583333 2 11 30 12
0.59 2 9 30 11
0.596667 0 12 32 14
0.603333 6 10 25 8
0.61 0 6 33 12
0.616667 0 8 33 5
0.623333 1 13 22 8
0.63 2 5 21 6
0.636667 1 10 38 9
0.643333 2 5 28 8
0.65 3 9 28 9
0.656667 2 4 23 3
0.663333 52 363 2088 311
0.67 0 0 0 0
0.676667 0 0 0 0
0.683333 0 0 0 0
0.69 0 0 0 0
0.696667 0 0 0 0
0.703333 0 0 0 0
0.71 0 0 0 0
0.716667 0 0 0 0
0.723333 0 0 0 0
0.73 0 0 0 0
0.736667 0 0 0 0
0.743333 0 0 0 0
0.75 0 0 0 0
0.756667 0 0 0 0
0.763333 0 0 0 0
0.77 0 0 0 0
0.776667 0 0 0 0
0.783333 0 0 0 0
0.79 0 0 0 0
0.796667 0 0 0 0
0.803333 0 0 0 0
0.81 0 0 0 0
0.816667 0 0 0 0
0.823333 0 0 0 0
0.83 0 0 0 0
0.836667 0 0 0 0
0.843333 0 0 0 0
0.85 0 0 0 0
0.856667 0 0 0 0
0.863333 0 0 0 0
0.87 0 0 0 0
0.876667 0 0 0 0
0.883333 0 0 0 0
0.89 0 0 0 0
0.896667 0 0 0 0
0.903333 0 0 0 0
0.91 0 0 0 0
0.916667 0 0 0 0
0.923333 0 0 0 0
0.93 0 0 0 0
0.936667 0 0 0 0
0.943333 0 0 0 0
0.95 0 0 0 0
0.956667 0 0 0 0
0.963333 0 0 0 0
0.97 0 0 0 0
0.976667 0 0 0 0
0.983333 0 0 0 0
0.99 0 0 0 0
0.996667 0 0 0 0
1.00333 0 0 0 0
1.01 0 0 0 0
1.01667 0 0 0 0
1.02333 0 0 0 0
1.03 0 0 0 0
1.03667 0 0 0 0
1.04333 0 0 0 0
1.05 0 0 0 0
1.05667 0 0 0 0
1.06333 0 0 0 0
1.07 0 0 0 0
1.07667 0 0 0 0
1.08333 0 0 0 0
1.09 0 0 0 0
1.09667 0 0 0 0
1.10333 0 0 0 0
1.11 0 0 0 0
1.11667 0 0 0 0
1.12333 0 0 0 0
1.13 0 0 0 0
1.13667 0 0 0 0
1.14333 0 0 0 0
1.15 0 0 0 0
1.15667 0 0 0 0
1.16333 0 0 0 0
1.17 0 0 0 0
1.17667 0 0 0 0
1.18333 0 0 0 0
1.19 0 0 0 0
1.19667 0 0 0 0
1.20333 0 0 0 0
1.21 0 0 0 0
1.21667 0 0 0 0
1.22333 0 0 0 0
1.23 0 0 0 0
1.23667 0 0 0 0
1.24333 0 0 0 0
1.25 0 0 0 0
1.25667 0 0 0 0
1.26333 0 0 0 0
1.27 0 0 0 0
1.27667 0 0 0 0
1.28333 0 0 0 0
1.29 0 0 0 0
1.29667 0 0 0 0
1.30333 0 0 0 0
1.31 0 0 0 0
1.31667 0 0 0 0
1.32333 0 0 0 0
1.33 0 0 0 0
1.33667 0 0 0 0
1.34333 0 0 0 0
1.35 0 0 0 0
1.35667 0 0 0 0
1.36333 0 0 0 0
1.37 0 0 0 0
1.37667 0 0 0 0
1.38333 0 0 0 0
1.39 0 0 0 0
1.39667 0 0 0 0
1.40333 0 0 0 0
1.41 0 0 0 0
1.41667 0 0 0 0
1.42333 0 0 0 0
1.43 0 0 0 0
1.43667 0 0 0 0
1.44333 0 0 0 0
1.45 0 0 0 0
1.45667 0 0 0 0
1.46333 0 0 0 0
1.47 0 0 0 0
1.47667 0 0 0 0
1.48333 0 0 0 0
1.49 0 0 0 0
1.49667 0 0 0 0
1.50333 0 0 0 0
1.51 0 0 0 0
1.51667 0 0 0 0
1.52333 0 0 0 0
1.53 0 0 0 0
1.53667 0 0 0 0
1.54333 0 0 0 0
1.55 0 0 0 0
1.55667 0 0 0 0
1.56333 0 0 0 0
1.57 0 0 0 0
1.57667 0 0 0 0
1.58333 0 0 0 0
1.59 0 0 0 0
1.59667 0 0 0 0
1.60333 0 0 0 0
1.61 0 0 0 0
1.61667 0 0 0 0
1.62333 0 0 0 0
1.63 0 0 0 0
1.63667 0 0 0 0
1.64333 0 0 0 0
1.65 0 0 0 0
1.65667 0 0 0 0
1.66333 0 0 0 0
1.67 0 0 0 0
1.67667 0 0 0 0
1.68333 0 0 0 0
1.69 0 0 0 0
1.69667 0 0 0 0
1.70333 0 0 0 0
1.71 0 0 0 0
1.71667 0 0 0 0
1.72333 0 0 0 0
1.73 0 0 0 0
1.73667 0 0 0 0
1.74333 0 0 0 0
1.75 0 0 0 0
1.75667 0 0 0 0
1.76333 0 0 0 0
1.77 0 0 0 0
1.77667 0 0 0 0
1.78333 0 0 0 0
1.79 0 0 0 0
1.79667 0 0 0 0
1.80333 0 0 0 0
1.81 0 0 0 0
1.81667 0 0 0 0
1.82333 0 0 0 0
1.83 0 0 0 0
1.83667 0 0 0 0
1.84333 0 0 0 0
1.85 0 0 0 0
1.85667 0 0 0 0
1.86333 0 0 0 0
1.87 0 0 0 0
1.87667 0 0 0 0
1.88333 0 0 0 0
1.89 0 0 0 0
1.89667 0 0 0 0
1.90333 0 0 0 0
1.91 0 0 0 0
1.91667 0 0 0 0
1.92333 0 0 0 0
1.93 0 0 0 0
1.93667 0 0 0 0
1.94333 0 0 0 0
1.95 0 0 0 0
1.95667 0 0 0 0
1.96333 0 0 0 0
1.97 0 0 0 0
1.97667 0 0 0 0
1.98333 0 0 0 0
1.99 0 0 0 0
1.99667 0 0 0 0
