0.00333333 0 23 60 6
0.01 4 22 52 10
0.0166667 4 26 58 6
0.0233333 5 43 65 10
0.03 8 30 69 6
0.0366667 12 44 89 9
0.0433333 9 43 84 15
0.05 20 55 99 11
0.0566667 12 69 137 17
0.0633333 17 81 149 20
0.07 15 93 165 16
0.0766667 21 85 156 29
0.0833333 23 74 174 23
0.09 18 109 180 26
0.0966667 15 85 157 25
0.103333 20 86 173 18
0.11 18 79 164 19
0.116667 9 86 163 24
0.123333 22 88 172 15
0.13 16 88 178 17
0.136667 17 63 163 21
0.143333 12 65 164 18
0.15 10 67 166 5
0.156667 7 50 134 13
0.163333 7 65 153 8
0.17 12 61 132 11
0.176667 14 41 147 17
0.183333 13 64 144 16
0.19 16 53 170 12
0.196667 11 68 151 10
0.203333 9 54 147 13
0.21 12 46 133 7
0.216667 4 58 147 12
0.223333 15 46 130 14
0.23 10 51 111 11
0.236667 9 38 119 13
0.243333 6 56 106 9
0.25 10 42 104 11
0.256667 9 43 91 5
0.263333 11 39 90 9
0.27 9 39 88 13
0.276667 5 31 117 11
0.283333 3 30 90 11
0.29 7 36 84 9
0.296667 10 41 64 14
0.303333 7 34 75 5
0.31 7 42 74 10
0.316667 4 32 79 7
0.323333 2 36 87 6
0.33 6 36 77 0
0.336667 6 34 65 9
0.343333 3 21 69 10
0.35 2 28 72 5
0.356667 6 25 56 8
0.363333 4 30 70 4
0.37 4 37 52 8
0.376667 5 25 70 7
0.383333 8 34 65 8
0.39 6 23 56 3
0.396667 6 22 48 6
0.403333 10 19 64 3
0.41 5 22 65 1
0.416667 4 25 68 5
0.423333 6 18 65 6
0.43 4 22 53 3
0.436667 2 21 63 8
0.443333 4 18 57 5
0.45 3 17 37 7
0.456667 3 15 57 5
0.463333 3 27 47 3
0.47 6 20 46 4
0.476667 6 8 50 8
0.483333 5 13 35 4
0.49 1 10 29 6
0.496667 1 13 41 5
0.503333 3 19 35 2
0.51 4 13 41 2
0.516667 1 16 18 3
0.523333 7 16 28 3
0.53 1 12 23 6
0.536667 1 15 26 5
0.543333 5 7 26 2
0.55 0 14 27 0
0.556667 3 13 19 1
0.563333 5 7 32 6
0.57 4 15 28 6
0.576667 4 15 24 3
0.583333 1 21 30 2
0.59 3 14 20 2
0.596667 2 20 39 5
0.603333 2 6 21 2
0.61 2 11 18 2
0.616667 2 9 22 6
0.623333 0 9 20 1
0.63 4 6 23 0
0.636667 1 10 22 2
0.643333 1 16 23 5
0.65 3 12 25 3
0.656667 0 9 20 3
0.663333 66 458 1951 85
0.67 0 0 0 0
0.676667 0 0 0 0
0.683333 0 0 0 0
0.69 0 0 0 0
0.696667 0 0 0 0
0.703333 0 0 0 0
0.71 0 0 0 0
0.716667 0 0 0 0
0.723333 0 0 0 0
0.73 0 0 0 0
0.736667 0 0 0 0
0.743333 0 0 0 0
0.75 0 0 0 0
0.756667 0 0 0 0
0.763333 0 0 0 0
0.77 0 0 0 0
0.776667 0 0 0 0
0.783333 0 0 0 0
0.79 0 0 0 0
0.796667 0 0 0 0
0.803333 0 0 0 0
0.81 0 0 0 0
0.816667 0 0 0 0
0.823333 0 0 0 0
0.83 0 0 0 0
0.836667 0 0 0 0
0.843333 0 0 0 0
0.85 0 0 0 0
0.856667 0 0 0 0
0.863333 0 0 0 0
0.87 0 0 0 0
0.876667 0 0 0 0
0.883333 0 0 0 0
0.89 0 0 0 0
0.896667 0 0 0 0
0.903333 0 0 0 0
0.91 0 0 0 0
0.916667 0 0 0 0
0.923333 0 0 0 0
0.93 0 0 0 0
0.936667 0 0 0 0
0.943333 0 0 0 0
0.95 0 0 0 0
0.956667 0 0 0 0
0.963333 0 0 0 0
0.97 0 0 0 0
0.976667 0 0 0 0
0.983333 0 0 0 0
0.99 0 0 0 0
0.996667 0 0 0 0
1.00333 0 0 0 0
1.01 0 0 0 0
1.01667 0 0 0 0
1.02333 0 0 0 0
1.03 0 0 0 0
1.03667 0 0 0 0
1.04333 0 0 0 0
1.05 0 0 0 0
1.05667 0 0 0 0
1.06333 0 0 0 0
1.07 0 0 0 0
1.07667 0 0 0 0
1.08333 0 0 0 0
1.09 0 0 0 0
1.09667 0 0 0 0
1.10333 0 0 0 0
1.11 0 0 0 0
1.11667 0 0 0 0
1.12333 0 0 0 0
1.13 0 0 0 0
1.13667 0 0 0 0
1.14333 0 0 0 0
1.15 0 0 0 0
1.15667 0 0 0 0
1.16333 0 0 0 0
1.17 0 0 0 0
1.17667 0 0 0 0
1.18333 0 0 0 0
1.19 0 0 0 0
1.19667 0 0 0 0
1.20333 0 0 0 0
1.21 0 0 0 0
1.21667 0 0 0 0
1.22333 0 0 0 0
1.23 0 0 0 0
1.23667 0 0 0 0
1.24333 0 0 0 0
1.25 0 0 0 0
1.25667 0 0 0 0
1.26333 0 0 0 0
1.27 0 0 0 0
1.27667 0 0 0 0
1.28333 0 0 0 0
1.29 0 0 0 0
1.29667 0 0 0 0
1.30333 0 0 0 0
1.31 0 0 0 0
1.31667 0 0 0 0
1.32333 0 0 0 0
1.33 0 0 0 0
1.33667 0 0 0 0
1.34333 0 0 0 0
1.35 0 0 0 0
1.35667 0 0 0 0
1.36333 0 0 0 0
1.37 0 0 0 0
1.37667 0 0 0 0
1.38333 0 0 0 0
1.39 0 0 0 0
1.39667 0 0 0 0
1.40333 0 0 0 0
1.41 0 0 0 0
1.41667 0 0 0 0
1.42333 0 0 0 0
1.43 0 0 0 0
1.43667 0 0 0 0
1.44333 0 0 0 0
1.45 0 0 0 0
1.45667 0 0 0 0
1.46333 0 0 0 0
1.47 0 0 0 0
1.47667 0 0 0 0
1.48333 0 0 0 0
1.49 0 0 0 0
1.49667 0 0 0 0
1.50333 0 0 0 0
1.51 0 0 0 0
1.51667 0 0 0 0
1.52333 0 0 0 0
1.53 0 0 0 0
1.53667 0 0 0 0
1.54333 0 0 0 0
1.55 0 0 0 0
1.55667 0 0 0 0
1.56333 0 0 0 0
1.57 0 0 0 0
1.57667 0 0 0 0
1.58333 0 0 0 0
1.59 0 0 0 0
1.59667 0 0 0 0
1.60333 0 0 0 0
1.61 0 0 0 0
1.61667 0 0 0 0
1.62333 0 0 0 0
1.63 0 0 0 0
1.63667 0 0 0 0
1.64333 0 0 0 0
1.65 0 0 0 0
1.65667 0 0 0 0
1.66333 0 0 0 0
1.67 0 0 0 0
1.67667 0 0 0 0
1.68333 0 0 0 0
1.69 0 0 0 0
1.69667 0 0 0 0
1.70333 0 0 0 0
1.71 0 0 0 0
1.71667 0 0 0 0
1.72333 0 0 0 0
1.73 0 0 0 0
1.73667 0 0 0 0
1.74333 0 0 0 0
1.75 0 0 0 0
1.75667 0 0 0 0
1.76333 0 0 0 0
1.77 0 0 0 0
1.77667 0 0 0 0
1.78333 0 0 0 0
1.79 0 0 0 0
1.79667 0 0 0 0
1.80333 0 0 0 0
1.81 0 0 0 0
1.81667 0 0 0 0
1.82333 0 0 0 0
1.83 0 0 0 0
1.83667 0 0 0 0
1.84333 0 0 0 0
1.85 0 0 0 0
1.85667 0 0 0 0
1.86333 0 0 0 0
1.87 0 0 0 0
1.87667 0 0 0 0
1.88333 0 0 0 0
1.89 0 0 0 0
1.89667 0 0 0 0
1.90333 0 0 0 0
1.91 0 0 0 0
1.91667 0 0 0 0
1.92333 0 0 0 0
1.93 0 0 0 0
1.93667 0 0 0 0
1.94333 0 0 0 0
1.95 0 0 0 0
1.95667 0 0 0 0
1.96333 0 0 0 0
1.97 0 0 0 0
1.97667 0 0 0 0
1.98333 0 0 0 0
1.99 0 0 0 0
1.99667 0 0 0 0
