0.00333333 18 31 4 0
0.01 30 43 8 0
0.0166667 26 40 5 1
0.0233333 39 43 5 0
0.03 38 41 7 2
0.0366667 38 58 8 0
0.0433333 57 80 12 0
0.05 97 117 5 3
0.0566667 119 131 14 0
0.0633333 122 129 11 2
0.07 119 146 26 0
0.0766667 116 152 18 3
0.0833333 128 169 14 1
0.09 114 169 12 1
0.0966667 110 152 17 2
0.103333 106 166 12 1
0.11 126 140 8 1
0.116667 125 170 23 2
0.123333 102 159 18 2
0.13 93 135 20 4
0.136667 105 115 15 1
0.143333 79 99 16 1
0.15 91 119 13 3
0.156667 60 107 15 1
0.163333 92 111 18 1
0.17 88 121 9 0
0.176667 80 107 15 0
0.183333 87 112 12 1
0.19 84 114 16 0
0.196667 98 103 18 1
0.203333 80 111 14 1
0.21 76 97 11 0
0.216667 63 82 13 2
0.223333 62 100 11 2
0.23 68 79 17 1
0.236667 54 88 14 2
0.243333 51 77 10 2
0.25 57 83 11 0
0.256667 45 79 7 1
0.263333 52 77 16 0
0.27 55 79 16 2
0.276667 56 59 12 3
0.283333 58 68 13 3
0.29 52 62 6 0
0.296667 44 64 9 0
0.303333 45 53 7 3
0.31 48 55 9 1
0.316667 34 56 7 0
0.323333 41 50 12 0
0.33 44 61 7 1
0.336667 47 51 7 1
0.343333 49 48 8 1
0.35 29 41 7 2
0.356667 51 62 8 0
0.363333 36 50 6 2
0.37 39 56 7 1
0.376667 42 59 6 2
0.383333 33 49 5 1
0.39 33 50 3 1
0.396667 29 50 4 4
0.403333 36 61 9 0
0.41 45 49 7 1
0.416667 25 34 15 0
0.423333 26 47 4 1
0.43 32 41 9 0
0.436667 30 36 7 2
0.443333 25 33 7 0
0.45 30 32 7 0
0.456667 28 42 10 1
0.463333 37 53 6 0
0.47 26 42 5 1
0.476667 24 28 5 0
0.483333 26 31 5 1
0.49 16 26 4 0
0.496667 23 26 3 2
0.503333 21 26 9 0
0.51 25 33 6 1
0.516667 20 13 4 1
0.523333 19 19 4 0
0.53 19 23 5 0
0.536667 17 30 7 0
0.543333 16 17 4 0
0.55 13 19 3 0
0.556667 18 28 2 0
0.563333 19 27 2 0
0.57 18 29 3 0
0.576667 11 24 6 0
0.583333 19 18 0 0
0.59 11 24 9 2
0.596667 18 17 3 1
0.603333 15 29 2 0
0.61 9 17 4 0
0.616667 15 21 7 1
0.623333 20 23 4 0
0.63 20 17 5 1
0.636667 10 19 2 0
0.643333 11 21 2 0
0.65 13 20 2 2
0.656667 15 23 3 0
0.663333 619 951 174 3
0.67 0 0 0 0
0.676667 0 0 0 0
0.683333 0 0 0 0
0.69 0 0 0 0
0.696667 0 0 0 0
0.703333 0 0 0 0
0.71 0 0 0 0
0.716667 0 0 0 0
0.723333 0 0 0 0
0.73 0 0 0 0
0.736667 0 0 0 0
0.743333 0 0 0 0
0.75 0 0 0 0
0.756667 0 0 0 0
0.763333 0 0 0 0
0.77 0 0 0 0
0.776667 0 0 0 0
0.783333 0 0 0 0
0.79 0 0 0 0
0.796667 0 0 0 0
0.803333 0 0 0 0
0.81 0 0 0 0
0.816667 0 0 0 0
0.823333 0 0 0 0
0.83 0 0 0 0
0.836667 0 0 0 0
0.843333 0 0 0 0
0.85 0 0 0 0
0.856667 0 0 0 0
0.863333 0 0 0 0
0.87 0 0 0 0
0.876667 0 0 0 0
0.883333 0 0 0 0
0.89 0 0 0 0
0.896667 0 0 0 0
0.903333 0 0 0 0
0.91 0 0 0 0
0.916667 0 0 0 0
0.923333 0 0 0 0
0.93 0 0 0 0
0.936667 0 0 0 0
0.943333 0 0 0 0
0.95 0 0 0 0
0.956667 0 0 0 0
0.963333 0 0 0 0
0.97 0 0 0 0
0.976667 0 0 0 0
0.983333 0 0 0 0
0.99 0 0 0 0
0.996667 0 0 0 0
1.00333 0 0 0 0
1.01 0 0 0 0
1.01667 0 0 0 0
1.02333 0 0 0 0
1.03 0 0 0 0
1.03667 0 0 0 0
1.04333 0 0 0 0
1.05 0 0 0 0
1.05667 0 0 0 0
1.06333 0 0 0 0
1.07 0 0 0 0
1.07667 0 0 0 0
1.08333 0 0 0 0
1.09 0 0 0 0
1.09667 0 0 0 0
1.10333 0 0 0 0
1.11 0 0 0 0
1.11667 0 0 0 0
1.12333 0 0 0 0
1.13 0 0 0 0
1.13667 0 0 0 0
1.14333 0 0 0 0
1.15 0 0 0 0
1.15667 0 0 0 0
1.16333 0 0 0 0
1.17 0 0 0 0
1.17667 0 0 0 0
1.18333 0 0 0 0
1.19 0 0 0 0
1.19667 0 0 0 0
1.20333 0 0 0 0
1.21 0 0 0 0
1.21667 0 0 0 0
1.22333 0 0 0 0
1.23 0 0 0 0
1.23667 0 0 0 0
1.24333 0 0 0 0
1.25 0 0 0 0
1.25667 0 0 0 0
1.26333 0 0 0 0
1.27 0 0 0 0
1.27667 0 0 0 0
1.28333 0 0 0 0
1.29 0 0 0 0
1.29667 0 0 0 0
1.30333 0 0 0 0
1.31 0 0 0 0
1.31667 0 0 0 0
1.32333 0 0 0 0
1.33 0 0 0 0
1.33667 0 0 0 0
1.34333 0 0 0 0
1.35 0 0 0 0
1.35667 0 0 0 0
1.36333 0 0 0 0
1.37 0 0 0 0
1.37667 0 0 0 0
1.38333 0 0 0 0
1.39 0 0 0 0
1.39667 0 0 0 0
1.40333 0 0 0 0
1.41 0 0 0 0
1.41667 0 0 0 0
1.42333 0 0 0 0
1.43 0 0 0 0
1.43667 0 0 0 0
1.44333 0 0 0 0
1.45 0 0 0 0
1.45667 0 0 0 0
1.46333 0 0 0 0
1.47 0 0 0 0
1.47667 0 0 0 0
1.48333 0 0 0 0
1.49 0 0 0 0
1.49667 0 0 0 0
1.50333 0 0 0 0
1.51 0 0 0 0
1.51667 0 0 0 0
1.52333 0 0 0 0
1.53 0 0 0 0
1.53667 0 0 0 0
1.54333 0 0 0 0
1.55 0 0 0 0
1.55667 0 0 0 0
1.56333 0 0 0 0
1.57 0 0 0 0
1.57667 0 0 0 0
1.58333 0 0 0 0
1.59 0 0 0 0
1.59667 0 0 0 0
1.60333 0 0 0 0
1.61 0 0 0 0
1.61667 0 0 0 0
1.62333 0 0 0 0
1.63 0 0 0 0
1.63667 0 0 0 0
1.64333 0 0 0 0
1.65 0 0 0 0
1.65667 0 0 0 0
1.66333 0 0 0 0
1.67 0 0 0 0
1.67667 0 0 0 0
1.68333 0 0 0 0
1.69 0 0 0 0
1.69667 0 0 0 0
1.70333 0 0 0 0
1.71 0 0 0 0
1.71667 0 0 0 0
1.72333 0 0 0 0
1.73 0 0 0 0
1.73667 0 0 0 0
1.74333 0 0 0 0
1.75 0 0 0 0
1.75667 0 0 0 0
1.76333 0 0 0 0
1.77 0 0 0 0
1.77667 0 0 0 0
1.78333 0 0 0 0
1.79 0 0 0 0
1.79667 0 0 0 0
1.80333 0 0 0 0
1.81 0 0 0 0
1.81667 0 0 0 0
1.82333 0 0 0 0
1.83 0 0 0 0
1.83667 0 0 0 0
1.84333 0 0 0 0
1.85 0 0 0 0
1.85667 0 0 0 0
1.86333 0 0 0 0
1.87 0 0 0 0
1.87667 0 0 0 0
1.88333 0 0 0 0
1.89 0 0 0 0
1.89667 0 0 0 0
1.90333 0 0 0 0
1.91 0 0 0 0
1.91667 0 0 0 0
1.92333 0 0 0 0
1.93 0 0 0 0
1.93667 0 0 0 0
1.94333 0 0 0 0
1.95 0 0 0 0
1.95667 0 0 0 0
1.96333 0 0 0 0
1.97 0 0 0 0
1.97667 0 0 0 0
1.98333 0 0 0 0
1.99 0 0 0 0
1.99667 0 0 0 0
