0.00333333 1 4 103 19
0.01 2 6 130 21
0.0166667 1 2 139 30
0.0233333 1 4 134 38
0.03 0 4 151 29
0.0366667 0 6 154 29
0.0433333 0 5 206 52
0.05 5 14 258 65
0.0566667 6 6 291 75
0.0633333 1 13 347 87
0.07 0 17 326 89
0.0766667 2 6 329 83
0.0833333 4 12 390 89
0.09 6 15 362 86
0.0966667 2 11 346 79
0.103333 2 18 350 83
0.11 5 17 362 92
0.116667 2 15 392 77
0.123333 1 15 403 79
0.13 3 10 395 81
0.136667 6 7 398 60
0.143333 6 11 403 73
0.15 5 15 364 62
0.156667 2 13 385 64
0.163333 2 9 360 74
0.17 1 11 330 52
0.176667 4 10 350 57
0.183333 4 8 382 57
0.19 4 14 438 61
0.196667 2 11 415 52
0.203333 3 14 370 55
0.21 1 12 404 46
0.216667 3 6 342 57
0.223333 1 11 337 59
0.23 0 10 308 44
0.236667 1 3 307 46
0.243333 2 6 274 36
0.25 3 6 262 51
0.256667 0 5 250 38
0.263333 0 7 230 36
0.27 2 8 212 39
0.276667 1 7 225 40
0.283333 2 4 213 39
0.29 1 7 201 43
0.296667 1 7 207 36
0.303333 3 7 201 39
0.31 4 5 178 36
0.316667 1 5 157 26
0.323333 0 9 161 34
0.33 0 8 172 41
0.336667 2 4 150 37
0.343333 3 3 162 27
0.35 1 5 162 36
0.356667 2 4 148 20
0.363333 1 3 138 23
0.37 0 6 156 24
0.376667 1 3 140 19
0.383333 0 2 123 23
0.39 3 4 119 34
0.396667 1 3 133 26
0.403333 3 3 134 26
0.41 3 3 137 31
0.416667 1 1 137 26
0.423333 0 5 162 15
0.43 1 2 137 28
0.436667 0 2 141 25
0.443333 3 5 115 19
0.45 1 1 136 31
0.456667 0 8 146 26
0.463333 0 4 134 26
0.47 1 5 129 26
0.476667 0 10 114 22
0.483333 0 3 68 10
0.49 1 2 78 13
0.496667 0 2 64 20
0.503333 1 4 68 19
0.51 1 4 66 16
0.516667 1 7 58 12
0.523333 0 2 49 15
0.53 0 1 64 15
0.536667 1 3 57 15
0.543333 0 1 54 11
0.55 1 2 56 6
0.556667 0 2 39 9
0.563333 0 2 61 13
0.57 1 1 46 15
0.576667 3 5 38 5
0.583333 1 4 42 13
0.59 2 5 44 6
0.596667 2 1 50 9
0.603333 0 2 51 10
0.61 1 2 48 12
0.616667 0 6 38 12
0.623333 0 5 52 6
0.63 1 2 49 11
0.636667 0 2 69 10
0.643333 1 5 43 6
0.65 1 2 51 15
0.656667 0 5 39 10
0.663333 7 57 5662 393
0.67 0 0 0 0
0.676667 0 0 0 0
0.683333 0 0 0 0
0.69 0 0 0 0
0.696667 0 0 0 0
0.703333 0 0 0 0
0.71 0 0 0 0
0.716667 0 0 0 0
0.723333 0 0 0 0
0.73 0 0 0 0
0.736667 0 0 0 0
0.743333 0 0 0 0
0.75 0 0 0 0
0.756667 0 0 0 0
0.763333 0 0 0 0
0.77 0 0 0 0
0.776667 0 0 0 0
0.783333 0 0 0 0
0.79 0 0 0 0
0.796667 0 0 0 0
0.803333 0 0 0 0
0.81 0 0 0 0
0.816667 0 0 0 0
0.823333 0 0 0 0
0.83 0 0 0 0
0.836667 0 0 0 0
0.843333 0 0 0 0
0.85 0 0 0 0
0.856667 0 0 0 0
0.863333 0 0 0 0
0.87 0 0 0 0
0.876667 0 0 0 0
0.883333 0 0 0 0
0.89 0 0 0 0
0.896667 0 0 0 0
0.903333 0 0 0 0
0.91 0 0 0 0
0.916667 0 0 0 0
0.923333 0 0 0 0
0.93 0 0 0 0
0.936667 0 0 0 0
0.943333 0 0 0 0
0.95 0 0 0 0
0.956667 0 0 0 0
0.963333 0 0 0 0
0.97 0 0 0 0
0.976667 0 0 0 0
0.983333 0 0 0 0
0.99 0 0 0 0
0.996667 0 0 0 0
1.00333 0 0 0 0
1.01 0 0 0 0
1.01667 0 0 0 0
1.02333 0 0 0 0
1.03 0 0 0 0
1.03667 0 0 0 0
1.04333 0 0 0 0
1.05 0 0 0 0
1.05667 0 0 0 0
1.06333 0 0 0 0
1.07 0 0 0 0
1.07667 0 0 0 0
1.08333 0 0 0 0
1.09 0 0 0 0
1.09667 0 0 0 0
1.10333 0 0 0 0
1.11 0 0 0 0
1.11667 0 0 0 0
1.12333 0 0 0 0
1.13 0 0 0 0
1.13667 0 0 0 0
1.14333 0 0 0 0
1.15 0 0 0 0
1.15667 0 0 0 0
1.16333 0 0 0 0
1.17 0 0 0 0
1.17667 0 0 0 0
1.18333 0 0 0 0
1.19 0 0 0 0
1.19667 0 0 0 0
1.20333 0 0 0 0
1.21 0 0 0 0
1.21667 0 0 0 0
1.22333 0 0 0 0
1.23 0 0 0 0
1.23667 0 0 0 0
1.24333 0 0 0 0
1.25 0 0 0 0
1.25667 0 0 0 0
1.26333 0 0 0 0
1.27 0 0 0 0
1.27667 0 0 0 0
1.28333 0 0 0 0
1.29 0 0 0 0
1.29667 0 0 0 0
1.30333 0 0 0 0
1.31 0 0 0 0
1.31667 0 0 0 0
1.32333 0 0 0 0
1.33 0 0 0 0
1.33667 0 0 0 0
1.34333 0 0 0 0
1.35 0 0 0 0
1.35667 0 0 0 0
1.36333 0 0 0 0
1.37 0 0 0 0
1.37667 0 0 0 0
1.38333 0 0 0 0
1.39 0 0 0 0
1.39667 0 0 0 0
1.40333 0 0 0 0
1.41 0 0 0 0
1.41667 0 0 0 0
1.42333 0 0 0 0
1.43 0 0 0 0
1.43667 0 0 0 0
1.44333 0 0 0 0
1.45 0 0 0 0
1.45667 0 0 0 0
1.46333 0 0 0 0
1.47 0 0 0 0
1.47667 0 0 0 0
1.48333 0 0 0 0
1.49 0 0 0 0
1.49667 0 0 0 0
1.50333 0 0 0 0
1.51 0 0 0 0
1.51667 0 0 0 0
1.52333 0 0 0 0
1.53 0 0 0 0
1.53667 0 0 0 0
1.54333 0 0 0 0
1.55 0 0 0 0
1.55667 0 0 0 0
1.56333 0 0 0 0
1.57 0 0 0 0
1.57667 0 0 0 0
1.58333 0 0 0 0
1.59 0 0 0 0
1.59667 0 0 0 0
1.60333 0 0 0 0
1.61 0 0 0 0
1.61667 0 0 0 0
1.62333 0 0 0 0
1.63 0 0 0 0
1.63667 0 0 0 0
1.64333 0 0 0 0
1.65 0 0 0 0
1.65667 0 0 0 0
1.66333 0 0 0 0
1.67 0 0 0 0
1.67667 0 0 0 0
1.68333 0 0 0 0
1.69 0 0 0 0
1.69667 0 0 0 0
1.70333 0 0 0 0
1.71 0 0 0 0
1.71667 0 0 0 0
1.72333 0 0 0 0
1.73 0 0 0 0
1.73667 0 0 0 0
1.74333 0 0 0 0
1.75 0 0 0 0
1.75667 0 0 0 0
1.76333 0 0 0 0
1.77 0 0 0 0
1.77667 0 0 0 0
1.78333 0 0 0 0
1.79 0 0 0 0
1.79667 0 0 0 0
1.80333 0 0 0 0
1.81 0 0 0 0
1.81667 0 0 0 0
1.82333 0 0 0 0
1.83 0 0 0 0
1.83667 0 0 0 0
1.84333 0 0 0 0
1.85 0 0 0 0
1.85667 0 0 0 0
1.86333 0 0 0 0
1.87 0 0 0 0
1.87667 0 0 0 0
1.88333 0 0 0 0
1.89 0 0 0 0
1.89667 0 0 0 0
1.90333 0 0 0 0
1.91 0 0 0 0
1.91667 0 0 0 0
1.92333 0 0 0 0
1.93 0 0 0 0
1.93667 0 0 0 0
1.94333 0 0 0 0
1.95 0 0 0 0
1.95667 0 0 0 0
1.96333 0 0 0 0
1.97 0 0 0 0
1.97667 0 0 0 0
1.98333 0 0 0 0
1.99 0 0 0 0
1.99667 0 0 0 0
