0.00333333 4 1 13 104
0.01 4 2 17 99
0.0166667 3 6 24 125
0.0233333 7 2 23 137
0.03 2 4 24 128
0.0366667 6 1 28 154
0.0433333 11 2 43 160
0.05 9 8 43 180
0.0566667 6 7 55 195
0.0633333 5 11 71 194
0.07 10 9 70 204
0.0766667 10 9 69 246
0.0833333 10 14 65 260
0.09 5 5 65 206
0.0966667 10 4 61 212
0.103333 10 8 69 228
0.11 7 6 78 226
0.116667 13 7 53 228
0.123333 12 7 58 239
0.13 12 6 49 253
0.136667 12 11 51 257
0.143333 5 7 61 271
0.15 10 7 48 270
0.156667 7 6 58 264
0.163333 6 7 43 249
0.17 6 9 41 228
0.176667 10 7 30 245
0.183333 6 5 41 378
0.19 17 8 45 492
0.196667 17 11 33 383
0.203333 10 7 43 389
0.21 11 7 32 341
0.216667 7 3 35 300
0.223333 12 8 26 324
0.23 5 6 30 241
0.236667 7 3 36 270
0.243333 7 5 35 219
0.25 7 5 21 241
0.256667 9 2 35 174
0.263333 10 7 29 199
0.27 8 4 29 197
0.276667 10 2 35 195
0.283333 7 4 24 176
0.29 4 6 23 174
0.296667 10 4 30 174
0.303333 6 4 22 148
0.31 8 7 32 163
0.316667 7 0 25 181
0.323333 5 8 35 147
0.33 4 8 18 135
0.336667 7 4 22 134
0.343333 4 7 30 148
0.35 8 6 34 146
0.356667 3 6 22 145
0.363333 9 2 35 141
0.37 6 4 28 141
0.376667 13 3 21 110
0.383333 7 1 20 136
0.39 6 5 18 130
0.396667 8 1 26 131
0.403333 4 4 15 136
0.41 6 4 22 138
0.416667 8 5 15 141
0.423333 8 4 21 140
0.43 3 3 16 127
0.436667 9 8 14 141
0.443333 6 4 15 128
0.45 9 6 23 125
0.456667 6 5 21 132
0.463333 8 1 18 140
0.47 8 2 22 137
0.476667 5 3 15 116
0.483333 2 5 11 48
0.49 3 0 21 43
0.496667 3 1 11 42
0.503333 2 2 14 35
0.51 1 1 11 27
0.516667 3 3 14 41
0.523333 2 1 8 33
0.53 4 2 12 31
0.536667 2 0 9 25
0.543333 2 5 9 28
0.55 4 2 17 21
0.556667 4 3 7 22
0.563333 1 1 13 31
0.57 3 3 4 26
0.576667 5 2 10 25
0.583333 0 0 7 24
0.59 1 1 10 27
0.596667 2 3 8 16
0.603333 2 2 12 17
0.61 4 5 6 23
0.616667 1 1 11 23
0.623333 3 4 4 23
0.63 0 2 16 24
0.636667 7 1 7 43
0.643333 3 3 9 21
0.65 2 6 10 19
0.656667 0 3 7 20
0.663333 396 70 311 8187
0.67 0 0 0 0
0.676667 0 0 0 0
0.683333 0 0 0 0
0.69 0 0 0 0
0.696667 0 0 0 0
0.703333 0 0 0 0
0.71 0 0 0 0
0.716667 0 0 0 0
0.723333 0 0 0 0
0.73 0 0 0 0
0.736667 0 0 0 0
0.743333 0 0 0 0
0.75 0 0 0 0
0.756667 0 0 0 0
0.763333 0 0 0 0
0.77 0 0 0 0
0.776667 0 0 0 0
0.783333 0 0 0 0
0.79 0 0 0 0
0.796667 0 0 0 0
0.803333 0 0 0 0
0.81 0 0 0 0
0.816667 0 0 0 0
0.823333 0 0 0 0
0.83 0 0 0 0
0.836667 0 0 0 0
0.843333 0 0 0 0
0.85 0 0 0 0
0.856667 0 0 0 0
0.863333 0 0 0 0
0.87 0 0 0 0
0.876667 0 0 0 0
0.883333 0 0 0 0
0.89 0 0 0 0
0.896667 0 0 0 0
0.903333 0 0 0 0
0.91 0 0 0 0
0.916667 0 0 0 0
0.923333 0 0 0 0
0.93 0 0 0 0
0.936667 0 0 0 0
0.943333 0 0 0 0
0.95 0 0 0 0
0.956667 0 0 0 0
0.963333 0 0 0 0
0.97 0 0 0 0
0.976667 0 0 0 0
0.983333 0 0 0 0
0.99 0 0 0 0
0.996667 0 0 0 0
1.00333 0 0 0 0
1.01 0 0 0 0
1.01667 0 0 0 0
1.02333 0 0 0 0
1.03 0 0 0 0
1.03667 0 0 0 0
1.04333 0 0 0 0
1.05 0 0 0 0
1.05667 0 0 0 0
1.06333 0 0 0 0
1.07 0 0 0 0
1.07667 0 0 0 0
1.08333 0 0 0 0
1.09 0 0 0 0
1.09667 0 0 0 0
1.10333 0 0 0 0
1.11 0 0 0 0
1.11667 0 0 0 0
1.12333 0 0 0 0
1.13 0 0 0 0
1.13667 0 0 0 0
1.14333 0 0 0 0
1.15 0 0 0 0
1.15667 0 0 0 0
1.16333 0 0 0 0
1.17 0 0 0 0
1.17667 0 0 0 0
1.18333 0 0 0 0
1.19 0 0 0 0
1.19667 0 0 0 0
1.20333 0 0 0 0
1.21 0 0 0 0
1.21667 0 0 0 0
1.22333 0 0 0 0
1.23 0 0 0 0
1.23667 0 0 0 0
1.24333 0 0 0 0
1.25 0 0 0 0
1.25667 0 0 0 0
1.26333 0 0 0 0
1.27 0 0 0 0
1.27667 0 0 0 0
1.28333 0 0 0 0
1.29 0 0 0 0
1.29667 0 0 0 0
1.30333 0 0 0 0
1.31 0 0 0 0
1.31667 0 0 0 0
1.32333 0 0 0 0
1.33 0 0 0 0
1.33667 0 0 0 0
1.34333 0 0 0 0
1.35 0 0 0 0
1.35667 0 0 0 0
1.36333 0 0 0 0
1.37 0 0 0 0
1.37667 0 0 0 0
1.38333 0 0 0 0
1.39 0 0 0 0
1.39667 0 0 0 0
1.40333 0 0 0 0
1.41 0 0 0 0
1.41667 0 0 0 0
1.42333 0 0 0 0
1.43 0 0 0 0
1.43667 0 0 0 0
1.44333 0 0 0 0
1.45 0 0 0 0
1.45667 0 0 0 0
1.46333 0 0 0 0
1.47 0 0 0 0
1.47667 0 0 0 0
1.48333 0 0 0 0
1.49 0 0 0 0
1.49667 0 0 0 0
1.50333 0 0 0 0
1.51 0 0 0 0
1.51667 0 0 0 0
1.52333 0 0 0 0
1.53 0 0 0 0
1.53667 0 0 0 0
1.54333 0 0 0 0
1.55 0 0 0 0
1.55667 0 0 0 0
1.56333 0 0 0 0
1.57 0 0 0 0
1.57667 0 0 0 0
1.58333 0 0 0 0
1.59 0 0 0 0
1.59667 0 0 0 0
1.60333 0 0 0 0
1.61 0 0 0 0
1.61667 0 0 0 0
1.62333 0 0 0 0
1.63 0 0 0 0
1.63667 0 0 0 0
1.64333 0 0 0 0
1.65 0 0 0 0
1.65667 0 0 0 0
1.66333 0 0 0 0
1.67 0 0 0 0
1.67667 0 0 0 0
1.68333 0 0 0 0
1.69 0 0 0 0
1.69667 0 0 0 0
1.70333 0 0 0 0
1.71 0 0 0 0
1.71667 0 0 0 0
1.72333 0 0 0 0
1.73 0 0 0 0
1.73667 0 0 0 0
1.74333 0 0 0 0
1.75 0 0 0 0
1.75667 0 0 0 0
1.76333 0 0 0 0
1.77 0 0 0 0
1.77667 0 0 0 0
1.78333 0 0 0 0
1.79 0 0 0 0
1.79667 0 0 0 0
1.80333 0 0 0 0
1.81 0 0 0 0
1.81667 0 0 0 0
1.82333 0 0 0 0
1.83 0 0 0 0
1.83667 0 0 0 0
1.84333 0 0 0 0
1.85 0 0 0 0
1.85667 0 0 0 0
1.86333 0 0 0 0
1.87 0 0 0 0
1.87667 0 0 0 0
1.88333 0 0 0 0
1.89 0 0 0 0
1.89667 0 0 0 0
1.90333 0 0 0 0
1.91 0 0 0 0
1.91667 0 0 0 0
1.92333 0 0 0 0
1.93 0 0 0 0
1.93667 0 0 0 0
1.94333 0 0 0 0
1.95 0 0 0 0
1.95667 0 0 0 0
1.96333 0 0 0 0
1.97 0 0 0 0
1.97667 0 0 0 0
1.98333 0 0 0 0
1.99 0 0 0 0
1.99667 0 0 0 0
