0.00333333 107 45 1 0
0.01 149 49 1 2
0.0166667 141 47 0 0
0.0233333 131 38 0 1
0.03 167 49 1 0
0.0366667 177 61 3 0
0.0433333 204 89 3 0
0.05 255 95 4 3
0.0566667 255 99 2 2
0.0633333 330 102 6 6
0.07 290 130 2 0
0.0766667 338 137 2 2
0.0833333 375 142 2 4
0.09 368 141 10 2
0.0966667 358 147 2 3
0.103333 398 121 2 2
0.11 372 119 5 4
0.116667 373 124 4 3
0.123333 386 111 4 5
0.13 409 126 6 4
0.136667 380 97 3 3
0.143333 379 132 3 2
0.15 366 98 2 1
0.156667 372 103 8 0
0.163333 364 87 1 2
0.17 348 107 5 3
0.176667 347 110 2 5
0.183333 409 96 1 2
0.19 453 106 3 3
0.196667 455 108 1 2
0.203333 400 104 3 3
0.21 377 95 1 1
0.216667 368 105 2 4
0.223333 329 93 5 4
0.23 343 68 2 3
0.236667 312 112 1 1
0.243333 267 78 3 3
0.25 303 94 5 4
0.256667 279 83 0 1
0.263333 229 66 3 5
0.27 255 71 0 2
0.276667 224 75 1 2
0.283333 224 67 0 2
0.29 202 61 0 3
0.296667 224 62 1 1
0.303333 237 47 2 0
0.31 189 68 2 1
0.316667 165 57 2 2
0.323333 212 61 1 4
0.33 185 74 3 3
0.336667 189 61 4 1
0.343333 162 57 2 1
0.35 159 47 2 2
0.356667 173 51 0 2
0.363333 144 37 1 1
0.37 165 36 2 0
0.376667 150 45 3 2
0.383333 135 51 3 0
0.39 162 44 3 0
0.396667 147 39 2 0
0.403333 160 48 3 0
0.41 133 56 2 1
0.416667 138 48 1 0
0.423333 122 34 2 1
0.43 131 37 1 1
0.436667 144 43 1 2
0.443333 155 39 1 3
0.45 151 36 1 1
0.456667 158 46 1 2
0.463333 147 40 0 1
0.47 127 44 0 2
0.476667 118 41 2 2
0.483333 81 25 1 2
0.49 87 17 3 3
0.496667 72 18 1 0
0.503333 63 23 4 2
0.51 64 21 2 0
0.516667 70 25 1 2
0.523333 62 24 4 1
0.53 56 23 0 2
0.536667 45 22 1 1
0.543333 65 21 1 0
0.55 53 25 1 1
0.556667 65 17 1 0
0.563333 55 15 0 0
0.57 68 25 1 1
0.576667 53 22 2 5
0.583333 62 24 0 1
0.59 63 29 0 0
0.596667 55 20 0 2
0.603333 52 20 2 0
0.61 48 21 1 0
0.616667 59 20 2 2
0.623333 43 17 0 2
0.63 62 31 1 1
0.636667 58 24 2 1
0.643333 41 22 1 0
0.65 52 26 1 1
0.656667 55 18 3 2
0.663333 6204 1207 17 43
0.67 0 0 0 0
0.676667 0 0 0 0
0.683333 0 0 0 0
0.69 0 0 0 0
0.696667 0 0 0 0
0.703333 0 0 0 0
0.71 0 0 0 0
0.716667 0 0 0 0
0.723333 0 0 0 0
0.73 0 0 0 0
0.736667 0 0 0 0
0.743333 0 0 0 0
0.75 0 0 0 0
0.756667 0 0 0 0
0.763333 0 0 0 0
0.77 0 0 0 0
0.776667 0 0 0 0
0.783333 0 0 0 0
0.79 0 0 0 0
0.796667 0 0 0 0
0.803333 0 0 0 0
0.81 0 0 0 0
0.816667 0 0 0 0
0.823333 0 0 0 0
0.83 0 0 0 0
0.836667 0 0 0 0
0.843333 0 0 0 0
0.85 0 0 0 0
0.856667 0 0 0 0
0.863333 0 0 0 0
0.87 0 0 0 0
0.876667 0 0 0 0
0.883333 0 0 0 0
0.89 0 0 0 0
0.896667 0 0 0 0
0.903333 0 0 0 0
0.91 0 0 0 0
0.916667 0 0 0 0
0.923333 0 0 0 0
0.93 0 0 0 0
0.936667 0 0 0 0
0.943333 0 0 0 0
0.95 0 0 0 0
0.956667 0 0 0 0
0.963333 0 0 0 0
0.97 0 0 0 0
0.976667 0 0 0 0
0.983333 0 0 0 0
0.99 0 0 0 0
0.996667 0 0 0 0
1.00333 0 0 0 0
1.01 0 0 0 0
1.01667 0 0 0 0
1.02333 0 0 0 0
1.03 0 0 0 0
1.03667 0 0 0 0
1.04333 0 0 0 0
1.05 0 0 0 0
1.05667 0 0 0 0
1.06333 0 0 0 0
1.07 0 0 0 0
1.07667 0 0 0 0
1.08333 0 0 0 0
1.09 0 0 0 0
1.09667 0 0 0 0
1.10333 0 0 0 0
1.11 0 0 0 0
1.11667 0 0 0 0
1.12333 0 0 0 0
1.13 0 0 0 0
1.13667 0 0 0 0
1.14333 0 0 0 0
1.15 0 0 0 0
1.15667 0 0 0 0
1.16333 0 0 0 0
1.17 0 0 0 0
1.17667 0 0 0 0
1.18333 0 0 0 0
1.19 0 0 0 0
1.19667 0 0 0 0
1.20333 0 0 0 0
1.21 0 0 0 0
1.21667 0 0 0 0
1.22333 0 0 0 0
1.23 0 0 0 0
1.23667 0 0 0 0
1.24333 0 0 0 0
1.25 0 0 0 0
1.25667 0 0 0 0
1.26333 0 0 0 0
1.27 0 0 0 0
1.27667 0 0 0 0
1.28333 0 0 0 0
1.29 0 0 0 0
1.29667 0 0 0 0
1.30333 0 0 0 0
1.31 0 0 0 0
1.31667 0 0 0 0
1.32333 0 0 0 0
1.33 0 0 0 0
1.33667 0 0 0 0
1.34333 0 0 0 0
1.35 0 0 0 0
1.35667 0 0 0 0
1.36333 0 0 0 0
1.37 0 0 0 0
1.37667 0 0 0 0
1.38333 0 0 0 0
1.39 0 0 0 0
1.39667 0 0 0 0
1.40333 0 0 0 0
1.41 0 0 0 0
1.41667 0 0 0 0
1.42333 0 0 0 0
1.43 0 0 0 0
1.43667 0 0 0 0
1.44333 0 0 0 0
1.45 0 0 0 0
1.45667 0 0 0 0
1.46333 0 0 0 0
1.47 0 0 0 0
1.47667 0 0 0 0
1.48333 0 0 0 0
1.49 0 0 0 0
1.49667 0 0 0 0
1.50333 0 0 0 0
1.51 0 0 0 0
1.51667 0 0 0 0
1.52333 0 0 0 0
1.53 0 0 0 0
1.53667 0 0 0 0
1.54333 0 0 0 0
1.55 0 0 0 0
1.55667 0 0 0 0
1.56333 0 0 0 0
1.57 0 0 0 0
1.57667 0 0 0 0
1.58333 0 0 0 0
1.59 0 0 0 0
1.59667 0 0 0 0
1.60333 0 0 0 0
1.61 0 0 0 0
1.61667 0 0 0 0
1.62333 0 0 0 0
1.63 0 0 0 0
1.63667 0 0 0 0
1.64333 0 0 0 0
1.65 0 0 0 0
1.65667 0 0 0 0
1.66333 0 0 0 0
1.67 0 0 0 0
1.67667 0 0 0 0
1.68333 0 0 0 0
1.69 0 0 0 0
1.69667 0 0 0 0
1.70333 0 0 0 0
1.71 0 0 0 0
1.71667 0 0 0 0
1.72333 0 0 0 0
1.73 0 0 0 0
1.73667 0 0 0 0
1.74333 0 0 0 0
1.75 0 0 0 0
1.75667 0 0 0 0
1.76333 0 0 0 0
1.77 0 0 0 0
1.77667 0 0 0 0
1.78333 0 0 0 0
1.79 0 0 0 0
1.79667 0 0 0 0
1.80333 0 0 0 0
1.81 0 0 0 0
1.81667 0 0 0 0
1.82333 0 0 0 0
1.83 0 0 0 0
1.83667 0 0 0 0
1.84333 0 0 0 0
1.85 0 0 0 0
1.85667 0 0 0 0
1.86333 0 0 0 0
1.87 0 0 0 0
1.87667 0 0 0 0
1.88333 0 0 0 0
1.89 0 0 0 0
1.89667 0 0 0 0
1.90333 0 0 0 0
1.91 0 0 0 0
1.91667 0 0 0 0
1.92333 0 0 0 0
1.93 0 0 0 0
1.93667 0 0 0 0
1.94333 0 0 0 0
1.95 0 0 0 0
1.95667 0 0 0 0
1.96333 0 0 0 0
1.97 0 0 0 0
1.97667 0 0 0 0
1.98333 0 0 0 0
1.99 0 0 0 0
1.99667 0 0 0 0
