0.00333333 35 133 1 1
0.01 51 140 3 0
0.0166667 33 139 1 2
0.0233333 58 154 2 1
0.03 43 151 4 1
0.0366667 58 167 3 2
0.0433333 68 210 8 0
0.05 88 225 8 7
0.0566667 89 241 14 3
0.0633333 92 279 11 1
0.07 129 305 9 5
0.0766667 114 301 6 3
0.0833333 117 348 14 5
0.09 122 312 10 1
0.0966667 127 294 7 3
0.103333 120 315 10 4
0.11 119 341 13 4
0.116667 137 337 8 4
0.123333 110 369 15 3
0.13 113 362 6 3
0.136667 118 344 9 2
0.143333 127 327 4 3
0.15 136 339 5 3
0.156667 98 346 4 0
0.163333 85 339 7 2
0.17 111 346 10 4
0.176667 77 343 9 4
0.183333 103 423 6 4
0.19 92 538 4 4
0.196667 105 528 7 2
0.203333 90 476 8 1
0.21 94 391 8 1
0.216667 88 361 13 1
0.223333 73 369 8 0
0.23 74 306 4 2
0.236667 75 337 9 1
0.243333 84 309 4 0
0.25 79 274 8 3
0.256667 77 253 3 1
0.263333 87 237 6 2
0.27 77 212 2 1
0.276667 56 205 7 2
0.283333 48 189 4 0
0.29 62 184 6 0
0.296667 58 215 5 4
0.303333 66 187 5 2
0.31 50 206 4 2
0.316667 65 161 3 0
0.323333 55 170 7 3
0.33 49 167 0 3
0.336667 56 178 2 3
0.343333 54 150 7 3
0.35 52 166 5 1
0.356667 44 144 3 3
0.363333 41 175 10 2
0.37 43 155 5 0
0.376667 35 164 1 1
0.383333 49 161 8 1
0.39 43 165 6 4
0.396667 42 181 1 0
0.403333 39 150 4 0
0.41 38 119 2 4
0.416667 51 141 5 2
0.423333 65 186 4 2
0.43 35 168 6 2
0.436667 48 164 3 3
0.443333 40 161 6 1
0.45 44 166 4 0
0.456667 46 170 3 1
0.463333 66 158 4 1
0.47 48 146 4 1
0.476667 45 125 2 1
0.483333 28 96 3 3
0.49 35 65 2 1
0.496667 34 62 5 0
0.503333 29 58 2 2
0.51 15 48 3 0
0.516667 28 50 0 0
0.523333 27 58 5 0
0.53 18 57 2 0
0.536667 31 44 1 0
0.543333 24 43 5 0
0.55 21 44 1 0
0.556667 31 33 4 1
0.563333 25 35 2 2
0.57 24 42 2 0
0.576667 17 49 3 0
0.583333 41 52 0 0
0.59 16 38 2 4
0.596667 22 46 3 1
0.603333 22 50 0 0
0.61 22 44 1 1
0.616667 20 43 2 1
0.623333 19 38 5 1
0.63 17 49 4 2
0.636667 16 79 2 1
0.643333 18 39 1 1
0.65 24 31 0 1
0.656667 18 33 2 0
0.663333 1177 8263 68 17
0.67 0 0 0 0
0.676667 0 0 0 0
0.683333 0 0 0 0
0.69 0 0 0 0
0.696667 0 0 0 0
0.703333 0 0 0 0
0.71 0 0 0 0
0.716667 0 0 0 0
0.723333 0 0 0 0
0.73 0 0 0 0
0.736667 0 0 0 0
0.743333 0 0 0 0
0.75 0 0 0 0
0.756667 0 0 0 0
0.763333 0 0 0 0
0.77 0 0 0 0
0.776667 0 0 0 0
0.783333 0 0 0 0
0.79 0 0 0 0
0.796667 0 0 0 0
0.803333 0 0 0 0
0.81 0 0 0 0
0.816667 0 0 0 0
0.823333 0 0 0 0
0.83 0 0 0 0
0.836667 0 0 0 0
0.843333 0 0 0 0
0.85 0 0 0 0
0.856667 0 0 0 0
0.863333 0 0 0 0
0.87 0 0 0 0
0.876667 0 0 0 0
0.883333 0 0 0 0
0.89 0 0 0 0
0.896667 0 0 0 0
0.903333 0 0 0 0
0.91 0 0 0 0
0.916667 0 0 0 0
0.923333 0 0 0 0
0.93 0 0 0 0
0.936667 0 0 0 0
0.943333 0 0 0 0
0.95 0 0 0 0
0.956667 0 0 0 0
0.963333 0 0 0 0
0.97 0 0 0 0
0.976667 0 0 0 0
0.983333 0 0 0 0
0.99 0 0 0 0
0.996667 0 0 0 0
1.00333 0 0 0 0
1.01 0 0 0 0
1.01667 0 0 0 0
1.02333 0 0 0 0
1.03 0 0 0 0
1.03667 0 0 0 0
1.04333 0 0 0 0
1.05 0 0 0 0
1.05667 0 0 0 0
1.06333 0 0 0 0
1.07 0 0 0 0
1.07667 0 0 0 0
1.08333 0 0 0 0
1.09 0 0 0 0
1.09667 0 0 0 0
1.10333 0 0 0 0
1.11 0 0 0 0
1.11667 0 0 0 0
1.12333 0 0 0 0
1.13 0 0 0 0
1.13667 0 0 0 0
1.14333 0 0 0 0
1.15 0 0 0 0
1.15667 0 0 0 0
1.16333 0 0 0 0
1.17 0 0 0 0
1.17667 0 0 0 0
1.18333 0 0 0 0
1.19 0 0 0 0
1.19667 0 0 0 0
1.20333 0 0 0 0
1.21 0 0 0 0
1.21667 0 0 0 0
1.22333 0 0 0 0
1.23 0 0 0 0
1.23667 0 0 0 0
1.24333 0 0 0 0
1.25 0 0 0 0
1.25667 0 0 0 0
1.26333 0 0 0 0
1.27 0 0 0 0
1.27667 0 0 0 0
1.28333 0 0 0 0
1.29 0 0 0 0
1.29667 0 0 0 0
1.30333 0 0 0 0
1.31 0 0 0 0
1.31667 0 0 0 0
1.32333 0 0 0 0
1.33 0 0 0 0
1.33667 0 0 0 0
1.34333 0 0 0 0
1.35 0 0 0 0
1.35667 0 0 0 0
1.36333 0 0 0 0
1.37 0 0 0 0
1.37667 0 0 0 0
1.38333 0 0 0 0
1.39 0 0 0 0
1.39667 0 0 0 0
1.40333 0 0 0 0
1.41 0 0 0 0
1.41667 0 0 0 0
1.42333 0 0 0 0
1.43 0 0 0 0
1.43667 0 0 0 0
1.44333 0 0 0 0
1.45 0 0 0 0
1.45667 0 0 0 0
1.46333 0 0 0 0
1.47 0 0 0 0
1.47667 0 0 0 0
1.48333 0 0 0 0
1.49 0 0 0 0
1.49667 0 0 0 0
1.50333 0 0 0 0
1.51 0 0 0 0
1.51667 0 0 0 0
1.52333 0 0 0 0
1.53 0 0 0 0
1.53667 0 0 0 0
1.54333 0 0 0 0
1.55 0 0 0 0
1.55667 0 0 0 0
1.56333 0 0 0 0
1.57 0 0 0 0
1.57667 0 0 0 0
1.58333 0 0 0 0
1.59 0 0 0 0
1.59667 0 0 0 0
1.60333 0 0 0 0
1.61 0 0 0 0
1.61667 0 0 0 0
1.62333 0 0 0 0
1.63 0 0 0 0
1.63667 0 0 0 0
1.64333 0 0 0 0
1.65 0 0 0 0
1.65667 0 0 0 0
1.66333 0 0 0 0
1.67 0 0 0 0
1.67667 0 0 0 0
1.68333 0 0 0 0
1.69 0 0 0 0
1.69667 0 0 0 0
1.70333 0 0 0 0
1.71 0 0 0 0
1.71667 0 0 0 0
1.72333 0 0 0 0
1.73 0 0 0 0
1.73667 0 0 0 0
1.74333 0 0 0 0
1.75 0 0 0 0
1.75667 0 0 0 0
1.76333 0 0 0 0
1.77 0 0 0 0
1.77667 0 0 0 0
1.78333 0 0 0 0
1.79 0 0 0 0
1.79667 0 0 0 0
1.80333 0 0 0 0
1.81 0 0 0 0
1.81667 0 0 0 0
1.82333 0 0 0 0
1.83 0 0 0 0
1.83667 0 0 0 0
1.84333 0 0 0 0
1.85 0 0 0 0
1.85667 0 0 0 0
1.86333 0 0 0 0
1.87 0 0 0 0
1.87667 0 0 0 0
1.88333 0 0 0 0
1.89 0 0 0 0
1.89667 0 0 0 0
1.90333 0 0 0 0
1.91 0 0 0 0
1.91667 0 0 0 0
1.92333 0 0 0 0
1.93 0 0 0 0
1.93667 0 0 0 0
1.94333 0 0 0 0
1.95 0 0 0 0
1.95667 0 0 0 0
1.96333 0 0 0 0
1.97 0 0 0 0
1.97667 0 0 0 0
1.98333 0 0 0 0
1.99 0 0 0 0
1.99667 0 0 0 0
