0.00333333 25 28 6 9
0.01 24 41 18 10
0.0166667 35 40 13 7
0.0233333 32 35 9 4
0.03 30 38 8 4
0.0366667 35 68 18 8
0.0433333 40 74 26 8
0.05 60 79 15 7
0.0566667 48 113 41 20
0.0633333 58 111 36 8
0.07 64 147 43 14
0.0766667 63 134 27 10
0.0833333 57 124 19 18
0.09 100 121 28 17
0.0966667 71 127 35 14
0.103333 73 99 31 12
0.11 66 109 39 19
0.116667 55 110 42 12
0.123333 61 101 27 15
0.13 78 93 34 12
0.136667 56 86 29 13
0.143333 75 103 24 19
0.15 68 100 16 21
0.156667 63 97 21 10
0.163333 62 99 27 17
0.17 55 72 21 17
0.176667 77 90 32 16
0.183333 65 84 26 16
0.19 65 86 31 25
0.196667 82 88 28 17
0.203333 65 64 26 23
0.21 50 67 17 21
0.216667 45 82 19 12
0.223333 43 66 10 21
0.23 50 81 24 14
0.236667 52 57 20 15
0.243333 40 60 15 10
0.25 52 58 19 13
0.256667 33 53 12 15
0.263333 47 47 19 8
0.27 38 49 17 7
0.276667 42 46 10 8
0.283333 41 46 11 10
0.29 42 56 16 6
0.296667 48 44 11 12
0.303333 40 54 12 6
0.31 41 52 11 13
0.316667 32 47 15 14
0.323333 28 43 9 5
0.33 31 35 9 9
0.336667 25 36 14 12
0.343333 27 35 12 8
0.35 35 38 9 5
0.356667 33 36 15 11
0.363333 40 38 7 3
0.37 18 40 11 10
0.376667 27 40 15 5
0.383333 33 35 6 8
0.39 32 28 7 11
0.396667 31 37 14 14
0.403333 28 37 7 10
0.41 26 41 11 9
0.416667 36 36 10 6
0.423333 33 28 14 7
0.43 38 36 16 10
0.436667 21 32 9 5
0.443333 24 24 5 13
0.45 22 44 12 7
0.456667 28 37 12 9
0.463333 25 33 12 13
0.47 21 39 7 8
0.476667 26 27 15 8
0.483333 13 19 10 4
0.49 18 24 8 6
0.496667 14 24 12 3
0.503333 11 17 5 4
0.51 15 24 6 5
0.516667 13 23 8 8
0.523333 19 19 7 3
0.53 16 27 8 4
0.536667 12 16 11 7
0.543333 13 26 7 1
0.55 7 13 6 8
0.556667 14 14 5 9
0.563333 6 24 4 4
0.57 11 12 3 2
0.576667 16 18 3 6
0.583333 21 14 8 8
0.59 7 19 6 6
0.596667 10 10 3 2
0.603333 19 17 3 4
0.61 13 13 13 7
0.616667 12 16 4 2
0.623333 17 20 3 7
0.63 8 15 6 1
0.636667 14 12 3 6
0.643333 7 20 8 8
0.65 10 17 4 5
0.656667 9 15 3 3
0.663333 858 680 128 242
0.67 0 0 0 0
0.676667 0 0 0 0
0.683333 0 0 0 0
0.69 0 0 0 0
0.696667 0 0 0 0
0.703333 0 0 0 0
0.71 0 0 0 0
0.716667 0 0 0 0
0.723333 0 0 0 0
0.73 0 0 0 0
0.736667 0 0 0 0
0.743333 0 0 0 0
0.75 0 0 0 0
0.756667 0 0 0 0
0.763333 0 0 0 0
0.77 0 0 0 0
0.776667 0 0 0 0
0.783333 0 0 0 0
0.79 0 0 0 0
0.796667 0 0 0 0
0.803333 0 0 0 0
0.81 0 0 0 0
0.816667 0 0 0 0
0.823333 0 0 0 0
0.83 0 0 0 0
0.836667 0 0 0 0
0.843333 0 0 0 0
0.85 0 0 0 0
0.856667 0 0 0 0
0.863333 0 0 0 0
0.87 0 0 0 0
0.876667 0 0 0 0
0.883333 0 0 0 0
0.89 0 0 0 0
0.896667 0 0 0 0
0.903333 0 0 0 0
0.91 0 0 0 0
0.916667 0 0 0 0
0.923333 0 0 0 0
0.93 0 0 0 0
0.936667 0 0 0 0
0.943333 0 0 0 0
0.95 0 0 0 0
0.956667 0 0 0 0
0.963333 0 0 0 0
0.97 0 0 0 0
0.976667 0 0 0 0
0.983333 0 0 0 0
0.99 0 0 0 0
0.996667 0 0 0 0
1.00333 0 0 0 0
1.01 0 0 0 0
1.01667 0 0 0 0
1.02333 0 0 0 0
1.03 0 0 0 0
1.03667 0 0 0 0
1.04333 0 0 0 0
1.05 0 0 0 0
1.05667 0 0 0 0
1.06333 0 0 0 0
1.07 0 0 0 0
1.07667 0 0 0 0
1.08333 0 0 0 0
1.09 0 0 0 0
1.09667 0 0 0 0
1.10333 0 0 0 0
1.11 0 0 0 0
1.11667 0 0 0 0
1.12333 0 0 0 0
1.13 0 0 0 0
1.13667 0 0 0 0
1.14333 0 0 0 0
1.15 0 0 0 0
1.15667 0 0 0 0
1.16333 0 0 0 0
1.17 0 0 0 0
1.17667 0 0 0 0
1.18333 0 0 0 0
1.19 0 0 0 0
1.19667 0 0 0 0
1.20333 0 0 0 0
1.21 0 0 0 0
1.21667 0 0 0 0
1.22333 0 0 0 0
1.23 0 0 0 0
1.23667 0 0 0 0
1.24333 0 0 0 0
1.25 0 0 0 0
1.25667 0 0 0 0
1.26333 0 0 0 0
1.27 0 0 0 0
1.27667 0 0 0 0
1.28333 0 0 0 0
1.29 0 0 0 0
1.29667 0 0 0 0
1.30333 0 0 0 0
1.31 0 0 0 0
1.31667 0 0 0 0
1.32333 0 0 0 0
1.33 0 0 0 0
1.33667 0 0 0 0
1.34333 0 0 0 0
1.35 0 0 0 0
1.35667 0 0 0 0
1.36333 0 0 0 0
1.37 0 0 0 0
1.37667 0 0 0 0
1.38333 0 0 0 0
1.39 0 0 0 0
1.39667 0 0 0 0
1.40333 0 0 0 0
1.41 0 0 0 0
1.41667 0 0 0 0
1.42333 0 0 0 0
1.43 0 0 0 0
1.43667 0 0 0 0
1.44333 0 0 0 0
1.45 0 0 0 0
1.45667 0 0 0 0
1.46333 0 0 0 0
1.47 0 0 0 0
1.47667 0 0 0 0
1.48333 0 0 0 0
1.49 0 0 0 0
1.49667 0 0 0 0
1.50333 0 0 0 0
1.51 0 0 0 0
1.51667 0 0 0 0
1.52333 0 0 0 0
1.53 0 0 0 0
1.53667 0 0 0 0
1.54333 0 0 0 0
1.55 0 0 0 0
1.55667 0 0 0 0
1.56333 0 0 0 0
1.57 0 0 0 0
1.57667 0 0 0 0
1.58333 0 0 0 0
1.59 0 0 0 0
1.59667 0 0 0 0
1.60333 0 0 0 0
1.61 0 0 0 0
1.61667 0 0 0 0
1.62333 0 0 0 0
1.63 0 0 0 0
1.63667 0 0 0 0
1.64333 0 0 0 0
1.65 0 0 0 0
1.65667 0 0 0 0
1.66333 0 0 0 0
1.67 0 0 0 0
1.67667 0 0 0 0
1.68333 0 0 0 0
1.69 0 0 0 0
1.69667 0 0 0 0
1.70333 0 0 0 0
1.71 0 0 0 0
1.71667 0 0 0 0
1.72333 0 0 0 0
1.73 0 0 0 0
1.73667 0 0 0 0
1.74333 0 0 0 0
1.75 0 0 0 0
1.75667 0 0 0 0
1.76333 0 0 0 0
1.77 0 0 0 0
1.77667 0 0 0 0
1.78333 0 0 0 0
1.79 0 0 0 0
1.79667 0 0 0 0
1.80333 0 0 0 0
1.81 0 0 0 0
1.81667 0 0 0 0
1.82333 0 0 0 0
1.83 0 0 0 0
1.83667 0 0 0 0
1.84333 0 0 0 0
1.85 0 0 0 0
1.85667 0 0 0 0
1.86333 0 0 0 0
1.87 0 0 0 0
1.87667 0 0 0 0
1.88333 0 0 0 0
1.89 0 0 0 0
1.89667 0 0 0 0
1.90333 0 0 0 0
1.91 0 0 0 0
1.91667 0 0 0 0
1.92333 0 0 0 0
1.93 0 0 0 0
1.93667 0 0 0 0
1.94333 0 0 0 0
1.95 0 0 0 0
1.95667 0 0 0 0
1.96333 0 0 0 0
1.97 0 0 0 0
1.97667 0 0 0 0
1.98333 0 0 0 0
1.99 0 0 0 0
1.99667 0 0 0 0
