0.00333333 11 9 12 21
0.01 11 8 12 27
0.0166667 9 8 17 28
0.0233333 8 9 13 29
0.03 10 15 17 27
0.0366667 8 8 21 34
0.0433333 14 9 39 43
0.05 17 21 44 53
0.0566667 14 21 48 50
0.0633333 9 18 64 35
0.07 18 32 57 50
0.0766667 18 15 57 54
0.0833333 21 23 65 59
0.09 18 18 63 64
0.0966667 23 25 62 51
0.103333 8 22 62 58
0.11 16 25 67 65
0.116667 14 33 49 69
0.123333 19 26 51 72
0.13 14 23 49 58
0.136667 31 22 36 57
0.143333 16 19 38 62
0.15 14 20 42 42
0.156667 14 18 29 66
0.163333 14 10 41 35
0.17 14 13 38 54
0.176667 15 13 32 45
0.183333 29 17 37 73
0.19 32 16 34 99
0.196667 21 13 26 71
0.203333 22 18 28 76
0.21 21 17 27 73
0.216667 23 15 30 54
0.223333 15 12 25 55
0.23 11 18 25 41
0.236667 16 18 28 44
0.243333 12 13 26 53
0.25 20 11 28 51
0.256667 17 7 29 52
0.263333 20 11 29 49
0.27 14 11 34 48
0.276667 18 17 20 40
0.283333 10 15 29 39
0.29 15 12 21 42
0.296667 12 10 26 53
0.303333 13 13 19 43
0.31 17 15 28 53
0.316667 21 9 30 38
0.323333 17 10 25 34
0.33 15 11 24 34
0.336667 13 6 28 33
0.343333 8 7 17 48
0.35 14 11 25 29
0.356667 10 7 28 38
0.363333 12 6 22 35
0.37 14 13 21 28
0.376667 16 9 20 35
0.383333 8 7 21 33
0.39 7 5 24 44
0.396667 13 4 13 41
0.403333 19 14 19 40
0.41 20 9 20 33
0.416667 15 4 22 40
0.423333 12 8 17 30
0.43 17 9 15 33
0.436667 12 6 16 31
0.443333 8 6 20 44
0.45 12 10 14 32
0.456667 11 10 18 32
0.463333 18 12 15 43
0.47 9 10 13 35
0.476667 16 10 10 30
0.483333 8 6 11 15
0.49 8 7 8 19
0.496667 3 4 19 13
0.503333 6 8 14 10
0.51 7 4 9 12
0.516667 6 4 10 11
0.523333 3 5 16 7
0.53 8 5 5 11
0.536667 4 2 10 10
0.543333 3 3 11 11
0.55 6 10 10 13
0.556667 5 8 11 13
0.563333 3 2 9 6
0.57 8 6 10 12
0.576667 9 6 8 8
0.583333 8 2 9 3
0.59 3 11 12 6
0.596667 6 5 15 6
0.603333 6 4 11 8
0.61 2 5 10 9
0.616667 5 9 15 2
0.623333 5 5 8 4
0.63 2 7 4 4
0.636667 5 4 12 9
0.643333 4 7 12 8
0.65 2 3 11 6
0.656667 1 2 9 2
0.663333 751 136 242 1784
0.67 0 0 0 0
0.676667 0 0 0 0
0.683333 0 0 0 0
0.69 0 0 0 0
0.696667 0 0 0 0
0.703333 0 0 0 0
0.71 0 0 0 0
0.716667 0 0 0 0
0.723333 0 0 0 0
0.73 0 0 0 0
0.736667 0 0 0 0
0.743333 0 0 0 0
0.75 0 0 0 0
0.756667 0 0 0 0
0.763333 0 0 0 0
0.77 0 0 0 0
0.776667 0 0 0 0
0.783333 0 0 0 0
0.79 0 0 0 0
0.796667 0 0 0 0
0.803333 0 0 0 0
0.81 0 0 0 0
0.816667 0 0 0 0
0.823333 0 0 0 0
0.83 0 0 0 0
0.836667 0 0 0 0
0.843333 0 0 0 0
0.85 0 0 0 0
0.856667 0 0 0 0
0.863333 0 0 0 0
0.87 0 0 0 0
0.876667 0 0 0 0
0.883333 0 0 0 0
0.89 0 0 0 0
0.896667 0 0 0 0
0.903333 0 0 0 0
0.91 0 0 0 0
0.916667 0 0 0 0
0.923333 0 0 0 0
0.93 0 0 0 0
0.936667 0 0 0 0
0.943333 0 0 0 0
0.95 0 0 0 0
0.956667 0 0 0 0
0.963333 0 0 0 0
0.97 0 0 0 0
0.976667 0 0 0 0
0.983333 0 0 0 0
0.99 0 0 0 0
0.996667 0 0 0 0
1.00333 0 0 0 0
1.01 0 0 0 0
1.01667 0 0 0 0
1.02333 0 0 0 0
1.03 0 0 0 0
1.03667 0 0 0 0
1.04333 0 0 0 0
1.05 0 0 0 0
1.05667 0 0 0 0
1.06333 0 0 0 0
1.07 0 0 0 0
1.07667 0 0 0 0
1.08333 0 0 0 0
1.09 0 0 0 0
1.09667 0 0 0 0
1.10333 0 0 0 0
1.11 0 0 0 0
1.11667 0 0 0 0
1.12333 0 0 0 0
1.13 0 0 0 0
1.13667 0 0 0 0
1.14333 0 0 0 0
1.15 0 0 0 0
1.15667 0 0 0 0
1.16333 0 0 0 0
1.17 0 0 0 0
1.17667 0 0 0 0
1.18333 0 0 0 0
1.19 0 0 0 0
1.19667 0 0 0 0
1.20333 0 0 0 0
1.21 0 0 0 0
1.21667 0 0 0 0
1.22333 0 0 0 0
1.23 0 0 0 0
1.23667 0 0 0 0
1.24333 0 0 0 0
1.25 0 0 0 0
1.25667 0 0 0 0
1.26333 0 0 0 0
1.27 0 0 0 0
1.27667 0 0 0 0
1.28333 0 0 0 0
1.29 0 0 0 0
1.29667 0 0 0 0
1.30333 0 0 0 0
1.31 0 0 0 0
1.31667 0 0 0 0
1.32333 0 0 0 0
1.33 0 0 0 0
1.33667 0 0 0 0
1.34333 0 0 0 0
1.35 0 0 0 0
1.35667 0 0 0 0
1.36333 0 0 0 0
1.37 0 0 0 0
1.37667 0 0 0 0
1.38333 0 0 0 0
1.39 0 0 0 0
1.39667 0 0 0 0
1.40333 0 0 0 0
1.41 0 0 0 0
1.41667 0 0 0 0
1.42333 0 0 0 0
1.43 0 0 0 0
1.43667 0 0 0 0
1.44333 0 0 0 0
1.45 0 0 0 0
1.45667 0 0 0 0
1.46333 0 0 0 0
1.47 0 0 0 0
1.47667 0 0 0 0
1.48333 0 0 0 0
1.49 0 0 0 0
1.49667 0 0 0 0
1.50333 0 0 0 0
1.51 0 0 0 0
1.51667 0 0 0 0
1.52333 0 0 0 0
1.53 0 0 0 0
1.53667 0 0 0 0
1.54333 0 0 0 0
1.55 0 0 0 0
1.55667 0 0 0 0
1.56333 0 0 0 0
1.57 0 0 0 0
1.57667 0 0 0 0
1.58333 0 0 0 0
1.59 0 0 0 0
1.59667 0 0 0 0
1.60333 0 0 0 0
1.61 0 0 0 0
1.61667 0 0 0 0
1.62333 0 0 0 0
1.63 0 0 0 0
1.63667 0 0 0 0
1.64333 0 0 0 0
1.65 0 0 0 0
1.65667 0 0 0 0
1.66333 0 0 0 0
1.67 0 0 0 0
1.67667 0 0 0 0
1.68333 0 0 0 0
1.69 0 0 0 0
1.69667 0 0 0 0
1.70333 0 0 0 0
1.71 0 0 0 0
1.71667 0 0 0 0
1.72333 0 0 0 0
1.73 0 0 0 0
1.73667 0 0 0 0
1.74333 0 0 0 0
1.75 0 0 0 0
1.75667 0 0 0 0
1.76333 0 0 0 0
1.77 0 0 0 0
1.77667 0 0 0 0
1.78333 0 0 0 0
1.79 0 0 0 0
1.79667 0 0 0 0
1.80333 0 0 0 0
1.81 0 0 0 0
1.81667 0 0 0 0
1.82333 0 0 0 0
1.83 0 0 0 0
1.83667 0 0 0 0
1.84333 0 0 0 0
1.85 0 0 0 0
1.85667 0 0 0 0
1.86333 0 0 0 0
1.87 0 0 0 0
1.87667 0 0 0 0
1.88333 0 0 0 0
1.89 0 0 0 0
1.89667 0 0 0 0
1.90333 0 0 0 0
1.91 0 0 0 0
1.91667 0 0 0 0
1.92333 0 0 0 0
1.93 0 0 0 0
1.93667 0 0 0 0
1.94333 0 0 0 0
1.95 0 0 0 0
1.95667 0 0 0 0
1.96333 0 0 0 0
1.97 0 0 0 0
1.97667 0 0 0 0
1.98333 0 0 0 0
1.99 0 0 0 0
1.99667 0 0 0 0
