0.00333333 1 5 93 5
0.01 2 13 124 16
0.0166667 4 12 133 19
0.0233333 2 6 128 13
0.03 2 8 141 22
0.0366667 3 7 145 21
0.0433333 5 16 180 28
0.05 6 23 224 32
0.0566667 5 23 280 60
0.0633333 2 36 272 49
0.07 2 44 313 52
0.0766667 11 32 334 49
0.0833333 7 37 341 56
0.09 10 33 350 55
0.0966667 3 28 355 50
0.103333 7 34 392 40
0.11 8 35 362 50
0.116667 6 41 391 58
0.123333 3 31 397 50
0.13 6 28 359 36
0.136667 7 24 358 32
0.143333 7 34 332 32
0.15 5 20 338 25
0.156667 3 19 326 26
0.163333 3 29 338 32
0.17 4 22 316 26
0.176667 5 17 327 29
0.183333 3 23 323 35
0.19 1 25 424 35
0.196667 7 28 357 29
0.203333 5 17 370 25
0.21 6 21 366 22
0.216667 2 20 331 26
0.223333 8 9 324 29
0.23 3 12 296 25
0.236667 2 16 258 22
0.243333 4 26 255 24
0.25 6 17 255 17
0.256667 6 18 222 30
0.263333 6 22 202 21
0.27 1 10 234 17
0.276667 0 17 203 20
0.283333 2 5 178 20
0.29 2 11 207 16
0.296667 0 15 200 15
0.303333 2 9 201 19
0.31 4 16 179 17
0.316667 2 9 172 12
0.323333 0 19 163 16
0.33 2 8 140 17
0.336667 2 14 155 15
0.343333 5 11 150 22
0.35 3 14 156 12
0.356667 0 20 138 14
0.363333 2 6 126 18
0.37 0 18 125 15
0.376667 2 11 137 12
0.383333 2 11 118 10
0.39 3 6 119 18
0.396667 3 10 128 8
0.403333 4 9 137 15
0.41 3 3 120 13
0.416667 4 8 125 15
0.423333 2 12 136 19
0.43 2 12 123 16
0.436667 0 5 120 11
0.443333 2 15 95 15
0.45 2 7 139 22
0.456667 3 13 134 15
0.463333 0 13 121 8
0.47 4 9 127 14
0.476667 3 10 107 9
0.483333 3 8 68 12
0.49 1 4 62 6
0.496667 0 10 64 10
0.503333 0 7 66 10
0.51 2 8 62 6
0.516667 3 10 59 9
0.523333 1 6 50 5
0.53 1 4 64 5
0.536667 1 7 58 8
0.543333 2 2 48 7
0.55 1 5 42 5
0.556667 2 6 56 9
0.563333 5 12 57 10
0.57 2 5 57 5
0.576667 4 10 48 4
0.583333 0 8 45 10
0.59 0 5 50 6
0.596667 2 4 40 7
0.603333 1 4 52 1
0.61 0 4 58 6
0.616667 2 9 50 10
0.623333 0 8 32 4
0.63 1 7 30 4
0.636667 0 5 65 5
0.643333 1 6 40 6
0.65 3 2 34 5
0.656667 0 5 36 7
0.663333 23 154 4958 187
0.67 0 0 0 0
0.676667 0 0 0 0
0.683333 0 0 0 0
0.69 0 0 0 0
0.696667 0 0 0 0
0.703333 0 0 0 0
0.71 0 0 0 0
0.716667 0 0 0 0
0.723333 0 0 0 0
0.73 0 0 0 0
0.736667 0 0 0 0
0.743333 0 0 0 0
0.75 0 0 0 0
0.756667 0 0 0 0
0.763333 0 0 0 0
0.77 0 0 0 0
0.776667 0 0 0 0
0.783333 0 0 0 0
0.79 0 0 0 0
0.796667 0 0 0 0
0.803333 0 0 0 0
0.81 0 0 0 0
0.816667 0 0 0 0
0.823333 0 0 0 0
0.83 0 0 0 0
0.836667 0 0 0 0
0.843333 0 0 0 0
0.85 0 0 0 0
0.856667 0 0 0 0
0.863333 0 0 0 0
0.87 0 0 0 0
0.876667 0 0 0 0
0.883333 0 0 0 0
0.89 0 0 0 0
0.896667 0 0 0 0
0.903333 0 0 0 0
0.91 0 0 0 0
0.916667 0 0 0 0
0.923333 0 0 0 0
0.93 0 0 0 0
0.936667 0 0 0 0
0.943333 0 0 0 0
0.95 0 0 0 0
0.956667 0 0 0 0
0.963333 0 0 0 0
0.97 0 0 0 0
0.976667 0 0 0 0
0.983333 0 0 0 0
0.99 0 0 0 0
0.996667 0 0 0 0
1.00333 0 0 0 0
1.01 0 0 0 0
1.01667 0 0 0 0
1.02333 0 0 0 0
1.03 0 0 0 0
1.03667 0 0 0 0
1.04333 0 0 0 0
1.05 0 0 0 0
1.05667 0 0 0 0
1.06333 0 0 0 0
1.07 0 0 0 0
1.07667 0 0 0 0
1.08333 0 0 0 0
1.09 0 0 0 0
1.09667 0 0 0 0
1.10333 0 0 0 0
1.11 0 0 0 0
1.11667 0 0 0 0
1.12333 0 0 0 0
1.13 0 0 0 0
1.13667 0 0 0 0
1.14333 0 0 0 0
1.15 0 0 0 0
1.15667 0 0 0 0
1.16333 0 0 0 0
1.17 0 0 0 0
1.17667 0 0 0 0
1.18333 0 0 0 0
1.19 0 0 0 0
1.19667 0 0 0 0
1.20333 0 0 0 0
1.21 0 0 0 0
1.21667 0 0 0 0
1.22333 0 0 0 0
1.23 0 0 0 0
1.23667 0 0 0 0
1.24333 0 0 0 0
1.25 0 0 0 0
1.25667 0 0 0 0
1.26333 0 0 0 0
1.27 0 0 0 0
1.27667 0 0 0 0
1.28333 0 0 0 0
1.29 0 0 0 0
1.29667 0 0 0 0
1.30333 0 0 0 0
1.31 0 0 0 0
1.31667 0 0 0 0
1.32333 0 0 0 0
1.33 0 0 0 0
1.33667 0 0 0 0
1.34333 0 0 0 0
1.35 0 0 0 0
1.35667 0 0 0 0
1.36333 0 0 0 0
1.37 0 0 0 0
1.37667 0 0 0 0
1.38333 0 0 0 0
1.39 0 0 0 0
1.39667 0 0 0 0
1.40333 0 0 0 0
1.41 0 0 0 0
1.41667 0 0 0 0
1.42333 0 0 0 0
1.43 0 0 0 0
1.43667 0 0 0 0
1.44333 0 0 0 0
1.45 0 0 0 0
1.45667 0 0 0 0
1.46333 0 0 0 0
1.47 0 0 0 0
1.47667 0 0 0 0
1.48333 0 0 0 0
1.49 0 0 0 0
1.49667 0 0 0 0
1.50333 0 0 0 0
1.51 0 0 0 0
1.51667 0 0 0 0
1.52333 0 0 0 0
1.53 0 0 0 0
1.53667 0 0 0 0
1.54333 0 0 0 0
1.55 0 0 0 0
1.55667 0 0 0 0
1.56333 0 0 0 0
1.57 0 0 0 0
1.57667 0 0 0 0
1.58333 0 0 0 0
1.59 0 0 0 0
1.59667 0 0 0 0
1.60333 0 0 0 0
1.61 0 0 0 0
1.61667 0 0 0 0
1.62333 0 0 0 0
1.63 0 0 0 0
1.63667 0 0 0 0
1.64333 0 0 0 0
1.65 0 0 0 0
1.65667 0 0 0 0
1.66333 0 0 0 0
1.67 0 0 0 0
1.67667 0 0 0 0
1.68333 0 0 0 0
1.69 0 0 0 0
1.69667 0 0 0 0
1.70333 0 0 0 0
1.71 0 0 0 0
1.71667 0 0 0 0
1.72333 0 0 0 0
1.73 0 0 0 0
1.73667 0 0 0 0
1.74333 0 0 0 0
1.75 0 0 0 0
1.75667 0 0 0 0
1.76333 0 0 0 0
1.77 0 0 0 0
1.77667 0 0 0 0
1.78333 0 0 0 0
1.79 0 0 0 0
1.79667 0 0 0 0
1.80333 0 0 0 0
1.81 0 0 0 0
1.81667 0 0 0 0
1.82333 0 0 0 0
1.83 0 0 0 0
1.83667 0 0 0 0
1.84333 0 0 0 0
1.85 0 0 0 0
1.85667 0 0 0 0
1.86333 0 0 0 0
1.87 0 0 0 0
1.87667 0 0 0 0
1.88333 0 0 0 0
1.89 0 0 0 0
1.89667 0 0 0 0
1.90333 0 0 0 0
1.91 0 0 0 0
1.91667 0 0 0 0
1.92333 0 0 0 0
1.93 0 0 0 0
1.93667 0 0 0 0
1.94333 0 0 0 0
1.95 0 0 0 0
1.95667 0 0 0 0
1.96333 0 0 0 0
1.97 0 0 0 0
1.97667 0 0 0 0
1.98333 0 0 0 0
1.99 0 0 0 0
1.99667 0 0 0 0
