0.00333333 56 44 0 2
0.01 57 33 1 0
0.0166667 62 54 0 0
0.0233333 60 36 2 0
0.03 77 23 1 1
0.0366667 77 54 2 1
0.0433333 101 51 3 0
0.05 138 74 3 0
0.0566667 132 61 3 1
0.0633333 136 83 2 1
0.07 150 88 7 3
0.0766667 154 97 4 0
0.0833333 183 102 1 0
0.09 169 87 0 2
0.0966667 161 80 1 3
0.103333 172 91 6 2
0.11 170 89 4 1
0.116667 163 97 3 1
0.123333 197 107 3 0
0.13 193 98 5 5
0.136667 149 84 1 1
0.143333 175 102 2 1
0.15 172 83 2 1
0.156667 150 106 2 1
0.163333 174 98 3 2
0.17 139 85 1 0
0.176667 160 89 2 1
0.183333 182 84 3 1
0.19 182 119 4 2
0.196667 158 88 1 0
0.203333 144 102 1 1
0.21 147 99 4 0
0.216667 159 91 2 0
0.223333 151 88 0 1
0.23 139 93 1 4
0.236667 134 68 0 0
0.243333 138 74 1 2
0.25 115 85 0 1
0.256667 125 83 2 1
0.263333 120 66 3 0
0.27 120 66 0 3
0.276667 113 52 0 1
0.283333 114 55 0 3
0.29 104 58 3 1
0.296667 96 54 1 2
0.303333 98 48 3 0
0.31 96 56 2 0
0.316667 87 52 0 1
0.323333 91 54 0 2
0.33 87 54 2 0
0.336667 94 44 2 0
0.343333 88 36 0 2
0.35 81 51 0 1
0.356667 85 41 3 1
0.363333 81 57 2 1
0.37 72 59 0 1
0.376667 102 46 2 2
0.383333 69 51 2 3
0.39 92 40 0 3
0.396667 77 46 0 0
0.403333 61 43 3 0
0.41 64 43 2 0
0.416667 70 45 1 1
0.423333 69 34 1 1
0.43 79 41 2 2
0.436667 84 40 1 1
0.443333 67 51 1 1
0.45 76 38 0 0
0.456667 81 42 1 2
0.463333 74 49 2 0
0.47 96 50 2 0
0.476667 67 31 0 0
0.483333 40 27 0 2
0.49 54 26 2 3
0.496667 38 21 1 0
0.503333 46 33 1 1
0.51 46 20 0 1
0.516667 33 28 1 0
0.523333 44 15 1 0
0.53 40 26 0 0
0.536667 38 25 1 0
0.543333 33 12 0 0
0.55 28 21 1 1
0.556667 29 15 2 0
0.563333 44 16 1 0
0.57 31 20 2 1
0.576667 33 11 0 0
0.583333 43 15 1 0
0.59 36 10 2 1
0.596667 33 17 0 0
0.603333 28 14 2 1
0.61 40 12 0 0
0.616667 42 13 1 1
0.623333 28 12 2 0
0.63 29 19 2 0
0.636667 36 19 0 0
0.643333 22 13 2 2
0.65 34 15 1 0
0.656667 24 13 1 0
0.663333 2364 1561 13 17
0.67 0 0 0 0
0.676667 0 0 0 0
0.683333 0 0 0 0
0.69 0 0 0 0
0.696667 0 0 0 0
0.703333 0 0 0 0
0.71 0 0 0 0
0.716667 0 0 0 0
0.723333 0 0 0 0
0.73 0 0 0 0
0.736667 0 0 0 0
0.743333 0 0 0 0
0.75 0 0 0 0
0.756667 0 0 0 0
0.763333 0 0 0 0
0.77 0 0 0 0
0.776667 0 0 0 0
0.783333 0 0 0 0
0.79 0 0 0 0
0.796667 0 0 0 0
0.803333 0 0 0 0
0.81 0 0 0 0
0.816667 0 0 0 0
0.823333 0 0 0 0
0.83 0 0 0 0
0.836667 0 0 0 0
0.843333 0 0 0 0
0.85 0 0 0 0
0.856667 0 0 0 0
0.863333 0 0 0 0
0.87 0 0 0 0
0.876667 0 0 0 0
0.883333 0 0 0 0
0.89 0 0 0 0
0.896667 0 0 0 0
0.903333 0 0 0 0
0.91 0 0 0 0
0.916667 0 0 0 0
0.923333 0 0 0 0
0.93 0 0 0 0
0.936667 0 0 0 0
0.943333 0 0 0 0
0.95 0 0 0 0
0.956667 0 0 0 0
0.963333 0 0 0 0
0.97 0 0 0 0
0.976667 0 0 0 0
0.983333 0 0 0 0
0.99 0 0 0 0
0.996667 0 0 0 0
1.00333 0 0 0 0
1.01 0 0 0 0
1.01667 0 0 0 0
1.02333 0 0 0 0
1.03 0 0 0 0
1.03667 0 0 0 0
1.04333 0 0 0 0
1.05 0 0 0 0
1.05667 0 0 0 0
1.06333 0 0 0 0
1.07 0 0 0 0
1.07667 0 0 0 0
1.08333 0 0 0 0
1.09 0 0 0 0
1.09667 0 0 0 0
1.10333 0 0 0 0
1.11 0 0 0 0
1.11667 0 0 0 0
1.12333 0 0 0 0
1.13 0 0 0 0
1.13667 0 0 0 0
1.14333 0 0 0 0
1.15 0 0 0 0
1.15667 0 0 0 0
1.16333 0 0 0 0
1.17 0 0 0 0
1.17667 0 0 0 0
1.18333 0 0 0 0
1.19 0 0 0 0
1.19667 0 0 0 0
1.20333 0 0 0 0
1.21 0 0 0 0
1.21667 0 0 0 0
1.22333 0 0 0 0
1.23 0 0 0 0
1.23667 0 0 0 0
1.24333 0 0 0 0
1.25 0 0 0 0
1.25667 0 0 0 0
1.26333 0 0 0 0
1.27 0 0 0 0
1.27667 0 0 0 0
1.28333 0 0 0 0
1.29 0 0 0 0
1.29667 0 0 0 0
1.30333 0 0 0 0
1.31 0 0 0 0
1.31667 0 0 0 0
1.32333 0 0 0 0
1.33 0 0 0 0
1.33667 0 0 0 0
1.34333 0 0 0 0
1.35 0 0 0 0
1.35667 0 0 0 0
1.36333 0 0 0 0
1.37 0 0 0 0
1.37667 0 0 0 0
1.38333 0 0 0 0
1.39 0 0 0 0
1.39667 0 0 0 0
1.40333 0 0 0 0
1.41 0 0 0 0
1.41667 0 0 0 0
1.42333 0 0 0 0
1.43 0 0 0 0
1.43667 0 0 0 0
1.44333 0 0 0 0
1.45 0 0 0 0
1.45667 0 0 0 0
1.46333 0 0 0 0
1.47 0 0 0 0
1.47667 0 0 0 0
1.48333 0 0 0 0
1.49 0 0 0 0
1.49667 0 0 0 0
1.50333 0 0 0 0
1.51 0 0 0 0
1.51667 0 0 0 0
1.52333 0 0 0 0
1.53 0 0 0 0
1.53667 0 0 0 0
1.54333 0 0 0 0
1.55 0 0 0 0
1.55667 0 0 0 0
1.56333 0 0 0 0
1.57 0 0 0 0
1.57667 0 0 0 0
1.58333 0 0 0 0
1.59 0 0 0 0
1.59667 0 0 0 0
1.60333 0 0 0 0
1.61 0 0 0 0
1.61667 0 0 0 0
1.62333 0 0 0 0
1.63 0 0 0 0
1.63667 0 0 0 0
1.64333 0 0 0 0
1.65 0 0 0 0
1.65667 0 0 0 0
1.66333 0 0 0 0
1.67 0 0 0 0
1.67667 0 0 0 0
1.68333 0 0 0 0
1.69 0 0 0 0
1.69667 0 0 0 0
1.70333 0 0 0 0
1.71 0 0 0 0
1.71667 0 0 0 0
1.72333 0 0 0 0
1.73 0 0 0 0
1.73667 0 0 0 0
1.74333 0 0 0 0
1.75 0 0 0 0
1.75667 0 0 0 0
1.76333 0 0 0 0
1.77 0 0 0 0
1.77667 0 0 0 0
1.78333 0 0 0 0
1.79 0 0 0 0
1.79667 0 0 0 0
1.80333 0 0 0 0
1.81 0 0 0 0
1.81667 0 0 0 0
1.82333 0 0 0 0
1.83 0 0 0 0
1.83667 0 0 0 0
1.84333 0 0 0 0
1.85 0 0 0 0
1.85667 0 0 0 0
1.86333 0 0 0 0
1.87 0 0 0 0
1.87667 0 0 0 0
1.88333 0 0 0 0
1.89 0 0 0 0
1.89667 0 0 0 0
1.90333 0 0 0 0
1.91 0 0 0 0
1.91667 0 0 0 0
1.92333 0 0 0 0
1.93 0 0 0 0
1.93667 0 0 0 0
1.94333 0 0 0 0
1.95 0 0 0 0
1.95667 0 0 0 0
1.96333 0 0 0 0
1.97 0 0 0 0
1.97667 0 0 0 0
1.98333 0 0 0 0
1.99 0 0 0 0
1.99667 0 0 0 0
