0.00333333 4 17 33 22
0.01 1 11 36 23
0.0166667 2 23 40 27
0.0233333 8 24 39 27
0.03 5 20 38 28
0.0366667 5 26 55 49
0.0433333 3 23 82 39
0.05 6 34 107 52
0.0566667 8 48 115 68
0.0633333 11 45 131 57
0.07 7 50 139 62
0.0766667 7 48 138 64
0.0833333 9 51 146 74
0.09 8 44 117 76
0.0966667 11 52 120 59
0.103333 10 53 139 72
0.11 10 50 151 65
0.116667 7 57 145 73
0.123333 5 42 129 66
0.13 11 48 136 84
0.136667 11 47 115 73
0.143333 9 46 93 76
0.15 10 38 113 56
0.156667 8 41 118 57
0.163333 10 43 94 71
0.17 4 39 92 68
0.176667 11 26 105 65
0.183333 11 33 101 57
0.19 8 51 104 59
0.196667 4 52 88 55
0.203333 10 41 88 73
0.21 9 43 85 44
0.216667 6 33 76 50
0.223333 8 38 82 50
0.23 8 34 70 54
0.236667 5 28 70 43
0.243333 1 35 69 50
0.25 9 43 78 41
0.256667 6 23 71 38
0.263333 4 30 75 35
0.27 4 23 51 52
0.276667 3 16 69 37
0.283333 5 35 59 37
0.29 5 19 49 37
0.296667 6 24 55 38
0.303333 0 22 49 46
0.31 6 34 40 44
0.316667 7 24 51 31
0.323333 6 29 59 33
0.33 5 19 45 30
0.336667 5 26 36 25
0.343333 6 20 53 33
0.35 7 20 61 29
0.356667 4 20 47 34
0.363333 8 25 49 26
0.37 7 19 37 36
0.376667 5 30 43 24
0.383333 0 25 30 31
0.39 4 22 59 34
0.396667 2 17 33 35
0.403333 5 19 40 31
0.41 3 21 33 31
0.416667 6 22 51 35
0.423333 3 28 47 25
0.43 2 19 39 26
0.436667 6 21 36 19
0.443333 3 24 42 26
0.45 1 20 34 26
0.456667 4 15 44 23
0.463333 3 23 31 38
0.47 2 18 33 20
0.476667 3 19 32 26
0.483333 4 15 28 18
0.49 1 15 31 19
0.496667 3 12 32 17
0.503333 3 15 26 20
0.51 2 9 22 18
0.516667 3 16 29 17
0.523333 2 11 29 12
0.53 4 9 21 16
0.536667 3 7 26 14
0.543333 3 14 21 16
0.55 2 6 20 18
0.556667 1 16 15 17
0.563333 2 8 22 19
0.57 3 9 25 15
0.576667 2 10 23 17
0.583333 1 12 18 18
0.59 1 11 14 13
0.596667 3 17 14 8
0.603333 3 9 19 12
0.61 2 6 14 11
0.616667 0 6 15 12
0.623333 5 10 17 11
0.63 1 6 15 17
0.636667 3 6 21 17
0.643333 2 11 16 6
0.65 3 9 21 11
0.656667 2 11 19 11
0.663333 80 610 817 720
0.67 0 0 0 0
0.676667 0 0 0 0
0.683333 0 0 0 0
0.69 0 0 0 0
0.696667 0 0 0 0
0.703333 0 0 0 0
0.71 0 0 0 0
0.716667 0 0 0 0
0.723333 0 0 0 0
0.73 0 0 0 0
0.736667 0 0 0 0
0.743333 0 0 0 0
0.75 0 0 0 0
0.756667 0 0 0 0
0.763333 0 0 0 0
0.77 0 0 0 0
0.776667 0 0 0 0
0.783333 0 0 0 0
0.79 0 0 0 0
0.796667 0 0 0 0
0.803333 0 0 0 0
0.81 0 0 0 0
0.816667 0 0 0 0
0.823333 0 0 0 0
0.83 0 0 0 0
0.836667 0 0 0 0
0.843333 0 0 0 0
0.85 0 0 0 0
0.856667 0 0 0 0
0.863333 0 0 0 0
0.87 0 0 0 0
0.876667 0 0 0 0
0.883333 0 0 0 0
0.89 0 0 0 0
0.896667 0 0 0 0
0.903333 0 0 0 0
0.91 0 0 0 0
0.916667 0 0 0 0
0.923333 0 0 0 0
0.93 0 0 0 0
0.936667 0 0 0 0
0.943333 0 0 0 0
0.95 0 0 0 0
0.956667 0 0 0 0
0.963333 0 0 0 0
0.97 0 0 0 0
0.976667 0 0 0 0
0.983333 0 0 0 0
0.99 0 0 0 0
0.996667 0 0 0 0
1.00333 0 0 0 0
1.01 0 0 0 0
1.01667 0 0 0 0
1.02333 0 0 0 0
1.03 0 0 0 0
1.03667 0 0 0 0
1.04333 0 0 0 0
1.05 0 0 0 0
1.05667 0 0 0 0
1.06333 0 0 0 0
1.07 0 0 0 0
1.07667 0 0 0 0
1.08333 0 0 0 0
1.09 0 0 0 0
1.09667 0 0 0 0
1.10333 0 0 0 0
1.11 0 0 0 0
1.11667 0 0 0 0
1.12333 0 0 0 0
1.13 0 0 0 0
1.13667 0 0 0 0
1.14333 0 0 0 0
1.15 0 0 0 0
1.15667 0 0 0 0
1.16333 0 0 0 0
1.17 0 0 0 0
1.17667 0 0 0 0
1.18333 0 0 0 0
1.19 0 0 0 0
1.19667 0 0 0 0
1.20333 0 0 0 0
1.21 0 0 0 0
1.21667 0 0 0 0
1.22333 0 0 0 0
1.23 0 0 0 0
1.23667 0 0 0 0
1.24333 0 0 0 0
1.25 0 0 0 0
1.25667 0 0 0 0
1.26333 0 0 0 0
1.27 0 0 0 0
1.27667 0 0 0 0
1.28333 0 0 0 0
1.29 0 0 0 0
1.29667 0 0 0 0
1.30333 0 0 0 0
1.31 0 0 0 0
1.31667 0 0 0 0
1.32333 0 0 0 0
1.33 0 0 0 0
1.33667 0 0 0 0
1.34333 0 0 0 0
1.35 0 0 0 0
1.35667 0 0 0 0
1.36333 0 0 0 0
1.37 0 0 0 0
1.37667 0 0 0 0
1.38333 0 0 0 0
1.39 0 0 0 0
1.39667 0 0 0 0
1.40333 0 0 0 0
1.41 0 0 0 0
1.41667 0 0 0 0
1.42333 0 0 0 0
1.43 0 0 0 0
1.43667 0 0 0 0
1.44333 0 0 0 0
1.45 0 0 0 0
1.45667 0 0 0 0
1.46333 0 0 0 0
1.47 0 0 0 0
1.47667 0 0 0 0
1.48333 0 0 0 0
1.49 0 0 0 0
1.49667 0 0 0 0
1.50333 0 0 0 0
1.51 0 0 0 0
1.51667 0 0 0 0
1.52333 0 0 0 0
1.53 0 0 0 0
1.53667 0 0 0 0
1.54333 0 0 0 0
1.55 0 0 0 0
1.55667 0 0 0 0
1.56333 0 0 0 0
1.57 0 0 0 0
1.57667 0 0 0 0
1.58333 0 0 0 0
1.59 0 0 0 0
1.59667 0 0 0 0
1.60333 0 0 0 0
1.61 0 0 0 0
1.61667 0 0 0 0
1.62333 0 0 0 0
1.63 0 0 0 0
1.63667 0 0 0 0
1.64333 0 0 0 0
1.65 0 0 0 0
1.65667 0 0 0 0
1.66333 0 0 0 0
1.67 0 0 0 0
1.67667 0 0 0 0
1.68333 0 0 0 0
1.69 0 0 0 0
1.69667 0 0 0 0
1.70333 0 0 0 0
1.71 0 0 0 0
1.71667 0 0 0 0
1.72333 0 0 0 0
1.73 0 0 0 0
1.73667 0 0 0 0
1.74333 0 0 0 0
1.75 0 0 0 0
1.75667 0 0 0 0
1.76333 0 0 0 0
1.77 0 0 0 0
1.77667 0 0 0 0
1.78333 0 0 0 0
1.79 0 0 0 0
1.79667 0 0 0 0
1.80333 0 0 0 0
1.81 0 0 0 0
1.81667 0 0 0 0
1.82333 0 0 0 0
1.83 0 0 0 0
1.83667 0 0 0 0
1.84333 0 0 0 0
1.85 0 0 0 0
1.85667 0 0 0 0
1.86333 0 0 0 0
1.87 0 0 0 0
1.87667 0 0 0 0
1.88333 0 0 0 0
1.89 0 0 0 0
1.89667 0 0 0 0
1.90333 0 0 0 0
1.91 0 0 0 0
1.91667 0 0 0 0
1.92333 0 0 0 0
1.93 0 0 0 0
1.93667 0 0 0 0
1.94333 0 0 0 0
1.95 0 0 0 0
1.95667 0 0 0 0
1.96333 0 0 0 0
1.97 0 0 0 0
1.97667 0 0 0 0
1.98333 0 0 0 0
1.99 0 0 0 0
1.99667 0 0 0 0
