0.00333333 86 38 2 4
0.01 103 38 5 10
0.0166667 99 41 2 7
0.0233333 95 39 2 4
0.03 93 48 1 3
0.0366667 86 64 3 5
0.0433333 123 67 1 3
0.05 155 64 7 7
0.0566667 133 114 6 11
0.0633333 147 94 9 9
0.07 165 98 7 8
0.0766667 139 102 1 9
0.0833333 155 117 8 10
0.09 187 125 9 7
0.0966667 147 117 17 7
0.103333 168 111 7 12
0.11 181 136 9 11
0.116667 204 122 2 9
0.123333 205 123 1 12
0.13 180 121 9 14
0.136667 212 99 5 7
0.143333 233 102 5 9
0.15 215 89 8 7
0.156667 216 107 4 10
0.163333 178 94 1 7
0.17 194 81 3 11
0.176667 227 95 4 14
0.183333 284 88 4 9
0.19 324 78 4 19
0.196667 326 82 3 12
0.203333 303 82 4 8
0.21 250 96 5 13
0.216667 203 80 1 8
0.223333 242 88 11 9
0.23 171 81 5 11
0.236667 206 77 5 7
0.243333 201 82 5 7
0.25 197 74 4 9
0.256667 137 81 5 6
0.263333 137 65 5 14
0.27 157 70 2 7
0.276667 133 56 6 8
0.283333 145 53 3 10
0.29 133 74 2 10
0.296667 149 56 3 12
0.303333 126 60 1 5
0.31 132 48 3 9
0.316667 105 56 5 9
0.323333 116 46 3 7
0.33 101 42 2 9
0.336667 128 55 5 4
0.343333 108 47 3 8
0.35 116 47 2 4
0.356667 97 44 2 7
0.363333 95 37 3 7
0.37 95 43 2 9
0.376667 105 48 4 11
0.383333 119 57 3 6
0.39 112 36 1 9
0.396667 92 30 0 7
0.403333 86 47 3 11
0.41 109 39 2 6
0.416667 105 48 3 5
0.423333 95 35 6 11
0.43 79 46 2 8
0.436667 88 44 2 7
0.443333 93 36 1 5
0.45 121 43 4 6
0.456667 86 40 3 10
0.463333 110 48 1 8
0.47 112 35 5 3
0.476667 88 26 3 7
0.483333 33 31 2 2
0.49 34 31 2 9
0.496667 41 26 3 5
0.503333 30 28 2 8
0.51 28 18 1 1
0.516667 30 30 0 5
0.523333 24 14 2 3
0.53 19 17 1 2
0.536667 19 25 2 5
0.543333 15 23 0 0
0.55 17 17 3 7
0.556667 19 21 1 3
0.563333 18 27 1 2
0.57 22 20 2 6
0.576667 17 29 1 1
0.583333 25 26 1 8
0.59 14 16 1 1
0.596667 10 26 4 4
0.603333 11 24 2 1
0.61 22 29 3 4
0.616667 16 28 3 2
0.623333 19 19 0 5
0.63 27 19 0 0
0.636667 31 21 5 1
0.643333 11 17 0 1
0.65 5 16 0 3
0.656667 8 20 1 1
0.663333 6230 1140 27 440
0.67 0 0 0 0
0.676667 0 0 0 0
0.683333 0 0 0 0
0.69 0 0 0 0
0.696667 0 0 0 0
0.703333 0 0 0 0
0.71 0 0 0 0
0.716667 0 0 0 0
0.723333 0 0 0 0
0.73 0 0 0 0
0.736667 0 0 0 0
0.743333 0 0 0 0
0.75 0 0 0 0
0.756667 0 0 0 0
0.763333 0 0 0 0
0.77 0 0 0 0
0.776667 0 0 0 0
0.783333 0 0 0 0
0.79 0 0 0 0
0.796667 0 0 0 0
0.803333 0 0 0 0
0.81 0 0 0 0
0.816667 0 0 0 0
0.823333 0 0 0 0
0.83 0 0 0 0
0.836667 0 0 0 0
0.843333 0 0 0 0
0.85 0 0 0 0
0.856667 0 0 0 0
0.863333 0 0 0 0
0.87 0 0 0 0
0.876667 0 0 0 0
0.883333 0 0 0 0
0.89 0 0 0 0
0.896667 0 0 0 0
0.903333 0 0 0 0
0.91 0 0 0 0
0.916667 0 0 0 0
0.923333 0 0 0 0
0.93 0 0 0 0
0.936667 0 0 0 0
0.943333 0 0 0 0
0.95 0 0 0 0
0.956667 0 0 0 0
0.963333 0 0 0 0
0.97 0 0 0 0
0.976667 0 0 0 0
0.983333 0 0 0 0
0.99 0 0 0 0
0.996667 0 0 0 0
1.00333 0 0 0 0
1.01 0 0 0 0
1.01667 0 0 0 0
1.02333 0 0 0 0
1.03 0 0 0 0
1.03667 0 0 0 0
1.04333 0 0 0 0
1.05 0 0 0 0
1.05667 0 0 0 0
1.06333 0 0 0 0
1.07 0 0 0 0
1.07667 0 0 0 0
1.08333 0 0 0 0
1.09 0 0 0 0
1.09667 0 0 0 0
1.10333 0 0 0 0
1.11 0 0 0 0
1.11667 0 0 0 0
1.12333 0 0 0 0
1.13 0 0 0 0
1.13667 0 0 0 0
1.14333 0 0 0 0
1.15 0 0 0 0
1.15667 0 0 0 0
1.16333 0 0 0 0
1.17 0 0 0 0
1.17667 0 0 0 0
1.18333 0 0 0 0
1.19 0 0 0 0
1.19667 0 0 0 0
1.20333 0 0 0 0
1.21 0 0 0 0
1.21667 0 0 0 0
1.22333 0 0 0 0
1.23 0 0 0 0
1.23667 0 0 0 0
1.24333 0 0 0 0
1.25 0 0 0 0
1.25667 0 0 0 0
1.26333 0 0 0 0
1.27 0 0 0 0
1.27667 0 0 0 0
1.28333 0 0 0 0
1.29 0 0 0 0
1.29667 0 0 0 0
1.30333 0 0 0 0
1.31 0 0 0 0
1.31667 0 0 0 0
1.32333 0 0 0 0
1.33 0 0 0 0
1.33667 0 0 0 0
1.34333 0 0 0 0
1.35 0 0 0 0
1.35667 0 0 0 0
1.36333 0 0 0 0
1.37 0 0 0 0
1.37667 0 0 0 0
1.38333 0 0 0 0
1.39 0 0 0 0
1.39667 0 0 0 0
1.40333 0 0 0 0
1.41 0 0 0 0
1.41667 0 0 0 0
1.42333 0 0 0 0
1.43 0 0 0 0
1.43667 0 0 0 0
1.44333 0 0 0 0
1.45 0 0 0 0
1.45667 0 0 0 0
1.46333 0 0 0 0
1.47 0 0 0 0
1.47667 0 0 0 0
1.48333 0 0 0 0
1.49 0 0 0 0
1.49667 0 0 0 0
1.50333 0 0 0 0
1.51 0 0 0 0
1.51667 0 0 0 0
1.52333 0 0 0 0
1.53 0 0 0 0
1.53667 0 0 0 0
1.54333 0 0 0 0
1.55 0 0 0 0
1.55667 0 0 0 0
1.56333 0 0 0 0
1.57 0 0 0 0
1.57667 0 0 0 0
1.58333 0 0 0 0
1.59 0 0 0 0
1.59667 0 0 0 0
1.60333 0 0 0 0
1.61 0 0 0 0
1.61667 0 0 0 0
1.62333 0 0 0 0
1.63 0 0 0 0
1.63667 0 0 0 0
1.64333 0 0 0 0
1.65 0 0 0 0
1.65667 0 0 0 0
1.66333 0 0 0 0
1.67 0 0 0 0
1.67667 0 0 0 0
1.68333 0 0 0 0
1.69 0 0 0 0
1.69667 0 0 0 0
1.70333 0 0 0 0
1.71 0 0 0 0
1.71667 0 0 0 0
1.72333 0 0 0 0
1.73 0 0 0 0
1.73667 0 0 0 0
1.74333 0 0 0 0
1.75 0 0 0 0
1.75667 0 0 0 0
1.76333 0 0 0 0
1.77 0 0 0 0
1.77667 0 0 0 0
1.78333 0 0 0 0
1.79 0 0 0 0
1.79667 0 0 0 0
1.80333 0 0 0 0
1.81 0 0 0 0
1.81667 0 0 0 0
1.82333 0 0 0 0
1.83 0 0 0 0
1.83667 0 0 0 0
1.84333 0 0 0 0
1.85 0 0 0 0
1.85667 0 0 0 0
1.86333 0 0 0 0
1.87 0 0 0 0
1.87667 0 0 0 0
1.88333 0 0 0 0
1.89 0 0 0 0
1.89667 0 0 0 0
1.90333 0 0 0 0
1.91 0 0 0 0
1.91667 0 0 0 0
1.92333 0 0 0 0
1.93 0 0 0 0
1.93667 0 0 0 0
1.94333 0 0 0 0
1.95 0 0 0 0
1.95667 0 0 0 0
1.96333 0 0 0 0
1.97 0 0 0 0
1.97667 0 0 0 0
1.98333 0 0 0 0
1.99 0 0 0 0
1.99667 0 0 0 0
