0.00333333 22 40 6 1
0.01 36 46 5 3
0.0166667 40 48 4 2
0.0233333 37 45 5 1
0.03 57 64 5 3
0.0366667 49 75 6 4
0.0433333 90 87 19 1
0.05 101 158 13 6
0.0566667 117 146 19 5
0.0633333 125 197 12 6
0.07 127 182 19 6
0.0766667 127 179 20 6
0.0833333 150 184 15 2
0.09 147 174 19 3
0.0966667 131 177 16 1
0.103333 126 184 28 7
0.11 135 177 24 5
0.116667 134 175 27 3
0.123333 109 172 22 2
0.13 92 188 22 6
0.136667 118 122 11 4
0.143333 118 128 10 2
0.15 108 120 21 7
0.156667 104 143 10 5
0.163333 83 128 16 0
0.17 88 125 21 1
0.176667 95 103 14 3
0.183333 96 120 24 3
0.19 98 120 14 2
0.196667 94 108 15 0
0.203333 76 123 10 2
0.21 82 97 6 2
0.216667 80 104 14 2
0.223333 67 84 11 5
0.23 63 81 11 1
0.236667 73 111 9 4
0.243333 69 81 14 1
0.25 56 91 12 3
0.256667 50 76 12 3
0.263333 58 79 14 3
0.27 52 80 12 6
0.276667 61 83 12 2
0.283333 61 69 10 4
0.29 55 67 7 4
0.296667 44 74 13 1
0.303333 63 68 8 2
0.31 58 72 4 2
0.316667 38 63 11 2
0.323333 36 51 9 0
0.33 50 58 7 1
0.336667 46 65 13 4
0.343333 44 46 9 1
0.35 43 61 6 0
0.356667 43 60 6 1
0.363333 45 61 7 0
0.37 40 49 13 1
0.376667 34 51 12 2
0.383333 43 47 6 0
0.39 45 54 5 1
0.396667 43 39 5 2
0.403333 35 43 5 1
0.41 31 50 12 2
0.416667 34 51 11 2
0.423333 36 46 5 2
0.43 26 40 7 1
0.436667 26 37 3 2
0.443333 43 40 5 1
0.45 42 35 4 0
0.456667 37 42 10 3
0.463333 34 40 9 2
0.47 28 29 7 1
0.476667 22 36 5 3
0.483333 22 26 5 1
0.49 28 27 4 0
0.496667 22 27 3 0
0.503333 18 32 7 0
0.51 36 24 5 0
0.516667 26 21 2 0
0.523333 23 26 6 1
0.53 26 18 8 2
0.536667 23 22 4 2
0.543333 22 26 4 1
0.55 21 25 5 1
0.556667 14 21 5 0
0.563333 21 26 4 1
0.57 20 23 5 1
0.576667 16 26 6 2
0.583333 23 24 1 1
0.59 23 25 4 0
0.596667 19 33 2 2
0.603333 16 21 7 1
0.61 13 21 3 1
0.616667 16 22 11 1
0.623333 24 18 5 2
0.63 14 18 4 2
0.636667 18 27 5 2
0.643333 21 22 1 2
0.65 18 14 5 5
0.656667 15 21 4 1
0.663333 753 969 120 19
0.67 0 0 0 0
0.676667 0 0 0 0
0.683333 0 0 0 0
0.69 0 0 0 0
0.696667 0 0 0 0
0.703333 0 0 0 0
0.71 0 0 0 0
0.716667 0 0 0 0
0.723333 0 0 0 0
0.73 0 0 0 0
0.736667 0 0 0 0
0.743333 0 0 0 0
0.75 0 0 0 0
0.756667 0 0 0 0
0.763333 0 0 0 0
0.77 0 0 0 0
0.776667 0 0 0 0
0.783333 0 0 0 0
0.79 0 0 0 0
0.796667 0 0 0 0
0.803333 0 0 0 0
0.81 0 0 0 0
0.816667 0 0 0 0
0.823333 0 0 0 0
0.83 0 0 0 0
0.836667 0 0 0 0
0.843333 0 0 0 0
0.85 0 0 0 0
0.856667 0 0 0 0
0.863333 0 0 0 0
0.87 0 0 0 0
0.876667 0 0 0 0
0.883333 0 0 0 0
0.89 0 0 0 0
0.896667 0 0 0 0
0.903333 0 0 0 0
0.91 0 0 0 0
0.916667 0 0 0 0
0.923333 0 0 0 0
0.93 0 0 0 0
0.936667 0 0 0 0
0.943333 0 0 0 0
0.95 0 0 0 0
0.956667 0 0 0 0
0.963333 0 0 0 0
0.97 0 0 0 0
0.976667 0 0 0 0
0.983333 0 0 0 0
0.99 0 0 0 0
0.996667 0 0 0 0
1.00333 0 0 0 0
1.01 0 0 0 0
1.01667 0 0 0 0
1.02333 0 0 0 0
1.03 0 0 0 0
1.03667 0 0 0 0
1.04333 0 0 0 0
1.05 0 0 0 0
1.05667 0 0 0 0
1.06333 0 0 0 0
1.07 0 0 0 0
1.07667 0 0 0 0
1.08333 0 0 0 0
1.09 0 0 0 0
1.09667 0 0 0 0
1.10333 0 0 0 0
1.11 0 0 0 0
1.11667 0 0 0 0
1.12333 0 0 0 0
1.13 0 0 0 0
1.13667 0 0 0 0
1.14333 0 0 0 0
1.15 0 0 0 0
1.15667 0 0 0 0
1.16333 0 0 0 0
1.17 0 0 0 0
1.17667 0 0 0 0
1.18333 0 0 0 0
1.19 0 0 0 0
1.19667 0 0 0 0
1.20333 0 0 0 0
1.21 0 0 0 0
1.21667 0 0 0 0
1.22333 0 0 0 0
1.23 0 0 0 0
1.23667 0 0 0 0
1.24333 0 0 0 0
1.25 0 0 0 0
1.25667 0 0 0 0
1.26333 0 0 0 0
1.27 0 0 0 0
1.27667 0 0 0 0
1.28333 0 0 0 0
1.29 0 0 0 0
1.29667 0 0 0 0
1.30333 0 0 0 0
1.31 0 0 0 0
1.31667 0 0 0 0
1.32333 0 0 0 0
1.33 0 0 0 0
1.33667 0 0 0 0
1.34333 0 0 0 0
1.35 0 0 0 0
1.35667 0 0 0 0
1.36333 0 0 0 0
1.37 0 0 0 0
1.37667 0 0 0 0
1.38333 0 0 0 0
1.39 0 0 0 0
1.39667 0 0 0 0
1.40333 0 0 0 0
1.41 0 0 0 0
1.41667 0 0 0 0
1.42333 0 0 0 0
1.43 0 0 0 0
1.43667 0 0 0 0
1.44333 0 0 0 0
1.45 0 0 0 0
1.45667 0 0 0 0
1.46333 0 0 0 0
1.47 0 0 0 0
1.47667 0 0 0 0
1.48333 0 0 0 0
1.49 0 0 0 0
1.49667 0 0 0 0
1.50333 0 0 0 0
1.51 0 0 0 0
1.51667 0 0 0 0
1.52333 0 0 0 0
1.53 0 0 0 0
1.53667 0 0 0 0
1.54333 0 0 0 0
1.55 0 0 0 0
1.55667 0 0 0 0
1.56333 0 0 0 0
1.57 0 0 0 0
1.57667 0 0 0 0
1.58333 0 0 0 0
1.59 0 0 0 0
1.59667 0 0 0 0
1.60333 0 0 0 0
1.61 0 0 0 0
1.61667 0 0 0 0
1.62333 0 0 0 0
1.63 0 0 0 0
1.63667 0 0 0 0
1.64333 0 0 0 0
1.65 0 0 0 0
1.65667 0 0 0 0
1.66333 0 0 0 0
1.67 0 0 0 0
1.67667 0 0 0 0
1.68333 0 0 0 0
1.69 0 0 0 0
1.69667 0 0 0 0
1.70333 0 0 0 0
1.71 0 0 0 0
1.71667 0 0 0 0
1.72333 0 0 0 0
1.73 0 0 0 0
1.73667 0 0 0 0
1.74333 0 0 0 0
1.75 0 0 0 0
1.75667 0 0 0 0
1.76333 0 0 0 0
1.77 0 0 0 0
1.77667 0 0 0 0
1.78333 0 0 0 0
1.79 0 0 0 0
1.79667 0 0 0 0
1.80333 0 0 0 0
1.81 0 0 0 0
1.81667 0 0 0 0
1.82333 0 0 0 0
1.83 0 0 0 0
1.83667 0 0 0 0
1.84333 0 0 0 0
1.85 0 0 0 0
1.85667 0 0 0 0
1.86333 0 0 0 0
1.87 0 0 0 0
1.87667 0 0 0 0
1.88333 0 0 0 0
1.89 0 0 0 0
1.89667 0 0 0 0
1.90333 0 0 0 0
1.91 0 0 0 0
1.91667 0 0 0 0
1.92333 0 0 0 0
1.93 0 0 0 0
1.93667 0 0 0 0
1.94333 0 0 0 0
1.95 0 0 0 0
1.95667 0 0 0 0
1.96333 0 0 0 0
1.97 0 0 0 0
1.97667 0 0 0 0
1.98333 0 0 0 0
1.99 0 0 0 0
1.99667 0 0 0 0
