0.00333333 33 25 3 5
0.01 23 35 10 9
0.0166667 32 34 11 6
0.0233333 40 36 9 4
0.03 26 45 11 4
0.0366667 30 56 10 13
0.0433333 47 65 25 16
0.05 49 71 20 6
0.0566667 36 97 28 20
0.0633333 60 103 29 13
0.07 60 126 40 16
0.0766667 65 113 24 14
0.0833333 71 117 26 19
0.09 77 107 31 17
0.0966667 70 134 31 25
0.103333 65 97 23 13
0.11 68 101 32 15
0.116667 68 98 32 16
0.123333 74 102 33 12
0.13 84 88 32 23
0.136667 66 66 26 18
0.143333 73 104 22 21
0.15 70 94 11 12
0.156667 55 82 17 13
0.163333 62 87 21 17
0.17 62 66 22 12
0.176667 78 82 29 17
0.183333 64 69 16 10
0.19 74 69 26 28
0.196667 75 81 22 22
0.203333 71 63 21 22
0.21 63 69 10 22
0.216667 58 75 19 21
0.223333 44 57 10 13
0.23 52 71 15 24
0.236667 53 46 18 13
0.243333 47 56 15 14
0.25 50 52 21 13
0.256667 36 37 12 20
0.263333 55 48 16 9
0.27 41 44 14 14
0.276667 41 46 8 8
0.283333 38 43 15 16
0.29 33 44 9 13
0.296667 51 43 7 14
0.303333 44 45 12 11
0.31 41 44 12 11
0.316667 25 44 12 15
0.323333 31 37 14 12
0.33 31 40 8 10
0.336667 36 42 16 7
0.343333 30 33 10 9
0.35 25 33 11 5
0.356667 34 42 12 12
0.363333 36 38 12 7
0.37 19 36 11 7
0.376667 37 40 11 9
0.383333 32 37 5 12
0.39 31 31 4 17
0.396667 31 34 12 14
0.403333 27 33 7 9
0.41 30 32 9 10
0.416667 40 33 8 9
0.423333 32 27 11 7
0.43 42 33 10 10
0.436667 30 27 5 8
0.443333 27 19 7 14
0.45 23 39 9 15
0.456667 30 29 15 10
0.463333 27 34 10 9
0.47 24 36 6 12
0.476667 32 26 8 13
0.483333 16 26 9 2
0.49 18 22 6 10
0.496667 14 17 11 10
0.503333 17 15 7 3
0.51 13 23 4 5
0.516667 21 18 6 5
0.523333 13 20 7 2
0.53 11 24 8 4
0.536667 17 13 8 6
0.543333 12 23 4 3
0.55 13 14 4 8
0.556667 15 14 5 4
0.563333 13 19 5 4
0.57 15 15 1 4
0.576667 15 15 3 8
0.583333 18 15 7 10
0.59 11 19 5 10
0.596667 11 11 4 2
0.603333 14 18 1 6
0.61 15 16 11 7
0.616667 15 15 5 3
0.623333 13 17 1 4
0.63 10 11 5 1
0.636667 18 13 2 8
0.643333 7 20 7 5
0.65 10 19 4 6
0.656667 10 13 5 4
0.663333 1056 661 114 323
0.67 0 0 0 0
0.676667 0 0 0 0
0.683333 0 0 0 0
0.69 0 0 0 0
0.696667 0 0 0 0
0.703333 0 0 0 0
0.71 0 0 0 0
0.716667 0 0 0 0
0.723333 0 0 0 0
0.73 0 0 0 0
0.736667 0 0 0 0
0.743333 0 0 0 0
0.75 0 0 0 0
0.756667 0 0 0 0
0.763333 0 0 0 0
0.77 0 0 0 0
0.776667 0 0 0 0
0.783333 0 0 0 0
0.79 0 0 0 0
0.796667 0 0 0 0
0.803333 0 0 0 0
0.81 0 0 0 0
0.816667 0 0 0 0
0.823333 0 0 0 0
0.83 0 0 0 0
0.836667 0 0 0 0
0.843333 0 0 0 0
0.85 0 0 0 0
0.856667 0 0 0 0
0.863333 0 0 0 0
0.87 0 0 0 0
0.876667 0 0 0 0
0.883333 0 0 0 0
0.89 0 0 0 0
0.896667 0 0 0 0
0.903333 0 0 0 0
0.91 0 0 0 0
0.916667 0 0 0 0
0.923333 0 0 0 0
0.93 0 0 0 0
0.936667 0 0 0 0
0.943333 0 0 0 0
0.95 0 0 0 0
0.956667 0 0 0 0
0.963333 0 0 0 0
0.97 0 0 0 0
0.976667 0 0 0 0
0.983333 0 0 0 0
0.99 0 0 0 0
0.996667 0 0 0 0
1.00333 0 0 0 0
1.01 0 0 0 0
1.01667 0 0 0 0
1.02333 0 0 0 0
1.03 0 0 0 0
1.03667 0 0 0 0
1.04333 0 0 0 0
1.05 0 0 0 0
1.05667 0 0 0 0
1.06333 0 0 0 0
1.07 0 0 0 0
1.07667 0 0 0 0
1.08333 0 0 0 0
1.09 0 0 0 0
1.09667 0 0 0 0
1.10333 0 0 0 0
1.11 0 0 0 0
1.11667 0 0 0 0
1.12333 0 0 0 0
1.13 0 0 0 0
1.13667 0 0 0 0
1.14333 0 0 0 0
1.15 0 0 0 0
1.15667 0 0 0 0
1.16333 0 0 0 0
1.17 0 0 0 0
1.17667 0 0 0 0
1.18333 0 0 0 0
1.19 0 0 0 0
1.19667 0 0 0 0
1.20333 0 0 0 0
1.21 0 0 0 0
1.21667 0 0 0 0
1.22333 0 0 0 0
1.23 0 0 0 0
1.23667 0 0 0 0
1.24333 0 0 0 0
1.25 0 0 0 0
1.25667 0 0 0 0
1.26333 0 0 0 0
1.27 0 0 0 0
1.27667 0 0 0 0
1.28333 0 0 0 0
1.29 0 0 0 0
1.29667 0 0 0 0
1.30333 0 0 0 0
1.31 0 0 0 0
1.31667 0 0 0 0
1.32333 0 0 0 0
1.33 0 0 0 0
1.33667 0 0 0 0
1.34333 0 0 0 0
1.35 0 0 0 0
1.35667 0 0 0 0
1.36333 0 0 0 0
1.37 0 0 0 0
1.37667 0 0 0 0
1.38333 0 0 0 0
1.39 0 0 0 0
1.39667 0 0 0 0
1.40333 0 0 0 0
1.41 0 0 0 0
1.41667 0 0 0 0
1.42333 0 0 0 0
1.43 0 0 0 0
1.43667 0 0 0 0
1.44333 0 0 0 0
1.45 0 0 0 0
1.45667 0 0 0 0
1.46333 0 0 0 0
1.47 0 0 0 0
1.47667 0 0 0 0
1.48333 0 0 0 0
1.49 0 0 0 0
1.49667 0 0 0 0
1.50333 0 0 0 0
1.51 0 0 0 0
1.51667 0 0 0 0
1.52333 0 0 0 0
1.53 0 0 0 0
1.53667 0 0 0 0
1.54333 0 0 0 0
1.55 0 0 0 0
1.55667 0 0 0 0
1.56333 0 0 0 0
1.57 0 0 0 0
1.57667 0 0 0 0
1.58333 0 0 0 0
1.59 0 0 0 0
1.59667 0 0 0 0
1.60333 0 0 0 0
1.61 0 0 0 0
1.61667 0 0 0 0
1.62333 0 0 0 0
1.63 0 0 0 0
1.63667 0 0 0 0
1.64333 0 0 0 0
1.65 0 0 0 0
1.65667 0 0 0 0
1.66333 0 0 0 0
1.67 0 0 0 0
1.67667 0 0 0 0
1.68333 0 0 0 0
1.69 0 0 0 0
1.69667 0 0 0 0
1.70333 0 0 0 0
1.71 0 0 0 0
1.71667 0 0 0 0
1.72333 0 0 0 0
1.73 0 0 0 0
1.73667 0 0 0 0
1.74333 0 0 0 0
1.75 0 0 0 0
1.75667 0 0 0 0
1.76333 0 0 0 0
1.77 0 0 0 0
1.77667 0 0 0 0
1.78333 0 0 0 0
1.79 0 0 0 0
1.79667 0 0 0 0
1.80333 0 0 0 0
1.81 0 0 0 0
1.81667 0 0 0 0
1.82333 0 0 0 0
1.83 0 0 0 0
1.83667 0 0 0 0
1.84333 0 0 0 0
1.85 0 0 0 0
1.85667 0 0 0 0
1.86333 0 0 0 0
1.87 0 0 0 0
1.87667 0 0 0 0
1.88333 0 0 0 0
1.89 0 0 0 0
1.89667 0 0 0 0
1.90333 0 0 0 0
1.91 0 0 0 0
1.91667 0 0 0 0
1.92333 0 0 0 0
1.93 0 0 0 0
1.93667 0 0 0 0
1.94333 0 0 0 0
1.95 0 0 0 0
1.95667 0 0 0 0
1.96333 0 0 0 0
1.97 0 0 0 0
1.97667 0 0 0 0
1.98333 0 0 0 0
1.99 0 0 0 0
1.99667 0 0 0 0
