0.00333333 2 2 28 44
0.01 5 0 40 51
0.0166667 1 8 42 60
0.0233333 9 5 42 57
0.03 6 7 48 63
0.0366667 1 9 53 72
0.0433333 2 12 81 73
0.05 9 10 106 92
0.0566667 9 12 147 143
0.0633333 4 18 130 149
0.07 5 20 143 140
0.0766667 15 27 154 160
0.0833333 8 18 147 151
0.09 4 21 134 185
0.0966667 8 25 157 159
0.103333 7 27 141 150
0.11 3 23 150 164
0.116667 8 21 131 171
0.123333 7 22 136 161
0.13 10 23 133 171
0.136667 10 20 145 139
0.143333 8 17 118 132
0.15 10 20 101 137
0.156667 5 9 113 130
0.163333 3 22 72 143
0.17 10 13 89 138
0.176667 7 9 95 139
0.183333 3 13 80 148
0.19 11 15 95 149
0.196667 5 23 98 144
0.203333 10 20 93 153
0.21 5 14 88 141
0.216667 6 13 79 127
0.223333 10 14 84 129
0.23 10 17 73 105
0.236667 5 8 83 118
0.243333 6 10 76 110
0.25 5 9 65 124
0.256667 5 11 67 89
0.263333 8 15 67 89
0.27 1 10 58 81
0.276667 7 19 48 89
0.283333 2 10 55 84
0.29 3 8 73 64
0.296667 7 13 48 73
0.303333 6 7 58 76
0.31 6 4 69 84
0.316667 5 5 60 61
0.323333 6 7 54 83
0.33 3 6 33 55
0.336667 6 14 59 65
0.343333 3 9 53 62
0.35 1 4 62 65
0.356667 5 12 35 68
0.363333 3 14 32 57
0.37 4 8 44 68
0.376667 4 9 36 54
0.383333 4 7 36 57
0.39 2 7 27 81
0.396667 5 5 40 54
0.403333 3 8 40 53
0.41 3 9 30 58
0.416667 8 10 33 46
0.423333 4 8 43 48
0.43 3 5 33 52
0.436667 2 10 37 51
0.443333 7 7 27 57
0.45 2 10 25 61
0.456667 4 7 37 61
0.463333 2 8 35 52
0.47 8 4 41 38
0.476667 3 10 21 46
0.483333 4 2 17 25
0.49 2 4 24 24
0.496667 3 6 20 30
0.503333 2 3 25 20
0.51 1 4 24 32
0.516667 4 4 28 26
0.523333 2 6 15 36
0.53 3 2 16 29
0.536667 1 3 20 33
0.543333 3 4 21 24
0.55 2 3 24 22
0.556667 2 7 22 15
0.563333 0 5 17 18
0.57 3 6 15 18
0.576667 1 4 10 21
0.583333 3 4 16 25
0.59 4 2 13 20
0.596667 2 7 19 27
0.603333 2 7 20 15
0.61 1 5 22 16
0.616667 0 7 16 15
0.623333 2 3 16 17
0.63 4 7 24 11
0.636667 3 4 13 22
0.643333 3 6 14 13
0.65 3 8 21 24
0.656667 1 6 14 17
0.663333 95 116 703 1754
0.67 0 0 0 0
0.676667 0 0 0 0
0.683333 0 0 0 0
0.69 0 0 0 0
0.696667 0 0 0 0
0.703333 0 0 0 0
0.71 0 0 0 0
0.716667 0 0 0 0
0.723333 0 0 0 0
0.73 0 0 0 0
0.736667 0 0 0 0
0.743333 0 0 0 0
0.75 0 0 0 0
0.756667 0 0 0 0
0.763333 0 0 0 0
0.77 0 0 0 0
0.776667 0 0 0 0
0.783333 0 0 0 0
0.79 0 0 0 0
0.796667 0 0 0 0
0.803333 0 0 0 0
0.81 0 0 0 0
0.816667 0 0 0 0
0.823333 0 0 0 0
0.83 0 0 0 0
0.836667 0 0 0 0
0.843333 0 0 0 0
0.85 0 0 0 0
0.856667 0 0 0 0
0.863333 0 0 0 0
0.87 0 0 0 0
0.876667 0 0 0 0
0.883333 0 0 0 0
0.89 0 0 0 0
0.896667 0 0 0 0
0.903333 0 0 0 0
0.91 0 0 0 0
0.916667 0 0 0 0
0.923333 0 0 0 0
0.93 0 0 0 0
0.936667 0 0 0 0
0.943333 0 0 0 0
0.95 0 0 0 0
0.956667 0 0 0 0
0.963333 0 0 0 0
0.97 0 0 0 0
0.976667 0 0 0 0
0.983333 0 0 0 0
0.99 0 0 0 0
0.996667 0 0 0 0
1.00333 0 0 0 0
1.01 0 0 0 0
1.01667 0 0 0 0
1.02333 0 0 0 0
1.03 0 0 0 0
1.03667 0 0 0 0
1.04333 0 0 0 0
1.05 0 0 0 0
1.05667 0 0 0 0
1.06333 0 0 0 0
1.07 0 0 0 0
1.07667 0 0 0 0
1.08333 0 0 0 0
1.09 0 0 0 0
1.09667 0 0 0 0
1.10333 0 0 0 0
1.11 0 0 0 0
1.11667 0 0 0 0
1.12333 0 0 0 0
1.13 0 0 0 0
1.13667 0 0 0 0
1.14333 0 0 0 0
1.15 0 0 0 0
1.15667 0 0 0 0
1.16333 0 0 0 0
1.17 0 0 0 0
1.17667 0 0 0 0
1.18333 0 0 0 0
1.19 0 0 0 0
1.19667 0 0 0 0
1.20333 0 0 0 0
1.21 0 0 0 0
1.21667 0 0 0 0
1.22333 0 0 0 0
1.23 0 0 0 0
1.23667 0 0 0 0
1.24333 0 0 0 0
1.25 0 0 0 0
1.25667 0 0 0 0
1.26333 0 0 0 0
1.27 0 0 0 0
1.27667 0 0 0 0
1.28333 0 0 0 0
1.29 0 0 0 0
1.29667 0 0 0 0
1.30333 0 0 0 0
1.31 0 0 0 0
1.31667 0 0 0 0
1.32333 0 0 0 0
1.33 0 0 0 0
1.33667 0 0 0 0
1.34333 0 0 0 0
1.35 0 0 0 0
1.35667 0 0 0 0
1.36333 0 0 0 0
1.37 0 0 0 0
1.37667 0 0 0 0
1.38333 0 0 0 0
1.39 0 0 0 0
1.39667 0 0 0 0
1.40333 0 0 0 0
1.41 0 0 0 0
1.41667 0 0 0 0
1.42333 0 0 0 0
1.43 0 0 0 0
1.43667 0 0 0 0
1.44333 0 0 0 0
1.45 0 0 0 0
1.45667 0 0 0 0
1.46333 0 0 0 0
1.47 0 0 0 0
1.47667 0 0 0 0
1.48333 0 0 0 0
1.49 0 0 0 0
1.49667 0 0 0 0
1.50333 0 0 0 0
1.51 0 0 0 0
1.51667 0 0 0 0
1.52333 0 0 0 0
1.53 0 0 0 0
1.53667 0 0 0 0
1.54333 0 0 0 0
1.55 0 0 0 0
1.55667 0 0 0 0
1.56333 0 0 0 0
1.57 0 0 0 0
1.57667 0 0 0 0
1.58333 0 0 0 0
1.59 0 0 0 0
1.59667 0 0 0 0
1.60333 0 0 0 0
1.61 0 0 0 0
1.61667 0 0 0 0
1.62333 0 0 0 0
1.63 0 0 0 0
1.63667 0 0 0 0
1.64333 0 0 0 0
1.65 0 0 0 0
1.65667 0 0 0 0
1.66333 0 0 0 0
1.67 0 0 0 0
1.67667 0 0 0 0
1.68333 0 0 0 0
1.69 0 0 0 0
1.69667 0 0 0 0
1.70333 0 0 0 0
1.71 0 0 0 0
1.71667 0 0 0 0
1.72333 0 0 0 0
1.73 0 0 0 0
1.73667 0 0 0 0
1.74333 0 0 0 0
1.75 0 0 0 0
1.75667 0 0 0 0
1.76333 0 0 0 0
1.77 0 0 0 0
1.77667 0 0 0 0
1.78333 0 0 0 0
1.79 0 0 0 0
1.79667 0 0 0 0
1.80333 0 0 0 0
1.81 0 0 0 0
1.81667 0 0 0 0
1.82333 0 0 0 0
1.83 0 0 0 0
1.83667 0 0 0 0
1.84333 0 0 0 0
1.85 0 0 0 0
1.85667 0 0 0 0
1.86333 0 0 0 0
1.87 0 0 0 0
1.87667 0 0 0 0
1.88333 0 0 0 0
1.89 0 0 0 0
1.89667 0 0 0 0
1.90333 0 0 0 0
1.91 0 0 0 0
1.91667 0 0 0 0
1.92333 0 0 0 0
1.93 0 0 0 0
1.93667 0 0 0 0
1.94333 0 0 0 0
1.95 0 0 0 0
1.95667 0 0 0 0
1.96333 0 0 0 0
1.97 0 0 0 0
1.97667 0 0 0 0
1.98333 0 0 0 0
1.99 0 0 0 0
1.99667 0 0 0 0
