0.00333333 12 13 2 1
0.01 18 22 4 1
0.0166667 21 24 7 1
0.0233333 21 34 6 1
0.03 32 29 8 2
0.0366667 30 45 9 1
0.0433333 43 52 7 3
0.05 53 50 15 3
0.0566667 61 74 19 0
0.0633333 63 92 18 4
0.07 76 77 17 2
0.0766667 68 82 12 2
0.0833333 87 89 14 3
0.09 65 89 17 4
0.0966667 71 94 16 1
0.103333 66 108 17 4
0.11 66 62 18 0
0.116667 66 83 13 3
0.123333 66 81 16 2
0.13 68 80 12 0
0.136667 67 64 17 1
0.143333 63 61 8 3
0.15 39 62 5 3
0.156667 50 55 15 4
0.163333 39 53 11 3
0.17 46 55 10 1
0.176667 40 44 8 3
0.183333 45 43 14 5
0.19 57 45 16 4
0.196667 45 45 15 1
0.203333 46 54 18 1
0.21 40 44 14 1
0.216667 39 48 16 4
0.223333 44 27 17 0
0.23 38 46 9 3
0.236667 42 46 11 1
0.243333 33 43 6 2
0.25 44 47 9 1
0.256667 32 27 8 1
0.263333 38 39 11 2
0.27 31 43 13 2
0.276667 46 34 11 1
0.283333 37 23 7 0
0.29 35 42 8 0
0.296667 26 29 7 0
0.303333 36 33 6 2
0.31 51 29 6 1
0.316667 28 36 11 1
0.323333 32 25 11 3
0.33 30 31 11 3
0.336667 19 35 4 0
0.343333 19 25 10 1
0.35 30 48 9 2
0.356667 29 26 8 2
0.363333 35 30 4 0
0.37 24 31 5 0
0.376667 22 29 11 1
0.383333 31 22 5 2
0.39 21 18 6 1
0.396667 21 17 7 0
0.403333 25 28 7 2
0.41 25 32 7 0
0.416667 17 32 9 1
0.423333 22 30 7 2
0.43 21 26 6 0
0.436667 18 20 4 0
0.443333 15 20 10 1
0.45 18 17 2 0
0.456667 16 21 5 0
0.463333 18 15 8 0
0.47 22 17 8 2
0.476667 21 19 2 0
0.483333 15 20 5 1
0.49 19 18 4 3
0.496667 16 12 4 1
0.503333 17 16 5 1
0.51 20 17 9 0
0.516667 13 14 4 1
0.523333 11 10 3 2
0.53 15 18 1 1
0.536667 16 13 4 0
0.543333 11 22 2 1
0.55 15 18 4 0
0.556667 3 9 5 0
0.563333 11 14 9 0
0.57 11 11 2 1
0.576667 9 15 9 1
0.583333 15 13 4 1
0.59 16 14 4 1
0.596667 11 11 5 2
0.603333 11 13 5 0
0.61 9 9 5 2
0.616667 7 12 3 0
0.623333 14 10 4 1
0.63 8 8 2 0
0.636667 13 13 5 1
0.643333 13 17 6 0
0.65 11 11 4 0
0.656667 15 13 5 1
0.663333 472 441 175 17
0.67 0 0 0 0
0.676667 0 0 0 0
0.683333 0 0 0 0
0.69 0 0 0 0
0.696667 0 0 0 0
0.703333 0 0 0 0
0.71 0 0 0 0
0.716667 0 0 0 0
0.723333 0 0 0 0
0.73 0 0 0 0
0.736667 0 0 0 0
0.743333 0 0 0 0
0.75 0 0 0 0
0.756667 0 0 0 0
0.763333 0 0 0 0
0.77 0 0 0 0
0.776667 0 0 0 0
0.783333 0 0 0 0
0.79 0 0 0 0
0.796667 0 0 0 0
0.803333 0 0 0 0
0.81 0 0 0 0
0.816667 0 0 0 0
0.823333 0 0 0 0
0.83 0 0 0 0
0.836667 0 0 0 0
0.843333 0 0 0 0
0.85 0 0 0 0
0.856667 0 0 0 0
0.863333 0 0 0 0
0.87 0 0 0 0
0.876667 0 0 0 0
0.883333 0 0 0 0
0.89 0 0 0 0
0.896667 0 0 0 0
0.903333 0 0 0 0
0.91 0 0 0 0
0.916667 0 0 0 0
0.923333 0 0 0 0
0.93 0 0 0 0
0.936667 0 0 0 0
0.943333 0 0 0 0
0.95 0 0 0 0
0.956667 0 0 0 0
0.963333 0 0 0 0
0.97 0 0 0 0
0.976667 0 0 0 0
0.983333 0 0 0 0
0.99 0 0 0 0
0.996667 0 0 0 0
1.00333 0 0 0 0
1.01 0 0 0 0
1.01667 0 0 0 0
1.02333 0 0 0 0
1.03 0 0 0 0
1.03667 0 0 0 0
1.04333 0 0 0 0
1.05 0 0 0 0
1.05667 0 0 0 0
1.06333 0 0 0 0
1.07 0 0 0 0
1.07667 0 0 0 0
1.08333 0 0 0 0
1.09 0 0 0 0
1.09667 0 0 0 0
1.10333 0 0 0 0
1.11 0 0 0 0
1.11667 0 0 0 0
1.12333 0 0 0 0
1.13 0 0 0 0
1.13667 0 0 0 0
1.14333 0 0 0 0
1.15 0 0 0 0
1.15667 0 0 0 0
1.16333 0 0 0 0
1.17 0 0 0 0
1.17667 0 0 0 0
1.18333 0 0 0 0
1.19 0 0 0 0
1.19667 0 0 0 0
1.20333 0 0 0 0
1.21 0 0 0 0
1.21667 0 0 0 0
1.22333 0 0 0 0
1.23 0 0 0 0
1.23667 0 0 0 0
1.24333 0 0 0 0
1.25 0 0 0 0
1.25667 0 0 0 0
1.26333 0 0 0 0
1.27 0 0 0 0
1.27667 0 0 0 0
1.28333 0 0 0 0
1.29 0 0 0 0
1.29667 0 0 0 0
1.30333 0 0 0 0
1.31 0 0 0 0
1.31667 0 0 0 0
1.32333 0 0 0 0
1.33 0 0 0 0
1.33667 0 0 0 0
1.34333 0 0 0 0
1.35 0 0 0 0
1.35667 0 0 0 0
1.36333 0 0 0 0
1.37 0 0 0 0
1.37667 0 0 0 0
1.38333 0 0 0 0
1.39 0 0 0 0
1.39667 0 0 0 0
1.40333 0 0 0 0
1.41 0 0 0 0
1.41667 0 0 0 0
1.42333 0 0 0 0
1.43 0 0 0 0
1.43667 0 0 0 0
1.44333 0 0 0 0
1.45 0 0 0 0
1.45667 0 0 0 0
1.46333 0 0 0 0
1.47 0 0 0 0
1.47667 0 0 0 0
1.48333 0 0 0 0
1.49 0 0 0 0
1.49667 0 0 0 0
1.50333 0 0 0 0
1.51 0 0 0 0
1.51667 0 0 0 0
1.52333 0 0 0 0
1.53 0 0 0 0
1.53667 0 0 0 0
1.54333 0 0 0 0
1.55 0 0 0 0
1.55667 0 0 0 0
1.56333 0 0 0 0
1.57 0 0 0 0
1.57667 0 0 0 0
1.58333 0 0 0 0
1.59 0 0 0 0
1.59667 0 0 0 0
1.60333 0 0 0 0
1.61 0 0 0 0
1.61667 0 0 0 0
1.62333 0 0 0 0
1.63 0 0 0 0
1.63667 0 0 0 0
1.64333 0 0 0 0
1.65 0 0 0 0
1.65667 0 0 0 0
1.66333 0 0 0 0
1.67 0 0 0 0
1.67667 0 0 0 0
1.68333 0 0 0 0
1.69 0 0 0 0
1.69667 0 0 0 0
1.70333 0 0 0 0
1.71 0 0 0 0
1.71667 0 0 0 0
1.72333 0 0 0 0
1.73 0 0 0 0
1.73667 0 0 0 0
1.74333 0 0 0 0
1.75 0 0 0 0
1.75667 0 0 0 0
1.76333 0 0 0 0
1.77 0 0 0 0
1.77667 0 0 0 0
1.78333 0 0 0 0
1.79 0 0 0 0
1.79667 0 0 0 0
1.80333 0 0 0 0
1.81 0 0 0 0
1.81667 0 0 0 0
1.82333 0 0 0 0
1.83 0 0 0 0
1.83667 0 0 0 0
1.84333 0 0 0 0
1.85 0 0 0 0
1.85667 0 0 0 0
1.86333 0 0 0 0
1.87 0 0 0 0
1.87667 0 0 0 0
1.88333 0 0 0 0
1.89 0 0 0 0
1.89667 0 0 0 0
1.90333 0 0 0 0
1.91 0 0 0 0
1.91667 0 0 0 0
1.92333 0 0 0 0
1.93 0 0 0 0
1.93667 0 0 0 0
1.94333 0 0 0 0
1.95 0 0 0 0
1.95667 0 0 0 0
1.96333 0 0 0 0
1.97 0 0 0 0
1.97667 0 0 0 0
1.98333 0 0 0 0
1.99 0 0 0 0
1.99667 0 0 0 0
