0.00333333 1 19 106 5
0.01 2 22 110 4
0.0166667 0 26 93 11
0.0233333 0 16 101 11
0.03 0 17 114 7
0.0366667 2 21 127 15
0.0433333 2 20 146 17
0.05 2 20 160 31
0.0566667 5 28 176 19
0.0633333 4 27 173 24
0.07 3 27 204 43
0.0766667 3 33 207 27
0.0833333 5 43 193 32
0.09 5 44 241 43
0.0966667 3 34 233 26
0.103333 3 37 204 26
0.11 5 40 233 27
0.116667 3 37 252 24
0.123333 3 44 248 23
0.13 3 38 226 23
0.136667 0 45 243 28
0.143333 4 46 215 17
0.15 2 40 237 13
0.156667 2 44 244 23
0.163333 3 50 205 14
0.17 1 44 230 11
0.176667 3 39 216 17
0.183333 2 42 262 16
0.19 1 48 281 22
0.196667 0 45 324 14
0.203333 4 47 301 19
0.21 4 47 290 17
0.216667 2 33 272 14
0.223333 1 35 244 18
0.23 3 48 269 14
0.236667 2 30 229 20
0.243333 3 40 248 20
0.25 0 30 215 7
0.256667 4 32 205 12
0.263333 0 35 207 17
0.27 1 31 180 16
0.276667 1 34 158 12
0.283333 1 27 173 9
0.29 1 25 159 9
0.296667 3 24 161 9
0.303333 1 28 153 21
0.31 0 18 149 14
0.316667 2 21 155 15
0.323333 2 27 151 14
0.33 4 35 151 13
0.336667 1 19 125 8
0.343333 2 21 162 15
0.35 1 29 140 11
0.356667 1 37 120 11
0.363333 1 18 145 12
0.37 0 23 133 11
0.376667 1 19 122 13
0.383333 1 22 124 15
0.39 0 26 134 12
0.396667 3 26 141 16
0.403333 1 33 135 12
0.41 1 25 116 5
0.416667 0 17 128 6
0.423333 2 29 129 6
0.43 0 21 104 9
0.436667 3 37 137 10
0.443333 2 28 139 10
0.45 2 20 128 9
0.456667 2 24 137 13
0.463333 1 14 125 4
0.47 1 29 120 7
0.476667 0 21 104 9
0.483333 1 8 53 9
0.49 1 13 63 3
0.496667 1 4 59 8
0.503333 0 16 58 4
0.51 0 10 63 6
0.516667 0 9 64 4
0.523333 1 12 51 5
0.53 0 6 45 5
0.536667 0 10 41 10
0.543333 0 6 48 3
0.55 2 10 43 6
0.556667 0 7 45 5
0.563333 0 12 51 4
0.57 2 12 39 6
0.576667 0 13 53 4
0.583333 1 9 51 0
0.59 0 7 49 13
0.596667 1 8 38 6
0.603333 1 10 39 6
0.61 1 16 31 7
0.616667 2 9 29 5
0.623333 0 8 35 3
0.63 0 6 43 3
0.636667 2 13 44 3
0.643333 0 8 36 6
0.65 3 9 30 8
0.656667 1 10 36 3
0.663333 18 930 5589 129
0.67 0 0 0 0
0.676667 0 0 0 0
0.683333 0 0 0 0
0.69 0 0 0 0
0.696667 0 0 0 0
0.703333 0 0 0 0
0.71 0 0 0 0
0.716667 0 0 0 0
0.723333 0 0 0 0
0.73 0 0 0 0
0.736667 0 0 0 0
0.743333 0 0 0 0
0.75 0 0 0 0
0.756667 0 0 0 0
0.763333 0 0 0 0
0.77 0 0 0 0
0.776667 0 0 0 0
0.783333 0 0 0 0
0.79 0 0 0 0
0.796667 0 0 0 0
0.803333 0 0 0 0
0.81 0 0 0 0
0.816667 0 0 0 0
0.823333 0 0 0 0
0.83 0 0 0 0
0.836667 0 0 0 0
0.843333 0 0 0 0
0.85 0 0 0 0
0.856667 0 0 0 0
0.863333 0 0 0 0
0.87 0 0 0 0
0.876667 0 0 0 0
0.883333 0 0 0 0
0.89 0 0 0 0
0.896667 0 0 0 0
0.903333 0 0 0 0
0.91 0 0 0 0
0.916667 0 0 0 0
0.923333 0 0 0 0
0.93 0 0 0 0
0.936667 0 0 0 0
0.943333 0 0 0 0
0.95 0 0 0 0
0.956667 0 0 0 0
0.963333 0 0 0 0
0.97 0 0 0 0
0.976667 0 0 0 0
0.983333 0 0 0 0
0.99 0 0 0 0
0.996667 0 0 0 0
1.00333 0 0 0 0
1.01 0 0 0 0
1.01667 0 0 0 0
1.02333 0 0 0 0
1.03 0 0 0 0
1.03667 0 0 0 0
1.04333 0 0 0 0
1.05 0 0 0 0
1.05667 0 0 0 0
1.06333 0 0 0 0
1.07 0 0 0 0
1.07667 0 0 0 0
1.08333 0 0 0 0
1.09 0 0 0 0
1.09667 0 0 0 0
1.10333 0 0 0 0
1.11 0 0 0 0
1.11667 0 0 0 0
1.12333 0 0 0 0
1.13 0 0 0 0
1.13667 0 0 0 0
1.14333 0 0 0 0
1.15 0 0 0 0
1.15667 0 0 0 0
1.16333 0 0 0 0
1.17 0 0 0 0
1.17667 0 0 0 0
1.18333 0 0 0 0
1.19 0 0 0 0
1.19667 0 0 0 0
1.20333 0 0 0 0
1.21 0 0 0 0
1.21667 0 0 0 0
1.22333 0 0 0 0
1.23 0 0 0 0
1.23667 0 0 0 0
1.24333 0 0 0 0
1.25 0 0 0 0
1.25667 0 0 0 0
1.26333 0 0 0 0
1.27 0 0 0 0
1.27667 0 0 0 0
1.28333 0 0 0 0
1.29 0 0 0 0
1.29667 0 0 0 0
1.30333 0 0 0 0
1.31 0 0 0 0
1.31667 0 0 0 0
1.32333 0 0 0 0
1.33 0 0 0 0
1.33667 0 0 0 0
1.34333 0 0 0 0
1.35 0 0 0 0
1.35667 0 0 0 0
1.36333 0 0 0 0
1.37 0 0 0 0
1.37667 0 0 0 0
1.38333 0 0 0 0
1.39 0 0 0 0
1.39667 0 0 0 0
1.40333 0 0 0 0
1.41 0 0 0 0
1.41667 0 0 0 0
1.42333 0 0 0 0
1.43 0 0 0 0
1.43667 0 0 0 0
1.44333 0 0 0 0
1.45 0 0 0 0
1.45667 0 0 0 0
1.46333 0 0 0 0
1.47 0 0 0 0
1.47667 0 0 0 0
1.48333 0 0 0 0
1.49 0 0 0 0
1.49667 0 0 0 0
1.50333 0 0 0 0
1.51 0 0 0 0
1.51667 0 0 0 0
1.52333 0 0 0 0
1.53 0 0 0 0
1.53667 0 0 0 0
1.54333 0 0 0 0
1.55 0 0 0 0
1.55667 0 0 0 0
1.56333 0 0 0 0
1.57 0 0 0 0
1.57667 0 0 0 0
1.58333 0 0 0 0
1.59 0 0 0 0
1.59667 0 0 0 0
1.60333 0 0 0 0
1.61 0 0 0 0
1.61667 0 0 0 0
1.62333 0 0 0 0
1.63 0 0 0 0
1.63667 0 0 0 0
1.64333 0 0 0 0
1.65 0 0 0 0
1.65667 0 0 0 0
1.66333 0 0 0 0
1.67 0 0 0 0
1.67667 0 0 0 0
1.68333 0 0 0 0
1.69 0 0 0 0
1.69667 0 0 0 0
1.70333 0 0 0 0
1.71 0 0 0 0
1.71667 0 0 0 0
1.72333 0 0 0 0
1.73 0 0 0 0
1.73667 0 0 0 0
1.74333 0 0 0 0
1.75 0 0 0 0
1.75667 0 0 0 0
1.76333 0 0 0 0
1.77 0 0 0 0
1.77667 0 0 0 0
1.78333 0 0 0 0
1.79 0 0 0 0
1.79667 0 0 0 0
1.80333 0 0 0 0
1.81 0 0 0 0
1.81667 0 0 0 0
1.82333 0 0 0 0
1.83 0 0 0 0
1.83667 0 0 0 0
1.84333 0 0 0 0
1.85 0 0 0 0
1.85667 0 0 0 0
1.86333 0 0 0 0
1.87 0 0 0 0
1.87667 0 0 0 0
1.88333 0 0 0 0
1.89 0 0 0 0
1.89667 0 0 0 0
1.90333 0 0 0 0
1.91 0 0 0 0
1.91667 0 0 0 0
1.92333 0 0 0 0
1.93 0 0 0 0
1.93667 0 0 0 0
1.94333 0 0 0 0
1.95 0 0 0 0
1.95667 0 0 0 0
1.96333 0 0 0 0
1.97 0 0 0 0
1.97667 0 0 0 0
1.98333 0 0 0 0
1.99 0 0 0 0
1.99667 0 0 0 0
