0.00333333 120 14 0 2
0.01 116 14 0 2
0.0166667 135 16 2 3
0.0233333 130 24 1 5
0.03 140 24 0 4
0.0366667 137 42 1 6
0.0433333 155 24 3 2
0.05 172 53 0 2
0.0566667 192 45 1 0
0.0633333 206 44 5 6
0.07 212 57 2 7
0.0766667 218 48 5 6
0.0833333 235 42 5 2
0.09 250 58 1 6
0.0966667 241 67 4 4
0.103333 268 49 3 4
0.11 247 50 1 3
0.116667 270 47 4 7
0.123333 241 45 3 2
0.13 273 43 0 1
0.136667 278 38 5 7
0.143333 229 46 3 7
0.15 272 37 2 4
0.156667 256 43 1 5
0.163333 296 27 1 3
0.17 263 23 3 7
0.176667 257 37 2 6
0.183333 306 40 0 7
0.19 365 36 2 5
0.196667 375 34 3 13
0.203333 356 38 0 8
0.21 327 36 1 7
0.216667 314 21 2 7
0.223333 295 38 3 6
0.23 285 33 2 11
0.236667 324 28 1 4
0.243333 248 26 2 4
0.25 240 37 1 5
0.256667 218 28 3 8
0.263333 226 38 1 3
0.27 226 26 1 2
0.276667 221 16 1 3
0.283333 190 26 4 8
0.29 192 28 1 4
0.296667 188 28 1 3
0.303333 174 19 3 6
0.31 172 18 2 2
0.316667 179 20 0 4
0.323333 191 23 0 5
0.33 186 28 2 2
0.336667 168 22 3 5
0.343333 127 17 3 4
0.35 151 17 1 6
0.356667 168 16 3 2
0.363333 143 18 1 4
0.37 151 13 1 2
0.376667 131 22 2 3
0.383333 139 11 2 2
0.39 127 13 0 7
0.396667 149 25 1 7
0.403333 138 10 2 0
0.41 143 17 1 2
0.416667 140 15 0 3
0.423333 143 23 1 1
0.43 149 19 2 2
0.436667 131 16 2 2
0.443333 143 11 0 6
0.45 147 19 0 6
0.456667 158 13 0 3
0.463333 146 14 0 4
0.47 145 25 0 1
0.476667 116 14 1 3
0.483333 60 11 2 3
0.49 56 17 1 2
0.496667 66 13 1 3
0.503333 56 12 1 3
0.51 45 13 0 2
0.516667 45 6 2 2
0.523333 34 16 0 0
0.53 50 11 1 0
0.536667 44 5 0 4
0.543333 38 6 0 1
0.55 43 13 1 3
0.556667 34 8 0 1
0.563333 46 12 2 2
0.57 39 8 0 2
0.576667 45 7 0 3
0.583333 43 4 0 2
0.59 34 2 0 2
0.596667 38 10 1 3
0.603333 36 6 1 4
0.61 32 6 1 0
0.616667 31 11 0 0
0.623333 25 7 2 3
0.63 30 7 2 0
0.636667 54 9 2 2
0.643333 25 6 0 1
0.65 27 5 0 1
0.656667 22 8 1 2
0.663333 7401 288 11 182
0.67 0 0 0 0
0.676667 0 0 0 0
0.683333 0 0 0 0
0.69 0 0 0 0
0.696667 0 0 0 0
0.703333 0 0 0 0
0.71 0 0 0 0
0.716667 0 0 0 0
0.723333 0 0 0 0
0.73 0 0 0 0
0.736667 0 0 0 0
0.743333 0 0 0 0
0.75 0 0 0 0
0.756667 0 0 0 0
0.763333 0 0 0 0
0.77 0 0 0 0
0.776667 0 0 0 0
0.783333 0 0 0 0
0.79 0 0 0 0
0.796667 0 0 0 0
0.803333 0 0 0 0
0.81 0 0 0 0
0.816667 0 0 0 0
0.823333 0 0 0 0
0.83 0 0 0 0
0.836667 0 0 0 0
0.843333 0 0 0 0
0.85 0 0 0 0
0.856667 0 0 0 0
0.863333 0 0 0 0
0.87 0 0 0 0
0.876667 0 0 0 0
0.883333 0 0 0 0
0.89 0 0 0 0
0.896667 0 0 0 0
0.903333 0 0 0 0
0.91 0 0 0 0
0.916667 0 0 0 0
0.923333 0 0 0 0
0.93 0 0 0 0
0.936667 0 0 0 0
0.943333 0 0 0 0
0.95 0 0 0 0
0.956667 0 0 0 0
0.963333 0 0 0 0
0.97 0 0 0 0
0.976667 0 0 0 0
0.983333 0 0 0 0
0.99 0 0 0 0
0.996667 0 0 0 0
1.00333 0 0 0 0
1.01 0 0 0 0
1.01667 0 0 0 0
1.02333 0 0 0 0
1.03 0 0 0 0
1.03667 0 0 0 0
1.04333 0 0 0 0
1.05 0 0 0 0
1.05667 0 0 0 0
1.06333 0 0 0 0
1.07 0 0 0 0
1.07667 0 0 0 0
1.08333 0 0 0 0
1.09 0 0 0 0
1.09667 0 0 0 0
1.10333 0 0 0 0
1.11 0 0 0 0
1.11667 0 0 0 0
1.12333 0 0 0 0
1.13 0 0 0 0
1.13667 0 0 0 0
1.14333 0 0 0 0
1.15 0 0 0 0
1.15667 0 0 0 0
1.16333 0 0 0 0
1.17 0 0 0 0
1.17667 0 0 0 0
1.18333 0 0 0 0
1.19 0 0 0 0
1.19667 0 0 0 0
1.20333 0 0 0 0
1.21 0 0 0 0
1.21667 0 0 0 0
1.22333 0 0 0 0
1.23 0 0 0 0
1.23667 0 0 0 0
1.24333 0 0 0 0
1.25 0 0 0 0
1.25667 0 0 0 0
1.26333 0 0 0 0
1.27 0 0 0 0
1.27667 0 0 0 0
1.28333 0 0 0 0
1.29 0 0 0 0
1.29667 0 0 0 0
1.30333 0 0 0 0
1.31 0 0 0 0
1.31667 0 0 0 0
1.32333 0 0 0 0
1.33 0 0 0 0
1.33667 0 0 0 0
1.34333 0 0 0 0
1.35 0 0 0 0
1.35667 0 0 0 0
1.36333 0 0 0 0
1.37 0 0 0 0
1.37667 0 0 0 0
1.38333 0 0 0 0
1.39 0 0 0 0
1.39667 0 0 0 0
1.40333 0 0 0 0
1.41 0 0 0 0
1.41667 0 0 0 0
1.42333 0 0 0 0
1.43 0 0 0 0
1.43667 0 0 0 0
1.44333 0 0 0 0
1.45 0 0 0 0
1.45667 0 0 0 0
1.46333 0 0 0 0
1.47 0 0 0 0
1.47667 0 0 0 0
1.48333 0 0 0 0
1.49 0 0 0 0
1.49667 0 0 0 0
1.50333 0 0 0 0
1.51 0 0 0 0
1.51667 0 0 0 0
1.52333 0 0 0 0
1.53 0 0 0 0
1.53667 0 0 0 0
1.54333 0 0 0 0
1.55 0 0 0 0
1.55667 0 0 0 0
1.56333 0 0 0 0
1.57 0 0 0 0
1.57667 0 0 0 0
1.58333 0 0 0 0
1.59 0 0 0 0
1.59667 0 0 0 0
1.60333 0 0 0 0
1.61 0 0 0 0
1.61667 0 0 0 0
1.62333 0 0 0 0
1.63 0 0 0 0
1.63667 0 0 0 0
1.64333 0 0 0 0
1.65 0 0 0 0
1.65667 0 0 0 0
1.66333 0 0 0 0
1.67 0 0 0 0
1.67667 0 0 0 0
1.68333 0 0 0 0
1.69 0 0 0 0
1.69667 0 0 0 0
1.70333 0 0 0 0
1.71 0 0 0 0
1.71667 0 0 0 0
1.72333 0 0 0 0
1.73 0 0 0 0
1.73667 0 0 0 0
1.74333 0 0 0 0
1.75 0 0 0 0
1.75667 0 0 0 0
1.76333 0 0 0 0
1.77 0 0 0 0
1.77667 0 0 0 0
1.78333 0 0 0 0
1.79 0 0 0 0
1.79667 0 0 0 0
1.80333 0 0 0 0
1.81 0 0 0 0
1.81667 0 0 0 0
1.82333 0 0 0 0
1.83 0 0 0 0
1.83667 0 0 0 0
1.84333 0 0 0 0
1.85 0 0 0 0
1.85667 0 0 0 0
1.86333 0 0 0 0
1.87 0 0 0 0
1.87667 0 0 0 0
1.88333 0 0 0 0
1.89 0 0 0 0
1.89667 0 0 0 0
1.90333 0 0 0 0
1.91 0 0 0 0
1.91667 0 0 0 0
1.92333 0 0 0 0
1.93 0 0 0 0
1.93667 0 0 0 0
1.94333 0 0 0 0
1.95 0 0 0 0
1.95667 0 0 0 0
1.96333 0 0 0 0
1.97 0 0 0 0
1.97667 0 0 0 0
1.98333 0 0 0 0
1.99 0 0 0 0
1.99667 0 0 0 0
