0.00333333 111 68 0 5
0.01 113 64 2 3
0.0166667 116 85 0 3
0.0233333 111 91 1 7
0.03 102 89 0 6
0.0366667 114 79 1 3
0.0433333 125 79 4 3
0.05 144 86 2 7
0.0566667 127 94 2 4
0.0633333 136 89 4 3
0.07 141 127 3 4
0.0766667 142 104 1 5
0.0833333 137 108 0 5
0.09 148 113 3 5
0.0966667 154 98 4 1
0.103333 161 105 3 3
0.11 191 113 2 8
0.116667 179 106 3 8
0.123333 187 92 5 5
0.13 179 130 3 9
0.136667 178 107 2 6
0.143333 184 122 1 6
0.15 212 133 5 6
0.156667 175 123 2 2
0.163333 157 134 3 7
0.17 179 117 0 3
0.176667 188 137 4 2
0.183333 175 124 1 0
0.19 204 129 2 7
0.196667 225 143 0 9
0.203333 232 153 0 5
0.21 248 147 2 9
0.216667 229 141 4 6
0.223333 254 152 2 10
0.23 208 126 3 5
0.236667 225 131 4 8
0.243333 211 124 0 5
0.25 182 109 1 3
0.256667 182 119 1 2
0.263333 162 112 1 5
0.27 153 123 1 4
0.276667 139 95 3 5
0.283333 166 121 1 8
0.29 170 98 1 7
0.296667 166 96 1 5
0.303333 127 83 2 1
0.31 145 110 0 5
0.316667 126 113 1 6
0.323333 128 93 2 7
0.33 131 102 1 4
0.336667 121 94 1 4
0.343333 157 83 0 4
0.35 116 71 4 5
0.356667 131 85 1 3
0.363333 132 82 0 5
0.37 134 86 2 5
0.376667 119 73 1 5
0.383333 105 74 3 7
0.39 108 76 1 6
0.396667 107 96 0 4
0.403333 135 90 1 6
0.41 113 68 1 7
0.416667 130 76 1 5
0.423333 113 88 0 2
0.43 97 86 2 4
0.436667 118 83 2 5
0.443333 128 78 0 5
0.45 131 71 1 5
0.456667 110 71 1 5
0.463333 133 86 3 9
0.47 138 76 2 6
0.476667 93 66 0 6
0.483333 44 38 3 0
0.49 51 37 0 5
0.496667 43 20 0 0
0.503333 40 27 1 1
0.51 39 22 1 3
0.516667 30 26 1 2
0.523333 31 26 0 1
0.53 37 21 1 1
0.536667 20 13 2 0
0.543333 23 23 1 2
0.55 16 18 1 0
0.556667 13 21 0 0
0.563333 27 19 2 2
0.57 26 10 0 1
0.576667 20 11 0 2
0.583333 21 19 0 1
0.59 16 12 0 0
0.596667 20 11 1 0
0.603333 17 5 0 0
0.61 21 9 0 1
0.616667 12 7 1 2
0.623333 20 6 0 2
0.63 26 12 0 4
0.636667 41 18 1 1
0.643333 15 10 1 2
0.65 16 15 0 2
0.656667 11 5 2 0
0.663333 7913 4780 10 356
0.67 0 0 0 0
0.676667 0 0 0 0
0.683333 0 0 0 0
0.69 0 0 0 0
0.696667 0 0 0 0
0.703333 0 0 0 0
0.71 0 0 0 0
0.716667 0 0 0 0
0.723333 0 0 0 0
0.73 0 0 0 0
0.736667 0 0 0 0
0.743333 0 0 0 0
0.75 0 0 0 0
0.756667 0 0 0 0
0.763333 0 0 0 0
0.77 0 0 0 0
0.776667 0 0 0 0
0.783333 0 0 0 0
0.79 0 0 0 0
0.796667 0 0 0 0
0.803333 0 0 0 0
0.81 0 0 0 0
0.816667 0 0 0 0
0.823333 0 0 0 0
0.83 0 0 0 0
0.836667 0 0 0 0
0.843333 0 0 0 0
0.85 0 0 0 0
0.856667 0 0 0 0
0.863333 0 0 0 0
0.87 0 0 0 0
0.876667 0 0 0 0
0.883333 0 0 0 0
0.89 0 0 0 0
0.896667 0 0 0 0
0.903333 0 0 0 0
0.91 0 0 0 0
0.916667 0 0 0 0
0.923333 0 0 0 0
0.93 0 0 0 0
0.936667 0 0 0 0
0.943333 0 0 0 0
0.95 0 0 0 0
0.956667 0 0 0 0
0.963333 0 0 0 0
0.97 0 0 0 0
0.976667 0 0 0 0
0.983333 0 0 0 0
0.99 0 0 0 0
0.996667 0 0 0 0
1.00333 0 0 0 0
1.01 0 0 0 0
1.01667 0 0 0 0
1.02333 0 0 0 0
1.03 0 0 0 0
1.03667 0 0 0 0
1.04333 0 0 0 0
1.05 0 0 0 0
1.05667 0 0 0 0
1.06333 0 0 0 0
1.07 0 0 0 0
1.07667 0 0 0 0
1.08333 0 0 0 0
1.09 0 0 0 0
1.09667 0 0 0 0
1.10333 0 0 0 0
1.11 0 0 0 0
1.11667 0 0 0 0
1.12333 0 0 0 0
1.13 0 0 0 0
1.13667 0 0 0 0
1.14333 0 0 0 0
1.15 0 0 0 0
1.15667 0 0 0 0
1.16333 0 0 0 0
1.17 0 0 0 0
1.17667 0 0 0 0
1.18333 0 0 0 0
1.19 0 0 0 0
1.19667 0 0 0 0
1.20333 0 0 0 0
1.21 0 0 0 0
1.21667 0 0 0 0
1.22333 0 0 0 0
1.23 0 0 0 0
1.23667 0 0 0 0
1.24333 0 0 0 0
1.25 0 0 0 0
1.25667 0 0 0 0
1.26333 0 0 0 0
1.27 0 0 0 0
1.27667 0 0 0 0
1.28333 0 0 0 0
1.29 0 0 0 0
1.29667 0 0 0 0
1.30333 0 0 0 0
1.31 0 0 0 0
1.31667 0 0 0 0
1.32333 0 0 0 0
1.33 0 0 0 0
1.33667 0 0 0 0
1.34333 0 0 0 0
1.35 0 0 0 0
1.35667 0 0 0 0
1.36333 0 0 0 0
1.37 0 0 0 0
1.37667 0 0 0 0
1.38333 0 0 0 0
1.39 0 0 0 0
1.39667 0 0 0 0
1.40333 0 0 0 0
1.41 0 0 0 0
1.41667 0 0 0 0
1.42333 0 0 0 0
1.43 0 0 0 0
1.43667 0 0 0 0
1.44333 0 0 0 0
1.45 0 0 0 0
1.45667 0 0 0 0
1.46333 0 0 0 0
1.47 0 0 0 0
1.47667 0 0 0 0
1.48333 0 0 0 0
1.49 0 0 0 0
1.49667 0 0 0 0
1.50333 0 0 0 0
1.51 0 0 0 0
1.51667 0 0 0 0
1.52333 0 0 0 0
1.53 0 0 0 0
1.53667 0 0 0 0
1.54333 0 0 0 0
1.55 0 0 0 0
1.55667 0 0 0 0
1.56333 0 0 0 0
1.57 0 0 0 0
1.57667 0 0 0 0
1.58333 0 0 0 0
1.59 0 0 0 0
1.59667 0 0 0 0
1.60333 0 0 0 0
1.61 0 0 0 0
1.61667 0 0 0 0
1.62333 0 0 0 0
1.63 0 0 0 0
1.63667 0 0 0 0
1.64333 0 0 0 0
1.65 0 0 0 0
1.65667 0 0 0 0
1.66333 0 0 0 0
1.67 0 0 0 0
1.67667 0 0 0 0
1.68333 0 0 0 0
1.69 0 0 0 0
1.69667 0 0 0 0
1.70333 0 0 0 0
1.71 0 0 0 0
1.71667 0 0 0 0
1.72333 0 0 0 0
1.73 0 0 0 0
1.73667 0 0 0 0
1.74333 0 0 0 0
1.75 0 0 0 0
1.75667 0 0 0 0
1.76333 0 0 0 0
1.77 0 0 0 0
1.77667 0 0 0 0
1.78333 0 0 0 0
1.79 0 0 0 0
1.79667 0 0 0 0
1.80333 0 0 0 0
1.81 0 0 0 0
1.81667 0 0 0 0
1.82333 0 0 0 0
1.83 0 0 0 0
1.83667 0 0 0 0
1.84333 0 0 0 0
1.85 0 0 0 0
1.85667 0 0 0 0
1.86333 0 0 0 0
1.87 0 0 0 0
1.87667 0 0 0 0
1.88333 0 0 0 0
1.89 0 0 0 0
1.89667 0 0 0 0
1.90333 0 0 0 0
1.91 0 0 0 0
1.91667 0 0 0 0
1.92333 0 0 0 0
1.93 0 0 0 0
1.93667 0 0 0 0
1.94333 0 0 0 0
1.95 0 0 0 0
1.95667 0 0 0 0
1.96333 0 0 0 0
1.97 0 0 0 0
1.97667 0 0 0 0
1.98333 0 0 0 0
1.99 0 0 0 0
1.99667 0 0 0 0
