0.00333333 2 25 98 8
0.01 2 16 87 4
0.0166667 1 22 93 9
0.0233333 0 22 100 9
0.03 2 17 79 16
0.0366667 1 18 115 9
0.0433333 3 33 135 25
0.05 1 32 147 36
0.0566667 7 24 151 26
0.0633333 5 41 176 22
0.07 5 41 182 40
0.0766667 6 43 184 41
0.0833333 3 47 216 33
0.09 7 37 223 32
0.0966667 6 32 218 28
0.103333 4 37 198 31
0.11 4 41 251 33
0.116667 1 43 222 42
0.123333 1 47 214 36
0.13 3 47 213 29
0.136667 2 45 201 29
0.143333 5 44 201 24
0.15 2 50 205 21
0.156667 3 49 203 31
0.163333 5 52 194 18
0.17 4 34 185 24
0.176667 1 46 190 19
0.183333 0 51 201 24
0.19 3 56 201 27
0.196667 1 48 276 21
0.203333 3 70 237 24
0.21 3 57 228 17
0.216667 2 43 214 13
0.223333 4 48 196 15
0.23 2 41 220 23
0.236667 1 33 188 27
0.243333 2 36 171 20
0.25 2 33 169 18
0.256667 2 42 168 14
0.263333 0 28 140 21
0.27 3 35 160 16
0.276667 1 34 117 13
0.283333 1 28 140 11
0.29 2 31 125 16
0.296667 1 24 120 13
0.303333 0 22 138 20
0.31 0 24 114 16
0.316667 3 21 126 17
0.323333 1 28 124 14
0.33 2 35 123 16
0.336667 2 27 106 10
0.343333 1 19 119 10
0.35 0 20 112 15
0.356667 3 34 103 13
0.363333 2 25 103 10
0.37 1 17 108 14
0.376667 2 21 101 14
0.383333 2 20 96 17
0.39 1 21 92 15
0.396667 3 32 107 13
0.403333 3 30 110 16
0.41 1 21 97 8
0.416667 1 30 100 6
0.423333 2 24 99 11
0.43 1 24 87 11
0.436667 4 31 100 8
0.443333 2 27 88 11
0.45 4 17 104 6
0.456667 3 22 108 15
0.463333 2 17 94 8
0.47 1 29 93 12
0.476667 1 24 111 11
0.483333 1 8 52 11
0.49 5 14 57 4
0.496667 1 10 57 9
0.503333 1 12 55 7
0.51 0 21 57 5
0.516667 0 11 56 7
0.523333 0 14 43 6
0.53 0 8 33 5
0.536667 1 9 37 8
0.543333 0 9 51 6
0.55 1 10 45 7
0.556667 1 10 43 10
0.563333 1 10 47 6
0.57 1 10 39 3
0.576667 2 11 39 12
0.583333 3 10 45 1
0.59 0 8 48 11
0.596667 3 9 35 7
0.603333 0 9 36 6
0.61 3 9 36 6
0.616667 1 10 32 6
0.623333 0 5 36 2
0.63 0 8 44 4
0.636667 0 13 35 3
0.643333 0 7 34 5
0.65 2 8 37 10
0.656667 0 11 38 3
0.663333 19 1010 3754 184
0.67 0 0 0 0
0.676667 0 0 0 0
0.683333 0 0 0 0
0.69 0 0 0 0
0.696667 0 0 0 0
0.703333 0 0 0 0
0.71 0 0 0 0
0.716667 0 0 0 0
0.723333 0 0 0 0
0.73 0 0 0 0
0.736667 0 0 0 0
0.743333 0 0 0 0
0.75 0 0 0 0
0.756667 0 0 0 0
0.763333 0 0 0 0
0.77 0 0 0 0
0.776667 0 0 0 0
0.783333 0 0 0 0
0.79 0 0 0 0
0.796667 0 0 0 0
0.803333 0 0 0 0
0.81 0 0 0 0
0.816667 0 0 0 0
0.823333 0 0 0 0
0.83 0 0 0 0
0.836667 0 0 0 0
0.843333 0 0 0 0
0.85 0 0 0 0
0.856667 0 0 0 0
0.863333 0 0 0 0
0.87 0 0 0 0
0.876667 0 0 0 0
0.883333 0 0 0 0
0.89 0 0 0 0
0.896667 0 0 0 0
0.903333 0 0 0 0
0.91 0 0 0 0
0.916667 0 0 0 0
0.923333 0 0 0 0
0.93 0 0 0 0
0.936667 0 0 0 0
0.943333 0 0 0 0
0.95 0 0 0 0
0.956667 0 0 0 0
0.963333 0 0 0 0
0.97 0 0 0 0
0.976667 0 0 0 0
0.983333 0 0 0 0
0.99 0 0 0 0
0.996667 0 0 0 0
1.00333 0 0 0 0
1.01 0 0 0 0
1.01667 0 0 0 0
1.02333 0 0 0 0
1.03 0 0 0 0
1.03667 0 0 0 0
1.04333 0 0 0 0
1.05 0 0 0 0
1.05667 0 0 0 0
1.06333 0 0 0 0
1.07 0 0 0 0
1.07667 0 0 0 0
1.08333 0 0 0 0
1.09 0 0 0 0
1.09667 0 0 0 0
1.10333 0 0 0 0
1.11 0 0 0 0
1.11667 0 0 0 0
1.12333 0 0 0 0
1.13 0 0 0 0
1.13667 0 0 0 0
1.14333 0 0 0 0
1.15 0 0 0 0
1.15667 0 0 0 0
1.16333 0 0 0 0
1.17 0 0 0 0
1.17667 0 0 0 0
1.18333 0 0 0 0
1.19 0 0 0 0
1.19667 0 0 0 0
1.20333 0 0 0 0
1.21 0 0 0 0
1.21667 0 0 0 0
1.22333 0 0 0 0
1.23 0 0 0 0
1.23667 0 0 0 0
1.24333 0 0 0 0
1.25 0 0 0 0
1.25667 0 0 0 0
1.26333 0 0 0 0
1.27 0 0 0 0
1.27667 0 0 0 0
1.28333 0 0 0 0
1.29 0 0 0 0
1.29667 0 0 0 0
1.30333 0 0 0 0
1.31 0 0 0 0
1.31667 0 0 0 0
1.32333 0 0 0 0
1.33 0 0 0 0
1.33667 0 0 0 0
1.34333 0 0 0 0
1.35 0 0 0 0
1.35667 0 0 0 0
1.36333 0 0 0 0
1.37 0 0 0 0
1.37667 0 0 0 0
1.38333 0 0 0 0
1.39 0 0 0 0
1.39667 0 0 0 0
1.40333 0 0 0 0
1.41 0 0 0 0
1.41667 0 0 0 0
1.42333 0 0 0 0
1.43 0 0 0 0
1.43667 0 0 0 0
1.44333 0 0 0 0
1.45 0 0 0 0
1.45667 0 0 0 0
1.46333 0 0 0 0
1.47 0 0 0 0
1.47667 0 0 0 0
1.48333 0 0 0 0
1.49 0 0 0 0
1.49667 0 0 0 0
1.50333 0 0 0 0
1.51 0 0 0 0
1.51667 0 0 0 0
1.52333 0 0 0 0
1.53 0 0 0 0
1.53667 0 0 0 0
1.54333 0 0 0 0
1.55 0 0 0 0
1.55667 0 0 0 0
1.56333 0 0 0 0
1.57 0 0 0 0
1.57667 0 0 0 0
1.58333 0 0 0 0
1.59 0 0 0 0
1.59667 0 0 0 0
1.60333 0 0 0 0
1.61 0 0 0 0
1.61667 0 0 0 0
1.62333 0 0 0 0
1.63 0 0 0 0
1.63667 0 0 0 0
1.64333 0 0 0 0
1.65 0 0 0 0
1.65667 0 0 0 0
1.66333 0 0 0 0
1.67 0 0 0 0
1.67667 0 0 0 0
1.68333 0 0 0 0
1.69 0 0 0 0
1.69667 0 0 0 0
1.70333 0 0 0 0
1.71 0 0 0 0
1.71667 0 0 0 0
1.72333 0 0 0 0
1.73 0 0 0 0
1.73667 0 0 0 0
1.74333 0 0 0 0
1.75 0 0 0 0
1.75667 0 0 0 0
1.76333 0 0 0 0
1.77 0 0 0 0
1.77667 0 0 0 0
1.78333 0 0 0 0
1.79 0 0 0 0
1.79667 0 0 0 0
1.80333 0 0 0 0
1.81 0 0 0 0
1.81667 0 0 0 0
1.82333 0 0 0 0
1.83 0 0 0 0
1.83667 0 0 0 0
1.84333 0 0 0 0
1.85 0 0 0 0
1.85667 0 0 0 0
1.86333 0 0 0 0
1.87 0 0 0 0
1.87667 0 0 0 0
1.88333 0 0 0 0
1.89 0 0 0 0
1.89667 0 0 0 0
1.90333 0 0 0 0
1.91 0 0 0 0
1.91667 0 0 0 0
1.92333 0 0 0 0
1.93 0 0 0 0
1.93667 0 0 0 0
1.94333 0 0 0 0
1.95 0 0 0 0
1.95667 0 0 0 0
1.96333 0 0 0 0
1.97 0 0 0 0
1.97667 0 0 0 0
1.98333 0 0 0 0
1.99 0 0 0 0
1.99667 0 0 0 0
