0.00333333 49 92 6 1
0.01 50 113 2 8
0.0166667 61 124 4 2
0.0233333 49 92 9 6
0.03 53 141 7 1
0.0366667 55 166 9 6
0.0433333 100 188 8 2
0.05 110 193 11 5
0.0566667 138 244 19 6
0.0633333 126 297 6 6
0.07 135 278 22 8
0.0766667 166 297 15 9
0.0833333 164 313 21 5
0.09 160 336 16 5
0.0966667 170 314 12 5
0.103333 158 293 12 8
0.11 168 301 10 10
0.116667 170 335 14 10
0.123333 157 368 7 6
0.13 164 345 12 6
0.136667 151 330 16 8
0.143333 167 295 11 4
0.15 135 319 12 5
0.156667 149 298 17 5
0.163333 133 317 9 7
0.17 153 295 19 7
0.176667 118 246 8 12
0.183333 146 298 13 5
0.19 158 354 9 7
0.196667 141 341 5 7
0.203333 153 293 7 5
0.21 147 345 8 11
0.216667 127 320 12 8
0.223333 139 267 9 8
0.23 96 290 7 5
0.236667 100 259 7 4
0.243333 87 231 7 4
0.25 102 215 11 5
0.256667 88 212 7 3
0.263333 98 203 7 4
0.27 97 212 7 7
0.276667 105 183 6 4
0.283333 80 152 11 4
0.29 70 167 2 6
0.296667 78 142 3 8
0.303333 74 158 8 4
0.31 76 161 6 3
0.316667 85 127 4 4
0.323333 81 157 3 6
0.33 53 150 2 5
0.336667 85 134 8 2
0.343333 65 131 3 3
0.35 77 155 7 3
0.356667 54 124 5 1
0.363333 71 126 4 2
0.37 76 131 3 6
0.376667 68 124 14 6
0.383333 55 119 8 2
0.39 54 109 6 2
0.396667 53 116 4 3
0.403333 53 118 5 2
0.41 51 123 5 3
0.416667 44 117 4 4
0.423333 50 101 8 3
0.43 52 114 6 4
0.436667 74 106 3 5
0.443333 64 95 4 5
0.45 60 133 4 3
0.456667 65 110 3 3
0.463333 61 112 5 2
0.47 64 103 1 7
0.476667 47 98 7 4
0.483333 41 70 2 3
0.49 43 67 4 3
0.496667 36 57 6 2
0.503333 42 58 4 1
0.51 33 56 6 3
0.516667 30 54 3 2
0.523333 30 65 1 1
0.53 28 48 1 1
0.536667 31 49 2 2
0.543333 23 43 5 2
0.55 26 48 4 1
0.556667 26 33 4 3
0.563333 29 47 3 2
0.57 24 45 4 6
0.576667 37 50 4 0
0.583333 27 45 0 1
0.59 20 48 1 0
0.596667 19 41 4 1
0.603333 21 45 2 3
0.61 17 45 2 4
0.616667 24 45 3 4
0.623333 24 36 4 3
0.63 28 45 1 0
0.636667 40 59 0 4
0.643333 19 24 0 1
0.65 24 28 0 2
0.656667 12 44 4 3
0.663333 1817 4342 68 121
0.67 0 0 0 0
0.676667 0 0 0 0
0.683333 0 0 0 0
0.69 0 0 0 0
0.696667 0 0 0 0
0.703333 0 0 0 0
0.71 0 0 0 0
0.716667 0 0 0 0
0.723333 0 0 0 0
0.73 0 0 0 0
0.736667 0 0 0 0
0.743333 0 0 0 0
0.75 0 0 0 0
0.756667 0 0 0 0
0.763333 0 0 0 0
0.77 0 0 0 0
0.776667 0 0 0 0
0.783333 0 0 0 0
0.79 0 0 0 0
0.796667 0 0 0 0
0.803333 0 0 0 0
0.81 0 0 0 0
0.816667 0 0 0 0
0.823333 0 0 0 0
0.83 0 0 0 0
0.836667 0 0 0 0
0.843333 0 0 0 0
0.85 0 0 0 0
0.856667 0 0 0 0
0.863333 0 0 0 0
0.87 0 0 0 0
0.876667 0 0 0 0
0.883333 0 0 0 0
0.89 0 0 0 0
0.896667 0 0 0 0
0.903333 0 0 0 0
0.91 0 0 0 0
0.916667 0 0 0 0
0.923333 0 0 0 0
0.93 0 0 0 0
0.936667 0 0 0 0
0.943333 0 0 0 0
0.95 0 0 0 0
0.956667 0 0 0 0
0.963333 0 0 0 0
0.97 0 0 0 0
0.976667 0 0 0 0
0.983333 0 0 0 0
0.99 0 0 0 0
0.996667 0 0 0 0
1.00333 0 0 0 0
1.01 0 0 0 0
1.01667 0 0 0 0
1.02333 0 0 0 0
1.03 0 0 0 0
1.03667 0 0 0 0
1.04333 0 0 0 0
1.05 0 0 0 0
1.05667 0 0 0 0
1.06333 0 0 0 0
1.07 0 0 0 0
1.07667 0 0 0 0
1.08333 0 0 0 0
1.09 0 0 0 0
1.09667 0 0 0 0
1.10333 0 0 0 0
1.11 0 0 0 0
1.11667 0 0 0 0
1.12333 0 0 0 0
1.13 0 0 0 0
1.13667 0 0 0 0
1.14333 0 0 0 0
1.15 0 0 0 0
1.15667 0 0 0 0
1.16333 0 0 0 0
1.17 0 0 0 0
1.17667 0 0 0 0
1.18333 0 0 0 0
1.19 0 0 0 0
1.19667 0 0 0 0
1.20333 0 0 0 0
1.21 0 0 0 0
1.21667 0 0 0 0
1.22333 0 0 0 0
1.23 0 0 0 0
1.23667 0 0 0 0
1.24333 0 0 0 0
1.25 0 0 0 0
1.25667 0 0 0 0
1.26333 0 0 0 0
1.27 0 0 0 0
1.27667 0 0 0 0
1.28333 0 0 0 0
1.29 0 0 0 0
1.29667 0 0 0 0
1.30333 0 0 0 0
1.31 0 0 0 0
1.31667 0 0 0 0
1.32333 0 0 0 0
1.33 0 0 0 0
1.33667 0 0 0 0
1.34333 0 0 0 0
1.35 0 0 0 0
1.35667 0 0 0 0
1.36333 0 0 0 0
1.37 0 0 0 0
1.37667 0 0 0 0
1.38333 0 0 0 0
1.39 0 0 0 0
1.39667 0 0 0 0
1.40333 0 0 0 0
1.41 0 0 0 0
1.41667 0 0 0 0
1.42333 0 0 0 0
1.43 0 0 0 0
1.43667 0 0 0 0
1.44333 0 0 0 0
1.45 0 0 0 0
1.45667 0 0 0 0
1.46333 0 0 0 0
1.47 0 0 0 0
1.47667 0 0 0 0
1.48333 0 0 0 0
1.49 0 0 0 0
1.49667 0 0 0 0
1.50333 0 0 0 0
1.51 0 0 0 0
1.51667 0 0 0 0
1.52333 0 0 0 0
1.53 0 0 0 0
1.53667 0 0 0 0
1.54333 0 0 0 0
1.55 0 0 0 0
1.55667 0 0 0 0
1.56333 0 0 0 0
1.57 0 0 0 0
1.57667 0 0 0 0
1.58333 0 0 0 0
1.59 0 0 0 0
1.59667 0 0 0 0
1.60333 0 0 0 0
1.61 0 0 0 0
1.61667 0 0 0 0
1.62333 0 0 0 0
1.63 0 0 0 0
1.63667 0 0 0 0
1.64333 0 0 0 0
1.65 0 0 0 0
1.65667 0 0 0 0
1.66333 0 0 0 0
1.67 0 0 0 0
1.67667 0 0 0 0
1.68333 0 0 0 0
1.69 0 0 0 0
1.69667 0 0 0 0
1.70333 0 0 0 0
1.71 0 0 0 0
1.71667 0 0 0 0
1.72333 0 0 0 0
1.73 0 0 0 0
1.73667 0 0 0 0
1.74333 0 0 0 0
1.75 0 0 0 0
1.75667 0 0 0 0
1.76333 0 0 0 0
1.77 0 0 0 0
1.77667 0 0 0 0
1.78333 0 0 0 0
1.79 0 0 0 0
1.79667 0 0 0 0
1.80333 0 0 0 0
1.81 0 0 0 0
1.81667 0 0 0 0
1.82333 0 0 0 0
1.83 0 0 0 0
1.83667 0 0 0 0
1.84333 0 0 0 0
1.85 0 0 0 0
1.85667 0 0 0 0
1.86333 0 0 0 0
1.87 0 0 0 0
1.87667 0 0 0 0
1.88333 0 0 0 0
1.89 0 0 0 0
1.89667 0 0 0 0
1.90333 0 0 0 0
1.91 0 0 0 0
1.91667 0 0 0 0
1.92333 0 0 0 0
1.93 0 0 0 0
1.93667 0 0 0 0
1.94333 0 0 0 0
1.95 0 0 0 0
1.95667 0 0 0 0
1.96333 0 0 0 0
1.97 0 0 0 0
1.97667 0 0 0 0
1.98333 0 0 0 0
1.99 0 0 0 0
1.99667 0 0 0 0
