0.00333333 2 3 33 28
0.01 3 6 45 49
0.0166667 4 4 55 42
0.0233333 2 5 65 32
0.03 4 7 76 49
0.0366667 2 12 91 65
0.0433333 4 15 128 78
0.05 2 14 163 88
0.0566667 6 15 189 108
0.0633333 6 15 195 110
0.07 4 15 223 139
0.0766667 5 22 240 155
0.0833333 4 16 216 150
0.09 5 17 200 145
0.0966667 7 18 230 137
0.103333 16 20 223 123
0.11 6 20 223 125
0.116667 8 20 187 122
0.123333 3 20 193 146
0.13 9 15 217 115
0.136667 4 18 203 119
0.143333 8 13 195 131
0.15 4 17 141 99
0.156667 2 12 174 103
0.163333 6 14 140 98
0.17 1 17 160 118
0.176667 7 5 145 88
0.183333 6 15 178 109
0.19 8 18 180 139
0.196667 6 17 165 103
0.203333 8 16 129 103
0.21 3 12 142 108
0.216667 5 9 141 111
0.223333 8 13 116 103
0.23 3 16 119 79
0.236667 2 6 114 81
0.243333 5 9 122 84
0.25 1 17 111 72
0.256667 2 9 105 68
0.263333 7 4 105 60
0.27 2 4 79 68
0.276667 4 11 103 74
0.283333 2 9 101 49
0.29 3 8 90 73
0.296667 2 8 81 52
0.303333 7 13 95 60
0.31 2 6 93 57
0.316667 1 3 71 57
0.323333 5 5 68 70
0.33 3 9 60 51
0.336667 3 4 75 48
0.343333 2 7 71 49
0.35 2 5 75 54
0.356667 2 9 53 53
0.363333 3 4 55 38
0.37 3 10 63 46
0.376667 1 6 72 36
0.383333 2 9 73 49
0.39 4 6 58 42
0.396667 4 5 67 44
0.403333 2 5 53 47
0.41 1 7 37 40
0.416667 3 11 58 46
0.423333 2 2 53 41
0.43 1 5 56 45
0.436667 0 3 48 23
0.443333 1 5 59 43
0.45 3 6 75 33
0.456667 2 5 72 28
0.463333 3 5 51 32
0.47 2 5 54 49
0.476667 4 7 46 34
0.483333 1 5 27 30
0.49 0 5 37 22
0.496667 2 4 34 27
0.503333 1 4 30 19
0.51 4 1 27 21
0.516667 0 3 28 23
0.523333 3 5 36 28
0.53 1 7 36 20
0.536667 1 1 29 18
0.543333 3 2 27 16
0.55 2 5 32 18
0.556667 3 5 27 17
0.563333 2 3 26 24
0.57 3 2 20 16
0.576667 3 3 21 15
0.583333 5 8 24 27
0.59 0 7 21 15
0.596667 1 4 21 21
0.603333 1 5 26 19
0.61 0 0 40 23
0.616667 2 0 18 20
0.623333 1 3 25 21
0.63 1 2 28 15
0.636667 1 2 19 17
0.643333 2 4 21 20
0.65 0 2 31 16
0.656667 2 3 15 16
0.663333 34 97 1409 990
0.67 0 0 0 0
0.676667 0 0 0 0
0.683333 0 0 0 0
0.69 0 0 0 0
0.696667 0 0 0 0
0.703333 0 0 0 0
0.71 0 0 0 0
0.716667 0 0 0 0
0.723333 0 0 0 0
0.73 0 0 0 0
0.736667 0 0 0 0
0.743333 0 0 0 0
0.75 0 0 0 0
0.756667 0 0 0 0
0.763333 0 0 0 0
0.77 0 0 0 0
0.776667 0 0 0 0
0.783333 0 0 0 0
0.79 0 0 0 0
0.796667 0 0 0 0
0.803333 0 0 0 0
0.81 0 0 0 0
0.816667 0 0 0 0
0.823333 0 0 0 0
0.83 0 0 0 0
0.836667 0 0 0 0
0.843333 0 0 0 0
0.85 0 0 0 0
0.856667 0 0 0 0
0.863333 0 0 0 0
0.87 0 0 0 0
0.876667 0 0 0 0
0.883333 0 0 0 0
0.89 0 0 0 0
0.896667 0 0 0 0
0.903333 0 0 0 0
0.91 0 0 0 0
0.916667 0 0 0 0
0.923333 0 0 0 0
0.93 0 0 0 0
0.936667 0 0 0 0
0.943333 0 0 0 0
0.95 0 0 0 0
0.956667 0 0 0 0
0.963333 0 0 0 0
0.97 0 0 0 0
0.976667 0 0 0 0
0.983333 0 0 0 0
0.99 0 0 0 0
0.996667 0 0 0 0
1.00333 0 0 0 0
1.01 0 0 0 0
1.01667 0 0 0 0
1.02333 0 0 0 0
1.03 0 0 0 0
1.03667 0 0 0 0
1.04333 0 0 0 0
1.05 0 0 0 0
1.05667 0 0 0 0
1.06333 0 0 0 0
1.07 0 0 0 0
1.07667 0 0 0 0
1.08333 0 0 0 0
1.09 0 0 0 0
1.09667 0 0 0 0
1.10333 0 0 0 0
1.11 0 0 0 0
1.11667 0 0 0 0
1.12333 0 0 0 0
1.13 0 0 0 0
1.13667 0 0 0 0
1.14333 0 0 0 0
1.15 0 0 0 0
1.15667 0 0 0 0
1.16333 0 0 0 0
1.17 0 0 0 0
1.17667 0 0 0 0
1.18333 0 0 0 0
1.19 0 0 0 0
1.19667 0 0 0 0
1.20333 0 0 0 0
1.21 0 0 0 0
1.21667 0 0 0 0
1.22333 0 0 0 0
1.23 0 0 0 0
1.23667 0 0 0 0
1.24333 0 0 0 0
1.25 0 0 0 0
1.25667 0 0 0 0
1.26333 0 0 0 0
1.27 0 0 0 0
1.27667 0 0 0 0
1.28333 0 0 0 0
1.29 0 0 0 0
1.29667 0 0 0 0
1.30333 0 0 0 0
1.31 0 0 0 0
1.31667 0 0 0 0
1.32333 0 0 0 0
1.33 0 0 0 0
1.33667 0 0 0 0
1.34333 0 0 0 0
1.35 0 0 0 0
1.35667 0 0 0 0
1.36333 0 0 0 0
1.37 0 0 0 0
1.37667 0 0 0 0
1.38333 0 0 0 0
1.39 0 0 0 0
1.39667 0 0 0 0
1.40333 0 0 0 0
1.41 0 0 0 0
1.41667 0 0 0 0
1.42333 0 0 0 0
1.43 0 0 0 0
1.43667 0 0 0 0
1.44333 0 0 0 0
1.45 0 0 0 0
1.45667 0 0 0 0
1.46333 0 0 0 0
1.47 0 0 0 0
1.47667 0 0 0 0
1.48333 0 0 0 0
1.49 0 0 0 0
1.49667 0 0 0 0
1.50333 0 0 0 0
1.51 0 0 0 0
1.51667 0 0 0 0
1.52333 0 0 0 0
1.53 0 0 0 0
1.53667 0 0 0 0
1.54333 0 0 0 0
1.55 0 0 0 0
1.55667 0 0 0 0
1.56333 0 0 0 0
1.57 0 0 0 0
1.57667 0 0 0 0
1.58333 0 0 0 0
1.59 0 0 0 0
1.59667 0 0 0 0
1.60333 0 0 0 0
1.61 0 0 0 0
1.61667 0 0 0 0
1.62333 0 0 0 0
1.63 0 0 0 0
1.63667 0 0 0 0
1.64333 0 0 0 0
1.65 0 0 0 0
1.65667 0 0 0 0
1.66333 0 0 0 0
1.67 0 0 0 0
1.67667 0 0 0 0
1.68333 0 0 0 0
1.69 0 0 0 0
1.69667 0 0 0 0
1.70333 0 0 0 0
1.71 0 0 0 0
1.71667 0 0 0 0
1.72333 0 0 0 0
1.73 0 0 0 0
1.73667 0 0 0 0
1.74333 0 0 0 0
1.75 0 0 0 0
1.75667 0 0 0 0
1.76333 0 0 0 0
1.77 0 0 0 0
1.77667 0 0 0 0
1.78333 0 0 0 0
1.79 0 0 0 0
1.79667 0 0 0 0
1.80333 0 0 0 0
1.81 0 0 0 0
1.81667 0 0 0 0
1.82333 0 0 0 0
1.83 0 0 0 0
1.83667 0 0 0 0
1.84333 0 0 0 0
1.85 0 0 0 0
1.85667 0 0 0 0
1.86333 0 0 0 0
1.87 0 0 0 0
1.87667 0 0 0 0
1.88333 0 0 0 0
1.89 0 0 0 0
1.89667 0 0 0 0
1.90333 0 0 0 0
1.91 0 0 0 0
1.91667 0 0 0 0
1.92333 0 0 0 0
1.93 0 0 0 0
1.93667 0 0 0 0
1.94333 0 0 0 0
1.95 0 0 0 0
1.95667 0 0 0 0
1.96333 0 0 0 0
1.97 0 0 0 0
1.97667 0 0 0 0
1.98333 0 0 0 0
1.99 0 0 0 0
1.99667 0 0 0 0
