0.00333333 2 1 5 152
0.01 1 6 12 155
0.0166667 6 4 9 167
0.0233333 2 3 15 161
0.03 3 3 9 157
0.0366667 3 5 22 184
0.0433333 5 2 21 183
0.05 0 2 17 207
0.0566667 4 3 31 197
0.0633333 2 7 37 262
0.07 5 3 49 237
0.0766667 2 8 36 254
0.0833333 1 3 37 282
0.09 2 5 26 283
0.0966667 3 7 34 275
0.103333 5 3 29 314
0.11 5 7 21 303
0.116667 4 1 31 332
0.123333 3 4 17 337
0.13 6 7 24 350
0.136667 4 4 23 318
0.143333 1 2 27 326
0.15 5 7 34 335
0.156667 4 5 27 346
0.163333 1 4 16 339
0.17 6 7 22 321
0.176667 3 4 18 305
0.183333 4 4 19 410
0.19 4 5 15 495
0.196667 3 6 19 518
0.203333 8 10 25 454
0.21 1 8 25 396
0.216667 4 9 23 410
0.223333 6 4 10 416
0.23 5 9 19 349
0.236667 2 5 13 340
0.243333 1 4 22 313
0.25 5 5 14 317
0.256667 4 5 24 298
0.263333 1 6 15 254
0.27 3 6 15 261
0.276667 3 7 18 247
0.283333 6 5 14 252
0.29 2 7 10 221
0.296667 2 4 9 219
0.303333 2 1 14 219
0.31 6 5 16 203
0.316667 3 5 14 186
0.323333 3 6 12 217
0.33 3 6 14 183
0.336667 4 6 15 179
0.343333 4 5 12 178
0.35 3 7 10 159
0.356667 9 5 16 182
0.363333 4 3 16 179
0.37 1 3 6 185
0.376667 7 0 8 157
0.383333 3 7 13 166
0.39 0 7 6 163
0.396667 2 6 8 179
0.403333 0 4 15 181
0.41 4 4 7 146
0.416667 2 6 6 152
0.423333 5 3 8 169
0.43 4 3 9 168
0.436667 5 3 12 180
0.443333 4 1 13 161
0.45 3 4 16 161
0.456667 5 5 7 162
0.463333 6 4 2 182
0.47 3 1 9 176
0.476667 2 6 10 165
0.483333 2 2 9 80
0.49 0 1 5 80
0.496667 1 3 6 70
0.503333 1 2 10 65
0.51 0 4 4 73
0.516667 3 2 8 65
0.523333 2 1 5 51
0.53 3 1 6 49
0.536667 1 3 5 46
0.543333 1 3 6 51
0.55 2 3 12 43
0.556667 3 0 6 47
0.563333 1 3 6 43
0.57 0 2 6 54
0.576667 1 3 4 43
0.583333 2 0 9 52
0.59 5 4 5 48
0.596667 1 3 10 34
0.603333 0 1 3 47
0.61 3 5 5 46
0.616667 4 4 5 42
0.623333 3 5 4 30
0.63 2 2 4 44
0.636667 4 3 6 57
0.643333 2 4 2 32
0.65 3 5 9 30
0.656667 2 3 8 43
0.663333 129 102 168 9442
0.67 0 0 0 0
0.676667 0 0 0 0
0.683333 0 0 0 0
0.69 0 0 0 0
0.696667 0 0 0 0
0.703333 0 0 0 0
0.71 0 0 0 0
0.716667 0 0 0 0
0.723333 0 0 0 0
0.73 0 0 0 0
0.736667 0 0 0 0
0.743333 0 0 0 0
0.75 0 0 0 0
0.756667 0 0 0 0
0.763333 0 0 0 0
0.77 0 0 0 0
0.776667 0 0 0 0
0.783333 0 0 0 0
0.79 0 0 0 0
0.796667 0 0 0 0
0.803333 0 0 0 0
0.81 0 0 0 0
0.816667 0 0 0 0
0.823333 0 0 0 0
0.83 0 0 0 0
0.836667 0 0 0 0
0.843333 0 0 0 0
0.85 0 0 0 0
0.856667 0 0 0 0
0.863333 0 0 0 0
0.87 0 0 0 0
0.876667 0 0 0 0
0.883333 0 0 0 0
0.89 0 0 0 0
0.896667 0 0 0 0
0.903333 0 0 0 0
0.91 0 0 0 0
0.916667 0 0 0 0
0.923333 0 0 0 0
0.93 0 0 0 0
0.936667 0 0 0 0
0.943333 0 0 0 0
0.95 0 0 0 0
0.956667 0 0 0 0
0.963333 0 0 0 0
0.97 0 0 0 0
0.976667 0 0 0 0
0.983333 0 0 0 0
0.99 0 0 0 0
0.996667 0 0 0 0
1.00333 0 0 0 0
1.01 0 0 0 0
1.01667 0 0 0 0
1.02333 0 0 0 0
1.03 0 0 0 0
1.03667 0 0 0 0
1.04333 0 0 0 0
1.05 0 0 0 0
1.05667 0 0 0 0
1.06333 0 0 0 0
1.07 0 0 0 0
1.07667 0 0 0 0
1.08333 0 0 0 0
1.09 0 0 0 0
1.09667 0 0 0 0
1.10333 0 0 0 0
1.11 0 0 0 0
1.11667 0 0 0 0
1.12333 0 0 0 0
1.13 0 0 0 0
1.13667 0 0 0 0
1.14333 0 0 0 0
1.15 0 0 0 0
1.15667 0 0 0 0
1.16333 0 0 0 0
1.17 0 0 0 0
1.17667 0 0 0 0
1.18333 0 0 0 0
1.19 0 0 0 0
1.19667 0 0 0 0
1.20333 0 0 0 0
1.21 0 0 0 0
1.21667 0 0 0 0
1.22333 0 0 0 0
1.23 0 0 0 0
1.23667 0 0 0 0
1.24333 0 0 0 0
1.25 0 0 0 0
1.25667 0 0 0 0
1.26333 0 0 0 0
1.27 0 0 0 0
1.27667 0 0 0 0
1.28333 0 0 0 0
1.29 0 0 0 0
1.29667 0 0 0 0
1.30333 0 0 0 0
1.31 0 0 0 0
1.31667 0 0 0 0
1.32333 0 0 0 0
1.33 0 0 0 0
1.33667 0 0 0 0
1.34333 0 0 0 0
1.35 0 0 0 0
1.35667 0 0 0 0
1.36333 0 0 0 0
1.37 0 0 0 0
1.37667 0 0 0 0
1.38333 0 0 0 0
1.39 0 0 0 0
1.39667 0 0 0 0
1.40333 0 0 0 0
1.41 0 0 0 0
1.41667 0 0 0 0
1.42333 0 0 0 0
1.43 0 0 0 0
1.43667 0 0 0 0
1.44333 0 0 0 0
1.45 0 0 0 0
1.45667 0 0 0 0
1.46333 0 0 0 0
1.47 0 0 0 0
1.47667 0 0 0 0
1.48333 0 0 0 0
1.49 0 0 0 0
1.49667 0 0 0 0
1.50333 0 0 0 0
1.51 0 0 0 0
1.51667 0 0 0 0
1.52333 0 0 0 0
1.53 0 0 0 0
1.53667 0 0 0 0
1.54333 0 0 0 0
1.55 0 0 0 0
1.55667 0 0 0 0
1.56333 0 0 0 0
1.57 0 0 0 0
1.57667 0 0 0 0
1.58333 0 0 0 0
1.59 0 0 0 0
1.59667 0 0 0 0
1.60333 0 0 0 0
1.61 0 0 0 0
1.61667 0 0 0 0
1.62333 0 0 0 0
1.63 0 0 0 0
1.63667 0 0 0 0
1.64333 0 0 0 0
1.65 0 0 0 0
1.65667 0 0 0 0
1.66333 0 0 0 0
1.67 0 0 0 0
1.67667 0 0 0 0
1.68333 0 0 0 0
1.69 0 0 0 0
1.69667 0 0 0 0
1.70333 0 0 0 0
1.71 0 0 0 0
1.71667 0 0 0 0
1.72333 0 0 0 0
1.73 0 0 0 0
1.73667 0 0 0 0
1.74333 0 0 0 0
1.75 0 0 0 0
1.75667 0 0 0 0
1.76333 0 0 0 0
1.77 0 0 0 0
1.77667 0 0 0 0
1.78333 0 0 0 0
1.79 0 0 0 0
1.79667 0 0 0 0
1.80333 0 0 0 0
1.81 0 0 0 0
1.81667 0 0 0 0
1.82333 0 0 0 0
1.83 0 0 0 0
1.83667 0 0 0 0
1.84333 0 0 0 0
1.85 0 0 0 0
1.85667 0 0 0 0
1.86333 0 0 0 0
1.87 0 0 0 0
1.87667 0 0 0 0
1.88333 0 0 0 0
1.89 0 0 0 0
1.89667 0 0 0 0
1.90333 0 0 0 0
1.91 0 0 0 0
1.91667 0 0 0 0
1.92333 0 0 0 0
1.93 0 0 0 0
1.93667 0 0 0 0
1.94333 0 0 0 0
1.95 0 0 0 0
1.95667 0 0 0 0
1.96333 0 0 0 0
1.97 0 0 0 0
1.97667 0 0 0 0
1.98333 0 0 0 0
1.99 0 0 0 0
1.99667 0 0 0 0
