0.00333333 3 3 16 26
0.01 2 3 22 21
0.0166667 3 5 24 34
0.0233333 3 2 20 29
0.03 3 7 18 33
0.0366667 7 9 30 26
0.0433333 4 3 37 40
0.05 3 5 58 44
0.0566667 5 4 54 50
0.0633333 2 10 69 49
0.07 9 15 66 52
0.0766667 7 11 66 80
0.0833333 11 9 73 62
0.09 8 9 57 54
0.0966667 8 9 86 48
0.103333 7 17 81 64
0.11 9 9 60 56
0.116667 8 17 70 75
0.123333 3 7 59 69
0.13 5 10 58 68
0.136667 4 7 47 51
0.143333 6 6 47 43
0.15 9 10 40 48
0.156667 7 7 45 64
0.163333 7 4 34 49
0.17 9 12 49 47
0.176667 4 8 36 53
0.183333 3 6 39 41
0.19 3 5 46 52
0.196667 9 7 52 50
0.203333 4 8 32 58
0.21 7 6 35 55
0.216667 6 10 26 59
0.223333 10 6 32 59
0.23 6 10 44 54
0.236667 6 8 39 37
0.243333 8 2 36 54
0.25 3 11 36 53
0.256667 4 11 38 52
0.263333 3 6 37 49
0.27 7 3 41 64
0.276667 4 5 31 52
0.283333 6 4 30 31
0.29 3 6 23 50
0.296667 6 8 41 40
0.303333 4 5 34 33
0.31 4 7 27 37
0.316667 5 6 36 30
0.323333 6 4 23 42
0.33 5 4 32 29
0.336667 5 3 31 43
0.343333 4 1 15 34
0.35 3 2 17 33
0.356667 1 4 26 36
0.363333 4 5 21 30
0.37 3 2 24 34
0.376667 3 2 20 30
0.383333 4 3 21 36
0.39 1 3 16 34
0.396667 6 9 15 35
0.403333 4 3 21 29
0.41 3 6 17 28
0.416667 3 3 20 43
0.423333 6 3 27 36
0.43 3 2 20 42
0.436667 3 3 19 32
0.443333 3 5 23 35
0.45 3 2 24 38
0.456667 9 5 20 35
0.463333 6 3 33 26
0.47 2 4 27 34
0.476667 3 2 21 27
0.483333 2 2 17 22
0.49 3 5 12 16
0.496667 0 3 23 21
0.503333 4 1 12 23
0.51 4 4 14 14
0.516667 0 3 22 18
0.523333 1 4 20 15
0.53 2 4 16 14
0.536667 3 2 13 9
0.543333 1 0 15 18
0.55 3 3 13 14
0.556667 1 3 24 16
0.563333 1 2 10 19
0.57 3 5 8 14
0.576667 0 3 11 12
0.583333 1 2 14 11
0.59 1 2 16 10
0.596667 0 3 12 18
0.603333 1 1 9 13
0.61 6 2 16 15
0.616667 3 1 6 16
0.623333 3 2 14 14
0.63 2 1 14 22
0.636667 2 2 15 15
0.643333 1 5 8 13
0.65 3 1 15 18
0.656667 3 2 13 11
0.663333 163 50 489 1256
0.67 0 0 0 0
0.676667 0 0 0 0
0.683333 0 0 0 0
0.69 0 0 0 0
0.696667 0 0 0 0
0.703333 0 0 0 0
0.71 0 0 0 0
0.716667 0 0 0 0
0.723333 0 0 0 0
0.73 0 0 0 0
0.736667 0 0 0 0
0.743333 0 0 0 0
0.75 0 0 0 0
0.756667 0 0 0 0
0.763333 0 0 0 0
0.77 0 0 0 0
0.776667 0 0 0 0
0.783333 0 0 0 0
0.79 0 0 0 0
0.796667 0 0 0 0
0.803333 0 0 0 0
0.81 0 0 0 0
0.816667 0 0 0 0
0.823333 0 0 0 0
0.83 0 0 0 0
0.836667 0 0 0 0
0.843333 0 0 0 0
0.85 0 0 0 0
0.856667 0 0 0 0
0.863333 0 0 0 0
0.87 0 0 0 0
0.876667 0 0 0 0
0.883333 0 0 0 0
0.89 0 0 0 0
0.896667 0 0 0 0
0.903333 0 0 0 0
0.91 0 0 0 0
0.916667 0 0 0 0
0.923333 0 0 0 0
0.93 0 0 0 0
0.936667 0 0 0 0
0.943333 0 0 0 0
0.95 0 0 0 0
0.956667 0 0 0 0
0.963333 0 0 0 0
0.97 0 0 0 0
0.976667 0 0 0 0
0.983333 0 0 0 0
0.99 0 0 0 0
0.996667 0 0 0 0
1.00333 0 0 0 0
1.01 0 0 0 0
1.01667 0 0 0 0
1.02333 0 0 0 0
1.03 0 0 0 0
1.03667 0 0 0 0
1.04333 0 0 0 0
1.05 0 0 0 0
1.05667 0 0 0 0
1.06333 0 0 0 0
1.07 0 0 0 0
1.07667 0 0 0 0
1.08333 0 0 0 0
1.09 0 0 0 0
1.09667 0 0 0 0
1.10333 0 0 0 0
1.11 0 0 0 0
1.11667 0 0 0 0
1.12333 0 0 0 0
1.13 0 0 0 0
1.13667 0 0 0 0
1.14333 0 0 0 0
1.15 0 0 0 0
1.15667 0 0 0 0
1.16333 0 0 0 0
1.17 0 0 0 0
1.17667 0 0 0 0
1.18333 0 0 0 0
1.19 0 0 0 0
1.19667 0 0 0 0
1.20333 0 0 0 0
1.21 0 0 0 0
1.21667 0 0 0 0
1.22333 0 0 0 0
1.23 0 0 0 0
1.23667 0 0 0 0
1.24333 0 0 0 0
1.25 0 0 0 0
1.25667 0 0 0 0
1.26333 0 0 0 0
1.27 0 0 0 0
1.27667 0 0 0 0
1.28333 0 0 0 0
1.29 0 0 0 0
1.29667 0 0 0 0
1.30333 0 0 0 0
1.31 0 0 0 0
1.31667 0 0 0 0
1.32333 0 0 0 0
1.33 0 0 0 0
1.33667 0 0 0 0
1.34333 0 0 0 0
1.35 0 0 0 0
1.35667 0 0 0 0
1.36333 0 0 0 0
1.37 0 0 0 0
1.37667 0 0 0 0
1.38333 0 0 0 0
1.39 0 0 0 0
1.39667 0 0 0 0
1.40333 0 0 0 0
1.41 0 0 0 0
1.41667 0 0 0 0
1.42333 0 0 0 0
1.43 0 0 0 0
1.43667 0 0 0 0
1.44333 0 0 0 0
1.45 0 0 0 0
1.45667 0 0 0 0
1.46333 0 0 0 0
1.47 0 0 0 0
1.47667 0 0 0 0
1.48333 0 0 0 0
1.49 0 0 0 0
1.49667 0 0 0 0
1.50333 0 0 0 0
1.51 0 0 0 0
1.51667 0 0 0 0
1.52333 0 0 0 0
1.53 0 0 0 0
1.53667 0 0 0 0
1.54333 0 0 0 0
1.55 0 0 0 0
1.55667 0 0 0 0
1.56333 0 0 0 0
1.57 0 0 0 0
1.57667 0 0 0 0
1.58333 0 0 0 0
1.59 0 0 0 0
1.59667 0 0 0 0
1.60333 0 0 0 0
1.61 0 0 0 0
1.61667 0 0 0 0
1.62333 0 0 0 0
1.63 0 0 0 0
1.63667 0 0 0 0
1.64333 0 0 0 0
1.65 0 0 0 0
1.65667 0 0 0 0
1.66333 0 0 0 0
1.67 0 0 0 0
1.67667 0 0 0 0
1.68333 0 0 0 0
1.69 0 0 0 0
1.69667 0 0 0 0
1.70333 0 0 0 0
1.71 0 0 0 0
1.71667 0 0 0 0
1.72333 0 0 0 0
1.73 0 0 0 0
1.73667 0 0 0 0
1.74333 0 0 0 0
1.75 0 0 0 0
1.75667 0 0 0 0
1.76333 0 0 0 0
1.77 0 0 0 0
1.77667 0 0 0 0
1.78333 0 0 0 0
1.79 0 0 0 0
1.79667 0 0 0 0
1.80333 0 0 0 0
1.81 0 0 0 0
1.81667 0 0 0 0
1.82333 0 0 0 0
1.83 0 0 0 0
1.83667 0 0 0 0
1.84333 0 0 0 0
1.85 0 0 0 0
1.85667 0 0 0 0
1.86333 0 0 0 0
1.87 0 0 0 0
1.87667 0 0 0 0
1.88333 0 0 0 0
1.89 0 0 0 0
1.89667 0 0 0 0
1.90333 0 0 0 0
1.91 0 0 0 0
1.91667 0 0 0 0
1.92333 0 0 0 0
1.93 0 0 0 0
1.93667 0 0 0 0
1.94333 0 0 0 0
1.95 0 0 0 0
1.95667 0 0 0 0
1.96333 0 0 0 0
1.97 0 0 0 0
1.97667 0 0 0 0
1.98333 0 0 0 0
1.99 0 0 0 0
1.99667 0 0 0 0
