0.00333333 3 7 21 83
0.01 9 8 15 78
0.0166667 6 2 24 72
0.0233333 9 9 24 82
0.03 12 5 21 85
0.0366667 15 10 23 106
0.0433333 8 9 40 98
0.05 8 10 42 114
0.0566667 6 11 54 154
0.0633333 4 9 68 136
0.07 6 15 54 132
0.0766667 14 13 68 158
0.0833333 15 14 58 146
0.09 7 22 72 143
0.0966667 10 15 47 138
0.103333 7 16 82 143
0.11 9 15 64 150
0.116667 7 5 63 154
0.123333 13 11 64 155
0.13 15 12 56 163
0.136667 14 9 53 156
0.143333 7 14 37 174
0.15 16 11 60 164
0.156667 8 13 39 175
0.163333 11 10 49 185
0.17 8 17 57 142
0.176667 14 8 37 171
0.183333 7 12 34 231
0.19 18 5 42 283
0.196667 14 11 31 230
0.203333 16 19 47 215
0.21 14 8 42 186
0.216667 0 13 35 200
0.223333 10 11 36 183
0.23 11 8 27 171
0.236667 7 11 32 171
0.243333 6 11 35 155
0.25 16 13 26 151
0.256667 10 11 37 126
0.263333 12 7 43 136
0.27 5 6 25 146
0.276667 8 6 30 115
0.283333 8 3 36 119
0.29 8 7 22 111
0.296667 8 3 37 109
0.303333 3 8 28 104
0.31 6 10 27 105
0.316667 9 5 30 94
0.323333 10 9 26 103
0.33 8 12 23 107
0.336667 2 6 34 96
0.343333 8 8 25 93
0.35 9 5 23 94
0.356667 9 6 21 93
0.363333 7 8 28 86
0.37 6 8 30 78
0.376667 3 7 19 94
0.383333 5 6 20 85
0.39 6 9 22 105
0.396667 10 4 21 95
0.403333 5 3 22 97
0.41 11 7 14 125
0.416667 4 8 18 82
0.423333 11 9 26 93
0.43 5 4 17 85
0.436667 10 8 18 86
0.443333 8 7 23 87
0.45 2 9 24 79
0.456667 8 2 23 87
0.463333 17 9 19 94
0.47 12 2 15 86
0.476667 6 2 22 83
0.483333 3 8 21 28
0.49 3 6 21 31
0.496667 5 1 15 25
0.503333 5 3 6 23
0.51 3 4 9 29
0.516667 4 4 20 20
0.523333 4 3 18 24
0.53 0 3 5 26
0.536667 0 4 11 12
0.543333 3 5 16 12
0.55 4 3 13 15
0.556667 3 3 11 17
0.563333 4 5 7 20
0.57 4 2 15 21
0.576667 3 4 10 15
0.583333 1 5 11 19
0.59 6 3 13 12
0.596667 3 5 10 12
0.603333 2 2 12 6
0.61 2 4 14 7
0.616667 0 4 10 18
0.623333 4 6 6 10
0.63 0 2 6 18
0.636667 3 5 12 28
0.643333 3 4 11 8
0.65 1 5 8 11
0.656667 2 2 4 18
0.663333 438 190 319 5272
0.67 0 0 0 0
0.676667 0 0 0 0
0.683333 0 0 0 0
0.69 0 0 0 0
0.696667 0 0 0 0
0.703333 0 0 0 0
0.71 0 0 0 0
0.716667 0 0 0 0
0.723333 0 0 0 0
0.73 0 0 0 0
0.736667 0 0 0 0
0.743333 0 0 0 0
0.75 0 0 0 0
0.756667 0 0 0 0
0.763333 0 0 0 0
0.77 0 0 0 0
0.776667 0 0 0 0
0.783333 0 0 0 0
0.79 0 0 0 0
0.796667 0 0 0 0
0.803333 0 0 0 0
0.81 0 0 0 0
0.816667 0 0 0 0
0.823333 0 0 0 0
0.83 0 0 0 0
0.836667 0 0 0 0
0.843333 0 0 0 0
0.85 0 0 0 0
0.856667 0 0 0 0
0.863333 0 0 0 0
0.87 0 0 0 0
0.876667 0 0 0 0
0.883333 0 0 0 0
0.89 0 0 0 0
0.896667 0 0 0 0
0.903333 0 0 0 0
0.91 0 0 0 0
0.916667 0 0 0 0
0.923333 0 0 0 0
0.93 0 0 0 0
0.936667 0 0 0 0
0.943333 0 0 0 0
0.95 0 0 0 0
0.956667 0 0 0 0
0.963333 0 0 0 0
0.97 0 0 0 0
0.976667 0 0 0 0
0.983333 0 0 0 0
0.99 0 0 0 0
0.996667 0 0 0 0
1.00333 0 0 0 0
1.01 0 0 0 0
1.01667 0 0 0 0
1.02333 0 0 0 0
1.03 0 0 0 0
1.03667 0 0 0 0
1.04333 0 0 0 0
1.05 0 0 0 0
1.05667 0 0 0 0
1.06333 0 0 0 0
1.07 0 0 0 0
1.07667 0 0 0 0
1.08333 0 0 0 0
1.09 0 0 0 0
1.09667 0 0 0 0
1.10333 0 0 0 0
1.11 0 0 0 0
1.11667 0 0 0 0
1.12333 0 0 0 0
1.13 0 0 0 0
1.13667 0 0 0 0
1.14333 0 0 0 0
1.15 0 0 0 0
1.15667 0 0 0 0
1.16333 0 0 0 0
1.17 0 0 0 0
1.17667 0 0 0 0
1.18333 0 0 0 0
1.19 0 0 0 0
1.19667 0 0 0 0
1.20333 0 0 0 0
1.21 0 0 0 0
1.21667 0 0 0 0
1.22333 0 0 0 0
1.23 0 0 0 0
1.23667 0 0 0 0
1.24333 0 0 0 0
1.25 0 0 0 0
1.25667 0 0 0 0
1.26333 0 0 0 0
1.27 0 0 0 0
1.27667 0 0 0 0
1.28333 0 0 0 0
1.29 0 0 0 0
1.29667 0 0 0 0
1.30333 0 0 0 0
1.31 0 0 0 0
1.31667 0 0 0 0
1.32333 0 0 0 0
1.33 0 0 0 0
1.33667 0 0 0 0
1.34333 0 0 0 0
1.35 0 0 0 0
1.35667 0 0 0 0
1.36333 0 0 0 0
1.37 0 0 0 0
1.37667 0 0 0 0
1.38333 0 0 0 0
1.39 0 0 0 0
1.39667 0 0 0 0
1.40333 0 0 0 0
1.41 0 0 0 0
1.41667 0 0 0 0
1.42333 0 0 0 0
1.43 0 0 0 0
1.43667 0 0 0 0
1.44333 0 0 0 0
1.45 0 0 0 0
1.45667 0 0 0 0
1.46333 0 0 0 0
1.47 0 0 0 0
1.47667 0 0 0 0
1.48333 0 0 0 0
1.49 0 0 0 0
1.49667 0 0 0 0
1.50333 0 0 0 0
1.51 0 0 0 0
1.51667 0 0 0 0
1.52333 0 0 0 0
1.53 0 0 0 0
1.53667 0 0 0 0
1.54333 0 0 0 0
1.55 0 0 0 0
1.55667 0 0 0 0
1.56333 0 0 0 0
1.57 0 0 0 0
1.57667 0 0 0 0
1.58333 0 0 0 0
1.59 0 0 0 0
1.59667 0 0 0 0
1.60333 0 0 0 0
1.61 0 0 0 0
1.61667 0 0 0 0
1.62333 0 0 0 0
1.63 0 0 0 0
1.63667 0 0 0 0
1.64333 0 0 0 0
1.65 0 0 0 0
1.65667 0 0 0 0
1.66333 0 0 0 0
1.67 0 0 0 0
1.67667 0 0 0 0
1.68333 0 0 0 0
1.69 0 0 0 0
1.69667 0 0 0 0
1.70333 0 0 0 0
1.71 0 0 0 0
1.71667 0 0 0 0
1.72333 0 0 0 0
1.73 0 0 0 0
1.73667 0 0 0 0
1.74333 0 0 0 0
1.75 0 0 0 0
1.75667 0 0 0 0
1.76333 0 0 0 0
1.77 0 0 0 0
1.77667 0 0 0 0
1.78333 0 0 0 0
1.79 0 0 0 0
1.79667 0 0 0 0
1.80333 0 0 0 0
1.81 0 0 0 0
1.81667 0 0 0 0
1.82333 0 0 0 0
1.83 0 0 0 0
1.83667 0 0 0 0
1.84333 0 0 0 0
1.85 0 0 0 0
1.85667 0 0 0 0
1.86333 0 0 0 0
1.87 0 0 0 0
1.87667 0 0 0 0
1.88333 0 0 0 0
1.89 0 0 0 0
1.89667 0 0 0 0
1.90333 0 0 0 0
1.91 0 0 0 0
1.91667 0 0 0 0
1.92333 0 0 0 0
1.93 0 0 0 0
1.93667 0 0 0 0
1.94333 0 0 0 0
1.95 0 0 0 0
1.95667 0 0 0 0
1.96333 0 0 0 0
1.97 0 0 0 0
1.97667 0 0 0 0
1.98333 0 0 0 0
1.99 0 0 0 0
1.99667 0 0 0 0
