0.00333333 140 26 1 0
0.01 152 26 0 2
0.0166667 145 32 2 1
0.0233333 164 27 1 1
0.03 171 36 4 0
0.0366667 192 32 1 1
0.0433333 207 63 4 0
0.05 269 76 2 3
0.0566667 295 94 2 4
0.0633333 327 78 2 5
0.07 324 93 5 1
0.0766667 358 92 3 0
0.0833333 415 98 5 3
0.09 406 114 4 4
0.0966667 372 102 2 2
0.103333 375 76 2 2
0.11 437 88 4 4
0.116667 414 112 2 6
0.123333 434 89 2 2
0.13 428 93 0 4
0.136667 448 73 2 2
0.143333 407 64 4 3
0.15 387 78 0 2
0.156667 433 65 5 1
0.163333 392 64 1 1
0.17 388 68 5 3
0.176667 379 59 2 5
0.183333 435 74 3 3
0.19 498 74 4 2
0.196667 508 82 2 0
0.203333 439 55 1 4
0.21 430 48 2 2
0.216667 391 53 1 5
0.223333 386 63 2 2
0.23 390 46 2 3
0.236667 337 66 1 1
0.243333 315 58 6 5
0.25 321 63 2 3
0.256667 278 52 1 3
0.263333 264 45 2 3
0.27 292 40 2 0
0.276667 235 39 3 2
0.283333 250 42 1 3
0.29 243 43 2 2
0.296667 238 41 0 4
0.303333 216 33 3 0
0.31 197 44 4 3
0.316667 181 45 4 1
0.323333 198 46 1 0
0.33 208 42 0 1
0.336667 187 35 1 1
0.343333 194 39 1 3
0.35 168 32 2 1
0.356667 151 35 1 1
0.363333 154 30 2 1
0.37 180 27 3 0
0.376667 145 36 1 2
0.383333 160 29 1 1
0.39 143 27 1 2
0.396667 180 30 0 0
0.403333 143 35 2 1
0.41 155 30 1 4
0.416667 170 39 0 2
0.423333 148 23 3 1
0.43 135 34 1 1
0.436667 181 28 0 0
0.443333 158 29 3 2
0.45 156 25 0 2
0.456667 170 40 1 2
0.463333 162 25 1 1
0.47 155 28 0 0
0.476667 142 35 0 1
0.483333 102 20 0 4
0.49 88 10 2 2
0.496667 62 17 2 1
0.503333 74 21 4 1
0.51 69 11 2 0
0.516667 68 22 1 2
0.523333 72 17 2 3
0.53 58 15 0 1
0.536667 60 16 1 1
0.543333 55 12 2 0
0.55 55 12 1 1
0.556667 78 14 1 0
0.563333 56 16 0 2
0.57 70 19 1 2
0.576667 53 18 1 4
0.583333 57 28 0 0
0.59 65 24 1 1
0.596667 50 14 1 1
0.603333 56 12 2 0
0.61 45 9 2 2
0.616667 58 11 1 2
0.623333 49 11 0 2
0.63 56 16 0 0
0.636667 66 15 0 1
0.643333 50 17 1 0
0.65 54 19 1 3
0.656667 53 12 1 1
0.663333 7015 654 15 47
0.67 0 0 0 0
0.676667 0 0 0 0
0.683333 0 0 0 0
0.69 0 0 0 0
0.696667 0 0 0 0
0.703333 0 0 0 0
0.71 0 0 0 0
0.716667 0 0 0 0
0.723333 0 0 0 0
0.73 0 0 0 0
0.736667 0 0 0 0
0.743333 0 0 0 0
0.75 0 0 0 0
0.756667 0 0 0 0
0.763333 0 0 0 0
0.77 0 0 0 0
0.776667 0 0 0 0
0.783333 0 0 0 0
0.79 0 0 0 0
0.796667 0 0 0 0
0.803333 0 0 0 0
0.81 0 0 0 0
0.816667 0 0 0 0
0.823333 0 0 0 0
0.83 0 0 0 0
0.836667 0 0 0 0
0.843333 0 0 0 0
0.85 0 0 0 0
0.856667 0 0 0 0
0.863333 0 0 0 0
0.87 0 0 0 0
0.876667 0 0 0 0
0.883333 0 0 0 0
0.89 0 0 0 0
0.896667 0 0 0 0
0.903333 0 0 0 0
0.91 0 0 0 0
0.916667 0 0 0 0
0.923333 0 0 0 0
0.93 0 0 0 0
0.936667 0 0 0 0
0.943333 0 0 0 0
0.95 0 0 0 0
0.956667 0 0 0 0
0.963333 0 0 0 0
0.97 0 0 0 0
0.976667 0 0 0 0
0.983333 0 0 0 0
0.99 0 0 0 0
0.996667 0 0 0 0
1.00333 0 0 0 0
1.01 0 0 0 0
1.01667 0 0 0 0
1.02333 0 0 0 0
1.03 0 0 0 0
1.03667 0 0 0 0
1.04333 0 0 0 0
1.05 0 0 0 0
1.05667 0 0 0 0
1.06333 0 0 0 0
1.07 0 0 0 0
1.07667 0 0 0 0
1.08333 0 0 0 0
1.09 0 0 0 0
1.09667 0 0 0 0
1.10333 0 0 0 0
1.11 0 0 0 0
1.11667 0 0 0 0
1.12333 0 0 0 0
1.13 0 0 0 0
1.13667 0 0 0 0
1.14333 0 0 0 0
1.15 0 0 0 0
1.15667 0 0 0 0
1.16333 0 0 0 0
1.17 0 0 0 0
1.17667 0 0 0 0
1.18333 0 0 0 0
1.19 0 0 0 0
1.19667 0 0 0 0
1.20333 0 0 0 0
1.21 0 0 0 0
1.21667 0 0 0 0
1.22333 0 0 0 0
1.23 0 0 0 0
1.23667 0 0 0 0
1.24333 0 0 0 0
1.25 0 0 0 0
1.25667 0 0 0 0
1.26333 0 0 0 0
1.27 0 0 0 0
1.27667 0 0 0 0
1.28333 0 0 0 0
1.29 0 0 0 0
1.29667 0 0 0 0
1.30333 0 0 0 0
1.31 0 0 0 0
1.31667 0 0 0 0
1.32333 0 0 0 0
1.33 0 0 0 0
1.33667 0 0 0 0
1.34333 0 0 0 0
1.35 0 0 0 0
1.35667 0 0 0 0
1.36333 0 0 0 0
1.37 0 0 0 0
1.37667 0 0 0 0
1.38333 0 0 0 0
1.39 0 0 0 0
1.39667 0 0 0 0
1.40333 0 0 0 0
1.41 0 0 0 0
1.41667 0 0 0 0
1.42333 0 0 0 0
1.43 0 0 0 0
1.43667 0 0 0 0
1.44333 0 0 0 0
1.45 0 0 0 0
1.45667 0 0 0 0
1.46333 0 0 0 0
1.47 0 0 0 0
1.47667 0 0 0 0
1.48333 0 0 0 0
1.49 0 0 0 0
1.49667 0 0 0 0
1.50333 0 0 0 0
1.51 0 0 0 0
1.51667 0 0 0 0
1.52333 0 0 0 0
1.53 0 0 0 0
1.53667 0 0 0 0
1.54333 0 0 0 0
1.55 0 0 0 0
1.55667 0 0 0 0
1.56333 0 0 0 0
1.57 0 0 0 0
1.57667 0 0 0 0
1.58333 0 0 0 0
1.59 0 0 0 0
1.59667 0 0 0 0
1.60333 0 0 0 0
1.61 0 0 0 0
1.61667 0 0 0 0
1.62333 0 0 0 0
1.63 0 0 0 0
1.63667 0 0 0 0
1.64333 0 0 0 0
1.65 0 0 0 0
1.65667 0 0 0 0
1.66333 0 0 0 0
1.67 0 0 0 0
1.67667 0 0 0 0
1.68333 0 0 0 0
1.69 0 0 0 0
1.69667 0 0 0 0
1.70333 0 0 0 0
1.71 0 0 0 0
1.71667 0 0 0 0
1.72333 0 0 0 0
1.73 0 0 0 0
1.73667 0 0 0 0
1.74333 0 0 0 0
1.75 0 0 0 0
1.75667 0 0 0 0
1.76333 0 0 0 0
1.77 0 0 0 0
1.77667 0 0 0 0
1.78333 0 0 0 0
1.79 0 0 0 0
1.79667 0 0 0 0
1.80333 0 0 0 0
1.81 0 0 0 0
1.81667 0 0 0 0
1.82333 0 0 0 0
1.83 0 0 0 0
1.83667 0 0 0 0
1.84333 0 0 0 0
1.85 0 0 0 0
1.85667 0 0 0 0
1.86333 0 0 0 0
1.87 0 0 0 0
1.87667 0 0 0 0
1.88333 0 0 0 0
1.89 0 0 0 0
1.89667 0 0 0 0
1.90333 0 0 0 0
1.91 0 0 0 0
1.91667 0 0 0 0
1.92333 0 0 0 0
1.93 0 0 0 0
1.93667 0 0 0 0
1.94333 0 0 0 0
1.95 0 0 0 0
1.95667 0 0 0 0
1.96333 0 0 0 0
1.97 0 0 0 0
1.97667 0 0 0 0
1.98333 0 0 0 0
1.99 0 0 0 0
1.99667 0 0 0 0
