0.00333333 13 153 8 0
0.01 5 182 6 2
0.0166667 8 175 9 3
0.0233333 13 197 8 0
0.03 14 166 7 1
0.0366667 21 177 14 1
0.0433333 17 215 16 1
0.05 34 219 14 2
0.0566667 40 254 18 1
0.0633333 44 244 28 4
0.07 49 300 22 2
0.0766667 29 276 20 1
0.0833333 44 306 29 3
0.09 36 329 32 4
0.0966667 39 328 22 1
0.103333 42 314 23 2
0.11 41 316 30 2
0.116667 42 333 29 4
0.123333 34 378 17 3
0.13 36 366 26 3
0.136667 38 387 15 3
0.143333 31 398 27 0
0.15 24 364 13 2
0.156667 25 349 16 4
0.163333 26 353 24 2
0.17 28 360 25 3
0.176667 32 354 29 2
0.183333 36 423 19 0
0.19 27 575 31 2
0.196667 30 559 24 0
0.203333 22 508 30 2
0.21 34 516 16 4
0.216667 15 479 24 2
0.223333 35 443 16 2
0.23 19 381 25 5
0.236667 17 410 13 3
0.243333 13 348 23 0
0.25 17 366 21 0
0.256667 30 310 29 2
0.263333 31 313 22 0
0.27 21 260 19 1
0.276667 27 244 22 0
0.283333 13 254 17 0
0.29 22 251 12 1
0.296667 19 226 14 2
0.303333 21 220 17 0
0.31 15 197 20 1
0.316667 15 197 10 3
0.323333 23 184 11 2
0.33 18 195 12 1
0.336667 17 206 16 1
0.343333 18 196 5 2
0.35 12 189 19 2
0.356667 15 195 6 0
0.363333 8 194 20 2
0.37 19 202 13 0
0.376667 17 180 14 2
0.383333 14 208 14 0
0.39 11 203 13 1
0.396667 12 189 11 2
0.403333 15 213 10 1
0.41 9 178 11 0
0.416667 14 177 12 1
0.423333 11 203 17 1
0.43 8 174 18 0
0.436667 15 166 15 2
0.443333 13 167 8 0
0.45 15 183 18 1
0.456667 10 181 15 1
0.463333 12 197 12 1
0.47 18 192 17 1
0.476667 13 162 12 0
0.483333 11 73 14 1
0.49 11 87 8 1
0.496667 7 65 11 0
0.503333 12 64 6 0
0.51 7 68 6 1
0.516667 7 59 10 0
0.523333 10 58 12 1
0.53 11 59 8 0
0.536667 8 57 6 2
0.543333 11 54 6 0
0.55 5 53 1 1
0.556667 5 53 4 0
0.563333 6 57 5 0
0.57 9 49 6 1
0.576667 5 55 8 0
0.583333 12 57 8 0
0.59 5 41 6 0
0.596667 9 55 7 1
0.603333 10 45 9 0
0.61 8 45 12 0
0.616667 8 37 4 0
0.623333 11 42 7 0
0.63 8 52 3 0
0.636667 11 65 9 2
0.643333 7 44 1 2
0.65 8 20 6 0
0.656667 6 28 6 0
0.663333 219 9964 448 20
0.67 0 0 0 0
0.676667 0 0 0 0
0.683333 0 0 0 0
0.69 0 0 0 0
0.696667 0 0 0 0
0.703333 0 0 0 0
0.71 0 0 0 0
0.716667 0 0 0 0
0.723333 0 0 0 0
0.73 0 0 0 0
0.736667 0 0 0 0
0.743333 0 0 0 0
0.75 0 0 0 0
0.756667 0 0 0 0
0.763333 0 0 0 0
0.77 0 0 0 0
0.776667 0 0 0 0
0.783333 0 0 0 0
0.79 0 0 0 0
0.796667 0 0 0 0
0.803333 0 0 0 0
0.81 0 0 0 0
0.816667 0 0 0 0
0.823333 0 0 0 0
0.83 0 0 0 0
0.836667 0 0 0 0
0.843333 0 0 0 0
0.85 0 0 0 0
0.856667 0 0 0 0
0.863333 0 0 0 0
0.87 0 0 0 0
0.876667 0 0 0 0
0.883333 0 0 0 0
0.89 0 0 0 0
0.896667 0 0 0 0
0.903333 0 0 0 0
0.91 0 0 0 0
0.916667 0 0 0 0
0.923333 0 0 0 0
0.93 0 0 0 0
0.936667 0 0 0 0
0.943333 0 0 0 0
0.95 0 0 0 0
0.956667 0 0 0 0
0.963333 0 0 0 0
0.97 0 0 0 0
0.976667 0 0 0 0
0.983333 0 0 0 0
0.99 0 0 0 0
0.996667 0 0 0 0
1.00333 0 0 0 0
1.01 0 0 0 0
1.01667 0 0 0 0
1.02333 0 0 0 0
1.03 0 0 0 0
1.03667 0 0 0 0
1.04333 0 0 0 0
1.05 0 0 0 0
1.05667 0 0 0 0
1.06333 0 0 0 0
1.07 0 0 0 0
1.07667 0 0 0 0
1.08333 0 0 0 0
1.09 0 0 0 0
1.09667 0 0 0 0
1.10333 0 0 0 0
1.11 0 0 0 0
1.11667 0 0 0 0
1.12333 0 0 0 0
1.13 0 0 0 0
1.13667 0 0 0 0
1.14333 0 0 0 0
1.15 0 0 0 0
1.15667 0 0 0 0
1.16333 0 0 0 0
1.17 0 0 0 0
1.17667 0 0 0 0
1.18333 0 0 0 0
1.19 0 0 0 0
1.19667 0 0 0 0
1.20333 0 0 0 0
1.21 0 0 0 0
1.21667 0 0 0 0
1.22333 0 0 0 0
1.23 0 0 0 0
1.23667 0 0 0 0
1.24333 0 0 0 0
1.25 0 0 0 0
1.25667 0 0 0 0
1.26333 0 0 0 0
1.27 0 0 0 0
1.27667 0 0 0 0
1.28333 0 0 0 0
1.29 0 0 0 0
1.29667 0 0 0 0
1.30333 0 0 0 0
1.31 0 0 0 0
1.31667 0 0 0 0
1.32333 0 0 0 0
1.33 0 0 0 0
1.33667 0 0 0 0
1.34333 0 0 0 0
1.35 0 0 0 0
1.35667 0 0 0 0
1.36333 0 0 0 0
1.37 0 0 0 0
1.37667 0 0 0 0
1.38333 0 0 0 0
1.39 0 0 0 0
1.39667 0 0 0 0
1.40333 0 0 0 0
1.41 0 0 0 0
1.41667 0 0 0 0
1.42333 0 0 0 0
1.43 0 0 0 0
1.43667 0 0 0 0
1.44333 0 0 0 0
1.45 0 0 0 0
1.45667 0 0 0 0
1.46333 0 0 0 0
1.47 0 0 0 0
1.47667 0 0 0 0
1.48333 0 0 0 0
1.49 0 0 0 0
1.49667 0 0 0 0
1.50333 0 0 0 0
1.51 0 0 0 0
1.51667 0 0 0 0
1.52333 0 0 0 0
1.53 0 0 0 0
1.53667 0 0 0 0
1.54333 0 0 0 0
1.55 0 0 0 0
1.55667 0 0 0 0
1.56333 0 0 0 0
1.57 0 0 0 0
1.57667 0 0 0 0
1.58333 0 0 0 0
1.59 0 0 0 0
1.59667 0 0 0 0
1.60333 0 0 0 0
1.61 0 0 0 0
1.61667 0 0 0 0
1.62333 0 0 0 0
1.63 0 0 0 0
1.63667 0 0 0 0
1.64333 0 0 0 0
1.65 0 0 0 0
1.65667 0 0 0 0
1.66333 0 0 0 0
1.67 0 0 0 0
1.67667 0 0 0 0
1.68333 0 0 0 0
1.69 0 0 0 0
1.69667 0 0 0 0
1.70333 0 0 0 0
1.71 0 0 0 0
1.71667 0 0 0 0
1.72333 0 0 0 0
1.73 0 0 0 0
1.73667 0 0 0 0
1.74333 0 0 0 0
1.75 0 0 0 0
1.75667 0 0 0 0
1.76333 0 0 0 0
1.77 0 0 0 0
1.77667 0 0 0 0
1.78333 0 0 0 0
1.79 0 0 0 0
1.79667 0 0 0 0
1.80333 0 0 0 0
1.81 0 0 0 0
1.81667 0 0 0 0
1.82333 0 0 0 0
1.83 0 0 0 0
1.83667 0 0 0 0
1.84333 0 0 0 0
1.85 0 0 0 0
1.85667 0 0 0 0
1.86333 0 0 0 0
1.87 0 0 0 0
1.87667 0 0 0 0
1.88333 0 0 0 0
1.89 0 0 0 0
1.89667 0 0 0 0
1.90333 0 0 0 0
1.91 0 0 0 0
1.91667 0 0 0 0
1.92333 0 0 0 0
1.93 0 0 0 0
1.93667 0 0 0 0
1.94333 0 0 0 0
1.95 0 0 0 0
1.95667 0 0 0 0
1.96333 0 0 0 0
1.97 0 0 0 0
1.97667 0 0 0 0
1.98333 0 0 0 0
1.99 0 0 0 0
1.99667 0 0 0 0
