0.00333333 8 11 20 18
0.01 7 20 33 15
0.0166667 2 16 24 18
0.0233333 9 26 31 23
0.03 4 15 31 18
0.0366667 9 34 38 28
0.0433333 7 44 50 42
0.05 13 41 76 43
0.0566667 11 61 83 56
0.0633333 11 61 112 35
0.07 18 57 90 61
0.0766667 16 57 114 43
0.0833333 9 63 107 81
0.09 17 65 107 54
0.0966667 16 58 114 47
0.103333 17 66 103 72
0.11 21 67 117 50
0.116667 11 82 109 69
0.123333 7 63 105 59
0.13 13 47 88 55
0.136667 17 65 92 54
0.143333 19 61 67 54
0.15 14 54 80 45
0.156667 15 60 80 63
0.163333 4 51 80 50
0.17 8 61 64 50
0.176667 15 35 69 54
0.183333 9 57 73 51
0.19 21 74 75 60
0.196667 13 69 69 63
0.203333 14 60 66 45
0.21 9 52 69 49
0.216667 14 52 50 45
0.223333 13 46 58 42
0.23 8 49 60 38
0.236667 15 42 50 49
0.243333 13 35 49 44
0.25 9 51 45 46
0.256667 9 31 51 34
0.263333 8 36 46 47
0.27 8 33 47 33
0.276667 8 31 48 28
0.283333 8 38 45 34
0.29 14 33 43 37
0.296667 7 45 50 34
0.303333 4 28 34 32
0.31 8 38 32 25
0.316667 9 25 42 37
0.323333 6 31 42 29
0.33 7 30 30 25
0.336667 12 19 27 27
0.343333 4 24 49 30
0.35 4 23 41 37
0.356667 10 25 34 30
0.363333 7 35 24 26
0.37 11 34 34 29
0.376667 7 29 32 24
0.383333 5 35 24 27
0.39 7 33 34 20
0.396667 12 30 30 29
0.403333 7 21 26 25
0.41 9 24 32 29
0.416667 6 32 32 23
0.423333 3 20 35 18
0.43 4 24 28 16
0.436667 9 24 24 15
0.443333 9 28 26 38
0.45 9 22 28 18
0.456667 8 20 20 23
0.463333 11 24 26 22
0.47 6 23 24 26
0.476667 8 24 21 13
0.483333 2 18 22 9
0.49 0 18 21 17
0.496667 7 12 21 18
0.503333 3 19 23 6
0.51 4 12 24 13
0.516667 3 17 23 14
0.523333 4 19 17 7
0.53 7 15 17 10
0.536667 5 18 18 15
0.543333 6 9 19 15
0.55 2 10 15 9
0.556667 2 14 14 13
0.563333 3 14 14 17
0.57 5 9 13 10
0.576667 2 18 15 16
0.583333 6 9 12 11
0.59 2 11 17 12
0.596667 5 14 11 6
0.603333 3 5 8 11
0.61 0 14 15 11
0.616667 4 15 16 6
0.623333 3 14 8 11
0.63 2 14 11 12
0.636667 3 10 8 12
0.643333 5 9 13 7
0.65 4 7 7 6
0.656667 4 13 7 9
0.663333 155 739 500 650
0.67 0 0 0 0
0.676667 0 0 0 0
0.683333 0 0 0 0
0.69 0 0 0 0
0.696667 0 0 0 0
0.703333 0 0 0 0
0.71 0 0 0 0
0.716667 0 0 0 0
0.723333 0 0 0 0
0.73 0 0 0 0
0.736667 0 0 0 0
0.743333 0 0 0 0
0.75 0 0 0 0
0.756667 0 0 0 0
0.763333 0 0 0 0
0.77 0 0 0 0
0.776667 0 0 0 0
0.783333 0 0 0 0
0.79 0 0 0 0
0.796667 0 0 0 0
0.803333 0 0 0 0
0.81 0 0 0 0
0.816667 0 0 0 0
0.823333 0 0 0 0
0.83 0 0 0 0
0.836667 0 0 0 0
0.843333 0 0 0 0
0.85 0 0 0 0
0.856667 0 0 0 0
0.863333 0 0 0 0
0.87 0 0 0 0
0.876667 0 0 0 0
0.883333 0 0 0 0
0.89 0 0 0 0
0.896667 0 0 0 0
0.903333 0 0 0 0
0.91 0 0 0 0
0.916667 0 0 0 0
0.923333 0 0 0 0
0.93 0 0 0 0
0.936667 0 0 0 0
0.943333 0 0 0 0
0.95 0 0 0 0
0.956667 0 0 0 0
0.963333 0 0 0 0
0.97 0 0 0 0
0.976667 0 0 0 0
0.983333 0 0 0 0
0.99 0 0 0 0
0.996667 0 0 0 0
1.00333 0 0 0 0
1.01 0 0 0 0
1.01667 0 0 0 0
1.02333 0 0 0 0
1.03 0 0 0 0
1.03667 0 0 0 0
1.04333 0 0 0 0
1.05 0 0 0 0
1.05667 0 0 0 0
1.06333 0 0 0 0
1.07 0 0 0 0
1.07667 0 0 0 0
1.08333 0 0 0 0
1.09 0 0 0 0
1.09667 0 0 0 0
1.10333 0 0 0 0
1.11 0 0 0 0
1.11667 0 0 0 0
1.12333 0 0 0 0
1.13 0 0 0 0
1.13667 0 0 0 0
1.14333 0 0 0 0
1.15 0 0 0 0
1.15667 0 0 0 0
1.16333 0 0 0 0
1.17 0 0 0 0
1.17667 0 0 0 0
1.18333 0 0 0 0
1.19 0 0 0 0
1.19667 0 0 0 0
1.20333 0 0 0 0
1.21 0 0 0 0
1.21667 0 0 0 0
1.22333 0 0 0 0
1.23 0 0 0 0
1.23667 0 0 0 0
1.24333 0 0 0 0
1.25 0 0 0 0
1.25667 0 0 0 0
1.26333 0 0 0 0
1.27 0 0 0 0
1.27667 0 0 0 0
1.28333 0 0 0 0
1.29 0 0 0 0
1.29667 0 0 0 0
1.30333 0 0 0 0
1.31 0 0 0 0
1.31667 0 0 0 0
1.32333 0 0 0 0
1.33 0 0 0 0
1.33667 0 0 0 0
1.34333 0 0 0 0
1.35 0 0 0 0
1.35667 0 0 0 0
1.36333 0 0 0 0
1.37 0 0 0 0
1.37667 0 0 0 0
1.38333 0 0 0 0
1.39 0 0 0 0
1.39667 0 0 0 0
1.40333 0 0 0 0
1.41 0 0 0 0
1.41667 0 0 0 0
1.42333 0 0 0 0
1.43 0 0 0 0
1.43667 0 0 0 0
1.44333 0 0 0 0
1.45 0 0 0 0
1.45667 0 0 0 0
1.46333 0 0 0 0
1.47 0 0 0 0
1.47667 0 0 0 0
1.48333 0 0 0 0
1.49 0 0 0 0
1.49667 0 0 0 0
1.50333 0 0 0 0
1.51 0 0 0 0
1.51667 0 0 0 0
1.52333 0 0 0 0
1.53 0 0 0 0
1.53667 0 0 0 0
1.54333 0 0 0 0
1.55 0 0 0 0
1.55667 0 0 0 0
1.56333 0 0 0 0
1.57 0 0 0 0
1.57667 0 0 0 0
1.58333 0 0 0 0
1.59 0 0 0 0
1.59667 0 0 0 0
1.60333 0 0 0 0
1.61 0 0 0 0
1.61667 0 0 0 0
1.62333 0 0 0 0
1.63 0 0 0 0
1.63667 0 0 0 0
1.64333 0 0 0 0
1.65 0 0 0 0
1.65667 0 0 0 0
1.66333 0 0 0 0
1.67 0 0 0 0
1.67667 0 0 0 0
1.68333 0 0 0 0
1.69 0 0 0 0
1.69667 0 0 0 0
1.70333 0 0 0 0
1.71 0 0 0 0
1.71667 0 0 0 0
1.72333 0 0 0 0
1.73 0 0 0 0
1.73667 0 0 0 0
1.74333 0 0 0 0
1.75 0 0 0 0
1.75667 0 0 0 0
1.76333 0 0 0 0
1.77 0 0 0 0
1.77667 0 0 0 0
1.78333 0 0 0 0
1.79 0 0 0 0
1.79667 0 0 0 0
1.80333 0 0 0 0
1.81 0 0 0 0
1.81667 0 0 0 0
1.82333 0 0 0 0
1.83 0 0 0 0
1.83667 0 0 0 0
1.84333 0 0 0 0
1.85 0 0 0 0
1.85667 0 0 0 0
1.86333 0 0 0 0
1.87 0 0 0 0
1.87667 0 0 0 0
1.88333 0 0 0 0
1.89 0 0 0 0
1.89667 0 0 0 0
1.90333 0 0 0 0
1.91 0 0 0 0
1.91667 0 0 0 0
1.92333 0 0 0 0
1.93 0 0 0 0
1.93667 0 0 0 0
1.94333 0 0 0 0
1.95 0 0 0 0
1.95667 0 0 0 0
1.96333 0 0 0 0
1.97 0 0 0 0
1.97667 0 0 0 0
1.98333 0 0 0 0
1.99 0 0 0 0
1.99667 0 0 0 0
