0.00333333 9 43 19 4
0.01 14 53 17 5
0.0166667 11 50 31 3
0.0233333 9 40 27 8
0.03 12 52 28 8
0.0366667 19 72 36 7
0.0433333 22 103 47 16
0.05 31 117 62 11
0.0566667 42 130 78 18
0.0633333 35 142 79 17
0.07 36 178 82 21
0.0766667 36 163 115 20
0.0833333 34 163 86 26
0.09 36 177 96 17
0.0966667 30 186 98 18
0.103333 37 165 94 9
0.11 30 156 93 26
0.116667 35 177 103 19
0.123333 36 163 87 16
0.13 36 163 89 17
0.136667 38 122 76 21
0.143333 22 139 67 10
0.15 29 138 94 17
0.156667 30 102 68 19
0.163333 28 110 63 13
0.17 33 126 64 14
0.176667 27 125 67 11
0.183333 30 122 54 21
0.19 19 122 69 18
0.196667 21 120 68 14
0.203333 28 117 57 10
0.21 23 111 61 7
0.216667 22 98 46 15
0.223333 17 114 57 9
0.23 21 102 50 6
0.236667 21 109 52 14
0.243333 21 78 57 8
0.25 23 115 36 10
0.256667 18 77 47 9
0.263333 12 79 33 11
0.27 19 70 45 12
0.276667 21 86 36 4
0.283333 16 54 36 3
0.29 15 69 29 6
0.296667 13 68 35 12
0.303333 14 65 33 14
0.31 9 66 30 4
0.316667 13 58 31 5
0.323333 19 58 37 7
0.33 22 67 33 7
0.336667 17 68 24 6
0.343333 5 46 23 5
0.35 13 53 31 10
0.356667 11 57 28 9
0.363333 13 61 30 6
0.37 8 55 20 8
0.376667 8 49 26 7
0.383333 13 47 30 6
0.39 8 46 28 6
0.396667 14 51 21 4
0.403333 7 47 29 8
0.41 14 44 17 8
0.416667 16 46 22 4
0.423333 17 33 20 2
0.43 12 41 24 7
0.436667 13 58 22 5
0.443333 9 41 22 6
0.45 14 49 25 6
0.456667 10 57 27 15
0.463333 14 47 29 2
0.47 6 44 29 6
0.476667 13 29 19 5
0.483333 6 24 11 7
0.49 9 35 10 5
0.496667 8 24 17 4
0.503333 11 25 11 2
0.51 3 21 21 8
0.516667 9 31 10 4
0.523333 6 20 13 5
0.53 6 29 11 4
0.536667 4 26 8 5
0.543333 4 22 15 5
0.55 5 24 17 0
0.556667 8 18 10 4
0.563333 9 27 13 3
0.57 5 26 12 5
0.576667 3 22 13 3
0.583333 10 19 14 3
0.59 4 26 7 1
0.596667 7 21 18 2
0.603333 9 17 14 2
0.61 7 20 11 2
0.616667 3 16 8 5
0.623333 1 18 9 3
0.63 6 15 9 3
0.636667 9 24 13 3
0.643333 4 15 6 4
0.65 4 27 14 4
0.656667 3 14 12 2
0.663333 183 976 510 74
0.67 0 0 0 0
0.676667 0 0 0 0
0.683333 0 0 0 0
0.69 0 0 0 0
0.696667 0 0 0 0
0.703333 0 0 0 0
0.71 0 0 0 0
0.716667 0 0 0 0
0.723333 0 0 0 0
0.73 0 0 0 0
0.736667 0 0 0 0
0.743333 0 0 0 0
0.75 0 0 0 0
0.756667 0 0 0 0
0.763333 0 0 0 0
0.77 0 0 0 0
0.776667 0 0 0 0
0.783333 0 0 0 0
0.79 0 0 0 0
0.796667 0 0 0 0
0.803333 0 0 0 0
0.81 0 0 0 0
0.816667 0 0 0 0
0.823333 0 0 0 0
0.83 0 0 0 0
0.836667 0 0 0 0
0.843333 0 0 0 0
0.85 0 0 0 0
0.856667 0 0 0 0
0.863333 0 0 0 0
0.87 0 0 0 0
0.876667 0 0 0 0
0.883333 0 0 0 0
0.89 0 0 0 0
0.896667 0 0 0 0
0.903333 0 0 0 0
0.91 0 0 0 0
0.916667 0 0 0 0
0.923333 0 0 0 0
0.93 0 0 0 0
0.936667 0 0 0 0
0.943333 0 0 0 0
0.95 0 0 0 0
0.956667 0 0 0 0
0.963333 0 0 0 0
0.97 0 0 0 0
0.976667 0 0 0 0
0.983333 0 0 0 0
0.99 0 0 0 0
0.996667 0 0 0 0
1.00333 0 0 0 0
1.01 0 0 0 0
1.01667 0 0 0 0
1.02333 0 0 0 0
1.03 0 0 0 0
1.03667 0 0 0 0
1.04333 0 0 0 0
1.05 0 0 0 0
1.05667 0 0 0 0
1.06333 0 0 0 0
1.07 0 0 0 0
1.07667 0 0 0 0
1.08333 0 0 0 0
1.09 0 0 0 0
1.09667 0 0 0 0
1.10333 0 0 0 0
1.11 0 0 0 0
1.11667 0 0 0 0
1.12333 0 0 0 0
1.13 0 0 0 0
1.13667 0 0 0 0
1.14333 0 0 0 0
1.15 0 0 0 0
1.15667 0 0 0 0
1.16333 0 0 0 0
1.17 0 0 0 0
1.17667 0 0 0 0
1.18333 0 0 0 0
1.19 0 0 0 0
1.19667 0 0 0 0
1.20333 0 0 0 0
1.21 0 0 0 0
1.21667 0 0 0 0
1.22333 0 0 0 0
1.23 0 0 0 0
1.23667 0 0 0 0
1.24333 0 0 0 0
1.25 0 0 0 0
1.25667 0 0 0 0
1.26333 0 0 0 0
1.27 0 0 0 0
1.27667 0 0 0 0
1.28333 0 0 0 0
1.29 0 0 0 0
1.29667 0 0 0 0
1.30333 0 0 0 0
1.31 0 0 0 0
1.31667 0 0 0 0
1.32333 0 0 0 0
1.33 0 0 0 0
1.33667 0 0 0 0
1.34333 0 0 0 0
1.35 0 0 0 0
1.35667 0 0 0 0
1.36333 0 0 0 0
1.37 0 0 0 0
1.37667 0 0 0 0
1.38333 0 0 0 0
1.39 0 0 0 0
1.39667 0 0 0 0
1.40333 0 0 0 0
1.41 0 0 0 0
1.41667 0 0 0 0
1.42333 0 0 0 0
1.43 0 0 0 0
1.43667 0 0 0 0
1.44333 0 0 0 0
1.45 0 0 0 0
1.45667 0 0 0 0
1.46333 0 0 0 0
1.47 0 0 0 0
1.47667 0 0 0 0
1.48333 0 0 0 0
1.49 0 0 0 0
1.49667 0 0 0 0
1.50333 0 0 0 0
1.51 0 0 0 0
1.51667 0 0 0 0
1.52333 0 0 0 0
1.53 0 0 0 0
1.53667 0 0 0 0
1.54333 0 0 0 0
1.55 0 0 0 0
1.55667 0 0 0 0
1.56333 0 0 0 0
1.57 0 0 0 0
1.57667 0 0 0 0
1.58333 0 0 0 0
1.59 0 0 0 0
1.59667 0 0 0 0
1.60333 0 0 0 0
1.61 0 0 0 0
1.61667 0 0 0 0
1.62333 0 0 0 0
1.63 0 0 0 0
1.63667 0 0 0 0
1.64333 0 0 0 0
1.65 0 0 0 0
1.65667 0 0 0 0
1.66333 0 0 0 0
1.67 0 0 0 0
1.67667 0 0 0 0
1.68333 0 0 0 0
1.69 0 0 0 0
1.69667 0 0 0 0
1.70333 0 0 0 0
1.71 0 0 0 0
1.71667 0 0 0 0
1.72333 0 0 0 0
1.73 0 0 0 0
1.73667 0 0 0 0
1.74333 0 0 0 0
1.75 0 0 0 0
1.75667 0 0 0 0
1.76333 0 0 0 0
1.77 0 0 0 0
1.77667 0 0 0 0
1.78333 0 0 0 0
1.79 0 0 0 0
1.79667 0 0 0 0
1.80333 0 0 0 0
1.81 0 0 0 0
1.81667 0 0 0 0
1.82333 0 0 0 0
1.83 0 0 0 0
1.83667 0 0 0 0
1.84333 0 0 0 0
1.85 0 0 0 0
1.85667 0 0 0 0
1.86333 0 0 0 0
1.87 0 0 0 0
1.87667 0 0 0 0
1.88333 0 0 0 0
1.89 0 0 0 0
1.89667 0 0 0 0
1.90333 0 0 0 0
1.91 0 0 0 0
1.91667 0 0 0 0
1.92333 0 0 0 0
1.93 0 0 0 0
1.93667 0 0 0 0
1.94333 0 0 0 0
1.95 0 0 0 0
1.95667 0 0 0 0
1.96333 0 0 0 0
1.97 0 0 0 0
1.97667 0 0 0 0
1.98333 0 0 0 0
1.99 0 0 0 0
1.99667 0 0 0 0
