0.00333333 14 34 5 1
0.01 34 45 8 1
0.0166667 38 47 8 1
0.0233333 36 55 10 2
0.03 42 50 8 2
0.0366667 41 82 7 4
0.0433333 63 112 20 2
0.05 79 152 21 7
0.0566667 109 174 27 5
0.0633333 99 165 20 6
0.07 108 190 25 8
0.0766667 110 200 28 8
0.0833333 118 213 24 6
0.09 123 195 40 3
0.0966667 115 195 26 3
0.103333 114 174 29 7
0.11 110 189 43 6
0.116667 103 161 36 6
0.123333 92 181 28 3
0.13 74 171 25 5
0.136667 85 148 13 7
0.143333 77 146 25 5
0.15 63 118 26 5
0.156667 91 141 16 2
0.163333 63 141 24 5
0.17 70 125 19 5
0.176667 91 139 14 6
0.183333 69 111 26 6
0.19 78 124 15 1
0.196667 76 122 24 3
0.203333 72 122 23 4
0.21 62 123 12 7
0.216667 74 103 17 7
0.223333 54 100 20 5
0.23 67 98 20 4
0.236667 44 106 21 6
0.243333 54 73 18 3
0.25 52 90 11 6
0.256667 45 86 20 3
0.263333 55 85 12 8
0.27 40 80 12 5
0.276667 40 81 7 3
0.283333 53 57 12 5
0.29 31 67 12 2
0.296667 46 71 10 2
0.303333 46 67 10 4
0.31 40 85 14 2
0.316667 39 61 10 3
0.323333 40 59 11 1
0.33 47 54 16 2
0.336667 38 76 19 6
0.343333 38 52 8 3
0.35 27 64 9 1
0.356667 36 41 12 3
0.363333 38 53 10 0
0.37 37 45 17 2
0.376667 33 39 13 2
0.383333 32 47 6 3
0.39 34 43 6 4
0.396667 29 50 5 1
0.403333 34 43 9 0
0.41 31 52 12 1
0.416667 28 37 9 0
0.423333 20 48 7 3
0.43 27 54 14 0
0.436667 22 38 5 3
0.443333 25 33 7 2
0.45 36 30 6 2
0.456667 30 45 12 2
0.463333 29 42 8 2
0.47 18 44 6 3
0.476667 35 42 9 5
0.483333 30 21 6 2
0.49 22 24 8 1
0.496667 19 24 6 1
0.503333 25 30 2 0
0.51 21 14 6 0
0.516667 25 31 8 0
0.523333 17 26 2 0
0.53 17 27 7 2
0.536667 13 30 4 5
0.543333 18 32 8 2
0.55 11 28 6 2
0.556667 10 17 6 0
0.563333 12 27 7 2
0.57 11 28 10 1
0.576667 13 22 9 1
0.583333 17 25 5 1
0.59 14 30 4 1
0.596667 10 17 4 1
0.603333 10 23 5 1
0.61 21 20 3 2
0.616667 13 23 10 0
0.623333 20 24 1 3
0.63 21 24 4 3
0.636667 15 12 5 3
0.643333 15 20 4 2
0.65 12 18 5 6
0.656667 13 35 6 2
0.663333 588 1039 151 33
0.67 0 0 0 0
0.676667 0 0 0 0
0.683333 0 0 0 0
0.69 0 0 0 0
0.696667 0 0 0 0
0.703333 0 0 0 0
0.71 0 0 0 0
0.716667 0 0 0 0
0.723333 0 0 0 0
0.73 0 0 0 0
0.736667 0 0 0 0
0.743333 0 0 0 0
0.75 0 0 0 0
0.756667 0 0 0 0
0.763333 0 0 0 0
0.77 0 0 0 0
0.776667 0 0 0 0
0.783333 0 0 0 0
0.79 0 0 0 0
0.796667 0 0 0 0
0.803333 0 0 0 0
0.81 0 0 0 0
0.816667 0 0 0 0
0.823333 0 0 0 0
0.83 0 0 0 0
0.836667 0 0 0 0
0.843333 0 0 0 0
0.85 0 0 0 0
0.856667 0 0 0 0
0.863333 0 0 0 0
0.87 0 0 0 0
0.876667 0 0 0 0
0.883333 0 0 0 0
0.89 0 0 0 0
0.896667 0 0 0 0
0.903333 0 0 0 0
0.91 0 0 0 0
0.916667 0 0 0 0
0.923333 0 0 0 0
0.93 0 0 0 0
0.936667 0 0 0 0
0.943333 0 0 0 0
0.95 0 0 0 0
0.956667 0 0 0 0
0.963333 0 0 0 0
0.97 0 0 0 0
0.976667 0 0 0 0
0.983333 0 0 0 0
0.99 0 0 0 0
0.996667 0 0 0 0
1.00333 0 0 0 0
1.01 0 0 0 0
1.01667 0 0 0 0
1.02333 0 0 0 0
1.03 0 0 0 0
1.03667 0 0 0 0
1.04333 0 0 0 0
1.05 0 0 0 0
1.05667 0 0 0 0
1.06333 0 0 0 0
1.07 0 0 0 0
1.07667 0 0 0 0
1.08333 0 0 0 0
1.09 0 0 0 0
1.09667 0 0 0 0
1.10333 0 0 0 0
1.11 0 0 0 0
1.11667 0 0 0 0
1.12333 0 0 0 0
1.13 0 0 0 0
1.13667 0 0 0 0
1.14333 0 0 0 0
1.15 0 0 0 0
1.15667 0 0 0 0
1.16333 0 0 0 0
1.17 0 0 0 0
1.17667 0 0 0 0
1.18333 0 0 0 0
1.19 0 0 0 0
1.19667 0 0 0 0
1.20333 0 0 0 0
1.21 0 0 0 0
1.21667 0 0 0 0
1.22333 0 0 0 0
1.23 0 0 0 0
1.23667 0 0 0 0
1.24333 0 0 0 0
1.25 0 0 0 0
1.25667 0 0 0 0
1.26333 0 0 0 0
1.27 0 0 0 0
1.27667 0 0 0 0
1.28333 0 0 0 0
1.29 0 0 0 0
1.29667 0 0 0 0
1.30333 0 0 0 0
1.31 0 0 0 0
1.31667 0 0 0 0
1.32333 0 0 0 0
1.33 0 0 0 0
1.33667 0 0 0 0
1.34333 0 0 0 0
1.35 0 0 0 0
1.35667 0 0 0 0
1.36333 0 0 0 0
1.37 0 0 0 0
1.37667 0 0 0 0
1.38333 0 0 0 0
1.39 0 0 0 0
1.39667 0 0 0 0
1.40333 0 0 0 0
1.41 0 0 0 0
1.41667 0 0 0 0
1.42333 0 0 0 0
1.43 0 0 0 0
1.43667 0 0 0 0
1.44333 0 0 0 0
1.45 0 0 0 0
1.45667 0 0 0 0
1.46333 0 0 0 0
1.47 0 0 0 0
1.47667 0 0 0 0
1.48333 0 0 0 0
1.49 0 0 0 0
1.49667 0 0 0 0
1.50333 0 0 0 0
1.51 0 0 0 0
1.51667 0 0 0 0
1.52333 0 0 0 0
1.53 0 0 0 0
1.53667 0 0 0 0
1.54333 0 0 0 0
1.55 0 0 0 0
1.55667 0 0 0 0
1.56333 0 0 0 0
1.57 0 0 0 0
1.57667 0 0 0 0
1.58333 0 0 0 0
1.59 0 0 0 0
1.59667 0 0 0 0
1.60333 0 0 0 0
1.61 0 0 0 0
1.61667 0 0 0 0
1.62333 0 0 0 0
1.63 0 0 0 0
1.63667 0 0 0 0
1.64333 0 0 0 0
1.65 0 0 0 0
1.65667 0 0 0 0
1.66333 0 0 0 0
1.67 0 0 0 0
1.67667 0 0 0 0
1.68333 0 0 0 0
1.69 0 0 0 0
1.69667 0 0 0 0
1.70333 0 0 0 0
1.71 0 0 0 0
1.71667 0 0 0 0
1.72333 0 0 0 0
1.73 0 0 0 0
1.73667 0 0 0 0
1.74333 0 0 0 0
1.75 0 0 0 0
1.75667 0 0 0 0
1.76333 0 0 0 0
1.77 0 0 0 0
1.77667 0 0 0 0
1.78333 0 0 0 0
1.79 0 0 0 0
1.79667 0 0 0 0
1.80333 0 0 0 0
1.81 0 0 0 0
1.81667 0 0 0 0
1.82333 0 0 0 0
1.83 0 0 0 0
1.83667 0 0 0 0
1.84333 0 0 0 0
1.85 0 0 0 0
1.85667 0 0 0 0
1.86333 0 0 0 0
1.87 0 0 0 0
1.87667 0 0 0 0
1.88333 0 0 0 0
1.89 0 0 0 0
1.89667 0 0 0 0
1.90333 0 0 0 0
1.91 0 0 0 0
1.91667 0 0 0 0
1.92333 0 0 0 0
1.93 0 0 0 0
1.93667 0 0 0 0
1.94333 0 0 0 0
1.95 0 0 0 0
1.95667 0 0 0 0
1.96333 0 0 0 0
1.97 0 0 0 0
1.97667 0 0 0 0
1.98333 0 0 0 0
1.99 0 0 0 0
1.99667 0 0 0 0
