0.00333333 12 93 10 0
0.01 11 111 11 2
0.0166667 15 90 12 1
0.0233333 21 84 15 0
0.03 15 99 10 2
0.0366667 21 115 9 0
0.0433333 29 145 11 0
0.05 41 157 11 0
0.0566667 46 182 17 1
0.0633333 56 195 16 0
0.07 49 192 16 1
0.0766667 59 176 17 1
0.0833333 51 211 20 2
0.09 60 223 12 2
0.0966667 41 204 32 3
0.103333 65 194 26 0
0.11 53 212 18 2
0.116667 51 236 31 0
0.123333 40 219 22 0
0.13 46 223 20 3
0.136667 44 233 22 4
0.143333 39 211 20 1
0.15 33 198 13 1
0.156667 30 227 17 2
0.163333 41 216 22 2
0.17 28 185 20 1
0.176667 33 200 24 3
0.183333 30 226 17 1
0.19 27 255 32 5
0.196667 32 263 25 1
0.203333 31 246 22 0
0.21 31 242 22 1
0.216667 21 225 25 1
0.223333 34 206 21 1
0.23 23 203 18 1
0.236667 39 204 24 2
0.243333 27 179 21 0
0.25 39 189 16 0
0.256667 21 186 18 1
0.263333 22 147 15 1
0.27 35 156 14 1
0.276667 21 172 15 0
0.283333 26 151 17 0
0.29 26 161 22 1
0.296667 23 142 15 2
0.303333 32 126 7 1
0.31 22 128 16 0
0.316667 22 106 15 2
0.323333 21 120 11 1
0.33 15 123 11 0
0.336667 18 115 16 0
0.343333 18 122 24 1
0.35 24 123 11 1
0.356667 15 109 17 1
0.363333 22 138 14 1
0.37 16 123 14 0
0.376667 22 105 6 3
0.383333 21 107 9 2
0.39 17 100 12 1
0.396667 20 120 8 2
0.403333 21 111 10 1
0.41 24 109 11 0
0.416667 14 100 15 0
0.423333 22 108 18 1
0.43 20 104 13 1
0.436667 14 123 16 1
0.443333 14 95 13 0
0.45 10 111 14 0
0.456667 15 130 4 1
0.463333 12 99 15 0
0.47 15 111 16 0
0.476667 15 86 11 0
0.483333 16 64 8 0
0.49 18 42 9 2
0.496667 11 56 4 0
0.503333 17 46 2 0
0.51 15 60 11 0
0.516667 11 54 9 0
0.523333 11 36 9 0
0.53 8 43 6 0
0.536667 13 44 6 2
0.543333 9 50 4 0
0.55 13 44 7 1
0.556667 9 45 8 0
0.563333 13 47 5 1
0.57 5 46 6 0
0.576667 12 47 5 0
0.583333 13 45 3 0
0.59 8 35 9 0
0.596667 9 34 9 1
0.603333 6 41 2 0
0.61 11 39 7 0
0.616667 8 40 5 0
0.623333 11 34 6 0
0.63 3 43 4 0
0.636667 6 40 3 1
0.643333 6 39 8 1
0.65 6 37 4 0
0.656667 6 31 8 1
0.663333 287 4372 571 7
0.67 0 0 0 0
0.676667 0 0 0 0
0.683333 0 0 0 0
0.69 0 0 0 0
0.696667 0 0 0 0
0.703333 0 0 0 0
0.71 0 0 0 0
0.716667 0 0 0 0
0.723333 0 0 0 0
0.73 0 0 0 0
0.736667 0 0 0 0
0.743333 0 0 0 0
0.75 0 0 0 0
0.756667 0 0 0 0
0.763333 0 0 0 0
0.77 0 0 0 0
0.776667 0 0 0 0
0.783333 0 0 0 0
0.79 0 0 0 0
0.796667 0 0 0 0
0.803333 0 0 0 0
0.81 0 0 0 0
0.816667 0 0 0 0
0.823333 0 0 0 0
0.83 0 0 0 0
0.836667 0 0 0 0
0.843333 0 0 0 0
0.85 0 0 0 0
0.856667 0 0 0 0
0.863333 0 0 0 0
0.87 0 0 0 0
0.876667 0 0 0 0
0.883333 0 0 0 0
0.89 0 0 0 0
0.896667 0 0 0 0
0.903333 0 0 0 0
0.91 0 0 0 0
0.916667 0 0 0 0
0.923333 0 0 0 0
0.93 0 0 0 0
0.936667 0 0 0 0
0.943333 0 0 0 0
0.95 0 0 0 0
0.956667 0 0 0 0
0.963333 0 0 0 0
0.97 0 0 0 0
0.976667 0 0 0 0
0.983333 0 0 0 0
0.99 0 0 0 0
0.996667 0 0 0 0
1.00333 0 0 0 0
1.01 0 0 0 0
1.01667 0 0 0 0
1.02333 0 0 0 0
1.03 0 0 0 0
1.03667 0 0 0 0
1.04333 0 0 0 0
1.05 0 0 0 0
1.05667 0 0 0 0
1.06333 0 0 0 0
1.07 0 0 0 0
1.07667 0 0 0 0
1.08333 0 0 0 0
1.09 0 0 0 0
1.09667 0 0 0 0
1.10333 0 0 0 0
1.11 0 0 0 0
1.11667 0 0 0 0
1.12333 0 0 0 0
1.13 0 0 0 0
1.13667 0 0 0 0
1.14333 0 0 0 0
1.15 0 0 0 0
1.15667 0 0 0 0
1.16333 0 0 0 0
1.17 0 0 0 0
1.17667 0 0 0 0
1.18333 0 0 0 0
1.19 0 0 0 0
1.19667 0 0 0 0
1.20333 0 0 0 0
1.21 0 0 0 0
1.21667 0 0 0 0
1.22333 0 0 0 0
1.23 0 0 0 0
1.23667 0 0 0 0
1.24333 0 0 0 0
1.25 0 0 0 0
1.25667 0 0 0 0
1.26333 0 0 0 0
1.27 0 0 0 0
1.27667 0 0 0 0
1.28333 0 0 0 0
1.29 0 0 0 0
1.29667 0 0 0 0
1.30333 0 0 0 0
1.31 0 0 0 0
1.31667 0 0 0 0
1.32333 0 0 0 0
1.33 0 0 0 0
1.33667 0 0 0 0
1.34333 0 0 0 0
1.35 0 0 0 0
1.35667 0 0 0 0
1.36333 0 0 0 0
1.37 0 0 0 0
1.37667 0 0 0 0
1.38333 0 0 0 0
1.39 0 0 0 0
1.39667 0 0 0 0
1.40333 0 0 0 0
1.41 0 0 0 0
1.41667 0 0 0 0
1.42333 0 0 0 0
1.43 0 0 0 0
1.43667 0 0 0 0
1.44333 0 0 0 0
1.45 0 0 0 0
1.45667 0 0 0 0
1.46333 0 0 0 0
1.47 0 0 0 0
1.47667 0 0 0 0
1.48333 0 0 0 0
1.49 0 0 0 0
1.49667 0 0 0 0
1.50333 0 0 0 0
1.51 0 0 0 0
1.51667 0 0 0 0
1.52333 0 0 0 0
1.53 0 0 0 0
1.53667 0 0 0 0
1.54333 0 0 0 0
1.55 0 0 0 0
1.55667 0 0 0 0
1.56333 0 0 0 0
1.57 0 0 0 0
1.57667 0 0 0 0
1.58333 0 0 0 0
1.59 0 0 0 0
1.59667 0 0 0 0
1.60333 0 0 0 0
1.61 0 0 0 0
1.61667 0 0 0 0
1.62333 0 0 0 0
1.63 0 0 0 0
1.63667 0 0 0 0
1.64333 0 0 0 0
1.65 0 0 0 0
1.65667 0 0 0 0
1.66333 0 0 0 0
1.67 0 0 0 0
1.67667 0 0 0 0
1.68333 0 0 0 0
1.69 0 0 0 0
1.69667 0 0 0 0
1.70333 0 0 0 0
1.71 0 0 0 0
1.71667 0 0 0 0
1.72333 0 0 0 0
1.73 0 0 0 0
1.73667 0 0 0 0
1.74333 0 0 0 0
1.75 0 0 0 0
1.75667 0 0 0 0
1.76333 0 0 0 0
1.77 0 0 0 0
1.77667 0 0 0 0
1.78333 0 0 0 0
1.79 0 0 0 0
1.79667 0 0 0 0
1.80333 0 0 0 0
1.81 0 0 0 0
1.81667 0 0 0 0
1.82333 0 0 0 0
1.83 0 0 0 0
1.83667 0 0 0 0
1.84333 0 0 0 0
1.85 0 0 0 0
1.85667 0 0 0 0
1.86333 0 0 0 0
1.87 0 0 0 0
1.87667 0 0 0 0
1.88333 0 0 0 0
1.89 0 0 0 0
1.89667 0 0 0 0
1.90333 0 0 0 0
1.91 0 0 0 0
1.91667 0 0 0 0
1.92333 0 0 0 0
1.93 0 0 0 0
1.93667 0 0 0 0
1.94333 0 0 0 0
1.95 0 0 0 0
1.95667 0 0 0 0
1.96333 0 0 0 0
1.97 0 0 0 0
1.97667 0 0 0 0
1.98333 0 0 0 0
1.99 0 0 0 0
1.99667 0 0 0 0
