0.00333333 9 137 21 2
0.01 11 133 11 4
0.0166667 18 150 16 3
0.0233333 10 150 24 1
0.03 10 154 12 2
0.0366667 16 146 19 3
0.0433333 24 191 31 5
0.05 31 190 31 3
0.0566667 41 230 40 6
0.0633333 39 267 48 12
0.07 42 316 55 3
0.0766667 37 285 35 6
0.0833333 44 317 51 9
0.09 27 287 37 8
0.0966667 36 305 56 6
0.103333 38 316 38 13
0.11 41 305 42 8
0.116667 34 331 41 9
0.123333 40 338 49 5
0.13 32 323 38 3
0.136667 41 342 40 9
0.143333 33 329 36 5
0.15 29 342 40 2
0.156667 24 305 31 6
0.163333 25 299 47 3
0.17 24 316 38 4
0.176667 40 358 37 6
0.183333 27 365 26 6
0.19 23 441 30 4
0.196667 31 451 45 4
0.203333 19 389 47 2
0.21 23 374 33 3
0.216667 25 346 31 5
0.223333 18 352 24 4
0.23 24 309 33 3
0.236667 24 300 39 3
0.243333 25 240 31 4
0.25 15 271 26 6
0.256667 20 231 20 1
0.263333 19 232 32 4
0.27 15 202 34 3
0.276667 21 210 28 5
0.283333 16 181 23 2
0.29 17 164 24 2
0.296667 20 227 28 5
0.303333 20 177 27 2
0.31 19 160 29 2
0.316667 22 167 19 6
0.323333 22 161 19 4
0.33 14 191 17 1
0.336667 14 157 19 3
0.343333 22 185 17 2
0.35 8 146 24 1
0.356667 9 159 24 2
0.363333 14 146 15 3
0.37 21 135 19 3
0.376667 12 141 12 2
0.383333 6 158 20 2
0.39 14 128 18 8
0.396667 16 137 19 3
0.403333 13 125 15 0
0.41 12 149 21 2
0.416667 12 152 13 2
0.423333 13 127 13 2
0.43 8 134 19 1
0.436667 6 129 20 1
0.443333 12 123 15 4
0.45 11 140 19 5
0.456667 8 133 9 1
0.463333 10 168 24 2
0.47 11 157 10 1
0.476667 10 120 14 1
0.483333 9 86 6 0
0.49 7 88 18 3
0.496667 11 54 15 5
0.503333 7 50 8 2
0.51 3 62 12 1
0.516667 4 49 12 0
0.523333 9 47 8 0
0.53 8 67 10 1
0.536667 4 38 5 3
0.543333 11 50 6 1
0.55 7 58 10 2
0.556667 7 54 9 0
0.563333 5 49 13 2
0.57 7 56 6 1
0.576667 12 45 6 0
0.583333 4 45 12 2
0.59 9 45 11 1
0.596667 7 46 12 2
0.603333 6 43 5 3
0.61 8 43 5 0
0.616667 3 36 9 3
0.623333 1 44 11 0
0.63 9 47 8 1
0.636667 10 54 10 4
0.643333 9 40 7 3
0.65 7 45 14 2
0.656667 9 38 7 0
0.663333 218 6413 409 28
0.67 0 0 0 0
0.676667 0 0 0 0
0.683333 0 0 0 0
0.69 0 0 0 0
0.696667 0 0 0 0
0.703333 0 0 0 0
0.71 0 0 0 0
0.716667 0 0 0 0
0.723333 0 0 0 0
0.73 0 0 0 0
0.736667 0 0 0 0
0.743333 0 0 0 0
0.75 0 0 0 0
0.756667 0 0 0 0
0.763333 0 0 0 0
0.77 0 0 0 0
0.776667 0 0 0 0
0.783333 0 0 0 0
0.79 0 0 0 0
0.796667 0 0 0 0
0.803333 0 0 0 0
0.81 0 0 0 0
0.816667 0 0 0 0
0.823333 0 0 0 0
0.83 0 0 0 0
0.836667 0 0 0 0
0.843333 0 0 0 0
0.85 0 0 0 0
0.856667 0 0 0 0
0.863333 0 0 0 0
0.87 0 0 0 0
0.876667 0 0 0 0
0.883333 0 0 0 0
0.89 0 0 0 0
0.896667 0 0 0 0
0.903333 0 0 0 0
0.91 0 0 0 0
0.916667 0 0 0 0
0.923333 0 0 0 0
0.93 0 0 0 0
0.936667 0 0 0 0
0.943333 0 0 0 0
0.95 0 0 0 0
0.956667 0 0 0 0
0.963333 0 0 0 0
0.97 0 0 0 0
0.976667 0 0 0 0
0.983333 0 0 0 0
0.99 0 0 0 0
0.996667 0 0 0 0
1.00333 0 0 0 0
1.01 0 0 0 0
1.01667 0 0 0 0
1.02333 0 0 0 0
1.03 0 0 0 0
1.03667 0 0 0 0
1.04333 0 0 0 0
1.05 0 0 0 0
1.05667 0 0 0 0
1.06333 0 0 0 0
1.07 0 0 0 0
1.07667 0 0 0 0
1.08333 0 0 0 0
1.09 0 0 0 0
1.09667 0 0 0 0
1.10333 0 0 0 0
1.11 0 0 0 0
1.11667 0 0 0 0
1.12333 0 0 0 0
1.13 0 0 0 0
1.13667 0 0 0 0
1.14333 0 0 0 0
1.15 0 0 0 0
1.15667 0 0 0 0
1.16333 0 0 0 0
1.17 0 0 0 0
1.17667 0 0 0 0
1.18333 0 0 0 0
1.19 0 0 0 0
1.19667 0 0 0 0
1.20333 0 0 0 0
1.21 0 0 0 0
1.21667 0 0 0 0
1.22333 0 0 0 0
1.23 0 0 0 0
1.23667 0 0 0 0
1.24333 0 0 0 0
1.25 0 0 0 0
1.25667 0 0 0 0
1.26333 0 0 0 0
1.27 0 0 0 0
1.27667 0 0 0 0
1.28333 0 0 0 0
1.29 0 0 0 0
1.29667 0 0 0 0
1.30333 0 0 0 0
1.31 0 0 0 0
1.31667 0 0 0 0
1.32333 0 0 0 0
1.33 0 0 0 0
1.33667 0 0 0 0
1.34333 0 0 0 0
1.35 0 0 0 0
1.35667 0 0 0 0
1.36333 0 0 0 0
1.37 0 0 0 0
1.37667 0 0 0 0
1.38333 0 0 0 0
1.39 0 0 0 0
1.39667 0 0 0 0
1.40333 0 0 0 0
1.41 0 0 0 0
1.41667 0 0 0 0
1.42333 0 0 0 0
1.43 0 0 0 0
1.43667 0 0 0 0
1.44333 0 0 0 0
1.45 0 0 0 0
1.45667 0 0 0 0
1.46333 0 0 0 0
1.47 0 0 0 0
1.47667 0 0 0 0
1.48333 0 0 0 0
1.49 0 0 0 0
1.49667 0 0 0 0
1.50333 0 0 0 0
1.51 0 0 0 0
1.51667 0 0 0 0
1.52333 0 0 0 0
1.53 0 0 0 0
1.53667 0 0 0 0
1.54333 0 0 0 0
1.55 0 0 0 0
1.55667 0 0 0 0
1.56333 0 0 0 0
1.57 0 0 0 0
1.57667 0 0 0 0
1.58333 0 0 0 0
1.59 0 0 0 0
1.59667 0 0 0 0
1.60333 0 0 0 0
1.61 0 0 0 0
1.61667 0 0 0 0
1.62333 0 0 0 0
1.63 0 0 0 0
1.63667 0 0 0 0
1.64333 0 0 0 0
1.65 0 0 0 0
1.65667 0 0 0 0
1.66333 0 0 0 0
1.67 0 0 0 0
1.67667 0 0 0 0
1.68333 0 0 0 0
1.69 0 0 0 0
1.69667 0 0 0 0
1.70333 0 0 0 0
1.71 0 0 0 0
1.71667 0 0 0 0
1.72333 0 0 0 0
1.73 0 0 0 0
1.73667 0 0 0 0
1.74333 0 0 0 0
1.75 0 0 0 0
1.75667 0 0 0 0
1.76333 0 0 0 0
1.77 0 0 0 0
1.77667 0 0 0 0
1.78333 0 0 0 0
1.79 0 0 0 0
1.79667 0 0 0 0
1.80333 0 0 0 0
1.81 0 0 0 0
1.81667 0 0 0 0
1.82333 0 0 0 0
1.83 0 0 0 0
1.83667 0 0 0 0
1.84333 0 0 0 0
1.85 0 0 0 0
1.85667 0 0 0 0
1.86333 0 0 0 0
1.87 0 0 0 0
1.87667 0 0 0 0
1.88333 0 0 0 0
1.89 0 0 0 0
1.89667 0 0 0 0
1.90333 0 0 0 0
1.91 0 0 0 0
1.91667 0 0 0 0
1.92333 0 0 0 0
1.93 0 0 0 0
1.93667 0 0 0 0
1.94333 0 0 0 0
1.95 0 0 0 0
1.95667 0 0 0 0
1.96333 0 0 0 0
1.97 0 0 0 0
1.97667 0 0 0 0
1.98333 0 0 0 0
1.99 0 0 0 0
1.99667 0 0 0 0
