0.00333333 2 6 78 4
0.01 5 8 65 10
0.0166667 4 17 61 3
0.0233333 4 19 64 6
0.03 2 5 102 6
0.0366667 9 18 70 11
0.0433333 5 22 119 9
0.05 6 30 153 12
0.0566667 8 31 141 18
0.0633333 11 34 164 22
0.07 9 30 178 23
0.0766667 19 41 165 26
0.0833333 7 35 164 24
0.09 8 36 180 17
0.0966667 8 30 185 22
0.103333 6 32 175 22
0.11 9 25 213 14
0.116667 7 37 230 19
0.123333 6 40 190 20
0.13 3 31 187 15
0.136667 3 27 200 9
0.143333 2 27 179 17
0.15 7 20 171 17
0.156667 8 34 222 11
0.163333 3 26 182 20
0.17 4 20 188 17
0.176667 3 23 165 13
0.183333 7 31 209 15
0.19 5 17 217 23
0.196667 3 22 215 14
0.203333 2 26 202 14
0.21 4 12 186 12
0.216667 5 16 184 11
0.223333 8 20 180 15
0.23 6 21 159 18
0.236667 6 18 162 15
0.243333 6 21 156 11
0.25 5 20 135 6
0.256667 4 16 116 8
0.263333 5 11 119 7
0.27 3 15 136 8
0.276667 1 21 112 7
0.283333 3 8 111 11
0.29 3 12 116 13
0.296667 5 17 127 6
0.303333 0 18 104 9
0.31 7 18 104 10
0.316667 1 16 105 16
0.323333 6 13 122 5
0.33 3 19 97 7
0.336667 3 16 95 6
0.343333 1 12 100 6
0.35 2 14 108 9
0.356667 4 12 90 10
0.363333 4 13 92 9
0.37 3 18 91 1
0.376667 1 10 83 10
0.383333 0 8 88 8
0.39 4 10 79 10
0.396667 2 12 92 8
0.403333 0 7 82 9
0.41 4 8 68 7
0.416667 4 16 81 7
0.423333 1 10 81 5
0.43 5 10 78 12
0.436667 3 7 86 4
0.443333 2 11 81 17
0.45 2 7 85 11
0.456667 4 13 64 6
0.463333 2 11 74 11
0.47 4 9 72 7
0.476667 0 6 68 6
0.483333 2 9 48 6
0.49 3 10 58 5
0.496667 0 9 38 2
0.503333 2 8 50 1
0.51 2 7 45 3
0.516667 0 12 39 5
0.523333 2 10 39 4
0.53 3 6 26 5
0.536667 4 4 28 5
0.543333 2 4 27 4
0.55 0 4 26 6
0.556667 1 7 32 3
0.563333 1 5 33 3
0.57 2 3 34 7
0.576667 2 3 33 5
0.583333 2 11 41 8
0.59 0 2 35 2
0.596667 3 9 25 6
0.603333 2 8 35 3
0.61 1 5 33 4
0.616667 3 5 21 5
0.623333 0 6 31 5
0.63 3 4 28 3
0.636667 1 4 42 5
0.643333 3 14 32 2
0.65 1 6 32 3
0.656667 2 8 23 4
0.663333 38 169 3132 116
0.67 0 0 0 0
0.676667 0 0 0 0
0.683333 0 0 0 0
0.69 0 0 0 0
0.696667 0 0 0 0
0.703333 0 0 0 0
0.71 0 0 0 0
0.716667 0 0 0 0
0.723333 0 0 0 0
0.73 0 0 0 0
0.736667 0 0 0 0
0.743333 0 0 0 0
0.75 0 0 0 0
0.756667 0 0 0 0
0.763333 0 0 0 0
0.77 0 0 0 0
0.776667 0 0 0 0
0.783333 0 0 0 0
0.79 0 0 0 0
0.796667 0 0 0 0
0.803333 0 0 0 0
0.81 0 0 0 0
0.816667 0 0 0 0
0.823333 0 0 0 0
0.83 0 0 0 0
0.836667 0 0 0 0
0.843333 0 0 0 0
0.85 0 0 0 0
0.856667 0 0 0 0
0.863333 0 0 0 0
0.87 0 0 0 0
0.876667 0 0 0 0
0.883333 0 0 0 0
0.89 0 0 0 0
0.896667 0 0 0 0
0.903333 0 0 0 0
0.91 0 0 0 0
0.916667 0 0 0 0
0.923333 0 0 0 0
0.93 0 0 0 0
0.936667 0 0 0 0
0.943333 0 0 0 0
0.95 0 0 0 0
0.956667 0 0 0 0
0.963333 0 0 0 0
0.97 0 0 0 0
0.976667 0 0 0 0
0.983333 0 0 0 0
0.99 0 0 0 0
0.996667 0 0 0 0
1.00333 0 0 0 0
1.01 0 0 0 0
1.01667 0 0 0 0
1.02333 0 0 0 0
1.03 0 0 0 0
1.03667 0 0 0 0
1.04333 0 0 0 0
1.05 0 0 0 0
1.05667 0 0 0 0
1.06333 0 0 0 0
1.07 0 0 0 0
1.07667 0 0 0 0
1.08333 0 0 0 0
1.09 0 0 0 0
1.09667 0 0 0 0
1.10333 0 0 0 0
1.11 0 0 0 0
1.11667 0 0 0 0
1.12333 0 0 0 0
1.13 0 0 0 0
1.13667 0 0 0 0
1.14333 0 0 0 0
1.15 0 0 0 0
1.15667 0 0 0 0
1.16333 0 0 0 0
1.17 0 0 0 0
1.17667 0 0 0 0
1.18333 0 0 0 0
1.19 0 0 0 0
1.19667 0 0 0 0
1.20333 0 0 0 0
1.21 0 0 0 0
1.21667 0 0 0 0
1.22333 0 0 0 0
1.23 0 0 0 0
1.23667 0 0 0 0
1.24333 0 0 0 0
1.25 0 0 0 0
1.25667 0 0 0 0
1.26333 0 0 0 0
1.27 0 0 0 0
1.27667 0 0 0 0
1.28333 0 0 0 0
1.29 0 0 0 0
1.29667 0 0 0 0
1.30333 0 0 0 0
1.31 0 0 0 0
1.31667 0 0 0 0
1.32333 0 0 0 0
1.33 0 0 0 0
1.33667 0 0 0 0
1.34333 0 0 0 0
1.35 0 0 0 0
1.35667 0 0 0 0
1.36333 0 0 0 0
1.37 0 0 0 0
1.37667 0 0 0 0
1.38333 0 0 0 0
1.39 0 0 0 0
1.39667 0 0 0 0
1.40333 0 0 0 0
1.41 0 0 0 0
1.41667 0 0 0 0
1.42333 0 0 0 0
1.43 0 0 0 0
1.43667 0 0 0 0
1.44333 0 0 0 0
1.45 0 0 0 0
1.45667 0 0 0 0
1.46333 0 0 0 0
1.47 0 0 0 0
1.47667 0 0 0 0
1.48333 0 0 0 0
1.49 0 0 0 0
1.49667 0 0 0 0
1.50333 0 0 0 0
1.51 0 0 0 0
1.51667 0 0 0 0
1.52333 0 0 0 0
1.53 0 0 0 0
1.53667 0 0 0 0
1.54333 0 0 0 0
1.55 0 0 0 0
1.55667 0 0 0 0
1.56333 0 0 0 0
1.57 0 0 0 0
1.57667 0 0 0 0
1.58333 0 0 0 0
1.59 0 0 0 0
1.59667 0 0 0 0
1.60333 0 0 0 0
1.61 0 0 0 0
1.61667 0 0 0 0
1.62333 0 0 0 0
1.63 0 0 0 0
1.63667 0 0 0 0
1.64333 0 0 0 0
1.65 0 0 0 0
1.65667 0 0 0 0
1.66333 0 0 0 0
1.67 0 0 0 0
1.67667 0 0 0 0
1.68333 0 0 0 0
1.69 0 0 0 0
1.69667 0 0 0 0
1.70333 0 0 0 0
1.71 0 0 0 0
1.71667 0 0 0 0
1.72333 0 0 0 0
1.73 0 0 0 0
1.73667 0 0 0 0
1.74333 0 0 0 0
1.75 0 0 0 0
1.75667 0 0 0 0
1.76333 0 0 0 0
1.77 0 0 0 0
1.77667 0 0 0 0
1.78333 0 0 0 0
1.79 0 0 0 0
1.79667 0 0 0 0
1.80333 0 0 0 0
1.81 0 0 0 0
1.81667 0 0 0 0
1.82333 0 0 0 0
1.83 0 0 0 0
1.83667 0 0 0 0
1.84333 0 0 0 0
1.85 0 0 0 0
1.85667 0 0 0 0
1.86333 0 0 0 0
1.87 0 0 0 0
1.87667 0 0 0 0
1.88333 0 0 0 0
1.89 0 0 0 0
1.89667 0 0 0 0
1.90333 0 0 0 0
1.91 0 0 0 0
1.91667 0 0 0 0
1.92333 0 0 0 0
1.93 0 0 0 0
1.93667 0 0 0 0
1.94333 0 0 0 0
1.95 0 0 0 0
1.95667 0 0 0 0
1.96333 0 0 0 0
1.97 0 0 0 0
1.97667 0 0 0 0
1.98333 0 0 0 0
1.99 0 0 0 0
1.99667 0 0 0 0
