0.00333333 1 5 26 120
0.01 1 2 24 152
0.0166667 3 2 26 158
0.0233333 0 4 29 126
0.03 1 7 15 167
0.0366667 3 9 37 182
0.0433333 4 3 53 192
0.05 3 7 66 248
0.0566667 0 4 79 265
0.0633333 2 8 73 229
0.07 8 7 69 283
0.0766667 4 6 84 321
0.0833333 3 10 80 341
0.09 3 18 75 312
0.0966667 5 5 68 341
0.103333 2 7 77 359
0.11 3 8 65 352
0.116667 3 9 69 361
0.123333 5 6 66 391
0.13 3 11 60 384
0.136667 4 6 53 377
0.143333 1 11 53 338
0.15 5 8 48 352
0.156667 3 8 43 379
0.163333 2 8 52 370
0.17 3 6 44 316
0.176667 4 3 48 379
0.183333 4 10 49 387
0.19 2 9 43 456
0.196667 5 14 41 448
0.203333 9 9 44 403
0.21 7 5 40 407
0.216667 2 5 44 380
0.223333 2 4 47 360
0.23 7 7 27 332
0.236667 4 10 37 304
0.243333 3 6 45 298
0.25 5 9 26 303
0.256667 5 4 35 275
0.263333 3 10 42 237
0.27 5 2 35 262
0.276667 1 1 30 211
0.283333 3 5 34 215
0.29 2 5 29 211
0.296667 1 4 36 198
0.303333 1 7 30 210
0.31 2 3 37 228
0.316667 2 3 31 169
0.323333 3 5 28 177
0.33 2 2 19 148
0.336667 3 6 23 148
0.343333 2 3 34 188
0.35 2 4 18 170
0.356667 0 6 24 166
0.363333 1 3 34 141
0.37 1 4 21 149
0.376667 1 4 21 152
0.383333 3 7 19 151
0.39 0 6 25 162
0.396667 1 1 10 141
0.403333 2 8 22 156
0.41 0 4 24 156
0.416667 2 4 21 148
0.423333 0 4 18 124
0.43 3 3 16 120
0.436667 1 1 19 155
0.443333 1 6 25 160
0.45 0 1 17 139
0.456667 2 4 16 131
0.463333 3 5 16 153
0.47 3 3 22 155
0.476667 1 4 14 152
0.483333 5 3 16 90
0.49 0 5 13 90
0.496667 2 2 14 67
0.503333 1 4 14 76
0.51 3 4 17 73
0.516667 3 7 16 56
0.523333 3 3 17 77
0.53 1 5 8 67
0.536667 2 0 10 57
0.543333 0 3 14 67
0.55 2 4 14 56
0.556667 1 4 8 64
0.563333 1 4 17 52
0.57 0 2 8 58
0.576667 1 5 13 46
0.583333 0 5 12 59
0.59 2 1 11 61
0.596667 2 3 7 65
0.603333 0 4 9 39
0.61 1 2 13 53
0.616667 0 0 8 47
0.623333 2 2 5 38
0.63 3 1 9 45
0.636667 1 3 16 70
0.643333 2 2 9 41
0.65 1 1 13 45
0.656667 2 0 6 40
0.663333 66 91 334 6701
0.67 0 0 0 0
0.676667 0 0 0 0
0.683333 0 0 0 0
0.69 0 0 0 0
0.696667 0 0 0 0
0.703333 0 0 0 0
0.71 0 0 0 0
0.716667 0 0 0 0
0.723333 0 0 0 0
0.73 0 0 0 0
0.736667 0 0 0 0
0.743333 0 0 0 0
0.75 0 0 0 0
0.756667 0 0 0 0
0.763333 0 0 0 0
0.77 0 0 0 0
0.776667 0 0 0 0
0.783333 0 0 0 0
0.79 0 0 0 0
0.796667 0 0 0 0
0.803333 0 0 0 0
0.81 0 0 0 0
0.816667 0 0 0 0
0.823333 0 0 0 0
0.83 0 0 0 0
0.836667 0 0 0 0
0.843333 0 0 0 0
0.85 0 0 0 0
0.856667 0 0 0 0
0.863333 0 0 0 0
0.87 0 0 0 0
0.876667 0 0 0 0
0.883333 0 0 0 0
0.89 0 0 0 0
0.896667 0 0 0 0
0.903333 0 0 0 0
0.91 0 0 0 0
0.916667 0 0 0 0
0.923333 0 0 0 0
0.93 0 0 0 0
0.936667 0 0 0 0
0.943333 0 0 0 0
0.95 0 0 0 0
0.956667 0 0 0 0
0.963333 0 0 0 0
0.97 0 0 0 0
0.976667 0 0 0 0
0.983333 0 0 0 0
0.99 0 0 0 0
0.996667 0 0 0 0
1.00333 0 0 0 0
1.01 0 0 0 0
1.01667 0 0 0 0
1.02333 0 0 0 0
1.03 0 0 0 0
1.03667 0 0 0 0
1.04333 0 0 0 0
1.05 0 0 0 0
1.05667 0 0 0 0
1.06333 0 0 0 0
1.07 0 0 0 0
1.07667 0 0 0 0
1.08333 0 0 0 0
1.09 0 0 0 0
1.09667 0 0 0 0
1.10333 0 0 0 0
1.11 0 0 0 0
1.11667 0 0 0 0
1.12333 0 0 0 0
1.13 0 0 0 0
1.13667 0 0 0 0
1.14333 0 0 0 0
1.15 0 0 0 0
1.15667 0 0 0 0
1.16333 0 0 0 0
1.17 0 0 0 0
1.17667 0 0 0 0
1.18333 0 0 0 0
1.19 0 0 0 0
1.19667 0 0 0 0
1.20333 0 0 0 0
1.21 0 0 0 0
1.21667 0 0 0 0
1.22333 0 0 0 0
1.23 0 0 0 0
1.23667 0 0 0 0
1.24333 0 0 0 0
1.25 0 0 0 0
1.25667 0 0 0 0
1.26333 0 0 0 0
1.27 0 0 0 0
1.27667 0 0 0 0
1.28333 0 0 0 0
1.29 0 0 0 0
1.29667 0 0 0 0
1.30333 0 0 0 0
1.31 0 0 0 0
1.31667 0 0 0 0
1.32333 0 0 0 0
1.33 0 0 0 0
1.33667 0 0 0 0
1.34333 0 0 0 0
1.35 0 0 0 0
1.35667 0 0 0 0
1.36333 0 0 0 0
1.37 0 0 0 0
1.37667 0 0 0 0
1.38333 0 0 0 0
1.39 0 0 0 0
1.39667 0 0 0 0
1.40333 0 0 0 0
1.41 0 0 0 0
1.41667 0 0 0 0
1.42333 0 0 0 0
1.43 0 0 0 0
1.43667 0 0 0 0
1.44333 0 0 0 0
1.45 0 0 0 0
1.45667 0 0 0 0
1.46333 0 0 0 0
1.47 0 0 0 0
1.47667 0 0 0 0
1.48333 0 0 0 0
1.49 0 0 0 0
1.49667 0 0 0 0
1.50333 0 0 0 0
1.51 0 0 0 0
1.51667 0 0 0 0
1.52333 0 0 0 0
1.53 0 0 0 0
1.53667 0 0 0 0
1.54333 0 0 0 0
1.55 0 0 0 0
1.55667 0 0 0 0
1.56333 0 0 0 0
1.57 0 0 0 0
1.57667 0 0 0 0
1.58333 0 0 0 0
1.59 0 0 0 0
1.59667 0 0 0 0
1.60333 0 0 0 0
1.61 0 0 0 0
1.61667 0 0 0 0
1.62333 0 0 0 0
1.63 0 0 0 0
1.63667 0 0 0 0
1.64333 0 0 0 0
1.65 0 0 0 0
1.65667 0 0 0 0
1.66333 0 0 0 0
1.67 0 0 0 0
1.67667 0 0 0 0
1.68333 0 0 0 0
1.69 0 0 0 0
1.69667 0 0 0 0
1.70333 0 0 0 0
1.71 0 0 0 0
1.71667 0 0 0 0
1.72333 0 0 0 0
1.73 0 0 0 0
1.73667 0 0 0 0
1.74333 0 0 0 0
1.75 0 0 0 0
1.75667 0 0 0 0
1.76333 0 0 0 0
1.77 0 0 0 0
1.77667 0 0 0 0
1.78333 0 0 0 0
1.79 0 0 0 0
1.79667 0 0 0 0
1.80333 0 0 0 0
1.81 0 0 0 0
1.81667 0 0 0 0
1.82333 0 0 0 0
1.83 0 0 0 0
1.83667 0 0 0 0
1.84333 0 0 0 0
1.85 0 0 0 0
1.85667 0 0 0 0
1.86333 0 0 0 0
1.87 0 0 0 0
1.87667 0 0 0 0
1.88333 0 0 0 0
1.89 0 0 0 0
1.89667 0 0 0 0
1.90333 0 0 0 0
1.91 0 0 0 0
1.91667 0 0 0 0
1.92333 0 0 0 0
1.93 0 0 0 0
1.93667 0 0 0 0
1.94333 0 0 0 0
1.95 0 0 0 0
1.95667 0 0 0 0
1.96333 0 0 0 0
1.97 0 0 0 0
1.97667 0 0 0 0
1.98333 0 0 0 0
1.99 0 0 0 0
1.99667 0 0 0 0
