0.00333333 1 1 19 80
0.01 0 0 26 97
0.0166667 2 3 27 121
0.0233333 4 2 29 115
0.03 1 0 34 133
0.0366667 1 2 44 129
0.0433333 1 4 70 129
0.05 3 7 95 201
0.0566667 3 3 94 229
0.0633333 4 11 109 287
0.07 5 3 126 287
0.0766667 4 12 115 283
0.0833333 5 17 120 311
0.09 3 10 117 299
0.0966667 5 11 107 296
0.103333 4 14 118 282
0.11 2 5 103 313
0.116667 3 7 108 320
0.123333 9 10 96 348
0.13 3 9 102 347
0.136667 5 11 89 319
0.143333 1 8 73 310
0.15 4 4 78 288
0.156667 7 8 78 311
0.163333 1 9 75 289
0.17 3 8 74 273
0.176667 4 6 49 312
0.183333 1 6 65 288
0.19 7 7 75 373
0.196667 4 5 59 333
0.203333 4 10 58 343
0.21 5 5 52 316
0.216667 5 5 64 295
0.223333 7 8 57 294
0.23 8 7 59 269
0.236667 1 1 63 259
0.243333 6 2 56 256
0.25 2 4 54 264
0.256667 3 2 43 210
0.263333 3 8 44 171
0.27 2 3 49 185
0.276667 4 3 52 198
0.283333 3 7 39 181
0.29 1 4 31 177
0.296667 3 4 44 160
0.303333 2 2 39 142
0.31 2 2 38 138
0.316667 0 4 31 148
0.323333 1 6 29 137
0.33 0 3 41 135
0.336667 1 5 42 145
0.343333 3 3 32 147
0.35 3 6 42 163
0.356667 2 5 39 130
0.363333 4 4 24 128
0.37 2 6 40 114
0.376667 4 4 31 105
0.383333 1 5 29 105
0.39 2 5 39 102
0.396667 1 7 20 117
0.403333 3 5 34 102
0.41 3 5 30 107
0.416667 4 4 34 119
0.423333 0 4 35 104
0.43 4 4 26 129
0.436667 4 2 26 88
0.443333 2 1 20 93
0.45 1 1 33 113
0.456667 2 1 30 105
0.463333 1 5 24 91
0.47 0 1 16 125
0.476667 1 3 23 78
0.483333 4 4 18 60
0.49 0 5 16 67
0.496667 2 1 11 55
0.503333 2 0 16 50
0.51 0 0 16 57
0.516667 1 1 16 55
0.523333 1 0 18 58
0.53 3 1 14 41
0.536667 0 2 16 46
0.543333 1 2 16 43
0.55 0 0 14 37
0.556667 1 1 15 43
0.563333 2 3 13 50
0.57 2 1 16 41
0.576667 1 2 11 37
0.583333 2 5 10 45
0.59 2 2 14 42
0.596667 0 3 11 40
0.603333 0 2 24 40
0.61 1 4 18 32
0.616667 0 2 16 51
0.623333 2 2 13 44
0.63 4 3 16 41
0.636667 1 2 16 53
0.643333 1 3 9 30
0.65 2 3 13 34
0.656667 4 1 6 34
0.663333 42 37 497 4468
0.67 0 0 0 0
0.676667 0 0 0 0
0.683333 0 0 0 0
0.69 0 0 0 0
0.696667 0 0 0 0
0.703333 0 0 0 0
0.71 0 0 0 0
0.716667 0 0 0 0
0.723333 0 0 0 0
0.73 0 0 0 0
0.736667 0 0 0 0
0.743333 0 0 0 0
0.75 0 0 0 0
0.756667 0 0 0 0
0.763333 0 0 0 0
0.77 0 0 0 0
0.776667 0 0 0 0
0.783333 0 0 0 0
0.79 0 0 0 0
0.796667 0 0 0 0
0.803333 0 0 0 0
0.81 0 0 0 0
0.816667 0 0 0 0
0.823333 0 0 0 0
0.83 0 0 0 0
0.836667 0 0 0 0
0.843333 0 0 0 0
0.85 0 0 0 0
0.856667 0 0 0 0
0.863333 0 0 0 0
0.87 0 0 0 0
0.876667 0 0 0 0
0.883333 0 0 0 0
0.89 0 0 0 0
0.896667 0 0 0 0
0.903333 0 0 0 0
0.91 0 0 0 0
0.916667 0 0 0 0
0.923333 0 0 0 0
0.93 0 0 0 0
0.936667 0 0 0 0
0.943333 0 0 0 0
0.95 0 0 0 0
0.956667 0 0 0 0
0.963333 0 0 0 0
0.97 0 0 0 0
0.976667 0 0 0 0
0.983333 0 0 0 0
0.99 0 0 0 0
0.996667 0 0 0 0
1.00333 0 0 0 0
1.01 0 0 0 0
1.01667 0 0 0 0
1.02333 0 0 0 0
1.03 0 0 0 0
1.03667 0 0 0 0
1.04333 0 0 0 0
1.05 0 0 0 0
1.05667 0 0 0 0
1.06333 0 0 0 0
1.07 0 0 0 0
1.07667 0 0 0 0
1.08333 0 0 0 0
1.09 0 0 0 0
1.09667 0 0 0 0
1.10333 0 0 0 0
1.11 0 0 0 0
1.11667 0 0 0 0
1.12333 0 0 0 0
1.13 0 0 0 0
1.13667 0 0 0 0
1.14333 0 0 0 0
1.15 0 0 0 0
1.15667 0 0 0 0
1.16333 0 0 0 0
1.17 0 0 0 0
1.17667 0 0 0 0
1.18333 0 0 0 0
1.19 0 0 0 0
1.19667 0 0 0 0
1.20333 0 0 0 0
1.21 0 0 0 0
1.21667 0 0 0 0
1.22333 0 0 0 0
1.23 0 0 0 0
1.23667 0 0 0 0
1.24333 0 0 0 0
1.25 0 0 0 0
1.25667 0 0 0 0
1.26333 0 0 0 0
1.27 0 0 0 0
1.27667 0 0 0 0
1.28333 0 0 0 0
1.29 0 0 0 0
1.29667 0 0 0 0
1.30333 0 0 0 0
1.31 0 0 0 0
1.31667 0 0 0 0
1.32333 0 0 0 0
1.33 0 0 0 0
1.33667 0 0 0 0
1.34333 0 0 0 0
1.35 0 0 0 0
1.35667 0 0 0 0
1.36333 0 0 0 0
1.37 0 0 0 0
1.37667 0 0 0 0
1.38333 0 0 0 0
1.39 0 0 0 0
1.39667 0 0 0 0
1.40333 0 0 0 0
1.41 0 0 0 0
1.41667 0 0 0 0
1.42333 0 0 0 0
1.43 0 0 0 0
1.43667 0 0 0 0
1.44333 0 0 0 0
1.45 0 0 0 0
1.45667 0 0 0 0
1.46333 0 0 0 0
1.47 0 0 0 0
1.47667 0 0 0 0
1.48333 0 0 0 0
1.49 0 0 0 0
1.49667 0 0 0 0
1.50333 0 0 0 0
1.51 0 0 0 0
1.51667 0 0 0 0
1.52333 0 0 0 0
1.53 0 0 0 0
1.53667 0 0 0 0
1.54333 0 0 0 0
1.55 0 0 0 0
1.55667 0 0 0 0
1.56333 0 0 0 0
1.57 0 0 0 0
1.57667 0 0 0 0
1.58333 0 0 0 0
1.59 0 0 0 0
1.59667 0 0 0 0
1.60333 0 0 0 0
1.61 0 0 0 0
1.61667 0 0 0 0
1.62333 0 0 0 0
1.63 0 0 0 0
1.63667 0 0 0 0
1.64333 0 0 0 0
1.65 0 0 0 0
1.65667 0 0 0 0
1.66333 0 0 0 0
1.67 0 0 0 0
1.67667 0 0 0 0
1.68333 0 0 0 0
1.69 0 0 0 0
1.69667 0 0 0 0
1.70333 0 0 0 0
1.71 0 0 0 0
1.71667 0 0 0 0
1.72333 0 0 0 0
1.73 0 0 0 0
1.73667 0 0 0 0
1.74333 0 0 0 0
1.75 0 0 0 0
1.75667 0 0 0 0
1.76333 0 0 0 0
1.77 0 0 0 0
1.77667 0 0 0 0
1.78333 0 0 0 0
1.79 0 0 0 0
1.79667 0 0 0 0
1.80333 0 0 0 0
1.81 0 0 0 0
1.81667 0 0 0 0
1.82333 0 0 0 0
1.83 0 0 0 0
1.83667 0 0 0 0
1.84333 0 0 0 0
1.85 0 0 0 0
1.85667 0 0 0 0
1.86333 0 0 0 0
1.87 0 0 0 0
1.87667 0 0 0 0
1.88333 0 0 0 0
1.89 0 0 0 0
1.89667 0 0 0 0
1.90333 0 0 0 0
1.91 0 0 0 0
1.91667 0 0 0 0
1.92333 0 0 0 0
1.93 0 0 0 0
1.93667 0 0 0 0
1.94333 0 0 0 0
1.95 0 0 0 0
1.95667 0 0 0 0
1.96333 0 0 0 0
1.97 0 0 0 0
1.97667 0 0 0 0
1.98333 0 0 0 0
1.99 0 0 0 0
1.99667 0 0 0 0
