0.00333333 6 8 16 88
0.01 9 4 17 92
0.0166667 5 2 16 70
0.0233333 13 8 21 69
0.03 11 8 21 90
0.0366667 4 16 17 103
0.0433333 10 5 38 94
0.05 3 14 37 118
0.0566667 5 10 40 125
0.0633333 4 17 58 130
0.07 6 11 44 128
0.0766667 6 8 51 159
0.0833333 11 10 60 140
0.09 10 8 64 124
0.0966667 11 12 50 131
0.103333 11 6 58 133
0.11 7 20 52 141
0.116667 6 12 58 152
0.123333 17 17 51 150
0.13 12 14 50 159
0.136667 8 6 37 152
0.143333 6 11 35 154
0.15 12 16 48 158
0.156667 8 14 38 168
0.163333 8 8 38 175
0.17 8 20 55 146
0.176667 14 10 39 166
0.183333 13 11 44 193
0.19 12 11 37 258
0.196667 15 15 35 232
0.203333 15 13 35 198
0.21 14 16 34 199
0.216667 5 13 34 197
0.223333 12 15 34 172
0.23 7 12 32 186
0.236667 12 9 24 154
0.243333 4 11 32 138
0.25 12 14 26 144
0.256667 9 12 19 145
0.263333 9 14 26 145
0.27 4 13 18 142
0.276667 7 9 23 108
0.283333 7 8 33 119
0.29 10 8 25 84
0.296667 8 12 23 119
0.303333 6 8 22 117
0.31 9 6 28 95
0.316667 13 8 26 94
0.323333 7 9 20 103
0.33 6 8 15 109
0.336667 2 8 30 101
0.343333 8 12 29 88
0.35 7 9 21 83
0.356667 7 9 20 92
0.363333 6 7 19 89
0.37 5 4 24 86
0.376667 5 11 23 91
0.383333 1 4 20 84
0.39 5 10 18 87
0.396667 10 3 20 92
0.403333 6 7 13 97
0.41 9 5 15 119
0.416667 2 10 14 87
0.423333 9 10 19 64
0.43 3 7 13 74
0.436667 8 10 24 100
0.443333 11 6 17 102
0.45 4 4 16 83
0.456667 5 10 30 100
0.463333 15 10 19 90
0.47 16 8 9 97
0.476667 6 4 26 84
0.483333 3 3 12 28
0.49 2 8 19 42
0.496667 9 3 21 26
0.503333 3 6 8 35
0.51 2 3 11 31
0.516667 4 8 20 14
0.523333 2 3 19 25
0.53 1 3 12 19
0.536667 1 1 10 18
0.543333 3 5 15 14
0.55 4 4 14 21
0.556667 5 4 12 19
0.563333 1 4 7 13
0.57 3 4 10 18
0.576667 4 1 5 20
0.583333 3 3 16 16
0.59 7 3 9 16
0.596667 1 5 12 9
0.603333 3 2 10 10
0.61 2 3 15 8
0.616667 1 3 10 15
0.623333 3 3 4 12
0.63 0 4 8 16
0.636667 3 5 10 33
0.643333 1 4 5 9
0.65 0 4 11 10
0.656667 2 8 5 13
0.663333 404 275 302 5440
0.67 0 0 0 0
0.676667 0 0 0 0
0.683333 0 0 0 0
0.69 0 0 0 0
0.696667 0 0 0 0
0.703333 0 0 0 0
0.71 0 0 0 0
0.716667 0 0 0 0
0.723333 0 0 0 0
0.73 0 0 0 0
0.736667 0 0 0 0
0.743333 0 0 0 0
0.75 0 0 0 0
0.756667 0 0 0 0
0.763333 0 0 0 0
0.77 0 0 0 0
0.776667 0 0 0 0
0.783333 0 0 0 0
0.79 0 0 0 0
0.796667 0 0 0 0
0.803333 0 0 0 0
0.81 0 0 0 0
0.816667 0 0 0 0
0.823333 0 0 0 0
0.83 0 0 0 0
0.836667 0 0 0 0
0.843333 0 0 0 0
0.85 0 0 0 0
0.856667 0 0 0 0
0.863333 0 0 0 0
0.87 0 0 0 0
0.876667 0 0 0 0
0.883333 0 0 0 0
0.89 0 0 0 0
0.896667 0 0 0 0
0.903333 0 0 0 0
0.91 0 0 0 0
0.916667 0 0 0 0
0.923333 0 0 0 0
0.93 0 0 0 0
0.936667 0 0 0 0
0.943333 0 0 0 0
0.95 0 0 0 0
0.956667 0 0 0 0
0.963333 0 0 0 0
0.97 0 0 0 0
0.976667 0 0 0 0
0.983333 0 0 0 0
0.99 0 0 0 0
0.996667 0 0 0 0
1.00333 0 0 0 0
1.01 0 0 0 0
1.01667 0 0 0 0
1.02333 0 0 0 0
1.03 0 0 0 0
1.03667 0 0 0 0
1.04333 0 0 0 0
1.05 0 0 0 0
1.05667 0 0 0 0
1.06333 0 0 0 0
1.07 0 0 0 0
1.07667 0 0 0 0
1.08333 0 0 0 0
1.09 0 0 0 0
1.09667 0 0 0 0
1.10333 0 0 0 0
1.11 0 0 0 0
1.11667 0 0 0 0
1.12333 0 0 0 0
1.13 0 0 0 0
1.13667 0 0 0 0
1.14333 0 0 0 0
1.15 0 0 0 0
1.15667 0 0 0 0
1.16333 0 0 0 0
1.17 0 0 0 0
1.17667 0 0 0 0
1.18333 0 0 0 0
1.19 0 0 0 0
1.19667 0 0 0 0
1.20333 0 0 0 0
1.21 0 0 0 0
1.21667 0 0 0 0
1.22333 0 0 0 0
1.23 0 0 0 0
1.23667 0 0 0 0
1.24333 0 0 0 0
1.25 0 0 0 0
1.25667 0 0 0 0
1.26333 0 0 0 0
1.27 0 0 0 0
1.27667 0 0 0 0
1.28333 0 0 0 0
1.29 0 0 0 0
1.29667 0 0 0 0
1.30333 0 0 0 0
1.31 0 0 0 0
1.31667 0 0 0 0
1.32333 0 0 0 0
1.33 0 0 0 0
1.33667 0 0 0 0
1.34333 0 0 0 0
1.35 0 0 0 0
1.35667 0 0 0 0
1.36333 0 0 0 0
1.37 0 0 0 0
1.37667 0 0 0 0
1.38333 0 0 0 0
1.39 0 0 0 0
1.39667 0 0 0 0
1.40333 0 0 0 0
1.41 0 0 0 0
1.41667 0 0 0 0
1.42333 0 0 0 0
1.43 0 0 0 0
1.43667 0 0 0 0
1.44333 0 0 0 0
1.45 0 0 0 0
1.45667 0 0 0 0
1.46333 0 0 0 0
1.47 0 0 0 0
1.47667 0 0 0 0
1.48333 0 0 0 0
1.49 0 0 0 0
1.49667 0 0 0 0
1.50333 0 0 0 0
1.51 0 0 0 0
1.51667 0 0 0 0
1.52333 0 0 0 0
1.53 0 0 0 0
1.53667 0 0 0 0
1.54333 0 0 0 0
1.55 0 0 0 0
1.55667 0 0 0 0
1.56333 0 0 0 0
1.57 0 0 0 0
1.57667 0 0 0 0
1.58333 0 0 0 0
1.59 0 0 0 0
1.59667 0 0 0 0
1.60333 0 0 0 0
1.61 0 0 0 0
1.61667 0 0 0 0
1.62333 0 0 0 0
1.63 0 0 0 0
1.63667 0 0 0 0
1.64333 0 0 0 0
1.65 0 0 0 0
1.65667 0 0 0 0
1.66333 0 0 0 0
1.67 0 0 0 0
1.67667 0 0 0 0
1.68333 0 0 0 0
1.69 0 0 0 0
1.69667 0 0 0 0
1.70333 0 0 0 0
1.71 0 0 0 0
1.71667 0 0 0 0
1.72333 0 0 0 0
1.73 0 0 0 0
1.73667 0 0 0 0
1.74333 0 0 0 0
1.75 0 0 0 0
1.75667 0 0 0 0
1.76333 0 0 0 0
1.77 0 0 0 0
1.77667 0 0 0 0
1.78333 0 0 0 0
1.79 0 0 0 0
1.79667 0 0 0 0
1.80333 0 0 0 0
1.81 0 0 0 0
1.81667 0 0 0 0
1.82333 0 0 0 0
1.83 0 0 0 0
1.83667 0 0 0 0
1.84333 0 0 0 0
1.85 0 0 0 0
1.85667 0 0 0 0
1.86333 0 0 0 0
1.87 0 0 0 0
1.87667 0 0 0 0
1.88333 0 0 0 0
1.89 0 0 0 0
1.89667 0 0 0 0
1.90333 0 0 0 0
1.91 0 0 0 0
1.91667 0 0 0 0
1.92333 0 0 0 0
1.93 0 0 0 0
1.93667 0 0 0 0
1.94333 0 0 0 0
1.95 0 0 0 0
1.95667 0 0 0 0
1.96333 0 0 0 0
1.97 0 0 0 0
1.97667 0 0 0 0
1.98333 0 0 0 0
1.99 0 0 0 0
1.99667 0 0 0 0
