0.00333333 141 59 0 7
0.01 133 46 1 4
0.0166667 155 40 0 4
0.0233333 156 60 0 2
0.03 172 62 4 2
0.0366667 166 43 0 1
0.0433333 201 77 2 2
0.05 223 101 3 4
0.0566667 221 99 4 3
0.0633333 290 110 1 5
0.07 260 111 4 4
0.0766667 274 148 2 9
0.0833333 316 139 4 6
0.09 330 113 6 2
0.0966667 325 152 8 4
0.103333 349 121 4 8
0.11 349 119 6 5
0.116667 337 173 3 3
0.123333 387 149 4 6
0.13 354 154 2 3
0.136667 354 134 2 6
0.143333 379 135 5 9
0.15 382 104 4 7
0.156667 347 120 2 5
0.163333 369 121 2 5
0.17 348 117 4 5
0.176667 335 113 5 5
0.183333 427 106 2 7
0.19 559 122 4 12
0.196667 512 138 4 10
0.203333 463 108 0 11
0.21 461 106 4 4
0.216667 390 113 2 8
0.223333 417 102 5 6
0.23 343 98 2 5
0.236667 317 99 1 12
0.243333 274 86 5 12
0.25 305 89 3 5
0.256667 276 99 1 9
0.263333 262 83 3 11
0.27 237 82 2 5
0.276667 229 83 2 3
0.283333 228 97 0 4
0.29 226 76 2 5
0.296667 218 81 2 4
0.303333 206 75 3 7
0.31 205 82 1 7
0.316667 205 61 0 5
0.323333 193 56 3 6
0.33 200 80 0 9
0.336667 200 49 3 1
0.343333 185 62 0 1
0.35 187 54 3 4
0.356667 197 58 3 3
0.363333 173 51 0 6
0.37 142 68 2 2
0.376667 164 62 3 2
0.383333 164 62 4 5
0.39 152 59 3 2
0.396667 183 69 2 2
0.403333 188 36 1 3
0.41 147 52 1 3
0.416667 139 54 3 4
0.423333 165 62 2 7
0.43 190 49 0 5
0.436667 148 43 1 6
0.443333 189 47 0 5
0.45 181 54 1 2
0.456667 157 52 0 6
0.463333 159 52 0 1
0.47 182 63 2 9
0.476667 140 45 2 3
0.483333 73 38 6 4
0.49 64 31 4 1
0.496667 72 23 0 3
0.503333 51 27 2 6
0.51 58 39 1 1
0.516667 49 31 2 2
0.523333 53 26 3 3
0.53 64 29 1 2
0.536667 63 27 1 2
0.543333 59 26 1 2
0.55 51 30 3 3
0.556667 42 31 1 1
0.563333 42 26 0 4
0.57 52 26 1 3
0.576667 37 23 0 1
0.583333 56 35 1 1
0.59 33 27 0 2
0.596667 35 21 1 2
0.603333 45 21 3 0
0.61 39 21 1 1
0.616667 29 20 1 3
0.623333 32 27 1 1
0.63 45 23 0 1
0.636667 56 32 0 4
0.643333 27 30 0 2
0.65 34 25 1 0
0.656667 26 20 1 6
0.663333 9074 1696 17 197
0.67 0 0 0 0
0.676667 0 0 0 0
0.683333 0 0 0 0
0.69 0 0 0 0
0.696667 0 0 0 0
0.703333 0 0 0 0
0.71 0 0 0 0
0.716667 0 0 0 0
0.723333 0 0 0 0
0.73 0 0 0 0
0.736667 0 0 0 0
0.743333 0 0 0 0
0.75 0 0 0 0
0.756667 0 0 0 0
0.763333 0 0 0 0
0.77 0 0 0 0
0.776667 0 0 0 0
0.783333 0 0 0 0
0.79 0 0 0 0
0.796667 0 0 0 0
0.803333 0 0 0 0
0.81 0 0 0 0
0.816667 0 0 0 0
0.823333 0 0 0 0
0.83 0 0 0 0
0.836667 0 0 0 0
0.843333 0 0 0 0
0.85 0 0 0 0
0.856667 0 0 0 0
0.863333 0 0 0 0
0.87 0 0 0 0
0.876667 0 0 0 0
0.883333 0 0 0 0
0.89 0 0 0 0
0.896667 0 0 0 0
0.903333 0 0 0 0
0.91 0 0 0 0
0.916667 0 0 0 0
0.923333 0 0 0 0
0.93 0 0 0 0
0.936667 0 0 0 0
0.943333 0 0 0 0
0.95 0 0 0 0
0.956667 0 0 0 0
0.963333 0 0 0 0
0.97 0 0 0 0
0.976667 0 0 0 0
0.983333 0 0 0 0
0.99 0 0 0 0
0.996667 0 0 0 0
1.00333 0 0 0 0
1.01 0 0 0 0
1.01667 0 0 0 0
1.02333 0 0 0 0
1.03 0 0 0 0
1.03667 0 0 0 0
1.04333 0 0 0 0
1.05 0 0 0 0
1.05667 0 0 0 0
1.06333 0 0 0 0
1.07 0 0 0 0
1.07667 0 0 0 0
1.08333 0 0 0 0
1.09 0 0 0 0
1.09667 0 0 0 0
1.10333 0 0 0 0
1.11 0 0 0 0
1.11667 0 0 0 0
1.12333 0 0 0 0
1.13 0 0 0 0
1.13667 0 0 0 0
1.14333 0 0 0 0
1.15 0 0 0 0
1.15667 0 0 0 0
1.16333 0 0 0 0
1.17 0 0 0 0
1.17667 0 0 0 0
1.18333 0 0 0 0
1.19 0 0 0 0
1.19667 0 0 0 0
1.20333 0 0 0 0
1.21 0 0 0 0
1.21667 0 0 0 0
1.22333 0 0 0 0
1.23 0 0 0 0
1.23667 0 0 0 0
1.24333 0 0 0 0
1.25 0 0 0 0
1.25667 0 0 0 0
1.26333 0 0 0 0
1.27 0 0 0 0
1.27667 0 0 0 0
1.28333 0 0 0 0
1.29 0 0 0 0
1.29667 0 0 0 0
1.30333 0 0 0 0
1.31 0 0 0 0
1.31667 0 0 0 0
1.32333 0 0 0 0
1.33 0 0 0 0
1.33667 0 0 0 0
1.34333 0 0 0 0
1.35 0 0 0 0
1.35667 0 0 0 0
1.36333 0 0 0 0
1.37 0 0 0 0
1.37667 0 0 0 0
1.38333 0 0 0 0
1.39 0 0 0 0
1.39667 0 0 0 0
1.40333 0 0 0 0
1.41 0 0 0 0
1.41667 0 0 0 0
1.42333 0 0 0 0
1.43 0 0 0 0
1.43667 0 0 0 0
1.44333 0 0 0 0
1.45 0 0 0 0
1.45667 0 0 0 0
1.46333 0 0 0 0
1.47 0 0 0 0
1.47667 0 0 0 0
1.48333 0 0 0 0
1.49 0 0 0 0
1.49667 0 0 0 0
1.50333 0 0 0 0
1.51 0 0 0 0
1.51667 0 0 0 0
1.52333 0 0 0 0
1.53 0 0 0 0
1.53667 0 0 0 0
1.54333 0 0 0 0
1.55 0 0 0 0
1.55667 0 0 0 0
1.56333 0 0 0 0
1.57 0 0 0 0
1.57667 0 0 0 0
1.58333 0 0 0 0
1.59 0 0 0 0
1.59667 0 0 0 0
1.60333 0 0 0 0
1.61 0 0 0 0
1.61667 0 0 0 0
1.62333 0 0 0 0
1.63 0 0 0 0
1.63667 0 0 0 0
1.64333 0 0 0 0
1.65 0 0 0 0
1.65667 0 0 0 0
1.66333 0 0 0 0
1.67 0 0 0 0
1.67667 0 0 0 0
1.68333 0 0 0 0
1.69 0 0 0 0
1.69667 0 0 0 0
1.70333 0 0 0 0
1.71 0 0 0 0
1.71667 0 0 0 0
1.72333 0 0 0 0
1.73 0 0 0 0
1.73667 0 0 0 0
1.74333 0 0 0 0
1.75 0 0 0 0
1.75667 0 0 0 0
1.76333 0 0 0 0
1.77 0 0 0 0
1.77667 0 0 0 0
1.78333 0 0 0 0
1.79 0 0 0 0
1.79667 0 0 0 0
1.80333 0 0 0 0
1.81 0 0 0 0
1.81667 0 0 0 0
1.82333 0 0 0 0
1.83 0 0 0 0
1.83667 0 0 0 0
1.84333 0 0 0 0
1.85 0 0 0 0
1.85667 0 0 0 0
1.86333 0 0 0 0
1.87 0 0 0 0
1.87667 0 0 0 0
1.88333 0 0 0 0
1.89 0 0 0 0
1.89667 0 0 0 0
1.90333 0 0 0 0
1.91 0 0 0 0
1.91667 0 0 0 0
1.92333 0 0 0 0
1.93 0 0 0 0
1.93667 0 0 0 0
1.94333 0 0 0 0
1.95 0 0 0 0
1.95667 0 0 0 0
1.96333 0 0 0 0
1.97 0 0 0 0
1.97667 0 0 0 0
1.98333 0 0 0 0
1.99 0 0 0 0
1.99667 0 0 0 0
