0.00333333 24 68 7 2
0.01 22 59 14 1
0.0166667 30 79 8 0
0.0233333 27 76 13 3
0.03 40 97 6 2
0.0366667 48 107 12 6
0.0433333 60 158 27 2
0.05 62 192 31 6
0.0566667 79 216 28 12
0.0633333 100 256 21 6
0.07 112 287 37 5
0.0766667 84 296 43 13
0.0833333 95 266 44 11
0.09 106 264 32 8
0.0966667 120 302 37 8
0.103333 81 279 24 8
0.11 89 296 26 9
0.116667 93 244 43 5
0.123333 104 254 34 6
0.13 87 247 26 7
0.136667 79 241 24 11
0.143333 74 228 29 8
0.15 64 225 25 6
0.156667 71 235 23 10
0.163333 71 190 33 6
0.17 82 213 29 10
0.176667 87 202 21 8
0.183333 77 202 23 2
0.19 73 227 31 3
0.196667 66 210 23 4
0.203333 72 199 27 8
0.21 66 188 14 8
0.216667 45 194 16 9
0.223333 75 158 19 9
0.23 53 151 20 8
0.236667 53 171 27 7
0.243333 51 180 11 5
0.25 52 161 7 4
0.256667 49 143 13 5
0.263333 44 143 17 9
0.27 52 114 14 9
0.276667 40 125 20 9
0.283333 38 128 20 7
0.29 30 132 12 2
0.296667 45 124 16 8
0.303333 40 97 13 4
0.31 39 104 17 3
0.316667 41 110 9 3
0.323333 29 100 20 2
0.33 33 94 20 5
0.336667 37 93 11 3
0.343333 35 107 11 3
0.35 29 101 22 4
0.356667 28 87 14 2
0.363333 30 77 11 4
0.37 27 84 14 4
0.376667 36 73 13 4
0.383333 38 70 9 1
0.39 25 72 11 3
0.396667 32 73 12 2
0.403333 23 90 9 0
0.41 34 60 10 1
0.416667 24 60 9 6
0.423333 28 77 12 3
0.43 22 57 11 1
0.436667 23 66 7 2
0.443333 31 74 10 2
0.45 32 60 8 3
0.456667 24 70 10 1
0.463333 28 78 14 3
0.47 22 64 7 4
0.476667 28 66 11 3
0.483333 23 51 6 2
0.49 10 48 8 4
0.496667 16 42 8 3
0.503333 20 43 8 3
0.51 18 41 6 3
0.516667 16 35 7 0
0.523333 7 33 7 1
0.53 23 40 5 0
0.536667 18 41 1 4
0.543333 13 46 7 1
0.55 13 32 6 4
0.556667 16 34 4 0
0.563333 12 39 8 2
0.57 7 31 6 2
0.576667 11 29 3 1
0.583333 13 39 7 2
0.59 8 29 2 1
0.596667 9 33 4 0
0.603333 2 31 4 1
0.61 12 40 7 1
0.616667 7 32 7 3
0.623333 12 32 6 1
0.63 16 37 2 4
0.636667 12 35 3 4
0.643333 9 28 4 3
0.65 8 35 2 2
0.656667 6 37 10 3
0.663333 564 2075 196 39
0.67 0 0 0 0
0.676667 0 0 0 0
0.683333 0 0 0 0
0.69 0 0 0 0
0.696667 0 0 0 0
0.703333 0 0 0 0
0.71 0 0 0 0
0.716667 0 0 0 0
0.723333 0 0 0 0
0.73 0 0 0 0
0.736667 0 0 0 0
0.743333 0 0 0 0
0.75 0 0 0 0
0.756667 0 0 0 0
0.763333 0 0 0 0
0.77 0 0 0 0
0.776667 0 0 0 0
0.783333 0 0 0 0
0.79 0 0 0 0
0.796667 0 0 0 0
0.803333 0 0 0 0
0.81 0 0 0 0
0.816667 0 0 0 0
0.823333 0 0 0 0
0.83 0 0 0 0
0.836667 0 0 0 0
0.843333 0 0 0 0
0.85 0 0 0 0
0.856667 0 0 0 0
0.863333 0 0 0 0
0.87 0 0 0 0
0.876667 0 0 0 0
0.883333 0 0 0 0
0.89 0 0 0 0
0.896667 0 0 0 0
0.903333 0 0 0 0
0.91 0 0 0 0
0.916667 0 0 0 0
0.923333 0 0 0 0
0.93 0 0 0 0
0.936667 0 0 0 0
0.943333 0 0 0 0
0.95 0 0 0 0
0.956667 0 0 0 0
0.963333 0 0 0 0
0.97 0 0 0 0
0.976667 0 0 0 0
0.983333 0 0 0 0
0.99 0 0 0 0
0.996667 0 0 0 0
1.00333 0 0 0 0
1.01 0 0 0 0
1.01667 0 0 0 0
1.02333 0 0 0 0
1.03 0 0 0 0
1.03667 0 0 0 0
1.04333 0 0 0 0
1.05 0 0 0 0
1.05667 0 0 0 0
1.06333 0 0 0 0
1.07 0 0 0 0
1.07667 0 0 0 0
1.08333 0 0 0 0
1.09 0 0 0 0
1.09667 0 0 0 0
1.10333 0 0 0 0
1.11 0 0 0 0
1.11667 0 0 0 0
1.12333 0 0 0 0
1.13 0 0 0 0
1.13667 0 0 0 0
1.14333 0 0 0 0
1.15 0 0 0 0
1.15667 0 0 0 0
1.16333 0 0 0 0
1.17 0 0 0 0
1.17667 0 0 0 0
1.18333 0 0 0 0
1.19 0 0 0 0
1.19667 0 0 0 0
1.20333 0 0 0 0
1.21 0 0 0 0
1.21667 0 0 0 0
1.22333 0 0 0 0
1.23 0 0 0 0
1.23667 0 0 0 0
1.24333 0 0 0 0
1.25 0 0 0 0
1.25667 0 0 0 0
1.26333 0 0 0 0
1.27 0 0 0 0
1.27667 0 0 0 0
1.28333 0 0 0 0
1.29 0 0 0 0
1.29667 0 0 0 0
1.30333 0 0 0 0
1.31 0 0 0 0
1.31667 0 0 0 0
1.32333 0 0 0 0
1.33 0 0 0 0
1.33667 0 0 0 0
1.34333 0 0 0 0
1.35 0 0 0 0
1.35667 0 0 0 0
1.36333 0 0 0 0
1.37 0 0 0 0
1.37667 0 0 0 0
1.38333 0 0 0 0
1.39 0 0 0 0
1.39667 0 0 0 0
1.40333 0 0 0 0
1.41 0 0 0 0
1.41667 0 0 0 0
1.42333 0 0 0 0
1.43 0 0 0 0
1.43667 0 0 0 0
1.44333 0 0 0 0
1.45 0 0 0 0
1.45667 0 0 0 0
1.46333 0 0 0 0
1.47 0 0 0 0
1.47667 0 0 0 0
1.48333 0 0 0 0
1.49 0 0 0 0
1.49667 0 0 0 0
1.50333 0 0 0 0
1.51 0 0 0 0
1.51667 0 0 0 0
1.52333 0 0 0 0
1.53 0 0 0 0
1.53667 0 0 0 0
1.54333 0 0 0 0
1.55 0 0 0 0
1.55667 0 0 0 0
1.56333 0 0 0 0
1.57 0 0 0 0
1.57667 0 0 0 0
1.58333 0 0 0 0
1.59 0 0 0 0
1.59667 0 0 0 0
1.60333 0 0 0 0
1.61 0 0 0 0
1.61667 0 0 0 0
1.62333 0 0 0 0
1.63 0 0 0 0
1.63667 0 0 0 0
1.64333 0 0 0 0
1.65 0 0 0 0
1.65667 0 0 0 0
1.66333 0 0 0 0
1.67 0 0 0 0
1.67667 0 0 0 0
1.68333 0 0 0 0
1.69 0 0 0 0
1.69667 0 0 0 0
1.70333 0 0 0 0
1.71 0 0 0 0
1.71667 0 0 0 0
1.72333 0 0 0 0
1.73 0 0 0 0
1.73667 0 0 0 0
1.74333 0 0 0 0
1.75 0 0 0 0
1.75667 0 0 0 0
1.76333 0 0 0 0
1.77 0 0 0 0
1.77667 0 0 0 0
1.78333 0 0 0 0
1.79 0 0 0 0
1.79667 0 0 0 0
1.80333 0 0 0 0
1.81 0 0 0 0
1.81667 0 0 0 0
1.82333 0 0 0 0
1.83 0 0 0 0
1.83667 0 0 0 0
1.84333 0 0 0 0
1.85 0 0 0 0
1.85667 0 0 0 0
1.86333 0 0 0 0
1.87 0 0 0 0
1.87667 0 0 0 0
1.88333 0 0 0 0
1.89 0 0 0 0
1.89667 0 0 0 0
1.90333 0 0 0 0
1.91 0 0 0 0
1.91667 0 0 0 0
1.92333 0 0 0 0
1.93 0 0 0 0
1.93667 0 0 0 0
1.94333 0 0 0 0
1.95 0 0 0 0
1.95667 0 0 0 0
1.96333 0 0 0 0
1.97 0 0 0 0
1.97667 0 0 0 0
1.98333 0 0 0 0
1.99 0 0 0 0
1.99667 0 0 0 0
