0.00333333 59 40 2 2
0.01 71 59 5 1
0.0166667 83 59 3 1
0.0233333 85 71 2 2
0.03 89 55 8 2
0.0366667 93 93 12 3
0.0433333 115 98 3 0
0.05 148 118 8 3
0.0566667 163 169 3 9
0.0633333 197 153 10 8
0.07 196 158 11 5
0.0766667 197 158 11 5
0.0833333 217 173 6 7
0.09 214 200 9 2
0.0966667 203 174 8 6
0.103333 231 159 15 7
0.11 240 211 15 8
0.116667 239 152 17 7
0.123333 242 167 15 7
0.13 216 179 16 11
0.136667 217 155 13 4
0.143333 244 172 9 5
0.15 202 137 11 4
0.156667 204 141 13 4
0.163333 197 135 10 3
0.17 228 141 10 3
0.176667 212 117 6 7
0.183333 214 154 8 4
0.19 245 111 10 9
0.196667 224 144 4 5
0.203333 202 113 7 7
0.21 209 107 10 6
0.216667 172 123 6 11
0.223333 183 117 14 6
0.23 171 106 5 2
0.236667 151 100 7 6
0.243333 171 91 4 8
0.25 145 96 8 1
0.256667 123 91 2 7
0.263333 103 83 7 1
0.27 145 95 6 4
0.276667 147 84 4 5
0.283333 116 65 4 4
0.29 91 77 5 9
0.296667 137 66 2 3
0.303333 105 69 4 3
0.31 138 75 1 5
0.316667 106 68 2 5
0.323333 119 57 1 4
0.33 110 69 7 3
0.336667 87 60 7 3
0.343333 83 64 3 4
0.35 78 59 5 2
0.356667 65 53 3 1
0.363333 91 59 2 0
0.37 71 57 3 4
0.376667 81 61 8 1
0.383333 63 54 0 3
0.39 75 57 5 1
0.396667 72 46 1 2
0.403333 78 68 2 1
0.41 80 61 5 7
0.416667 70 42 3 3
0.423333 68 48 4 1
0.43 78 42 6 1
0.436667 70 43 2 4
0.443333 75 46 2 2
0.45 80 53 4 6
0.456667 64 44 3 3
0.463333 81 51 2 4
0.47 70 47 3 4
0.476667 52 44 1 3
0.483333 45 38 4 4
0.49 42 42 9 3
0.496667 49 30 5 3
0.503333 45 36 2 5
0.51 31 30 2 3
0.516667 35 27 4 2
0.523333 39 32 5 2
0.53 38 24 3 1
0.536667 42 41 2 2
0.543333 36 21 2 1
0.55 26 20 1 3
0.556667 33 30 3 1
0.563333 28 28 4 3
0.57 23 23 3 3
0.576667 26 29 2 2
0.583333 25 31 2 1
0.59 21 23 1 3
0.596667 49 21 1 3
0.603333 18 31 3 1
0.61 30 16 4 4
0.616667 29 16 6 3
0.623333 40 22 1 1
0.63 34 20 1 1
0.636667 35 27 1 2
0.643333 23 23 2 1
0.65 19 24 0 3
0.656667 28 22 4 4
0.663333 2682 1190 45 71
0.67 0 0 0 0
0.676667 0 0 0 0
0.683333 0 0 0 0
0.69 0 0 0 0
0.696667 0 0 0 0
0.703333 0 0 0 0
0.71 0 0 0 0
0.716667 0 0 0 0
0.723333 0 0 0 0
0.73 0 0 0 0
0.736667 0 0 0 0
0.743333 0 0 0 0
0.75 0 0 0 0
0.756667 0 0 0 0
0.763333 0 0 0 0
0.77 0 0 0 0
0.776667 0 0 0 0
0.783333 0 0 0 0
0.79 0 0 0 0
0.796667 0 0 0 0
0.803333 0 0 0 0
0.81 0 0 0 0
0.816667 0 0 0 0
0.823333 0 0 0 0
0.83 0 0 0 0
0.836667 0 0 0 0
0.843333 0 0 0 0
0.85 0 0 0 0
0.856667 0 0 0 0
0.863333 0 0 0 0
0.87 0 0 0 0
0.876667 0 0 0 0
0.883333 0 0 0 0
0.89 0 0 0 0
0.896667 0 0 0 0
0.903333 0 0 0 0
0.91 0 0 0 0
0.916667 0 0 0 0
0.923333 0 0 0 0
0.93 0 0 0 0
0.936667 0 0 0 0
0.943333 0 0 0 0
0.95 0 0 0 0
0.956667 0 0 0 0
0.963333 0 0 0 0
0.97 0 0 0 0
0.976667 0 0 0 0
0.983333 0 0 0 0
0.99 0 0 0 0
0.996667 0 0 0 0
1.00333 0 0 0 0
1.01 0 0 0 0
1.01667 0 0 0 0
1.02333 0 0 0 0
1.03 0 0 0 0
1.03667 0 0 0 0
1.04333 0 0 0 0
1.05 0 0 0 0
1.05667 0 0 0 0
1.06333 0 0 0 0
1.07 0 0 0 0
1.07667 0 0 0 0
1.08333 0 0 0 0
1.09 0 0 0 0
1.09667 0 0 0 0
1.10333 0 0 0 0
1.11 0 0 0 0
1.11667 0 0 0 0
1.12333 0 0 0 0
1.13 0 0 0 0
1.13667 0 0 0 0
1.14333 0 0 0 0
1.15 0 0 0 0
1.15667 0 0 0 0
1.16333 0 0 0 0
1.17 0 0 0 0
1.17667 0 0 0 0
1.18333 0 0 0 0
1.19 0 0 0 0
1.19667 0 0 0 0
1.20333 0 0 0 0
1.21 0 0 0 0
1.21667 0 0 0 0
1.22333 0 0 0 0
1.23 0 0 0 0
1.23667 0 0 0 0
1.24333 0 0 0 0
1.25 0 0 0 0
1.25667 0 0 0 0
1.26333 0 0 0 0
1.27 0 0 0 0
1.27667 0 0 0 0
1.28333 0 0 0 0
1.29 0 0 0 0
1.29667 0 0 0 0
1.30333 0 0 0 0
1.31 0 0 0 0
1.31667 0 0 0 0
1.32333 0 0 0 0
1.33 0 0 0 0
1.33667 0 0 0 0
1.34333 0 0 0 0
1.35 0 0 0 0
1.35667 0 0 0 0
1.36333 0 0 0 0
1.37 0 0 0 0
1.37667 0 0 0 0
1.38333 0 0 0 0
1.39 0 0 0 0
1.39667 0 0 0 0
1.40333 0 0 0 0
1.41 0 0 0 0
1.41667 0 0 0 0
1.42333 0 0 0 0
1.43 0 0 0 0
1.43667 0 0 0 0
1.44333 0 0 0 0
1.45 0 0 0 0
1.45667 0 0 0 0
1.46333 0 0 0 0
1.47 0 0 0 0
1.47667 0 0 0 0
1.48333 0 0 0 0
1.49 0 0 0 0
1.49667 0 0 0 0
1.50333 0 0 0 0
1.51 0 0 0 0
1.51667 0 0 0 0
1.52333 0 0 0 0
1.53 0 0 0 0
1.53667 0 0 0 0
1.54333 0 0 0 0
1.55 0 0 0 0
1.55667 0 0 0 0
1.56333 0 0 0 0
1.57 0 0 0 0
1.57667 0 0 0 0
1.58333 0 0 0 0
1.59 0 0 0 0
1.59667 0 0 0 0
1.60333 0 0 0 0
1.61 0 0 0 0
1.61667 0 0 0 0
1.62333 0 0 0 0
1.63 0 0 0 0
1.63667 0 0 0 0
1.64333 0 0 0 0
1.65 0 0 0 0
1.65667 0 0 0 0
1.66333 0 0 0 0
1.67 0 0 0 0
1.67667 0 0 0 0
1.68333 0 0 0 0
1.69 0 0 0 0
1.69667 0 0 0 0
1.70333 0 0 0 0
1.71 0 0 0 0
1.71667 0 0 0 0
1.72333 0 0 0 0
1.73 0 0 0 0
1.73667 0 0 0 0
1.74333 0 0 0 0
1.75 0 0 0 0
1.75667 0 0 0 0
1.76333 0 0 0 0
1.77 0 0 0 0
1.77667 0 0 0 0
1.78333 0 0 0 0
1.79 0 0 0 0
1.79667 0 0 0 0
1.80333 0 0 0 0
1.81 0 0 0 0
1.81667 0 0 0 0
1.82333 0 0 0 0
1.83 0 0 0 0
1.83667 0 0 0 0
1.84333 0 0 0 0
1.85 0 0 0 0
1.85667 0 0 0 0
1.86333 0 0 0 0
1.87 0 0 0 0
1.87667 0 0 0 0
1.88333 0 0 0 0
1.89 0 0 0 0
1.89667 0 0 0 0
1.90333 0 0 0 0
1.91 0 0 0 0
1.91667 0 0 0 0
1.92333 0 0 0 0
1.93 0 0 0 0
1.93667 0 0 0 0
1.94333 0 0 0 0
1.95 0 0 0 0
1.95667 0 0 0 0
1.96333 0 0 0 0
1.97 0 0 0 0
1.97667 0 0 0 0
1.98333 0 0 0 0
1.99 0 0 0 0
1.99667 0 0 0 0
