0.00333333 74 66 1 10
0.01 78 61 2 10
0.0166667 73 64 3 6
0.0233333 77 71 3 8
0.03 89 68 4 3
0.0366667 103 78 3 8
0.0433333 97 94 6 4
0.05 111 108 3 10
0.0566667 112 142 10 11
0.0633333 112 165 7 11
0.07 123 153 10 4
0.0766667 141 137 8 10
0.0833333 146 156 7 9
0.09 134 173 13 8
0.0966667 102 159 13 5
0.103333 147 176 6 16
0.11 155 167 8 13
0.116667 147 160 9 14
0.123333 155 173 1 11
0.13 156 156 5 11
0.136667 144 173 7 7
0.143333 145 140 8 13
0.15 135 139 5 16
0.156667 148 150 4 15
0.163333 142 155 2 12
0.17 166 140 5 10
0.176667 146 138 8 9
0.183333 190 166 5 16
0.19 244 132 8 15
0.196667 208 134 5 15
0.203333 215 152 6 8
0.21 190 160 8 10
0.216667 142 157 3 9
0.223333 155 139 5 7
0.23 147 127 5 8
0.236667 149 144 4 9
0.243333 127 124 3 9
0.25 124 104 7 17
0.256667 125 128 3 7
0.263333 102 125 1 16
0.27 108 119 3 12
0.276667 113 118 3 13
0.283333 96 88 5 9
0.29 112 87 4 7
0.296667 101 90 0 13
0.303333 120 80 2 6
0.31 100 88 3 8
0.316667 94 82 5 8
0.323333 82 82 1 10
0.33 86 83 4 9
0.336667 96 76 4 6
0.343333 65 72 3 5
0.35 85 96 6 12
0.356667 80 60 3 11
0.363333 79 89 2 11
0.37 71 62 3 7
0.376667 72 81 2 10
0.383333 83 76 6 5
0.39 101 77 2 12
0.396667 84 70 2 7
0.403333 77 80 4 10
0.41 72 73 1 13
0.416667 77 81 1 7
0.423333 78 77 3 7
0.43 70 76 2 10
0.436667 91 66 4 7
0.443333 80 61 3 11
0.45 90 68 4 16
0.456667 73 67 5 14
0.463333 81 61 3 7
0.47 94 64 2 8
0.476667 53 53 4 8
0.483333 41 44 4 4
0.49 36 50 1 6
0.496667 27 41 2 7
0.503333 24 29 2 6
0.51 28 36 3 2
0.516667 14 39 2 5
0.523333 12 43 1 2
0.53 25 32 2 1
0.536667 23 39 2 3
0.543333 18 31 0 3
0.55 17 34 5 5
0.556667 14 32 1 1
0.563333 15 37 1 3
0.57 12 34 1 3
0.576667 7 27 1 2
0.583333 20 24 4 2
0.59 11 39 2 3
0.596667 5 38 2 3
0.603333 9 42 0 3
0.61 13 28 0 1
0.616667 13 39 0 3
0.623333 9 28 2 1
0.63 12 34 0 2
0.636667 18 40 2 3
0.643333 6 21 0 1
0.65 6 26 1 2
0.656667 7 27 1 1
0.663333 4594 2581 37 484
0.67 0 0 0 0
0.676667 0 0 0 0
0.683333 0 0 0 0
0.69 0 0 0 0
0.696667 0 0 0 0
0.703333 0 0 0 0
0.71 0 0 0 0
0.716667 0 0 0 0
0.723333 0 0 0 0
0.73 0 0 0 0
0.736667 0 0 0 0
0.743333 0 0 0 0
0.75 0 0 0 0
0.756667 0 0 0 0
0.763333 0 0 0 0
0.77 0 0 0 0
0.776667 0 0 0 0
0.783333 0 0 0 0
0.79 0 0 0 0
0.796667 0 0 0 0
0.803333 0 0 0 0
0.81 0 0 0 0
0.816667 0 0 0 0
0.823333 0 0 0 0
0.83 0 0 0 0
0.836667 0 0 0 0
0.843333 0 0 0 0
0.85 0 0 0 0
0.856667 0 0 0 0
0.863333 0 0 0 0
0.87 0 0 0 0
0.876667 0 0 0 0
0.883333 0 0 0 0
0.89 0 0 0 0
0.896667 0 0 0 0
0.903333 0 0 0 0
0.91 0 0 0 0
0.916667 0 0 0 0
0.923333 0 0 0 0
0.93 0 0 0 0
0.936667 0 0 0 0
0.943333 0 0 0 0
0.95 0 0 0 0
0.956667 0 0 0 0
0.963333 0 0 0 0
0.97 0 0 0 0
0.976667 0 0 0 0
0.983333 0 0 0 0
0.99 0 0 0 0
0.996667 0 0 0 0
1.00333 0 0 0 0
1.01 0 0 0 0
1.01667 0 0 0 0
1.02333 0 0 0 0
1.03 0 0 0 0
1.03667 0 0 0 0
1.04333 0 0 0 0
1.05 0 0 0 0
1.05667 0 0 0 0
1.06333 0 0 0 0
1.07 0 0 0 0
1.07667 0 0 0 0
1.08333 0 0 0 0
1.09 0 0 0 0
1.09667 0 0 0 0
1.10333 0 0 0 0
1.11 0 0 0 0
1.11667 0 0 0 0
1.12333 0 0 0 0
1.13 0 0 0 0
1.13667 0 0 0 0
1.14333 0 0 0 0
1.15 0 0 0 0
1.15667 0 0 0 0
1.16333 0 0 0 0
1.17 0 0 0 0
1.17667 0 0 0 0
1.18333 0 0 0 0
1.19 0 0 0 0
1.19667 0 0 0 0
1.20333 0 0 0 0
1.21 0 0 0 0
1.21667 0 0 0 0
1.22333 0 0 0 0
1.23 0 0 0 0
1.23667 0 0 0 0
1.24333 0 0 0 0
1.25 0 0 0 0
1.25667 0 0 0 0
1.26333 0 0 0 0
1.27 0 0 0 0
1.27667 0 0 0 0
1.28333 0 0 0 0
1.29 0 0 0 0
1.29667 0 0 0 0
1.30333 0 0 0 0
1.31 0 0 0 0
1.31667 0 0 0 0
1.32333 0 0 0 0
1.33 0 0 0 0
1.33667 0 0 0 0
1.34333 0 0 0 0
1.35 0 0 0 0
1.35667 0 0 0 0
1.36333 0 0 0 0
1.37 0 0 0 0
1.37667 0 0 0 0
1.38333 0 0 0 0
1.39 0 0 0 0
1.39667 0 0 0 0
1.40333 0 0 0 0
1.41 0 0 0 0
1.41667 0 0 0 0
1.42333 0 0 0 0
1.43 0 0 0 0
1.43667 0 0 0 0
1.44333 0 0 0 0
1.45 0 0 0 0
1.45667 0 0 0 0
1.46333 0 0 0 0
1.47 0 0 0 0
1.47667 0 0 0 0
1.48333 0 0 0 0
1.49 0 0 0 0
1.49667 0 0 0 0
1.50333 0 0 0 0
1.51 0 0 0 0
1.51667 0 0 0 0
1.52333 0 0 0 0
1.53 0 0 0 0
1.53667 0 0 0 0
1.54333 0 0 0 0
1.55 0 0 0 0
1.55667 0 0 0 0
1.56333 0 0 0 0
1.57 0 0 0 0
1.57667 0 0 0 0
1.58333 0 0 0 0
1.59 0 0 0 0
1.59667 0 0 0 0
1.60333 0 0 0 0
1.61 0 0 0 0
1.61667 0 0 0 0
1.62333 0 0 0 0
1.63 0 0 0 0
1.63667 0 0 0 0
1.64333 0 0 0 0
1.65 0 0 0 0
1.65667 0 0 0 0
1.66333 0 0 0 0
1.67 0 0 0 0
1.67667 0 0 0 0
1.68333 0 0 0 0
1.69 0 0 0 0
1.69667 0 0 0 0
1.70333 0 0 0 0
1.71 0 0 0 0
1.71667 0 0 0 0
1.72333 0 0 0 0
1.73 0 0 0 0
1.73667 0 0 0 0
1.74333 0 0 0 0
1.75 0 0 0 0
1.75667 0 0 0 0
1.76333 0 0 0 0
1.77 0 0 0 0
1.77667 0 0 0 0
1.78333 0 0 0 0
1.79 0 0 0 0
1.79667 0 0 0 0
1.80333 0 0 0 0
1.81 0 0 0 0
1.81667 0 0 0 0
1.82333 0 0 0 0
1.83 0 0 0 0
1.83667 0 0 0 0
1.84333 0 0 0 0
1.85 0 0 0 0
1.85667 0 0 0 0
1.86333 0 0 0 0
1.87 0 0 0 0
1.87667 0 0 0 0
1.88333 0 0 0 0
1.89 0 0 0 0
1.89667 0 0 0 0
1.90333 0 0 0 0
1.91 0 0 0 0
1.91667 0 0 0 0
1.92333 0 0 0 0
1.93 0 0 0 0
1.93667 0 0 0 0
1.94333 0 0 0 0
1.95 0 0 0 0
1.95667 0 0 0 0
1.96333 0 0 0 0
1.97 0 0 0 0
1.97667 0 0 0 0
1.98333 0 0 0 0
1.99 0 0 0 0
1.99667 0 0 0 0
