0.00333333 0 3 27 40
0.01 1 9 29 43
0.0166667 1 5 33 56
0.0233333 2 5 52 51
0.03 0 9 57 52
0.0366667 2 10 58 75
0.0433333 3 13 92 82
0.05 7 5 114 105
0.0566667 3 12 135 102
0.0633333 4 11 171 115
0.07 6 13 146 142
0.0766667 5 17 160 132
0.0833333 7 17 143 149
0.09 6 24 141 135
0.0966667 7 13 156 138
0.103333 8 9 151 149
0.11 8 16 172 135
0.116667 5 14 149 148
0.123333 6 16 127 138
0.13 5 9 141 128
0.136667 3 12 118 109
0.143333 7 10 139 150
0.15 3 14 126 139
0.156667 3 5 104 102
0.163333 5 13 106 107
0.17 5 8 119 126
0.176667 8 11 123 107
0.183333 4 14 104 118
0.19 4 15 128 172
0.196667 6 12 110 129
0.203333 7 10 102 123
0.21 3 9 106 108
0.216667 5 11 99 109
0.223333 7 4 73 113
0.23 5 12 87 93
0.236667 2 6 76 106
0.243333 10 7 87 92
0.25 3 9 83 109
0.256667 5 7 80 77
0.263333 6 3 85 65
0.27 1 9 66 83
0.276667 3 6 60 87
0.283333 1 6 75 65
0.29 4 6 52 81
0.296667 2 10 66 72
0.303333 5 10 63 64
0.31 3 7 56 60
0.316667 2 4 60 72
0.323333 3 5 58 61
0.33 4 6 51 61
0.336667 3 5 58 46
0.343333 1 6 51 59
0.35 2 3 55 44
0.356667 0 8 42 44
0.363333 2 3 36 56
0.37 4 1 59 46
0.376667 3 3 47 53
0.383333 2 5 44 56
0.39 4 4 49 54
0.396667 3 5 49 52
0.403333 5 7 42 51
0.41 5 6 25 41
0.416667 3 8 46 59
0.423333 2 7 36 48
0.43 0 1 36 45
0.436667 2 2 37 45
0.443333 4 6 45 44
0.45 0 4 53 51
0.456667 0 5 48 47
0.463333 2 2 40 44
0.47 1 3 34 40
0.476667 3 8 41 36
0.483333 2 1 30 25
0.49 4 8 23 34
0.496667 0 3 23 20
0.503333 3 5 32 24
0.51 1 1 23 34
0.516667 1 5 20 23
0.523333 3 1 22 30
0.53 3 4 27 27
0.536667 1 1 19 17
0.543333 2 5 19 15
0.55 1 7 13 24
0.556667 2 6 18 21
0.563333 2 2 18 23
0.57 3 6 22 22
0.576667 1 2 18 5
0.583333 2 5 16 25
0.59 3 2 16 20
0.596667 0 2 17 28
0.603333 1 2 21 29
0.61 3 0 25 30
0.616667 2 3 21 27
0.623333 1 6 15 15
0.63 0 3 17 18
0.636667 1 5 27 20
0.643333 2 4 20 13
0.65 1 0 18 24
0.656667 3 6 19 20
0.663333 54 68 912 1389
0.67 0 0 0 0
0.676667 0 0 0 0
0.683333 0 0 0 0
0.69 0 0 0 0
0.696667 0 0 0 0
0.703333 0 0 0 0
0.71 0 0 0 0
0.716667 0 0 0 0
0.723333 0 0 0 0
0.73 0 0 0 0
0.736667 0 0 0 0
0.743333 0 0 0 0
0.75 0 0 0 0
0.756667 0 0 0 0
0.763333 0 0 0 0
0.77 0 0 0 0
0.776667 0 0 0 0
0.783333 0 0 0 0
0.79 0 0 0 0
0.796667 0 0 0 0
0.803333 0 0 0 0
0.81 0 0 0 0
0.816667 0 0 0 0
0.823333 0 0 0 0
0.83 0 0 0 0
0.836667 0 0 0 0
0.843333 0 0 0 0
0.85 0 0 0 0
0.856667 0 0 0 0
0.863333 0 0 0 0
0.87 0 0 0 0
0.876667 0 0 0 0
0.883333 0 0 0 0
0.89 0 0 0 0
0.896667 0 0 0 0
0.903333 0 0 0 0
0.91 0 0 0 0
0.916667 0 0 0 0
0.923333 0 0 0 0
0.93 0 0 0 0
0.936667 0 0 0 0
0.943333 0 0 0 0
0.95 0 0 0 0
0.956667 0 0 0 0
0.963333 0 0 0 0
0.97 0 0 0 0
0.976667 0 0 0 0
0.983333 0 0 0 0
0.99 0 0 0 0
0.996667 0 0 0 0
1.00333 0 0 0 0
1.01 0 0 0 0
1.01667 0 0 0 0
1.02333 0 0 0 0
1.03 0 0 0 0
1.03667 0 0 0 0
1.04333 0 0 0 0
1.05 0 0 0 0
1.05667 0 0 0 0
1.06333 0 0 0 0
1.07 0 0 0 0
1.07667 0 0 0 0
1.08333 0 0 0 0
1.09 0 0 0 0
1.09667 0 0 0 0
1.10333 0 0 0 0
1.11 0 0 0 0
1.11667 0 0 0 0
1.12333 0 0 0 0
1.13 0 0 0 0
1.13667 0 0 0 0
1.14333 0 0 0 0
1.15 0 0 0 0
1.15667 0 0 0 0
1.16333 0 0 0 0
1.17 0 0 0 0
1.17667 0 0 0 0
1.18333 0 0 0 0
1.19 0 0 0 0
1.19667 0 0 0 0
1.20333 0 0 0 0
1.21 0 0 0 0
1.21667 0 0 0 0
1.22333 0 0 0 0
1.23 0 0 0 0
1.23667 0 0 0 0
1.24333 0 0 0 0
1.25 0 0 0 0
1.25667 0 0 0 0
1.26333 0 0 0 0
1.27 0 0 0 0
1.27667 0 0 0 0
1.28333 0 0 0 0
1.29 0 0 0 0
1.29667 0 0 0 0
1.30333 0 0 0 0
1.31 0 0 0 0
1.31667 0 0 0 0
1.32333 0 0 0 0
1.33 0 0 0 0
1.33667 0 0 0 0
1.34333 0 0 0 0
1.35 0 0 0 0
1.35667 0 0 0 0
1.36333 0 0 0 0
1.37 0 0 0 0
1.37667 0 0 0 0
1.38333 0 0 0 0
1.39 0 0 0 0
1.39667 0 0 0 0
1.40333 0 0 0 0
1.41 0 0 0 0
1.41667 0 0 0 0
1.42333 0 0 0 0
1.43 0 0 0 0
1.43667 0 0 0 0
1.44333 0 0 0 0
1.45 0 0 0 0
1.45667 0 0 0 0
1.46333 0 0 0 0
1.47 0 0 0 0
1.47667 0 0 0 0
1.48333 0 0 0 0
1.49 0 0 0 0
1.49667 0 0 0 0
1.50333 0 0 0 0
1.51 0 0 0 0
1.51667 0 0 0 0
1.52333 0 0 0 0
1.53 0 0 0 0
1.53667 0 0 0 0
1.54333 0 0 0 0
1.55 0 0 0 0
1.55667 0 0 0 0
1.56333 0 0 0 0
1.57 0 0 0 0
1.57667 0 0 0 0
1.58333 0 0 0 0
1.59 0 0 0 0
1.59667 0 0 0 0
1.60333 0 0 0 0
1.61 0 0 0 0
1.61667 0 0 0 0
1.62333 0 0 0 0
1.63 0 0 0 0
1.63667 0 0 0 0
1.64333 0 0 0 0
1.65 0 0 0 0
1.65667 0 0 0 0
1.66333 0 0 0 0
1.67 0 0 0 0
1.67667 0 0 0 0
1.68333 0 0 0 0
1.69 0 0 0 0
1.69667 0 0 0 0
1.70333 0 0 0 0
1.71 0 0 0 0
1.71667 0 0 0 0
1.72333 0 0 0 0
1.73 0 0 0 0
1.73667 0 0 0 0
1.74333 0 0 0 0
1.75 0 0 0 0
1.75667 0 0 0 0
1.76333 0 0 0 0
1.77 0 0 0 0
1.77667 0 0 0 0
1.78333 0 0 0 0
1.79 0 0 0 0
1.79667 0 0 0 0
1.80333 0 0 0 0
1.81 0 0 0 0
1.81667 0 0 0 0
1.82333 0 0 0 0
1.83 0 0 0 0
1.83667 0 0 0 0
1.84333 0 0 0 0
1.85 0 0 0 0
1.85667 0 0 0 0
1.86333 0 0 0 0
1.87 0 0 0 0
1.87667 0 0 0 0
1.88333 0 0 0 0
1.89 0 0 0 0
1.89667 0 0 0 0
1.90333 0 0 0 0
1.91 0 0 0 0
1.91667 0 0 0 0
1.92333 0 0 0 0
1.93 0 0 0 0
1.93667 0 0 0 0
1.94333 0 0 0 0
1.95 0 0 0 0
1.95667 0 0 0 0
1.96333 0 0 0 0
1.97 0 0 0 0
1.97667 0 0 0 0
1.98333 0 0 0 0
1.99 0 0 0 0
1.99667 0 0 0 0
