0.00333333 9 25 23 0
0.01 6 31 21 4
0.0166667 4 32 25 2
0.0233333 8 37 27 3
0.03 5 22 21 1
0.0366667 10 30 39 1
0.0433333 23 50 41 4
0.05 26 74 34 8
0.0566667 22 105 40 7
0.0633333 27 117 45 6
0.07 30 95 57 5
0.0766667 22 100 59 5
0.0833333 29 99 68 7
0.09 22 110 73 12
0.0966667 30 111 58 6
0.103333 25 95 83 6
0.11 24 85 68 8
0.116667 25 98 73 5
0.123333 33 100 64 3
0.13 15 88 67 4
0.136667 23 94 51 4
0.143333 29 87 52 9
0.15 18 85 50 5
0.156667 19 98 43 2
0.163333 18 90 46 3
0.17 20 78 55 3
0.176667 16 72 53 3
0.183333 11 59 72 8
0.19 14 70 98 3
0.196667 27 61 90 3
0.203333 20 68 67 4
0.21 14 65 59 5
0.216667 17 58 50 5
0.223333 18 54 52 1
0.23 11 65 44 5
0.236667 15 59 44 3
0.243333 9 41 54 2
0.25 14 39 40 5
0.256667 10 61 44 2
0.263333 18 50 44 2
0.27 6 54 31 4
0.276667 15 44 42 7
0.283333 8 39 36 1
0.29 9 46 37 3
0.296667 9 50 32 2
0.303333 16 42 43 3
0.31 7 46 26 2
0.316667 13 38 39 2
0.323333 16 43 30 2
0.33 12 42 43 1
0.336667 11 39 35 5
0.343333 16 38 30 1
0.35 9 44 37 0
0.356667 6 36 40 5
0.363333 13 36 34 0
0.37 8 37 31 3
0.376667 14 36 37 1
0.383333 10 27 36 2
0.39 7 30 28 2
0.396667 10 45 28 0
0.403333 9 34 35 1
0.41 12 32 36 1
0.416667 10 30 26 2
0.423333 9 27 18 0
0.43 9 22 34 1
0.436667 7 33 16 4
0.443333 7 35 30 3
0.45 7 34 26 0
0.456667 9 40 37 2
0.463333 7 35 47 1
0.47 7 18 32 2
0.476667 8 29 27 3
0.483333 9 21 19 2
0.49 4 26 12 0
0.496667 4 23 9 0
0.503333 10 13 5 1
0.51 5 27 13 3
0.516667 4 23 10 2
0.523333 7 14 9 1
0.53 9 19 20 3
0.536667 2 19 8 0
0.543333 5 22 13 4
0.55 2 13 19 0
0.556667 3 12 17 2
0.563333 9 20 12 2
0.57 3 19 15 2
0.576667 7 14 16 1
0.583333 3 17 9 5
0.59 5 21 13 0
0.596667 2 16 10 0
0.603333 3 11 15 1
0.61 2 16 7 3
0.616667 4 21 9 2
0.623333 3 12 5 0
0.63 5 11 15 0
0.636667 2 26 20 0
0.643333 3 16 11 1
0.65 2 11 1 3
0.656667 9 10 7 1
0.663333 115 647 1223 19
0.67 0 0 0 0
0.676667 0 0 0 0
0.683333 0 0 0 0
0.69 0 0 0 0
0.696667 0 0 0 0
0.703333 0 0 0 0
0.71 0 0 0 0
0.716667 0 0 0 0
0.723333 0 0 0 0
0.73 0 0 0 0
0.736667 0 0 0 0
0.743333 0 0 0 0
0.75 0 0 0 0
0.756667 0 0 0 0
0.763333 0 0 0 0
0.77 0 0 0 0
0.776667 0 0 0 0
0.783333 0 0 0 0
0.79 0 0 0 0
0.796667 0 0 0 0
0.803333 0 0 0 0
0.81 0 0 0 0
0.816667 0 0 0 0
0.823333 0 0 0 0
0.83 0 0 0 0
0.836667 0 0 0 0
0.843333 0 0 0 0
0.85 0 0 0 0
0.856667 0 0 0 0
0.863333 0 0 0 0
0.87 0 0 0 0
0.876667 0 0 0 0
0.883333 0 0 0 0
0.89 0 0 0 0
0.896667 0 0 0 0
0.903333 0 0 0 0
0.91 0 0 0 0
0.916667 0 0 0 0
0.923333 0 0 0 0
0.93 0 0 0 0
0.936667 0 0 0 0
0.943333 0 0 0 0
0.95 0 0 0 0
0.956667 0 0 0 0
0.963333 0 0 0 0
0.97 0 0 0 0
0.976667 0 0 0 0
0.983333 0 0 0 0
0.99 0 0 0 0
0.996667 0 0 0 0
1.00333 0 0 0 0
1.01 0 0 0 0
1.01667 0 0 0 0
1.02333 0 0 0 0
1.03 0 0 0 0
1.03667 0 0 0 0
1.04333 0 0 0 0
1.05 0 0 0 0
1.05667 0 0 0 0
1.06333 0 0 0 0
1.07 0 0 0 0
1.07667 0 0 0 0
1.08333 0 0 0 0
1.09 0 0 0 0
1.09667 0 0 0 0
1.10333 0 0 0 0
1.11 0 0 0 0
1.11667 0 0 0 0
1.12333 0 0 0 0
1.13 0 0 0 0
1.13667 0 0 0 0
1.14333 0 0 0 0
1.15 0 0 0 0
1.15667 0 0 0 0
1.16333 0 0 0 0
1.17 0 0 0 0
1.17667 0 0 0 0
1.18333 0 0 0 0
1.19 0 0 0 0
1.19667 0 0 0 0
1.20333 0 0 0 0
1.21 0 0 0 0
1.21667 0 0 0 0
1.22333 0 0 0 0
1.23 0 0 0 0
1.23667 0 0 0 0
1.24333 0 0 0 0
1.25 0 0 0 0
1.25667 0 0 0 0
1.26333 0 0 0 0
1.27 0 0 0 0
1.27667 0 0 0 0
1.28333 0 0 0 0
1.29 0 0 0 0
1.29667 0 0 0 0
1.30333 0 0 0 0
1.31 0 0 0 0
1.31667 0 0 0 0
1.32333 0 0 0 0
1.33 0 0 0 0
1.33667 0 0 0 0
1.34333 0 0 0 0
1.35 0 0 0 0
1.35667 0 0 0 0
1.36333 0 0 0 0
1.37 0 0 0 0
1.37667 0 0 0 0
1.38333 0 0 0 0
1.39 0 0 0 0
1.39667 0 0 0 0
1.40333 0 0 0 0
1.41 0 0 0 0
1.41667 0 0 0 0
1.42333 0 0 0 0
1.43 0 0 0 0
1.43667 0 0 0 0
1.44333 0 0 0 0
1.45 0 0 0 0
1.45667 0 0 0 0
1.46333 0 0 0 0
1.47 0 0 0 0
1.47667 0 0 0 0
1.48333 0 0 0 0
1.49 0 0 0 0
1.49667 0 0 0 0
1.50333 0 0 0 0
1.51 0 0 0 0
1.51667 0 0 0 0
1.52333 0 0 0 0
1.53 0 0 0 0
1.53667 0 0 0 0
1.54333 0 0 0 0
1.55 0 0 0 0
1.55667 0 0 0 0
1.56333 0 0 0 0
1.57 0 0 0 0
1.57667 0 0 0 0
1.58333 0 0 0 0
1.59 0 0 0 0
1.59667 0 0 0 0
1.60333 0 0 0 0
1.61 0 0 0 0
1.61667 0 0 0 0
1.62333 0 0 0 0
1.63 0 0 0 0
1.63667 0 0 0 0
1.64333 0 0 0 0
1.65 0 0 0 0
1.65667 0 0 0 0
1.66333 0 0 0 0
1.67 0 0 0 0
1.67667 0 0 0 0
1.68333 0 0 0 0
1.69 0 0 0 0
1.69667 0 0 0 0
1.70333 0 0 0 0
1.71 0 0 0 0
1.71667 0 0 0 0
1.72333 0 0 0 0
1.73 0 0 0 0
1.73667 0 0 0 0
1.74333 0 0 0 0
1.75 0 0 0 0
1.75667 0 0 0 0
1.76333 0 0 0 0
1.77 0 0 0 0
1.77667 0 0 0 0
1.78333 0 0 0 0
1.79 0 0 0 0
1.79667 0 0 0 0
1.80333 0 0 0 0
1.81 0 0 0 0
1.81667 0 0 0 0
1.82333 0 0 0 0
1.83 0 0 0 0
1.83667 0 0 0 0
1.84333 0 0 0 0
1.85 0 0 0 0
1.85667 0 0 0 0
1.86333 0 0 0 0
1.87 0 0 0 0
1.87667 0 0 0 0
1.88333 0 0 0 0
1.89 0 0 0 0
1.89667 0 0 0 0
1.90333 0 0 0 0
1.91 0 0 0 0
1.91667 0 0 0 0
1.92333 0 0 0 0
1.93 0 0 0 0
1.93667 0 0 0 0
1.94333 0 0 0 0
1.95 0 0 0 0
1.95667 0 0 0 0
1.96333 0 0 0 0
1.97 0 0 0 0
1.97667 0 0 0 0
1.98333 0 0 0 0
1.99 0 0 0 0
1.99667 0 0 0 0
