0.00333333 9 20 26 3
0.01 10 24 24 2
0.0166667 4 24 25 3
0.0233333 6 32 28 0
0.03 8 20 36 1
0.0366667 7 31 40 2
0.0433333 18 31 35 1
0.05 17 60 39 5
0.0566667 17 65 39 7
0.0633333 15 91 51 6
0.07 20 72 59 6
0.0766667 15 85 48 5
0.0833333 15 74 51 5
0.09 15 62 65 7
0.0966667 18 69 46 6
0.103333 18 65 63 7
0.11 18 67 72 7
0.116667 19 73 70 6
0.123333 21 64 60 3
0.13 14 57 55 3
0.136667 17 62 58 5
0.143333 24 50 47 6
0.15 8 66 52 2
0.156667 14 73 46 1
0.163333 15 49 34 3
0.17 11 58 59 1
0.176667 13 46 46 0
0.183333 13 48 65 3
0.19 11 46 82 3
0.196667 20 51 70 0
0.203333 15 46 79 5
0.21 11 42 55 2
0.216667 12 39 60 3
0.223333 9 34 49 3
0.23 11 38 49 5
0.236667 11 35 51 2
0.243333 11 25 33 2
0.25 4 37 52 1
0.256667 9 48 45 1
0.263333 15 43 47 7
0.27 8 30 45 1
0.276667 9 34 41 1
0.283333 8 39 47 0
0.29 8 33 38 0
0.296667 7 35 40 1
0.303333 10 37 41 2
0.31 6 37 35 2
0.316667 9 24 38 2
0.323333 13 28 41 1
0.33 8 25 44 3
0.336667 11 26 40 1
0.343333 6 29 40 5
0.35 7 37 38 0
0.356667 5 27 49 3
0.363333 9 24 34 3
0.37 6 20 39 0
0.376667 10 23 33 1
0.383333 11 22 39 2
0.39 6 21 36 2
0.396667 13 39 30 0
0.403333 8 31 34 0
0.41 12 18 38 2
0.416667 9 20 39 4
0.423333 8 23 28 0
0.43 9 22 33 4
0.436667 7 29 27 4
0.443333 5 21 24 1
0.45 10 19 35 0
0.456667 6 22 30 0
0.463333 6 31 31 0
0.47 7 17 37 2
0.476667 6 20 29 4
0.483333 5 11 17 1
0.49 4 16 10 0
0.496667 4 16 12 0
0.503333 8 12 11 0
0.51 6 17 12 3
0.516667 1 12 16 1
0.523333 4 9 12 3
0.53 9 16 13 1
0.536667 1 10 14 1
0.543333 2 16 11 5
0.55 3 13 8 0
0.556667 1 10 13 0
0.563333 4 19 10 2
0.57 6 17 6 1
0.576667 5 12 7 2
0.583333 1 12 3 3
0.59 3 13 6 0
0.596667 1 16 8 0
0.603333 2 10 2 1
0.61 1 12 3 2
0.616667 4 17 2 1
0.623333 3 12 3 0
0.63 4 14 1 0
0.636667 3 20 8 0
0.643333 1 16 6 3
0.65 3 9 5 2
0.656667 9 13 2 1
0.663333 90 517 1796 24
0.67 0 0 0 0
0.676667 0 0 0 0
0.683333 0 0 0 0
0.69 0 0 0 0
0.696667 0 0 0 0
0.703333 0 0 0 0
0.71 0 0 0 0
0.716667 0 0 0 0
0.723333 0 0 0 0
0.73 0 0 0 0
0.736667 0 0 0 0
0.743333 0 0 0 0
0.75 0 0 0 0
0.756667 0 0 0 0
0.763333 0 0 0 0
0.77 0 0 0 0
0.776667 0 0 0 0
0.783333 0 0 0 0
0.79 0 0 0 0
0.796667 0 0 0 0
0.803333 0 0 0 0
0.81 0 0 0 0
0.816667 0 0 0 0
0.823333 0 0 0 0
0.83 0 0 0 0
0.836667 0 0 0 0
0.843333 0 0 0 0
0.85 0 0 0 0
0.856667 0 0 0 0
0.863333 0 0 0 0
0.87 0 0 0 0
0.876667 0 0 0 0
0.883333 0 0 0 0
0.89 0 0 0 0
0.896667 0 0 0 0
0.903333 0 0 0 0
0.91 0 0 0 0
0.916667 0 0 0 0
0.923333 0 0 0 0
0.93 0 0 0 0
0.936667 0 0 0 0
0.943333 0 0 0 0
0.95 0 0 0 0
0.956667 0 0 0 0
0.963333 0 0 0 0
0.97 0 0 0 0
0.976667 0 0 0 0
0.983333 0 0 0 0
0.99 0 0 0 0
0.996667 0 0 0 0
1.00333 0 0 0 0
1.01 0 0 0 0
1.01667 0 0 0 0
1.02333 0 0 0 0
1.03 0 0 0 0
1.03667 0 0 0 0
1.04333 0 0 0 0
1.05 0 0 0 0
1.05667 0 0 0 0
1.06333 0 0 0 0
1.07 0 0 0 0
1.07667 0 0 0 0
1.08333 0 0 0 0
1.09 0 0 0 0
1.09667 0 0 0 0
1.10333 0 0 0 0
1.11 0 0 0 0
1.11667 0 0 0 0
1.12333 0 0 0 0
1.13 0 0 0 0
1.13667 0 0 0 0
1.14333 0 0 0 0
1.15 0 0 0 0
1.15667 0 0 0 0
1.16333 0 0 0 0
1.17 0 0 0 0
1.17667 0 0 0 0
1.18333 0 0 0 0
1.19 0 0 0 0
1.19667 0 0 0 0
1.20333 0 0 0 0
1.21 0 0 0 0
1.21667 0 0 0 0
1.22333 0 0 0 0
1.23 0 0 0 0
1.23667 0 0 0 0
1.24333 0 0 0 0
1.25 0 0 0 0
1.25667 0 0 0 0
1.26333 0 0 0 0
1.27 0 0 0 0
1.27667 0 0 0 0
1.28333 0 0 0 0
1.29 0 0 0 0
1.29667 0 0 0 0
1.30333 0 0 0 0
1.31 0 0 0 0
1.31667 0 0 0 0
1.32333 0 0 0 0
1.33 0 0 0 0
1.33667 0 0 0 0
1.34333 0 0 0 0
1.35 0 0 0 0
1.35667 0 0 0 0
1.36333 0 0 0 0
1.37 0 0 0 0
1.37667 0 0 0 0
1.38333 0 0 0 0
1.39 0 0 0 0
1.39667 0 0 0 0
1.40333 0 0 0 0
1.41 0 0 0 0
1.41667 0 0 0 0
1.42333 0 0 0 0
1.43 0 0 0 0
1.43667 0 0 0 0
1.44333 0 0 0 0
1.45 0 0 0 0
1.45667 0 0 0 0
1.46333 0 0 0 0
1.47 0 0 0 0
1.47667 0 0 0 0
1.48333 0 0 0 0
1.49 0 0 0 0
1.49667 0 0 0 0
1.50333 0 0 0 0
1.51 0 0 0 0
1.51667 0 0 0 0
1.52333 0 0 0 0
1.53 0 0 0 0
1.53667 0 0 0 0
1.54333 0 0 0 0
1.55 0 0 0 0
1.55667 0 0 0 0
1.56333 0 0 0 0
1.57 0 0 0 0
1.57667 0 0 0 0
1.58333 0 0 0 0
1.59 0 0 0 0
1.59667 0 0 0 0
1.60333 0 0 0 0
1.61 0 0 0 0
1.61667 0 0 0 0
1.62333 0 0 0 0
1.63 0 0 0 0
1.63667 0 0 0 0
1.64333 0 0 0 0
1.65 0 0 0 0
1.65667 0 0 0 0
1.66333 0 0 0 0
1.67 0 0 0 0
1.67667 0 0 0 0
1.68333 0 0 0 0
1.69 0 0 0 0
1.69667 0 0 0 0
1.70333 0 0 0 0
1.71 0 0 0 0
1.71667 0 0 0 0
1.72333 0 0 0 0
1.73 0 0 0 0
1.73667 0 0 0 0
1.74333 0 0 0 0
1.75 0 0 0 0
1.75667 0 0 0 0
1.76333 0 0 0 0
1.77 0 0 0 0
1.77667 0 0 0 0
1.78333 0 0 0 0
1.79 0 0 0 0
1.79667 0 0 0 0
1.80333 0 0 0 0
1.81 0 0 0 0
1.81667 0 0 0 0
1.82333 0 0 0 0
1.83 0 0 0 0
1.83667 0 0 0 0
1.84333 0 0 0 0
1.85 0 0 0 0
1.85667 0 0 0 0
1.86333 0 0 0 0
1.87 0 0 0 0
1.87667 0 0 0 0
1.88333 0 0 0 0
1.89 0 0 0 0
1.89667 0 0 0 0
1.90333 0 0 0 0
1.91 0 0 0 0
1.91667 0 0 0 0
1.92333 0 0 0 0
1.93 0 0 0 0
1.93667 0 0 0 0
1.94333 0 0 0 0
1.95 0 0 0 0
1.95667 0 0 0 0
1.96333 0 0 0 0
1.97 0 0 0 0
1.97667 0 0 0 0
1.98333 0 0 0 0
1.99 0 0 0 0
1.99667 0 0 0 0
