0.00333333 4 33 29 6
0.01 10 33 28 4
0.0166667 12 34 24 5
0.0233333 14 35 34 3
0.03 12 38 36 2
0.0366667 10 43 41 7
0.0433333 16 85 52 6
0.05 30 98 49 12
0.0566667 28 121 83 15
0.0633333 37 110 78 18
0.07 35 148 77 17
0.0766667 42 114 95 11
0.0833333 37 143 93 13
0.09 33 114 95 14
0.0966667 37 131 87 17
0.103333 38 120 96 13
0.11 29 126 89 20
0.116667 30 128 98 13
0.123333 26 109 72 9
0.13 20 97 80 8
0.136667 34 106 89 12
0.143333 30 94 74 10
0.15 21 96 72 15
0.156667 25 74 63 9
0.163333 19 68 60 11
0.17 33 89 67 14
0.176667 25 77 72 12
0.183333 30 80 65 13
0.19 25 77 73 13
0.196667 24 86 79 9
0.203333 24 69 58 5
0.21 27 66 64 9
0.216667 18 56 55 9
0.223333 22 86 69 9
0.23 17 57 52 7
0.236667 17 68 58 5
0.243333 19 48 61 5
0.25 19 55 46 5
0.256667 14 55 47 9
0.263333 12 49 49 9
0.27 11 59 43 9
0.276667 10 60 46 3
0.283333 7 51 48 6
0.29 14 52 31 6
0.296667 16 51 42 9
0.303333 12 49 45 7
0.31 22 50 34 5
0.316667 12 45 36 2
0.323333 12 58 41 11
0.33 9 42 37 4
0.336667 20 37 34 8
0.343333 9 35 26 5
0.35 12 42 26 5
0.356667 10 42 27 5
0.363333 13 26 29 6
0.37 9 34 21 3
0.376667 7 18 25 11
0.383333 16 40 25 10
0.39 7 35 23 3
0.396667 9 37 19 5
0.403333 8 34 31 6
0.41 8 38 27 7
0.416667 14 30 25 6
0.423333 9 24 39 3
0.43 8 36 27 5
0.436667 12 28 24 5
0.443333 8 34 25 1
0.45 6 31 16 1
0.456667 7 24 26 7
0.463333 7 30 24 3
0.47 10 27 35 3
0.476667 13 18 24 1
0.483333 9 10 11 4
0.49 9 21 17 6
0.496667 9 21 22 5
0.503333 5 16 22 4
0.51 6 19 24 2
0.516667 8 23 14 2
0.523333 4 14 11 2
0.53 4 16 15 1
0.536667 2 16 13 2
0.543333 3 13 16 7
0.55 2 21 12 3
0.556667 4 17 12 6
0.563333 6 14 13 5
0.57 5 20 20 5
0.576667 10 9 14 3
0.583333 4 10 13 7
0.59 8 15 10 2
0.596667 5 14 21 2
0.603333 4 17 14 2
0.61 3 9 12 4
0.616667 3 16 13 2
0.623333 6 9 6 2
0.63 7 15 11 3
0.636667 5 14 12 3
0.643333 9 9 19 4
0.65 7 12 9 3
0.656667 1 16 13 1
0.663333 167 583 658 48
0.67 0 0 0 0
0.676667 0 0 0 0
0.683333 0 0 0 0
0.69 0 0 0 0
0.696667 0 0 0 0
0.703333 0 0 0 0
0.71 0 0 0 0
0.716667 0 0 0 0
0.723333 0 0 0 0
0.73 0 0 0 0
0.736667 0 0 0 0
0.743333 0 0 0 0
0.75 0 0 0 0
0.756667 0 0 0 0
0.763333 0 0 0 0
0.77 0 0 0 0
0.776667 0 0 0 0
0.783333 0 0 0 0
0.79 0 0 0 0
0.796667 0 0 0 0
0.803333 0 0 0 0
0.81 0 0 0 0
0.816667 0 0 0 0
0.823333 0 0 0 0
0.83 0 0 0 0
0.836667 0 0 0 0
0.843333 0 0 0 0
0.85 0 0 0 0
0.856667 0 0 0 0
0.863333 0 0 0 0
0.87 0 0 0 0
0.876667 0 0 0 0
0.883333 0 0 0 0
0.89 0 0 0 0
0.896667 0 0 0 0
0.903333 0 0 0 0
0.91 0 0 0 0
0.916667 0 0 0 0
0.923333 0 0 0 0
0.93 0 0 0 0
0.936667 0 0 0 0
0.943333 0 0 0 0
0.95 0 0 0 0
0.956667 0 0 0 0
0.963333 0 0 0 0
0.97 0 0 0 0
0.976667 0 0 0 0
0.983333 0 0 0 0
0.99 0 0 0 0
0.996667 0 0 0 0
1.00333 0 0 0 0
1.01 0 0 0 0
1.01667 0 0 0 0
1.02333 0 0 0 0
1.03 0 0 0 0
1.03667 0 0 0 0
1.04333 0 0 0 0
1.05 0 0 0 0
1.05667 0 0 0 0
1.06333 0 0 0 0
1.07 0 0 0 0
1.07667 0 0 0 0
1.08333 0 0 0 0
1.09 0 0 0 0
1.09667 0 0 0 0
1.10333 0 0 0 0
1.11 0 0 0 0
1.11667 0 0 0 0
1.12333 0 0 0 0
1.13 0 0 0 0
1.13667 0 0 0 0
1.14333 0 0 0 0
1.15 0 0 0 0
1.15667 0 0 0 0
1.16333 0 0 0 0
1.17 0 0 0 0
1.17667 0 0 0 0
1.18333 0 0 0 0
1.19 0 0 0 0
1.19667 0 0 0 0
1.20333 0 0 0 0
1.21 0 0 0 0
1.21667 0 0 0 0
1.22333 0 0 0 0
1.23 0 0 0 0
1.23667 0 0 0 0
1.24333 0 0 0 0
1.25 0 0 0 0
1.25667 0 0 0 0
1.26333 0 0 0 0
1.27 0 0 0 0
1.27667 0 0 0 0
1.28333 0 0 0 0
1.29 0 0 0 0
1.29667 0 0 0 0
1.30333 0 0 0 0
1.31 0 0 0 0
1.31667 0 0 0 0
1.32333 0 0 0 0
1.33 0 0 0 0
1.33667 0 0 0 0
1.34333 0 0 0 0
1.35 0 0 0 0
1.35667 0 0 0 0
1.36333 0 0 0 0
1.37 0 0 0 0
1.37667 0 0 0 0
1.38333 0 0 0 0
1.39 0 0 0 0
1.39667 0 0 0 0
1.40333 0 0 0 0
1.41 0 0 0 0
1.41667 0 0 0 0
1.42333 0 0 0 0
1.43 0 0 0 0
1.43667 0 0 0 0
1.44333 0 0 0 0
1.45 0 0 0 0
1.45667 0 0 0 0
1.46333 0 0 0 0
1.47 0 0 0 0
1.47667 0 0 0 0
1.48333 0 0 0 0
1.49 0 0 0 0
1.49667 0 0 0 0
1.50333 0 0 0 0
1.51 0 0 0 0
1.51667 0 0 0 0
1.52333 0 0 0 0
1.53 0 0 0 0
1.53667 0 0 0 0
1.54333 0 0 0 0
1.55 0 0 0 0
1.55667 0 0 0 0
1.56333 0 0 0 0
1.57 0 0 0 0
1.57667 0 0 0 0
1.58333 0 0 0 0
1.59 0 0 0 0
1.59667 0 0 0 0
1.60333 0 0 0 0
1.61 0 0 0 0
1.61667 0 0 0 0
1.62333 0 0 0 0
1.63 0 0 0 0
1.63667 0 0 0 0
1.64333 0 0 0 0
1.65 0 0 0 0
1.65667 0 0 0 0
1.66333 0 0 0 0
1.67 0 0 0 0
1.67667 0 0 0 0
1.68333 0 0 0 0
1.69 0 0 0 0
1.69667 0 0 0 0
1.70333 0 0 0 0
1.71 0 0 0 0
1.71667 0 0 0 0
1.72333 0 0 0 0
1.73 0 0 0 0
1.73667 0 0 0 0
1.74333 0 0 0 0
1.75 0 0 0 0
1.75667 0 0 0 0
1.76333 0 0 0 0
1.77 0 0 0 0
1.77667 0 0 0 0
1.78333 0 0 0 0
1.79 0 0 0 0
1.79667 0 0 0 0
1.80333 0 0 0 0
1.81 0 0 0 0
1.81667 0 0 0 0
1.82333 0 0 0 0
1.83 0 0 0 0
1.83667 0 0 0 0
1.84333 0 0 0 0
1.85 0 0 0 0
1.85667 0 0 0 0
1.86333 0 0 0 0
1.87 0 0 0 0
1.87667 0 0 0 0
1.88333 0 0 0 0
1.89 0 0 0 0
1.89667 0 0 0 0
1.90333 0 0 0 0
1.91 0 0 0 0
1.91667 0 0 0 0
1.92333 0 0 0 0
1.93 0 0 0 0
1.93667 0 0 0 0
1.94333 0 0 0 0
1.95 0 0 0 0
1.95667 0 0 0 0
1.96333 0 0 0 0
1.97 0 0 0 0
1.97667 0 0 0 0
1.98333 0 0 0 0
1.99 0 0 0 0
1.99667 0 0 0 0
