0.00333333 110 24 0 5
0.01 105 27 0 3
0.0166667 122 28 0 0
0.0233333 120 18 0 4
0.03 114 24 0 2
0.0366667 114 23 1 1
0.0433333 126 35 1 0
0.05 123 28 0 1
0.0566667 130 39 1 1
0.0633333 120 29 0 2
0.07 134 27 2 1
0.0766667 150 27 1 2
0.0833333 137 45 1 4
0.09 154 43 1 7
0.0966667 153 45 0 1
0.103333 143 35 2 5
0.11 133 39 0 4
0.116667 175 46 0 4
0.123333 176 49 1 4
0.13 173 37 0 4
0.136667 167 39 0 1
0.143333 170 38 1 4
0.15 176 37 1 8
0.156667 161 35 1 6
0.163333 160 32 1 4
0.17 167 40 1 2
0.176667 157 42 1 3
0.183333 213 35 0 1
0.19 239 34 1 1
0.196667 243 43 0 4
0.203333 214 53 0 3
0.21 242 45 1 5
0.216667 234 43 1 3
0.223333 236 49 1 2
0.23 179 38 2 2
0.236667 206 47 0 5
0.243333 204 41 1 4
0.25 203 44 0 2
0.256667 193 44 1 8
0.263333 162 47 0 4
0.27 161 36 1 2
0.276667 177 40 0 2
0.283333 173 35 0 6
0.29 151 37 0 4
0.296667 152 38 0 6
0.303333 157 32 2 1
0.31 152 41 0 6
0.316667 137 26 2 2
0.323333 130 35 1 2
0.33 136 34 0 2
0.336667 132 32 0 2
0.343333 141 36 0 5
0.35 132 32 1 5
0.356667 134 32 1 5
0.363333 116 22 0 6
0.37 120 29 0 3
0.376667 139 25 0 4
0.383333 123 26 1 3
0.39 120 32 1 5
0.396667 115 27 0 1
0.403333 125 26 2 5
0.41 140 34 0 2
0.416667 122 34 2 4
0.423333 118 34 1 6
0.43 132 23 1 6
0.436667 130 36 1 8
0.443333 120 31 0 9
0.45 133 26 1 7
0.456667 112 21 0 3
0.463333 128 31 0 4
0.47 122 43 1 10
0.476667 111 32 0 1
0.483333 49 14 0 4
0.49 43 15 0 5
0.496667 36 16 0 2
0.503333 36 16 0 2
0.51 28 15 0 0
0.516667 24 9 0 2
0.523333 30 7 1 0
0.53 36 15 1 1
0.536667 19 10 0 3
0.543333 27 6 1 0
0.55 24 6 0 2
0.556667 22 12 1 0
0.563333 16 9 0 1
0.57 26 14 0 0
0.576667 26 10 0 0
0.583333 20 23 0 3
0.59 18 14 0 1
0.596667 20 10 0 1
0.603333 16 6 0 0
0.61 19 10 0 0
0.616667 17 15 0 0
0.623333 15 15 0 0
0.63 25 15 0 2
0.636667 31 12 0 1
0.643333 10 7 0 3
0.65 9 8 0 2
0.656667 10 13 0 1
0.663333 7776 1420 4 243
0.67 0 0 0 0
0.676667 0 0 0 0
0.683333 0 0 0 0
0.69 0 0 0 0
0.696667 0 0 0 0
0.703333 0 0 0 0
0.71 0 0 0 0
0.716667 0 0 0 0
0.723333 0 0 0 0
0.73 0 0 0 0
0.736667 0 0 0 0
0.743333 0 0 0 0
0.75 0 0 0 0
0.756667 0 0 0 0
0.763333 0 0 0 0
0.77 0 0 0 0
0.776667 0 0 0 0
0.783333 0 0 0 0
0.79 0 0 0 0
0.796667 0 0 0 0
0.803333 0 0 0 0
0.81 0 0 0 0
0.816667 0 0 0 0
0.823333 0 0 0 0
0.83 0 0 0 0
0.836667 0 0 0 0
0.843333 0 0 0 0
0.85 0 0 0 0
0.856667 0 0 0 0
0.863333 0 0 0 0
0.87 0 0 0 0
0.876667 0 0 0 0
0.883333 0 0 0 0
0.89 0 0 0 0
0.896667 0 0 0 0
0.903333 0 0 0 0
0.91 0 0 0 0
0.916667 0 0 0 0
0.923333 0 0 0 0
0.93 0 0 0 0
0.936667 0 0 0 0
0.943333 0 0 0 0
0.95 0 0 0 0
0.956667 0 0 0 0
0.963333 0 0 0 0
0.97 0 0 0 0
0.976667 0 0 0 0
0.983333 0 0 0 0
0.99 0 0 0 0
0.996667 0 0 0 0
1.00333 0 0 0 0
1.01 0 0 0 0
1.01667 0 0 0 0
1.02333 0 0 0 0
1.03 0 0 0 0
1.03667 0 0 0 0
1.04333 0 0 0 0
1.05 0 0 0 0
1.05667 0 0 0 0
1.06333 0 0 0 0
1.07 0 0 0 0
1.07667 0 0 0 0
1.08333 0 0 0 0
1.09 0 0 0 0
1.09667 0 0 0 0
1.10333 0 0 0 0
1.11 0 0 0 0
1.11667 0 0 0 0
1.12333 0 0 0 0
1.13 0 0 0 0
1.13667 0 0 0 0
1.14333 0 0 0 0
1.15 0 0 0 0
1.15667 0 0 0 0
1.16333 0 0 0 0
1.17 0 0 0 0
1.17667 0 0 0 0
1.18333 0 0 0 0
1.19 0 0 0 0
1.19667 0 0 0 0
1.20333 0 0 0 0
1.21 0 0 0 0
1.21667 0 0 0 0
1.22333 0 0 0 0
1.23 0 0 0 0
1.23667 0 0 0 0
1.24333 0 0 0 0
1.25 0 0 0 0
1.25667 0 0 0 0
1.26333 0 0 0 0
1.27 0 0 0 0
1.27667 0 0 0 0
1.28333 0 0 0 0
1.29 0 0 0 0
1.29667 0 0 0 0
1.30333 0 0 0 0
1.31 0 0 0 0
1.31667 0 0 0 0
1.32333 0 0 0 0
1.33 0 0 0 0
1.33667 0 0 0 0
1.34333 0 0 0 0
1.35 0 0 0 0
1.35667 0 0 0 0
1.36333 0 0 0 0
1.37 0 0 0 0
1.37667 0 0 0 0
1.38333 0 0 0 0
1.39 0 0 0 0
1.39667 0 0 0 0
1.40333 0 0 0 0
1.41 0 0 0 0
1.41667 0 0 0 0
1.42333 0 0 0 0
1.43 0 0 0 0
1.43667 0 0 0 0
1.44333 0 0 0 0
1.45 0 0 0 0
1.45667 0 0 0 0
1.46333 0 0 0 0
1.47 0 0 0 0
1.47667 0 0 0 0
1.48333 0 0 0 0
1.49 0 0 0 0
1.49667 0 0 0 0
1.50333 0 0 0 0
1.51 0 0 0 0
1.51667 0 0 0 0
1.52333 0 0 0 0
1.53 0 0 0 0
1.53667 0 0 0 0
1.54333 0 0 0 0
1.55 0 0 0 0
1.55667 0 0 0 0
1.56333 0 0 0 0
1.57 0 0 0 0
1.57667 0 0 0 0
1.58333 0 0 0 0
1.59 0 0 0 0
1.59667 0 0 0 0
1.60333 0 0 0 0
1.61 0 0 0 0
1.61667 0 0 0 0
1.62333 0 0 0 0
1.63 0 0 0 0
1.63667 0 0 0 0
1.64333 0 0 0 0
1.65 0 0 0 0
1.65667 0 0 0 0
1.66333 0 0 0 0
1.67 0 0 0 0
1.67667 0 0 0 0
1.68333 0 0 0 0
1.69 0 0 0 0
1.69667 0 0 0 0
1.70333 0 0 0 0
1.71 0 0 0 0
1.71667 0 0 0 0
1.72333 0 0 0 0
1.73 0 0 0 0
1.73667 0 0 0 0
1.74333 0 0 0 0
1.75 0 0 0 0
1.75667 0 0 0 0
1.76333 0 0 0 0
1.77 0 0 0 0
1.77667 0 0 0 0
1.78333 0 0 0 0
1.79 0 0 0 0
1.79667 0 0 0 0
1.80333 0 0 0 0
1.81 0 0 0 0
1.81667 0 0 0 0
1.82333 0 0 0 0
1.83 0 0 0 0
1.83667 0 0 0 0
1.84333 0 0 0 0
1.85 0 0 0 0
1.85667 0 0 0 0
1.86333 0 0 0 0
1.87 0 0 0 0
1.87667 0 0 0 0
1.88333 0 0 0 0
1.89 0 0 0 0
1.89667 0 0 0 0
1.90333 0 0 0 0
1.91 0 0 0 0
1.91667 0 0 0 0
1.92333 0 0 0 0
1.93 0 0 0 0
1.93667 0 0 0 0
1.94333 0 0 0 0
1.95 0 0 0 0
1.95667 0 0 0 0
1.96333 0 0 0 0
1.97 0 0 0 0
1.97667 0 0 0 0
1.98333 0 0 0 0
1.99 0 0 0 0
1.99667 0 0 0 0
