0.00333333 2 10 19 53
0.01 0 5 18 65
0.0166667 0 8 21 76
0.0233333 0 5 35 62
0.03 1 5 18 81
0.0366667 0 4 29 81
0.0433333 2 10 55 103
0.05 3 14 59 129
0.0566667 2 7 64 123
0.0633333 4 10 75 154
0.07 6 12 78 166
0.0766667 1 13 79 160
0.0833333 4 8 68 189
0.09 1 11 76 186
0.0966667 4 18 78 182
0.103333 2 13 73 187
0.11 2 15 74 209
0.116667 5 14 61 179
0.123333 4 10 79 182
0.13 3 22 76 191
0.136667 4 20 75 170
0.143333 1 18 65 174
0.15 2 16 57 167
0.156667 1 12 72 154
0.163333 5 11 71 180
0.17 1 19 59 156
0.176667 3 10 59 163
0.183333 3 17 54 184
0.19 1 17 54 190
0.196667 1 18 50 172
0.203333 2 19 48 156
0.21 2 13 59 165
0.216667 5 19 43 163
0.223333 2 19 51 165
0.23 1 15 42 147
0.236667 3 22 46 149
0.243333 1 8 36 154
0.25 3 13 54 125
0.256667 3 8 33 129
0.263333 1 15 40 118
0.27 1 4 45 119
0.276667 2 11 32 112
0.283333 0 17 36 112
0.29 1 9 50 114
0.296667 0 10 40 100
0.303333 2 8 30 104
0.31 3 10 35 73
0.316667 1 17 22 85
0.323333 3 7 36 95
0.33 3 7 27 103
0.336667 2 12 34 70
0.343333 2 6 32 80
0.35 1 8 31 75
0.356667 0 7 32 89
0.363333 2 12 24 78
0.37 1 6 26 79
0.376667 2 6 26 91
0.383333 0 8 22 68
0.39 3 14 21 90
0.396667 2 4 23 74
0.403333 1 17 22 66
0.41 1 6 32 63
0.416667 3 12 17 75
0.423333 1 9 20 72
0.43 1 8 21 88
0.436667 0 13 22 73
0.443333 3 12 21 87
0.45 0 8 21 71
0.456667 2 13 15 73
0.463333 0 18 30 87
0.47 1 11 26 86
0.476667 0 14 20 74
0.483333 2 13 15 36
0.49 1 8 19 35
0.496667 1 3 22 31
0.503333 0 9 17 47
0.51 2 5 16 52
0.516667 1 4 18 27
0.523333 3 3 29 44
0.53 0 7 9 36
0.536667 0 7 18 54
0.543333 0 7 14 40
0.55 1 5 12 43
0.556667 0 3 14 38
0.563333 0 2 10 32
0.57 2 2 16 29
0.576667 2 9 14 35
0.583333 1 4 15 38
0.59 1 4 8 37
0.596667 2 6 18 33
0.603333 1 2 8 42
0.61 0 3 14 42
0.616667 0 4 6 36
0.623333 1 4 11 31
0.63 0 4 11 28
0.636667 2 4 15 42
0.643333 4 5 9 30
0.65 1 6 13 35
0.656667 0 2 15 30
0.663333 28 392 497 2473
0.67 0 0 0 0
0.676667 0 0 0 0
0.683333 0 0 0 0
0.69 0 0 0 0
0.696667 0 0 0 0
0.703333 0 0 0 0
0.71 0 0 0 0
0.716667 0 0 0 0
0.723333 0 0 0 0
0.73 0 0 0 0
0.736667 0 0 0 0
0.743333 0 0 0 0
0.75 0 0 0 0
0.756667 0 0 0 0
0.763333 0 0 0 0
0.77 0 0 0 0
0.776667 0 0 0 0
0.783333 0 0 0 0
0.79 0 0 0 0
0.796667 0 0 0 0
0.803333 0 0 0 0
0.81 0 0 0 0
0.816667 0 0 0 0
0.823333 0 0 0 0
0.83 0 0 0 0
0.836667 0 0 0 0
0.843333 0 0 0 0
0.85 0 0 0 0
0.856667 0 0 0 0
0.863333 0 0 0 0
0.87 0 0 0 0
0.876667 0 0 0 0
0.883333 0 0 0 0
0.89 0 0 0 0
0.896667 0 0 0 0
0.903333 0 0 0 0
0.91 0 0 0 0
0.916667 0 0 0 0
0.923333 0 0 0 0
0.93 0 0 0 0
0.936667 0 0 0 0
0.943333 0 0 0 0
0.95 0 0 0 0
0.956667 0 0 0 0
0.963333 0 0 0 0
0.97 0 0 0 0
0.976667 0 0 0 0
0.983333 0 0 0 0
0.99 0 0 0 0
0.996667 0 0 0 0
1.00333 0 0 0 0
1.01 0 0 0 0
1.01667 0 0 0 0
1.02333 0 0 0 0
1.03 0 0 0 0
1.03667 0 0 0 0
1.04333 0 0 0 0
1.05 0 0 0 0
1.05667 0 0 0 0
1.06333 0 0 0 0
1.07 0 0 0 0
1.07667 0 0 0 0
1.08333 0 0 0 0
1.09 0 0 0 0
1.09667 0 0 0 0
1.10333 0 0 0 0
1.11 0 0 0 0
1.11667 0 0 0 0
1.12333 0 0 0 0
1.13 0 0 0 0
1.13667 0 0 0 0
1.14333 0 0 0 0
1.15 0 0 0 0
1.15667 0 0 0 0
1.16333 0 0 0 0
1.17 0 0 0 0
1.17667 0 0 0 0
1.18333 0 0 0 0
1.19 0 0 0 0
1.19667 0 0 0 0
1.20333 0 0 0 0
1.21 0 0 0 0
1.21667 0 0 0 0
1.22333 0 0 0 0
1.23 0 0 0 0
1.23667 0 0 0 0
1.24333 0 0 0 0
1.25 0 0 0 0
1.25667 0 0 0 0
1.26333 0 0 0 0
1.27 0 0 0 0
1.27667 0 0 0 0
1.28333 0 0 0 0
1.29 0 0 0 0
1.29667 0 0 0 0
1.30333 0 0 0 0
1.31 0 0 0 0
1.31667 0 0 0 0
1.32333 0 0 0 0
1.33 0 0 0 0
1.33667 0 0 0 0
1.34333 0 0 0 0
1.35 0 0 0 0
1.35667 0 0 0 0
1.36333 0 0 0 0
1.37 0 0 0 0
1.37667 0 0 0 0
1.38333 0 0 0 0
1.39 0 0 0 0
1.39667 0 0 0 0
1.40333 0 0 0 0
1.41 0 0 0 0
1.41667 0 0 0 0
1.42333 0 0 0 0
1.43 0 0 0 0
1.43667 0 0 0 0
1.44333 0 0 0 0
1.45 0 0 0 0
1.45667 0 0 0 0
1.46333 0 0 0 0
1.47 0 0 0 0
1.47667 0 0 0 0
1.48333 0 0 0 0
1.49 0 0 0 0
1.49667 0 0 0 0
1.50333 0 0 0 0
1.51 0 0 0 0
1.51667 0 0 0 0
1.52333 0 0 0 0
1.53 0 0 0 0
1.53667 0 0 0 0
1.54333 0 0 0 0
1.55 0 0 0 0
1.55667 0 0 0 0
1.56333 0 0 0 0
1.57 0 0 0 0
1.57667 0 0 0 0
1.58333 0 0 0 0
1.59 0 0 0 0
1.59667 0 0 0 0
1.60333 0 0 0 0
1.61 0 0 0 0
1.61667 0 0 0 0
1.62333 0 0 0 0
1.63 0 0 0 0
1.63667 0 0 0 0
1.64333 0 0 0 0
1.65 0 0 0 0
1.65667 0 0 0 0
1.66333 0 0 0 0
1.67 0 0 0 0
1.67667 0 0 0 0
1.68333 0 0 0 0
1.69 0 0 0 0
1.69667 0 0 0 0
1.70333 0 0 0 0
1.71 0 0 0 0
1.71667 0 0 0 0
1.72333 0 0 0 0
1.73 0 0 0 0
1.73667 0 0 0 0
1.74333 0 0 0 0
1.75 0 0 0 0
1.75667 0 0 0 0
1.76333 0 0 0 0
1.77 0 0 0 0
1.77667 0 0 0 0
1.78333 0 0 0 0
1.79 0 0 0 0
1.79667 0 0 0 0
1.80333 0 0 0 0
1.81 0 0 0 0
1.81667 0 0 0 0
1.82333 0 0 0 0
1.83 0 0 0 0
1.83667 0 0 0 0
1.84333 0 0 0 0
1.85 0 0 0 0
1.85667 0 0 0 0
1.86333 0 0 0 0
1.87 0 0 0 0
1.87667 0 0 0 0
1.88333 0 0 0 0
1.89 0 0 0 0
1.89667 0 0 0 0
1.90333 0 0 0 0
1.91 0 0 0 0
1.91667 0 0 0 0
1.92333 0 0 0 0
1.93 0 0 0 0
1.93667 0 0 0 0
1.94333 0 0 0 0
1.95 0 0 0 0
1.95667 0 0 0 0
1.96333 0 0 0 0
1.97 0 0 0 0
1.97667 0 0 0 0
1.98333 0 0 0 0
1.99 0 0 0 0
1.99667 0 0 0 0
