0.00333333 1 6 135 7
0.01 1 12 136 18
0.0166667 1 12 163 16
0.0233333 3 9 162 16
0.03 4 7 175 21
0.0366667 1 11 172 16
0.0433333 4 16 210 29
0.05 6 22 255 34
0.0566667 5 17 271 36
0.0633333 6 29 333 34
0.07 2 19 334 39
0.0766667 5 27 364 45
0.0833333 8 28 374 30
0.09 5 22 398 42
0.0966667 2 15 408 38
0.103333 10 27 391 39
0.11 4 24 375 42
0.116667 6 36 427 40
0.123333 6 15 452 33
0.13 7 28 401 47
0.136667 2 18 433 31
0.143333 5 22 431 35
0.15 2 21 408 15
0.156667 5 17 422 17
0.163333 4 23 382 35
0.17 2 23 380 29
0.176667 3 27 397 29
0.183333 4 20 466 24
0.19 0 17 584 30
0.196667 4 17 551 21
0.203333 3 14 523 23
0.21 7 18 494 16
0.216667 3 18 432 15
0.223333 5 9 429 21
0.23 2 13 357 25
0.236667 4 15 334 23
0.243333 5 16 356 18
0.25 3 17 313 16
0.256667 3 12 278 23
0.263333 5 18 260 26
0.27 3 8 255 13
0.276667 1 11 246 19
0.283333 1 6 226 16
0.29 2 10 233 18
0.296667 0 17 225 12
0.303333 2 11 219 16
0.31 2 10 241 19
0.316667 3 9 226 17
0.323333 0 15 192 16
0.33 2 4 174 11
0.336667 4 7 199 18
0.343333 3 8 204 19
0.35 1 13 219 15
0.356667 0 18 177 13
0.363333 2 12 178 12
0.37 1 17 174 15
0.376667 0 8 198 17
0.383333 1 12 161 9
0.39 3 3 173 10
0.396667 1 10 170 11
0.403333 1 10 185 14
0.41 1 4 176 10
0.416667 2 8 158 16
0.423333 2 9 177 20
0.43 1 10 176 9
0.436667 2 12 176 11
0.443333 2 8 161 11
0.45 2 7 180 12
0.456667 4 6 153 11
0.463333 1 11 175 10
0.47 3 10 195 13
0.476667 1 11 153 8
0.483333 1 6 73 9
0.49 1 4 76 1
0.496667 0 7 67 10
0.503333 0 3 95 7
0.51 2 4 80 10
0.516667 1 6 62 5
0.523333 2 7 66 8
0.53 1 2 65 4
0.536667 0 3 61 6
0.543333 2 0 57 3
0.55 1 6 54 2
0.556667 2 7 62 7
0.563333 1 14 59 7
0.57 2 5 73 6
0.576667 2 5 47 4
0.583333 0 7 48 6
0.59 1 4 63 9
0.596667 0 4 50 9
0.603333 0 2 60 2
0.61 0 5 54 4
0.616667 1 10 52 5
0.623333 0 7 44 6
0.63 3 6 37 4
0.636667 2 5 74 4
0.643333 0 7 48 5
0.65 1 5 35 3
0.656667 0 7 47 6
0.663333 20 136 8532 153
0.67 0 0 0 0
0.676667 0 0 0 0
0.683333 0 0 0 0
0.69 0 0 0 0
0.696667 0 0 0 0
0.703333 0 0 0 0
0.71 0 0 0 0
0.716667 0 0 0 0
0.723333 0 0 0 0
0.73 0 0 0 0
0.736667 0 0 0 0
0.743333 0 0 0 0
0.75 0 0 0 0
0.756667 0 0 0 0
0.763333 0 0 0 0
0.77 0 0 0 0
0.776667 0 0 0 0
0.783333 0 0 0 0
0.79 0 0 0 0
0.796667 0 0 0 0
0.803333 0 0 0 0
0.81 0 0 0 0
0.816667 0 0 0 0
0.823333 0 0 0 0
0.83 0 0 0 0
0.836667 0 0 0 0
0.843333 0 0 0 0
0.85 0 0 0 0
0.856667 0 0 0 0
0.863333 0 0 0 0
0.87 0 0 0 0
0.876667 0 0 0 0
0.883333 0 0 0 0
0.89 0 0 0 0
0.896667 0 0 0 0
0.903333 0 0 0 0
0.91 0 0 0 0
0.916667 0 0 0 0
0.923333 0 0 0 0
0.93 0 0 0 0
0.936667 0 0 0 0
0.943333 0 0 0 0
0.95 0 0 0 0
0.956667 0 0 0 0
0.963333 0 0 0 0
0.97 0 0 0 0
0.976667 0 0 0 0
0.983333 0 0 0 0
0.99 0 0 0 0
0.996667 0 0 0 0
1.00333 0 0 0 0
1.01 0 0 0 0
1.01667 0 0 0 0
1.02333 0 0 0 0
1.03 0 0 0 0
1.03667 0 0 0 0
1.04333 0 0 0 0
1.05 0 0 0 0
1.05667 0 0 0 0
1.06333 0 0 0 0
1.07 0 0 0 0
1.07667 0 0 0 0
1.08333 0 0 0 0
1.09 0 0 0 0
1.09667 0 0 0 0
1.10333 0 0 0 0
1.11 0 0 0 0
1.11667 0 0 0 0
1.12333 0 0 0 0
1.13 0 0 0 0
1.13667 0 0 0 0
1.14333 0 0 0 0
1.15 0 0 0 0
1.15667 0 0 0 0
1.16333 0 0 0 0
1.17 0 0 0 0
1.17667 0 0 0 0
1.18333 0 0 0 0
1.19 0 0 0 0
1.19667 0 0 0 0
1.20333 0 0 0 0
1.21 0 0 0 0
1.21667 0 0 0 0
1.22333 0 0 0 0
1.23 0 0 0 0
1.23667 0 0 0 0
1.24333 0 0 0 0
1.25 0 0 0 0
1.25667 0 0 0 0
1.26333 0 0 0 0
1.27 0 0 0 0
1.27667 0 0 0 0
1.28333 0 0 0 0
1.29 0 0 0 0
1.29667 0 0 0 0
1.30333 0 0 0 0
1.31 0 0 0 0
1.31667 0 0 0 0
1.32333 0 0 0 0
1.33 0 0 0 0
1.33667 0 0 0 0
1.34333 0 0 0 0
1.35 0 0 0 0
1.35667 0 0 0 0
1.36333 0 0 0 0
1.37 0 0 0 0
1.37667 0 0 0 0
1.38333 0 0 0 0
1.39 0 0 0 0
1.39667 0 0 0 0
1.40333 0 0 0 0
1.41 0 0 0 0
1.41667 0 0 0 0
1.42333 0 0 0 0
1.43 0 0 0 0
1.43667 0 0 0 0
1.44333 0 0 0 0
1.45 0 0 0 0
1.45667 0 0 0 0
1.46333 0 0 0 0
1.47 0 0 0 0
1.47667 0 0 0 0
1.48333 0 0 0 0
1.49 0 0 0 0
1.49667 0 0 0 0
1.50333 0 0 0 0
1.51 0 0 0 0
1.51667 0 0 0 0
1.52333 0 0 0 0
1.53 0 0 0 0
1.53667 0 0 0 0
1.54333 0 0 0 0
1.55 0 0 0 0
1.55667 0 0 0 0
1.56333 0 0 0 0
1.57 0 0 0 0
1.57667 0 0 0 0
1.58333 0 0 0 0
1.59 0 0 0 0
1.59667 0 0 0 0
1.60333 0 0 0 0
1.61 0 0 0 0
1.61667 0 0 0 0
1.62333 0 0 0 0
1.63 0 0 0 0
1.63667 0 0 0 0
1.64333 0 0 0 0
1.65 0 0 0 0
1.65667 0 0 0 0
1.66333 0 0 0 0
1.67 0 0 0 0
1.67667 0 0 0 0
1.68333 0 0 0 0
1.69 0 0 0 0
1.69667 0 0 0 0
1.70333 0 0 0 0
1.71 0 0 0 0
1.71667 0 0 0 0
1.72333 0 0 0 0
1.73 0 0 0 0
1.73667 0 0 0 0
1.74333 0 0 0 0
1.75 0 0 0 0
1.75667 0 0 0 0
1.76333 0 0 0 0
1.77 0 0 0 0
1.77667 0 0 0 0
1.78333 0 0 0 0
1.79 0 0 0 0
1.79667 0 0 0 0
1.80333 0 0 0 0
1.81 0 0 0 0
1.81667 0 0 0 0
1.82333 0 0 0 0
1.83 0 0 0 0
1.83667 0 0 0 0
1.84333 0 0 0 0
1.85 0 0 0 0
1.85667 0 0 0 0
1.86333 0 0 0 0
1.87 0 0 0 0
1.87667 0 0 0 0
1.88333 0 0 0 0
1.89 0 0 0 0
1.89667 0 0 0 0
1.90333 0 0 0 0
1.91 0 0 0 0
1.91667 0 0 0 0
1.92333 0 0 0 0
1.93 0 0 0 0
1.93667 0 0 0 0
1.94333 0 0 0 0
1.95 0 0 0 0
1.95667 0 0 0 0
1.96333 0 0 0 0
1.97 0 0 0 0
1.97667 0 0 0 0
1.98333 0 0 0 0
1.99 0 0 0 0
1.99667 0 0 0 0
