0.00333333 2 6 80 3
0.01 2 4 85 6
0.0166667 1 9 80 1
0.0233333 4 9 72 6
0.03 1 7 121 11
0.0366667 4 7 80 7
0.0433333 1 13 94 13
0.05 2 26 110 13
0.0566667 3 25 134 16
0.0633333 4 17 140 19
0.07 3 13 185 19
0.0766667 10 31 171 21
0.0833333 2 21 179 28
0.09 7 20 207 14
0.0966667 2 20 180 21
0.103333 7 24 167 18
0.11 7 26 199 20
0.116667 4 23 184 27
0.123333 6 15 193 18
0.13 1 11 183 20
0.136667 6 19 171 17
0.143333 5 10 191 18
0.15 5 13 192 17
0.156667 5 23 182 11
0.163333 2 14 191 18
0.17 3 12 181 10
0.176667 5 14 171 13
0.183333 4 14 169 7
0.19 2 15 231 20
0.196667 3 17 237 14
0.203333 5 17 220 20
0.21 3 12 227 17
0.216667 6 12 207 16
0.223333 5 17 169 8
0.23 3 13 165 20
0.236667 3 18 158 16
0.243333 4 12 176 9
0.25 3 14 152 7
0.256667 4 10 148 13
0.263333 0 10 150 4
0.27 2 11 132 14
0.276667 0 9 125 12
0.283333 2 6 125 14
0.29 3 11 139 10
0.296667 4 15 143 11
0.303333 0 13 124 13
0.31 1 18 110 10
0.316667 3 7 128 9
0.323333 0 9 114 7
0.33 3 15 123 7
0.336667 4 13 118 3
0.343333 0 8 112 4
0.35 1 12 117 13
0.356667 2 10 102 9
0.363333 2 7 118 5
0.37 4 6 123 3
0.376667 0 12 115 8
0.383333 0 7 112 5
0.39 2 4 94 7
0.396667 0 7 98 8
0.403333 1 8 108 3
0.41 2 6 86 5
0.416667 2 9 96 5
0.423333 3 10 100 10
0.43 5 6 99 10
0.436667 0 7 111 6
0.443333 4 8 107 9
0.45 2 2 86 8
0.456667 0 5 88 8
0.463333 2 12 91 10
0.47 3 5 96 3
0.476667 0 3 85 11
0.483333 3 9 52 5
0.49 1 4 54 6
0.496667 0 4 52 2
0.503333 1 8 49 7
0.51 0 4 56 4
0.516667 0 8 43 4
0.523333 2 7 38 5
0.53 2 6 46 5
0.536667 1 5 35 6
0.543333 1 3 35 7
0.55 0 2 28 1
0.556667 2 9 34 3
0.563333 3 7 35 2
0.57 1 2 29 3
0.576667 2 4 44 6
0.583333 0 8 39 5
0.59 0 3 39 2
0.596667 2 6 34 4
0.603333 1 6 45 3
0.61 1 4 35 4
0.616667 2 1 23 5
0.623333 0 3 31 1
0.63 3 4 35 4
0.636667 0 3 41 3
0.643333 4 9 31 4
0.65 2 5 42 1
0.656667 1 6 20 4
0.663333 27 100 4275 109
0.67 0 0 0 0
0.676667 0 0 0 0
0.683333 0 0 0 0
0.69 0 0 0 0
0.696667 0 0 0 0
0.703333 0 0 0 0
0.71 0 0 0 0
0.716667 0 0 0 0
0.723333 0 0 0 0
0.73 0 0 0 0
0.736667 0 0 0 0
0.743333 0 0 0 0
0.75 0 0 0 0
0.756667 0 0 0 0
0.763333 0 0 0 0
0.77 0 0 0 0
0.776667 0 0 0 0
0.783333 0 0 0 0
0.79 0 0 0 0
0.796667 0 0 0 0
0.803333 0 0 0 0
0.81 0 0 0 0
0.816667 0 0 0 0
0.823333 0 0 0 0
0.83 0 0 0 0
0.836667 0 0 0 0
0.843333 0 0 0 0
0.85 0 0 0 0
0.856667 0 0 0 0
0.863333 0 0 0 0
0.87 0 0 0 0
0.876667 0 0 0 0
0.883333 0 0 0 0
0.89 0 0 0 0
0.896667 0 0 0 0
0.903333 0 0 0 0
0.91 0 0 0 0
0.916667 0 0 0 0
0.923333 0 0 0 0
0.93 0 0 0 0
0.936667 0 0 0 0
0.943333 0 0 0 0
0.95 0 0 0 0
0.956667 0 0 0 0
0.963333 0 0 0 0
0.97 0 0 0 0
0.976667 0 0 0 0
0.983333 0 0 0 0
0.99 0 0 0 0
0.996667 0 0 0 0
1.00333 0 0 0 0
1.01 0 0 0 0
1.01667 0 0 0 0
1.02333 0 0 0 0
1.03 0 0 0 0
1.03667 0 0 0 0
1.04333 0 0 0 0
1.05 0 0 0 0
1.05667 0 0 0 0
1.06333 0 0 0 0
1.07 0 0 0 0
1.07667 0 0 0 0
1.08333 0 0 0 0
1.09 0 0 0 0
1.09667 0 0 0 0
1.10333 0 0 0 0
1.11 0 0 0 0
1.11667 0 0 0 0
1.12333 0 0 0 0
1.13 0 0 0 0
1.13667 0 0 0 0
1.14333 0 0 0 0
1.15 0 0 0 0
1.15667 0 0 0 0
1.16333 0 0 0 0
1.17 0 0 0 0
1.17667 0 0 0 0
1.18333 0 0 0 0
1.19 0 0 0 0
1.19667 0 0 0 0
1.20333 0 0 0 0
1.21 0 0 0 0
1.21667 0 0 0 0
1.22333 0 0 0 0
1.23 0 0 0 0
1.23667 0 0 0 0
1.24333 0 0 0 0
1.25 0 0 0 0
1.25667 0 0 0 0
1.26333 0 0 0 0
1.27 0 0 0 0
1.27667 0 0 0 0
1.28333 0 0 0 0
1.29 0 0 0 0
1.29667 0 0 0 0
1.30333 0 0 0 0
1.31 0 0 0 0
1.31667 0 0 0 0
1.32333 0 0 0 0
1.33 0 0 0 0
1.33667 0 0 0 0
1.34333 0 0 0 0
1.35 0 0 0 0
1.35667 0 0 0 0
1.36333 0 0 0 0
1.37 0 0 0 0
1.37667 0 0 0 0
1.38333 0 0 0 0
1.39 0 0 0 0
1.39667 0 0 0 0
1.40333 0 0 0 0
1.41 0 0 0 0
1.41667 0 0 0 0
1.42333 0 0 0 0
1.43 0 0 0 0
1.43667 0 0 0 0
1.44333 0 0 0 0
1.45 0 0 0 0
1.45667 0 0 0 0
1.46333 0 0 0 0
1.47 0 0 0 0
1.47667 0 0 0 0
1.48333 0 0 0 0
1.49 0 0 0 0
1.49667 0 0 0 0
1.50333 0 0 0 0
1.51 0 0 0 0
1.51667 0 0 0 0
1.52333 0 0 0 0
1.53 0 0 0 0
1.53667 0 0 0 0
1.54333 0 0 0 0
1.55 0 0 0 0
1.55667 0 0 0 0
1.56333 0 0 0 0
1.57 0 0 0 0
1.57667 0 0 0 0
1.58333 0 0 0 0
1.59 0 0 0 0
1.59667 0 0 0 0
1.60333 0 0 0 0
1.61 0 0 0 0
1.61667 0 0 0 0
1.62333 0 0 0 0
1.63 0 0 0 0
1.63667 0 0 0 0
1.64333 0 0 0 0
1.65 0 0 0 0
1.65667 0 0 0 0
1.66333 0 0 0 0
1.67 0 0 0 0
1.67667 0 0 0 0
1.68333 0 0 0 0
1.69 0 0 0 0
1.69667 0 0 0 0
1.70333 0 0 0 0
1.71 0 0 0 0
1.71667 0 0 0 0
1.72333 0 0 0 0
1.73 0 0 0 0
1.73667 0 0 0 0
1.74333 0 0 0 0
1.75 0 0 0 0
1.75667 0 0 0 0
1.76333 0 0 0 0
1.77 0 0 0 0
1.77667 0 0 0 0
1.78333 0 0 0 0
1.79 0 0 0 0
1.79667 0 0 0 0
1.80333 0 0 0 0
1.81 0 0 0 0
1.81667 0 0 0 0
1.82333 0 0 0 0
1.83 0 0 0 0
1.83667 0 0 0 0
1.84333 0 0 0 0
1.85 0 0 0 0
1.85667 0 0 0 0
1.86333 0 0 0 0
1.87 0 0 0 0
1.87667 0 0 0 0
1.88333 0 0 0 0
1.89 0 0 0 0
1.89667 0 0 0 0
1.90333 0 0 0 0
1.91 0 0 0 0
1.91667 0 0 0 0
1.92333 0 0 0 0
1.93 0 0 0 0
1.93667 0 0 0 0
1.94333 0 0 0 0
1.95 0 0 0 0
1.95667 0 0 0 0
1.96333 0 0 0 0
1.97 0 0 0 0
1.97667 0 0 0 0
1.98333 0 0 0 0
1.99 0 0 0 0
1.99667 0 0 0 0
