0.00333333 0 1 64 25
0.01 0 6 71 31
0.0166667 1 1 58 48
0.0233333 3 3 81 45
0.03 0 2 97 57
0.0366667 1 6 100 83
0.0433333 1 9 136 88
0.05 3 5 179 128
0.0566667 3 10 185 156
0.0633333 6 13 241 143
0.07 4 16 232 177
0.0766667 4 10 242 179
0.0833333 4 13 272 172
0.09 1 8 281 176
0.0966667 7 17 248 178
0.103333 3 12 248 151
0.11 2 14 250 204
0.116667 5 18 218 175
0.123333 3 14 240 184
0.13 6 18 228 155
0.136667 2 13 241 135
0.143333 3 10 203 139
0.15 4 10 211 134
0.156667 0 10 218 129
0.163333 6 9 220 133
0.17 2 9 187 134
0.176667 5 6 181 133
0.183333 4 7 177 123
0.19 4 9 182 138
0.196667 1 10 192 105
0.203333 0 8 185 109
0.21 3 6 178 119
0.216667 3 10 182 104
0.223333 1 2 154 113
0.23 4 11 157 78
0.236667 1 4 172 91
0.243333 1 4 129 91
0.25 2 11 124 97
0.256667 1 7 113 82
0.263333 2 2 127 84
0.27 2 7 123 70
0.276667 1 6 135 64
0.283333 1 6 101 75
0.29 0 6 117 77
0.296667 0 7 108 75
0.303333 0 1 98 55
0.31 1 5 89 73
0.316667 2 8 95 51
0.323333 1 7 88 70
0.33 1 6 107 68
0.336667 2 4 92 61
0.343333 1 5 85 68
0.35 2 10 95 71
0.356667 0 4 89 52
0.363333 0 3 72 49
0.37 2 8 78 42
0.376667 0 3 73 39
0.383333 1 1 85 41
0.39 1 7 72 47
0.396667 2 1 64 53
0.403333 2 5 78 43
0.41 1 5 71 51
0.416667 0 4 71 39
0.423333 0 7 88 51
0.43 0 4 79 52
0.436667 1 5 64 41
0.443333 2 4 64 50
0.45 3 2 56 47
0.456667 0 3 69 45
0.463333 2 3 52 39
0.47 1 1 68 42
0.476667 0 3 59 34
0.483333 0 6 39 29
0.49 1 2 41 28
0.496667 2 2 39 49
0.503333 0 1 39 27
0.51 2 2 36 40
0.516667 0 0 41 22
0.523333 1 1 38 29
0.53 0 1 32 23
0.536667 2 1 37 27
0.543333 1 6 25 25
0.55 1 1 29 24
0.556667 2 3 34 32
0.563333 0 5 37 22
0.57 1 0 23 23
0.576667 5 4 28 19
0.583333 1 2 31 22
0.59 2 1 45 22
0.596667 1 3 33 14
0.603333 0 2 33 16
0.61 0 6 34 14
0.616667 1 1 28 21
0.623333 0 3 34 22
0.63 0 4 33 24
0.636667 0 2 40 26
0.643333 0 2 31 15
0.65 2 3 23 12
0.656667 0 4 22 21
0.663333 21 63 1908 1089
0.67 0 0 0 0
0.676667 0 0 0 0
0.683333 0 0 0 0
0.69 0 0 0 0
0.696667 0 0 0 0
0.703333 0 0 0 0
0.71 0 0 0 0
0.716667 0 0 0 0
0.723333 0 0 0 0
0.73 0 0 0 0
0.736667 0 0 0 0
0.743333 0 0 0 0
0.75 0 0 0 0
0.756667 0 0 0 0
0.763333 0 0 0 0
0.77 0 0 0 0
0.776667 0 0 0 0
0.783333 0 0 0 0
0.79 0 0 0 0
0.796667 0 0 0 0
0.803333 0 0 0 0
0.81 0 0 0 0
0.816667 0 0 0 0
0.823333 0 0 0 0
0.83 0 0 0 0
0.836667 0 0 0 0
0.843333 0 0 0 0
0.85 0 0 0 0
0.856667 0 0 0 0
0.863333 0 0 0 0
0.87 0 0 0 0
0.876667 0 0 0 0
0.883333 0 0 0 0
0.89 0 0 0 0
0.896667 0 0 0 0
0.903333 0 0 0 0
0.91 0 0 0 0
0.916667 0 0 0 0
0.923333 0 0 0 0
0.93 0 0 0 0
0.936667 0 0 0 0
0.943333 0 0 0 0
0.95 0 0 0 0
0.956667 0 0 0 0
0.963333 0 0 0 0
0.97 0 0 0 0
0.976667 0 0 0 0
0.983333 0 0 0 0
0.99 0 0 0 0
0.996667 0 0 0 0
1.00333 0 0 0 0
1.01 0 0 0 0
1.01667 0 0 0 0
1.02333 0 0 0 0
1.03 0 0 0 0
1.03667 0 0 0 0
1.04333 0 0 0 0
1.05 0 0 0 0
1.05667 0 0 0 0
1.06333 0 0 0 0
1.07 0 0 0 0
1.07667 0 0 0 0
1.08333 0 0 0 0
1.09 0 0 0 0
1.09667 0 0 0 0
1.10333 0 0 0 0
1.11 0 0 0 0
1.11667 0 0 0 0
1.12333 0 0 0 0
1.13 0 0 0 0
1.13667 0 0 0 0
1.14333 0 0 0 0
1.15 0 0 0 0
1.15667 0 0 0 0
1.16333 0 0 0 0
1.17 0 0 0 0
1.17667 0 0 0 0
1.18333 0 0 0 0
1.19 0 0 0 0
1.19667 0 0 0 0
1.20333 0 0 0 0
1.21 0 0 0 0
1.21667 0 0 0 0
1.22333 0 0 0 0
1.23 0 0 0 0
1.23667 0 0 0 0
1.24333 0 0 0 0
1.25 0 0 0 0
1.25667 0 0 0 0
1.26333 0 0 0 0
1.27 0 0 0 0
1.27667 0 0 0 0
1.28333 0 0 0 0
1.29 0 0 0 0
1.29667 0 0 0 0
1.30333 0 0 0 0
1.31 0 0 0 0
1.31667 0 0 0 0
1.32333 0 0 0 0
1.33 0 0 0 0
1.33667 0 0 0 0
1.34333 0 0 0 0
1.35 0 0 0 0
1.35667 0 0 0 0
1.36333 0 0 0 0
1.37 0 0 0 0
1.37667 0 0 0 0
1.38333 0 0 0 0
1.39 0 0 0 0
1.39667 0 0 0 0
1.40333 0 0 0 0
1.41 0 0 0 0
1.41667 0 0 0 0
1.42333 0 0 0 0
1.43 0 0 0 0
1.43667 0 0 0 0
1.44333 0 0 0 0
1.45 0 0 0 0
1.45667 0 0 0 0
1.46333 0 0 0 0
1.47 0 0 0 0
1.47667 0 0 0 0
1.48333 0 0 0 0
1.49 0 0 0 0
1.49667 0 0 0 0
1.50333 0 0 0 0
1.51 0 0 0 0
1.51667 0 0 0 0
1.52333 0 0 0 0
1.53 0 0 0 0
1.53667 0 0 0 0
1.54333 0 0 0 0
1.55 0 0 0 0
1.55667 0 0 0 0
1.56333 0 0 0 0
1.57 0 0 0 0
1.57667 0 0 0 0
1.58333 0 0 0 0
1.59 0 0 0 0
1.59667 0 0 0 0
1.60333 0 0 0 0
1.61 0 0 0 0
1.61667 0 0 0 0
1.62333 0 0 0 0
1.63 0 0 0 0
1.63667 0 0 0 0
1.64333 0 0 0 0
1.65 0 0 0 0
1.65667 0 0 0 0
1.66333 0 0 0 0
1.67 0 0 0 0
1.67667 0 0 0 0
1.68333 0 0 0 0
1.69 0 0 0 0
1.69667 0 0 0 0
1.70333 0 0 0 0
1.71 0 0 0 0
1.71667 0 0 0 0
1.72333 0 0 0 0
1.73 0 0 0 0
1.73667 0 0 0 0
1.74333 0 0 0 0
1.75 0 0 0 0
1.75667 0 0 0 0
1.76333 0 0 0 0
1.77 0 0 0 0
1.77667 0 0 0 0
1.78333 0 0 0 0
1.79 0 0 0 0
1.79667 0 0 0 0
1.80333 0 0 0 0
1.81 0 0 0 0
1.81667 0 0 0 0
1.82333 0 0 0 0
1.83 0 0 0 0
1.83667 0 0 0 0
1.84333 0 0 0 0
1.85 0 0 0 0
1.85667 0 0 0 0
1.86333 0 0 0 0
1.87 0 0 0 0
1.87667 0 0 0 0
1.88333 0 0 0 0
1.89 0 0 0 0
1.89667 0 0 0 0
1.90333 0 0 0 0
1.91 0 0 0 0
1.91667 0 0 0 0
1.92333 0 0 0 0
1.93 0 0 0 0
1.93667 0 0 0 0
1.94333 0 0 0 0
1.95 0 0 0 0
1.95667 0 0 0 0
1.96333 0 0 0 0
1.97 0 0 0 0
1.97667 0 0 0 0
1.98333 0 0 0 0
1.99 0 0 0 0
1.99667 0 0 0 0
