0.00333333 1 7 74 7
0.01 3 10 81 15
0.0166667 1 11 100 11
0.0233333 6 10 89 9
0.03 2 10 103 10
0.0366667 2 11 127 14
0.0433333 3 26 148 23
0.05 7 19 165 27
0.0566667 7 25 181 40
0.0633333 4 26 219 42
0.07 3 21 222 53
0.0766667 13 22 212 43
0.0833333 7 34 243 45
0.09 3 19 253 34
0.0966667 8 24 246 47
0.103333 9 30 257 30
0.11 2 22 253 30
0.116667 2 27 299 40
0.123333 5 31 283 36
0.13 5 26 255 46
0.136667 9 27 259 43
0.143333 4 10 241 30
0.15 3 27 240 22
0.156667 3 23 228 25
0.163333 5 21 239 34
0.17 1 18 208 32
0.176667 3 23 198 22
0.183333 3 15 199 29
0.19 4 17 274 32
0.196667 4 21 248 33
0.203333 1 18 209 28
0.21 9 11 223 26
0.216667 9 11 214 24
0.223333 5 14 219 16
0.23 3 15 202 31
0.236667 7 16 170 35
0.243333 3 15 175 25
0.25 2 12 158 15
0.256667 3 12 143 24
0.263333 4 14 162 18
0.27 3 14 178 16
0.276667 2 9 142 20
0.283333 2 8 145 17
0.29 2 17 119 17
0.296667 1 10 138 19
0.303333 1 6 139 19
0.31 4 13 143 13
0.316667 1 17 103 18
0.323333 3 6 121 23
0.33 1 12 121 16
0.336667 1 10 114 13
0.343333 1 8 124 12
0.35 2 3 106 13
0.356667 1 11 110 13
0.363333 1 8 115 10
0.37 2 10 96 9
0.376667 2 8 119 13
0.383333 1 9 84 10
0.39 2 5 84 13
0.396667 1 9 102 13
0.403333 3 7 86 11
0.41 4 5 89 10
0.416667 2 6 79 12
0.423333 0 5 83 10
0.43 4 14 100 17
0.436667 2 5 100 8
0.443333 2 13 73 17
0.45 3 4 108 17
0.456667 5 11 94 13
0.463333 2 7 100 12
0.47 7 7 86 10
0.476667 0 5 62 13
0.483333 2 10 43 8
0.49 2 6 55 7
0.496667 4 7 45 6
0.503333 2 10 63 9
0.51 2 3 50 1
0.516667 1 6 38 8
0.523333 1 3 49 10
0.53 0 7 38 8
0.536667 4 4 46 9
0.543333 1 6 40 11
0.55 0 7 38 5
0.556667 0 2 40 6
0.563333 2 6 46 4
0.57 3 7 51 7
0.576667 4 3 43 9
0.583333 2 5 32 8
0.59 0 5 48 4
0.596667 3 5 33 11
0.603333 1 1 43 4
0.61 1 4 43 4
0.616667 1 6 41 3
0.623333 2 5 28 4
0.63 3 4 37 9
0.636667 1 6 48 5
0.643333 3 7 38 5
0.65 2 8 45 7
0.656667 2 4 25 11
0.663333 24 107 3192 190
0.67 0 0 0 0
0.676667 0 0 0 0
0.683333 0 0 0 0
0.69 0 0 0 0
0.696667 0 0 0 0
0.703333 0 0 0 0
0.71 0 0 0 0
0.716667 0 0 0 0
0.723333 0 0 0 0
0.73 0 0 0 0
0.736667 0 0 0 0
0.743333 0 0 0 0
0.75 0 0 0 0
0.756667 0 0 0 0
0.763333 0 0 0 0
0.77 0 0 0 0
0.776667 0 0 0 0
0.783333 0 0 0 0
0.79 0 0 0 0
0.796667 0 0 0 0
0.803333 0 0 0 0
0.81 0 0 0 0
0.816667 0 0 0 0
0.823333 0 0 0 0
0.83 0 0 0 0
0.836667 0 0 0 0
0.843333 0 0 0 0
0.85 0 0 0 0
0.856667 0 0 0 0
0.863333 0 0 0 0
0.87 0 0 0 0
0.876667 0 0 0 0
0.883333 0 0 0 0
0.89 0 0 0 0
0.896667 0 0 0 0
0.903333 0 0 0 0
0.91 0 0 0 0
0.916667 0 0 0 0
0.923333 0 0 0 0
0.93 0 0 0 0
0.936667 0 0 0 0
0.943333 0 0 0 0
0.95 0 0 0 0
0.956667 0 0 0 0
0.963333 0 0 0 0
0.97 0 0 0 0
0.976667 0 0 0 0
0.983333 0 0 0 0
0.99 0 0 0 0
0.996667 0 0 0 0
1.00333 0 0 0 0
1.01 0 0 0 0
1.01667 0 0 0 0
1.02333 0 0 0 0
1.03 0 0 0 0
1.03667 0 0 0 0
1.04333 0 0 0 0
1.05 0 0 0 0
1.05667 0 0 0 0
1.06333 0 0 0 0
1.07 0 0 0 0
1.07667 0 0 0 0
1.08333 0 0 0 0
1.09 0 0 0 0
1.09667 0 0 0 0
1.10333 0 0 0 0
1.11 0 0 0 0
1.11667 0 0 0 0
1.12333 0 0 0 0
1.13 0 0 0 0
1.13667 0 0 0 0
1.14333 0 0 0 0
1.15 0 0 0 0
1.15667 0 0 0 0
1.16333 0 0 0 0
1.17 0 0 0 0
1.17667 0 0 0 0
1.18333 0 0 0 0
1.19 0 0 0 0
1.19667 0 0 0 0
1.20333 0 0 0 0
1.21 0 0 0 0
1.21667 0 0 0 0
1.22333 0 0 0 0
1.23 0 0 0 0
1.23667 0 0 0 0
1.24333 0 0 0 0
1.25 0 0 0 0
1.25667 0 0 0 0
1.26333 0 0 0 0
1.27 0 0 0 0
1.27667 0 0 0 0
1.28333 0 0 0 0
1.29 0 0 0 0
1.29667 0 0 0 0
1.30333 0 0 0 0
1.31 0 0 0 0
1.31667 0 0 0 0
1.32333 0 0 0 0
1.33 0 0 0 0
1.33667 0 0 0 0
1.34333 0 0 0 0
1.35 0 0 0 0
1.35667 0 0 0 0
1.36333 0 0 0 0
1.37 0 0 0 0
1.37667 0 0 0 0
1.38333 0 0 0 0
1.39 0 0 0 0
1.39667 0 0 0 0
1.40333 0 0 0 0
1.41 0 0 0 0
1.41667 0 0 0 0
1.42333 0 0 0 0
1.43 0 0 0 0
1.43667 0 0 0 0
1.44333 0 0 0 0
1.45 0 0 0 0
1.45667 0 0 0 0
1.46333 0 0 0 0
1.47 0 0 0 0
1.47667 0 0 0 0
1.48333 0 0 0 0
1.49 0 0 0 0
1.49667 0 0 0 0
1.50333 0 0 0 0
1.51 0 0 0 0
1.51667 0 0 0 0
1.52333 0 0 0 0
1.53 0 0 0 0
1.53667 0 0 0 0
1.54333 0 0 0 0
1.55 0 0 0 0
1.55667 0 0 0 0
1.56333 0 0 0 0
1.57 0 0 0 0
1.57667 0 0 0 0
1.58333 0 0 0 0
1.59 0 0 0 0
1.59667 0 0 0 0
1.60333 0 0 0 0
1.61 0 0 0 0
1.61667 0 0 0 0
1.62333 0 0 0 0
1.63 0 0 0 0
1.63667 0 0 0 0
1.64333 0 0 0 0
1.65 0 0 0 0
1.65667 0 0 0 0
1.66333 0 0 0 0
1.67 0 0 0 0
1.67667 0 0 0 0
1.68333 0 0 0 0
1.69 0 0 0 0
1.69667 0 0 0 0
1.70333 0 0 0 0
1.71 0 0 0 0
1.71667 0 0 0 0
1.72333 0 0 0 0
1.73 0 0 0 0
1.73667 0 0 0 0
1.74333 0 0 0 0
1.75 0 0 0 0
1.75667 0 0 0 0
1.76333 0 0 0 0
1.77 0 0 0 0
1.77667 0 0 0 0
1.78333 0 0 0 0
1.79 0 0 0 0
1.79667 0 0 0 0
1.80333 0 0 0 0
1.81 0 0 0 0
1.81667 0 0 0 0
1.82333 0 0 0 0
1.83 0 0 0 0
1.83667 0 0 0 0
1.84333 0 0 0 0
1.85 0 0 0 0
1.85667 0 0 0 0
1.86333 0 0 0 0
1.87 0 0 0 0
1.87667 0 0 0 0
1.88333 0 0 0 0
1.89 0 0 0 0
1.89667 0 0 0 0
1.90333 0 0 0 0
1.91 0 0 0 0
1.91667 0 0 0 0
1.92333 0 0 0 0
1.93 0 0 0 0
1.93667 0 0 0 0
1.94333 0 0 0 0
1.95 0 0 0 0
1.95667 0 0 0 0
1.96333 0 0 0 0
1.97 0 0 0 0
1.97667 0 0 0 0
1.98333 0 0 0 0
1.99 0 0 0 0
1.99667 0 0 0 0
