0.00333333 1 5 39 47
0.01 1 4 45 69
0.0166667 2 5 40 75
0.0233333 5 4 44 52
0.03 0 2 69 83
0.0366667 1 8 88 86
0.0433333 3 6 130 117
0.05 4 14 128 149
0.0566667 6 16 169 170
0.0633333 2 12 187 179
0.07 7 20 208 197
0.0766667 3 13 194 225
0.0833333 7 19 208 222
0.09 5 17 193 213
0.0966667 4 23 201 244
0.103333 4 21 210 206
0.11 4 21 181 226
0.116667 12 23 168 202
0.123333 7 19 168 243
0.13 5 19 163 204
0.136667 6 18 166 183
0.143333 5 16 153 209
0.15 3 12 118 164
0.156667 10 12 153 183
0.163333 6 12 129 178
0.17 1 12 151 171
0.176667 2 9 133 150
0.183333 4 23 123 169
0.19 1 8 147 191
0.196667 4 14 135 185
0.203333 5 18 96 148
0.21 3 10 114 168
0.216667 5 13 111 161
0.223333 4 12 115 153
0.23 3 8 98 132
0.236667 2 4 96 131
0.243333 4 14 93 147
0.25 4 8 101 151
0.256667 3 7 90 103
0.263333 3 11 85 115
0.27 3 8 79 105
0.276667 1 9 77 103
0.283333 2 11 75 108
0.29 1 3 71 122
0.296667 3 7 81 90
0.303333 3 8 68 78
0.31 4 7 71 99
0.316667 1 10 62 95
0.323333 4 9 54 87
0.33 3 6 55 80
0.336667 1 7 55 71
0.343333 0 7 70 78
0.35 0 3 59 85
0.356667 1 7 55 77
0.363333 1 8 45 54
0.37 1 6 66 59
0.376667 1 5 53 74
0.383333 2 4 52 68
0.39 2 10 40 60
0.396667 3 8 48 70
0.403333 2 5 40 76
0.41 3 4 51 58
0.416667 1 5 50 68
0.423333 1 6 45 65
0.43 3 9 46 51
0.436667 1 7 38 48
0.443333 3 5 50 62
0.45 1 3 44 47
0.456667 1 7 47 62
0.463333 2 2 35 53
0.47 2 6 47 75
0.476667 2 5 40 53
0.483333 1 9 32 39
0.49 1 5 34 29
0.496667 1 2 23 33
0.503333 0 2 29 40
0.51 1 6 28 42
0.516667 1 8 31 32
0.523333 1 4 20 42
0.53 1 3 35 26
0.536667 1 2 26 30
0.543333 1 4 26 35
0.55 1 3 26 27
0.556667 2 6 24 22
0.563333 1 3 28 30
0.57 1 2 14 25
0.576667 3 5 24 26
0.583333 4 4 19 36
0.59 3 3 19 30
0.596667 1 4 15 30
0.603333 1 2 17 28
0.61 0 2 22 30
0.616667 1 4 23 25
0.623333 0 2 22 23
0.63 1 5 23 28
0.636667 2 4 25 32
0.643333 2 6 19 22
0.65 0 2 10 19
0.656667 1 4 24 27
0.663333 20 92 1024 1751
0.67 0 0 0 0
0.676667 0 0 0 0
0.683333 0 0 0 0
0.69 0 0 0 0
0.696667 0 0 0 0
0.703333 0 0 0 0
0.71 0 0 0 0
0.716667 0 0 0 0
0.723333 0 0 0 0
0.73 0 0 0 0
0.736667 0 0 0 0
0.743333 0 0 0 0
0.75 0 0 0 0
0.756667 0 0 0 0
0.763333 0 0 0 0
0.77 0 0 0 0
0.776667 0 0 0 0
0.783333 0 0 0 0
0.79 0 0 0 0
0.796667 0 0 0 0
0.803333 0 0 0 0
0.81 0 0 0 0
0.816667 0 0 0 0
0.823333 0 0 0 0
0.83 0 0 0 0
0.836667 0 0 0 0
0.843333 0 0 0 0
0.85 0 0 0 0
0.856667 0 0 0 0
0.863333 0 0 0 0
0.87 0 0 0 0
0.876667 0 0 0 0
0.883333 0 0 0 0
0.89 0 0 0 0
0.896667 0 0 0 0
0.903333 0 0 0 0
0.91 0 0 0 0
0.916667 0 0 0 0
0.923333 0 0 0 0
0.93 0 0 0 0
0.936667 0 0 0 0
0.943333 0 0 0 0
0.95 0 0 0 0
0.956667 0 0 0 0
0.963333 0 0 0 0
0.97 0 0 0 0
0.976667 0 0 0 0
0.983333 0 0 0 0
0.99 0 0 0 0
0.996667 0 0 0 0
1.00333 0 0 0 0
1.01 0 0 0 0
1.01667 0 0 0 0
1.02333 0 0 0 0
1.03 0 0 0 0
1.03667 0 0 0 0
1.04333 0 0 0 0
1.05 0 0 0 0
1.05667 0 0 0 0
1.06333 0 0 0 0
1.07 0 0 0 0
1.07667 0 0 0 0
1.08333 0 0 0 0
1.09 0 0 0 0
1.09667 0 0 0 0
1.10333 0 0 0 0
1.11 0 0 0 0
1.11667 0 0 0 0
1.12333 0 0 0 0
1.13 0 0 0 0
1.13667 0 0 0 0
1.14333 0 0 0 0
1.15 0 0 0 0
1.15667 0 0 0 0
1.16333 0 0 0 0
1.17 0 0 0 0
1.17667 0 0 0 0
1.18333 0 0 0 0
1.19 0 0 0 0
1.19667 0 0 0 0
1.20333 0 0 0 0
1.21 0 0 0 0
1.21667 0 0 0 0
1.22333 0 0 0 0
1.23 0 0 0 0
1.23667 0 0 0 0
1.24333 0 0 0 0
1.25 0 0 0 0
1.25667 0 0 0 0
1.26333 0 0 0 0
1.27 0 0 0 0
1.27667 0 0 0 0
1.28333 0 0 0 0
1.29 0 0 0 0
1.29667 0 0 0 0
1.30333 0 0 0 0
1.31 0 0 0 0
1.31667 0 0 0 0
1.32333 0 0 0 0
1.33 0 0 0 0
1.33667 0 0 0 0
1.34333 0 0 0 0
1.35 0 0 0 0
1.35667 0 0 0 0
1.36333 0 0 0 0
1.37 0 0 0 0
1.37667 0 0 0 0
1.38333 0 0 0 0
1.39 0 0 0 0
1.39667 0 0 0 0
1.40333 0 0 0 0
1.41 0 0 0 0
1.41667 0 0 0 0
1.42333 0 0 0 0
1.43 0 0 0 0
1.43667 0 0 0 0
1.44333 0 0 0 0
1.45 0 0 0 0
1.45667 0 0 0 0
1.46333 0 0 0 0
1.47 0 0 0 0
1.47667 0 0 0 0
1.48333 0 0 0 0
1.49 0 0 0 0
1.49667 0 0 0 0
1.50333 0 0 0 0
1.51 0 0 0 0
1.51667 0 0 0 0
1.52333 0 0 0 0
1.53 0 0 0 0
1.53667 0 0 0 0
1.54333 0 0 0 0
1.55 0 0 0 0
1.55667 0 0 0 0
1.56333 0 0 0 0
1.57 0 0 0 0
1.57667 0 0 0 0
1.58333 0 0 0 0
1.59 0 0 0 0
1.59667 0 0 0 0
1.60333 0 0 0 0
1.61 0 0 0 0
1.61667 0 0 0 0
1.62333 0 0 0 0
1.63 0 0 0 0
1.63667 0 0 0 0
1.64333 0 0 0 0
1.65 0 0 0 0
1.65667 0 0 0 0
1.66333 0 0 0 0
1.67 0 0 0 0
1.67667 0 0 0 0
1.68333 0 0 0 0
1.69 0 0 0 0
1.69667 0 0 0 0
1.70333 0 0 0 0
1.71 0 0 0 0
1.71667 0 0 0 0
1.72333 0 0 0 0
1.73 0 0 0 0
1.73667 0 0 0 0
1.74333 0 0 0 0
1.75 0 0 0 0
1.75667 0 0 0 0
1.76333 0 0 0 0
1.77 0 0 0 0
1.77667 0 0 0 0
1.78333 0 0 0 0
1.79 0 0 0 0
1.79667 0 0 0 0
1.80333 0 0 0 0
1.81 0 0 0 0
1.81667 0 0 0 0
1.82333 0 0 0 0
1.83 0 0 0 0
1.83667 0 0 0 0
1.84333 0 0 0 0
1.85 0 0 0 0
1.85667 0 0 0 0
1.86333 0 0 0 0
1.87 0 0 0 0
1.87667 0 0 0 0
1.88333 0 0 0 0
1.89 0 0 0 0
1.89667 0 0 0 0
1.90333 0 0 0 0
1.91 0 0 0 0
1.91667 0 0 0 0
1.92333 0 0 0 0
1.93 0 0 0 0
1.93667 0 0 0 0
1.94333 0 0 0 0
1.95 0 0 0 0
1.95667 0 0 0 0
1.96333 0 0 0 0
1.97 0 0 0 0
1.97667 0 0 0 0
1.98333 0 0 0 0
1.99 0 0 0 0
1.99667 0 0 0 0
