0.00333333 31 116 4 4
0.01 34 128 7 1
0.0166667 44 140 8 1
0.0233333 37 146 10 4
0.03 39 139 7 2
0.0366667 54 164 13 3
0.0433333 66 227 16 0
0.05 97 257 18 3
0.0566667 82 278 17 4
0.0633333 120 334 22 3
0.07 130 367 22 7
0.0766667 140 393 24 4
0.0833333 118 383 21 5
0.09 131 432 21 8
0.0966667 117 421 22 3
0.103333 138 356 20 7
0.11 123 378 14 3
0.116667 132 399 21 5
0.123333 122 411 21 4
0.13 106 419 14 7
0.136667 110 398 15 13
0.143333 105 382 16 3
0.15 108 382 23 2
0.156667 83 377 16 5
0.163333 105 352 19 6
0.17 87 365 15 8
0.176667 84 345 17 5
0.183333 81 380 16 4
0.19 97 455 18 4
0.196667 88 400 8 3
0.203333 113 387 15 5
0.21 85 393 18 5
0.216667 77 334 26 6
0.223333 78 341 14 7
0.23 68 316 13 3
0.236667 59 308 14 5
0.243333 72 306 9 2
0.25 66 274 7 3
0.256667 70 257 8 3
0.263333 41 237 9 5
0.27 61 240 10 4
0.276667 81 220 9 3
0.283333 59 195 10 3
0.29 50 202 9 3
0.296667 40 224 6 4
0.303333 43 192 6 2
0.31 55 207 14 2
0.316667 50 171 4 1
0.323333 50 171 8 2
0.33 36 191 12 3
0.336667 57 175 5 2
0.343333 41 153 7 2
0.35 45 145 9 4
0.356667 42 140 5 1
0.363333 44 160 7 3
0.37 36 132 10 1
0.376667 47 140 9 1
0.383333 43 137 5 3
0.39 31 118 9 0
0.396667 51 152 1 1
0.403333 39 134 7 1
0.41 37 130 5 5
0.416667 33 126 6 1
0.423333 36 134 10 3
0.43 33 123 8 3
0.436667 28 138 12 1
0.443333 35 119 4 2
0.45 36 140 9 1
0.456667 40 148 6 3
0.463333 39 131 11 2
0.47 26 135 9 2
0.476667 37 124 5 2
0.483333 24 78 8 2
0.49 26 85 7 2
0.496667 17 81 2 1
0.503333 22 77 5 3
0.51 17 60 3 1
0.516667 17 67 3 1
0.523333 21 68 5 0
0.53 14 50 2 0
0.536667 16 57 2 1
0.543333 15 52 10 0
0.55 15 51 3 3
0.556667 22 45 1 3
0.563333 19 53 5 2
0.57 22 49 3 0
0.576667 15 69 5 1
0.583333 17 52 5 0
0.59 19 44 4 2
0.596667 10 53 2 1
0.603333 11 58 3 1
0.61 20 45 2 3
0.616667 19 33 2 4
0.623333 10 45 8 2
0.63 20 55 7 0
0.636667 18 62 3 2
0.643333 25 36 4 1
0.65 11 45 2 0
0.656667 12 45 5 2
0.663333 776 5273 114 35
0.67 0 0 0 0
0.676667 0 0 0 0
0.683333 0 0 0 0
0.69 0 0 0 0
0.696667 0 0 0 0
0.703333 0 0 0 0
0.71 0 0 0 0
0.716667 0 0 0 0
0.723333 0 0 0 0
0.73 0 0 0 0
0.736667 0 0 0 0
0.743333 0 0 0 0
0.75 0 0 0 0
0.756667 0 0 0 0
0.763333 0 0 0 0
0.77 0 0 0 0
0.776667 0 0 0 0
0.783333 0 0 0 0
0.79 0 0 0 0
0.796667 0 0 0 0
0.803333 0 0 0 0
0.81 0 0 0 0
0.816667 0 0 0 0
0.823333 0 0 0 0
0.83 0 0 0 0
0.836667 0 0 0 0
0.843333 0 0 0 0
0.85 0 0 0 0
0.856667 0 0 0 0
0.863333 0 0 0 0
0.87 0 0 0 0
0.876667 0 0 0 0
0.883333 0 0 0 0
0.89 0 0 0 0
0.896667 0 0 0 0
0.903333 0 0 0 0
0.91 0 0 0 0
0.916667 0 0 0 0
0.923333 0 0 0 0
0.93 0 0 0 0
0.936667 0 0 0 0
0.943333 0 0 0 0
0.95 0 0 0 0
0.956667 0 0 0 0
0.963333 0 0 0 0
0.97 0 0 0 0
0.976667 0 0 0 0
0.983333 0 0 0 0
0.99 0 0 0 0
0.996667 0 0 0 0
1.00333 0 0 0 0
1.01 0 0 0 0
1.01667 0 0 0 0
1.02333 0 0 0 0
1.03 0 0 0 0
1.03667 0 0 0 0
1.04333 0 0 0 0
1.05 0 0 0 0
1.05667 0 0 0 0
1.06333 0 0 0 0
1.07 0 0 0 0
1.07667 0 0 0 0
1.08333 0 0 0 0
1.09 0 0 0 0
1.09667 0 0 0 0
1.10333 0 0 0 0
1.11 0 0 0 0
1.11667 0 0 0 0
1.12333 0 0 0 0
1.13 0 0 0 0
1.13667 0 0 0 0
1.14333 0 0 0 0
1.15 0 0 0 0
1.15667 0 0 0 0
1.16333 0 0 0 0
1.17 0 0 0 0
1.17667 0 0 0 0
1.18333 0 0 0 0
1.19 0 0 0 0
1.19667 0 0 0 0
1.20333 0 0 0 0
1.21 0 0 0 0
1.21667 0 0 0 0
1.22333 0 0 0 0
1.23 0 0 0 0
1.23667 0 0 0 0
1.24333 0 0 0 0
1.25 0 0 0 0
1.25667 0 0 0 0
1.26333 0 0 0 0
1.27 0 0 0 0
1.27667 0 0 0 0
1.28333 0 0 0 0
1.29 0 0 0 0
1.29667 0 0 0 0
1.30333 0 0 0 0
1.31 0 0 0 0
1.31667 0 0 0 0
1.32333 0 0 0 0
1.33 0 0 0 0
1.33667 0 0 0 0
1.34333 0 0 0 0
1.35 0 0 0 0
1.35667 0 0 0 0
1.36333 0 0 0 0
1.37 0 0 0 0
1.37667 0 0 0 0
1.38333 0 0 0 0
1.39 0 0 0 0
1.39667 0 0 0 0
1.40333 0 0 0 0
1.41 0 0 0 0
1.41667 0 0 0 0
1.42333 0 0 0 0
1.43 0 0 0 0
1.43667 0 0 0 0
1.44333 0 0 0 0
1.45 0 0 0 0
1.45667 0 0 0 0
1.46333 0 0 0 0
1.47 0 0 0 0
1.47667 0 0 0 0
1.48333 0 0 0 0
1.49 0 0 0 0
1.49667 0 0 0 0
1.50333 0 0 0 0
1.51 0 0 0 0
1.51667 0 0 0 0
1.52333 0 0 0 0
1.53 0 0 0 0
1.53667 0 0 0 0
1.54333 0 0 0 0
1.55 0 0 0 0
1.55667 0 0 0 0
1.56333 0 0 0 0
1.57 0 0 0 0
1.57667 0 0 0 0
1.58333 0 0 0 0
1.59 0 0 0 0
1.59667 0 0 0 0
1.60333 0 0 0 0
1.61 0 0 0 0
1.61667 0 0 0 0
1.62333 0 0 0 0
1.63 0 0 0 0
1.63667 0 0 0 0
1.64333 0 0 0 0
1.65 0 0 0 0
1.65667 0 0 0 0
1.66333 0 0 0 0
1.67 0 0 0 0
1.67667 0 0 0 0
1.68333 0 0 0 0
1.69 0 0 0 0
1.69667 0 0 0 0
1.70333 0 0 0 0
1.71 0 0 0 0
1.71667 0 0 0 0
1.72333 0 0 0 0
1.73 0 0 0 0
1.73667 0 0 0 0
1.74333 0 0 0 0
1.75 0 0 0 0
1.75667 0 0 0 0
1.76333 0 0 0 0
1.77 0 0 0 0
1.77667 0 0 0 0
1.78333 0 0 0 0
1.79 0 0 0 0
1.79667 0 0 0 0
1.80333 0 0 0 0
1.81 0 0 0 0
1.81667 0 0 0 0
1.82333 0 0 0 0
1.83 0 0 0 0
1.83667 0 0 0 0
1.84333 0 0 0 0
1.85 0 0 0 0
1.85667 0 0 0 0
1.86333 0 0 0 0
1.87 0 0 0 0
1.87667 0 0 0 0
1.88333 0 0 0 0
1.89 0 0 0 0
1.89667 0 0 0 0
1.90333 0 0 0 0
1.91 0 0 0 0
1.91667 0 0 0 0
1.92333 0 0 0 0
1.93 0 0 0 0
1.93667 0 0 0 0
1.94333 0 0 0 0
1.95 0 0 0 0
1.95667 0 0 0 0
1.96333 0 0 0 0
1.97 0 0 0 0
1.97667 0 0 0 0
1.98333 0 0 0 0
1.99 0 0 0 0
1.99667 0 0 0 0
