0.00333333 15 25 12 21
0.01 24 21 11 19
0.0166667 22 16 16 24
0.0233333 21 15 12 16
0.03 17 27 18 13
0.0366667 18 23 15 17
0.0433333 21 41 25 22
0.05 34 41 27 27
0.0566667 27 57 39 29
0.0633333 23 70 37 25
0.07 30 75 50 27
0.0766667 35 67 46 29
0.0833333 33 74 41 34
0.09 34 70 34 35
0.0966667 28 69 40 21
0.103333 32 79 41 39
0.11 29 61 35 36
0.116667 40 89 46 37
0.123333 39 72 30 30
0.13 25 74 19 27
0.136667 43 60 24 38
0.143333 37 56 29 26
0.15 35 61 25 37
0.156667 29 42 27 28
0.163333 32 57 30 37
0.17 34 46 27 22
0.176667 32 54 27 30
0.183333 39 52 24 41
0.19 61 61 24 49
0.196667 47 52 22 43
0.203333 49 49 22 29
0.21 48 52 19 33
0.216667 30 60 23 37
0.223333 39 45 23 34
0.23 23 50 20 30
0.236667 28 58 19 24
0.243333 33 43 17 31
0.25 31 28 25 41
0.256667 28 49 22 28
0.263333 29 43 20 23
0.27 30 41 22 32
0.276667 25 42 17 22
0.283333 21 24 13 21
0.29 22 39 12 23
0.296667 20 28 20 17
0.303333 16 34 16 23
0.31 25 23 19 24
0.316667 24 44 23 23
0.323333 28 35 27 25
0.33 19 52 15 24
0.336667 28 39 15 13
0.343333 17 30 20 22
0.35 26 34 18 20
0.356667 18 21 17 31
0.363333 19 27 12 20
0.37 27 40 20 16
0.376667 23 26 8 23
0.383333 28 30 13 21
0.39 17 37 12 25
0.396667 27 16 13 26
0.403333 25 27 19 20
0.41 27 23 16 18
0.416667 19 29 17 23
0.423333 22 30 17 25
0.43 18 38 10 14
0.436667 21 25 19 32
0.443333 18 20 11 25
0.45 20 29 10 20
0.456667 24 15 19 24
0.463333 29 17 6 20
0.47 26 24 7 20
0.476667 15 19 11 19
0.483333 16 14 8 8
0.49 12 7 7 13
0.496667 10 13 11 15
0.503333 12 15 7 7
0.51 10 21 8 14
0.516667 4 13 17 9
0.523333 9 17 13 6
0.53 6 18 6 5
0.536667 4 15 6 6
0.543333 7 17 6 8
0.55 7 10 17 10
0.556667 7 24 11 6
0.563333 5 16 7 3
0.57 12 10 9 12
0.576667 9 18 2 7
0.583333 9 18 8 3
0.59 7 18 6 4
0.596667 5 10 5 7
0.603333 5 24 4 1
0.61 3 22 2 9
0.616667 5 14 8 4
0.623333 5 13 5 4
0.63 4 21 3 5
0.636667 3 12 11 5
0.643333 3 14 10 1
0.65 5 15 3 2
0.656667 4 14 3 1
0.663333 1035 797 157 1077
0.67 0 0 0 0
0.676667 0 0 0 0
0.683333 0 0 0 0
0.69 0 0 0 0
0.696667 0 0 0 0
0.703333 0 0 0 0
0.71 0 0 0 0
0.716667 0 0 0 0
0.723333 0 0 0 0
0.73 0 0 0 0
0.736667 0 0 0 0
0.743333 0 0 0 0
0.75 0 0 0 0
0.756667 0 0 0 0
0.763333 0 0 0 0
0.77 0 0 0 0
0.776667 0 0 0 0
0.783333 0 0 0 0
0.79 0 0 0 0
0.796667 0 0 0 0
0.803333 0 0 0 0
0.81 0 0 0 0
0.816667 0 0 0 0
0.823333 0 0 0 0
0.83 0 0 0 0
0.836667 0 0 0 0
0.843333 0 0 0 0
0.85 0 0 0 0
0.856667 0 0 0 0
0.863333 0 0 0 0
0.87 0 0 0 0
0.876667 0 0 0 0
0.883333 0 0 0 0
0.89 0 0 0 0
0.896667 0 0 0 0
0.903333 0 0 0 0
0.91 0 0 0 0
0.916667 0 0 0 0
0.923333 0 0 0 0
0.93 0 0 0 0
0.936667 0 0 0 0
0.943333 0 0 0 0
0.95 0 0 0 0
0.956667 0 0 0 0
0.963333 0 0 0 0
0.97 0 0 0 0
0.976667 0 0 0 0
0.983333 0 0 0 0
0.99 0 0 0 0
0.996667 0 0 0 0
1.00333 0 0 0 0
1.01 0 0 0 0
1.01667 0 0 0 0
1.02333 0 0 0 0
1.03 0 0 0 0
1.03667 0 0 0 0
1.04333 0 0 0 0
1.05 0 0 0 0
1.05667 0 0 0 0
1.06333 0 0 0 0
1.07 0 0 0 0
1.07667 0 0 0 0
1.08333 0 0 0 0
1.09 0 0 0 0
1.09667 0 0 0 0
1.10333 0 0 0 0
1.11 0 0 0 0
1.11667 0 0 0 0
1.12333 0 0 0 0
1.13 0 0 0 0
1.13667 0 0 0 0
1.14333 0 0 0 0
1.15 0 0 0 0
1.15667 0 0 0 0
1.16333 0 0 0 0
1.17 0 0 0 0
1.17667 0 0 0 0
1.18333 0 0 0 0
1.19 0 0 0 0
1.19667 0 0 0 0
1.20333 0 0 0 0
1.21 0 0 0 0
1.21667 0 0 0 0
1.22333 0 0 0 0
1.23 0 0 0 0
1.23667 0 0 0 0
1.24333 0 0 0 0
1.25 0 0 0 0
1.25667 0 0 0 0
1.26333 0 0 0 0
1.27 0 0 0 0
1.27667 0 0 0 0
1.28333 0 0 0 0
1.29 0 0 0 0
1.29667 0 0 0 0
1.30333 0 0 0 0
1.31 0 0 0 0
1.31667 0 0 0 0
1.32333 0 0 0 0
1.33 0 0 0 0
1.33667 0 0 0 0
1.34333 0 0 0 0
1.35 0 0 0 0
1.35667 0 0 0 0
1.36333 0 0 0 0
1.37 0 0 0 0
1.37667 0 0 0 0
1.38333 0 0 0 0
1.39 0 0 0 0
1.39667 0 0 0 0
1.40333 0 0 0 0
1.41 0 0 0 0
1.41667 0 0 0 0
1.42333 0 0 0 0
1.43 0 0 0 0
1.43667 0 0 0 0
1.44333 0 0 0 0
1.45 0 0 0 0
1.45667 0 0 0 0
1.46333 0 0 0 0
1.47 0 0 0 0
1.47667 0 0 0 0
1.48333 0 0 0 0
1.49 0 0 0 0
1.49667 0 0 0 0
1.50333 0 0 0 0
1.51 0 0 0 0
1.51667 0 0 0 0
1.52333 0 0 0 0
1.53 0 0 0 0
1.53667 0 0 0 0
1.54333 0 0 0 0
1.55 0 0 0 0
1.55667 0 0 0 0
1.56333 0 0 0 0
1.57 0 0 0 0
1.57667 0 0 0 0
1.58333 0 0 0 0
1.59 0 0 0 0
1.59667 0 0 0 0
1.60333 0 0 0 0
1.61 0 0 0 0
1.61667 0 0 0 0
1.62333 0 0 0 0
1.63 0 0 0 0
1.63667 0 0 0 0
1.64333 0 0 0 0
1.65 0 0 0 0
1.65667 0 0 0 0
1.66333 0 0 0 0
1.67 0 0 0 0
1.67667 0 0 0 0
1.68333 0 0 0 0
1.69 0 0 0 0
1.69667 0 0 0 0
1.70333 0 0 0 0
1.71 0 0 0 0
1.71667 0 0 0 0
1.72333 0 0 0 0
1.73 0 0 0 0
1.73667 0 0 0 0
1.74333 0 0 0 0
1.75 0 0 0 0
1.75667 0 0 0 0
1.76333 0 0 0 0
1.77 0 0 0 0
1.77667 0 0 0 0
1.78333 0 0 0 0
1.79 0 0 0 0
1.79667 0 0 0 0
1.80333 0 0 0 0
1.81 0 0 0 0
1.81667 0 0 0 0
1.82333 0 0 0 0
1.83 0 0 0 0
1.83667 0 0 0 0
1.84333 0 0 0 0
1.85 0 0 0 0
1.85667 0 0 0 0
1.86333 0 0 0 0
1.87 0 0 0 0
1.87667 0 0 0 0
1.88333 0 0 0 0
1.89 0 0 0 0
1.89667 0 0 0 0
1.90333 0 0 0 0
1.91 0 0 0 0
1.91667 0 0 0 0
1.92333 0 0 0 0
1.93 0 0 0 0
1.93667 0 0 0 0
1.94333 0 0 0 0
1.95 0 0 0 0
1.95667 0 0 0 0
1.96333 0 0 0 0
1.97 0 0 0 0
1.97667 0 0 0 0
1.98333 0 0 0 0
1.99 0 0 0 0
1.99667 0 0 0 0
