0.00333333 9 79 7 0
0.01 16 91 7 1
0.0166667 15 96 4 0
0.0233333 18 120 6 0
0.03 17 113 6 0
0.0366667 31 102 6 0
0.0433333 39 130 12 1
0.05 39 126 6 1
0.0566667 43 164 12 0
0.0633333 50 179 8 0
0.07 52 154 11 1
0.0766667 60 189 8 1
0.0833333 57 165 10 1
0.09 60 175 15 0
0.0966667 59 189 9 1
0.103333 54 169 8 0
0.11 56 163 13 2
0.116667 59 197 11 3
0.123333 58 190 11 1
0.13 40 167 9 2
0.136667 38 186 7 4
0.143333 44 173 17 0
0.15 39 179 6 1
0.156667 36 214 10 1
0.163333 39 216 5 0
0.17 42 207 11 1
0.176667 37 197 9 0
0.183333 28 267 11 2
0.19 42 367 10 1
0.196667 38 284 15 0
0.203333 29 270 4 1
0.21 44 252 10 2
0.216667 41 225 9 0
0.223333 35 208 8 1
0.23 37 227 5 2
0.236667 30 212 10 0
0.243333 24 183 6 0
0.25 39 178 11 0
0.256667 30 185 10 1
0.263333 38 170 4 0
0.27 25 134 4 1
0.276667 27 165 8 0
0.283333 25 145 8 1
0.29 25 125 5 0
0.296667 24 143 6 0
0.303333 29 132 4 0
0.31 27 154 6 1
0.316667 27 133 4 1
0.323333 18 113 6 0
0.33 22 111 3 1
0.336667 22 117 9 0
0.343333 22 123 8 1
0.35 24 100 10 0
0.356667 18 124 4 1
0.363333 20 116 7 0
0.37 17 108 5 0
0.376667 20 126 4 1
0.383333 15 97 5 0
0.39 16 111 5 1
0.396667 19 103 5 1
0.403333 15 109 5 1
0.41 21 98 2 0
0.416667 16 99 4 0
0.423333 22 98 7 1
0.43 18 94 7 0
0.436667 16 115 3 0
0.443333 12 94 2 0
0.45 19 86 7 0
0.456667 19 138 4 1
0.463333 15 108 7 1
0.47 11 108 4 0
0.476667 12 83 3 0
0.483333 13 46 7 1
0.49 18 52 7 1
0.496667 9 30 2 1
0.503333 10 34 4 0
0.51 8 28 7 2
0.516667 16 37 6 0
0.523333 7 26 5 0
0.53 7 20 1 0
0.536667 13 22 3 0
0.543333 14 16 0 0
0.55 13 11 1 0
0.556667 8 26 1 0
0.563333 13 22 4 0
0.57 5 19 5 0
0.576667 19 18 5 0
0.583333 8 20 5 0
0.59 6 13 2 0
0.596667 8 17 4 0
0.603333 10 14 4 0
0.61 12 16 3 0
0.616667 16 14 3 0
0.623333 13 14 1 0
0.63 8 18 1 0
0.636667 12 33 4 0
0.643333 8 15 2 2
0.65 14 11 4 1
0.656667 10 19 5 0
0.663333 392 6516 229 7
0.67 0 0 0 0
0.676667 0 0 0 0
0.683333 0 0 0 0
0.69 0 0 0 0
0.696667 0 0 0 0
0.703333 0 0 0 0
0.71 0 0 0 0
0.716667 0 0 0 0
0.723333 0 0 0 0
0.73 0 0 0 0
0.736667 0 0 0 0
0.743333 0 0 0 0
0.75 0 0 0 0
0.756667 0 0 0 0
0.763333 0 0 0 0
0.77 0 0 0 0
0.776667 0 0 0 0
0.783333 0 0 0 0
0.79 0 0 0 0
0.796667 0 0 0 0
0.803333 0 0 0 0
0.81 0 0 0 0
0.816667 0 0 0 0
0.823333 0 0 0 0
0.83 0 0 0 0
0.836667 0 0 0 0
0.843333 0 0 0 0
0.85 0 0 0 0
0.856667 0 0 0 0
0.863333 0 0 0 0
0.87 0 0 0 0
0.876667 0 0 0 0
0.883333 0 0 0 0
0.89 0 0 0 0
0.896667 0 0 0 0
0.903333 0 0 0 0
0.91 0 0 0 0
0.916667 0 0 0 0
0.923333 0 0 0 0
0.93 0 0 0 0
0.936667 0 0 0 0
0.943333 0 0 0 0
0.95 0 0 0 0
0.956667 0 0 0 0
0.963333 0 0 0 0
0.97 0 0 0 0
0.976667 0 0 0 0
0.983333 0 0 0 0
0.99 0 0 0 0
0.996667 0 0 0 0
1.00333 0 0 0 0
1.01 0 0 0 0
1.01667 0 0 0 0
1.02333 0 0 0 0
1.03 0 0 0 0
1.03667 0 0 0 0
1.04333 0 0 0 0
1.05 0 0 0 0
1.05667 0 0 0 0
1.06333 0 0 0 0
1.07 0 0 0 0
1.07667 0 0 0 0
1.08333 0 0 0 0
1.09 0 0 0 0
1.09667 0 0 0 0
1.10333 0 0 0 0
1.11 0 0 0 0
1.11667 0 0 0 0
1.12333 0 0 0 0
1.13 0 0 0 0
1.13667 0 0 0 0
1.14333 0 0 0 0
1.15 0 0 0 0
1.15667 0 0 0 0
1.16333 0 0 0 0
1.17 0 0 0 0
1.17667 0 0 0 0
1.18333 0 0 0 0
1.19 0 0 0 0
1.19667 0 0 0 0
1.20333 0 0 0 0
1.21 0 0 0 0
1.21667 0 0 0 0
1.22333 0 0 0 0
1.23 0 0 0 0
1.23667 0 0 0 0
1.24333 0 0 0 0
1.25 0 0 0 0
1.25667 0 0 0 0
1.26333 0 0 0 0
1.27 0 0 0 0
1.27667 0 0 0 0
1.28333 0 0 0 0
1.29 0 0 0 0
1.29667 0 0 0 0
1.30333 0 0 0 0
1.31 0 0 0 0
1.31667 0 0 0 0
1.32333 0 0 0 0
1.33 0 0 0 0
1.33667 0 0 0 0
1.34333 0 0 0 0
1.35 0 0 0 0
1.35667 0 0 0 0
1.36333 0 0 0 0
1.37 0 0 0 0
1.37667 0 0 0 0
1.38333 0 0 0 0
1.39 0 0 0 0
1.39667 0 0 0 0
1.40333 0 0 0 0
1.41 0 0 0 0
1.41667 0 0 0 0
1.42333 0 0 0 0
1.43 0 0 0 0
1.43667 0 0 0 0
1.44333 0 0 0 0
1.45 0 0 0 0
1.45667 0 0 0 0
1.46333 0 0 0 0
1.47 0 0 0 0
1.47667 0 0 0 0
1.48333 0 0 0 0
1.49 0 0 0 0
1.49667 0 0 0 0
1.50333 0 0 0 0
1.51 0 0 0 0
1.51667 0 0 0 0
1.52333 0 0 0 0
1.53 0 0 0 0
1.53667 0 0 0 0
1.54333 0 0 0 0
1.55 0 0 0 0
1.55667 0 0 0 0
1.56333 0 0 0 0
1.57 0 0 0 0
1.57667 0 0 0 0
1.58333 0 0 0 0
1.59 0 0 0 0
1.59667 0 0 0 0
1.60333 0 0 0 0
1.61 0 0 0 0
1.61667 0 0 0 0
1.62333 0 0 0 0
1.63 0 0 0 0
1.63667 0 0 0 0
1.64333 0 0 0 0
1.65 0 0 0 0
1.65667 0 0 0 0
1.66333 0 0 0 0
1.67 0 0 0 0
1.67667 0 0 0 0
1.68333 0 0 0 0
1.69 0 0 0 0
1.69667 0 0 0 0
1.70333 0 0 0 0
1.71 0 0 0 0
1.71667 0 0 0 0
1.72333 0 0 0 0
1.73 0 0 0 0
1.73667 0 0 0 0
1.74333 0 0 0 0
1.75 0 0 0 0
1.75667 0 0 0 0
1.76333 0 0 0 0
1.77 0 0 0 0
1.77667 0 0 0 0
1.78333 0 0 0 0
1.79 0 0 0 0
1.79667 0 0 0 0
1.80333 0 0 0 0
1.81 0 0 0 0
1.81667 0 0 0 0
1.82333 0 0 0 0
1.83 0 0 0 0
1.83667 0 0 0 0
1.84333 0 0 0 0
1.85 0 0 0 0
1.85667 0 0 0 0
1.86333 0 0 0 0
1.87 0 0 0 0
1.87667 0 0 0 0
1.88333 0 0 0 0
1.89 0 0 0 0
1.89667 0 0 0 0
1.90333 0 0 0 0
1.91 0 0 0 0
1.91667 0 0 0 0
1.92333 0 0 0 0
1.93 0 0 0 0
1.93667 0 0 0 0
1.94333 0 0 0 0
1.95 0 0 0 0
1.95667 0 0 0 0
1.96333 0 0 0 0
1.97 0 0 0 0
1.97667 0 0 0 0
1.98333 0 0 0 0
1.99 0 0 0 0
1.99667 0 0 0 0
