0.00333333 71 20 2 0
0.01 76 22 3 0
0.0166667 80 27 4 2
0.0233333 100 32 0 1
0.03 91 37 3 1
0.0366667 106 47 4 1
0.0433333 132 69 4 1
0.05 195 66 3 1
0.0566667 210 92 3 5
0.0633333 214 71 6 2
0.07 240 96 6 0
0.0766667 254 95 3 1
0.0833333 252 91 4 3
0.09 232 91 4 1
0.0966667 245 93 5 2
0.103333 227 91 5 3
0.11 275 92 6 1
0.116667 286 93 5 3
0.123333 293 77 4 5
0.13 256 90 5 2
0.136667 239 75 2 1
0.143333 227 67 0 1
0.15 206 79 7 3
0.156667 240 75 3 3
0.163333 198 74 6 1
0.17 203 73 1 1
0.176667 190 72 0 1
0.183333 235 87 2 0
0.19 238 62 2 2
0.196667 211 68 2 1
0.203333 224 60 2 2
0.21 198 66 4 1
0.216667 199 57 1 3
0.223333 210 57 2 2
0.23 170 45 1 1
0.236667 170 50 5 4
0.243333 161 49 4 1
0.25 186 64 2 0
0.256667 153 45 3 2
0.263333 161 47 1 1
0.27 145 39 3 2
0.276667 153 41 2 3
0.283333 135 39 3 1
0.29 139 51 3 1
0.296667 129 53 3 2
0.303333 121 52 0 0
0.31 131 43 3 0
0.316667 110 35 2 1
0.323333 114 34 1 0
0.33 120 34 2 1
0.336667 111 26 2 3
0.343333 117 30 1 0
0.35 82 32 0 3
0.356667 90 29 4 0
0.363333 91 38 1 1
0.37 89 21 3 1
0.376667 87 37 0 1
0.383333 92 21 1 0
0.39 84 28 0 0
0.396667 98 24 3 1
0.403333 79 23 2 3
0.41 79 22 1 1
0.416667 81 40 4 4
0.423333 89 25 5 0
0.43 93 27 0 0
0.436667 88 30 2 0
0.443333 78 26 2 1
0.45 88 29 2 0
0.456667 85 30 1 0
0.463333 87 28 1 1
0.47 95 20 0 1
0.476667 69 30 1 0
0.483333 69 17 3 1
0.49 51 21 2 1
0.496667 43 20 0 0
0.503333 44 19 1 0
0.51 53 15 2 1
0.516667 55 22 2 0
0.523333 46 16 1 1
0.53 46 13 1 0
0.536667 35 21 1 1
0.543333 41 14 2 1
0.55 43 14 0 0
0.556667 47 10 2 0
0.563333 39 13 0 1
0.57 46 13 2 1
0.576667 30 18 1 0
0.583333 34 14 1 0
0.59 39 22 3 0
0.596667 37 14 1 0
0.603333 36 12 1 1
0.61 34 10 2 1
0.616667 37 10 0 1
0.623333 32 11 1 0
0.63 45 8 1 1
0.636667 39 13 0 0
0.643333 39 16 2 0
0.65 45 16 0 2
0.656667 41 10 0 1
0.663333 2697 613 23 8
0.67 0 0 0 0
0.676667 0 0 0 0
0.683333 0 0 0 0
0.69 0 0 0 0
0.696667 0 0 0 0
0.703333 0 0 0 0
0.71 0 0 0 0
0.716667 0 0 0 0
0.723333 0 0 0 0
0.73 0 0 0 0
0.736667 0 0 0 0
0.743333 0 0 0 0
0.75 0 0 0 0
0.756667 0 0 0 0
0.763333 0 0 0 0
0.77 0 0 0 0
0.776667 0 0 0 0
0.783333 0 0 0 0
0.79 0 0 0 0
0.796667 0 0 0 0
0.803333 0 0 0 0
0.81 0 0 0 0
0.816667 0 0 0 0
0.823333 0 0 0 0
0.83 0 0 0 0
0.836667 0 0 0 0
0.843333 0 0 0 0
0.85 0 0 0 0
0.856667 0 0 0 0
0.863333 0 0 0 0
0.87 0 0 0 0
0.876667 0 0 0 0
0.883333 0 0 0 0
0.89 0 0 0 0
0.896667 0 0 0 0
0.903333 0 0 0 0
0.91 0 0 0 0
0.916667 0 0 0 0
0.923333 0 0 0 0
0.93 0 0 0 0
0.936667 0 0 0 0
0.943333 0 0 0 0
0.95 0 0 0 0
0.956667 0 0 0 0
0.963333 0 0 0 0
0.97 0 0 0 0
0.976667 0 0 0 0
0.983333 0 0 0 0
0.99 0 0 0 0
0.996667 0 0 0 0
1.00333 0 0 0 0
1.01 0 0 0 0
1.01667 0 0 0 0
1.02333 0 0 0 0
1.03 0 0 0 0
1.03667 0 0 0 0
1.04333 0 0 0 0
1.05 0 0 0 0
1.05667 0 0 0 0
1.06333 0 0 0 0
1.07 0 0 0 0
1.07667 0 0 0 0
1.08333 0 0 0 0
1.09 0 0 0 0
1.09667 0 0 0 0
1.10333 0 0 0 0
1.11 0 0 0 0
1.11667 0 0 0 0
1.12333 0 0 0 0
1.13 0 0 0 0
1.13667 0 0 0 0
1.14333 0 0 0 0
1.15 0 0 0 0
1.15667 0 0 0 0
1.16333 0 0 0 0
1.17 0 0 0 0
1.17667 0 0 0 0
1.18333 0 0 0 0
1.19 0 0 0 0
1.19667 0 0 0 0
1.20333 0 0 0 0
1.21 0 0 0 0
1.21667 0 0 0 0
1.22333 0 0 0 0
1.23 0 0 0 0
1.23667 0 0 0 0
1.24333 0 0 0 0
1.25 0 0 0 0
1.25667 0 0 0 0
1.26333 0 0 0 0
1.27 0 0 0 0
1.27667 0 0 0 0
1.28333 0 0 0 0
1.29 0 0 0 0
1.29667 0 0 0 0
1.30333 0 0 0 0
1.31 0 0 0 0
1.31667 0 0 0 0
1.32333 0 0 0 0
1.33 0 0 0 0
1.33667 0 0 0 0
1.34333 0 0 0 0
1.35 0 0 0 0
1.35667 0 0 0 0
1.36333 0 0 0 0
1.37 0 0 0 0
1.37667 0 0 0 0
1.38333 0 0 0 0
1.39 0 0 0 0
1.39667 0 0 0 0
1.40333 0 0 0 0
1.41 0 0 0 0
1.41667 0 0 0 0
1.42333 0 0 0 0
1.43 0 0 0 0
1.43667 0 0 0 0
1.44333 0 0 0 0
1.45 0 0 0 0
1.45667 0 0 0 0
1.46333 0 0 0 0
1.47 0 0 0 0
1.47667 0 0 0 0
1.48333 0 0 0 0
1.49 0 0 0 0
1.49667 0 0 0 0
1.50333 0 0 0 0
1.51 0 0 0 0
1.51667 0 0 0 0
1.52333 0 0 0 0
1.53 0 0 0 0
1.53667 0 0 0 0
1.54333 0 0 0 0
1.55 0 0 0 0
1.55667 0 0 0 0
1.56333 0 0 0 0
1.57 0 0 0 0
1.57667 0 0 0 0
1.58333 0 0 0 0
1.59 0 0 0 0
1.59667 0 0 0 0
1.60333 0 0 0 0
1.61 0 0 0 0
1.61667 0 0 0 0
1.62333 0 0 0 0
1.63 0 0 0 0
1.63667 0 0 0 0
1.64333 0 0 0 0
1.65 0 0 0 0
1.65667 0 0 0 0
1.66333 0 0 0 0
1.67 0 0 0 0
1.67667 0 0 0 0
1.68333 0 0 0 0
1.69 0 0 0 0
1.69667 0 0 0 0
1.70333 0 0 0 0
1.71 0 0 0 0
1.71667 0 0 0 0
1.72333 0 0 0 0
1.73 0 0 0 0
1.73667 0 0 0 0
1.74333 0 0 0 0
1.75 0 0 0 0
1.75667 0 0 0 0
1.76333 0 0 0 0
1.77 0 0 0 0
1.77667 0 0 0 0
1.78333 0 0 0 0
1.79 0 0 0 0
1.79667 0 0 0 0
1.80333 0 0 0 0
1.81 0 0 0 0
1.81667 0 0 0 0
1.82333 0 0 0 0
1.83 0 0 0 0
1.83667 0 0 0 0
1.84333 0 0 0 0
1.85 0 0 0 0
1.85667 0 0 0 0
1.86333 0 0 0 0
1.87 0 0 0 0
1.87667 0 0 0 0
1.88333 0 0 0 0
1.89 0 0 0 0
1.89667 0 0 0 0
1.90333 0 0 0 0
1.91 0 0 0 0
1.91667 0 0 0 0
1.92333 0 0 0 0
1.93 0 0 0 0
1.93667 0 0 0 0
1.94333 0 0 0 0
1.95 0 0 0 0
1.95667 0 0 0 0
1.96333 0 0 0 0
1.97 0 0 0 0
1.97667 0 0 0 0
1.98333 0 0 0 0
1.99 0 0 0 0
1.99667 0 0 0 0
