0.00333333 2 5 20 137
0.01 2 2 22 163
0.0166667 3 2 31 141
0.0233333 0 1 27 165
0.03 3 4 28 193
0.0366667 4 7 19 171
0.0433333 5 3 47 208
0.05 1 6 55 262
0.0566667 7 8 64 246
0.0633333 1 5 66 250
0.07 4 5 76 303
0.0766667 7 4 83 302
0.0833333 5 10 77 373
0.09 4 7 70 316
0.0966667 5 8 66 351
0.103333 5 6 71 364
0.11 4 7 63 366
0.116667 1 4 55 398
0.123333 2 5 60 421
0.13 5 10 68 433
0.136667 6 7 55 424
0.143333 3 6 55 365
0.15 3 8 54 394
0.156667 1 5 44 408
0.163333 3 9 49 370
0.17 5 10 48 377
0.176667 1 6 38 402
0.183333 4 6 46 465
0.19 5 6 45 554
0.196667 8 6 54 512
0.203333 11 11 49 466
0.21 10 6 46 490
0.216667 1 5 40 421
0.223333 6 5 45 417
0.23 3 4 29 384
0.236667 6 9 29 385
0.243333 4 7 39 347
0.25 8 5 25 335
0.256667 3 8 36 276
0.263333 3 7 35 276
0.27 5 4 36 261
0.276667 3 3 32 230
0.283333 6 7 26 260
0.29 5 5 34 226
0.296667 1 4 29 213
0.303333 3 4 42 218
0.31 1 8 30 228
0.316667 1 2 30 190
0.323333 6 12 24 166
0.33 4 4 27 174
0.336667 1 5 18 184
0.343333 5 3 26 194
0.35 2 4 18 210
0.356667 1 2 26 173
0.363333 4 3 27 188
0.37 1 2 19 177
0.376667 1 4 18 183
0.383333 1 5 22 158
0.39 1 4 24 172
0.396667 4 2 18 171
0.403333 5 2 22 170
0.41 1 5 26 164
0.416667 3 4 21 161
0.423333 6 2 20 146
0.43 2 4 15 158
0.436667 6 5 14 176
0.443333 0 2 16 189
0.45 3 0 19 140
0.456667 2 2 13 159
0.463333 2 5 13 173
0.47 5 6 17 177
0.476667 3 7 13 136
0.483333 5 2 18 86
0.49 1 2 14 94
0.496667 2 3 19 73
0.503333 0 6 21 83
0.51 0 3 11 77
0.516667 3 2 11 68
0.523333 0 1 16 82
0.53 4 2 10 66
0.536667 1 2 7 61
0.543333 1 3 10 63
0.55 1 4 10 56
0.556667 3 6 9 61
0.563333 0 4 12 50
0.57 0 1 8 61
0.576667 1 4 14 59
0.583333 0 5 17 36
0.59 5 3 12 56
0.596667 2 2 6 50
0.603333 2 4 9 40
0.61 1 1 11 55
0.616667 1 0 9 47
0.623333 3 1 5 43
0.63 4 0 9 47
0.636667 4 2 13 69
0.643333 1 1 10 40
0.65 3 2 14 45
0.656667 5 2 8 38
0.663333 82 71 311 8450
0.67 0 0 0 0
0.676667 0 0 0 0
0.683333 0 0 0 0
0.69 0 0 0 0
0.696667 0 0 0 0
0.703333 0 0 0 0
0.71 0 0 0 0
0.716667 0 0 0 0
0.723333 0 0 0 0
0.73 0 0 0 0
0.736667 0 0 0 0
0.743333 0 0 0 0
0.75 0 0 0 0
0.756667 0 0 0 0
0.763333 0 0 0 0
0.77 0 0 0 0
0.776667 0 0 0 0
0.783333 0 0 0 0
0.79 0 0 0 0
0.796667 0 0 0 0
0.803333 0 0 0 0
0.81 0 0 0 0
0.816667 0 0 0 0
0.823333 0 0 0 0
0.83 0 0 0 0
0.836667 0 0 0 0
0.843333 0 0 0 0
0.85 0 0 0 0
0.856667 0 0 0 0
0.863333 0 0 0 0
0.87 0 0 0 0
0.876667 0 0 0 0
0.883333 0 0 0 0
0.89 0 0 0 0
0.896667 0 0 0 0
0.903333 0 0 0 0
0.91 0 0 0 0
0.916667 0 0 0 0
0.923333 0 0 0 0
0.93 0 0 0 0
0.936667 0 0 0 0
0.943333 0 0 0 0
0.95 0 0 0 0
0.956667 0 0 0 0
0.963333 0 0 0 0
0.97 0 0 0 0
0.976667 0 0 0 0
0.983333 0 0 0 0
0.99 0 0 0 0
0.996667 0 0 0 0
1.00333 0 0 0 0
1.01 0 0 0 0
1.01667 0 0 0 0
1.02333 0 0 0 0
1.03 0 0 0 0
1.03667 0 0 0 0
1.04333 0 0 0 0
1.05 0 0 0 0
1.05667 0 0 0 0
1.06333 0 0 0 0
1.07 0 0 0 0
1.07667 0 0 0 0
1.08333 0 0 0 0
1.09 0 0 0 0
1.09667 0 0 0 0
1.10333 0 0 0 0
1.11 0 0 0 0
1.11667 0 0 0 0
1.12333 0 0 0 0
1.13 0 0 0 0
1.13667 0 0 0 0
1.14333 0 0 0 0
1.15 0 0 0 0
1.15667 0 0 0 0
1.16333 0 0 0 0
1.17 0 0 0 0
1.17667 0 0 0 0
1.18333 0 0 0 0
1.19 0 0 0 0
1.19667 0 0 0 0
1.20333 0 0 0 0
1.21 0 0 0 0
1.21667 0 0 0 0
1.22333 0 0 0 0
1.23 0 0 0 0
1.23667 0 0 0 0
1.24333 0 0 0 0
1.25 0 0 0 0
1.25667 0 0 0 0
1.26333 0 0 0 0
1.27 0 0 0 0
1.27667 0 0 0 0
1.28333 0 0 0 0
1.29 0 0 0 0
1.29667 0 0 0 0
1.30333 0 0 0 0
1.31 0 0 0 0
1.31667 0 0 0 0
1.32333 0 0 0 0
1.33 0 0 0 0
1.33667 0 0 0 0
1.34333 0 0 0 0
1.35 0 0 0 0
1.35667 0 0 0 0
1.36333 0 0 0 0
1.37 0 0 0 0
1.37667 0 0 0 0
1.38333 0 0 0 0
1.39 0 0 0 0
1.39667 0 0 0 0
1.40333 0 0 0 0
1.41 0 0 0 0
1.41667 0 0 0 0
1.42333 0 0 0 0
1.43 0 0 0 0
1.43667 0 0 0 0
1.44333 0 0 0 0
1.45 0 0 0 0
1.45667 0 0 0 0
1.46333 0 0 0 0
1.47 0 0 0 0
1.47667 0 0 0 0
1.48333 0 0 0 0
1.49 0 0 0 0
1.49667 0 0 0 0
1.50333 0 0 0 0
1.51 0 0 0 0
1.51667 0 0 0 0
1.52333 0 0 0 0
1.53 0 0 0 0
1.53667 0 0 0 0
1.54333 0 0 0 0
1.55 0 0 0 0
1.55667 0 0 0 0
1.56333 0 0 0 0
1.57 0 0 0 0
1.57667 0 0 0 0
1.58333 0 0 0 0
1.59 0 0 0 0
1.59667 0 0 0 0
1.60333 0 0 0 0
1.61 0 0 0 0
1.61667 0 0 0 0
1.62333 0 0 0 0
1.63 0 0 0 0
1.63667 0 0 0 0
1.64333 0 0 0 0
1.65 0 0 0 0
1.65667 0 0 0 0
1.66333 0 0 0 0
1.67 0 0 0 0
1.67667 0 0 0 0
1.68333 0 0 0 0
1.69 0 0 0 0
1.69667 0 0 0 0
1.70333 0 0 0 0
1.71 0 0 0 0
1.71667 0 0 0 0
1.72333 0 0 0 0
1.73 0 0 0 0
1.73667 0 0 0 0
1.74333 0 0 0 0
1.75 0 0 0 0
1.75667 0 0 0 0
1.76333 0 0 0 0
1.77 0 0 0 0
1.77667 0 0 0 0
1.78333 0 0 0 0
1.79 0 0 0 0
1.79667 0 0 0 0
1.80333 0 0 0 0
1.81 0 0 0 0
1.81667 0 0 0 0
1.82333 0 0 0 0
1.83 0 0 0 0
1.83667 0 0 0 0
1.84333 0 0 0 0
1.85 0 0 0 0
1.85667 0 0 0 0
1.86333 0 0 0 0
1.87 0 0 0 0
1.87667 0 0 0 0
1.88333 0 0 0 0
1.89 0 0 0 0
1.89667 0 0 0 0
1.90333 0 0 0 0
1.91 0 0 0 0
1.91667 0 0 0 0
1.92333 0 0 0 0
1.93 0 0 0 0
1.93667 0 0 0 0
1.94333 0 0 0 0
1.95 0 0 0 0
1.95667 0 0 0 0
1.96333 0 0 0 0
1.97 0 0 0 0
1.97667 0 0 0 0
1.98333 0 0 0 0
1.99 0 0 0 0
1.99667 0 0 0 0
