0.00333333 5 7 31 7
0.01 6 10 46 19
0.0166667 9 11 35 12
0.0233333 6 11 29 12
0.03 5 15 39 18
0.0366667 5 23 36 20
0.0433333 8 25 74 11
0.05 9 22 87 30
0.0566667 9 31 83 27
0.0633333 9 35 104 35
0.07 9 30 114 41
0.0766667 18 35 96 38
0.0833333 12 47 135 39
0.09 10 39 109 33
0.0966667 23 52 125 41
0.103333 13 46 120 41
0.11 15 33 122 36
0.116667 7 28 132 48
0.123333 5 32 122 26
0.13 11 31 114 37
0.136667 4 25 88 23
0.143333 17 27 102 34
0.15 9 26 99 23
0.156667 5 26 88 29
0.163333 8 26 83 25
0.17 11 24 85 35
0.176667 8 26 87 26
0.183333 13 24 77 28
0.19 11 22 88 42
0.196667 10 30 89 35
0.203333 5 21 91 27
0.21 10 29 77 36
0.216667 10 25 86 28
0.223333 8 28 71 30
0.23 6 18 63 28
0.236667 10 21 59 15
0.243333 10 24 72 31
0.25 9 18 58 21
0.256667 11 19 53 20
0.263333 4 22 63 27
0.27 8 19 69 22
0.276667 9 22 68 20
0.283333 6 13 54 12
0.29 8 11 51 20
0.296667 6 18 49 14
0.303333 5 16 56 17
0.31 5 13 53 11
0.316667 5 11 42 15
0.323333 7 17 40 15
0.33 7 12 49 16
0.336667 5 12 44 11
0.343333 6 12 48 14
0.35 8 11 37 13
0.356667 2 16 37 23
0.363333 3 14 45 12
0.37 4 7 37 20
0.376667 7 9 43 12
0.383333 6 13 38 13
0.39 6 12 33 13
0.396667 3 11 35 7
0.403333 7 16 31 17
0.41 4 13 34 7
0.416667 4 7 27 8
0.423333 5 9 31 16
0.43 1 14 33 9
0.436667 4 9 44 15
0.443333 3 9 32 14
0.45 6 13 21 5
0.456667 6 12 39 17
0.463333 1 17 36 11
0.47 3 14 41 14
0.476667 6 9 29 14
0.483333 3 11 22 7
0.49 4 6 22 11
0.496667 5 9 25 5
0.503333 4 6 31 10
0.51 3 8 21 4
0.516667 3 10 25 9
0.523333 2 7 25 11
0.53 3 4 25 12
0.536667 4 4 23 6
0.543333 1 4 22 12
0.55 1 6 16 8
0.556667 2 8 15 6
0.563333 6 2 29 9
0.57 3 5 22 8
0.576667 6 4 25 11
0.583333 3 4 27 8
0.59 1 10 20 5
0.596667 5 4 10 3
0.603333 5 4 21 10
0.61 2 1 15 7
0.616667 5 3 12 10
0.623333 6 5 16 2
0.63 3 6 21 11
0.636667 8 5 25 8
0.643333 5 2 12 6
0.65 1 7 20 13
0.656667 4 6 11 9
0.663333 89 141 794 298
0.67 0 0 0 0
0.676667 0 0 0 0
0.683333 0 0 0 0
0.69 0 0 0 0
0.696667 0 0 0 0
0.703333 0 0 0 0
0.71 0 0 0 0
0.716667 0 0 0 0
0.723333 0 0 0 0
0.73 0 0 0 0
0.736667 0 0 0 0
0.743333 0 0 0 0
0.75 0 0 0 0
0.756667 0 0 0 0
0.763333 0 0 0 0
0.77 0 0 0 0
0.776667 0 0 0 0
0.783333 0 0 0 0
0.79 0 0 0 0
0.796667 0 0 0 0
0.803333 0 0 0 0
0.81 0 0 0 0
0.816667 0 0 0 0
0.823333 0 0 0 0
0.83 0 0 0 0
0.836667 0 0 0 0
0.843333 0 0 0 0
0.85 0 0 0 0
0.856667 0 0 0 0
0.863333 0 0 0 0
0.87 0 0 0 0
0.876667 0 0 0 0
0.883333 0 0 0 0
0.89 0 0 0 0
0.896667 0 0 0 0
0.903333 0 0 0 0
0.91 0 0 0 0
0.916667 0 0 0 0
0.923333 0 0 0 0
0.93 0 0 0 0
0.936667 0 0 0 0
0.943333 0 0 0 0
0.95 0 0 0 0
0.956667 0 0 0 0
0.963333 0 0 0 0
0.97 0 0 0 0
0.976667 0 0 0 0
0.983333 0 0 0 0
0.99 0 0 0 0
0.996667 0 0 0 0
1.00333 0 0 0 0
1.01 0 0 0 0
1.01667 0 0 0 0
1.02333 0 0 0 0
1.03 0 0 0 0
1.03667 0 0 0 0
1.04333 0 0 0 0
1.05 0 0 0 0
1.05667 0 0 0 0
1.06333 0 0 0 0
1.07 0 0 0 0
1.07667 0 0 0 0
1.08333 0 0 0 0
1.09 0 0 0 0
1.09667 0 0 0 0
1.10333 0 0 0 0
1.11 0 0 0 0
1.11667 0 0 0 0
1.12333 0 0 0 0
1.13 0 0 0 0
1.13667 0 0 0 0
1.14333 0 0 0 0
1.15 0 0 0 0
1.15667 0 0 0 0
1.16333 0 0 0 0
1.17 0 0 0 0
1.17667 0 0 0 0
1.18333 0 0 0 0
1.19 0 0 0 0
1.19667 0 0 0 0
1.20333 0 0 0 0
1.21 0 0 0 0
1.21667 0 0 0 0
1.22333 0 0 0 0
1.23 0 0 0 0
1.23667 0 0 0 0
1.24333 0 0 0 0
1.25 0 0 0 0
1.25667 0 0 0 0
1.26333 0 0 0 0
1.27 0 0 0 0
1.27667 0 0 0 0
1.28333 0 0 0 0
1.29 0 0 0 0
1.29667 0 0 0 0
1.30333 0 0 0 0
1.31 0 0 0 0
1.31667 0 0 0 0
1.32333 0 0 0 0
1.33 0 0 0 0
1.33667 0 0 0 0
1.34333 0 0 0 0
1.35 0 0 0 0
1.35667 0 0 0 0
1.36333 0 0 0 0
1.37 0 0 0 0
1.37667 0 0 0 0
1.38333 0 0 0 0
1.39 0 0 0 0
1.39667 0 0 0 0
1.40333 0 0 0 0
1.41 0 0 0 0
1.41667 0 0 0 0
1.42333 0 0 0 0
1.43 0 0 0 0
1.43667 0 0 0 0
1.44333 0 0 0 0
1.45 0 0 0 0
1.45667 0 0 0 0
1.46333 0 0 0 0
1.47 0 0 0 0
1.47667 0 0 0 0
1.48333 0 0 0 0
1.49 0 0 0 0
1.49667 0 0 0 0
1.50333 0 0 0 0
1.51 0 0 0 0
1.51667 0 0 0 0
1.52333 0 0 0 0
1.53 0 0 0 0
1.53667 0 0 0 0
1.54333 0 0 0 0
1.55 0 0 0 0
1.55667 0 0 0 0
1.56333 0 0 0 0
1.57 0 0 0 0
1.57667 0 0 0 0
1.58333 0 0 0 0
1.59 0 0 0 0
1.59667 0 0 0 0
1.60333 0 0 0 0
1.61 0 0 0 0
1.61667 0 0 0 0
1.62333 0 0 0 0
1.63 0 0 0 0
1.63667 0 0 0 0
1.64333 0 0 0 0
1.65 0 0 0 0
1.65667 0 0 0 0
1.66333 0 0 0 0
1.67 0 0 0 0
1.67667 0 0 0 0
1.68333 0 0 0 0
1.69 0 0 0 0
1.69667 0 0 0 0
1.70333 0 0 0 0
1.71 0 0 0 0
1.71667 0 0 0 0
1.72333 0 0 0 0
1.73 0 0 0 0
1.73667 0 0 0 0
1.74333 0 0 0 0
1.75 0 0 0 0
1.75667 0 0 0 0
1.76333 0 0 0 0
1.77 0 0 0 0
1.77667 0 0 0 0
1.78333 0 0 0 0
1.79 0 0 0 0
1.79667 0 0 0 0
1.80333 0 0 0 0
1.81 0 0 0 0
1.81667 0 0 0 0
1.82333 0 0 0 0
1.83 0 0 0 0
1.83667 0 0 0 0
1.84333 0 0 0 0
1.85 0 0 0 0
1.85667 0 0 0 0
1.86333 0 0 0 0
1.87 0 0 0 0
1.87667 0 0 0 0
1.88333 0 0 0 0
1.89 0 0 0 0
1.89667 0 0 0 0
1.90333 0 0 0 0
1.91 0 0 0 0
1.91667 0 0 0 0
1.92333 0 0 0 0
1.93 0 0 0 0
1.93667 0 0 0 0
1.94333 0 0 0 0
1.95 0 0 0 0
1.95667 0 0 0 0
1.96333 0 0 0 0
1.97 0 0 0 0
1.97667 0 0 0 0
1.98333 0 0 0 0
1.99 0 0 0 0
1.99667 0 0 0 0
