0.00333333 5 16 7 1
0.01 9 17 12 2
0.0166667 9 14 13 0
0.0233333 13 16 12 0
0.03 10 29 9 1
0.0366667 8 27 18 5
0.0433333 15 31 15 1
0.05 18 40 17 1
0.0566667 21 39 23 3
0.0633333 18 61 20 4
0.07 36 55 21 1
0.0766667 26 52 23 3
0.0833333 27 54 23 4
0.09 24 52 24 2
0.0966667 18 60 24 2
0.103333 21 57 25 3
0.11 32 57 30 4
0.116667 26 55 32 6
0.123333 27 46 17 2
0.13 21 50 23 1
0.136667 24 52 22 2
0.143333 13 66 18 1
0.15 19 30 27 0
0.156667 21 43 30 2
0.163333 19 42 20 2
0.17 12 40 26 3
0.176667 15 36 17 1
0.183333 16 47 30 1
0.19 12 38 24 4
0.196667 15 38 30 2
0.203333 24 39 33 0
0.21 15 25 27 2
0.216667 17 31 26 2
0.223333 20 32 21 2
0.23 11 39 23 2
0.236667 23 27 28 4
0.243333 16 34 20 3
0.25 16 29 23 1
0.256667 15 25 28 3
0.263333 22 22 20 2
0.27 11 29 19 1
0.276667 12 28 18 0
0.283333 10 32 13 1
0.29 14 25 19 3
0.296667 16 25 22 2
0.303333 13 26 23 3
0.31 10 24 21 2
0.316667 6 28 20 3
0.323333 23 16 21 0
0.33 12 25 19 1
0.336667 14 22 16 0
0.343333 11 23 15 0
0.35 17 26 20 1
0.356667 7 21 21 1
0.363333 12 28 11 1
0.37 2 28 18 0
0.376667 11 21 17 1
0.383333 11 24 14 3
0.39 8 27 19 3
0.396667 11 24 17 1
0.403333 14 11 17 0
0.41 10 19 11 0
0.416667 13 22 11 0
0.423333 5 27 17 0
0.43 11 17 11 1
0.436667 8 27 10 2
0.443333 4 21 15 1
0.45 7 14 13 2
0.456667 6 18 17 1
0.463333 12 17 20 1
0.47 7 17 14 1
0.476667 12 22 10 2
0.483333 8 17 9 0
0.49 6 11 5 0
0.496667 7 14 10 1
0.503333 4 8 13 1
0.51 5 6 8 2
0.516667 5 11 6 1
0.523333 7 14 12 1
0.53 4 10 6 0
0.536667 6 10 8 0
0.543333 3 9 11 2
0.55 5 15 6 1
0.556667 4 3 5 1
0.563333 3 13 9 0
0.57 7 11 6 3
0.576667 7 10 14 2
0.583333 3 8 8 1
0.59 6 11 8 2
0.596667 8 5 7 0
0.603333 5 10 10 1
0.61 4 8 9 0
0.616667 5 16 4 2
0.623333 4 8 8 0
0.63 5 9 10 0
0.636667 7 11 4 1
0.643333 3 10 9 0
0.65 0 13 4 3
0.656667 6 8 8 3
0.663333 125 306 570 30
0.67 0 0 0 0
0.676667 0 0 0 0
0.683333 0 0 0 0
0.69 0 0 0 0
0.696667 0 0 0 0
0.703333 0 0 0 0
0.71 0 0 0 0
0.716667 0 0 0 0
0.723333 0 0 0 0
0.73 0 0 0 0
0.736667 0 0 0 0
0.743333 0 0 0 0
0.75 0 0 0 0
0.756667 0 0 0 0
0.763333 0 0 0 0
0.77 0 0 0 0
0.776667 0 0 0 0
0.783333 0 0 0 0
0.79 0 0 0 0
0.796667 0 0 0 0
0.803333 0 0 0 0
0.81 0 0 0 0
0.816667 0 0 0 0
0.823333 0 0 0 0
0.83 0 0 0 0
0.836667 0 0 0 0
0.843333 0 0 0 0
0.85 0 0 0 0
0.856667 0 0 0 0
0.863333 0 0 0 0
0.87 0 0 0 0
0.876667 0 0 0 0
0.883333 0 0 0 0
0.89 0 0 0 0
0.896667 0 0 0 0
0.903333 0 0 0 0
0.91 0 0 0 0
0.916667 0 0 0 0
0.923333 0 0 0 0
0.93 0 0 0 0
0.936667 0 0 0 0
0.943333 0 0 0 0
0.95 0 0 0 0
0.956667 0 0 0 0
0.963333 0 0 0 0
0.97 0 0 0 0
0.976667 0 0 0 0
0.983333 0 0 0 0
0.99 0 0 0 0
0.996667 0 0 0 0
1.00333 0 0 0 0
1.01 0 0 0 0
1.01667 0 0 0 0
1.02333 0 0 0 0
1.03 0 0 0 0
1.03667 0 0 0 0
1.04333 0 0 0 0
1.05 0 0 0 0
1.05667 0 0 0 0
1.06333 0 0 0 0
1.07 0 0 0 0
1.07667 0 0 0 0
1.08333 0 0 0 0
1.09 0 0 0 0
1.09667 0 0 0 0
1.10333 0 0 0 0
1.11 0 0 0 0
1.11667 0 0 0 0
1.12333 0 0 0 0
1.13 0 0 0 0
1.13667 0 0 0 0
1.14333 0 0 0 0
1.15 0 0 0 0
1.15667 0 0 0 0
1.16333 0 0 0 0
1.17 0 0 0 0
1.17667 0 0 0 0
1.18333 0 0 0 0
1.19 0 0 0 0
1.19667 0 0 0 0
1.20333 0 0 0 0
1.21 0 0 0 0
1.21667 0 0 0 0
1.22333 0 0 0 0
1.23 0 0 0 0
1.23667 0 0 0 0
1.24333 0 0 0 0
1.25 0 0 0 0
1.25667 0 0 0 0
1.26333 0 0 0 0
1.27 0 0 0 0
1.27667 0 0 0 0
1.28333 0 0 0 0
1.29 0 0 0 0
1.29667 0 0 0 0
1.30333 0 0 0 0
1.31 0 0 0 0
1.31667 0 0 0 0
1.32333 0 0 0 0
1.33 0 0 0 0
1.33667 0 0 0 0
1.34333 0 0 0 0
1.35 0 0 0 0
1.35667 0 0 0 0
1.36333 0 0 0 0
1.37 0 0 0 0
1.37667 0 0 0 0
1.38333 0 0 0 0
1.39 0 0 0 0
1.39667 0 0 0 0
1.40333 0 0 0 0
1.41 0 0 0 0
1.41667 0 0 0 0
1.42333 0 0 0 0
1.43 0 0 0 0
1.43667 0 0 0 0
1.44333 0 0 0 0
1.45 0 0 0 0
1.45667 0 0 0 0
1.46333 0 0 0 0
1.47 0 0 0 0
1.47667 0 0 0 0
1.48333 0 0 0 0
1.49 0 0 0 0
1.49667 0 0 0 0
1.50333 0 0 0 0
1.51 0 0 0 0
1.51667 0 0 0 0
1.52333 0 0 0 0
1.53 0 0 0 0
1.53667 0 0 0 0
1.54333 0 0 0 0
1.55 0 0 0 0
1.55667 0 0 0 0
1.56333 0 0 0 0
1.57 0 0 0 0
1.57667 0 0 0 0
1.58333 0 0 0 0
1.59 0 0 0 0
1.59667 0 0 0 0
1.60333 0 0 0 0
1.61 0 0 0 0
1.61667 0 0 0 0
1.62333 0 0 0 0
1.63 0 0 0 0
1.63667 0 0 0 0
1.64333 0 0 0 0
1.65 0 0 0 0
1.65667 0 0 0 0
1.66333 0 0 0 0
1.67 0 0 0 0
1.67667 0 0 0 0
1.68333 0 0 0 0
1.69 0 0 0 0
1.69667 0 0 0 0
1.70333 0 0 0 0
1.71 0 0 0 0
1.71667 0 0 0 0
1.72333 0 0 0 0
1.73 0 0 0 0
1.73667 0 0 0 0
1.74333 0 0 0 0
1.75 0 0 0 0
1.75667 0 0 0 0
1.76333 0 0 0 0
1.77 0 0 0 0
1.77667 0 0 0 0
1.78333 0 0 0 0
1.79 0 0 0 0
1.79667 0 0 0 0
1.80333 0 0 0 0
1.81 0 0 0 0
1.81667 0 0 0 0
1.82333 0 0 0 0
1.83 0 0 0 0
1.83667 0 0 0 0
1.84333 0 0 0 0
1.85 0 0 0 0
1.85667 0 0 0 0
1.86333 0 0 0 0
1.87 0 0 0 0
1.87667 0 0 0 0
1.88333 0 0 0 0
1.89 0 0 0 0
1.89667 0 0 0 0
1.90333 0 0 0 0
1.91 0 0 0 0
1.91667 0 0 0 0
1.92333 0 0 0 0
1.93 0 0 0 0
1.93667 0 0 0 0
1.94333 0 0 0 0
1.95 0 0 0 0
1.95667 0 0 0 0
1.96333 0 0 0 0
1.97 0 0 0 0
1.97667 0 0 0 0
1.98333 0 0 0 0
1.99 0 0 0 0
1.99667 0 0 0 0
