0.00333333 25 55 5 5
0.01 21 62 8 0
0.0166667 31 86 12 2
0.0233333 26 78 5 6
0.03 48 92 13 4
0.0366667 38 114 17 6
0.0433333 54 149 24 3
0.05 71 172 31 5
0.0566667 86 203 31 8
0.0633333 96 252 32 14
0.07 81 250 31 9
0.0766667 86 239 26 13
0.0833333 85 245 47 17
0.09 98 238 39 12
0.0966667 107 269 39 14
0.103333 101 258 36 11
0.11 78 266 44 8
0.116667 112 235 46 9
0.123333 86 240 27 9
0.13 83 223 34 13
0.136667 90 251 24 19
0.143333 78 229 22 13
0.15 71 213 25 11
0.156667 65 203 19 11
0.163333 63 179 25 10
0.17 65 172 29 15
0.176667 80 193 32 5
0.183333 90 205 19 8
0.19 75 195 24 9
0.196667 75 198 20 12
0.203333 64 175 25 15
0.21 73 168 18 9
0.216667 52 165 20 10
0.223333 63 159 31 13
0.23 46 140 20 6
0.236667 54 141 22 6
0.243333 49 162 16 8
0.25 64 154 13 3
0.256667 43 122 14 7
0.263333 40 115 15 10
0.27 54 116 10 5
0.276667 45 137 20 5
0.283333 28 102 22 9
0.29 36 144 14 3
0.296667 38 116 7 4
0.303333 30 94 17 9
0.31 35 100 17 5
0.316667 31 90 11 9
0.323333 41 84 13 4
0.33 25 82 16 5
0.336667 29 80 9 6
0.343333 22 92 10 1
0.35 31 86 13 9
0.356667 36 84 8 1
0.363333 30 77 8 2
0.37 23 71 11 4
0.376667 33 72 15 7
0.383333 38 77 10 3
0.39 23 73 13 4
0.396667 30 72 5 2
0.403333 23 82 14 5
0.41 27 65 9 1
0.416667 24 62 7 7
0.423333 27 67 12 2
0.43 20 63 6 5
0.436667 38 76 6 3
0.443333 34 56 9 6
0.45 44 63 7 1
0.456667 27 59 13 7
0.463333 22 55 8 5
0.47 25 70 14 3
0.476667 25 49 9 4
0.483333 17 55 8 3
0.49 10 49 10 5
0.496667 18 42 11 4
0.503333 22 36 8 5
0.51 16 47 13 1
0.516667 9 42 5 2
0.523333 17 29 5 1
0.53 20 33 6 2
0.536667 16 40 2 2
0.543333 14 36 9 1
0.55 7 26 3 4
0.556667 13 30 4 3
0.563333 14 36 3 3
0.57 4 35 8 2
0.576667 14 33 3 2
0.583333 17 30 7 1
0.59 11 35 5 4
0.596667 15 33 7 2
0.603333 9 27 6 3
0.61 9 35 4 3
0.616667 10 38 3 1
0.623333 18 33 3 5
0.63 15 29 2 1
0.636667 12 40 5 4
0.643333 11 27 4 2
0.65 14 26 3 4
0.656667 3 24 8 3
0.663333 635 1898 158 70
0.67 0 0 0 0
0.676667 0 0 0 0
0.683333 0 0 0 0
0.69 0 0 0 0
0.696667 0 0 0 0
0.703333 0 0 0 0
0.71 0 0 0 0
0.716667 0 0 0 0
0.723333 0 0 0 0
0.73 0 0 0 0
0.736667 0 0 0 0
0.743333 0 0 0 0
0.75 0 0 0 0
0.756667 0 0 0 0
0.763333 0 0 0 0
0.77 0 0 0 0
0.776667 0 0 0 0
0.783333 0 0 0 0
0.79 0 0 0 0
0.796667 0 0 0 0
0.803333 0 0 0 0
0.81 0 0 0 0
0.816667 0 0 0 0
0.823333 0 0 0 0
0.83 0 0 0 0
0.836667 0 0 0 0
0.843333 0 0 0 0
0.85 0 0 0 0
0.856667 0 0 0 0
0.863333 0 0 0 0
0.87 0 0 0 0
0.876667 0 0 0 0
0.883333 0 0 0 0
0.89 0 0 0 0
0.896667 0 0 0 0
0.903333 0 0 0 0
0.91 0 0 0 0
0.916667 0 0 0 0
0.923333 0 0 0 0
0.93 0 0 0 0
0.936667 0 0 0 0
0.943333 0 0 0 0
0.95 0 0 0 0
0.956667 0 0 0 0
0.963333 0 0 0 0
0.97 0 0 0 0
0.976667 0 0 0 0
0.983333 0 0 0 0
0.99 0 0 0 0
0.996667 0 0 0 0
1.00333 0 0 0 0
1.01 0 0 0 0
1.01667 0 0 0 0
1.02333 0 0 0 0
1.03 0 0 0 0
1.03667 0 0 0 0
1.04333 0 0 0 0
1.05 0 0 0 0
1.05667 0 0 0 0
1.06333 0 0 0 0
1.07 0 0 0 0
1.07667 0 0 0 0
1.08333 0 0 0 0
1.09 0 0 0 0
1.09667 0 0 0 0
1.10333 0 0 0 0
1.11 0 0 0 0
1.11667 0 0 0 0
1.12333 0 0 0 0
1.13 0 0 0 0
1.13667 0 0 0 0
1.14333 0 0 0 0
1.15 0 0 0 0
1.15667 0 0 0 0
1.16333 0 0 0 0
1.17 0 0 0 0
1.17667 0 0 0 0
1.18333 0 0 0 0
1.19 0 0 0 0
1.19667 0 0 0 0
1.20333 0 0 0 0
1.21 0 0 0 0
1.21667 0 0 0 0
1.22333 0 0 0 0
1.23 0 0 0 0
1.23667 0 0 0 0
1.24333 0 0 0 0
1.25 0 0 0 0
1.25667 0 0 0 0
1.26333 0 0 0 0
1.27 0 0 0 0
1.27667 0 0 0 0
1.28333 0 0 0 0
1.29 0 0 0 0
1.29667 0 0 0 0
1.30333 0 0 0 0
1.31 0 0 0 0
1.31667 0 0 0 0
1.32333 0 0 0 0
1.33 0 0 0 0
1.33667 0 0 0 0
1.34333 0 0 0 0
1.35 0 0 0 0
1.35667 0 0 0 0
1.36333 0 0 0 0
1.37 0 0 0 0
1.37667 0 0 0 0
1.38333 0 0 0 0
1.39 0 0 0 0
1.39667 0 0 0 0
1.40333 0 0 0 0
1.41 0 0 0 0
1.41667 0 0 0 0
1.42333 0 0 0 0
1.43 0 0 0 0
1.43667 0 0 0 0
1.44333 0 0 0 0
1.45 0 0 0 0
1.45667 0 0 0 0
1.46333 0 0 0 0
1.47 0 0 0 0
1.47667 0 0 0 0
1.48333 0 0 0 0
1.49 0 0 0 0
1.49667 0 0 0 0
1.50333 0 0 0 0
1.51 0 0 0 0
1.51667 0 0 0 0
1.52333 0 0 0 0
1.53 0 0 0 0
1.53667 0 0 0 0
1.54333 0 0 0 0
1.55 0 0 0 0
1.55667 0 0 0 0
1.56333 0 0 0 0
1.57 0 0 0 0
1.57667 0 0 0 0
1.58333 0 0 0 0
1.59 0 0 0 0
1.59667 0 0 0 0
1.60333 0 0 0 0
1.61 0 0 0 0
1.61667 0 0 0 0
1.62333 0 0 0 0
1.63 0 0 0 0
1.63667 0 0 0 0
1.64333 0 0 0 0
1.65 0 0 0 0
1.65667 0 0 0 0
1.66333 0 0 0 0
1.67 0 0 0 0
1.67667 0 0 0 0
1.68333 0 0 0 0
1.69 0 0 0 0
1.69667 0 0 0 0
1.70333 0 0 0 0
1.71 0 0 0 0
1.71667 0 0 0 0
1.72333 0 0 0 0
1.73 0 0 0 0
1.73667 0 0 0 0
1.74333 0 0 0 0
1.75 0 0 0 0
1.75667 0 0 0 0
1.76333 0 0 0 0
1.77 0 0 0 0
1.77667 0 0 0 0
1.78333 0 0 0 0
1.79 0 0 0 0
1.79667 0 0 0 0
1.80333 0 0 0 0
1.81 0 0 0 0
1.81667 0 0 0 0
1.82333 0 0 0 0
1.83 0 0 0 0
1.83667 0 0 0 0
1.84333 0 0 0 0
1.85 0 0 0 0
1.85667 0 0 0 0
1.86333 0 0 0 0
1.87 0 0 0 0
1.87667 0 0 0 0
1.88333 0 0 0 0
1.89 0 0 0 0
1.89667 0 0 0 0
1.90333 0 0 0 0
1.91 0 0 0 0
1.91667 0 0 0 0
1.92333 0 0 0 0
1.93 0 0 0 0
1.93667 0 0 0 0
1.94333 0 0 0 0
1.95 0 0 0 0
1.95667 0 0 0 0
1.96333 0 0 0 0
1.97 0 0 0 0
1.97667 0 0 0 0
1.98333 0 0 0 0
1.99 0 0 0 0
1.99667 0 0 0 0
