0.00333333 0 2 58 31
0.01 2 2 62 36
0.0166667 1 3 57 49
0.0233333 2 3 59 47
0.03 1 6 81 64
0.0366667 0 2 82 96
0.0433333 0 4 104 80
0.05 2 4 143 120
0.0566667 1 12 147 137
0.0633333 4 8 174 146
0.07 2 15 189 167
0.0766667 2 11 205 147
0.0833333 4 5 217 177
0.09 3 6 241 181
0.0966667 5 12 208 146
0.103333 1 10 191 158
0.11 3 9 202 177
0.116667 5 13 191 167
0.123333 1 8 198 157
0.13 3 3 195 147
0.136667 2 5 173 150
0.143333 2 5 201 135
0.15 1 6 175 139
0.156667 1 5 172 135
0.163333 2 2 186 130
0.17 3 5 163 137
0.176667 5 6 149 115
0.183333 3 8 157 126
0.19 0 6 188 110
0.196667 5 9 156 94
0.203333 2 9 145 112
0.21 2 5 146 118
0.216667 2 4 155 114
0.223333 0 4 132 109
0.23 4 5 114 93
0.236667 1 2 121 105
0.243333 1 4 111 79
0.25 3 7 107 88
0.256667 1 1 105 61
0.263333 1 3 104 74
0.27 3 6 96 68
0.276667 5 2 111 88
0.283333 0 4 101 70
0.29 0 4 98 67
0.296667 0 2 85 65
0.303333 1 4 80 75
0.31 1 2 62 76
0.316667 4 1 80 66
0.323333 2 6 70 64
0.33 2 4 69 79
0.336667 3 3 68 70
0.343333 0 1 71 53
0.35 1 6 75 64
0.356667 1 1 77 56
0.363333 0 3 62 46
0.37 2 4 65 50
0.376667 0 1 69 42
0.383333 3 3 71 53
0.39 0 1 63 43
0.396667 2 3 64 65
0.403333 0 5 59 38
0.41 0 3 57 52
0.416667 0 5 59 53
0.423333 0 2 64 45
0.43 0 3 57 43
0.436667 0 4 59 46
0.443333 3 3 45 34
0.45 1 2 61 49
0.456667 0 4 70 44
0.463333 1 4 46 50
0.47 4 2 52 40
0.476667 0 5 56 36
0.483333 0 6 43 24
0.49 0 3 31 19
0.496667 1 2 38 41
0.503333 1 3 38 34
0.51 1 2 33 32
0.516667 1 0 39 32
0.523333 0 0 40 26
0.53 1 2 38 28
0.536667 2 2 38 37
0.543333 0 0 31 24
0.55 2 1 28 20
0.556667 1 6 28 27
0.563333 0 3 26 29
0.57 1 1 21 26
0.576667 1 2 27 23
0.583333 1 1 26 14
0.59 0 4 34 19
0.596667 0 2 24 15
0.603333 0 2 28 26
0.61 0 2 36 12
0.616667 1 1 30 21
0.623333 1 1 27 24
0.63 0 1 29 22
0.636667 0 3 30 24
0.643333 0 2 25 19
0.65 1 1 31 28
0.656667 1 2 21 26
0.663333 13 25 1591 1127
0.67 0 0 0 0
0.676667 0 0 0 0
0.683333 0 0 0 0
0.69 0 0 0 0
0.696667 0 0 0 0
0.703333 0 0 0 0
0.71 0 0 0 0
0.716667 0 0 0 0
0.723333 0 0 0 0
0.73 0 0 0 0
0.736667 0 0 0 0
0.743333 0 0 0 0
0.75 0 0 0 0
0.756667 0 0 0 0
0.763333 0 0 0 0
0.77 0 0 0 0
0.776667 0 0 0 0
0.783333 0 0 0 0
0.79 0 0 0 0
0.796667 0 0 0 0
0.803333 0 0 0 0
0.81 0 0 0 0
0.816667 0 0 0 0
0.823333 0 0 0 0
0.83 0 0 0 0
0.836667 0 0 0 0
0.843333 0 0 0 0
0.85 0 0 0 0
0.856667 0 0 0 0
0.863333 0 0 0 0
0.87 0 0 0 0
0.876667 0 0 0 0
0.883333 0 0 0 0
0.89 0 0 0 0
0.896667 0 0 0 0
0.903333 0 0 0 0
0.91 0 0 0 0
0.916667 0 0 0 0
0.923333 0 0 0 0
0.93 0 0 0 0
0.936667 0 0 0 0
0.943333 0 0 0 0
0.95 0 0 0 0
0.956667 0 0 0 0
0.963333 0 0 0 0
0.97 0 0 0 0
0.976667 0 0 0 0
0.983333 0 0 0 0
0.99 0 0 0 0
0.996667 0 0 0 0
1.00333 0 0 0 0
1.01 0 0 0 0
1.01667 0 0 0 0
1.02333 0 0 0 0
1.03 0 0 0 0
1.03667 0 0 0 0
1.04333 0 0 0 0
1.05 0 0 0 0
1.05667 0 0 0 0
1.06333 0 0 0 0
1.07 0 0 0 0
1.07667 0 0 0 0
1.08333 0 0 0 0
1.09 0 0 0 0
1.09667 0 0 0 0
1.10333 0 0 0 0
1.11 0 0 0 0
1.11667 0 0 0 0
1.12333 0 0 0 0
1.13 0 0 0 0
1.13667 0 0 0 0
1.14333 0 0 0 0
1.15 0 0 0 0
1.15667 0 0 0 0
1.16333 0 0 0 0
1.17 0 0 0 0
1.17667 0 0 0 0
1.18333 0 0 0 0
1.19 0 0 0 0
1.19667 0 0 0 0
1.20333 0 0 0 0
1.21 0 0 0 0
1.21667 0 0 0 0
1.22333 0 0 0 0
1.23 0 0 0 0
1.23667 0 0 0 0
1.24333 0 0 0 0
1.25 0 0 0 0
1.25667 0 0 0 0
1.26333 0 0 0 0
1.27 0 0 0 0
1.27667 0 0 0 0
1.28333 0 0 0 0
1.29 0 0 0 0
1.29667 0 0 0 0
1.30333 0 0 0 0
1.31 0 0 0 0
1.31667 0 0 0 0
1.32333 0 0 0 0
1.33 0 0 0 0
1.33667 0 0 0 0
1.34333 0 0 0 0
1.35 0 0 0 0
1.35667 0 0 0 0
1.36333 0 0 0 0
1.37 0 0 0 0
1.37667 0 0 0 0
1.38333 0 0 0 0
1.39 0 0 0 0
1.39667 0 0 0 0
1.40333 0 0 0 0
1.41 0 0 0 0
1.41667 0 0 0 0
1.42333 0 0 0 0
1.43 0 0 0 0
1.43667 0 0 0 0
1.44333 0 0 0 0
1.45 0 0 0 0
1.45667 0 0 0 0
1.46333 0 0 0 0
1.47 0 0 0 0
1.47667 0 0 0 0
1.48333 0 0 0 0
1.49 0 0 0 0
1.49667 0 0 0 0
1.50333 0 0 0 0
1.51 0 0 0 0
1.51667 0 0 0 0
1.52333 0 0 0 0
1.53 0 0 0 0
1.53667 0 0 0 0
1.54333 0 0 0 0
1.55 0 0 0 0
1.55667 0 0 0 0
1.56333 0 0 0 0
1.57 0 0 0 0
1.57667 0 0 0 0
1.58333 0 0 0 0
1.59 0 0 0 0
1.59667 0 0 0 0
1.60333 0 0 0 0
1.61 0 0 0 0
1.61667 0 0 0 0
1.62333 0 0 0 0
1.63 0 0 0 0
1.63667 0 0 0 0
1.64333 0 0 0 0
1.65 0 0 0 0
1.65667 0 0 0 0
1.66333 0 0 0 0
1.67 0 0 0 0
1.67667 0 0 0 0
1.68333 0 0 0 0
1.69 0 0 0 0
1.69667 0 0 0 0
1.70333 0 0 0 0
1.71 0 0 0 0
1.71667 0 0 0 0
1.72333 0 0 0 0
1.73 0 0 0 0
1.73667 0 0 0 0
1.74333 0 0 0 0
1.75 0 0 0 0
1.75667 0 0 0 0
1.76333 0 0 0 0
1.77 0 0 0 0
1.77667 0 0 0 0
1.78333 0 0 0 0
1.79 0 0 0 0
1.79667 0 0 0 0
1.80333 0 0 0 0
1.81 0 0 0 0
1.81667 0 0 0 0
1.82333 0 0 0 0
1.83 0 0 0 0
1.83667 0 0 0 0
1.84333 0 0 0 0
1.85 0 0 0 0
1.85667 0 0 0 0
1.86333 0 0 0 0
1.87 0 0 0 0
1.87667 0 0 0 0
1.88333 0 0 0 0
1.89 0 0 0 0
1.89667 0 0 0 0
1.90333 0 0 0 0
1.91 0 0 0 0
1.91667 0 0 0 0
1.92333 0 0 0 0
1.93 0 0 0 0
1.93667 0 0 0 0
1.94333 0 0 0 0
1.95 0 0 0 0
1.95667 0 0 0 0
1.96333 0 0 0 0
1.97 0 0 0 0
1.97667 0 0 0 0
1.98333 0 0 0 0
1.99 0 0 0 0
1.99667 0 0 0 0
