0.00333333 1 3 110 18
0.01 0 2 96 23
0.0166667 3 2 104 26
0.0233333 3 7 120 26
0.03 1 4 105 19
0.0366667 1 5 131 28
0.0433333 0 10 151 36
0.05 2 8 177 52
0.0566667 0 12 208 47
0.0633333 2 9 216 48
0.07 1 11 198 70
0.0766667 3 4 258 49
0.0833333 1 14 253 67
0.09 4 12 252 59
0.0966667 0 11 259 70
0.103333 5 13 252 70
0.11 1 12 255 68
0.116667 1 8 292 64
0.123333 3 8 302 55
0.13 1 11 294 68
0.136667 3 17 281 58
0.143333 4 10 264 48
0.15 1 13 270 40
0.156667 2 8 272 48
0.163333 0 11 288 48
0.17 2 13 253 39
0.176667 2 4 246 40
0.183333 1 2 259 36
0.19 2 5 278 45
0.196667 5 12 277 48
0.203333 1 6 311 34
0.21 1 5 253 39
0.216667 6 7 273 38
0.223333 1 4 266 49
0.23 2 8 263 36
0.236667 1 5 211 40
0.243333 3 7 216 23
0.25 2 8 222 25
0.256667 2 2 188 33
0.263333 1 9 197 38
0.27 0 8 194 23
0.276667 2 3 165 15
0.283333 1 5 162 25
0.29 3 3 156 35
0.296667 1 3 160 26
0.303333 1 5 129 31
0.31 2 4 149 21
0.316667 1 8 140 28
0.323333 1 11 120 20
0.33 0 3 147 20
0.336667 0 2 143 29
0.343333 4 2 141 15
0.35 0 2 138 30
0.356667 3 4 131 22
0.363333 0 2 122 22
0.37 0 1 131 22
0.376667 1 5 132 26
0.383333 1 0 120 20
0.39 2 1 119 21
0.396667 1 8 134 18
0.403333 1 3 107 17
0.41 1 3 124 19
0.416667 1 1 134 19
0.423333 0 3 122 14
0.43 1 4 112 17
0.436667 1 5 118 19
0.443333 3 6 100 14
0.45 2 2 101 23
0.456667 0 5 131 22
0.463333 0 2 117 26
0.47 1 5 120 24
0.476667 1 6 98 16
0.483333 0 5 59 8
0.49 0 2 63 11
0.496667 3 3 52 6
0.503333 0 2 56 20
0.51 1 3 64 14
0.516667 1 2 62 10
0.523333 0 2 45 19
0.53 0 3 50 17
0.536667 3 2 35 19
0.543333 0 3 50 13
0.55 1 2 54 9
0.556667 0 3 45 9
0.563333 0 4 50 14
0.57 1 1 36 10
0.576667 1 3 28 10
0.583333 1 2 46 12
0.59 1 2 49 8
0.596667 3 1 51 7
0.603333 0 1 46 10
0.61 1 1 43 14
0.616667 0 3 35 11
0.623333 0 4 46 4
0.63 0 2 43 11
0.636667 0 1 59 9
0.643333 2 0 34 8
0.65 2 0 41 7
0.656667 0 6 41 10
0.663333 13 43 4472 292
0.67 0 0 0 0
0.676667 0 0 0 0
0.683333 0 0 0 0
0.69 0 0 0 0
0.696667 0 0 0 0
0.703333 0 0 0 0
0.71 0 0 0 0
0.716667 0 0 0 0
0.723333 0 0 0 0
0.73 0 0 0 0
0.736667 0 0 0 0
0.743333 0 0 0 0
0.75 0 0 0 0
0.756667 0 0 0 0
0.763333 0 0 0 0
0.77 0 0 0 0
0.776667 0 0 0 0
0.783333 0 0 0 0
0.79 0 0 0 0
0.796667 0 0 0 0
0.803333 0 0 0 0
0.81 0 0 0 0
0.816667 0 0 0 0
0.823333 0 0 0 0
0.83 0 0 0 0
0.836667 0 0 0 0
0.843333 0 0 0 0
0.85 0 0 0 0
0.856667 0 0 0 0
0.863333 0 0 0 0
0.87 0 0 0 0
0.876667 0 0 0 0
0.883333 0 0 0 0
0.89 0 0 0 0
0.896667 0 0 0 0
0.903333 0 0 0 0
0.91 0 0 0 0
0.916667 0 0 0 0
0.923333 0 0 0 0
0.93 0 0 0 0
0.936667 0 0 0 0
0.943333 0 0 0 0
0.95 0 0 0 0
0.956667 0 0 0 0
0.963333 0 0 0 0
0.97 0 0 0 0
0.976667 0 0 0 0
0.983333 0 0 0 0
0.99 0 0 0 0
0.996667 0 0 0 0
1.00333 0 0 0 0
1.01 0 0 0 0
1.01667 0 0 0 0
1.02333 0 0 0 0
1.03 0 0 0 0
1.03667 0 0 0 0
1.04333 0 0 0 0
1.05 0 0 0 0
1.05667 0 0 0 0
1.06333 0 0 0 0
1.07 0 0 0 0
1.07667 0 0 0 0
1.08333 0 0 0 0
1.09 0 0 0 0
1.09667 0 0 0 0
1.10333 0 0 0 0
1.11 0 0 0 0
1.11667 0 0 0 0
1.12333 0 0 0 0
1.13 0 0 0 0
1.13667 0 0 0 0
1.14333 0 0 0 0
1.15 0 0 0 0
1.15667 0 0 0 0
1.16333 0 0 0 0
1.17 0 0 0 0
1.17667 0 0 0 0
1.18333 0 0 0 0
1.19 0 0 0 0
1.19667 0 0 0 0
1.20333 0 0 0 0
1.21 0 0 0 0
1.21667 0 0 0 0
1.22333 0 0 0 0
1.23 0 0 0 0
1.23667 0 0 0 0
1.24333 0 0 0 0
1.25 0 0 0 0
1.25667 0 0 0 0
1.26333 0 0 0 0
1.27 0 0 0 0
1.27667 0 0 0 0
1.28333 0 0 0 0
1.29 0 0 0 0
1.29667 0 0 0 0
1.30333 0 0 0 0
1.31 0 0 0 0
1.31667 0 0 0 0
1.32333 0 0 0 0
1.33 0 0 0 0
1.33667 0 0 0 0
1.34333 0 0 0 0
1.35 0 0 0 0
1.35667 0 0 0 0
1.36333 0 0 0 0
1.37 0 0 0 0
1.37667 0 0 0 0
1.38333 0 0 0 0
1.39 0 0 0 0
1.39667 0 0 0 0
1.40333 0 0 0 0
1.41 0 0 0 0
1.41667 0 0 0 0
1.42333 0 0 0 0
1.43 0 0 0 0
1.43667 0 0 0 0
1.44333 0 0 0 0
1.45 0 0 0 0
1.45667 0 0 0 0
1.46333 0 0 0 0
1.47 0 0 0 0
1.47667 0 0 0 0
1.48333 0 0 0 0
1.49 0 0 0 0
1.49667 0 0 0 0
1.50333 0 0 0 0
1.51 0 0 0 0
1.51667 0 0 0 0
1.52333 0 0 0 0
1.53 0 0 0 0
1.53667 0 0 0 0
1.54333 0 0 0 0
1.55 0 0 0 0
1.55667 0 0 0 0
1.56333 0 0 0 0
1.57 0 0 0 0
1.57667 0 0 0 0
1.58333 0 0 0 0
1.59 0 0 0 0
1.59667 0 0 0 0
1.60333 0 0 0 0
1.61 0 0 0 0
1.61667 0 0 0 0
1.62333 0 0 0 0
1.63 0 0 0 0
1.63667 0 0 0 0
1.64333 0 0 0 0
1.65 0 0 0 0
1.65667 0 0 0 0
1.66333 0 0 0 0
1.67 0 0 0 0
1.67667 0 0 0 0
1.68333 0 0 0 0
1.69 0 0 0 0
1.69667 0 0 0 0
1.70333 0 0 0 0
1.71 0 0 0 0
1.71667 0 0 0 0
1.72333 0 0 0 0
1.73 0 0 0 0
1.73667 0 0 0 0
1.74333 0 0 0 0
1.75 0 0 0 0
1.75667 0 0 0 0
1.76333 0 0 0 0
1.77 0 0 0 0
1.77667 0 0 0 0
1.78333 0 0 0 0
1.79 0 0 0 0
1.79667 0 0 0 0
1.80333 0 0 0 0
1.81 0 0 0 0
1.81667 0 0 0 0
1.82333 0 0 0 0
1.83 0 0 0 0
1.83667 0 0 0 0
1.84333 0 0 0 0
1.85 0 0 0 0
1.85667 0 0 0 0
1.86333 0 0 0 0
1.87 0 0 0 0
1.87667 0 0 0 0
1.88333 0 0 0 0
1.89 0 0 0 0
1.89667 0 0 0 0
1.90333 0 0 0 0
1.91 0 0 0 0
1.91667 0 0 0 0
1.92333 0 0 0 0
1.93 0 0 0 0
1.93667 0 0 0 0
1.94333 0 0 0 0
1.95 0 0 0 0
1.95667 0 0 0 0
1.96333 0 0 0 0
1.97 0 0 0 0
1.97667 0 0 0 0
1.98333 0 0 0 0
1.99 0 0 0 0
1.99667 0 0 0 0
