0.00333333 2 12 126 7
0.01 3 11 152 7
0.0166667 2 15 142 11
0.0233333 2 10 147 8
0.03 3 13 149 16
0.0366667 1 24 173 15
0.0433333 3 26 210 25
0.05 7 25 243 24
0.0566667 3 31 245 39
0.0633333 2 32 292 22
0.07 3 37 295 41
0.0766667 4 30 318 36
0.0833333 6 41 334 40
0.09 0 28 342 32
0.0966667 4 33 348 43
0.103333 7 35 317 29
0.11 2 33 350 30
0.116667 5 39 408 26
0.123333 5 33 345 34
0.13 2 42 392 24
0.136667 2 34 411 27
0.143333 3 33 365 25
0.15 1 25 365 25
0.156667 4 27 380 32
0.163333 4 39 365 29
0.17 6 18 370 18
0.176667 5 28 374 24
0.183333 4 29 411 32
0.19 1 32 472 19
0.196667 3 34 537 30
0.203333 3 36 487 25
0.21 3 39 426 23
0.216667 2 34 408 15
0.223333 0 35 413 23
0.23 4 31 344 15
0.236667 3 25 381 19
0.243333 3 25 312 16
0.25 1 23 287 21
0.256667 3 28 275 19
0.263333 0 26 276 18
0.27 1 24 230 28
0.276667 1 13 217 16
0.283333 1 31 213 19
0.29 2 10 199 20
0.296667 3 17 202 10
0.303333 1 18 199 19
0.31 0 24 208 17
0.316667 1 18 178 13
0.323333 2 25 164 19
0.33 2 16 172 10
0.336667 0 24 186 9
0.343333 1 16 185 14
0.35 0 13 189 11
0.356667 1 20 162 13
0.363333 1 14 165 13
0.37 1 22 175 11
0.376667 1 15 166 8
0.383333 3 15 158 16
0.39 1 8 162 7
0.396667 4 18 152 12
0.403333 1 15 124 16
0.41 1 11 123 13
0.416667 1 5 153 17
0.423333 0 7 175 11
0.43 2 11 131 11
0.436667 2 14 150 8
0.443333 2 19 142 7
0.45 1 15 146 9
0.456667 1 15 156 11
0.463333 1 15 181 10
0.47 2 8 160 7
0.476667 0 12 122 8
0.483333 0 7 67 9
0.49 1 12 88 8
0.496667 1 18 75 8
0.503333 1 17 82 7
0.51 0 12 53 6
0.516667 0 9 74 7
0.523333 0 6 56 9
0.53 4 10 53 10
0.536667 2 7 36 11
0.543333 1 13 64 10
0.55 2 5 57 8
0.556667 1 8 58 12
0.563333 1 5 53 3
0.57 2 15 50 6
0.576667 1 12 51 5
0.583333 2 10 46 7
0.59 2 7 51 5
0.596667 2 13 56 6
0.603333 0 8 41 6
0.61 0 7 42 6
0.616667 2 13 37 5
0.623333 1 5 47 6
0.63 1 4 33 6
0.636667 3 12 55 5
0.643333 0 2 49 6
0.65 2 7 38 7
0.656667 1 4 42 3
0.663333 12 408 7592 141
0.67 0 0 0 0
0.676667 0 0 0 0
0.683333 0 0 0 0
0.69 0 0 0 0
0.696667 0 0 0 0
0.703333 0 0 0 0
0.71 0 0 0 0
0.716667 0 0 0 0
0.723333 0 0 0 0
0.73 0 0 0 0
0.736667 0 0 0 0
0.743333 0 0 0 0
0.75 0 0 0 0
0.756667 0 0 0 0
0.763333 0 0 0 0
0.77 0 0 0 0
0.776667 0 0 0 0
0.783333 0 0 0 0
0.79 0 0 0 0
0.796667 0 0 0 0
0.803333 0 0 0 0
0.81 0 0 0 0
0.816667 0 0 0 0
0.823333 0 0 0 0
0.83 0 0 0 0
0.836667 0 0 0 0
0.843333 0 0 0 0
0.85 0 0 0 0
0.856667 0 0 0 0
0.863333 0 0 0 0
0.87 0 0 0 0
0.876667 0 0 0 0
0.883333 0 0 0 0
0.89 0 0 0 0
0.896667 0 0 0 0
0.903333 0 0 0 0
0.91 0 0 0 0
0.916667 0 0 0 0
0.923333 0 0 0 0
0.93 0 0 0 0
0.936667 0 0 0 0
0.943333 0 0 0 0
0.95 0 0 0 0
0.956667 0 0 0 0
0.963333 0 0 0 0
0.97 0 0 0 0
0.976667 0 0 0 0
0.983333 0 0 0 0
0.99 0 0 0 0
0.996667 0 0 0 0
1.00333 0 0 0 0
1.01 0 0 0 0
1.01667 0 0 0 0
1.02333 0 0 0 0
1.03 0 0 0 0
1.03667 0 0 0 0
1.04333 0 0 0 0
1.05 0 0 0 0
1.05667 0 0 0 0
1.06333 0 0 0 0
1.07 0 0 0 0
1.07667 0 0 0 0
1.08333 0 0 0 0
1.09 0 0 0 0
1.09667 0 0 0 0
1.10333 0 0 0 0
1.11 0 0 0 0
1.11667 0 0 0 0
1.12333 0 0 0 0
1.13 0 0 0 0
1.13667 0 0 0 0
1.14333 0 0 0 0
1.15 0 0 0 0
1.15667 0 0 0 0
1.16333 0 0 0 0
1.17 0 0 0 0
1.17667 0 0 0 0
1.18333 0 0 0 0
1.19 0 0 0 0
1.19667 0 0 0 0
1.20333 0 0 0 0
1.21 0 0 0 0
1.21667 0 0 0 0
1.22333 0 0 0 0
1.23 0 0 0 0
1.23667 0 0 0 0
1.24333 0 0 0 0
1.25 0 0 0 0
1.25667 0 0 0 0
1.26333 0 0 0 0
1.27 0 0 0 0
1.27667 0 0 0 0
1.28333 0 0 0 0
1.29 0 0 0 0
1.29667 0 0 0 0
1.30333 0 0 0 0
1.31 0 0 0 0
1.31667 0 0 0 0
1.32333 0 0 0 0
1.33 0 0 0 0
1.33667 0 0 0 0
1.34333 0 0 0 0
1.35 0 0 0 0
1.35667 0 0 0 0
1.36333 0 0 0 0
1.37 0 0 0 0
1.37667 0 0 0 0
1.38333 0 0 0 0
1.39 0 0 0 0
1.39667 0 0 0 0
1.40333 0 0 0 0
1.41 0 0 0 0
1.41667 0 0 0 0
1.42333 0 0 0 0
1.43 0 0 0 0
1.43667 0 0 0 0
1.44333 0 0 0 0
1.45 0 0 0 0
1.45667 0 0 0 0
1.46333 0 0 0 0
1.47 0 0 0 0
1.47667 0 0 0 0
1.48333 0 0 0 0
1.49 0 0 0 0
1.49667 0 0 0 0
1.50333 0 0 0 0
1.51 0 0 0 0
1.51667 0 0 0 0
1.52333 0 0 0 0
1.53 0 0 0 0
1.53667 0 0 0 0
1.54333 0 0 0 0
1.55 0 0 0 0
1.55667 0 0 0 0
1.56333 0 0 0 0
1.57 0 0 0 0
1.57667 0 0 0 0
1.58333 0 0 0 0
1.59 0 0 0 0
1.59667 0 0 0 0
1.60333 0 0 0 0
1.61 0 0 0 0
1.61667 0 0 0 0
1.62333 0 0 0 0
1.63 0 0 0 0
1.63667 0 0 0 0
1.64333 0 0 0 0
1.65 0 0 0 0
1.65667 0 0 0 0
1.66333 0 0 0 0
1.67 0 0 0 0
1.67667 0 0 0 0
1.68333 0 0 0 0
1.69 0 0 0 0
1.69667 0 0 0 0
1.70333 0 0 0 0
1.71 0 0 0 0
1.71667 0 0 0 0
1.72333 0 0 0 0
1.73 0 0 0 0
1.73667 0 0 0 0
1.74333 0 0 0 0
1.75 0 0 0 0
1.75667 0 0 0 0
1.76333 0 0 0 0
1.77 0 0 0 0
1.77667 0 0 0 0
1.78333 0 0 0 0
1.79 0 0 0 0
1.79667 0 0 0 0
1.80333 0 0 0 0
1.81 0 0 0 0
1.81667 0 0 0 0
1.82333 0 0 0 0
1.83 0 0 0 0
1.83667 0 0 0 0
1.84333 0 0 0 0
1.85 0 0 0 0
1.85667 0 0 0 0
1.86333 0 0 0 0
1.87 0 0 0 0
1.87667 0 0 0 0
1.88333 0 0 0 0
1.89 0 0 0 0
1.89667 0 0 0 0
1.90333 0 0 0 0
1.91 0 0 0 0
1.91667 0 0 0 0
1.92333 0 0 0 0
1.93 0 0 0 0
1.93667 0 0 0 0
1.94333 0 0 0 0
1.95 0 0 0 0
1.95667 0 0 0 0
1.96333 0 0 0 0
1.97 0 0 0 0
1.97667 0 0 0 0
1.98333 0 0 0 0
1.99 0 0 0 0
1.99667 0 0 0 0
