0.00333333 130 9 1 0
0.01 153 13 0 1
0.0166667 125 8 1 1
0.0233333 135 6 0 4
0.03 144 11 1 2
0.0366667 136 12 0 3
0.0433333 170 15 0 3
0.05 177 19 0 1
0.0566667 197 27 1 0
0.0633333 207 36 1 2
0.07 204 24 1 2
0.0766667 265 25 2 4
0.0833333 231 31 3 1
0.09 288 28 3 5
0.0966667 251 33 2 2
0.103333 237 28 1 0
0.11 247 38 1 4
0.116667 262 21 3 3
0.123333 284 18 1 2
0.13 291 19 1 3
0.136667 291 28 2 6
0.143333 284 17 0 6
0.15 269 19 0 1
0.156667 257 28 1 2
0.163333 306 21 1 2
0.17 253 23 1 3
0.176667 284 27 0 2
0.183333 322 18 0 4
0.19 434 17 0 3
0.196667 396 20 1 8
0.203333 439 24 0 7
0.21 364 14 4 6
0.216667 374 22 3 4
0.223333 330 16 0 4
0.23 346 16 2 7
0.236667 268 19 1 5
0.243333 320 17 0 4
0.25 280 20 1 3
0.256667 269 16 0 3
0.263333 216 17 2 2
0.27 251 17 2 2
0.276667 218 8 3 4
0.283333 232 16 3 4
0.29 208 9 1 2
0.296667 183 17 2 2
0.303333 211 12 1 3
0.31 195 8 2 2
0.316667 186 13 0 4
0.323333 187 14 0 3
0.33 188 14 1 2
0.336667 166 19 0 2
0.343333 158 14 1 2
0.35 148 10 3 5
0.356667 158 10 1 2
0.363333 165 11 1 3
0.37 178 15 1 2
0.376667 159 10 1 4
0.383333 157 14 1 1
0.39 153 8 0 5
0.396667 194 8 0 9
0.403333 164 12 0 0
0.41 140 8 2 3
0.416667 150 11 1 4
0.423333 118 10 0 1
0.43 146 9 1 2
0.436667 165 5 1 0
0.443333 135 7 0 4
0.45 154 6 1 0
0.456667 163 5 0 0
0.463333 170 13 0 5
0.47 161 6 1 2
0.476667 127 10 0 1
0.483333 86 10 0 1
0.49 59 10 1 3
0.496667 66 7 0 1
0.503333 68 6 1 2
0.51 59 8 1 0
0.516667 61 6 0 1
0.523333 42 8 0 0
0.53 44 3 0 1
0.536667 52 4 0 2
0.543333 41 3 0 0
0.55 55 7 0 3
0.556667 38 6 0 1
0.563333 44 6 0 1
0.57 43 7 0 1
0.576667 37 8 0 1
0.583333 54 5 0 1
0.59 39 5 0 6
0.596667 50 3 1 3
0.603333 34 7 0 2
0.61 47 9 1 1
0.616667 41 8 0 1
0.623333 37 5 0 3
0.63 39 6 1 1
0.636667 56 8 1 1
0.643333 36 3 0 0
0.65 35 8 0 1
0.656667 39 3 0 1
0.663333 8194 142 5 130
0.67 0 0 0 0
0.676667 0 0 0 0
0.683333 0 0 0 0
0.69 0 0 0 0
0.696667 0 0 0 0
0.703333 0 0 0 0
0.71 0 0 0 0
0.716667 0 0 0 0
0.723333 0 0 0 0
0.73 0 0 0 0
0.736667 0 0 0 0
0.743333 0 0 0 0
0.75 0 0 0 0
0.756667 0 0 0 0
0.763333 0 0 0 0
0.77 0 0 0 0
0.776667 0 0 0 0
0.783333 0 0 0 0
0.79 0 0 0 0
0.796667 0 0 0 0
0.803333 0 0 0 0
0.81 0 0 0 0
0.816667 0 0 0 0
0.823333 0 0 0 0
0.83 0 0 0 0
0.836667 0 0 0 0
0.843333 0 0 0 0
0.85 0 0 0 0
0.856667 0 0 0 0
0.863333 0 0 0 0
0.87 0 0 0 0
0.876667 0 0 0 0
0.883333 0 0 0 0
0.89 0 0 0 0
0.896667 0 0 0 0
0.903333 0 0 0 0
0.91 0 0 0 0
0.916667 0 0 0 0
0.923333 0 0 0 0
0.93 0 0 0 0
0.936667 0 0 0 0
0.943333 0 0 0 0
0.95 0 0 0 0
0.956667 0 0 0 0
0.963333 0 0 0 0
0.97 0 0 0 0
0.976667 0 0 0 0
0.983333 0 0 0 0
0.99 0 0 0 0
0.996667 0 0 0 0
1.00333 0 0 0 0
1.01 0 0 0 0
1.01667 0 0 0 0
1.02333 0 0 0 0
1.03 0 0 0 0
1.03667 0 0 0 0
1.04333 0 0 0 0
1.05 0 0 0 0
1.05667 0 0 0 0
1.06333 0 0 0 0
1.07 0 0 0 0
1.07667 0 0 0 0
1.08333 0 0 0 0
1.09 0 0 0 0
1.09667 0 0 0 0
1.10333 0 0 0 0
1.11 0 0 0 0
1.11667 0 0 0 0
1.12333 0 0 0 0
1.13 0 0 0 0
1.13667 0 0 0 0
1.14333 0 0 0 0
1.15 0 0 0 0
1.15667 0 0 0 0
1.16333 0 0 0 0
1.17 0 0 0 0
1.17667 0 0 0 0
1.18333 0 0 0 0
1.19 0 0 0 0
1.19667 0 0 0 0
1.20333 0 0 0 0
1.21 0 0 0 0
1.21667 0 0 0 0
1.22333 0 0 0 0
1.23 0 0 0 0
1.23667 0 0 0 0
1.24333 0 0 0 0
1.25 0 0 0 0
1.25667 0 0 0 0
1.26333 0 0 0 0
1.27 0 0 0 0
1.27667 0 0 0 0
1.28333 0 0 0 0
1.29 0 0 0 0
1.29667 0 0 0 0
1.30333 0 0 0 0
1.31 0 0 0 0
1.31667 0 0 0 0
1.32333 0 0 0 0
1.33 0 0 0 0
1.33667 0 0 0 0
1.34333 0 0 0 0
1.35 0 0 0 0
1.35667 0 0 0 0
1.36333 0 0 0 0
1.37 0 0 0 0
1.37667 0 0 0 0
1.38333 0 0 0 0
1.39 0 0 0 0
1.39667 0 0 0 0
1.40333 0 0 0 0
1.41 0 0 0 0
1.41667 0 0 0 0
1.42333 0 0 0 0
1.43 0 0 0 0
1.43667 0 0 0 0
1.44333 0 0 0 0
1.45 0 0 0 0
1.45667 0 0 0 0
1.46333 0 0 0 0
1.47 0 0 0 0
1.47667 0 0 0 0
1.48333 0 0 0 0
1.49 0 0 0 0
1.49667 0 0 0 0
1.50333 0 0 0 0
1.51 0 0 0 0
1.51667 0 0 0 0
1.52333 0 0 0 0
1.53 0 0 0 0
1.53667 0 0 0 0
1.54333 0 0 0 0
1.55 0 0 0 0
1.55667 0 0 0 0
1.56333 0 0 0 0
1.57 0 0 0 0
1.57667 0 0 0 0
1.58333 0 0 0 0
1.59 0 0 0 0
1.59667 0 0 0 0
1.60333 0 0 0 0
1.61 0 0 0 0
1.61667 0 0 0 0
1.62333 0 0 0 0
1.63 0 0 0 0
1.63667 0 0 0 0
1.64333 0 0 0 0
1.65 0 0 0 0
1.65667 0 0 0 0
1.66333 0 0 0 0
1.67 0 0 0 0
1.67667 0 0 0 0
1.68333 0 0 0 0
1.69 0 0 0 0
1.69667 0 0 0 0
1.70333 0 0 0 0
1.71 0 0 0 0
1.71667 0 0 0 0
1.72333 0 0 0 0
1.73 0 0 0 0
1.73667 0 0 0 0
1.74333 0 0 0 0
1.75 0 0 0 0
1.75667 0 0 0 0
1.76333 0 0 0 0
1.77 0 0 0 0
1.77667 0 0 0 0
1.78333 0 0 0 0
1.79 0 0 0 0
1.79667 0 0 0 0
1.80333 0 0 0 0
1.81 0 0 0 0
1.81667 0 0 0 0
1.82333 0 0 0 0
1.83 0 0 0 0
1.83667 0 0 0 0
1.84333 0 0 0 0
1.85 0 0 0 0
1.85667 0 0 0 0
1.86333 0 0 0 0
1.87 0 0 0 0
1.87667 0 0 0 0
1.88333 0 0 0 0
1.89 0 0 0 0
1.89667 0 0 0 0
1.90333 0 0 0 0
1.91 0 0 0 0
1.91667 0 0 0 0
1.92333 0 0 0 0
1.93 0 0 0 0
1.93667 0 0 0 0
1.94333 0 0 0 0
1.95 0 0 0 0
1.95667 0 0 0 0
1.96333 0 0 0 0
1.97 0 0 0 0
1.97667 0 0 0 0
1.98333 0 0 0 0
1.99 0 0 0 0
1.99667 0 0 0 0
