0.00333333 10 208 8 1
0.01 20 202 3 3
0.0166667 14 208 7 1
0.0233333 15 218 11 1
0.03 18 204 10 1
0.0366667 17 227 7 4
0.0433333 26 261 15 7
0.05 34 290 15 3
0.0566667 51 285 23 7
0.0633333 57 340 29 10
0.07 45 378 24 3
0.0766667 63 396 21 4
0.0833333 59 378 33 7
0.09 38 422 21 3
0.0966667 41 423 18 7
0.103333 48 396 19 5
0.11 60 440 28 5
0.116667 60 465 24 8
0.123333 56 432 21 5
0.13 52 497 24 4
0.136667 57 517 15 6
0.143333 41 485 22 4
0.15 47 488 21 2
0.156667 41 490 23 3
0.163333 43 485 19 2
0.17 32 464 21 4
0.176667 33 479 27 3
0.183333 38 590 17 4
0.19 44 742 20 4
0.196667 46 753 23 3
0.203333 38 711 21 5
0.21 34 618 19 10
0.216667 34 567 26 7
0.223333 25 536 15 4
0.23 26 459 19 2
0.236667 28 436 25 2
0.243333 35 379 13 1
0.25 29 391 19 4
0.256667 36 344 13 4
0.263333 32 332 19 4
0.27 28 286 12 6
0.276667 30 333 14 2
0.283333 31 272 14 2
0.29 29 313 7 3
0.296667 27 270 10 3
0.303333 26 251 9 2
0.31 26 238 7 1
0.316667 31 264 7 2
0.323333 19 258 11 5
0.33 27 233 6 3
0.336667 19 233 7 5
0.343333 30 235 15 2
0.35 14 255 19 0
0.356667 33 199 13 3
0.363333 25 185 13 3
0.37 18 197 17 1
0.376667 21 197 9 2
0.383333 20 207 15 1
0.39 16 204 12 0
0.396667 26 191 13 1
0.403333 14 221 9 2
0.41 17 179 7 4
0.416667 18 196 5 1
0.423333 18 204 3 0
0.43 11 226 11 3
0.436667 17 200 14 5
0.443333 13 227 6 1
0.45 19 244 11 4
0.456667 13 241 13 4
0.463333 11 256 8 2
0.47 14 218 7 4
0.476667 14 187 7 3
0.483333 10 92 2 1
0.49 15 94 5 1
0.496667 9 87 12 2
0.503333 12 81 7 3
0.51 6 85 8 1
0.516667 12 63 8 1
0.523333 15 71 3 0
0.53 6 71 10 0
0.536667 11 58 4 1
0.543333 9 53 4 0
0.55 9 61 3 2
0.556667 11 56 5 1
0.563333 16 60 5 1
0.57 9 55 0 2
0.576667 13 71 8 1
0.583333 9 52 11 0
0.59 8 40 4 3
0.596667 12 45 6 2
0.603333 7 55 2 4
0.61 9 44 5 2
0.616667 8 28 3 0
0.623333 9 42 3 4
0.63 16 53 7 0
0.636667 14 63 7 0
0.643333 11 31 4 1
0.65 6 47 5 3
0.656667 5 40 11 2
0.663333 401 12731 177 40
0.67 0 0 0 0
0.676667 0 0 0 0
0.683333 0 0 0 0
0.69 0 0 0 0
0.696667 0 0 0 0
0.703333 0 0 0 0
0.71 0 0 0 0
0.716667 0 0 0 0
0.723333 0 0 0 0
0.73 0 0 0 0
0.736667 0 0 0 0
0.743333 0 0 0 0
0.75 0 0 0 0
0.756667 0 0 0 0
0.763333 0 0 0 0
0.77 0 0 0 0
0.776667 0 0 0 0
0.783333 0 0 0 0
0.79 0 0 0 0
0.796667 0 0 0 0
0.803333 0 0 0 0
0.81 0 0 0 0
0.816667 0 0 0 0
0.823333 0 0 0 0
0.83 0 0 0 0
0.836667 0 0 0 0
0.843333 0 0 0 0
0.85 0 0 0 0
0.856667 0 0 0 0
0.863333 0 0 0 0
0.87 0 0 0 0
0.876667 0 0 0 0
0.883333 0 0 0 0
0.89 0 0 0 0
0.896667 0 0 0 0
0.903333 0 0 0 0
0.91 0 0 0 0
0.916667 0 0 0 0
0.923333 0 0 0 0
0.93 0 0 0 0
0.936667 0 0 0 0
0.943333 0 0 0 0
0.95 0 0 0 0
0.956667 0 0 0 0
0.963333 0 0 0 0
0.97 0 0 0 0
0.976667 0 0 0 0
0.983333 0 0 0 0
0.99 0 0 0 0
0.996667 0 0 0 0
1.00333 0 0 0 0
1.01 0 0 0 0
1.01667 0 0 0 0
1.02333 0 0 0 0
1.03 0 0 0 0
1.03667 0 0 0 0
1.04333 0 0 0 0
1.05 0 0 0 0
1.05667 0 0 0 0
1.06333 0 0 0 0
1.07 0 0 0 0
1.07667 0 0 0 0
1.08333 0 0 0 0
1.09 0 0 0 0
1.09667 0 0 0 0
1.10333 0 0 0 0
1.11 0 0 0 0
1.11667 0 0 0 0
1.12333 0 0 0 0
1.13 0 0 0 0
1.13667 0 0 0 0
1.14333 0 0 0 0
1.15 0 0 0 0
1.15667 0 0 0 0
1.16333 0 0 0 0
1.17 0 0 0 0
1.17667 0 0 0 0
1.18333 0 0 0 0
1.19 0 0 0 0
1.19667 0 0 0 0
1.20333 0 0 0 0
1.21 0 0 0 0
1.21667 0 0 0 0
1.22333 0 0 0 0
1.23 0 0 0 0
1.23667 0 0 0 0
1.24333 0 0 0 0
1.25 0 0 0 0
1.25667 0 0 0 0
1.26333 0 0 0 0
1.27 0 0 0 0
1.27667 0 0 0 0
1.28333 0 0 0 0
1.29 0 0 0 0
1.29667 0 0 0 0
1.30333 0 0 0 0
1.31 0 0 0 0
1.31667 0 0 0 0
1.32333 0 0 0 0
1.33 0 0 0 0
1.33667 0 0 0 0
1.34333 0 0 0 0
1.35 0 0 0 0
1.35667 0 0 0 0
1.36333 0 0 0 0
1.37 0 0 0 0
1.37667 0 0 0 0
1.38333 0 0 0 0
1.39 0 0 0 0
1.39667 0 0 0 0
1.40333 0 0 0 0
1.41 0 0 0 0
1.41667 0 0 0 0
1.42333 0 0 0 0
1.43 0 0 0 0
1.43667 0 0 0 0
1.44333 0 0 0 0
1.45 0 0 0 0
1.45667 0 0 0 0
1.46333 0 0 0 0
1.47 0 0 0 0
1.47667 0 0 0 0
1.48333 0 0 0 0
1.49 0 0 0 0
1.49667 0 0 0 0
1.50333 0 0 0 0
1.51 0 0 0 0
1.51667 0 0 0 0
1.52333 0 0 0 0
1.53 0 0 0 0
1.53667 0 0 0 0
1.54333 0 0 0 0
1.55 0 0 0 0
1.55667 0 0 0 0
1.56333 0 0 0 0
1.57 0 0 0 0
1.57667 0 0 0 0
1.58333 0 0 0 0
1.59 0 0 0 0
1.59667 0 0 0 0
1.60333 0 0 0 0
1.61 0 0 0 0
1.61667 0 0 0 0
1.62333 0 0 0 0
1.63 0 0 0 0
1.63667 0 0 0 0
1.64333 0 0 0 0
1.65 0 0 0 0
1.65667 0 0 0 0
1.66333 0 0 0 0
1.67 0 0 0 0
1.67667 0 0 0 0
1.68333 0 0 0 0
1.69 0 0 0 0
1.69667 0 0 0 0
1.70333 0 0 0 0
1.71 0 0 0 0
1.71667 0 0 0 0
1.72333 0 0 0 0
1.73 0 0 0 0
1.73667 0 0 0 0
1.74333 0 0 0 0
1.75 0 0 0 0
1.75667 0 0 0 0
1.76333 0 0 0 0
1.77 0 0 0 0
1.77667 0 0 0 0
1.78333 0 0 0 0
1.79 0 0 0 0
1.79667 0 0 0 0
1.80333 0 0 0 0
1.81 0 0 0 0
1.81667 0 0 0 0
1.82333 0 0 0 0
1.83 0 0 0 0
1.83667 0 0 0 0
1.84333 0 0 0 0
1.85 0 0 0 0
1.85667 0 0 0 0
1.86333 0 0 0 0
1.87 0 0 0 0
1.87667 0 0 0 0
1.88333 0 0 0 0
1.89 0 0 0 0
1.89667 0 0 0 0
1.90333 0 0 0 0
1.91 0 0 0 0
1.91667 0 0 0 0
1.92333 0 0 0 0
1.93 0 0 0 0
1.93667 0 0 0 0
1.94333 0 0 0 0
1.95 0 0 0 0
1.95667 0 0 0 0
1.96333 0 0 0 0
1.97 0 0 0 0
1.97667 0 0 0 0
1.98333 0 0 0 0
1.99 0 0 0 0
1.99667 0 0 0 0
