0.00333333 6 14 28 5
0.01 6 19 21 8
0.0166667 7 27 35 1
0.0233333 13 24 35 9
0.03 9 19 41 5
0.0366667 8 34 47 14
0.0433333 14 44 49 12
0.05 16 62 89 8
0.0566667 18 48 95 22
0.0633333 15 65 106 22
0.07 12 72 79 16
0.0766667 21 61 98 23
0.0833333 14 81 123 22
0.09 20 62 98 24
0.0966667 24 55 81 17
0.103333 18 62 122 28
0.11 21 50 109 16
0.116667 18 59 118 26
0.123333 13 54 109 16
0.13 17 54 110 21
0.136667 16 43 111 14
0.143333 13 56 99 11
0.15 11 55 70 18
0.156667 12 41 105 17
0.163333 13 30 85 16
0.17 14 38 92 19
0.176667 14 45 94 19
0.183333 17 43 77 6
0.19 13 43 78 21
0.196667 16 38 88 13
0.203333 17 27 90 11
0.21 6 38 76 11
0.216667 9 35 74 16
0.223333 11 41 67 21
0.23 14 36 70 14
0.236667 12 31 76 12
0.243333 13 15 59 15
0.25 8 30 66 15
0.256667 8 25 58 5
0.263333 7 20 52 11
0.27 9 25 64 14
0.276667 13 34 53 8
0.283333 12 23 55 12
0.29 6 20 59 7
0.296667 11 23 45 5
0.303333 3 16 62 11
0.31 10 31 57 8
0.316667 8 28 47 10
0.323333 10 22 47 9
0.33 5 23 43 10
0.336667 8 14 34 10
0.343333 7 23 41 12
0.35 6 16 39 8
0.356667 8 18 35 5
0.363333 3 19 34 8
0.37 9 16 34 9
0.376667 3 16 38 6
0.383333 3 25 28 9
0.39 10 18 39 6
0.396667 16 17 28 5
0.403333 4 21 45 7
0.41 3 15 34 4
0.416667 5 20 30 8
0.423333 4 20 32 5
0.43 8 13 30 8
0.436667 2 18 44 8
0.443333 3 14 27 7
0.45 4 11 44 5
0.456667 4 13 28 7
0.463333 7 18 36 6
0.47 7 12 39 5
0.476667 3 11 25 9
0.483333 7 12 20 7
0.49 5 10 29 0
0.496667 4 9 31 4
0.503333 3 8 31 4
0.51 2 7 22 2
0.516667 5 13 12 7
0.523333 1 12 22 3
0.53 3 9 20 4
0.536667 2 9 21 2
0.543333 2 9 12 5
0.55 4 12 20 2
0.556667 2 6 16 4
0.563333 7 11 20 5
0.57 6 10 17 3
0.576667 5 4 20 4
0.583333 4 9 15 8
0.59 2 6 12 4
0.596667 7 10 22 5
0.603333 2 3 14 5
0.61 4 7 15 9
0.616667 6 11 12 7
0.623333 9 5 19 2
0.63 4 10 16 4
0.636667 8 13 28 6
0.643333 7 6 18 3
0.65 3 11 17 9
0.656667 5 5 11 7
0.663333 105 253 791 112
0.67 0 0 0 0
0.676667 0 0 0 0
0.683333 0 0 0 0
0.69 0 0 0 0
0.696667 0 0 0 0
0.703333 0 0 0 0
0.71 0 0 0 0
0.716667 0 0 0 0
0.723333 0 0 0 0
0.73 0 0 0 0
0.736667 0 0 0 0
0.743333 0 0 0 0
0.75 0 0 0 0
0.756667 0 0 0 0
0.763333 0 0 0 0
0.77 0 0 0 0
0.776667 0 0 0 0
0.783333 0 0 0 0
0.79 0 0 0 0
0.796667 0 0 0 0
0.803333 0 0 0 0
0.81 0 0 0 0
0.816667 0 0 0 0
0.823333 0 0 0 0
0.83 0 0 0 0
0.836667 0 0 0 0
0.843333 0 0 0 0
0.85 0 0 0 0
0.856667 0 0 0 0
0.863333 0 0 0 0
0.87 0 0 0 0
0.876667 0 0 0 0
0.883333 0 0 0 0
0.89 0 0 0 0
0.896667 0 0 0 0
0.903333 0 0 0 0
0.91 0 0 0 0
0.916667 0 0 0 0
0.923333 0 0 0 0
0.93 0 0 0 0
0.936667 0 0 0 0
0.943333 0 0 0 0
0.95 0 0 0 0
0.956667 0 0 0 0
0.963333 0 0 0 0
0.97 0 0 0 0
0.976667 0 0 0 0
0.983333 0 0 0 0
0.99 0 0 0 0
0.996667 0 0 0 0
1.00333 0 0 0 0
1.01 0 0 0 0
1.01667 0 0 0 0
1.02333 0 0 0 0
1.03 0 0 0 0
1.03667 0 0 0 0
1.04333 0 0 0 0
1.05 0 0 0 0
1.05667 0 0 0 0
1.06333 0 0 0 0
1.07 0 0 0 0
1.07667 0 0 0 0
1.08333 0 0 0 0
1.09 0 0 0 0
1.09667 0 0 0 0
1.10333 0 0 0 0
1.11 0 0 0 0
1.11667 0 0 0 0
1.12333 0 0 0 0
1.13 0 0 0 0
1.13667 0 0 0 0
1.14333 0 0 0 0
1.15 0 0 0 0
1.15667 0 0 0 0
1.16333 0 0 0 0
1.17 0 0 0 0
1.17667 0 0 0 0
1.18333 0 0 0 0
1.19 0 0 0 0
1.19667 0 0 0 0
1.20333 0 0 0 0
1.21 0 0 0 0
1.21667 0 0 0 0
1.22333 0 0 0 0
1.23 0 0 0 0
1.23667 0 0 0 0
1.24333 0 0 0 0
1.25 0 0 0 0
1.25667 0 0 0 0
1.26333 0 0 0 0
1.27 0 0 0 0
1.27667 0 0 0 0
1.28333 0 0 0 0
1.29 0 0 0 0
1.29667 0 0 0 0
1.30333 0 0 0 0
1.31 0 0 0 0
1.31667 0 0 0 0
1.32333 0 0 0 0
1.33 0 0 0 0
1.33667 0 0 0 0
1.34333 0 0 0 0
1.35 0 0 0 0
1.35667 0 0 0 0
1.36333 0 0 0 0
1.37 0 0 0 0
1.37667 0 0 0 0
1.38333 0 0 0 0
1.39 0 0 0 0
1.39667 0 0 0 0
1.40333 0 0 0 0
1.41 0 0 0 0
1.41667 0 0 0 0
1.42333 0 0 0 0
1.43 0 0 0 0
1.43667 0 0 0 0
1.44333 0 0 0 0
1.45 0 0 0 0
1.45667 0 0 0 0
1.46333 0 0 0 0
1.47 0 0 0 0
1.47667 0 0 0 0
1.48333 0 0 0 0
1.49 0 0 0 0
1.49667 0 0 0 0
1.50333 0 0 0 0
1.51 0 0 0 0
1.51667 0 0 0 0
1.52333 0 0 0 0
1.53 0 0 0 0
1.53667 0 0 0 0
1.54333 0 0 0 0
1.55 0 0 0 0
1.55667 0 0 0 0
1.56333 0 0 0 0
1.57 0 0 0 0
1.57667 0 0 0 0
1.58333 0 0 0 0
1.59 0 0 0 0
1.59667 0 0 0 0
1.60333 0 0 0 0
1.61 0 0 0 0
1.61667 0 0 0 0
1.62333 0 0 0 0
1.63 0 0 0 0
1.63667 0 0 0 0
1.64333 0 0 0 0
1.65 0 0 0 0
1.65667 0 0 0 0
1.66333 0 0 0 0
1.67 0 0 0 0
1.67667 0 0 0 0
1.68333 0 0 0 0
1.69 0 0 0 0
1.69667 0 0 0 0
1.70333 0 0 0 0
1.71 0 0 0 0
1.71667 0 0 0 0
1.72333 0 0 0 0
1.73 0 0 0 0
1.73667 0 0 0 0
1.74333 0 0 0 0
1.75 0 0 0 0
1.75667 0 0 0 0
1.76333 0 0 0 0
1.77 0 0 0 0
1.77667 0 0 0 0
1.78333 0 0 0 0
1.79 0 0 0 0
1.79667 0 0 0 0
1.80333 0 0 0 0
1.81 0 0 0 0
1.81667 0 0 0 0
1.82333 0 0 0 0
1.83 0 0 0 0
1.83667 0 0 0 0
1.84333 0 0 0 0
1.85 0 0 0 0
1.85667 0 0 0 0
1.86333 0 0 0 0
1.87 0 0 0 0
1.87667 0 0 0 0
1.88333 0 0 0 0
1.89 0 0 0 0
1.89667 0 0 0 0
1.90333 0 0 0 0
1.91 0 0 0 0
1.91667 0 0 0 0
1.92333 0 0 0 0
1.93 0 0 0 0
1.93667 0 0 0 0
1.94333 0 0 0 0
1.95 0 0 0 0
1.95667 0 0 0 0
1.96333 0 0 0 0
1.97 0 0 0 0
1.97667 0 0 0 0
1.98333 0 0 0 0
1.99 0 0 0 0
1.99667 0 0 0 0
