0.00333333 4 32 30 3
0.01 5 34 45 5
0.0166667 10 55 34 5
0.0233333 14 51 30 6
0.03 12 48 46 6
0.0366667 9 57 43 11
0.0433333 20 91 83 21
0.05 21 90 85 26
0.0566667 22 106 104 23
0.0633333 22 131 118 22
0.07 25 146 138 23
0.0766667 22 130 139 23
0.0833333 33 110 131 24
0.09 20 131 140 28
0.0966667 23 129 123 32
0.103333 29 127 143 25
0.11 22 136 139 24
0.116667 24 143 141 22
0.123333 24 114 147 26
0.13 20 125 136 15
0.136667 19 102 127 30
0.143333 21 109 113 16
0.15 25 108 108 17
0.156667 14 109 106 19
0.163333 19 112 111 18
0.17 18 103 81 22
0.176667 11 104 102 23
0.183333 23 103 83 15
0.19 14 119 116 13
0.196667 21 106 105 16
0.203333 16 120 84 14
0.21 13 105 90 11
0.216667 15 101 89 17
0.223333 13 92 78 20
0.23 18 101 85 16
0.236667 12 72 78 14
0.243333 12 93 76 9
0.25 16 70 58 11
0.256667 16 70 69 14
0.263333 7 66 55 11
0.27 11 67 61 13
0.276667 15 61 49 15
0.283333 8 45 51 7
0.29 8 56 41 3
0.296667 7 51 38 19
0.303333 11 50 43 8
0.31 9 52 54 8
0.316667 15 52 44 5
0.323333 13 49 57 7
0.33 15 45 49 14
0.336667 11 55 43 7
0.343333 5 43 51 13
0.35 5 40 50 10
0.356667 9 48 30 21
0.363333 9 41 45 5
0.37 9 51 24 7
0.376667 8 50 39 8
0.383333 10 43 35 7
0.39 7 42 45 6
0.396667 11 34 32 2
0.403333 4 43 38 8
0.41 4 32 28 7
0.416667 6 41 44 14
0.423333 7 35 39 4
0.43 5 37 36 3
0.436667 6 41 40 4
0.443333 5 25 30 8
0.45 8 38 34 10
0.456667 5 33 33 13
0.463333 7 38 35 5
0.47 7 36 38 13
0.476667 5 26 34 7
0.483333 4 24 35 9
0.49 3 30 26 8
0.496667 4 22 17 8
0.503333 6 22 25 3
0.51 1 19 21 3
0.516667 8 23 18 6
0.523333 7 20 17 2
0.53 3 23 12 7
0.536667 4 27 12 6
0.543333 2 7 18 7
0.55 5 29 24 1
0.556667 3 16 19 4
0.563333 6 15 17 4
0.57 2 20 16 5
0.576667 3 18 21 3
0.583333 10 20 16 2
0.59 2 20 8 7
0.596667 4 16 11 4
0.603333 7 20 24 2
0.61 3 16 16 3
0.616667 4 16 11 6
0.623333 0 20 12 5
0.63 5 15 13 1
0.636667 9 21 12 1
0.643333 2 14 11 3
0.65 2 21 21 4
0.656667 2 14 13 2
0.663333 106 981 862 115
0.67 0 0 0 0
0.676667 0 0 0 0
0.683333 0 0 0 0
0.69 0 0 0 0
0.696667 0 0 0 0
0.703333 0 0 0 0
0.71 0 0 0 0
0.716667 0 0 0 0
0.723333 0 0 0 0
0.73 0 0 0 0
0.736667 0 0 0 0
0.743333 0 0 0 0
0.75 0 0 0 0
0.756667 0 0 0 0
0.763333 0 0 0 0
0.77 0 0 0 0
0.776667 0 0 0 0
0.783333 0 0 0 0
0.79 0 0 0 0
0.796667 0 0 0 0
0.803333 0 0 0 0
0.81 0 0 0 0
0.816667 0 0 0 0
0.823333 0 0 0 0
0.83 0 0 0 0
0.836667 0 0 0 0
0.843333 0 0 0 0
0.85 0 0 0 0
0.856667 0 0 0 0
0.863333 0 0 0 0
0.87 0 0 0 0
0.876667 0 0 0 0
0.883333 0 0 0 0
0.89 0 0 0 0
0.896667 0 0 0 0
0.903333 0 0 0 0
0.91 0 0 0 0
0.916667 0 0 0 0
0.923333 0 0 0 0
0.93 0 0 0 0
0.936667 0 0 0 0
0.943333 0 0 0 0
0.95 0 0 0 0
0.956667 0 0 0 0
0.963333 0 0 0 0
0.97 0 0 0 0
0.976667 0 0 0 0
0.983333 0 0 0 0
0.99 0 0 0 0
0.996667 0 0 0 0
1.00333 0 0 0 0
1.01 0 0 0 0
1.01667 0 0 0 0
1.02333 0 0 0 0
1.03 0 0 0 0
1.03667 0 0 0 0
1.04333 0 0 0 0
1.05 0 0 0 0
1.05667 0 0 0 0
1.06333 0 0 0 0
1.07 0 0 0 0
1.07667 0 0 0 0
1.08333 0 0 0 0
1.09 0 0 0 0
1.09667 0 0 0 0
1.10333 0 0 0 0
1.11 0 0 0 0
1.11667 0 0 0 0
1.12333 0 0 0 0
1.13 0 0 0 0
1.13667 0 0 0 0
1.14333 0 0 0 0
1.15 0 0 0 0
1.15667 0 0 0 0
1.16333 0 0 0 0
1.17 0 0 0 0
1.17667 0 0 0 0
1.18333 0 0 0 0
1.19 0 0 0 0
1.19667 0 0 0 0
1.20333 0 0 0 0
1.21 0 0 0 0
1.21667 0 0 0 0
1.22333 0 0 0 0
1.23 0 0 0 0
1.23667 0 0 0 0
1.24333 0 0 0 0
1.25 0 0 0 0
1.25667 0 0 0 0
1.26333 0 0 0 0
1.27 0 0 0 0
1.27667 0 0 0 0
1.28333 0 0 0 0
1.29 0 0 0 0
1.29667 0 0 0 0
1.30333 0 0 0 0
1.31 0 0 0 0
1.31667 0 0 0 0
1.32333 0 0 0 0
1.33 0 0 0 0
1.33667 0 0 0 0
1.34333 0 0 0 0
1.35 0 0 0 0
1.35667 0 0 0 0
1.36333 0 0 0 0
1.37 0 0 0 0
1.37667 0 0 0 0
1.38333 0 0 0 0
1.39 0 0 0 0
1.39667 0 0 0 0
1.40333 0 0 0 0
1.41 0 0 0 0
1.41667 0 0 0 0
1.42333 0 0 0 0
1.43 0 0 0 0
1.43667 0 0 0 0
1.44333 0 0 0 0
1.45 0 0 0 0
1.45667 0 0 0 0
1.46333 0 0 0 0
1.47 0 0 0 0
1.47667 0 0 0 0
1.48333 0 0 0 0
1.49 0 0 0 0
1.49667 0 0 0 0
1.50333 0 0 0 0
1.51 0 0 0 0
1.51667 0 0 0 0
1.52333 0 0 0 0
1.53 0 0 0 0
1.53667 0 0 0 0
1.54333 0 0 0 0
1.55 0 0 0 0
1.55667 0 0 0 0
1.56333 0 0 0 0
1.57 0 0 0 0
1.57667 0 0 0 0
1.58333 0 0 0 0
1.59 0 0 0 0
1.59667 0 0 0 0
1.60333 0 0 0 0
1.61 0 0 0 0
1.61667 0 0 0 0
1.62333 0 0 0 0
1.63 0 0 0 0
1.63667 0 0 0 0
1.64333 0 0 0 0
1.65 0 0 0 0
1.65667 0 0 0 0
1.66333 0 0 0 0
1.67 0 0 0 0
1.67667 0 0 0 0
1.68333 0 0 0 0
1.69 0 0 0 0
1.69667 0 0 0 0
1.70333 0 0 0 0
1.71 0 0 0 0
1.71667 0 0 0 0
1.72333 0 0 0 0
1.73 0 0 0 0
1.73667 0 0 0 0
1.74333 0 0 0 0
1.75 0 0 0 0
1.75667 0 0 0 0
1.76333 0 0 0 0
1.77 0 0 0 0
1.77667 0 0 0 0
1.78333 0 0 0 0
1.79 0 0 0 0
1.79667 0 0 0 0
1.80333 0 0 0 0
1.81 0 0 0 0
1.81667 0 0 0 0
1.82333 0 0 0 0
1.83 0 0 0 0
1.83667 0 0 0 0
1.84333 0 0 0 0
1.85 0 0 0 0
1.85667 0 0 0 0
1.86333 0 0 0 0
1.87 0 0 0 0
1.87667 0 0 0 0
1.88333 0 0 0 0
1.89 0 0 0 0
1.89667 0 0 0 0
1.90333 0 0 0 0
1.91 0 0 0 0
1.91667 0 0 0 0
1.92333 0 0 0 0
1.93 0 0 0 0
1.93667 0 0 0 0
1.94333 0 0 0 0
1.95 0 0 0 0
1.95667 0 0 0 0
1.96333 0 0 0 0
1.97 0 0 0 0
1.97667 0 0 0 0
1.98333 0 0 0 0
1.99 0 0 0 0
1.99667 0 0 0 0
