0.00333333 2 9 50 9
0.01 3 16 55 12
0.0166667 4 19 82 11
0.0233333 5 26 78 18
0.03 5 21 83 23
0.0366667 7 18 106 13
0.0433333 5 43 134 34
0.05 9 43 152 59
0.0566667 9 51 197 58
0.0633333 13 56 218 55
0.07 6 54 234 69
0.0766667 15 64 249 62
0.0833333 9 61 263 69
0.09 9 48 231 52
0.0966667 4 50 239 56
0.103333 8 55 225 65
0.11 6 53 234 53
0.116667 10 39 254 50
0.123333 4 61 204 62
0.13 5 42 258 53
0.136667 7 46 225 57
0.143333 8 68 187 62
0.15 6 58 188 49
0.156667 4 52 188 47
0.163333 6 56 198 43
0.17 8 43 185 46
0.176667 9 46 179 44
0.183333 6 46 168 47
0.19 6 33 213 34
0.196667 8 51 205 39
0.203333 4 47 170 43
0.21 9 48 179 33
0.216667 3 50 145 33
0.223333 3 35 174 29
0.23 4 38 158 25
0.236667 3 56 132 31
0.243333 4 41 137 25
0.25 5 33 126 25
0.256667 7 32 111 30
0.263333 3 35 130 26
0.27 3 24 111 35
0.276667 4 20 116 30
0.283333 7 30 102 32
0.29 2 30 102 22
0.296667 2 19 103 23
0.303333 2 20 104 21
0.31 3 35 79 20
0.316667 5 32 99 20
0.323333 0 26 86 20
0.33 5 14 85 19
0.336667 2 21 85 24
0.343333 4 17 98 18
0.35 2 37 87 17
0.356667 7 25 78 23
0.363333 2 22 67 19
0.37 3 29 81 25
0.376667 3 17 80 15
0.383333 5 25 95 17
0.39 1 19 79 19
0.396667 2 14 84 22
0.403333 2 14 52 22
0.41 4 16 76 20
0.416667 3 18 72 16
0.423333 0 22 68 19
0.43 3 21 49 16
0.436667 1 18 77 14
0.443333 5 23 72 18
0.45 5 15 71 16
0.456667 4 14 62 22
0.463333 3 16 56 11
0.47 3 12 59 12
0.476667 1 21 57 26
0.483333 1 13 46 21
0.49 1 21 34 10
0.496667 2 11 43 12
0.503333 4 12 49 18
0.51 0 11 42 8
0.516667 3 10 48 11
0.523333 2 11 48 13
0.53 1 11 31 12
0.536667 0 11 33 5
0.543333 1 8 49 7
0.55 0 13 40 9
0.556667 1 12 36 15
0.563333 5 11 24 7
0.57 2 7 45 9
0.576667 3 14 37 8
0.583333 2 11 25 13
0.59 1 7 22 15
0.596667 2 11 29 11
0.603333 4 12 25 9
0.61 1 9 32 12
0.616667 1 8 28 5
0.623333 2 6 26 6
0.63 3 6 19 8
0.636667 3 7 31 11
0.643333 2 9 35 8
0.65 3 11 36 9
0.656667 1 9 27 1
0.663333 50 550 1953 299
0.67 0 0 0 0
0.676667 0 0 0 0
0.683333 0 0 0 0
0.69 0 0 0 0
0.696667 0 0 0 0
0.703333 0 0 0 0
0.71 0 0 0 0
0.716667 0 0 0 0
0.723333 0 0 0 0
0.73 0 0 0 0
0.736667 0 0 0 0
0.743333 0 0 0 0
0.75 0 0 0 0
0.756667 0 0 0 0
0.763333 0 0 0 0
0.77 0 0 0 0
0.776667 0 0 0 0
0.783333 0 0 0 0
0.79 0 0 0 0
0.796667 0 0 0 0
0.803333 0 0 0 0
0.81 0 0 0 0
0.816667 0 0 0 0
0.823333 0 0 0 0
0.83 0 0 0 0
0.836667 0 0 0 0
0.843333 0 0 0 0
0.85 0 0 0 0
0.856667 0 0 0 0
0.863333 0 0 0 0
0.87 0 0 0 0
0.876667 0 0 0 0
0.883333 0 0 0 0
0.89 0 0 0 0
0.896667 0 0 0 0
0.903333 0 0 0 0
0.91 0 0 0 0
0.916667 0 0 0 0
0.923333 0 0 0 0
0.93 0 0 0 0
0.936667 0 0 0 0
0.943333 0 0 0 0
0.95 0 0 0 0
0.956667 0 0 0 0
0.963333 0 0 0 0
0.97 0 0 0 0
0.976667 0 0 0 0
0.983333 0 0 0 0
0.99 0 0 0 0
0.996667 0 0 0 0
1.00333 0 0 0 0
1.01 0 0 0 0
1.01667 0 0 0 0
1.02333 0 0 0 0
1.03 0 0 0 0
1.03667 0 0 0 0
1.04333 0 0 0 0
1.05 0 0 0 0
1.05667 0 0 0 0
1.06333 0 0 0 0
1.07 0 0 0 0
1.07667 0 0 0 0
1.08333 0 0 0 0
1.09 0 0 0 0
1.09667 0 0 0 0
1.10333 0 0 0 0
1.11 0 0 0 0
1.11667 0 0 0 0
1.12333 0 0 0 0
1.13 0 0 0 0
1.13667 0 0 0 0
1.14333 0 0 0 0
1.15 0 0 0 0
1.15667 0 0 0 0
1.16333 0 0 0 0
1.17 0 0 0 0
1.17667 0 0 0 0
1.18333 0 0 0 0
1.19 0 0 0 0
1.19667 0 0 0 0
1.20333 0 0 0 0
1.21 0 0 0 0
1.21667 0 0 0 0
1.22333 0 0 0 0
1.23 0 0 0 0
1.23667 0 0 0 0
1.24333 0 0 0 0
1.25 0 0 0 0
1.25667 0 0 0 0
1.26333 0 0 0 0
1.27 0 0 0 0
1.27667 0 0 0 0
1.28333 0 0 0 0
1.29 0 0 0 0
1.29667 0 0 0 0
1.30333 0 0 0 0
1.31 0 0 0 0
1.31667 0 0 0 0
1.32333 0 0 0 0
1.33 0 0 0 0
1.33667 0 0 0 0
1.34333 0 0 0 0
1.35 0 0 0 0
1.35667 0 0 0 0
1.36333 0 0 0 0
1.37 0 0 0 0
1.37667 0 0 0 0
1.38333 0 0 0 0
1.39 0 0 0 0
1.39667 0 0 0 0
1.40333 0 0 0 0
1.41 0 0 0 0
1.41667 0 0 0 0
1.42333 0 0 0 0
1.43 0 0 0 0
1.43667 0 0 0 0
1.44333 0 0 0 0
1.45 0 0 0 0
1.45667 0 0 0 0
1.46333 0 0 0 0
1.47 0 0 0 0
1.47667 0 0 0 0
1.48333 0 0 0 0
1.49 0 0 0 0
1.49667 0 0 0 0
1.50333 0 0 0 0
1.51 0 0 0 0
1.51667 0 0 0 0
1.52333 0 0 0 0
1.53 0 0 0 0
1.53667 0 0 0 0
1.54333 0 0 0 0
1.55 0 0 0 0
1.55667 0 0 0 0
1.56333 0 0 0 0
1.57 0 0 0 0
1.57667 0 0 0 0
1.58333 0 0 0 0
1.59 0 0 0 0
1.59667 0 0 0 0
1.60333 0 0 0 0
1.61 0 0 0 0
1.61667 0 0 0 0
1.62333 0 0 0 0
1.63 0 0 0 0
1.63667 0 0 0 0
1.64333 0 0 0 0
1.65 0 0 0 0
1.65667 0 0 0 0
1.66333 0 0 0 0
1.67 0 0 0 0
1.67667 0 0 0 0
1.68333 0 0 0 0
1.69 0 0 0 0
1.69667 0 0 0 0
1.70333 0 0 0 0
1.71 0 0 0 0
1.71667 0 0 0 0
1.72333 0 0 0 0
1.73 0 0 0 0
1.73667 0 0 0 0
1.74333 0 0 0 0
1.75 0 0 0 0
1.75667 0 0 0 0
1.76333 0 0 0 0
1.77 0 0 0 0
1.77667 0 0 0 0
1.78333 0 0 0 0
1.79 0 0 0 0
1.79667 0 0 0 0
1.80333 0 0 0 0
1.81 0 0 0 0
1.81667 0 0 0 0
1.82333 0 0 0 0
1.83 0 0 0 0
1.83667 0 0 0 0
1.84333 0 0 0 0
1.85 0 0 0 0
1.85667 0 0 0 0
1.86333 0 0 0 0
1.87 0 0 0 0
1.87667 0 0 0 0
1.88333 0 0 0 0
1.89 0 0 0 0
1.89667 0 0 0 0
1.90333 0 0 0 0
1.91 0 0 0 0
1.91667 0 0 0 0
1.92333 0 0 0 0
1.93 0 0 0 0
1.93667 0 0 0 0
1.94333 0 0 0 0
1.95 0 0 0 0
1.95667 0 0 0 0
1.96333 0 0 0 0
1.97 0 0 0 0
1.97667 0 0 0 0
1.98333 0 0 0 0
1.99 0 0 0 0
1.99667 0 0 0 0
