0.00333333 0 5 44 45
0.01 0 5 40 62
0.0166667 2 5 57 62
0.0233333 2 5 71 66
0.03 1 8 75 59
0.0366667 0 12 75 65
0.0433333 3 14 129 94
0.05 2 10 126 128
0.0566667 4 13 148 170
0.0633333 6 11 214 157
0.07 4 23 192 208
0.0766667 1 13 194 185
0.0833333 0 20 220 202
0.09 2 22 214 195
0.0966667 3 18 205 213
0.103333 1 12 211 193
0.11 3 16 217 183
0.116667 3 11 188 172
0.123333 4 12 187 184
0.13 8 23 185 150
0.136667 4 14 176 197
0.143333 4 19 171 155
0.15 3 14 154 160
0.156667 5 17 163 140
0.163333 7 17 140 158
0.17 2 12 152 130
0.176667 3 12 139 147
0.183333 4 14 150 151
0.19 2 20 141 164
0.196667 3 20 149 185
0.203333 5 12 110 111
0.21 8 13 148 130
0.216667 1 16 136 127
0.223333 6 11 113 125
0.23 2 12 106 102
0.236667 3 7 131 104
0.243333 4 12 107 103
0.25 2 6 100 117
0.256667 3 10 98 110
0.263333 1 11 99 89
0.27 4 5 95 103
0.276667 4 7 83 72
0.283333 2 14 91 84
0.29 1 12 81 82
0.296667 1 3 96 74
0.303333 0 7 68 74
0.31 2 7 76 75
0.316667 2 6 76 71
0.323333 2 13 70 77
0.33 0 8 77 66
0.336667 0 4 51 62
0.343333 3 9 71 78
0.35 0 5 65 71
0.356667 1 9 66 51
0.363333 1 9 62 57
0.37 1 7 67 55
0.376667 0 4 50 62
0.383333 1 10 59 67
0.39 0 7 58 51
0.396667 1 7 49 43
0.403333 3 12 68 59
0.41 3 5 60 45
0.416667 0 5 50 62
0.423333 2 0 46 56
0.43 3 8 47 41
0.436667 3 10 53 35
0.443333 0 2 59 59
0.45 1 3 56 55
0.456667 0 10 43 52
0.463333 3 3 49 50
0.47 3 8 54 49
0.476667 1 6 39 40
0.483333 0 8 42 30
0.49 0 2 32 31
0.496667 2 6 45 30
0.503333 1 2 34 42
0.51 3 9 27 35
0.516667 1 6 29 30
0.523333 0 4 34 36
0.53 0 5 21 25
0.536667 0 2 23 24
0.543333 2 3 21 25
0.55 1 1 25 26
0.556667 1 6 29 28
0.563333 1 6 28 27
0.57 1 5 25 18
0.576667 1 3 22 22
0.583333 1 6 30 39
0.59 2 6 21 21
0.596667 1 2 21 29
0.603333 1 4 20 11
0.61 0 4 21 35
0.616667 1 4 29 24
0.623333 1 3 20 35
0.63 0 1 22 19
0.636667 2 4 28 22
0.643333 0 3 26 27
0.65 1 2 18 18
0.656667 1 2 18 22
0.663333 17 114 1325 1400
0.67 0 0 0 0
0.676667 0 0 0 0
0.683333 0 0 0 0
0.69 0 0 0 0
0.696667 0 0 0 0
0.703333 0 0 0 0
0.71 0 0 0 0
0.716667 0 0 0 0
0.723333 0 0 0 0
0.73 0 0 0 0
0.736667 0 0 0 0
0.743333 0 0 0 0
0.75 0 0 0 0
0.756667 0 0 0 0
0.763333 0 0 0 0
0.77 0 0 0 0
0.776667 0 0 0 0
0.783333 0 0 0 0
0.79 0 0 0 0
0.796667 0 0 0 0
0.803333 0 0 0 0
0.81 0 0 0 0
0.816667 0 0 0 0
0.823333 0 0 0 0
0.83 0 0 0 0
0.836667 0 0 0 0
0.843333 0 0 0 0
0.85 0 0 0 0
0.856667 0 0 0 0
0.863333 0 0 0 0
0.87 0 0 0 0
0.876667 0 0 0 0
0.883333 0 0 0 0
0.89 0 0 0 0
0.896667 0 0 0 0
0.903333 0 0 0 0
0.91 0 0 0 0
0.916667 0 0 0 0
0.923333 0 0 0 0
0.93 0 0 0 0
0.936667 0 0 0 0
0.943333 0 0 0 0
0.95 0 0 0 0
0.956667 0 0 0 0
0.963333 0 0 0 0
0.97 0 0 0 0
0.976667 0 0 0 0
0.983333 0 0 0 0
0.99 0 0 0 0
0.996667 0 0 0 0
1.00333 0 0 0 0
1.01 0 0 0 0
1.01667 0 0 0 0
1.02333 0 0 0 0
1.03 0 0 0 0
1.03667 0 0 0 0
1.04333 0 0 0 0
1.05 0 0 0 0
1.05667 0 0 0 0
1.06333 0 0 0 0
1.07 0 0 0 0
1.07667 0 0 0 0
1.08333 0 0 0 0
1.09 0 0 0 0
1.09667 0 0 0 0
1.10333 0 0 0 0
1.11 0 0 0 0
1.11667 0 0 0 0
1.12333 0 0 0 0
1.13 0 0 0 0
1.13667 0 0 0 0
1.14333 0 0 0 0
1.15 0 0 0 0
1.15667 0 0 0 0
1.16333 0 0 0 0
1.17 0 0 0 0
1.17667 0 0 0 0
1.18333 0 0 0 0
1.19 0 0 0 0
1.19667 0 0 0 0
1.20333 0 0 0 0
1.21 0 0 0 0
1.21667 0 0 0 0
1.22333 0 0 0 0
1.23 0 0 0 0
1.23667 0 0 0 0
1.24333 0 0 0 0
1.25 0 0 0 0
1.25667 0 0 0 0
1.26333 0 0 0 0
1.27 0 0 0 0
1.27667 0 0 0 0
1.28333 0 0 0 0
1.29 0 0 0 0
1.29667 0 0 0 0
1.30333 0 0 0 0
1.31 0 0 0 0
1.31667 0 0 0 0
1.32333 0 0 0 0
1.33 0 0 0 0
1.33667 0 0 0 0
1.34333 0 0 0 0
1.35 0 0 0 0
1.35667 0 0 0 0
1.36333 0 0 0 0
1.37 0 0 0 0
1.37667 0 0 0 0
1.38333 0 0 0 0
1.39 0 0 0 0
1.39667 0 0 0 0
1.40333 0 0 0 0
1.41 0 0 0 0
1.41667 0 0 0 0
1.42333 0 0 0 0
1.43 0 0 0 0
1.43667 0 0 0 0
1.44333 0 0 0 0
1.45 0 0 0 0
1.45667 0 0 0 0
1.46333 0 0 0 0
1.47 0 0 0 0
1.47667 0 0 0 0
1.48333 0 0 0 0
1.49 0 0 0 0
1.49667 0 0 0 0
1.50333 0 0 0 0
1.51 0 0 0 0
1.51667 0 0 0 0
1.52333 0 0 0 0
1.53 0 0 0 0
1.53667 0 0 0 0
1.54333 0 0 0 0
1.55 0 0 0 0
1.55667 0 0 0 0
1.56333 0 0 0 0
1.57 0 0 0 0
1.57667 0 0 0 0
1.58333 0 0 0 0
1.59 0 0 0 0
1.59667 0 0 0 0
1.60333 0 0 0 0
1.61 0 0 0 0
1.61667 0 0 0 0
1.62333 0 0 0 0
1.63 0 0 0 0
1.63667 0 0 0 0
1.64333 0 0 0 0
1.65 0 0 0 0
1.65667 0 0 0 0
1.66333 0 0 0 0
1.67 0 0 0 0
1.67667 0 0 0 0
1.68333 0 0 0 0
1.69 0 0 0 0
1.69667 0 0 0 0
1.70333 0 0 0 0
1.71 0 0 0 0
1.71667 0 0 0 0
1.72333 0 0 0 0
1.73 0 0 0 0
1.73667 0 0 0 0
1.74333 0 0 0 0
1.75 0 0 0 0
1.75667 0 0 0 0
1.76333 0 0 0 0
1.77 0 0 0 0
1.77667 0 0 0 0
1.78333 0 0 0 0
1.79 0 0 0 0
1.79667 0 0 0 0
1.80333 0 0 0 0
1.81 0 0 0 0
1.81667 0 0 0 0
1.82333 0 0 0 0
1.83 0 0 0 0
1.83667 0 0 0 0
1.84333 0 0 0 0
1.85 0 0 0 0
1.85667 0 0 0 0
1.86333 0 0 0 0
1.87 0 0 0 0
1.87667 0 0 0 0
1.88333 0 0 0 0
1.89 0 0 0 0
1.89667 0 0 0 0
1.90333 0 0 0 0
1.91 0 0 0 0
1.91667 0 0 0 0
1.92333 0 0 0 0
1.93 0 0 0 0
1.93667 0 0 0 0
1.94333 0 0 0 0
1.95 0 0 0 0
1.95667 0 0 0 0
1.96333 0 0 0 0
1.97 0 0 0 0
1.97667 0 0 0 0
1.98333 0 0 0 0
1.99 0 0 0 0
1.99667 0 0 0 0
