0.00333333 26 21 3 1
0.01 39 20 2 0
0.0166667 41 18 1 2
0.0233333 34 35 6 1
0.03 47 37 3 0
0.0366667 59 40 5 1
0.0433333 62 48 4 0
0.05 103 81 13 1
0.0566667 130 100 5 2
0.0633333 140 91 11 2
0.07 114 97 9 2
0.0766667 121 107 8 6
0.0833333 141 102 5 4
0.09 115 92 11 1
0.0966667 107 105 9 2
0.103333 138 110 7 2
0.11 146 100 7 2
0.116667 157 94 7 5
0.123333 124 89 13 0
0.13 117 82 15 3
0.136667 120 68 11 0
0.143333 123 63 14 1
0.15 99 72 7 2
0.156667 101 82 12 0
0.163333 95 60 6 3
0.17 82 72 4 0
0.176667 106 52 7 2
0.183333 83 63 14 0
0.19 106 55 6 2
0.196667 98 63 5 1
0.203333 85 57 3 2
0.21 88 52 8 1
0.216667 84 46 11 1
0.223333 79 53 14 0
0.23 83 55 9 1
0.236667 70 51 10 0
0.243333 71 44 8 1
0.25 66 46 6 1
0.256667 73 38 3 2
0.263333 86 45 13 2
0.27 55 40 9 2
0.276667 81 38 5 0
0.283333 67 49 5 3
0.29 62 32 6 0
0.296667 48 30 1 0
0.303333 63 38 6 1
0.31 56 33 9 0
0.316667 40 35 6 0
0.323333 53 25 2 1
0.33 55 33 6 0
0.336667 54 40 4 1
0.343333 42 17 6 0
0.35 45 32 7 0
0.356667 50 35 6 1
0.363333 53 38 4 0
0.37 64 28 2 2
0.376667 45 29 3 1
0.383333 38 32 3 3
0.39 33 32 4 0
0.396667 49 26 3 1
0.403333 31 19 6 1
0.41 42 29 2 0
0.416667 41 22 3 1
0.423333 44 23 4 0
0.43 46 28 1 0
0.436667 36 20 5 1
0.443333 46 22 5 2
0.45 31 25 4 0
0.456667 43 20 4 3
0.463333 35 24 6 1
0.47 47 12 5 0
0.476667 42 16 1 0
0.483333 24 14 3 0
0.49 29 13 1 0
0.496667 25 9 4 0
0.503333 22 14 2 0
0.51 24 20 3 1
0.516667 18 17 3 0
0.523333 19 16 2 1
0.53 22 10 1 1
0.536667 17 12 3 2
0.543333 26 9 2 0
0.55 20 12 1 0
0.556667 27 12 5 1
0.563333 21 7 6 1
0.57 16 14 2 0
0.576667 20 21 4 0
0.583333 16 12 0 0
0.59 20 12 4 1
0.596667 19 15 4 1
0.603333 18 17 3 0
0.61 24 14 0 2
0.616667 17 12 1 0
0.623333 18 14 3 0
0.63 17 15 1 1
0.636667 15 16 6 2
0.643333 23 14 3 0
0.65 25 11 2 1
0.656667 15 13 2 1
0.663333 880 390 85 10
0.67 0 0 0 0
0.676667 0 0 0 0
0.683333 0 0 0 0
0.69 0 0 0 0
0.696667 0 0 0 0
0.703333 0 0 0 0
0.71 0 0 0 0
0.716667 0 0 0 0
0.723333 0 0 0 0
0.73 0 0 0 0
0.736667 0 0 0 0
0.743333 0 0 0 0
0.75 0 0 0 0
0.756667 0 0 0 0
0.763333 0 0 0 0
0.77 0 0 0 0
0.776667 0 0 0 0
0.783333 0 0 0 0
0.79 0 0 0 0
0.796667 0 0 0 0
0.803333 0 0 0 0
0.81 0 0 0 0
0.816667 0 0 0 0
0.823333 0 0 0 0
0.83 0 0 0 0
0.836667 0 0 0 0
0.843333 0 0 0 0
0.85 0 0 0 0
0.856667 0 0 0 0
0.863333 0 0 0 0
0.87 0 0 0 0
0.876667 0 0 0 0
0.883333 0 0 0 0
0.89 0 0 0 0
0.896667 0 0 0 0
0.903333 0 0 0 0
0.91 0 0 0 0
0.916667 0 0 0 0
0.923333 0 0 0 0
0.93 0 0 0 0
0.936667 0 0 0 0
0.943333 0 0 0 0
0.95 0 0 0 0
0.956667 0 0 0 0
0.963333 0 0 0 0
0.97 0 0 0 0
0.976667 0 0 0 0
0.983333 0 0 0 0
0.99 0 0 0 0
0.996667 0 0 0 0
1.00333 0 0 0 0
1.01 0 0 0 0
1.01667 0 0 0 0
1.02333 0 0 0 0
1.03 0 0 0 0
1.03667 0 0 0 0
1.04333 0 0 0 0
1.05 0 0 0 0
1.05667 0 0 0 0
1.06333 0 0 0 0
1.07 0 0 0 0
1.07667 0 0 0 0
1.08333 0 0 0 0
1.09 0 0 0 0
1.09667 0 0 0 0
1.10333 0 0 0 0
1.11 0 0 0 0
1.11667 0 0 0 0
1.12333 0 0 0 0
1.13 0 0 0 0
1.13667 0 0 0 0
1.14333 0 0 0 0
1.15 0 0 0 0
1.15667 0 0 0 0
1.16333 0 0 0 0
1.17 0 0 0 0
1.17667 0 0 0 0
1.18333 0 0 0 0
1.19 0 0 0 0
1.19667 0 0 0 0
1.20333 0 0 0 0
1.21 0 0 0 0
1.21667 0 0 0 0
1.22333 0 0 0 0
1.23 0 0 0 0
1.23667 0 0 0 0
1.24333 0 0 0 0
1.25 0 0 0 0
1.25667 0 0 0 0
1.26333 0 0 0 0
1.27 0 0 0 0
1.27667 0 0 0 0
1.28333 0 0 0 0
1.29 0 0 0 0
1.29667 0 0 0 0
1.30333 0 0 0 0
1.31 0 0 0 0
1.31667 0 0 0 0
1.32333 0 0 0 0
1.33 0 0 0 0
1.33667 0 0 0 0
1.34333 0 0 0 0
1.35 0 0 0 0
1.35667 0 0 0 0
1.36333 0 0 0 0
1.37 0 0 0 0
1.37667 0 0 0 0
1.38333 0 0 0 0
1.39 0 0 0 0
1.39667 0 0 0 0
1.40333 0 0 0 0
1.41 0 0 0 0
1.41667 0 0 0 0
1.42333 0 0 0 0
1.43 0 0 0 0
1.43667 0 0 0 0
1.44333 0 0 0 0
1.45 0 0 0 0
1.45667 0 0 0 0
1.46333 0 0 0 0
1.47 0 0 0 0
1.47667 0 0 0 0
1.48333 0 0 0 0
1.49 0 0 0 0
1.49667 0 0 0 0
1.50333 0 0 0 0
1.51 0 0 0 0
1.51667 0 0 0 0
1.52333 0 0 0 0
1.53 0 0 0 0
1.53667 0 0 0 0
1.54333 0 0 0 0
1.55 0 0 0 0
1.55667 0 0 0 0
1.56333 0 0 0 0
1.57 0 0 0 0
1.57667 0 0 0 0
1.58333 0 0 0 0
1.59 0 0 0 0
1.59667 0 0 0 0
1.60333 0 0 0 0
1.61 0 0 0 0
1.61667 0 0 0 0
1.62333 0 0 0 0
1.63 0 0 0 0
1.63667 0 0 0 0
1.64333 0 0 0 0
1.65 0 0 0 0
1.65667 0 0 0 0
1.66333 0 0 0 0
1.67 0 0 0 0
1.67667 0 0 0 0
1.68333 0 0 0 0
1.69 0 0 0 0
1.69667 0 0 0 0
1.70333 0 0 0 0
1.71 0 0 0 0
1.71667 0 0 0 0
1.72333 0 0 0 0
1.73 0 0 0 0
1.73667 0 0 0 0
1.74333 0 0 0 0
1.75 0 0 0 0
1.75667 0 0 0 0
1.76333 0 0 0 0
1.77 0 0 0 0
1.77667 0 0 0 0
1.78333 0 0 0 0
1.79 0 0 0 0
1.79667 0 0 0 0
1.80333 0 0 0 0
1.81 0 0 0 0
1.81667 0 0 0 0
1.82333 0 0 0 0
1.83 0 0 0 0
1.83667 0 0 0 0
1.84333 0 0 0 0
1.85 0 0 0 0
1.85667 0 0 0 0
1.86333 0 0 0 0
1.87 0 0 0 0
1.87667 0 0 0 0
1.88333 0 0 0 0
1.89 0 0 0 0
1.89667 0 0 0 0
1.90333 0 0 0 0
1.91 0 0 0 0
1.91667 0 0 0 0
1.92333 0 0 0 0
1.93 0 0 0 0
1.93667 0 0 0 0
1.94333 0 0 0 0
1.95 0 0 0 0
1.95667 0 0 0 0
1.96333 0 0 0 0
1.97 0 0 0 0
1.97667 0 0 0 0
1.98333 0 0 0 0
1.99 0 0 0 0
1.99667 0 0 0 0
