0.00333333 0 2 5 64
0.01 0 1 7 75
0.0166667 2 2 2 70
0.0233333 1 0 10 67
0.03 2 0 5 82
0.0366667 0 7 7 92
0.0433333 2 4 18 75
0.05 0 0 11 110
0.0566667 2 3 30 107
0.0633333 0 4 33 131
0.07 2 2 27 127
0.0766667 4 2 22 126
0.0833333 0 4 30 151
0.09 1 0 23 131
0.0966667 0 4 16 151
0.103333 3 2 21 155
0.11 1 2 33 172
0.116667 1 2 25 193
0.123333 1 1 26 196
0.13 0 4 11 143
0.136667 1 4 25 168
0.143333 2 5 15 167
0.15 1 1 14 141
0.156667 0 2 17 152
0.163333 1 3 22 153
0.17 1 3 18 154
0.176667 0 2 18 140
0.183333 0 1 16 145
0.19 2 3 14 160
0.196667 1 6 24 159
0.203333 1 1 17 137
0.21 1 2 16 172
0.216667 2 2 16 152
0.223333 1 4 8 170
0.23 0 3 12 156
0.236667 2 2 14 140
0.243333 0 1 13 142
0.25 0 0 12 119
0.256667 1 2 15 137
0.263333 0 0 12 125
0.27 3 0 13 136
0.276667 0 1 14 150
0.283333 1 2 10 137
0.29 2 0 9 117
0.296667 0 1 13 126
0.303333 1 1 10 120
0.31 0 2 11 116
0.316667 2 0 8 101
0.323333 3 2 14 107
0.33 2 1 12 104
0.336667 0 1 9 124
0.343333 0 0 6 95
0.35 0 1 16 98
0.356667 2 0 12 99
0.363333 3 0 9 100
0.37 0 1 20 81
0.376667 1 1 8 101
0.383333 0 1 9 94
0.39 0 2 13 97
0.396667 0 2 14 96
0.403333 1 1 9 96
0.41 2 2 5 106
0.416667 1 0 5 77
0.423333 3 0 10 78
0.43 0 0 10 102
0.436667 1 1 6 100
0.443333 1 2 6 107
0.45 0 0 9 88
0.456667 1 1 7 92
0.463333 1 2 15 108
0.47 1 1 11 84
0.476667 1 1 6 82
0.483333 2 4 4 49
0.49 0 1 7 61
0.496667 0 1 6 53
0.503333 1 1 5 50
0.51 0 2 16 46
0.516667 2 3 2 51
0.523333 3 3 5 42
0.53 0 2 8 36
0.536667 2 1 8 52
0.543333 0 0 11 39
0.55 1 2 8 46
0.556667 1 3 6 36
0.563333 1 0 8 36
0.57 0 1 6 28
0.576667 1 1 3 36
0.583333 0 1 6 39
0.59 1 1 3 33
0.596667 1 0 6 45
0.603333 0 1 7 32
0.61 0 0 9 42
0.616667 0 1 1 46
0.623333 0 1 4 36
0.63 2 1 5 41
0.636667 0 1 8 59
0.643333 1 0 3 39
0.65 1 3 5 31
0.656667 2 0 6 23
0.663333 17 28 119 3815
0.67 0 0 0 0
0.676667 0 0 0 0
0.683333 0 0 0 0
0.69 0 0 0 0
0.696667 0 0 0 0
0.703333 0 0 0 0
0.71 0 0 0 0
0.716667 0 0 0 0
0.723333 0 0 0 0
0.73 0 0 0 0
0.736667 0 0 0 0
0.743333 0 0 0 0
0.75 0 0 0 0
0.756667 0 0 0 0
0.763333 0 0 0 0
0.77 0 0 0 0
0.776667 0 0 0 0
0.783333 0 0 0 0
0.79 0 0 0 0
0.796667 0 0 0 0
0.803333 0 0 0 0
0.81 0 0 0 0
0.816667 0 0 0 0
0.823333 0 0 0 0
0.83 0 0 0 0
0.836667 0 0 0 0
0.843333 0 0 0 0
0.85 0 0 0 0
0.856667 0 0 0 0
0.863333 0 0 0 0
0.87 0 0 0 0
0.876667 0 0 0 0
0.883333 0 0 0 0
0.89 0 0 0 0
0.896667 0 0 0 0
0.903333 0 0 0 0
0.91 0 0 0 0
0.916667 0 0 0 0
0.923333 0 0 0 0
0.93 0 0 0 0
0.936667 0 0 0 0
0.943333 0 0 0 0
0.95 0 0 0 0
0.956667 0 0 0 0
0.963333 0 0 0 0
0.97 0 0 0 0
0.976667 0 0 0 0
0.983333 0 0 0 0
0.99 0 0 0 0
0.996667 0 0 0 0
1.00333 0 0 0 0
1.01 0 0 0 0
1.01667 0 0 0 0
1.02333 0 0 0 0
1.03 0 0 0 0
1.03667 0 0 0 0
1.04333 0 0 0 0
1.05 0 0 0 0
1.05667 0 0 0 0
1.06333 0 0 0 0
1.07 0 0 0 0
1.07667 0 0 0 0
1.08333 0 0 0 0
1.09 0 0 0 0
1.09667 0 0 0 0
1.10333 0 0 0 0
1.11 0 0 0 0
1.11667 0 0 0 0
1.12333 0 0 0 0
1.13 0 0 0 0
1.13667 0 0 0 0
1.14333 0 0 0 0
1.15 0 0 0 0
1.15667 0 0 0 0
1.16333 0 0 0 0
1.17 0 0 0 0
1.17667 0 0 0 0
1.18333 0 0 0 0
1.19 0 0 0 0
1.19667 0 0 0 0
1.20333 0 0 0 0
1.21 0 0 0 0
1.21667 0 0 0 0
1.22333 0 0 0 0
1.23 0 0 0 0
1.23667 0 0 0 0
1.24333 0 0 0 0
1.25 0 0 0 0
1.25667 0 0 0 0
1.26333 0 0 0 0
1.27 0 0 0 0
1.27667 0 0 0 0
1.28333 0 0 0 0
1.29 0 0 0 0
1.29667 0 0 0 0
1.30333 0 0 0 0
1.31 0 0 0 0
1.31667 0 0 0 0
1.32333 0 0 0 0
1.33 0 0 0 0
1.33667 0 0 0 0
1.34333 0 0 0 0
1.35 0 0 0 0
1.35667 0 0 0 0
1.36333 0 0 0 0
1.37 0 0 0 0
1.37667 0 0 0 0
1.38333 0 0 0 0
1.39 0 0 0 0
1.39667 0 0 0 0
1.40333 0 0 0 0
1.41 0 0 0 0
1.41667 0 0 0 0
1.42333 0 0 0 0
1.43 0 0 0 0
1.43667 0 0 0 0
1.44333 0 0 0 0
1.45 0 0 0 0
1.45667 0 0 0 0
1.46333 0 0 0 0
1.47 0 0 0 0
1.47667 0 0 0 0
1.48333 0 0 0 0
1.49 0 0 0 0
1.49667 0 0 0 0
1.50333 0 0 0 0
1.51 0 0 0 0
1.51667 0 0 0 0
1.52333 0 0 0 0
1.53 0 0 0 0
1.53667 0 0 0 0
1.54333 0 0 0 0
1.55 0 0 0 0
1.55667 0 0 0 0
1.56333 0 0 0 0
1.57 0 0 0 0
1.57667 0 0 0 0
1.58333 0 0 0 0
1.59 0 0 0 0
1.59667 0 0 0 0
1.60333 0 0 0 0
1.61 0 0 0 0
1.61667 0 0 0 0
1.62333 0 0 0 0
1.63 0 0 0 0
1.63667 0 0 0 0
1.64333 0 0 0 0
1.65 0 0 0 0
1.65667 0 0 0 0
1.66333 0 0 0 0
1.67 0 0 0 0
1.67667 0 0 0 0
1.68333 0 0 0 0
1.69 0 0 0 0
1.69667 0 0 0 0
1.70333 0 0 0 0
1.71 0 0 0 0
1.71667 0 0 0 0
1.72333 0 0 0 0
1.73 0 0 0 0
1.73667 0 0 0 0
1.74333 0 0 0 0
1.75 0 0 0 0
1.75667 0 0 0 0
1.76333 0 0 0 0
1.77 0 0 0 0
1.77667 0 0 0 0
1.78333 0 0 0 0
1.79 0 0 0 0
1.79667 0 0 0 0
1.80333 0 0 0 0
1.81 0 0 0 0
1.81667 0 0 0 0
1.82333 0 0 0 0
1.83 0 0 0 0
1.83667 0 0 0 0
1.84333 0 0 0 0
1.85 0 0 0 0
1.85667 0 0 0 0
1.86333 0 0 0 0
1.87 0 0 0 0
1.87667 0 0 0 0
1.88333 0 0 0 0
1.89 0 0 0 0
1.89667 0 0 0 0
1.90333 0 0 0 0
1.91 0 0 0 0
1.91667 0 0 0 0
1.92333 0 0 0 0
1.93 0 0 0 0
1.93667 0 0 0 0
1.94333 0 0 0 0
1.95 0 0 0 0
1.95667 0 0 0 0
1.96333 0 0 0 0
1.97 0 0 0 0
1.97667 0 0 0 0
1.98333 0 0 0 0
1.99 0 0 0 0
1.99667 0 0 0 0
