0.00333333 3 18 30 11
0.01 5 19 27 17
0.0166667 9 22 31 10
0.0233333 11 35 39 21
0.03 6 41 35 13
0.0366667 4 25 56 21
0.0433333 15 48 75 26
0.05 13 59 101 32
0.0566667 23 74 113 47
0.0633333 36 75 132 49
0.07 23 88 151 59
0.0766667 17 90 120 41
0.0833333 18 96 139 62
0.09 20 86 134 38
0.0966667 15 99 108 50
0.103333 20 98 121 34
0.11 20 85 124 48
0.116667 19 94 116 55
0.123333 24 71 113 39
0.13 19 87 93 47
0.136667 15 75 98 57
0.143333 16 60 96 39
0.15 16 63 94 30
0.156667 11 72 96 37
0.163333 18 60 86 36
0.17 17 57 75 45
0.176667 16 66 81 44
0.183333 20 79 92 36
0.19 21 63 88 36
0.196667 14 73 74 43
0.203333 10 74 64 39
0.21 13 58 71 40
0.216667 13 61 75 28
0.223333 9 48 74 28
0.23 11 57 74 36
0.236667 14 45 62 30
0.243333 8 54 53 27
0.25 8 48 55 24
0.256667 13 40 45 25
0.263333 12 45 38 33
0.27 17 45 46 20
0.276667 7 42 49 24
0.283333 9 32 55 25
0.29 10 45 41 14
0.296667 7 49 36 18
0.303333 11 44 45 26
0.31 6 35 39 20
0.316667 9 27 41 22
0.323333 17 37 50 22
0.33 5 40 43 22
0.336667 9 32 36 23
0.343333 10 35 34 14
0.35 7 34 42 21
0.356667 8 32 37 22
0.363333 7 28 27 12
0.37 8 27 39 20
0.376667 5 32 37 23
0.383333 7 31 38 14
0.39 5 22 40 16
0.396667 14 24 30 15
0.403333 8 22 28 17
0.41 2 20 44 14
0.416667 3 20 26 15
0.423333 2 27 35 18
0.43 4 23 25 17
0.436667 10 22 29 14
0.443333 8 23 30 14
0.45 6 27 40 19
0.456667 2 24 27 21
0.463333 10 31 19 17
0.47 10 19 30 13
0.476667 2 30 29 15
0.483333 16 13 25 9
0.49 2 26 19 10
0.496667 8 15 23 6
0.503333 10 16 16 10
0.51 4 13 21 10
0.516667 2 17 21 12
0.523333 6 20 22 11
0.53 5 19 13 8
0.536667 6 19 15 10
0.543333 5 10 18 8
0.55 4 20 20 8
0.556667 3 13 19 4
0.563333 6 21 18 11
0.57 4 23 11 10
0.576667 7 12 21 13
0.583333 3 12 10 7
0.59 4 14 12 8
0.596667 7 13 15 7
0.603333 5 14 6 8
0.61 3 12 9 11
0.616667 3 11 20 5
0.623333 7 14 11 8
0.63 3 16 11 8
0.636667 3 16 14 9
0.643333 4 13 19 7
0.65 5 10 9 4
0.656667 3 11 6 9
0.663333 152 682 574 342
0.67 0 0 0 0
0.676667 0 0 0 0
0.683333 0 0 0 0
0.69 0 0 0 0
0.696667 0 0 0 0
0.703333 0 0 0 0
0.71 0 0 0 0
0.716667 0 0 0 0
0.723333 0 0 0 0
0.73 0 0 0 0
0.736667 0 0 0 0
0.743333 0 0 0 0
0.75 0 0 0 0
0.756667 0 0 0 0
0.763333 0 0 0 0
0.77 0 0 0 0
0.776667 0 0 0 0
0.783333 0 0 0 0
0.79 0 0 0 0
0.796667 0 0 0 0
0.803333 0 0 0 0
0.81 0 0 0 0
0.816667 0 0 0 0
0.823333 0 0 0 0
0.83 0 0 0 0
0.836667 0 0 0 0
0.843333 0 0 0 0
0.85 0 0 0 0
0.856667 0 0 0 0
0.863333 0 0 0 0
0.87 0 0 0 0
0.876667 0 0 0 0
0.883333 0 0 0 0
0.89 0 0 0 0
0.896667 0 0 0 0
0.903333 0 0 0 0
0.91 0 0 0 0
0.916667 0 0 0 0
0.923333 0 0 0 0
0.93 0 0 0 0
0.936667 0 0 0 0
0.943333 0 0 0 0
0.95 0 0 0 0
0.956667 0 0 0 0
0.963333 0 0 0 0
0.97 0 0 0 0
0.976667 0 0 0 0
0.983333 0 0 0 0
0.99 0 0 0 0
0.996667 0 0 0 0
1.00333 0 0 0 0
1.01 0 0 0 0
1.01667 0 0 0 0
1.02333 0 0 0 0
1.03 0 0 0 0
1.03667 0 0 0 0
1.04333 0 0 0 0
1.05 0 0 0 0
1.05667 0 0 0 0
1.06333 0 0 0 0
1.07 0 0 0 0
1.07667 0 0 0 0
1.08333 0 0 0 0
1.09 0 0 0 0
1.09667 0 0 0 0
1.10333 0 0 0 0
1.11 0 0 0 0
1.11667 0 0 0 0
1.12333 0 0 0 0
1.13 0 0 0 0
1.13667 0 0 0 0
1.14333 0 0 0 0
1.15 0 0 0 0
1.15667 0 0 0 0
1.16333 0 0 0 0
1.17 0 0 0 0
1.17667 0 0 0 0
1.18333 0 0 0 0
1.19 0 0 0 0
1.19667 0 0 0 0
1.20333 0 0 0 0
1.21 0 0 0 0
1.21667 0 0 0 0
1.22333 0 0 0 0
1.23 0 0 0 0
1.23667 0 0 0 0
1.24333 0 0 0 0
1.25 0 0 0 0
1.25667 0 0 0 0
1.26333 0 0 0 0
1.27 0 0 0 0
1.27667 0 0 0 0
1.28333 0 0 0 0
1.29 0 0 0 0
1.29667 0 0 0 0
1.30333 0 0 0 0
1.31 0 0 0 0
1.31667 0 0 0 0
1.32333 0 0 0 0
1.33 0 0 0 0
1.33667 0 0 0 0
1.34333 0 0 0 0
1.35 0 0 0 0
1.35667 0 0 0 0
1.36333 0 0 0 0
1.37 0 0 0 0
1.37667 0 0 0 0
1.38333 0 0 0 0
1.39 0 0 0 0
1.39667 0 0 0 0
1.40333 0 0 0 0
1.41 0 0 0 0
1.41667 0 0 0 0
1.42333 0 0 0 0
1.43 0 0 0 0
1.43667 0 0 0 0
1.44333 0 0 0 0
1.45 0 0 0 0
1.45667 0 0 0 0
1.46333 0 0 0 0
1.47 0 0 0 0
1.47667 0 0 0 0
1.48333 0 0 0 0
1.49 0 0 0 0
1.49667 0 0 0 0
1.50333 0 0 0 0
1.51 0 0 0 0
1.51667 0 0 0 0
1.52333 0 0 0 0
1.53 0 0 0 0
1.53667 0 0 0 0
1.54333 0 0 0 0
1.55 0 0 0 0
1.55667 0 0 0 0
1.56333 0 0 0 0
1.57 0 0 0 0
1.57667 0 0 0 0
1.58333 0 0 0 0
1.59 0 0 0 0
1.59667 0 0 0 0
1.60333 0 0 0 0
1.61 0 0 0 0
1.61667 0 0 0 0
1.62333 0 0 0 0
1.63 0 0 0 0
1.63667 0 0 0 0
1.64333 0 0 0 0
1.65 0 0 0 0
1.65667 0 0 0 0
1.66333 0 0 0 0
1.67 0 0 0 0
1.67667 0 0 0 0
1.68333 0 0 0 0
1.69 0 0 0 0
1.69667 0 0 0 0
1.70333 0 0 0 0
1.71 0 0 0 0
1.71667 0 0 0 0
1.72333 0 0 0 0
1.73 0 0 0 0
1.73667 0 0 0 0
1.74333 0 0 0 0
1.75 0 0 0 0
1.75667 0 0 0 0
1.76333 0 0 0 0
1.77 0 0 0 0
1.77667 0 0 0 0
1.78333 0 0 0 0
1.79 0 0 0 0
1.79667 0 0 0 0
1.80333 0 0 0 0
1.81 0 0 0 0
1.81667 0 0 0 0
1.82333 0 0 0 0
1.83 0 0 0 0
1.83667 0 0 0 0
1.84333 0 0 0 0
1.85 0 0 0 0
1.85667 0 0 0 0
1.86333 0 0 0 0
1.87 0 0 0 0
1.87667 0 0 0 0
1.88333 0 0 0 0
1.89 0 0 0 0
1.89667 0 0 0 0
1.90333 0 0 0 0
1.91 0 0 0 0
1.91667 0 0 0 0
1.92333 0 0 0 0
1.93 0 0 0 0
1.93667 0 0 0 0
1.94333 0 0 0 0
1.95 0 0 0 0
1.95667 0 0 0 0
1.96333 0 0 0 0
1.97 0 0 0 0
1.97667 0 0 0 0
1.98333 0 0 0 0
1.99 0 0 0 0
1.99667 0 0 0 0
