0.00333333 1 0 28 48
0.01 1 1 39 60
0.0166667 1 3 40 57
0.0233333 2 1 33 57
0.03 0 3 53 60
0.0366667 1 6 48 86
0.0433333 1 0 62 113
0.05 2 4 89 141
0.0566667 1 6 91 166
0.0633333 1 4 99 169
0.07 2 5 110 198
0.0766667 3 4 123 167
0.0833333 2 7 118 210
0.09 3 1 115 188
0.0966667 1 6 125 202
0.103333 2 6 102 203
0.11 3 5 104 205
0.116667 2 3 101 204
0.123333 0 5 109 179
0.13 3 3 94 183
0.136667 3 5 84 193
0.143333 0 5 108 159
0.15 2 1 94 164
0.156667 0 2 95 151
0.163333 0 1 107 134
0.17 3 4 89 145
0.176667 3 4 85 150
0.183333 1 3 80 137
0.19 0 4 88 140
0.196667 3 2 90 149
0.203333 3 4 76 130
0.21 1 1 79 123
0.216667 1 4 79 142
0.223333 1 3 68 138
0.23 1 1 73 130
0.236667 1 2 73 114
0.243333 1 2 65 127
0.25 0 3 55 104
0.256667 1 2 49 99
0.263333 1 1 64 91
0.27 2 4 48 116
0.276667 3 2 48 100
0.283333 1 0 52 97
0.29 3 4 64 104
0.296667 0 1 40 85
0.303333 1 1 44 76
0.31 2 2 59 85
0.316667 0 3 45 84
0.323333 1 3 46 83
0.33 1 1 52 70
0.336667 1 1 54 83
0.343333 0 0 48 58
0.35 1 4 41 82
0.356667 0 2 48 79
0.363333 0 3 41 75
0.37 2 3 40 72
0.376667 0 1 39 68
0.383333 0 4 44 69
0.39 0 0 30 53
0.396667 2 3 37 54
0.403333 0 4 34 66
0.41 1 3 34 69
0.416667 0 1 31 69
0.423333 0 0 31 52
0.43 0 1 42 67
0.436667 0 1 41 60
0.443333 2 2 36 58
0.45 1 1 38 71
0.456667 0 2 31 56
0.463333 0 3 34 55
0.47 1 1 44 62
0.476667 1 1 34 45
0.483333 1 0 23 34
0.49 1 3 23 35
0.496667 0 1 22 34
0.503333 1 0 19 31
0.51 0 0 16 35
0.516667 1 0 21 31
0.523333 1 0 19 30
0.53 1 0 17 36
0.536667 1 1 21 33
0.543333 0 0 21 29
0.55 1 0 19 46
0.556667 0 3 14 32
0.563333 0 2 19 28
0.57 1 0 18 30
0.576667 1 2 19 26
0.583333 3 2 19 19
0.59 0 3 16 27
0.596667 0 1 19 17
0.603333 0 3 21 32
0.61 1 2 19 21
0.616667 1 1 20 28
0.623333 1 0 12 26
0.63 0 0 21 22
0.636667 1 1 17 31
0.643333 0 1 13 22
0.65 0 1 26 34
0.656667 1 0 16 18
0.663333 9 10 803 1534
0.67 0 0 0 0
0.676667 0 0 0 0
0.683333 0 0 0 0
0.69 0 0 0 0
0.696667 0 0 0 0
0.703333 0 0 0 0
0.71 0 0 0 0
0.716667 0 0 0 0
0.723333 0 0 0 0
0.73 0 0 0 0
0.736667 0 0 0 0
0.743333 0 0 0 0
0.75 0 0 0 0
0.756667 0 0 0 0
0.763333 0 0 0 0
0.77 0 0 0 0
0.776667 0 0 0 0
0.783333 0 0 0 0
0.79 0 0 0 0
0.796667 0 0 0 0
0.803333 0 0 0 0
0.81 0 0 0 0
0.816667 0 0 0 0
0.823333 0 0 0 0
0.83 0 0 0 0
0.836667 0 0 0 0
0.843333 0 0 0 0
0.85 0 0 0 0
0.856667 0 0 0 0
0.863333 0 0 0 0
0.87 0 0 0 0
0.876667 0 0 0 0
0.883333 0 0 0 0
0.89 0 0 0 0
0.896667 0 0 0 0
0.903333 0 0 0 0
0.91 0 0 0 0
0.916667 0 0 0 0
0.923333 0 0 0 0
0.93 0 0 0 0
0.936667 0 0 0 0
0.943333 0 0 0 0
0.95 0 0 0 0
0.956667 0 0 0 0
0.963333 0 0 0 0
0.97 0 0 0 0
0.976667 0 0 0 0
0.983333 0 0 0 0
0.99 0 0 0 0
0.996667 0 0 0 0
1.00333 0 0 0 0
1.01 0 0 0 0
1.01667 0 0 0 0
1.02333 0 0 0 0
1.03 0 0 0 0
1.03667 0 0 0 0
1.04333 0 0 0 0
1.05 0 0 0 0
1.05667 0 0 0 0
1.06333 0 0 0 0
1.07 0 0 0 0
1.07667 0 0 0 0
1.08333 0 0 0 0
1.09 0 0 0 0
1.09667 0 0 0 0
1.10333 0 0 0 0
1.11 0 0 0 0
1.11667 0 0 0 0
1.12333 0 0 0 0
1.13 0 0 0 0
1.13667 0 0 0 0
1.14333 0 0 0 0
1.15 0 0 0 0
1.15667 0 0 0 0
1.16333 0 0 0 0
1.17 0 0 0 0
1.17667 0 0 0 0
1.18333 0 0 0 0
1.19 0 0 0 0
1.19667 0 0 0 0
1.20333 0 0 0 0
1.21 0 0 0 0
1.21667 0 0 0 0
1.22333 0 0 0 0
1.23 0 0 0 0
1.23667 0 0 0 0
1.24333 0 0 0 0
1.25 0 0 0 0
1.25667 0 0 0 0
1.26333 0 0 0 0
1.27 0 0 0 0
1.27667 0 0 0 0
1.28333 0 0 0 0
1.29 0 0 0 0
1.29667 0 0 0 0
1.30333 0 0 0 0
1.31 0 0 0 0
1.31667 0 0 0 0
1.32333 0 0 0 0
1.33 0 0 0 0
1.33667 0 0 0 0
1.34333 0 0 0 0
1.35 0 0 0 0
1.35667 0 0 0 0
1.36333 0 0 0 0
1.37 0 0 0 0
1.37667 0 0 0 0
1.38333 0 0 0 0
1.39 0 0 0 0
1.39667 0 0 0 0
1.40333 0 0 0 0
1.41 0 0 0 0
1.41667 0 0 0 0
1.42333 0 0 0 0
1.43 0 0 0 0
1.43667 0 0 0 0
1.44333 0 0 0 0
1.45 0 0 0 0
1.45667 0 0 0 0
1.46333 0 0 0 0
1.47 0 0 0 0
1.47667 0 0 0 0
1.48333 0 0 0 0
1.49 0 0 0 0
1.49667 0 0 0 0
1.50333 0 0 0 0
1.51 0 0 0 0
1.51667 0 0 0 0
1.52333 0 0 0 0
1.53 0 0 0 0
1.53667 0 0 0 0
1.54333 0 0 0 0
1.55 0 0 0 0
1.55667 0 0 0 0
1.56333 0 0 0 0
1.57 0 0 0 0
1.57667 0 0 0 0
1.58333 0 0 0 0
1.59 0 0 0 0
1.59667 0 0 0 0
1.60333 0 0 0 0
1.61 0 0 0 0
1.61667 0 0 0 0
1.62333 0 0 0 0
1.63 0 0 0 0
1.63667 0 0 0 0
1.64333 0 0 0 0
1.65 0 0 0 0
1.65667 0 0 0 0
1.66333 0 0 0 0
1.67 0 0 0 0
1.67667 0 0 0 0
1.68333 0 0 0 0
1.69 0 0 0 0
1.69667 0 0 0 0
1.70333 0 0 0 0
1.71 0 0 0 0
1.71667 0 0 0 0
1.72333 0 0 0 0
1.73 0 0 0 0
1.73667 0 0 0 0
1.74333 0 0 0 0
1.75 0 0 0 0
1.75667 0 0 0 0
1.76333 0 0 0 0
1.77 0 0 0 0
1.77667 0 0 0 0
1.78333 0 0 0 0
1.79 0 0 0 0
1.79667 0 0 0 0
1.80333 0 0 0 0
1.81 0 0 0 0
1.81667 0 0 0 0
1.82333 0 0 0 0
1.83 0 0 0 0
1.83667 0 0 0 0
1.84333 0 0 0 0
1.85 0 0 0 0
1.85667 0 0 0 0
1.86333 0 0 0 0
1.87 0 0 0 0
1.87667 0 0 0 0
1.88333 0 0 0 0
1.89 0 0 0 0
1.89667 0 0 0 0
1.90333 0 0 0 0
1.91 0 0 0 0
1.91667 0 0 0 0
1.92333 0 0 0 0
1.93 0 0 0 0
1.93667 0 0 0 0
1.94333 0 0 0 0
1.95 0 0 0 0
1.95667 0 0 0 0
1.96333 0 0 0 0
1.97 0 0 0 0
1.97667 0 0 0 0
1.98333 0 0 0 0
1.99 0 0 0 0
1.99667 0 0 0 0
