0.00333333 16 18 16 3
0.01 15 30 12 3
0.0166667 20 32 14 3
0.0233333 16 32 29 4
0.03 15 48 14 4
0.0366667 19 54 28 10
0.0433333 23 85 27 5
0.05 34 95 48 6
0.0566667 32 100 49 12
0.0633333 42 103 53 9
0.07 45 120 56 8
0.0766667 47 134 54 9
0.0833333 39 121 60 8
0.09 39 104 68 13
0.0966667 41 124 58 7
0.103333 39 129 47 13
0.11 45 119 54 13
0.116667 37 118 60 12
0.123333 40 95 59 8
0.13 27 102 43 8
0.136667 35 91 53 7
0.143333 49 95 40 9
0.15 32 80 47 11
0.156667 29 86 40 6
0.163333 26 83 46 12
0.17 41 71 41 5
0.176667 33 64 38 8
0.183333 32 82 37 15
0.19 25 63 42 9
0.196667 36 84 51 6
0.203333 32 56 31 6
0.21 26 69 45 11
0.216667 22 74 41 13
0.223333 24 61 41 11
0.23 30 57 26 6
0.236667 16 60 34 4
0.243333 21 64 40 7
0.25 29 70 30 9
0.256667 17 54 29 7
0.263333 20 39 31 5
0.27 19 41 23 7
0.276667 15 60 37 5
0.283333 13 56 33 3
0.29 19 43 29 5
0.296667 19 40 28 2
0.303333 19 38 27 4
0.31 22 50 35 4
0.316667 16 38 28 2
0.323333 15 35 24 4
0.33 15 40 21 3
0.336667 21 39 22 7
0.343333 14 30 16 5
0.35 17 40 18 3
0.356667 19 32 20 5
0.363333 13 43 15 4
0.37 14 37 21 6
0.376667 15 24 22 4
0.383333 15 33 11 2
0.39 18 38 14 4
0.396667 8 40 13 1
0.403333 17 40 20 4
0.41 18 23 23 2
0.416667 11 38 20 4
0.423333 7 36 16 2
0.43 8 38 16 3
0.436667 12 28 18 6
0.443333 14 24 18 1
0.45 14 32 9 4
0.456667 11 30 23 2
0.463333 13 28 18 1
0.47 18 21 19 5
0.476667 15 21 14 4
0.483333 15 22 11 1
0.49 15 19 17 2
0.496667 8 18 20 3
0.503333 7 25 14 3
0.51 3 17 13 2
0.516667 12 19 10 2
0.523333 4 15 9 3
0.53 10 15 11 0
0.536667 6 17 10 1
0.543333 5 18 9 4
0.55 6 14 10 2
0.556667 7 12 13 1
0.563333 7 10 11 4
0.57 9 14 17 6
0.576667 13 23 9 3
0.583333 12 8 9 6
0.59 10 8 3 1
0.596667 6 17 14 2
0.603333 5 17 12 3
0.61 5 12 12 2
0.616667 6 17 8 2
0.623333 13 9 8 4
0.63 8 11 8 3
0.636667 5 9 14 2
0.643333 5 14 7 2
0.65 11 12 7 1
0.656667 4 17 6 4
0.663333 236 465 405 47
0.67 0 0 0 0
0.676667 0 0 0 0
0.683333 0 0 0 0
0.69 0 0 0 0
0.696667 0 0 0 0
0.703333 0 0 0 0
0.71 0 0 0 0
0.716667 0 0 0 0
0.723333 0 0 0 0
0.73 0 0 0 0
0.736667 0 0 0 0
0.743333 0 0 0 0
0.75 0 0 0 0
0.756667 0 0 0 0
0.763333 0 0 0 0
0.77 0 0 0 0
0.776667 0 0 0 0
0.783333 0 0 0 0
0.79 0 0 0 0
0.796667 0 0 0 0
0.803333 0 0 0 0
0.81 0 0 0 0
0.816667 0 0 0 0
0.823333 0 0 0 0
0.83 0 0 0 0
0.836667 0 0 0 0
0.843333 0 0 0 0
0.85 0 0 0 0
0.856667 0 0 0 0
0.863333 0 0 0 0
0.87 0 0 0 0
0.876667 0 0 0 0
0.883333 0 0 0 0
0.89 0 0 0 0
0.896667 0 0 0 0
0.903333 0 0 0 0
0.91 0 0 0 0
0.916667 0 0 0 0
0.923333 0 0 0 0
0.93 0 0 0 0
0.936667 0 0 0 0
0.943333 0 0 0 0
0.95 0 0 0 0
0.956667 0 0 0 0
0.963333 0 0 0 0
0.97 0 0 0 0
0.976667 0 0 0 0
0.983333 0 0 0 0
0.99 0 0 0 0
0.996667 0 0 0 0
1.00333 0 0 0 0
1.01 0 0 0 0
1.01667 0 0 0 0
1.02333 0 0 0 0
1.03 0 0 0 0
1.03667 0 0 0 0
1.04333 0 0 0 0
1.05 0 0 0 0
1.05667 0 0 0 0
1.06333 0 0 0 0
1.07 0 0 0 0
1.07667 0 0 0 0
1.08333 0 0 0 0
1.09 0 0 0 0
1.09667 0 0 0 0
1.10333 0 0 0 0
1.11 0 0 0 0
1.11667 0 0 0 0
1.12333 0 0 0 0
1.13 0 0 0 0
1.13667 0 0 0 0
1.14333 0 0 0 0
1.15 0 0 0 0
1.15667 0 0 0 0
1.16333 0 0 0 0
1.17 0 0 0 0
1.17667 0 0 0 0
1.18333 0 0 0 0
1.19 0 0 0 0
1.19667 0 0 0 0
1.20333 0 0 0 0
1.21 0 0 0 0
1.21667 0 0 0 0
1.22333 0 0 0 0
1.23 0 0 0 0
1.23667 0 0 0 0
1.24333 0 0 0 0
1.25 0 0 0 0
1.25667 0 0 0 0
1.26333 0 0 0 0
1.27 0 0 0 0
1.27667 0 0 0 0
1.28333 0 0 0 0
1.29 0 0 0 0
1.29667 0 0 0 0
1.30333 0 0 0 0
1.31 0 0 0 0
1.31667 0 0 0 0
1.32333 0 0 0 0
1.33 0 0 0 0
1.33667 0 0 0 0
1.34333 0 0 0 0
1.35 0 0 0 0
1.35667 0 0 0 0
1.36333 0 0 0 0
1.37 0 0 0 0
1.37667 0 0 0 0
1.38333 0 0 0 0
1.39 0 0 0 0
1.39667 0 0 0 0
1.40333 0 0 0 0
1.41 0 0 0 0
1.41667 0 0 0 0
1.42333 0 0 0 0
1.43 0 0 0 0
1.43667 0 0 0 0
1.44333 0 0 0 0
1.45 0 0 0 0
1.45667 0 0 0 0
1.46333 0 0 0 0
1.47 0 0 0 0
1.47667 0 0 0 0
1.48333 0 0 0 0
1.49 0 0 0 0
1.49667 0 0 0 0
1.50333 0 0 0 0
1.51 0 0 0 0
1.51667 0 0 0 0
1.52333 0 0 0 0
1.53 0 0 0 0
1.53667 0 0 0 0
1.54333 0 0 0 0
1.55 0 0 0 0
1.55667 0 0 0 0
1.56333 0 0 0 0
1.57 0 0 0 0
1.57667 0 0 0 0
1.58333 0 0 0 0
1.59 0 0 0 0
1.59667 0 0 0 0
1.60333 0 0 0 0
1.61 0 0 0 0
1.61667 0 0 0 0
1.62333 0 0 0 0
1.63 0 0 0 0
1.63667 0 0 0 0
1.64333 0 0 0 0
1.65 0 0 0 0
1.65667 0 0 0 0
1.66333 0 0 0 0
1.67 0 0 0 0
1.67667 0 0 0 0
1.68333 0 0 0 0
1.69 0 0 0 0
1.69667 0 0 0 0
1.70333 0 0 0 0
1.71 0 0 0 0
1.71667 0 0 0 0
1.72333 0 0 0 0
1.73 0 0 0 0
1.73667 0 0 0 0
1.74333 0 0 0 0
1.75 0 0 0 0
1.75667 0 0 0 0
1.76333 0 0 0 0
1.77 0 0 0 0
1.77667 0 0 0 0
1.78333 0 0 0 0
1.79 0 0 0 0
1.79667 0 0 0 0
1.80333 0 0 0 0
1.81 0 0 0 0
1.81667 0 0 0 0
1.82333 0 0 0 0
1.83 0 0 0 0
1.83667 0 0 0 0
1.84333 0 0 0 0
1.85 0 0 0 0
1.85667 0 0 0 0
1.86333 0 0 0 0
1.87 0 0 0 0
1.87667 0 0 0 0
1.88333 0 0 0 0
1.89 0 0 0 0
1.89667 0 0 0 0
1.90333 0 0 0 0
1.91 0 0 0 0
1.91667 0 0 0 0
1.92333 0 0 0 0
1.93 0 0 0 0
1.93667 0 0 0 0
1.94333 0 0 0 0
1.95 0 0 0 0
1.95667 0 0 0 0
1.96333 0 0 0 0
1.97 0 0 0 0
1.97667 0 0 0 0
1.98333 0 0 0 0
1.99 0 0 0 0
1.99667 0 0 0 0
