0.00333333 19 67 4 1
0.01 33 78 4 0
0.0166667 38 70 4 2
0.0233333 31 93 4 2
0.03 40 88 4 2
0.0366667 57 109 4 0
0.0433333 72 154 11 4
0.05 96 192 10 9
0.0566667 112 240 11 2
0.0633333 142 258 22 6
0.07 134 260 17 5
0.0766667 152 257 22 5
0.0833333 135 295 17 7
0.09 134 321 23 6
0.0966667 124 274 23 6
0.103333 124 299 26 7
0.11 137 271 21 6
0.116667 121 275 24 3
0.123333 116 295 26 1
0.13 99 278 19 5
0.136667 104 231 22 7
0.143333 116 234 19 2
0.15 92 222 20 1
0.156667 86 263 17 5
0.163333 90 218 16 4
0.17 90 239 25 2
0.176667 81 208 16 4
0.183333 92 243 12 6
0.19 92 238 13 1
0.196667 85 225 20 2
0.203333 63 234 13 4
0.21 72 192 13 2
0.216667 73 196 15 2
0.223333 71 171 16 3
0.23 71 176 9 2
0.236667 63 199 16 4
0.243333 74 159 15 5
0.25 72 152 13 1
0.256667 55 141 9 3
0.263333 55 137 7 3
0.27 57 137 11 2
0.276667 51 149 11 4
0.283333 46 132 11 2
0.29 55 118 9 2
0.296667 58 141 11 3
0.303333 66 119 7 2
0.31 54 131 11 2
0.316667 52 99 14 1
0.323333 61 92 7 2
0.33 45 110 10 2
0.336667 36 113 13 2
0.343333 54 97 6 1
0.35 38 105 12 2
0.356667 32 101 7 0
0.363333 40 105 11 1
0.37 37 99 10 3
0.376667 35 90 3 1
0.383333 24 82 2 2
0.39 34 94 10 1
0.396667 40 90 12 1
0.403333 38 83 9 0
0.41 40 86 12 3
0.416667 37 84 6 3
0.423333 34 70 10 1
0.43 34 80 12 1
0.436667 32 67 9 0
0.443333 33 64 11 1
0.45 32 76 10 2
0.456667 32 88 6 0
0.463333 44 57 13 4
0.47 28 69 7 1
0.476667 28 62 7 5
0.483333 18 50 2 0
0.49 27 51 6 4
0.496667 22 43 3 1
0.503333 17 51 7 3
0.51 26 34 4 0
0.516667 27 42 6 0
0.523333 26 44 7 2
0.53 16 34 5 0
0.536667 20 41 2 3
0.543333 9 37 6 0
0.55 23 34 2 1
0.556667 15 34 3 1
0.563333 21 32 4 1
0.57 15 46 7 1
0.576667 16 46 7 1
0.583333 13 32 5 1
0.59 16 37 7 3
0.596667 15 38 1 0
0.603333 11 35 9 0
0.61 16 35 8 2
0.616667 14 33 3 3
0.623333 14 32 7 1
0.63 17 36 2 3
0.636667 17 40 5 3
0.643333 13 38 9 3
0.65 16 40 5 1
0.656667 18 26 4 1
0.663333 687 2417 145 18
0.67 0 0 0 0
0.676667 0 0 0 0
0.683333 0 0 0 0
0.69 0 0 0 0
0.696667 0 0 0 0
0.703333 0 0 0 0
0.71 0 0 0 0
0.716667 0 0 0 0
0.723333 0 0 0 0
0.73 0 0 0 0
0.736667 0 0 0 0
0.743333 0 0 0 0
0.75 0 0 0 0
0.756667 0 0 0 0
0.763333 0 0 0 0
0.77 0 0 0 0
0.776667 0 0 0 0
0.783333 0 0 0 0
0.79 0 0 0 0
0.796667 0 0 0 0
0.803333 0 0 0 0
0.81 0 0 0 0
0.816667 0 0 0 0
0.823333 0 0 0 0
0.83 0 0 0 0
0.836667 0 0 0 0
0.843333 0 0 0 0
0.85 0 0 0 0
0.856667 0 0 0 0
0.863333 0 0 0 0
0.87 0 0 0 0
0.876667 0 0 0 0
0.883333 0 0 0 0
0.89 0 0 0 0
0.896667 0 0 0 0
0.903333 0 0 0 0
0.91 0 0 0 0
0.916667 0 0 0 0
0.923333 0 0 0 0
0.93 0 0 0 0
0.936667 0 0 0 0
0.943333 0 0 0 0
0.95 0 0 0 0
0.956667 0 0 0 0
0.963333 0 0 0 0
0.97 0 0 0 0
0.976667 0 0 0 0
0.983333 0 0 0 0
0.99 0 0 0 0
0.996667 0 0 0 0
1.00333 0 0 0 0
1.01 0 0 0 0
1.01667 0 0 0 0
1.02333 0 0 0 0
1.03 0 0 0 0
1.03667 0 0 0 0
1.04333 0 0 0 0
1.05 0 0 0 0
1.05667 0 0 0 0
1.06333 0 0 0 0
1.07 0 0 0 0
1.07667 0 0 0 0
1.08333 0 0 0 0
1.09 0 0 0 0
1.09667 0 0 0 0
1.10333 0 0 0 0
1.11 0 0 0 0
1.11667 0 0 0 0
1.12333 0 0 0 0
1.13 0 0 0 0
1.13667 0 0 0 0
1.14333 0 0 0 0
1.15 0 0 0 0
1.15667 0 0 0 0
1.16333 0 0 0 0
1.17 0 0 0 0
1.17667 0 0 0 0
1.18333 0 0 0 0
1.19 0 0 0 0
1.19667 0 0 0 0
1.20333 0 0 0 0
1.21 0 0 0 0
1.21667 0 0 0 0
1.22333 0 0 0 0
1.23 0 0 0 0
1.23667 0 0 0 0
1.24333 0 0 0 0
1.25 0 0 0 0
1.25667 0 0 0 0
1.26333 0 0 0 0
1.27 0 0 0 0
1.27667 0 0 0 0
1.28333 0 0 0 0
1.29 0 0 0 0
1.29667 0 0 0 0
1.30333 0 0 0 0
1.31 0 0 0 0
1.31667 0 0 0 0
1.32333 0 0 0 0
1.33 0 0 0 0
1.33667 0 0 0 0
1.34333 0 0 0 0
1.35 0 0 0 0
1.35667 0 0 0 0
1.36333 0 0 0 0
1.37 0 0 0 0
1.37667 0 0 0 0
1.38333 0 0 0 0
1.39 0 0 0 0
1.39667 0 0 0 0
1.40333 0 0 0 0
1.41 0 0 0 0
1.41667 0 0 0 0
1.42333 0 0 0 0
1.43 0 0 0 0
1.43667 0 0 0 0
1.44333 0 0 0 0
1.45 0 0 0 0
1.45667 0 0 0 0
1.46333 0 0 0 0
1.47 0 0 0 0
1.47667 0 0 0 0
1.48333 0 0 0 0
1.49 0 0 0 0
1.49667 0 0 0 0
1.50333 0 0 0 0
1.51 0 0 0 0
1.51667 0 0 0 0
1.52333 0 0 0 0
1.53 0 0 0 0
1.53667 0 0 0 0
1.54333 0 0 0 0
1.55 0 0 0 0
1.55667 0 0 0 0
1.56333 0 0 0 0
1.57 0 0 0 0
1.57667 0 0 0 0
1.58333 0 0 0 0
1.59 0 0 0 0
1.59667 0 0 0 0
1.60333 0 0 0 0
1.61 0 0 0 0
1.61667 0 0 0 0
1.62333 0 0 0 0
1.63 0 0 0 0
1.63667 0 0 0 0
1.64333 0 0 0 0
1.65 0 0 0 0
1.65667 0 0 0 0
1.66333 0 0 0 0
1.67 0 0 0 0
1.67667 0 0 0 0
1.68333 0 0 0 0
1.69 0 0 0 0
1.69667 0 0 0 0
1.70333 0 0 0 0
1.71 0 0 0 0
1.71667 0 0 0 0
1.72333 0 0 0 0
1.73 0 0 0 0
1.73667 0 0 0 0
1.74333 0 0 0 0
1.75 0 0 0 0
1.75667 0 0 0 0
1.76333 0 0 0 0
1.77 0 0 0 0
1.77667 0 0 0 0
1.78333 0 0 0 0
1.79 0 0 0 0
1.79667 0 0 0 0
1.80333 0 0 0 0
1.81 0 0 0 0
1.81667 0 0 0 0
1.82333 0 0 0 0
1.83 0 0 0 0
1.83667 0 0 0 0
1.84333 0 0 0 0
1.85 0 0 0 0
1.85667 0 0 0 0
1.86333 0 0 0 0
1.87 0 0 0 0
1.87667 0 0 0 0
1.88333 0 0 0 0
1.89 0 0 0 0
1.89667 0 0 0 0
1.90333 0 0 0 0
1.91 0 0 0 0
1.91667 0 0 0 0
1.92333 0 0 0 0
1.93 0 0 0 0
1.93667 0 0 0 0
1.94333 0 0 0 0
1.95 0 0 0 0
1.95667 0 0 0 0
1.96333 0 0 0 0
1.97 0 0 0 0
1.97667 0 0 0 0
1.98333 0 0 0 0
1.99 0 0 0 0
1.99667 0 0 0 0
