0.00333333 37 35 0 0
0.01 45 39 1 1
0.0166667 52 42 2 0
0.0233333 45 44 2 0
0.03 70 49 4 1
0.0366667 74 58 2 1
0.0433333 107 76 7 0
0.05 120 95 6 1
0.0566667 125 105 8 3
0.0633333 158 121 6 2
0.07 157 132 6 2
0.0766667 158 121 13 2
0.0833333 150 137 9 0
0.09 170 155 9 2
0.0966667 177 127 8 3
0.103333 138 129 10 3
0.11 165 147 12 1
0.116667 162 136 9 1
0.123333 147 122 8 0
0.13 157 131 7 4
0.136667 147 103 7 4
0.143333 120 126 6 0
0.15 147 93 7 0
0.156667 120 125 9 3
0.163333 108 113 8 1
0.17 123 103 3 0
0.176667 97 112 4 1
0.183333 123 94 8 3
0.19 130 112 4 1
0.196667 121 108 9 4
0.203333 101 95 9 1
0.21 122 113 5 3
0.216667 110 91 8 2
0.223333 95 93 6 2
0.23 77 85 12 1
0.236667 87 82 7 0
0.243333 94 83 4 1
0.25 79 70 14 0
0.256667 72 70 7 1
0.263333 78 63 2 0
0.27 83 47 5 1
0.276667 84 60 5 0
0.283333 65 62 5 0
0.29 76 64 5 0
0.296667 75 73 2 0
0.303333 59 56 5 0
0.31 75 49 4 0
0.316667 73 58 8 0
0.323333 61 69 4 0
0.33 76 61 6 0
0.336667 54 64 3 1
0.343333 64 58 2 0
0.35 47 59 5 1
0.356667 50 42 3 1
0.363333 58 39 3 0
0.37 55 50 5 0
0.376667 42 43 3 0
0.383333 52 44 3 0
0.39 40 52 5 2
0.396667 51 36 6 2
0.403333 55 46 2 0
0.41 38 43 2 0
0.416667 40 36 7 1
0.423333 45 50 1 0
0.43 43 41 2 0
0.436667 42 36 3 2
0.443333 40 42 4 0
0.45 47 38 4 1
0.456667 35 36 7 2
0.463333 31 26 3 3
0.47 39 33 2 1
0.476667 43 38 5 0
0.483333 40 35 2 1
0.49 26 23 4 0
0.496667 36 22 3 0
0.503333 33 27 4 3
0.51 18 26 4 0
0.516667 29 30 3 0
0.523333 25 24 1 1
0.53 21 16 1 0
0.536667 30 33 3 0
0.543333 26 19 3 0
0.55 24 26 2 0
0.556667 33 21 4 1
0.563333 26 16 4 0
0.57 25 20 2 1
0.576667 22 14 2 0
0.583333 29 20 1 1
0.59 27 28 3 2
0.596667 24 22 1 1
0.603333 23 14 1 1
0.61 17 14 4 1
0.616667 16 20 1 2
0.623333 22 30 4 1
0.63 20 16 2 1
0.636667 29 22 2 3
0.643333 18 14 0 0
0.65 25 18 3 0
0.656667 22 20 0 1
0.663333 1001 952 78 5
0.67 0 0 0 0
0.676667 0 0 0 0
0.683333 0 0 0 0
0.69 0 0 0 0
0.696667 0 0 0 0
0.703333 0 0 0 0
0.71 0 0 0 0
0.716667 0 0 0 0
0.723333 0 0 0 0
0.73 0 0 0 0
0.736667 0 0 0 0
0.743333 0 0 0 0
0.75 0 0 0 0
0.756667 0 0 0 0
0.763333 0 0 0 0
0.77 0 0 0 0
0.776667 0 0 0 0
0.783333 0 0 0 0
0.79 0 0 0 0
0.796667 0 0 0 0
0.803333 0 0 0 0
0.81 0 0 0 0
0.816667 0 0 0 0
0.823333 0 0 0 0
0.83 0 0 0 0
0.836667 0 0 0 0
0.843333 0 0 0 0
0.85 0 0 0 0
0.856667 0 0 0 0
0.863333 0 0 0 0
0.87 0 0 0 0
0.876667 0 0 0 0
0.883333 0 0 0 0
0.89 0 0 0 0
0.896667 0 0 0 0
0.903333 0 0 0 0
0.91 0 0 0 0
0.916667 0 0 0 0
0.923333 0 0 0 0
0.93 0 0 0 0
0.936667 0 0 0 0
0.943333 0 0 0 0
0.95 0 0 0 0
0.956667 0 0 0 0
0.963333 0 0 0 0
0.97 0 0 0 0
0.976667 0 0 0 0
0.983333 0 0 0 0
0.99 0 0 0 0
0.996667 0 0 0 0
1.00333 0 0 0 0
1.01 0 0 0 0
1.01667 0 0 0 0
1.02333 0 0 0 0
1.03 0 0 0 0
1.03667 0 0 0 0
1.04333 0 0 0 0
1.05 0 0 0 0
1.05667 0 0 0 0
1.06333 0 0 0 0
1.07 0 0 0 0
1.07667 0 0 0 0
1.08333 0 0 0 0
1.09 0 0 0 0
1.09667 0 0 0 0
1.10333 0 0 0 0
1.11 0 0 0 0
1.11667 0 0 0 0
1.12333 0 0 0 0
1.13 0 0 0 0
1.13667 0 0 0 0
1.14333 0 0 0 0
1.15 0 0 0 0
1.15667 0 0 0 0
1.16333 0 0 0 0
1.17 0 0 0 0
1.17667 0 0 0 0
1.18333 0 0 0 0
1.19 0 0 0 0
1.19667 0 0 0 0
1.20333 0 0 0 0
1.21 0 0 0 0
1.21667 0 0 0 0
1.22333 0 0 0 0
1.23 0 0 0 0
1.23667 0 0 0 0
1.24333 0 0 0 0
1.25 0 0 0 0
1.25667 0 0 0 0
1.26333 0 0 0 0
1.27 0 0 0 0
1.27667 0 0 0 0
1.28333 0 0 0 0
1.29 0 0 0 0
1.29667 0 0 0 0
1.30333 0 0 0 0
1.31 0 0 0 0
1.31667 0 0 0 0
1.32333 0 0 0 0
1.33 0 0 0 0
1.33667 0 0 0 0
1.34333 0 0 0 0
1.35 0 0 0 0
1.35667 0 0 0 0
1.36333 0 0 0 0
1.37 0 0 0 0
1.37667 0 0 0 0
1.38333 0 0 0 0
1.39 0 0 0 0
1.39667 0 0 0 0
1.40333 0 0 0 0
1.41 0 0 0 0
1.41667 0 0 0 0
1.42333 0 0 0 0
1.43 0 0 0 0
1.43667 0 0 0 0
1.44333 0 0 0 0
1.45 0 0 0 0
1.45667 0 0 0 0
1.46333 0 0 0 0
1.47 0 0 0 0
1.47667 0 0 0 0
1.48333 0 0 0 0
1.49 0 0 0 0
1.49667 0 0 0 0
1.50333 0 0 0 0
1.51 0 0 0 0
1.51667 0 0 0 0
1.52333 0 0 0 0
1.53 0 0 0 0
1.53667 0 0 0 0
1.54333 0 0 0 0
1.55 0 0 0 0
1.55667 0 0 0 0
1.56333 0 0 0 0
1.57 0 0 0 0
1.57667 0 0 0 0
1.58333 0 0 0 0
1.59 0 0 0 0
1.59667 0 0 0 0
1.60333 0 0 0 0
1.61 0 0 0 0
1.61667 0 0 0 0
1.62333 0 0 0 0
1.63 0 0 0 0
1.63667 0 0 0 0
1.64333 0 0 0 0
1.65 0 0 0 0
1.65667 0 0 0 0
1.66333 0 0 0 0
1.67 0 0 0 0
1.67667 0 0 0 0
1.68333 0 0 0 0
1.69 0 0 0 0
1.69667 0 0 0 0
1.70333 0 0 0 0
1.71 0 0 0 0
1.71667 0 0 0 0
1.72333 0 0 0 0
1.73 0 0 0 0
1.73667 0 0 0 0
1.74333 0 0 0 0
1.75 0 0 0 0
1.75667 0 0 0 0
1.76333 0 0 0 0
1.77 0 0 0 0
1.77667 0 0 0 0
1.78333 0 0 0 0
1.79 0 0 0 0
1.79667 0 0 0 0
1.80333 0 0 0 0
1.81 0 0 0 0
1.81667 0 0 0 0
1.82333 0 0 0 0
1.83 0 0 0 0
1.83667 0 0 0 0
1.84333 0 0 0 0
1.85 0 0 0 0
1.85667 0 0 0 0
1.86333 0 0 0 0
1.87 0 0 0 0
1.87667 0 0 0 0
1.88333 0 0 0 0
1.89 0 0 0 0
1.89667 0 0 0 0
1.90333 0 0 0 0
1.91 0 0 0 0
1.91667 0 0 0 0
1.92333 0 0 0 0
1.93 0 0 0 0
1.93667 0 0 0 0
1.94333 0 0 0 0
1.95 0 0 0 0
1.95667 0 0 0 0
1.96333 0 0 0 0
1.97 0 0 0 0
1.97667 0 0 0 0
1.98333 0 0 0 0
1.99 0 0 0 0
1.99667 0 0 0 0
