0.00333333 23 31 10 3
0.01 18 33 11 5
0.0166667 20 50 8 6
0.0233333 30 38 12 6
0.03 20 45 19 5
0.0366667 29 75 19 10
0.0433333 35 84 21 7
0.05 42 111 31 11
0.0566667 57 124 39 13
0.0633333 65 145 47 12
0.07 68 170 42 11
0.0766667 84 160 40 15
0.0833333 63 148 25 17
0.09 63 142 47 15
0.0966667 74 167 47 15
0.103333 75 141 31 11
0.11 66 138 44 15
0.116667 62 135 38 16
0.123333 58 139 40 11
0.13 59 103 37 8
0.136667 54 95 33 9
0.143333 72 126 22 12
0.15 83 110 29 15
0.156667 57 108 21 10
0.163333 59 99 35 11
0.17 60 84 30 11
0.176667 59 89 25 11
0.183333 79 105 19 16
0.19 55 98 25 13
0.196667 49 93 19 14
0.203333 61 84 21 15
0.21 53 71 20 15
0.216667 45 94 20 13
0.223333 53 70 21 12
0.23 44 75 16 8
0.236667 44 73 23 5
0.243333 46 77 18 13
0.25 38 67 18 8
0.256667 34 73 12 16
0.263333 43 60 14 9
0.27 38 59 15 4
0.276667 40 63 19 4
0.283333 38 50 10 7
0.29 40 67 22 5
0.296667 42 59 23 5
0.303333 36 56 21 4
0.31 38 40 14 10
0.316667 27 50 14 12
0.323333 32 46 13 7
0.33 26 45 11 6
0.336667 24 48 15 15
0.343333 22 39 11 7
0.35 17 51 9 7
0.356667 30 39 19 10
0.363333 25 45 6 6
0.37 27 48 12 4
0.376667 23 53 13 5
0.383333 28 34 9 5
0.39 34 40 14 4
0.396667 25 44 5 11
0.403333 25 37 7 12
0.41 28 46 10 6
0.416667 24 33 9 3
0.423333 22 32 13 8
0.43 25 41 10 5
0.436667 20 44 10 3
0.443333 26 37 10 6
0.45 17 37 10 3
0.456667 32 32 10 2
0.463333 22 32 7 8
0.47 30 40 9 4
0.476667 20 23 14 6
0.483333 19 26 6 3
0.49 12 24 4 3
0.496667 19 26 13 2
0.503333 8 19 7 4
0.51 11 27 11 5
0.516667 17 24 4 7
0.523333 14 23 9 5
0.53 10 18 6 3
0.536667 14 18 9 7
0.543333 17 23 6 3
0.55 9 15 7 2
0.556667 11 11 7 2
0.563333 11 23 4 3
0.57 14 18 7 4
0.576667 9 22 9 4
0.583333 8 17 6 4
0.59 8 24 9 10
0.596667 11 17 8 2
0.603333 17 13 2 2
0.61 11 18 9 3
0.616667 13 18 5 2
0.623333 15 20 6 3
0.63 13 14 6 0
0.636667 4 26 7 4
0.643333 12 27 6 6
0.65 7 22 4 5
0.656667 4 9 5 5
0.663333 609 742 164 134
0.67 0 0 0 0
0.676667 0 0 0 0
0.683333 0 0 0 0
0.69 0 0 0 0
0.696667 0 0 0 0
0.703333 0 0 0 0
0.71 0 0 0 0
0.716667 0 0 0 0
0.723333 0 0 0 0
0.73 0 0 0 0
0.736667 0 0 0 0
0.743333 0 0 0 0
0.75 0 0 0 0
0.756667 0 0 0 0
0.763333 0 0 0 0
0.77 0 0 0 0
0.776667 0 0 0 0
0.783333 0 0 0 0
0.79 0 0 0 0
0.796667 0 0 0 0
0.803333 0 0 0 0
0.81 0 0 0 0
0.816667 0 0 0 0
0.823333 0 0 0 0
0.83 0 0 0 0
0.836667 0 0 0 0
0.843333 0 0 0 0
0.85 0 0 0 0
0.856667 0 0 0 0
0.863333 0 0 0 0
0.87 0 0 0 0
0.876667 0 0 0 0
0.883333 0 0 0 0
0.89 0 0 0 0
0.896667 0 0 0 0
0.903333 0 0 0 0
0.91 0 0 0 0
0.916667 0 0 0 0
0.923333 0 0 0 0
0.93 0 0 0 0
0.936667 0 0 0 0
0.943333 0 0 0 0
0.95 0 0 0 0
0.956667 0 0 0 0
0.963333 0 0 0 0
0.97 0 0 0 0
0.976667 0 0 0 0
0.983333 0 0 0 0
0.99 0 0 0 0
0.996667 0 0 0 0
1.00333 0 0 0 0
1.01 0 0 0 0
1.01667 0 0 0 0
1.02333 0 0 0 0
1.03 0 0 0 0
1.03667 0 0 0 0
1.04333 0 0 0 0
1.05 0 0 0 0
1.05667 0 0 0 0
1.06333 0 0 0 0
1.07 0 0 0 0
1.07667 0 0 0 0
1.08333 0 0 0 0
1.09 0 0 0 0
1.09667 0 0 0 0
1.10333 0 0 0 0
1.11 0 0 0 0
1.11667 0 0 0 0
1.12333 0 0 0 0
1.13 0 0 0 0
1.13667 0 0 0 0
1.14333 0 0 0 0
1.15 0 0 0 0
1.15667 0 0 0 0
1.16333 0 0 0 0
1.17 0 0 0 0
1.17667 0 0 0 0
1.18333 0 0 0 0
1.19 0 0 0 0
1.19667 0 0 0 0
1.20333 0 0 0 0
1.21 0 0 0 0
1.21667 0 0 0 0
1.22333 0 0 0 0
1.23 0 0 0 0
1.23667 0 0 0 0
1.24333 0 0 0 0
1.25 0 0 0 0
1.25667 0 0 0 0
1.26333 0 0 0 0
1.27 0 0 0 0
1.27667 0 0 0 0
1.28333 0 0 0 0
1.29 0 0 0 0
1.29667 0 0 0 0
1.30333 0 0 0 0
1.31 0 0 0 0
1.31667 0 0 0 0
1.32333 0 0 0 0
1.33 0 0 0 0
1.33667 0 0 0 0
1.34333 0 0 0 0
1.35 0 0 0 0
1.35667 0 0 0 0
1.36333 0 0 0 0
1.37 0 0 0 0
1.37667 0 0 0 0
1.38333 0 0 0 0
1.39 0 0 0 0
1.39667 0 0 0 0
1.40333 0 0 0 0
1.41 0 0 0 0
1.41667 0 0 0 0
1.42333 0 0 0 0
1.43 0 0 0 0
1.43667 0 0 0 0
1.44333 0 0 0 0
1.45 0 0 0 0
1.45667 0 0 0 0
1.46333 0 0 0 0
1.47 0 0 0 0
1.47667 0 0 0 0
1.48333 0 0 0 0
1.49 0 0 0 0
1.49667 0 0 0 0
1.50333 0 0 0 0
1.51 0 0 0 0
1.51667 0 0 0 0
1.52333 0 0 0 0
1.53 0 0 0 0
1.53667 0 0 0 0
1.54333 0 0 0 0
1.55 0 0 0 0
1.55667 0 0 0 0
1.56333 0 0 0 0
1.57 0 0 0 0
1.57667 0 0 0 0
1.58333 0 0 0 0
1.59 0 0 0 0
1.59667 0 0 0 0
1.60333 0 0 0 0
1.61 0 0 0 0
1.61667 0 0 0 0
1.62333 0 0 0 0
1.63 0 0 0 0
1.63667 0 0 0 0
1.64333 0 0 0 0
1.65 0 0 0 0
1.65667 0 0 0 0
1.66333 0 0 0 0
1.67 0 0 0 0
1.67667 0 0 0 0
1.68333 0 0 0 0
1.69 0 0 0 0
1.69667 0 0 0 0
1.70333 0 0 0 0
1.71 0 0 0 0
1.71667 0 0 0 0
1.72333 0 0 0 0
1.73 0 0 0 0
1.73667 0 0 0 0
1.74333 0 0 0 0
1.75 0 0 0 0
1.75667 0 0 0 0
1.76333 0 0 0 0
1.77 0 0 0 0
1.77667 0 0 0 0
1.78333 0 0 0 0
1.79 0 0 0 0
1.79667 0 0 0 0
1.80333 0 0 0 0
1.81 0 0 0 0
1.81667 0 0 0 0
1.82333 0 0 0 0
1.83 0 0 0 0
1.83667 0 0 0 0
1.84333 0 0 0 0
1.85 0 0 0 0
1.85667 0 0 0 0
1.86333 0 0 0 0
1.87 0 0 0 0
1.87667 0 0 0 0
1.88333 0 0 0 0
1.89 0 0 0 0
1.89667 0 0 0 0
1.90333 0 0 0 0
1.91 0 0 0 0
1.91667 0 0 0 0
1.92333 0 0 0 0
1.93 0 0 0 0
1.93667 0 0 0 0
1.94333 0 0 0 0
1.95 0 0 0 0
1.95667 0 0 0 0
1.96333 0 0 0 0
1.97 0 0 0 0
1.97667 0 0 0 0
1.98333 0 0 0 0
1.99 0 0 0 0
1.99667 0 0 0 0
