0.00333333 4 25 25 7
0.01 6 21 43 12
0.0166667 4 34 40 14
0.0233333 8 44 49 10
0.03 7 33 44 10
0.0366667 5 46 48 22
0.0433333 8 58 80 23
0.05 8 65 102 30
0.0566667 15 74 127 41
0.0633333 20 84 125 24
0.07 18 92 132 43
0.0766667 9 82 141 39
0.0833333 17 93 133 43
0.09 14 82 149 37
0.0966667 13 87 127 42
0.103333 12 114 106 41
0.11 15 89 122 39
0.116667 16 92 124 37
0.123333 11 92 107 35
0.13 10 97 128 37
0.136667 9 93 112 34
0.143333 10 86 112 44
0.15 21 86 96 30
0.156667 9 100 84 24
0.163333 13 66 97 25
0.17 7 78 87 33
0.176667 8 74 87 27
0.183333 9 85 88 29
0.19 8 108 90 34
0.196667 12 92 89 31
0.203333 10 85 90 31
0.21 17 85 77 24
0.216667 9 66 77 17
0.223333 5 65 68 23
0.23 13 64 79 27
0.236667 7 66 63 25
0.243333 12 57 60 15
0.25 14 64 67 22
0.256667 9 58 63 11
0.263333 12 56 47 26
0.27 7 46 62 21
0.276667 11 39 57 20
0.283333 6 50 38 18
0.29 7 48 55 13
0.296667 7 43 58 22
0.303333 5 41 45 14
0.31 4 52 53 17
0.316667 8 52 49 24
0.323333 3 47 46 18
0.33 10 41 44 11
0.336667 8 35 43 16
0.343333 7 38 43 18
0.35 4 35 55 16
0.356667 6 45 38 20
0.363333 5 37 34 11
0.37 6 45 45 9
0.376667 8 36 37 17
0.383333 5 45 42 12
0.39 5 41 34 14
0.396667 4 30 35 18
0.403333 3 37 35 14
0.41 7 27 39 8
0.416667 3 39 30 20
0.423333 9 32 35 10
0.43 5 43 26 13
0.436667 7 27 38 9
0.443333 8 34 38 13
0.45 5 31 36 15
0.456667 5 31 30 14
0.463333 8 36 27 12
0.47 5 32 36 18
0.476667 3 35 39 5
0.483333 4 26 24 10
0.49 2 27 20 9
0.496667 2 21 20 9
0.503333 2 19 24 9
0.51 4 21 33 7
0.516667 0 19 18 14
0.523333 3 12 22 8
0.53 3 16 14 6
0.536667 8 13 18 8
0.543333 7 16 26 7
0.55 4 16 24 7
0.556667 4 20 18 10
0.563333 5 13 21 15
0.57 0 21 22 8
0.576667 8 18 24 4
0.583333 4 20 13 5
0.59 1 23 9 10
0.596667 1 17 18 2
0.603333 2 8 13 8
0.61 4 15 12 8
0.616667 3 12 18 5
0.623333 3 15 19 4
0.63 4 13 19 6
0.636667 3 13 19 8
0.643333 3 15 19 3
0.65 5 11 15 5
0.656667 2 19 15 8
0.663333 111 1241 798 279
0.67 0 0 0 0
0.676667 0 0 0 0
0.683333 0 0 0 0
0.69 0 0 0 0
0.696667 0 0 0 0
0.703333 0 0 0 0
0.71 0 0 0 0
0.716667 0 0 0 0
0.723333 0 0 0 0
0.73 0 0 0 0
0.736667 0 0 0 0
0.743333 0 0 0 0
0.75 0 0 0 0
0.756667 0 0 0 0
0.763333 0 0 0 0
0.77 0 0 0 0
0.776667 0 0 0 0
0.783333 0 0 0 0
0.79 0 0 0 0
0.796667 0 0 0 0
0.803333 0 0 0 0
0.81 0 0 0 0
0.816667 0 0 0 0
0.823333 0 0 0 0
0.83 0 0 0 0
0.836667 0 0 0 0
0.843333 0 0 0 0
0.85 0 0 0 0
0.856667 0 0 0 0
0.863333 0 0 0 0
0.87 0 0 0 0
0.876667 0 0 0 0
0.883333 0 0 0 0
0.89 0 0 0 0
0.896667 0 0 0 0
0.903333 0 0 0 0
0.91 0 0 0 0
0.916667 0 0 0 0
0.923333 0 0 0 0
0.93 0 0 0 0
0.936667 0 0 0 0
0.943333 0 0 0 0
0.95 0 0 0 0
0.956667 0 0 0 0
0.963333 0 0 0 0
0.97 0 0 0 0
0.976667 0 0 0 0
0.983333 0 0 0 0
0.99 0 0 0 0
0.996667 0 0 0 0
1.00333 0 0 0 0
1.01 0 0 0 0
1.01667 0 0 0 0
1.02333 0 0 0 0
1.03 0 0 0 0
1.03667 0 0 0 0
1.04333 0 0 0 0
1.05 0 0 0 0
1.05667 0 0 0 0
1.06333 0 0 0 0
1.07 0 0 0 0
1.07667 0 0 0 0
1.08333 0 0 0 0
1.09 0 0 0 0
1.09667 0 0 0 0
1.10333 0 0 0 0
1.11 0 0 0 0
1.11667 0 0 0 0
1.12333 0 0 0 0
1.13 0 0 0 0
1.13667 0 0 0 0
1.14333 0 0 0 0
1.15 0 0 0 0
1.15667 0 0 0 0
1.16333 0 0 0 0
1.17 0 0 0 0
1.17667 0 0 0 0
1.18333 0 0 0 0
1.19 0 0 0 0
1.19667 0 0 0 0
1.20333 0 0 0 0
1.21 0 0 0 0
1.21667 0 0 0 0
1.22333 0 0 0 0
1.23 0 0 0 0
1.23667 0 0 0 0
1.24333 0 0 0 0
1.25 0 0 0 0
1.25667 0 0 0 0
1.26333 0 0 0 0
1.27 0 0 0 0
1.27667 0 0 0 0
1.28333 0 0 0 0
1.29 0 0 0 0
1.29667 0 0 0 0
1.30333 0 0 0 0
1.31 0 0 0 0
1.31667 0 0 0 0
1.32333 0 0 0 0
1.33 0 0 0 0
1.33667 0 0 0 0
1.34333 0 0 0 0
1.35 0 0 0 0
1.35667 0 0 0 0
1.36333 0 0 0 0
1.37 0 0 0 0
1.37667 0 0 0 0
1.38333 0 0 0 0
1.39 0 0 0 0
1.39667 0 0 0 0
1.40333 0 0 0 0
1.41 0 0 0 0
1.41667 0 0 0 0
1.42333 0 0 0 0
1.43 0 0 0 0
1.43667 0 0 0 0
1.44333 0 0 0 0
1.45 0 0 0 0
1.45667 0 0 0 0
1.46333 0 0 0 0
1.47 0 0 0 0
1.47667 0 0 0 0
1.48333 0 0 0 0
1.49 0 0 0 0
1.49667 0 0 0 0
1.50333 0 0 0 0
1.51 0 0 0 0
1.51667 0 0 0 0
1.52333 0 0 0 0
1.53 0 0 0 0
1.53667 0 0 0 0
1.54333 0 0 0 0
1.55 0 0 0 0
1.55667 0 0 0 0
1.56333 0 0 0 0
1.57 0 0 0 0
1.57667 0 0 0 0
1.58333 0 0 0 0
1.59 0 0 0 0
1.59667 0 0 0 0
1.60333 0 0 0 0
1.61 0 0 0 0
1.61667 0 0 0 0
1.62333 0 0 0 0
1.63 0 0 0 0
1.63667 0 0 0 0
1.64333 0 0 0 0
1.65 0 0 0 0
1.65667 0 0 0 0
1.66333 0 0 0 0
1.67 0 0 0 0
1.67667 0 0 0 0
1.68333 0 0 0 0
1.69 0 0 0 0
1.69667 0 0 0 0
1.70333 0 0 0 0
1.71 0 0 0 0
1.71667 0 0 0 0
1.72333 0 0 0 0
1.73 0 0 0 0
1.73667 0 0 0 0
1.74333 0 0 0 0
1.75 0 0 0 0
1.75667 0 0 0 0
1.76333 0 0 0 0
1.77 0 0 0 0
1.77667 0 0 0 0
1.78333 0 0 0 0
1.79 0 0 0 0
1.79667 0 0 0 0
1.80333 0 0 0 0
1.81 0 0 0 0
1.81667 0 0 0 0
1.82333 0 0 0 0
1.83 0 0 0 0
1.83667 0 0 0 0
1.84333 0 0 0 0
1.85 0 0 0 0
1.85667 0 0 0 0
1.86333 0 0 0 0
1.87 0 0 0 0
1.87667 0 0 0 0
1.88333 0 0 0 0
1.89 0 0 0 0
1.89667 0 0 0 0
1.90333 0 0 0 0
1.91 0 0 0 0
1.91667 0 0 0 0
1.92333 0 0 0 0
1.93 0 0 0 0
1.93667 0 0 0 0
1.94333 0 0 0 0
1.95 0 0 0 0
1.95667 0 0 0 0
1.96333 0 0 0 0
1.97 0 0 0 0
1.97667 0 0 0 0
1.98333 0 0 0 0
1.99 0 0 0 0
1.99667 0 0 0 0
