0.00333333 5 93 11 4
0.01 10 105 9 7
0.0166667 13 111 19 2
0.0233333 7 110 16 3
0.03 16 130 18 2
0.0366667 18 122 25 5
0.0433333 24 158 33 6
0.05 38 203 41 10
0.0566667 34 230 42 9
0.0633333 47 228 46 11
0.07 42 260 46 12
0.0766667 45 236 63 7
0.0833333 43 257 60 14
0.09 45 276 39 13
0.0966667 45 272 51 15
0.103333 43 280 48 11
0.11 44 297 58 19
0.116667 42 322 46 11
0.123333 39 285 61 14
0.13 38 315 62 9
0.136667 40 277 40 8
0.143333 34 270 41 14
0.15 33 262 50 5
0.156667 20 269 33 7
0.163333 26 243 42 8
0.17 30 277 38 13
0.176667 26 260 49 7
0.183333 25 300 32 6
0.19 24 321 35 16
0.196667 36 325 49 4
0.203333 29 313 36 7
0.21 30 273 34 10
0.216667 20 271 37 12
0.223333 29 263 31 10
0.23 20 263 37 6
0.236667 26 219 34 6
0.243333 22 209 24 7
0.25 18 204 31 7
0.256667 15 188 33 2
0.263333 19 204 29 6
0.27 21 168 26 5
0.276667 21 175 19 6
0.283333 19 151 23 3
0.29 16 138 18 4
0.296667 19 189 21 9
0.303333 18 134 24 8
0.31 17 142 21 2
0.316667 22 142 21 6
0.323333 23 117 19 11
0.33 18 148 21 6
0.336667 13 120 16 9
0.343333 22 140 17 7
0.35 14 111 22 6
0.356667 8 117 19 6
0.363333 5 119 27 4
0.37 14 105 16 5
0.376667 16 91 20 3
0.383333 12 112 19 6
0.39 10 101 24 1
0.396667 15 92 18 1
0.403333 11 94 16 1
0.41 11 93 12 4
0.416667 12 114 16 4
0.423333 16 116 14 4
0.43 4 111 20 2
0.436667 12 85 20 2
0.443333 8 94 19 1
0.45 6 101 16 5
0.456667 8 104 16 5
0.463333 10 96 26 3
0.47 13 114 16 2
0.476667 8 102 15 6
0.483333 9 51 11 1
0.49 5 68 12 2
0.496667 7 63 8 1
0.503333 7 43 11 3
0.51 6 47 9 2
0.516667 14 50 14 0
0.523333 3 39 7 0
0.53 7 50 12 2
0.536667 10 48 8 2
0.543333 5 36 7 4
0.55 4 43 8 3
0.556667 5 45 4 4
0.563333 6 33 14 4
0.57 5 47 9 3
0.576667 8 40 17 1
0.583333 6 41 13 1
0.59 6 32 11 2
0.596667 6 42 5 4
0.603333 4 38 8 4
0.61 9 33 3 2
0.616667 8 30 3 3
0.623333 8 31 4 6
0.63 6 36 9 1
0.636667 10 44 8 1
0.643333 9 28 7 0
0.65 8 35 10 2
0.656667 8 33 9 1
0.663333 261 4232 361 71
0.67 0 0 0 0
0.676667 0 0 0 0
0.683333 0 0 0 0
0.69 0 0 0 0
0.696667 0 0 0 0
0.703333 0 0 0 0
0.71 0 0 0 0
0.716667 0 0 0 0
0.723333 0 0 0 0
0.73 0 0 0 0
0.736667 0 0 0 0
0.743333 0 0 0 0
0.75 0 0 0 0
0.756667 0 0 0 0
0.763333 0 0 0 0
0.77 0 0 0 0
0.776667 0 0 0 0
0.783333 0 0 0 0
0.79 0 0 0 0
0.796667 0 0 0 0
0.803333 0 0 0 0
0.81 0 0 0 0
0.816667 0 0 0 0
0.823333 0 0 0 0
0.83 0 0 0 0
0.836667 0 0 0 0
0.843333 0 0 0 0
0.85 0 0 0 0
0.856667 0 0 0 0
0.863333 0 0 0 0
0.87 0 0 0 0
0.876667 0 0 0 0
0.883333 0 0 0 0
0.89 0 0 0 0
0.896667 0 0 0 0
0.903333 0 0 0 0
0.91 0 0 0 0
0.916667 0 0 0 0
0.923333 0 0 0 0
0.93 0 0 0 0
0.936667 0 0 0 0
0.943333 0 0 0 0
0.95 0 0 0 0
0.956667 0 0 0 0
0.963333 0 0 0 0
0.97 0 0 0 0
0.976667 0 0 0 0
0.983333 0 0 0 0
0.99 0 0 0 0
0.996667 0 0 0 0
1.00333 0 0 0 0
1.01 0 0 0 0
1.01667 0 0 0 0
1.02333 0 0 0 0
1.03 0 0 0 0
1.03667 0 0 0 0
1.04333 0 0 0 0
1.05 0 0 0 0
1.05667 0 0 0 0
1.06333 0 0 0 0
1.07 0 0 0 0
1.07667 0 0 0 0
1.08333 0 0 0 0
1.09 0 0 0 0
1.09667 0 0 0 0
1.10333 0 0 0 0
1.11 0 0 0 0
1.11667 0 0 0 0
1.12333 0 0 0 0
1.13 0 0 0 0
1.13667 0 0 0 0
1.14333 0 0 0 0
1.15 0 0 0 0
1.15667 0 0 0 0
1.16333 0 0 0 0
1.17 0 0 0 0
1.17667 0 0 0 0
1.18333 0 0 0 0
1.19 0 0 0 0
1.19667 0 0 0 0
1.20333 0 0 0 0
1.21 0 0 0 0
1.21667 0 0 0 0
1.22333 0 0 0 0
1.23 0 0 0 0
1.23667 0 0 0 0
1.24333 0 0 0 0
1.25 0 0 0 0
1.25667 0 0 0 0
1.26333 0 0 0 0
1.27 0 0 0 0
1.27667 0 0 0 0
1.28333 0 0 0 0
1.29 0 0 0 0
1.29667 0 0 0 0
1.30333 0 0 0 0
1.31 0 0 0 0
1.31667 0 0 0 0
1.32333 0 0 0 0
1.33 0 0 0 0
1.33667 0 0 0 0
1.34333 0 0 0 0
1.35 0 0 0 0
1.35667 0 0 0 0
1.36333 0 0 0 0
1.37 0 0 0 0
1.37667 0 0 0 0
1.38333 0 0 0 0
1.39 0 0 0 0
1.39667 0 0 0 0
1.40333 0 0 0 0
1.41 0 0 0 0
1.41667 0 0 0 0
1.42333 0 0 0 0
1.43 0 0 0 0
1.43667 0 0 0 0
1.44333 0 0 0 0
1.45 0 0 0 0
1.45667 0 0 0 0
1.46333 0 0 0 0
1.47 0 0 0 0
1.47667 0 0 0 0
1.48333 0 0 0 0
1.49 0 0 0 0
1.49667 0 0 0 0
1.50333 0 0 0 0
1.51 0 0 0 0
1.51667 0 0 0 0
1.52333 0 0 0 0
1.53 0 0 0 0
1.53667 0 0 0 0
1.54333 0 0 0 0
1.55 0 0 0 0
1.55667 0 0 0 0
1.56333 0 0 0 0
1.57 0 0 0 0
1.57667 0 0 0 0
1.58333 0 0 0 0
1.59 0 0 0 0
1.59667 0 0 0 0
1.60333 0 0 0 0
1.61 0 0 0 0
1.61667 0 0 0 0
1.62333 0 0 0 0
1.63 0 0 0 0
1.63667 0 0 0 0
1.64333 0 0 0 0
1.65 0 0 0 0
1.65667 0 0 0 0
1.66333 0 0 0 0
1.67 0 0 0 0
1.67667 0 0 0 0
1.68333 0 0 0 0
1.69 0 0 0 0
1.69667 0 0 0 0
1.70333 0 0 0 0
1.71 0 0 0 0
1.71667 0 0 0 0
1.72333 0 0 0 0
1.73 0 0 0 0
1.73667 0 0 0 0
1.74333 0 0 0 0
1.75 0 0 0 0
1.75667 0 0 0 0
1.76333 0 0 0 0
1.77 0 0 0 0
1.77667 0 0 0 0
1.78333 0 0 0 0
1.79 0 0 0 0
1.79667 0 0 0 0
1.80333 0 0 0 0
1.81 0 0 0 0
1.81667 0 0 0 0
1.82333 0 0 0 0
1.83 0 0 0 0
1.83667 0 0 0 0
1.84333 0 0 0 0
1.85 0 0 0 0
1.85667 0 0 0 0
1.86333 0 0 0 0
1.87 0 0 0 0
1.87667 0 0 0 0
1.88333 0 0 0 0
1.89 0 0 0 0
1.89667 0 0 0 0
1.90333 0 0 0 0
1.91 0 0 0 0
1.91667 0 0 0 0
1.92333 0 0 0 0
1.93 0 0 0 0
1.93667 0 0 0 0
1.94333 0 0 0 0
1.95 0 0 0 0
1.95667 0 0 0 0
1.96333 0 0 0 0
1.97 0 0 0 0
1.97667 0 0 0 0
1.98333 0 0 0 0
1.99 0 0 0 0
1.99667 0 0 0 0
