0.00333333 1 0 24 49
0.01 1 1 38 48
0.0166667 0 1 31 53
0.0233333 0 4 34 50
0.03 0 3 42 74
0.0366667 0 2 59 70
0.0433333 0 3 53 92
0.05 1 1 80 126
0.0566667 1 7 91 121
0.0633333 3 5 83 145
0.07 3 2 93 173
0.0766667 0 1 81 180
0.0833333 2 3 119 164
0.09 0 5 105 183
0.0966667 1 3 100 158
0.103333 3 3 88 181
0.11 3 2 82 167
0.116667 0 5 88 186
0.123333 2 6 82 164
0.13 3 4 79 174
0.136667 2 1 81 173
0.143333 1 1 98 145
0.15 3 4 79 169
0.156667 1 1 86 157
0.163333 0 3 79 144
0.17 0 4 75 128
0.176667 3 7 73 134
0.183333 0 1 62 126
0.19 1 5 71 135
0.196667 2 2 66 143
0.203333 3 5 70 121
0.21 0 1 57 120
0.216667 1 2 60 151
0.223333 1 1 65 130
0.23 3 1 53 123
0.236667 1 2 64 120
0.243333 2 6 59 120
0.25 0 2 56 110
0.256667 0 2 53 94
0.263333 0 4 63 92
0.27 1 4 41 112
0.276667 2 3 52 106
0.283333 2 2 48 77
0.29 0 2 53 93
0.296667 2 0 33 79
0.303333 1 3 37 69
0.31 1 0 32 77
0.316667 0 2 42 96
0.323333 1 2 34 85
0.33 1 1 47 77
0.336667 2 3 40 83
0.343333 1 1 51 77
0.35 1 2 27 63
0.356667 0 4 37 58
0.363333 0 2 35 73
0.37 2 6 39 61
0.376667 0 1 34 63
0.383333 3 1 35 73
0.39 2 1 28 66
0.396667 0 3 38 63
0.403333 0 1 21 62
0.41 1 3 29 49
0.416667 2 2 32 66
0.423333 1 1 37 64
0.43 1 1 36 60
0.436667 1 0 31 54
0.443333 1 2 36 60
0.45 1 4 27 60
0.456667 1 1 29 74
0.463333 0 1 30 67
0.47 2 0 31 63
0.476667 1 0 28 36
0.483333 0 0 18 33
0.49 1 2 16 42
0.496667 0 1 21 24
0.503333 0 1 23 42
0.51 0 1 17 38
0.516667 0 0 21 32
0.523333 1 2 16 41
0.53 1 1 21 45
0.536667 0 3 13 41
0.543333 0 1 16 24
0.55 1 0 21 41
0.556667 1 0 16 36
0.563333 0 2 21 26
0.57 1 0 20 34
0.576667 0 1 16 21
0.583333 2 1 17 20
0.59 0 0 13 28
0.596667 0 0 17 29
0.603333 0 0 18 36
0.61 0 1 16 31
0.616667 3 0 16 29
0.623333 1 1 21 22
0.63 1 0 21 31
0.636667 0 0 17 26
0.643333 0 1 9 19
0.65 0 0 17 25
0.656667 0 1 9 29
0.663333 15 8 717 1660
0.67 0 0 0 0
0.676667 0 0 0 0
0.683333 0 0 0 0
0.69 0 0 0 0
0.696667 0 0 0 0
0.703333 0 0 0 0
0.71 0 0 0 0
0.716667 0 0 0 0
0.723333 0 0 0 0
0.73 0 0 0 0
0.736667 0 0 0 0
0.743333 0 0 0 0
0.75 0 0 0 0
0.756667 0 0 0 0
0.763333 0 0 0 0
0.77 0 0 0 0
0.776667 0 0 0 0
0.783333 0 0 0 0
0.79 0 0 0 0
0.796667 0 0 0 0
0.803333 0 0 0 0
0.81 0 0 0 0
0.816667 0 0 0 0
0.823333 0 0 0 0
0.83 0 0 0 0
0.836667 0 0 0 0
0.843333 0 0 0 0
0.85 0 0 0 0
0.856667 0 0 0 0
0.863333 0 0 0 0
0.87 0 0 0 0
0.876667 0 0 0 0
0.883333 0 0 0 0
0.89 0 0 0 0
0.896667 0 0 0 0
0.903333 0 0 0 0
0.91 0 0 0 0
0.916667 0 0 0 0
0.923333 0 0 0 0
0.93 0 0 0 0
0.936667 0 0 0 0
0.943333 0 0 0 0
0.95 0 0 0 0
0.956667 0 0 0 0
0.963333 0 0 0 0
0.97 0 0 0 0
0.976667 0 0 0 0
0.983333 0 0 0 0
0.99 0 0 0 0
0.996667 0 0 0 0
1.00333 0 0 0 0
1.01 0 0 0 0
1.01667 0 0 0 0
1.02333 0 0 0 0
1.03 0 0 0 0
1.03667 0 0 0 0
1.04333 0 0 0 0
1.05 0 0 0 0
1.05667 0 0 0 0
1.06333 0 0 0 0
1.07 0 0 0 0
1.07667 0 0 0 0
1.08333 0 0 0 0
1.09 0 0 0 0
1.09667 0 0 0 0
1.10333 0 0 0 0
1.11 0 0 0 0
1.11667 0 0 0 0
1.12333 0 0 0 0
1.13 0 0 0 0
1.13667 0 0 0 0
1.14333 0 0 0 0
1.15 0 0 0 0
1.15667 0 0 0 0
1.16333 0 0 0 0
1.17 0 0 0 0
1.17667 0 0 0 0
1.18333 0 0 0 0
1.19 0 0 0 0
1.19667 0 0 0 0
1.20333 0 0 0 0
1.21 0 0 0 0
1.21667 0 0 0 0
1.22333 0 0 0 0
1.23 0 0 0 0
1.23667 0 0 0 0
1.24333 0 0 0 0
1.25 0 0 0 0
1.25667 0 0 0 0
1.26333 0 0 0 0
1.27 0 0 0 0
1.27667 0 0 0 0
1.28333 0 0 0 0
1.29 0 0 0 0
1.29667 0 0 0 0
1.30333 0 0 0 0
1.31 0 0 0 0
1.31667 0 0 0 0
1.32333 0 0 0 0
1.33 0 0 0 0
1.33667 0 0 0 0
1.34333 0 0 0 0
1.35 0 0 0 0
1.35667 0 0 0 0
1.36333 0 0 0 0
1.37 0 0 0 0
1.37667 0 0 0 0
1.38333 0 0 0 0
1.39 0 0 0 0
1.39667 0 0 0 0
1.40333 0 0 0 0
1.41 0 0 0 0
1.41667 0 0 0 0
1.42333 0 0 0 0
1.43 0 0 0 0
1.43667 0 0 0 0
1.44333 0 0 0 0
1.45 0 0 0 0
1.45667 0 0 0 0
1.46333 0 0 0 0
1.47 0 0 0 0
1.47667 0 0 0 0
1.48333 0 0 0 0
1.49 0 0 0 0
1.49667 0 0 0 0
1.50333 0 0 0 0
1.51 0 0 0 0
1.51667 0 0 0 0
1.52333 0 0 0 0
1.53 0 0 0 0
1.53667 0 0 0 0
1.54333 0 0 0 0
1.55 0 0 0 0
1.55667 0 0 0 0
1.56333 0 0 0 0
1.57 0 0 0 0
1.57667 0 0 0 0
1.58333 0 0 0 0
1.59 0 0 0 0
1.59667 0 0 0 0
1.60333 0 0 0 0
1.61 0 0 0 0
1.61667 0 0 0 0
1.62333 0 0 0 0
1.63 0 0 0 0
1.63667 0 0 0 0
1.64333 0 0 0 0
1.65 0 0 0 0
1.65667 0 0 0 0
1.66333 0 0 0 0
1.67 0 0 0 0
1.67667 0 0 0 0
1.68333 0 0 0 0
1.69 0 0 0 0
1.69667 0 0 0 0
1.70333 0 0 0 0
1.71 0 0 0 0
1.71667 0 0 0 0
1.72333 0 0 0 0
1.73 0 0 0 0
1.73667 0 0 0 0
1.74333 0 0 0 0
1.75 0 0 0 0
1.75667 0 0 0 0
1.76333 0 0 0 0
1.77 0 0 0 0
1.77667 0 0 0 0
1.78333 0 0 0 0
1.79 0 0 0 0
1.79667 0 0 0 0
1.80333 0 0 0 0
1.81 0 0 0 0
1.81667 0 0 0 0
1.82333 0 0 0 0
1.83 0 0 0 0
1.83667 0 0 0 0
1.84333 0 0 0 0
1.85 0 0 0 0
1.85667 0 0 0 0
1.86333 0 0 0 0
1.87 0 0 0 0
1.87667 0 0 0 0
1.88333 0 0 0 0
1.89 0 0 0 0
1.89667 0 0 0 0
1.90333 0 0 0 0
1.91 0 0 0 0
1.91667 0 0 0 0
1.92333 0 0 0 0
1.93 0 0 0 0
1.93667 0 0 0 0
1.94333 0 0 0 0
1.95 0 0 0 0
1.95667 0 0 0 0
1.96333 0 0 0 0
1.97 0 0 0 0
1.97667 0 0 0 0
1.98333 0 0 0 0
1.99 0 0 0 0
1.99667 0 0 0 0
