0.00333333 13 24 14 0
0.01 17 34 13 2
0.0166667 19 28 11 3
0.0233333 19 42 22 3
0.03 24 56 18 3
0.0366667 25 64 22 6
0.0433333 28 93 39 4
0.05 41 115 42 8
0.0566667 51 120 44 10
0.0633333 54 124 45 10
0.07 59 133 55 9
0.0766667 64 138 40 9
0.0833333 58 157 43 8
0.09 71 157 54 12
0.0966667 53 138 44 5
0.103333 55 142 49 8
0.11 60 143 51 12
0.116667 58 140 74 15
0.123333 50 133 42 4
0.13 40 122 50 10
0.136667 40 135 31 9
0.143333 59 131 35 8
0.15 41 103 43 10
0.156667 42 104 35 8
0.163333 41 85 37 15
0.17 55 91 36 11
0.176667 44 99 30 7
0.183333 47 87 28 12
0.19 33 98 27 6
0.196667 40 90 33 7
0.203333 34 71 36 8
0.21 41 81 37 11
0.216667 29 81 30 10
0.223333 35 80 30 10
0.23 30 66 26 6
0.236667 30 77 30 5
0.243333 27 69 29 5
0.25 30 68 24 4
0.256667 21 60 21 3
0.263333 25 67 19 5
0.27 28 62 19 5
0.276667 18 64 27 4
0.283333 19 59 19 7
0.29 25 53 19 2
0.296667 34 67 18 3
0.303333 17 45 25 6
0.31 31 48 30 3
0.316667 21 49 20 5
0.323333 23 49 25 2
0.33 24 43 22 5
0.336667 21 46 19 3
0.343333 21 48 11 0
0.35 17 47 17 1
0.356667 17 50 20 4
0.363333 17 49 16 2
0.37 16 38 19 4
0.376667 21 44 13 2
0.383333 20 44 9 2
0.39 13 40 19 7
0.396667 18 38 12 3
0.403333 19 34 14 3
0.41 21 35 22 4
0.416667 10 32 14 3
0.423333 11 36 12 3
0.43 10 37 17 2
0.436667 14 30 9 7
0.443333 19 28 15 2
0.45 18 35 10 5
0.456667 17 36 13 4
0.463333 17 42 13 2
0.47 15 26 13 4
0.476667 22 30 11 5
0.483333 13 22 11 6
0.49 11 25 13 4
0.496667 16 17 12 1
0.503333 14 34 15 0
0.51 9 23 11 1
0.516667 11 26 11 2
0.523333 6 21 8 2
0.53 12 21 10 0
0.536667 8 23 5 4
0.543333 12 17 10 7
0.55 8 20 12 2
0.556667 8 16 12 2
0.563333 8 16 9 4
0.57 7 12 15 3
0.576667 18 20 4 1
0.583333 8 10 9 2
0.59 10 9 6 1
0.596667 6 22 11 1
0.603333 6 21 8 2
0.61 7 24 6 3
0.616667 6 19 5 3
0.623333 19 16 3 5
0.63 11 12 6 5
0.636667 8 20 8 2
0.643333 7 16 5 2
0.65 10 15 4 2
0.656667 5 21 6 2
0.663333 314 649 295 49
0.67 0 0 0 0
0.676667 0 0 0 0
0.683333 0 0 0 0
0.69 0 0 0 0
0.696667 0 0 0 0
0.703333 0 0 0 0
0.71 0 0 0 0
0.716667 0 0 0 0
0.723333 0 0 0 0
0.73 0 0 0 0
0.736667 0 0 0 0
0.743333 0 0 0 0
0.75 0 0 0 0
0.756667 0 0 0 0
0.763333 0 0 0 0
0.77 0 0 0 0
0.776667 0 0 0 0
0.783333 0 0 0 0
0.79 0 0 0 0
0.796667 0 0 0 0
0.803333 0 0 0 0
0.81 0 0 0 0
0.816667 0 0 0 0
0.823333 0 0 0 0
0.83 0 0 0 0
0.836667 0 0 0 0
0.843333 0 0 0 0
0.85 0 0 0 0
0.856667 0 0 0 0
0.863333 0 0 0 0
0.87 0 0 0 0
0.876667 0 0 0 0
0.883333 0 0 0 0
0.89 0 0 0 0
0.896667 0 0 0 0
0.903333 0 0 0 0
0.91 0 0 0 0
0.916667 0 0 0 0
0.923333 0 0 0 0
0.93 0 0 0 0
0.936667 0 0 0 0
0.943333 0 0 0 0
0.95 0 0 0 0
0.956667 0 0 0 0
0.963333 0 0 0 0
0.97 0 0 0 0
0.976667 0 0 0 0
0.983333 0 0 0 0
0.99 0 0 0 0
0.996667 0 0 0 0
1.00333 0 0 0 0
1.01 0 0 0 0
1.01667 0 0 0 0
1.02333 0 0 0 0
1.03 0 0 0 0
1.03667 0 0 0 0
1.04333 0 0 0 0
1.05 0 0 0 0
1.05667 0 0 0 0
1.06333 0 0 0 0
1.07 0 0 0 0
1.07667 0 0 0 0
1.08333 0 0 0 0
1.09 0 0 0 0
1.09667 0 0 0 0
1.10333 0 0 0 0
1.11 0 0 0 0
1.11667 0 0 0 0
1.12333 0 0 0 0
1.13 0 0 0 0
1.13667 0 0 0 0
1.14333 0 0 0 0
1.15 0 0 0 0
1.15667 0 0 0 0
1.16333 0 0 0 0
1.17 0 0 0 0
1.17667 0 0 0 0
1.18333 0 0 0 0
1.19 0 0 0 0
1.19667 0 0 0 0
1.20333 0 0 0 0
1.21 0 0 0 0
1.21667 0 0 0 0
1.22333 0 0 0 0
1.23 0 0 0 0
1.23667 0 0 0 0
1.24333 0 0 0 0
1.25 0 0 0 0
1.25667 0 0 0 0
1.26333 0 0 0 0
1.27 0 0 0 0
1.27667 0 0 0 0
1.28333 0 0 0 0
1.29 0 0 0 0
1.29667 0 0 0 0
1.30333 0 0 0 0
1.31 0 0 0 0
1.31667 0 0 0 0
1.32333 0 0 0 0
1.33 0 0 0 0
1.33667 0 0 0 0
1.34333 0 0 0 0
1.35 0 0 0 0
1.35667 0 0 0 0
1.36333 0 0 0 0
1.37 0 0 0 0
1.37667 0 0 0 0
1.38333 0 0 0 0
1.39 0 0 0 0
1.39667 0 0 0 0
1.40333 0 0 0 0
1.41 0 0 0 0
1.41667 0 0 0 0
1.42333 0 0 0 0
1.43 0 0 0 0
1.43667 0 0 0 0
1.44333 0 0 0 0
1.45 0 0 0 0
1.45667 0 0 0 0
1.46333 0 0 0 0
1.47 0 0 0 0
1.47667 0 0 0 0
1.48333 0 0 0 0
1.49 0 0 0 0
1.49667 0 0 0 0
1.50333 0 0 0 0
1.51 0 0 0 0
1.51667 0 0 0 0
1.52333 0 0 0 0
1.53 0 0 0 0
1.53667 0 0 0 0
1.54333 0 0 0 0
1.55 0 0 0 0
1.55667 0 0 0 0
1.56333 0 0 0 0
1.57 0 0 0 0
1.57667 0 0 0 0
1.58333 0 0 0 0
1.59 0 0 0 0
1.59667 0 0 0 0
1.60333 0 0 0 0
1.61 0 0 0 0
1.61667 0 0 0 0
1.62333 0 0 0 0
1.63 0 0 0 0
1.63667 0 0 0 0
1.64333 0 0 0 0
1.65 0 0 0 0
1.65667 0 0 0 0
1.66333 0 0 0 0
1.67 0 0 0 0
1.67667 0 0 0 0
1.68333 0 0 0 0
1.69 0 0 0 0
1.69667 0 0 0 0
1.70333 0 0 0 0
1.71 0 0 0 0
1.71667 0 0 0 0
1.72333 0 0 0 0
1.73 0 0 0 0
1.73667 0 0 0 0
1.74333 0 0 0 0
1.75 0 0 0 0
1.75667 0 0 0 0
1.76333 0 0 0 0
1.77 0 0 0 0
1.77667 0 0 0 0
1.78333 0 0 0 0
1.79 0 0 0 0
1.79667 0 0 0 0
1.80333 0 0 0 0
1.81 0 0 0 0
1.81667 0 0 0 0
1.82333 0 0 0 0
1.83 0 0 0 0
1.83667 0 0 0 0
1.84333 0 0 0 0
1.85 0 0 0 0
1.85667 0 0 0 0
1.86333 0 0 0 0
1.87 0 0 0 0
1.87667 0 0 0 0
1.88333 0 0 0 0
1.89 0 0 0 0
1.89667 0 0 0 0
1.90333 0 0 0 0
1.91 0 0 0 0
1.91667 0 0 0 0
1.92333 0 0 0 0
1.93 0 0 0 0
1.93667 0 0 0 0
1.94333 0 0 0 0
1.95 0 0 0 0
1.95667 0 0 0 0
1.96333 0 0 0 0
1.97 0 0 0 0
1.97667 0 0 0 0
1.98333 0 0 0 0
1.99 0 0 0 0
1.99667 0 0 0 0
