0.00333333 36 52 5 2
0.01 63 50 4 2
0.0166667 61 55 5 3
0.0233333 62 78 2 3
0.03 73 64 10 2
0.0366667 102 97 6 4
0.0433333 91 129 13 2
0.05 142 166 7 3
0.0566667 139 212 11 5
0.0633333 172 199 11 3
0.07 216 207 17 7
0.0766667 181 220 13 6
0.0833333 202 223 13 8
0.09 200 241 13 3
0.0966667 213 228 17 3
0.103333 203 223 19 4
0.11 224 248 23 9
0.116667 204 247 22 5
0.123333 189 220 11 7
0.13 186 213 15 6
0.136667 186 190 10 9
0.143333 203 207 11 2
0.15 161 175 18 4
0.156667 140 189 8 4
0.163333 161 180 15 4
0.17 153 152 9 8
0.176667 168 159 5 1
0.183333 138 182 12 4
0.19 184 190 15 8
0.196667 158 162 10 2
0.203333 142 175 11 2
0.21 116 143 8 3
0.216667 128 129 8 4
0.223333 133 128 12 4
0.23 114 133 10 1
0.236667 129 124 7 3
0.243333 124 124 10 5
0.25 112 121 10 2
0.256667 109 111 6 4
0.263333 97 96 5 3
0.27 80 120 7 2
0.276667 120 104 6 6
0.283333 94 101 8 2
0.29 86 95 6 0
0.296667 92 96 9 2
0.303333 88 96 4 5
0.31 79 89 10 1
0.316667 71 81 7 3
0.323333 82 69 5 0
0.33 83 64 8 1
0.336667 67 75 6 4
0.343333 88 61 3 0
0.35 47 84 8 4
0.356667 59 75 3 1
0.363333 69 77 4 3
0.37 66 70 8 1
0.376667 62 72 1 0
0.383333 52 67 3 0
0.39 52 64 7 1
0.396667 72 54 2 3
0.403333 46 76 6 1
0.41 55 67 5 0
0.416667 50 70 5 3
0.423333 48 68 9 0
0.43 48 54 4 1
0.436667 42 41 4 0
0.443333 53 42 2 3
0.45 49 62 2 0
0.456667 46 44 2 0
0.463333 61 58 2 2
0.47 43 46 2 4
0.476667 51 52 5 0
0.483333 32 42 5 1
0.49 31 40 4 3
0.496667 38 28 4 0
0.503333 33 34 3 2
0.51 42 35 6 1
0.516667 36 28 6 3
0.523333 29 35 4 0
0.53 24 27 4 1
0.536667 35 33 1 1
0.543333 20 26 7 0
0.55 26 30 1 1
0.556667 20 25 2 0
0.563333 21 29 2 1
0.57 18 30 2 2
0.576667 25 40 8 1
0.583333 21 31 8 1
0.59 20 17 2 2
0.596667 34 38 1 2
0.603333 18 42 4 3
0.61 34 30 3 1
0.616667 27 25 7 0
0.623333 29 24 4 2
0.63 31 27 1 2
0.636667 30 30 2 3
0.643333 19 30 5 1
0.65 26 35 6 3
0.656667 24 27 4 2
0.663333 1428 1462 79 32
0.67 0 0 0 0
0.676667 0 0 0 0
0.683333 0 0 0 0
0.69 0 0 0 0
0.696667 0 0 0 0
0.703333 0 0 0 0
0.71 0 0 0 0
0.716667 0 0 0 0
0.723333 0 0 0 0
0.73 0 0 0 0
0.736667 0 0 0 0
0.743333 0 0 0 0
0.75 0 0 0 0
0.756667 0 0 0 0
0.763333 0 0 0 0
0.77 0 0 0 0
0.776667 0 0 0 0
0.783333 0 0 0 0
0.79 0 0 0 0
0.796667 0 0 0 0
0.803333 0 0 0 0
0.81 0 0 0 0
0.816667 0 0 0 0
0.823333 0 0 0 0
0.83 0 0 0 0
0.836667 0 0 0 0
0.843333 0 0 0 0
0.85 0 0 0 0
0.856667 0 0 0 0
0.863333 0 0 0 0
0.87 0 0 0 0
0.876667 0 0 0 0
0.883333 0 0 0 0
0.89 0 0 0 0
0.896667 0 0 0 0
0.903333 0 0 0 0
0.91 0 0 0 0
0.916667 0 0 0 0
0.923333 0 0 0 0
0.93 0 0 0 0
0.936667 0 0 0 0
0.943333 0 0 0 0
0.95 0 0 0 0
0.956667 0 0 0 0
0.963333 0 0 0 0
0.97 0 0 0 0
0.976667 0 0 0 0
0.983333 0 0 0 0
0.99 0 0 0 0
0.996667 0 0 0 0
1.00333 0 0 0 0
1.01 0 0 0 0
1.01667 0 0 0 0
1.02333 0 0 0 0
1.03 0 0 0 0
1.03667 0 0 0 0
1.04333 0 0 0 0
1.05 0 0 0 0
1.05667 0 0 0 0
1.06333 0 0 0 0
1.07 0 0 0 0
1.07667 0 0 0 0
1.08333 0 0 0 0
1.09 0 0 0 0
1.09667 0 0 0 0
1.10333 0 0 0 0
1.11 0 0 0 0
1.11667 0 0 0 0
1.12333 0 0 0 0
1.13 0 0 0 0
1.13667 0 0 0 0
1.14333 0 0 0 0
1.15 0 0 0 0
1.15667 0 0 0 0
1.16333 0 0 0 0
1.17 0 0 0 0
1.17667 0 0 0 0
1.18333 0 0 0 0
1.19 0 0 0 0
1.19667 0 0 0 0
1.20333 0 0 0 0
1.21 0 0 0 0
1.21667 0 0 0 0
1.22333 0 0 0 0
1.23 0 0 0 0
1.23667 0 0 0 0
1.24333 0 0 0 0
1.25 0 0 0 0
1.25667 0 0 0 0
1.26333 0 0 0 0
1.27 0 0 0 0
1.27667 0 0 0 0
1.28333 0 0 0 0
1.29 0 0 0 0
1.29667 0 0 0 0
1.30333 0 0 0 0
1.31 0 0 0 0
1.31667 0 0 0 0
1.32333 0 0 0 0
1.33 0 0 0 0
1.33667 0 0 0 0
1.34333 0 0 0 0
1.35 0 0 0 0
1.35667 0 0 0 0
1.36333 0 0 0 0
1.37 0 0 0 0
1.37667 0 0 0 0
1.38333 0 0 0 0
1.39 0 0 0 0
1.39667 0 0 0 0
1.40333 0 0 0 0
1.41 0 0 0 0
1.41667 0 0 0 0
1.42333 0 0 0 0
1.43 0 0 0 0
1.43667 0 0 0 0
1.44333 0 0 0 0
1.45 0 0 0 0
1.45667 0 0 0 0
1.46333 0 0 0 0
1.47 0 0 0 0
1.47667 0 0 0 0
1.48333 0 0 0 0
1.49 0 0 0 0
1.49667 0 0 0 0
1.50333 0 0 0 0
1.51 0 0 0 0
1.51667 0 0 0 0
1.52333 0 0 0 0
1.53 0 0 0 0
1.53667 0 0 0 0
1.54333 0 0 0 0
1.55 0 0 0 0
1.55667 0 0 0 0
1.56333 0 0 0 0
1.57 0 0 0 0
1.57667 0 0 0 0
1.58333 0 0 0 0
1.59 0 0 0 0
1.59667 0 0 0 0
1.60333 0 0 0 0
1.61 0 0 0 0
1.61667 0 0 0 0
1.62333 0 0 0 0
1.63 0 0 0 0
1.63667 0 0 0 0
1.64333 0 0 0 0
1.65 0 0 0 0
1.65667 0 0 0 0
1.66333 0 0 0 0
1.67 0 0 0 0
1.67667 0 0 0 0
1.68333 0 0 0 0
1.69 0 0 0 0
1.69667 0 0 0 0
1.70333 0 0 0 0
1.71 0 0 0 0
1.71667 0 0 0 0
1.72333 0 0 0 0
1.73 0 0 0 0
1.73667 0 0 0 0
1.74333 0 0 0 0
1.75 0 0 0 0
1.75667 0 0 0 0
1.76333 0 0 0 0
1.77 0 0 0 0
1.77667 0 0 0 0
1.78333 0 0 0 0
1.79 0 0 0 0
1.79667 0 0 0 0
1.80333 0 0 0 0
1.81 0 0 0 0
1.81667 0 0 0 0
1.82333 0 0 0 0
1.83 0 0 0 0
1.83667 0 0 0 0
1.84333 0 0 0 0
1.85 0 0 0 0
1.85667 0 0 0 0
1.86333 0 0 0 0
1.87 0 0 0 0
1.87667 0 0 0 0
1.88333 0 0 0 0
1.89 0 0 0 0
1.89667 0 0 0 0
1.90333 0 0 0 0
1.91 0 0 0 0
1.91667 0 0 0 0
1.92333 0 0 0 0
1.93 0 0 0 0
1.93667 0 0 0 0
1.94333 0 0 0 0
1.95 0 0 0 0
1.95667 0 0 0 0
1.96333 0 0 0 0
1.97 0 0 0 0
1.97667 0 0 0 0
1.98333 0 0 0 0
1.99 0 0 0 0
1.99667 0 0 0 0
