0.00333333 0 2 71 17
0.01 3 2 81 29
0.0166667 1 5 75 27
0.0233333 3 4 96 34
0.03 2 5 95 33
0.0366667 1 8 93 37
0.0433333 3 11 154 48
0.05 5 14 175 72
0.0566667 3 18 207 98
0.0633333 5 10 235 75
0.07 5 19 227 84
0.0766667 5 17 272 93
0.0833333 5 18 258 98
0.09 4 15 286 78
0.0966667 5 23 267 90
0.103333 7 13 275 81
0.11 4 19 296 79
0.116667 3 12 271 88
0.123333 3 20 283 90
0.13 5 9 281 81
0.136667 3 9 263 77
0.143333 0 7 288 84
0.15 5 15 226 61
0.156667 1 11 245 51
0.163333 1 9 240 71
0.17 6 11 224 61
0.176667 7 11 230 47
0.183333 3 7 242 52
0.19 4 11 240 68
0.196667 6 9 245 57
0.203333 2 15 244 52
0.21 3 6 223 54
0.216667 7 7 211 67
0.223333 2 11 194 64
0.23 1 7 196 50
0.236667 3 9 186 53
0.243333 2 10 185 43
0.25 4 12 183 42
0.256667 2 8 171 41
0.263333 0 12 143 43
0.27 3 9 131 35
0.276667 3 6 140 27
0.283333 2 8 149 40
0.29 3 8 102 43
0.296667 2 10 142 37
0.303333 0 9 125 40
0.31 3 11 123 36
0.316667 4 8 108 39
0.323333 2 4 92 44
0.33 3 9 111 29
0.336667 3 1 107 31
0.343333 2 6 123 36
0.35 4 7 129 36
0.356667 3 8 106 44
0.363333 1 5 98 18
0.37 1 6 93 27
0.376667 0 3 97 27
0.383333 2 7 109 29
0.39 0 9 108 31
0.396667 2 9 111 29
0.403333 1 4 89 25
0.41 2 5 87 25
0.416667 1 3 97 30
0.423333 0 6 101 19
0.43 3 1 82 26
0.436667 1 3 84 18
0.443333 2 5 79 26
0.45 2 4 89 26
0.456667 1 8 113 17
0.463333 3 1 82 30
0.47 2 2 88 26
0.476667 0 8 90 23
0.483333 3 5 56 21
0.49 0 5 62 8
0.496667 2 3 49 12
0.503333 0 7 45 18
0.51 1 7 46 16
0.516667 1 7 48 13
0.523333 0 4 45 20
0.53 0 0 41 18
0.536667 1 3 38 16
0.543333 1 2 38 13
0.55 2 1 41 10
0.556667 1 1 35 8
0.563333 1 6 40 19
0.57 2 5 32 11
0.576667 3 1 40 10
0.583333 0 2 35 17
0.59 0 2 40 12
0.596667 2 2 39 19
0.603333 0 2 38 12
0.61 1 3 39 17
0.616667 1 0 28 15
0.623333 2 6 33 10
0.63 0 7 41 14
0.636667 1 2 47 10
0.643333 0 1 27 7
0.65 3 1 39 13
0.656667 0 4 31 9
0.663333 18 50 2877 473
0.67 0 0 0 0
0.676667 0 0 0 0
0.683333 0 0 0 0
0.69 0 0 0 0
0.696667 0 0 0 0
0.703333 0 0 0 0
0.71 0 0 0 0
0.716667 0 0 0 0
0.723333 0 0 0 0
0.73 0 0 0 0
0.736667 0 0 0 0
0.743333 0 0 0 0
0.75 0 0 0 0
0.756667 0 0 0 0
0.763333 0 0 0 0
0.77 0 0 0 0
0.776667 0 0 0 0
0.783333 0 0 0 0
0.79 0 0 0 0
0.796667 0 0 0 0
0.803333 0 0 0 0
0.81 0 0 0 0
0.816667 0 0 0 0
0.823333 0 0 0 0
0.83 0 0 0 0
0.836667 0 0 0 0
0.843333 0 0 0 0
0.85 0 0 0 0
0.856667 0 0 0 0
0.863333 0 0 0 0
0.87 0 0 0 0
0.876667 0 0 0 0
0.883333 0 0 0 0
0.89 0 0 0 0
0.896667 0 0 0 0
0.903333 0 0 0 0
0.91 0 0 0 0
0.916667 0 0 0 0
0.923333 0 0 0 0
0.93 0 0 0 0
0.936667 0 0 0 0
0.943333 0 0 0 0
0.95 0 0 0 0
0.956667 0 0 0 0
0.963333 0 0 0 0
0.97 0 0 0 0
0.976667 0 0 0 0
0.983333 0 0 0 0
0.99 0 0 0 0
0.996667 0 0 0 0
1.00333 0 0 0 0
1.01 0 0 0 0
1.01667 0 0 0 0
1.02333 0 0 0 0
1.03 0 0 0 0
1.03667 0 0 0 0
1.04333 0 0 0 0
1.05 0 0 0 0
1.05667 0 0 0 0
1.06333 0 0 0 0
1.07 0 0 0 0
1.07667 0 0 0 0
1.08333 0 0 0 0
1.09 0 0 0 0
1.09667 0 0 0 0
1.10333 0 0 0 0
1.11 0 0 0 0
1.11667 0 0 0 0
1.12333 0 0 0 0
1.13 0 0 0 0
1.13667 0 0 0 0
1.14333 0 0 0 0
1.15 0 0 0 0
1.15667 0 0 0 0
1.16333 0 0 0 0
1.17 0 0 0 0
1.17667 0 0 0 0
1.18333 0 0 0 0
1.19 0 0 0 0
1.19667 0 0 0 0
1.20333 0 0 0 0
1.21 0 0 0 0
1.21667 0 0 0 0
1.22333 0 0 0 0
1.23 0 0 0 0
1.23667 0 0 0 0
1.24333 0 0 0 0
1.25 0 0 0 0
1.25667 0 0 0 0
1.26333 0 0 0 0
1.27 0 0 0 0
1.27667 0 0 0 0
1.28333 0 0 0 0
1.29 0 0 0 0
1.29667 0 0 0 0
1.30333 0 0 0 0
1.31 0 0 0 0
1.31667 0 0 0 0
1.32333 0 0 0 0
1.33 0 0 0 0
1.33667 0 0 0 0
1.34333 0 0 0 0
1.35 0 0 0 0
1.35667 0 0 0 0
1.36333 0 0 0 0
1.37 0 0 0 0
1.37667 0 0 0 0
1.38333 0 0 0 0
1.39 0 0 0 0
1.39667 0 0 0 0
1.40333 0 0 0 0
1.41 0 0 0 0
1.41667 0 0 0 0
1.42333 0 0 0 0
1.43 0 0 0 0
1.43667 0 0 0 0
1.44333 0 0 0 0
1.45 0 0 0 0
1.45667 0 0 0 0
1.46333 0 0 0 0
1.47 0 0 0 0
1.47667 0 0 0 0
1.48333 0 0 0 0
1.49 0 0 0 0
1.49667 0 0 0 0
1.50333 0 0 0 0
1.51 0 0 0 0
1.51667 0 0 0 0
1.52333 0 0 0 0
1.53 0 0 0 0
1.53667 0 0 0 0
1.54333 0 0 0 0
1.55 0 0 0 0
1.55667 0 0 0 0
1.56333 0 0 0 0
1.57 0 0 0 0
1.57667 0 0 0 0
1.58333 0 0 0 0
1.59 0 0 0 0
1.59667 0 0 0 0
1.60333 0 0 0 0
1.61 0 0 0 0
1.61667 0 0 0 0
1.62333 0 0 0 0
1.63 0 0 0 0
1.63667 0 0 0 0
1.64333 0 0 0 0
1.65 0 0 0 0
1.65667 0 0 0 0
1.66333 0 0 0 0
1.67 0 0 0 0
1.67667 0 0 0 0
1.68333 0 0 0 0
1.69 0 0 0 0
1.69667 0 0 0 0
1.70333 0 0 0 0
1.71 0 0 0 0
1.71667 0 0 0 0
1.72333 0 0 0 0
1.73 0 0 0 0
1.73667 0 0 0 0
1.74333 0 0 0 0
1.75 0 0 0 0
1.75667 0 0 0 0
1.76333 0 0 0 0
1.77 0 0 0 0
1.77667 0 0 0 0
1.78333 0 0 0 0
1.79 0 0 0 0
1.79667 0 0 0 0
1.80333 0 0 0 0
1.81 0 0 0 0
1.81667 0 0 0 0
1.82333 0 0 0 0
1.83 0 0 0 0
1.83667 0 0 0 0
1.84333 0 0 0 0
1.85 0 0 0 0
1.85667 0 0 0 0
1.86333 0 0 0 0
1.87 0 0 0 0
1.87667 0 0 0 0
1.88333 0 0 0 0
1.89 0 0 0 0
1.89667 0 0 0 0
1.90333 0 0 0 0
1.91 0 0 0 0
1.91667 0 0 0 0
1.92333 0 0 0 0
1.93 0 0 0 0
1.93667 0 0 0 0
1.94333 0 0 0 0
1.95 0 0 0 0
1.95667 0 0 0 0
1.96333 0 0 0 0
1.97 0 0 0 0
1.97667 0 0 0 0
1.98333 0 0 0 0
1.99 0 0 0 0
1.99667 0 0 0 0
