0.00333333 11 61 16 0
0.01 11 84 13 2
0.0166667 15 77 14 2
0.0233333 23 83 19 1
0.03 12 76 15 2
0.0366667 36 99 14 0
0.0433333 37 139 21 3
0.05 46 207 31 1
0.0566667 52 207 36 3
0.0633333 86 236 38 7
0.07 90 243 48 8
0.0766667 57 245 42 5
0.0833333 75 235 36 8
0.09 77 243 43 10
0.0966667 66 249 36 5
0.103333 74 284 25 6
0.11 74 249 36 7
0.116667 65 267 59 5
0.123333 54 259 49 5
0.13 46 247 50 5
0.136667 42 252 29 8
0.143333 58 258 42 1
0.15 46 230 35 6
0.156667 39 223 45 7
0.163333 31 220 37 4
0.17 35 217 41 3
0.176667 46 226 44 4
0.183333 37 211 39 5
0.19 42 220 44 3
0.196667 49 202 31 5
0.203333 36 220 38 5
0.21 36 214 32 0
0.216667 28 201 31 1
0.223333 42 176 32 4
0.23 36 165 29 0
0.236667 40 165 27 3
0.243333 35 142 28 3
0.25 23 147 17 6
0.256667 37 140 21 2
0.263333 29 158 21 5
0.27 23 126 18 3
0.276667 26 136 23 3
0.283333 31 133 23 3
0.29 28 124 17 0
0.296667 26 126 12 6
0.303333 26 106 15 4
0.31 34 111 24 1
0.316667 30 116 14 1
0.323333 22 101 17 3
0.33 18 111 29 4
0.336667 17 102 15 1
0.343333 23 108 12 3
0.35 17 105 25 3
0.356667 21 88 14 3
0.363333 27 96 18 1
0.37 14 99 17 0
0.376667 19 97 18 5
0.383333 20 96 17 3
0.39 15 88 17 6
0.396667 23 79 12 3
0.403333 21 89 21 2
0.41 17 65 13 1
0.416667 15 63 19 2
0.423333 20 78 21 2
0.43 22 65 20 1
0.436667 15 78 15 2
0.443333 8 79 14 4
0.45 16 70 20 2
0.456667 14 72 15 6
0.463333 18 80 11 1
0.47 15 83 9 1
0.476667 17 52 13 2
0.483333 12 41 8 1
0.49 14 48 9 2
0.496667 9 32 8 2
0.503333 5 38 11 5
0.51 11 57 12 1
0.516667 12 35 11 2
0.523333 8 42 7 1
0.53 13 32 10 0
0.536667 16 27 6 2
0.543333 15 39 12 0
0.55 9 39 4 1
0.556667 12 32 9 1
0.563333 11 32 10 1
0.57 9 30 8 1
0.576667 6 46 11 0
0.583333 13 41 9 3
0.59 4 39 11 0
0.596667 12 38 10 2
0.603333 10 36 7 0
0.61 5 39 8 0
0.616667 6 29 8 1
0.623333 7 34 10 2
0.63 8 27 5 1
0.636667 5 35 8 1
0.643333 8 31 9 3
0.65 6 30 11 1
0.656667 7 38 6 0
0.663333 284 2257 333 14
0.67 0 0 0 0
0.676667 0 0 0 0
0.683333 0 0 0 0
0.69 0 0 0 0
0.696667 0 0 0 0
0.703333 0 0 0 0
0.71 0 0 0 0
0.716667 0 0 0 0
0.723333 0 0 0 0
0.73 0 0 0 0
0.736667 0 0 0 0
0.743333 0 0 0 0
0.75 0 0 0 0
0.756667 0 0 0 0
0.763333 0 0 0 0
0.77 0 0 0 0
0.776667 0 0 0 0
0.783333 0 0 0 0
0.79 0 0 0 0
0.796667 0 0 0 0
0.803333 0 0 0 0
0.81 0 0 0 0
0.816667 0 0 0 0
0.823333 0 0 0 0
0.83 0 0 0 0
0.836667 0 0 0 0
0.843333 0 0 0 0
0.85 0 0 0 0
0.856667 0 0 0 0
0.863333 0 0 0 0
0.87 0 0 0 0
0.876667 0 0 0 0
0.883333 0 0 0 0
0.89 0 0 0 0
0.896667 0 0 0 0
0.903333 0 0 0 0
0.91 0 0 0 0
0.916667 0 0 0 0
0.923333 0 0 0 0
0.93 0 0 0 0
0.936667 0 0 0 0
0.943333 0 0 0 0
0.95 0 0 0 0
0.956667 0 0 0 0
0.963333 0 0 0 0
0.97 0 0 0 0
0.976667 0 0 0 0
0.983333 0 0 0 0
0.99 0 0 0 0
0.996667 0 0 0 0
1.00333 0 0 0 0
1.01 0 0 0 0
1.01667 0 0 0 0
1.02333 0 0 0 0
1.03 0 0 0 0
1.03667 0 0 0 0
1.04333 0 0 0 0
1.05 0 0 0 0
1.05667 0 0 0 0
1.06333 0 0 0 0
1.07 0 0 0 0
1.07667 0 0 0 0
1.08333 0 0 0 0
1.09 0 0 0 0
1.09667 0 0 0 0
1.10333 0 0 0 0
1.11 0 0 0 0
1.11667 0 0 0 0
1.12333 0 0 0 0
1.13 0 0 0 0
1.13667 0 0 0 0
1.14333 0 0 0 0
1.15 0 0 0 0
1.15667 0 0 0 0
1.16333 0 0 0 0
1.17 0 0 0 0
1.17667 0 0 0 0
1.18333 0 0 0 0
1.19 0 0 0 0
1.19667 0 0 0 0
1.20333 0 0 0 0
1.21 0 0 0 0
1.21667 0 0 0 0
1.22333 0 0 0 0
1.23 0 0 0 0
1.23667 0 0 0 0
1.24333 0 0 0 0
1.25 0 0 0 0
1.25667 0 0 0 0
1.26333 0 0 0 0
1.27 0 0 0 0
1.27667 0 0 0 0
1.28333 0 0 0 0
1.29 0 0 0 0
1.29667 0 0 0 0
1.30333 0 0 0 0
1.31 0 0 0 0
1.31667 0 0 0 0
1.32333 0 0 0 0
1.33 0 0 0 0
1.33667 0 0 0 0
1.34333 0 0 0 0
1.35 0 0 0 0
1.35667 0 0 0 0
1.36333 0 0 0 0
1.37 0 0 0 0
1.37667 0 0 0 0
1.38333 0 0 0 0
1.39 0 0 0 0
1.39667 0 0 0 0
1.40333 0 0 0 0
1.41 0 0 0 0
1.41667 0 0 0 0
1.42333 0 0 0 0
1.43 0 0 0 0
1.43667 0 0 0 0
1.44333 0 0 0 0
1.45 0 0 0 0
1.45667 0 0 0 0
1.46333 0 0 0 0
1.47 0 0 0 0
1.47667 0 0 0 0
1.48333 0 0 0 0
1.49 0 0 0 0
1.49667 0 0 0 0
1.50333 0 0 0 0
1.51 0 0 0 0
1.51667 0 0 0 0
1.52333 0 0 0 0
1.53 0 0 0 0
1.53667 0 0 0 0
1.54333 0 0 0 0
1.55 0 0 0 0
1.55667 0 0 0 0
1.56333 0 0 0 0
1.57 0 0 0 0
1.57667 0 0 0 0
1.58333 0 0 0 0
1.59 0 0 0 0
1.59667 0 0 0 0
1.60333 0 0 0 0
1.61 0 0 0 0
1.61667 0 0 0 0
1.62333 0 0 0 0
1.63 0 0 0 0
1.63667 0 0 0 0
1.64333 0 0 0 0
1.65 0 0 0 0
1.65667 0 0 0 0
1.66333 0 0 0 0
1.67 0 0 0 0
1.67667 0 0 0 0
1.68333 0 0 0 0
1.69 0 0 0 0
1.69667 0 0 0 0
1.70333 0 0 0 0
1.71 0 0 0 0
1.71667 0 0 0 0
1.72333 0 0 0 0
1.73 0 0 0 0
1.73667 0 0 0 0
1.74333 0 0 0 0
1.75 0 0 0 0
1.75667 0 0 0 0
1.76333 0 0 0 0
1.77 0 0 0 0
1.77667 0 0 0 0
1.78333 0 0 0 0
1.79 0 0 0 0
1.79667 0 0 0 0
1.80333 0 0 0 0
1.81 0 0 0 0
1.81667 0 0 0 0
1.82333 0 0 0 0
1.83 0 0 0 0
1.83667 0 0 0 0
1.84333 0 0 0 0
1.85 0 0 0 0
1.85667 0 0 0 0
1.86333 0 0 0 0
1.87 0 0 0 0
1.87667 0 0 0 0
1.88333 0 0 0 0
1.89 0 0 0 0
1.89667 0 0 0 0
1.90333 0 0 0 0
1.91 0 0 0 0
1.91667 0 0 0 0
1.92333 0 0 0 0
1.93 0 0 0 0
1.93667 0 0 0 0
1.94333 0 0 0 0
1.95 0 0 0 0
1.95667 0 0 0 0
1.96333 0 0 0 0
1.97 0 0 0 0
1.97667 0 0 0 0
1.98333 0 0 0 0
1.99 0 0 0 0
1.99667 0 0 0 0
