0.00333333 3 11 33 16
0.01 3 9 37 28
0.0166667 2 16 48 40
0.0233333 3 20 41 25
0.03 2 11 61 33
0.0366667 2 10 64 41
0.0433333 2 18 85 48
0.05 6 23 106 67
0.0566667 6 24 124 84
0.0633333 11 30 144 71
0.07 8 26 145 86
0.0766667 4 28 139 104
0.0833333 7 39 141 82
0.09 4 33 142 100
0.0966667 3 37 124 91
0.103333 4 39 157 85
0.11 4 46 139 87
0.116667 6 38 149 83
0.123333 4 28 138 92
0.13 9 52 136 79
0.136667 3 32 145 94
0.143333 6 36 120 95
0.15 7 40 107 81
0.156667 4 31 129 81
0.163333 6 33 99 78
0.17 6 39 92 72
0.176667 7 25 87 78
0.183333 3 23 76 79
0.19 8 48 108 78
0.196667 4 35 103 84
0.203333 7 30 91 75
0.21 8 31 100 67
0.216667 3 29 72 70
0.223333 2 35 74 66
0.23 5 32 93 67
0.236667 6 25 76 68
0.243333 0 25 70 58
0.25 3 31 69 48
0.256667 1 20 83 48
0.263333 3 30 59 48
0.27 6 16 56 53
0.276667 4 21 76 63
0.283333 6 22 89 52
0.29 3 16 60 40
0.296667 4 19 59 41
0.303333 3 23 62 40
0.31 5 22 48 53
0.316667 2 21 57 48
0.323333 2 19 70 48
0.33 2 14 50 51
0.336667 3 22 47 53
0.343333 7 14 43 41
0.35 3 20 49 43
0.356667 1 18 51 44
0.363333 2 17 59 40
0.37 3 11 47 36
0.376667 4 14 43 39
0.383333 0 19 47 29
0.39 3 23 62 38
0.396667 2 14 38 33
0.403333 8 19 39 34
0.41 4 21 44 42
0.416667 2 18 44 38
0.423333 4 19 44 25
0.43 2 12 53 35
0.436667 0 20 36 38
0.443333 4 14 34 24
0.45 3 12 33 31
0.456667 2 15 50 33
0.463333 4 18 37 28
0.47 5 18 49 30
0.476667 1 18 35 26
0.483333 1 13 37 27
0.49 1 14 25 23
0.496667 3 11 29 31
0.503333 1 9 29 18
0.51 1 11 25 22
0.516667 1 18 34 16
0.523333 0 8 31 17
0.53 0 9 21 24
0.536667 1 7 24 22
0.543333 2 7 24 17
0.55 3 6 34 14
0.556667 1 10 23 17
0.563333 0 6 19 28
0.57 1 11 17 16
0.576667 1 8 22 21
0.583333 1 9 24 21
0.59 2 4 24 19
0.596667 2 10 17 11
0.603333 0 10 26 14
0.61 1 3 20 13
0.616667 0 5 22 13
0.623333 4 5 21 14
0.63 0 4 20 11
0.636667 4 7 20 13
0.643333 1 7 21 22
0.65 3 10 17 21
0.656667 1 7 26 20
0.663333 41 571 992 857
0.67 0 0 0 0
0.676667 0 0 0 0
0.683333 0 0 0 0
0.69 0 0 0 0
0.696667 0 0 0 0
0.703333 0 0 0 0
0.71 0 0 0 0
0.716667 0 0 0 0
0.723333 0 0 0 0
0.73 0 0 0 0
0.736667 0 0 0 0
0.743333 0 0 0 0
0.75 0 0 0 0
0.756667 0 0 0 0
0.763333 0 0 0 0
0.77 0 0 0 0
0.776667 0 0 0 0
0.783333 0 0 0 0
0.79 0 0 0 0
0.796667 0 0 0 0
0.803333 0 0 0 0
0.81 0 0 0 0
0.816667 0 0 0 0
0.823333 0 0 0 0
0.83 0 0 0 0
0.836667 0 0 0 0
0.843333 0 0 0 0
0.85 0 0 0 0
0.856667 0 0 0 0
0.863333 0 0 0 0
0.87 0 0 0 0
0.876667 0 0 0 0
0.883333 0 0 0 0
0.89 0 0 0 0
0.896667 0 0 0 0
0.903333 0 0 0 0
0.91 0 0 0 0
0.916667 0 0 0 0
0.923333 0 0 0 0
0.93 0 0 0 0
0.936667 0 0 0 0
0.943333 0 0 0 0
0.95 0 0 0 0
0.956667 0 0 0 0
0.963333 0 0 0 0
0.97 0 0 0 0
0.976667 0 0 0 0
0.983333 0 0 0 0
0.99 0 0 0 0
0.996667 0 0 0 0
1.00333 0 0 0 0
1.01 0 0 0 0
1.01667 0 0 0 0
1.02333 0 0 0 0
1.03 0 0 0 0
1.03667 0 0 0 0
1.04333 0 0 0 0
1.05 0 0 0 0
1.05667 0 0 0 0
1.06333 0 0 0 0
1.07 0 0 0 0
1.07667 0 0 0 0
1.08333 0 0 0 0
1.09 0 0 0 0
1.09667 0 0 0 0
1.10333 0 0 0 0
1.11 0 0 0 0
1.11667 0 0 0 0
1.12333 0 0 0 0
1.13 0 0 0 0
1.13667 0 0 0 0
1.14333 0 0 0 0
1.15 0 0 0 0
1.15667 0 0 0 0
1.16333 0 0 0 0
1.17 0 0 0 0
1.17667 0 0 0 0
1.18333 0 0 0 0
1.19 0 0 0 0
1.19667 0 0 0 0
1.20333 0 0 0 0
1.21 0 0 0 0
1.21667 0 0 0 0
1.22333 0 0 0 0
1.23 0 0 0 0
1.23667 0 0 0 0
1.24333 0 0 0 0
1.25 0 0 0 0
1.25667 0 0 0 0
1.26333 0 0 0 0
1.27 0 0 0 0
1.27667 0 0 0 0
1.28333 0 0 0 0
1.29 0 0 0 0
1.29667 0 0 0 0
1.30333 0 0 0 0
1.31 0 0 0 0
1.31667 0 0 0 0
1.32333 0 0 0 0
1.33 0 0 0 0
1.33667 0 0 0 0
1.34333 0 0 0 0
1.35 0 0 0 0
1.35667 0 0 0 0
1.36333 0 0 0 0
1.37 0 0 0 0
1.37667 0 0 0 0
1.38333 0 0 0 0
1.39 0 0 0 0
1.39667 0 0 0 0
1.40333 0 0 0 0
1.41 0 0 0 0
1.41667 0 0 0 0
1.42333 0 0 0 0
1.43 0 0 0 0
1.43667 0 0 0 0
1.44333 0 0 0 0
1.45 0 0 0 0
1.45667 0 0 0 0
1.46333 0 0 0 0
1.47 0 0 0 0
1.47667 0 0 0 0
1.48333 0 0 0 0
1.49 0 0 0 0
1.49667 0 0 0 0
1.50333 0 0 0 0
1.51 0 0 0 0
1.51667 0 0 0 0
1.52333 0 0 0 0
1.53 0 0 0 0
1.53667 0 0 0 0
1.54333 0 0 0 0
1.55 0 0 0 0
1.55667 0 0 0 0
1.56333 0 0 0 0
1.57 0 0 0 0
1.57667 0 0 0 0
1.58333 0 0 0 0
1.59 0 0 0 0
1.59667 0 0 0 0
1.60333 0 0 0 0
1.61 0 0 0 0
1.61667 0 0 0 0
1.62333 0 0 0 0
1.63 0 0 0 0
1.63667 0 0 0 0
1.64333 0 0 0 0
1.65 0 0 0 0
1.65667 0 0 0 0
1.66333 0 0 0 0
1.67 0 0 0 0
1.67667 0 0 0 0
1.68333 0 0 0 0
1.69 0 0 0 0
1.69667 0 0 0 0
1.70333 0 0 0 0
1.71 0 0 0 0
1.71667 0 0 0 0
1.72333 0 0 0 0
1.73 0 0 0 0
1.73667 0 0 0 0
1.74333 0 0 0 0
1.75 0 0 0 0
1.75667 0 0 0 0
1.76333 0 0 0 0
1.77 0 0 0 0
1.77667 0 0 0 0
1.78333 0 0 0 0
1.79 0 0 0 0
1.79667 0 0 0 0
1.80333 0 0 0 0
1.81 0 0 0 0
1.81667 0 0 0 0
1.82333 0 0 0 0
1.83 0 0 0 0
1.83667 0 0 0 0
1.84333 0 0 0 0
1.85 0 0 0 0
1.85667 0 0 0 0
1.86333 0 0 0 0
1.87 0 0 0 0
1.87667 0 0 0 0
1.88333 0 0 0 0
1.89 0 0 0 0
1.89667 0 0 0 0
1.90333 0 0 0 0
1.91 0 0 0 0
1.91667 0 0 0 0
1.92333 0 0 0 0
1.93 0 0 0 0
1.93667 0 0 0 0
1.94333 0 0 0 0
1.95 0 0 0 0
1.95667 0 0 0 0
1.96333 0 0 0 0
1.97 0 0 0 0
1.97667 0 0 0 0
1.98333 0 0 0 0
1.99 0 0 0 0
1.99667 0 0 0 0
