0.00333333 1 4 90 19
0.01 1 10 132 23
0.0166667 4 7 104 26
0.0233333 2 4 116 38
0.03 0 12 154 40
0.0366667 1 12 168 39
0.0433333 1 12 183 44
0.05 6 19 221 61
0.0566667 9 21 320 73
0.0633333 3 20 323 93
0.07 4 32 345 92
0.0766667 4 28 362 91
0.0833333 8 30 403 91
0.09 10 18 362 82
0.0966667 5 26 369 99
0.103333 7 34 365 83
0.11 6 21 375 89
0.116667 4 22 378 94
0.123333 4 35 376 81
0.13 5 20 384 99
0.136667 3 22 377 71
0.143333 3 19 366 65
0.15 5 33 297 32
0.156667 2 20 318 55
0.163333 7 22 340 47
0.17 4 27 314 62
0.176667 4 22 324 60
0.183333 6 26 315 57
0.19 8 24 393 65
0.196667 4 24 358 59
0.203333 1 18 320 59
0.21 4 24 322 39
0.216667 7 22 304 59
0.223333 6 9 293 55
0.23 3 16 278 55
0.236667 1 22 273 43
0.243333 4 16 245 43
0.25 2 14 239 44
0.256667 1 14 218 26
0.263333 1 19 199 42
0.27 1 13 197 39
0.276667 4 11 183 29
0.283333 3 9 201 49
0.29 1 8 200 46
0.296667 2 12 165 30
0.303333 4 9 144 29
0.31 3 21 158 31
0.316667 2 12 167 27
0.323333 0 18 144 44
0.33 2 12 131 22
0.336667 3 12 160 21
0.343333 3 7 127 40
0.35 2 12 151 32
0.356667 0 9 129 22
0.363333 3 11 151 24
0.37 2 9 124 30
0.376667 2 13 135 24
0.383333 2 10 130 30
0.39 2 12 117 23
0.396667 2 7 123 22
0.403333 0 9 120 19
0.41 2 4 116 27
0.416667 1 7 120 18
0.423333 4 6 107 25
0.43 0 10 105 14
0.436667 1 5 131 13
0.443333 2 14 114 28
0.45 0 14 112 14
0.456667 3 10 114 25
0.463333 0 7 119 19
0.47 2 11 117 28
0.476667 3 11 98 17
0.483333 3 3 82 18
0.49 1 6 69 15
0.496667 0 1 73 12
0.503333 2 10 55 18
0.51 0 5 50 11
0.516667 3 9 76 15
0.523333 3 6 61 10
0.53 1 4 63 6
0.536667 2 4 44 12
0.543333 5 2 63 11
0.55 1 5 57 7
0.556667 0 5 42 17
0.563333 3 7 53 6
0.57 0 2 44 12
0.576667 3 5 33 8
0.583333 0 5 47 7
0.59 2 7 47 11
0.596667 0 4 49 7
0.603333 4 5 47 15
0.61 1 5 54 11
0.616667 0 3 38 11
0.623333 0 5 35 16
0.63 1 3 45 12
0.636667 0 4 41 10
0.643333 2 6 30 12
0.65 3 6 36 11
0.656667 0 4 48 9
0.663333 18 154 4326 398
0.67 0 0 0 0
0.676667 0 0 0 0
0.683333 0 0 0 0
0.69 0 0 0 0
0.696667 0 0 0 0
0.703333 0 0 0 0
0.71 0 0 0 0
0.716667 0 0 0 0
0.723333 0 0 0 0
0.73 0 0 0 0
0.736667 0 0 0 0
0.743333 0 0 0 0
0.75 0 0 0 0
0.756667 0 0 0 0
0.763333 0 0 0 0
0.77 0 0 0 0
0.776667 0 0 0 0
0.783333 0 0 0 0
0.79 0 0 0 0
0.796667 0 0 0 0
0.803333 0 0 0 0
0.81 0 0 0 0
0.816667 0 0 0 0
0.823333 0 0 0 0
0.83 0 0 0 0
0.836667 0 0 0 0
0.843333 0 0 0 0
0.85 0 0 0 0
0.856667 0 0 0 0
0.863333 0 0 0 0
0.87 0 0 0 0
0.876667 0 0 0 0
0.883333 0 0 0 0
0.89 0 0 0 0
0.896667 0 0 0 0
0.903333 0 0 0 0
0.91 0 0 0 0
0.916667 0 0 0 0
0.923333 0 0 0 0
0.93 0 0 0 0
0.936667 0 0 0 0
0.943333 0 0 0 0
0.95 0 0 0 0
0.956667 0 0 0 0
0.963333 0 0 0 0
0.97 0 0 0 0
0.976667 0 0 0 0
0.983333 0 0 0 0
0.99 0 0 0 0
0.996667 0 0 0 0
1.00333 0 0 0 0
1.01 0 0 0 0
1.01667 0 0 0 0
1.02333 0 0 0 0
1.03 0 0 0 0
1.03667 0 0 0 0
1.04333 0 0 0 0
1.05 0 0 0 0
1.05667 0 0 0 0
1.06333 0 0 0 0
1.07 0 0 0 0
1.07667 0 0 0 0
1.08333 0 0 0 0
1.09 0 0 0 0
1.09667 0 0 0 0
1.10333 0 0 0 0
1.11 0 0 0 0
1.11667 0 0 0 0
1.12333 0 0 0 0
1.13 0 0 0 0
1.13667 0 0 0 0
1.14333 0 0 0 0
1.15 0 0 0 0
1.15667 0 0 0 0
1.16333 0 0 0 0
1.17 0 0 0 0
1.17667 0 0 0 0
1.18333 0 0 0 0
1.19 0 0 0 0
1.19667 0 0 0 0
1.20333 0 0 0 0
1.21 0 0 0 0
1.21667 0 0 0 0
1.22333 0 0 0 0
1.23 0 0 0 0
1.23667 0 0 0 0
1.24333 0 0 0 0
1.25 0 0 0 0
1.25667 0 0 0 0
1.26333 0 0 0 0
1.27 0 0 0 0
1.27667 0 0 0 0
1.28333 0 0 0 0
1.29 0 0 0 0
1.29667 0 0 0 0
1.30333 0 0 0 0
1.31 0 0 0 0
1.31667 0 0 0 0
1.32333 0 0 0 0
1.33 0 0 0 0
1.33667 0 0 0 0
1.34333 0 0 0 0
1.35 0 0 0 0
1.35667 0 0 0 0
1.36333 0 0 0 0
1.37 0 0 0 0
1.37667 0 0 0 0
1.38333 0 0 0 0
1.39 0 0 0 0
1.39667 0 0 0 0
1.40333 0 0 0 0
1.41 0 0 0 0
1.41667 0 0 0 0
1.42333 0 0 0 0
1.43 0 0 0 0
1.43667 0 0 0 0
1.44333 0 0 0 0
1.45 0 0 0 0
1.45667 0 0 0 0
1.46333 0 0 0 0
1.47 0 0 0 0
1.47667 0 0 0 0
1.48333 0 0 0 0
1.49 0 0 0 0
1.49667 0 0 0 0
1.50333 0 0 0 0
1.51 0 0 0 0
1.51667 0 0 0 0
1.52333 0 0 0 0
1.53 0 0 0 0
1.53667 0 0 0 0
1.54333 0 0 0 0
1.55 0 0 0 0
1.55667 0 0 0 0
1.56333 0 0 0 0
1.57 0 0 0 0
1.57667 0 0 0 0
1.58333 0 0 0 0
1.59 0 0 0 0
1.59667 0 0 0 0
1.60333 0 0 0 0
1.61 0 0 0 0
1.61667 0 0 0 0
1.62333 0 0 0 0
1.63 0 0 0 0
1.63667 0 0 0 0
1.64333 0 0 0 0
1.65 0 0 0 0
1.65667 0 0 0 0
1.66333 0 0 0 0
1.67 0 0 0 0
1.67667 0 0 0 0
1.68333 0 0 0 0
1.69 0 0 0 0
1.69667 0 0 0 0
1.70333 0 0 0 0
1.71 0 0 0 0
1.71667 0 0 0 0
1.72333 0 0 0 0
1.73 0 0 0 0
1.73667 0 0 0 0
1.74333 0 0 0 0
1.75 0 0 0 0
1.75667 0 0 0 0
1.76333 0 0 0 0
1.77 0 0 0 0
1.77667 0 0 0 0
1.78333 0 0 0 0
1.79 0 0 0 0
1.79667 0 0 0 0
1.80333 0 0 0 0
1.81 0 0 0 0
1.81667 0 0 0 0
1.82333 0 0 0 0
1.83 0 0 0 0
1.83667 0 0 0 0
1.84333 0 0 0 0
1.85 0 0 0 0
1.85667 0 0 0 0
1.86333 0 0 0 0
1.87 0 0 0 0
1.87667 0 0 0 0
1.88333 0 0 0 0
1.89 0 0 0 0
1.89667 0 0 0 0
1.90333 0 0 0 0
1.91 0 0 0 0
1.91667 0 0 0 0
1.92333 0 0 0 0
1.93 0 0 0 0
1.93667 0 0 0 0
1.94333 0 0 0 0
1.95 0 0 0 0
1.95667 0 0 0 0
1.96333 0 0 0 0
1.97 0 0 0 0
1.97667 0 0 0 0
1.98333 0 0 0 0
1.99 0 0 0 0
1.99667 0 0 0 0
