0.00333333 1 14 44 10
0.01 0 22 37 17
0.0166667 2 21 57 21
0.0233333 1 19 53 25
0.03 3 20 64 21
0.0366667 1 16 65 17
0.0433333 2 15 93 31
0.05 1 24 108 48
0.0566667 4 20 122 49
0.0633333 4 27 119 53
0.07 4 19 127 43
0.0766667 2 29 150 71
0.0833333 3 27 152 59
0.09 1 26 153 52
0.0966667 5 22 143 68
0.103333 3 21 156 51
0.11 1 29 136 58
0.116667 5 28 182 70
0.123333 2 41 169 62
0.13 1 26 163 48
0.136667 5 26 168 34
0.143333 4 35 137 54
0.15 0 34 123 42
0.156667 5 25 132 43
0.163333 0 20 114 31
0.17 2 28 135 44
0.176667 3 28 140 41
0.183333 2 35 110 47
0.19 2 48 131 39
0.196667 2 40 115 42
0.203333 1 33 151 32
0.21 4 34 123 41
0.216667 2 30 122 35
0.223333 1 33 126 35
0.23 1 35 122 37
0.236667 3 42 112 39
0.243333 0 23 97 38
0.25 1 30 118 25
0.256667 1 32 96 28
0.263333 2 16 84 32
0.27 3 27 92 32
0.276667 3 24 109 25
0.283333 3 22 104 35
0.29 4 22 78 21
0.296667 5 17 84 32
0.303333 3 15 66 41
0.31 0 28 76 32
0.316667 1 15 62 18
0.323333 4 21 76 29
0.33 0 18 71 20
0.336667 1 22 87 21
0.343333 2 24 72 18
0.35 0 24 79 23
0.356667 1 20 78 19
0.363333 1 17 68 27
0.37 3 22 70 16
0.376667 0 27 66 13
0.383333 1 22 72 23
0.39 0 25 74 19
0.396667 1 17 81 18
0.403333 2 22 78 22
0.41 2 19 56 16
0.416667 2 22 54 16
0.423333 2 32 47 17
0.43 1 10 52 23
0.436667 2 17 64 29
0.443333 1 27 73 22
0.45 0 21 55 20
0.456667 1 15 74 20
0.463333 0 21 51 20
0.47 3 33 78 22
0.476667 1 19 52 18
0.483333 0 7 45 15
0.49 1 6 38 4
0.496667 0 7 32 17
0.503333 0 12 30 9
0.51 1 10 35 9
0.516667 2 8 34 12
0.523333 0 14 36 11
0.53 2 6 45 18
0.536667 0 9 38 10
0.543333 2 2 21 10
0.55 0 14 40 9
0.556667 1 8 27 13
0.563333 0 12 27 11
0.57 0 2 32 6
0.576667 4 4 39 11
0.583333 3 7 20 11
0.59 0 7 39 13
0.596667 1 2 37 8
0.603333 0 6 31 14
0.61 1 6 33 13
0.616667 1 4 35 19
0.623333 0 1 30 18
0.63 0 4 39 11
0.636667 0 4 37 9
0.643333 1 1 31 14
0.65 0 2 31 14
0.656667 1 2 23 8
0.663333 16 1055 2164 464
0.67 0 0 0 0
0.676667 0 0 0 0
0.683333 0 0 0 0
0.69 0 0 0 0
0.696667 0 0 0 0
0.703333 0 0 0 0
0.71 0 0 0 0
0.716667 0 0 0 0
0.723333 0 0 0 0
0.73 0 0 0 0
0.736667 0 0 0 0
0.743333 0 0 0 0
0.75 0 0 0 0
0.756667 0 0 0 0
0.763333 0 0 0 0
0.77 0 0 0 0
0.776667 0 0 0 0
0.783333 0 0 0 0
0.79 0 0 0 0
0.796667 0 0 0 0
0.803333 0 0 0 0
0.81 0 0 0 0
0.816667 0 0 0 0
0.823333 0 0 0 0
0.83 0 0 0 0
0.836667 0 0 0 0
0.843333 0 0 0 0
0.85 0 0 0 0
0.856667 0 0 0 0
0.863333 0 0 0 0
0.87 0 0 0 0
0.876667 0 0 0 0
0.883333 0 0 0 0
0.89 0 0 0 0
0.896667 0 0 0 0
0.903333 0 0 0 0
0.91 0 0 0 0
0.916667 0 0 0 0
0.923333 0 0 0 0
0.93 0 0 0 0
0.936667 0 0 0 0
0.943333 0 0 0 0
0.95 0 0 0 0
0.956667 0 0 0 0
0.963333 0 0 0 0
0.97 0 0 0 0
0.976667 0 0 0 0
0.983333 0 0 0 0
0.99 0 0 0 0
0.996667 0 0 0 0
1.00333 0 0 0 0
1.01 0 0 0 0
1.01667 0 0 0 0
1.02333 0 0 0 0
1.03 0 0 0 0
1.03667 0 0 0 0
1.04333 0 0 0 0
1.05 0 0 0 0
1.05667 0 0 0 0
1.06333 0 0 0 0
1.07 0 0 0 0
1.07667 0 0 0 0
1.08333 0 0 0 0
1.09 0 0 0 0
1.09667 0 0 0 0
1.10333 0 0 0 0
1.11 0 0 0 0
1.11667 0 0 0 0
1.12333 0 0 0 0
1.13 0 0 0 0
1.13667 0 0 0 0
1.14333 0 0 0 0
1.15 0 0 0 0
1.15667 0 0 0 0
1.16333 0 0 0 0
1.17 0 0 0 0
1.17667 0 0 0 0
1.18333 0 0 0 0
1.19 0 0 0 0
1.19667 0 0 0 0
1.20333 0 0 0 0
1.21 0 0 0 0
1.21667 0 0 0 0
1.22333 0 0 0 0
1.23 0 0 0 0
1.23667 0 0 0 0
1.24333 0 0 0 0
1.25 0 0 0 0
1.25667 0 0 0 0
1.26333 0 0 0 0
1.27 0 0 0 0
1.27667 0 0 0 0
1.28333 0 0 0 0
1.29 0 0 0 0
1.29667 0 0 0 0
1.30333 0 0 0 0
1.31 0 0 0 0
1.31667 0 0 0 0
1.32333 0 0 0 0
1.33 0 0 0 0
1.33667 0 0 0 0
1.34333 0 0 0 0
1.35 0 0 0 0
1.35667 0 0 0 0
1.36333 0 0 0 0
1.37 0 0 0 0
1.37667 0 0 0 0
1.38333 0 0 0 0
1.39 0 0 0 0
1.39667 0 0 0 0
1.40333 0 0 0 0
1.41 0 0 0 0
1.41667 0 0 0 0
1.42333 0 0 0 0
1.43 0 0 0 0
1.43667 0 0 0 0
1.44333 0 0 0 0
1.45 0 0 0 0
1.45667 0 0 0 0
1.46333 0 0 0 0
1.47 0 0 0 0
1.47667 0 0 0 0
1.48333 0 0 0 0
1.49 0 0 0 0
1.49667 0 0 0 0
1.50333 0 0 0 0
1.51 0 0 0 0
1.51667 0 0 0 0
1.52333 0 0 0 0
1.53 0 0 0 0
1.53667 0 0 0 0
1.54333 0 0 0 0
1.55 0 0 0 0
1.55667 0 0 0 0
1.56333 0 0 0 0
1.57 0 0 0 0
1.57667 0 0 0 0
1.58333 0 0 0 0
1.59 0 0 0 0
1.59667 0 0 0 0
1.60333 0 0 0 0
1.61 0 0 0 0
1.61667 0 0 0 0
1.62333 0 0 0 0
1.63 0 0 0 0
1.63667 0 0 0 0
1.64333 0 0 0 0
1.65 0 0 0 0
1.65667 0 0 0 0
1.66333 0 0 0 0
1.67 0 0 0 0
1.67667 0 0 0 0
1.68333 0 0 0 0
1.69 0 0 0 0
1.69667 0 0 0 0
1.70333 0 0 0 0
1.71 0 0 0 0
1.71667 0 0 0 0
1.72333 0 0 0 0
1.73 0 0 0 0
1.73667 0 0 0 0
1.74333 0 0 0 0
1.75 0 0 0 0
1.75667 0 0 0 0
1.76333 0 0 0 0
1.77 0 0 0 0
1.77667 0 0 0 0
1.78333 0 0 0 0
1.79 0 0 0 0
1.79667 0 0 0 0
1.80333 0 0 0 0
1.81 0 0 0 0
1.81667 0 0 0 0
1.82333 0 0 0 0
1.83 0 0 0 0
1.83667 0 0 0 0
1.84333 0 0 0 0
1.85 0 0 0 0
1.85667 0 0 0 0
1.86333 0 0 0 0
1.87 0 0 0 0
1.87667 0 0 0 0
1.88333 0 0 0 0
1.89 0 0 0 0
1.89667 0 0 0 0
1.90333 0 0 0 0
1.91 0 0 0 0
1.91667 0 0 0 0
1.92333 0 0 0 0
1.93 0 0 0 0
1.93667 0 0 0 0
1.94333 0 0 0 0
1.95 0 0 0 0
1.95667 0 0 0 0
1.96333 0 0 0 0
1.97 0 0 0 0
1.97667 0 0 0 0
1.98333 0 0 0 0
1.99 0 0 0 0
1.99667 0 0 0 0
