0.00333333 3 5 14 27
0.01 6 7 21 45
0.0166667 6 9 24 42
0.0233333 10 6 31 44
0.03 8 13 45 33
0.0366667 4 13 44 39
0.0433333 10 19 55 65
0.05 13 19 86 69
0.0566667 8 25 99 66
0.0633333 9 25 95 91
0.07 13 29 105 81
0.0766667 11 38 100 69
0.0833333 9 36 108 96
0.09 16 24 113 94
0.0966667 16 31 105 86
0.103333 21 35 114 109
0.11 15 25 99 90
0.116667 12 30 123 107
0.123333 17 29 99 89
0.13 12 34 71 116
0.136667 13 24 82 90
0.143333 16 21 71 85
0.15 13 30 66 85
0.156667 8 19 58 107
0.163333 7 23 69 79
0.17 13 21 71 78
0.176667 8 22 51 83
0.183333 18 23 56 117
0.19 22 28 60 88
0.196667 20 19 64 86
0.203333 21 26 78 114
0.21 12 25 57 105
0.216667 9 24 56 82
0.223333 13 24 50 64
0.23 9 19 43 65
0.236667 13 12 55 60
0.243333 8 17 40 53
0.25 12 15 44 66
0.256667 19 15 48 67
0.263333 16 17 58 60
0.27 5 16 40 59
0.276667 6 16 38 46
0.283333 2 18 53 51
0.29 13 14 43 62
0.296667 11 17 52 55
0.303333 7 9 37 67
0.31 9 11 37 55
0.316667 4 8 39 38
0.323333 9 11 43 51
0.33 7 17 40 43
0.336667 8 18 32 55
0.343333 13 12 37 43
0.35 7 11 30 35
0.356667 5 14 35 42
0.363333 10 9 33 39
0.37 12 10 34 42
0.376667 7 12 29 44
0.383333 5 10 42 47
0.39 4 9 33 34
0.396667 4 11 23 50
0.403333 8 7 29 44
0.41 5 9 32 30
0.416667 8 7 24 34
0.423333 9 14 26 37
0.43 6 11 26 45
0.436667 5 4 23 41
0.443333 9 13 21 30
0.45 9 9 26 40
0.456667 9 6 22 45
0.463333 6 5 28 36
0.47 7 10 20 38
0.476667 9 17 24 49
0.483333 10 5 13 20
0.49 5 10 15 17
0.496667 6 7 22 27
0.503333 3 9 15 10
0.51 6 5 12 28
0.516667 3 4 18 18
0.523333 6 9 16 15
0.53 3 2 19 14
0.536667 1 8 13 19
0.543333 3 5 10 17
0.55 3 8 15 19
0.556667 4 6 21 23
0.563333 3 4 13 21
0.57 4 7 20 32
0.576667 3 3 11 13
0.583333 5 4 15 21
0.59 4 6 10 18
0.596667 2 5 13 11
0.603333 7 7 12 7
0.61 5 5 11 16
0.616667 6 3 4 15
0.623333 7 7 14 15
0.63 5 10 18 19
0.636667 8 7 12 9
0.643333 4 9 14 13
0.65 2 3 8 10
0.656667 4 5 15 16
0.663333 260 200 465 1419
0.67 0 0 0 0
0.676667 0 0 0 0
0.683333 0 0 0 0
0.69 0 0 0 0
0.696667 0 0 0 0
0.703333 0 0 0 0
0.71 0 0 0 0
0.716667 0 0 0 0
0.723333 0 0 0 0
0.73 0 0 0 0
0.736667 0 0 0 0
0.743333 0 0 0 0
0.75 0 0 0 0
0.756667 0 0 0 0
0.763333 0 0 0 0
0.77 0 0 0 0
0.776667 0 0 0 0
0.783333 0 0 0 0
0.79 0 0 0 0
0.796667 0 0 0 0
0.803333 0 0 0 0
0.81 0 0 0 0
0.816667 0 0 0 0
0.823333 0 0 0 0
0.83 0 0 0 0
0.836667 0 0 0 0
0.843333 0 0 0 0
0.85 0 0 0 0
0.856667 0 0 0 0
0.863333 0 0 0 0
0.87 0 0 0 0
0.876667 0 0 0 0
0.883333 0 0 0 0
0.89 0 0 0 0
0.896667 0 0 0 0
0.903333 0 0 0 0
0.91 0 0 0 0
0.916667 0 0 0 0
0.923333 0 0 0 0
0.93 0 0 0 0
0.936667 0 0 0 0
0.943333 0 0 0 0
0.95 0 0 0 0
0.956667 0 0 0 0
0.963333 0 0 0 0
0.97 0 0 0 0
0.976667 0 0 0 0
0.983333 0 0 0 0
0.99 0 0 0 0
0.996667 0 0 0 0
1.00333 0 0 0 0
1.01 0 0 0 0
1.01667 0 0 0 0
1.02333 0 0 0 0
1.03 0 0 0 0
1.03667 0 0 0 0
1.04333 0 0 0 0
1.05 0 0 0 0
1.05667 0 0 0 0
1.06333 0 0 0 0
1.07 0 0 0 0
1.07667 0 0 0 0
1.08333 0 0 0 0
1.09 0 0 0 0
1.09667 0 0 0 0
1.10333 0 0 0 0
1.11 0 0 0 0
1.11667 0 0 0 0
1.12333 0 0 0 0
1.13 0 0 0 0
1.13667 0 0 0 0
1.14333 0 0 0 0
1.15 0 0 0 0
1.15667 0 0 0 0
1.16333 0 0 0 0
1.17 0 0 0 0
1.17667 0 0 0 0
1.18333 0 0 0 0
1.19 0 0 0 0
1.19667 0 0 0 0
1.20333 0 0 0 0
1.21 0 0 0 0
1.21667 0 0 0 0
1.22333 0 0 0 0
1.23 0 0 0 0
1.23667 0 0 0 0
1.24333 0 0 0 0
1.25 0 0 0 0
1.25667 0 0 0 0
1.26333 0 0 0 0
1.27 0 0 0 0
1.27667 0 0 0 0
1.28333 0 0 0 0
1.29 0 0 0 0
1.29667 0 0 0 0
1.30333 0 0 0 0
1.31 0 0 0 0
1.31667 0 0 0 0
1.32333 0 0 0 0
1.33 0 0 0 0
1.33667 0 0 0 0
1.34333 0 0 0 0
1.35 0 0 0 0
1.35667 0 0 0 0
1.36333 0 0 0 0
1.37 0 0 0 0
1.37667 0 0 0 0
1.38333 0 0 0 0
1.39 0 0 0 0
1.39667 0 0 0 0
1.40333 0 0 0 0
1.41 0 0 0 0
1.41667 0 0 0 0
1.42333 0 0 0 0
1.43 0 0 0 0
1.43667 0 0 0 0
1.44333 0 0 0 0
1.45 0 0 0 0
1.45667 0 0 0 0
1.46333 0 0 0 0
1.47 0 0 0 0
1.47667 0 0 0 0
1.48333 0 0 0 0
1.49 0 0 0 0
1.49667 0 0 0 0
1.50333 0 0 0 0
1.51 0 0 0 0
1.51667 0 0 0 0
1.52333 0 0 0 0
1.53 0 0 0 0
1.53667 0 0 0 0
1.54333 0 0 0 0
1.55 0 0 0 0
1.55667 0 0 0 0
1.56333 0 0 0 0
1.57 0 0 0 0
1.57667 0 0 0 0
1.58333 0 0 0 0
1.59 0 0 0 0
1.59667 0 0 0 0
1.60333 0 0 0 0
1.61 0 0 0 0
1.61667 0 0 0 0
1.62333 0 0 0 0
1.63 0 0 0 0
1.63667 0 0 0 0
1.64333 0 0 0 0
1.65 0 0 0 0
1.65667 0 0 0 0
1.66333 0 0 0 0
1.67 0 0 0 0
1.67667 0 0 0 0
1.68333 0 0 0 0
1.69 0 0 0 0
1.69667 0 0 0 0
1.70333 0 0 0 0
1.71 0 0 0 0
1.71667 0 0 0 0
1.72333 0 0 0 0
1.73 0 0 0 0
1.73667 0 0 0 0
1.74333 0 0 0 0
1.75 0 0 0 0
1.75667 0 0 0 0
1.76333 0 0 0 0
1.77 0 0 0 0
1.77667 0 0 0 0
1.78333 0 0 0 0
1.79 0 0 0 0
1.79667 0 0 0 0
1.80333 0 0 0 0
1.81 0 0 0 0
1.81667 0 0 0 0
1.82333 0 0 0 0
1.83 0 0 0 0
1.83667 0 0 0 0
1.84333 0 0 0 0
1.85 0 0 0 0
1.85667 0 0 0 0
1.86333 0 0 0 0
1.87 0 0 0 0
1.87667 0 0 0 0
1.88333 0 0 0 0
1.89 0 0 0 0
1.89667 0 0 0 0
1.90333 0 0 0 0
1.91 0 0 0 0
1.91667 0 0 0 0
1.92333 0 0 0 0
1.93 0 0 0 0
1.93667 0 0 0 0
1.94333 0 0 0 0
1.95 0 0 0 0
1.95667 0 0 0 0
1.96333 0 0 0 0
1.97 0 0 0 0
1.97667 0 0 0 0
1.98333 0 0 0 0
1.99 0 0 0 0
1.99667 0 0 0 0
