0.00333333 2 7 71 10
0.01 2 8 72 21
0.0166667 3 6 98 21
0.0233333 2 10 82 27
0.03 5 13 108 17
0.0366667 2 12 127 30
0.0433333 4 18 121 33
0.05 3 23 198 46
0.0566667 7 20 229 69
0.0633333 6 31 267 57
0.07 7 27 246 88
0.0766667 10 38 219 82
0.0833333 9 36 319 70
0.09 6 24 302 63
0.0966667 6 29 276 61
0.103333 11 30 295 50
0.11 6 31 295 55
0.116667 7 30 300 56
0.123333 3 30 303 58
0.13 4 31 267 72
0.136667 5 22 260 66
0.143333 6 17 252 64
0.15 6 23 247 40
0.156667 4 17 231 37
0.163333 3 25 242 45
0.17 6 19 221 36
0.176667 3 21 229 28
0.183333 2 19 224 39
0.19 6 12 234 43
0.196667 6 32 228 42
0.203333 4 28 241 30
0.21 9 13 203 48
0.216667 5 16 218 48
0.223333 3 13 199 33
0.23 3 17 181 27
0.236667 8 15 178 43
0.243333 4 19 180 42
0.25 5 10 168 23
0.256667 5 17 143 28
0.263333 0 14 128 38
0.27 5 10 135 26
0.276667 6 15 152 30
0.283333 4 6 125 26
0.29 4 12 129 16
0.296667 1 12 128 25
0.303333 2 15 140 20
0.31 4 11 105 20
0.316667 6 9 119 26
0.323333 5 10 101 35
0.33 0 7 100 18
0.336667 3 10 95 18
0.343333 2 11 127 27
0.35 1 10 103 15
0.356667 4 15 107 19
0.363333 3 9 104 16
0.37 2 6 97 18
0.376667 2 11 103 18
0.383333 6 10 85 24
0.39 2 16 88 16
0.396667 3 10 91 23
0.403333 2 9 81 11
0.41 2 9 78 16
0.416667 4 9 84 17
0.423333 1 6 90 18
0.43 2 6 79 20
0.436667 3 8 91 9
0.443333 3 8 86 30
0.45 4 5 86 19
0.456667 2 9 96 18
0.463333 2 6 82 17
0.47 4 10 90 21
0.476667 1 6 69 15
0.483333 4 14 47 12
0.49 2 1 48 12
0.496667 5 9 53 15
0.503333 0 11 50 13
0.51 1 5 38 7
0.516667 1 8 50 12
0.523333 2 4 46 9
0.53 1 7 40 15
0.536667 4 2 51 7
0.543333 2 3 45 10
0.55 1 5 49 5
0.556667 0 4 39 12
0.563333 1 6 43 10
0.57 3 5 44 7
0.576667 5 4 35 13
0.583333 1 6 42 10
0.59 0 4 37 9
0.596667 3 1 26 11
0.603333 2 3 31 5
0.61 1 4 36 12
0.616667 1 2 36 7
0.623333 2 6 31 7
0.63 1 8 26 6
0.636667 1 2 44 9
0.643333 0 6 29 7
0.65 2 2 32 11
0.656667 2 4 35 10
0.663333 33 98 2636 316
0.67 0 0 0 0
0.676667 0 0 0 0
0.683333 0 0 0 0
0.69 0 0 0 0
0.696667 0 0 0 0
0.703333 0 0 0 0
0.71 0 0 0 0
0.716667 0 0 0 0
0.723333 0 0 0 0
0.73 0 0 0 0
0.736667 0 0 0 0
0.743333 0 0 0 0
0.75 0 0 0 0
0.756667 0 0 0 0
0.763333 0 0 0 0
0.77 0 0 0 0
0.776667 0 0 0 0
0.783333 0 0 0 0
0.79 0 0 0 0
0.796667 0 0 0 0
0.803333 0 0 0 0
0.81 0 0 0 0
0.816667 0 0 0 0
0.823333 0 0 0 0
0.83 0 0 0 0
0.836667 0 0 0 0
0.843333 0 0 0 0
0.85 0 0 0 0
0.856667 0 0 0 0
0.863333 0 0 0 0
0.87 0 0 0 0
0.876667 0 0 0 0
0.883333 0 0 0 0
0.89 0 0 0 0
0.896667 0 0 0 0
0.903333 0 0 0 0
0.91 0 0 0 0
0.916667 0 0 0 0
0.923333 0 0 0 0
0.93 0 0 0 0
0.936667 0 0 0 0
0.943333 0 0 0 0
0.95 0 0 0 0
0.956667 0 0 0 0
0.963333 0 0 0 0
0.97 0 0 0 0
0.976667 0 0 0 0
0.983333 0 0 0 0
0.99 0 0 0 0
0.996667 0 0 0 0
1.00333 0 0 0 0
1.01 0 0 0 0
1.01667 0 0 0 0
1.02333 0 0 0 0
1.03 0 0 0 0
1.03667 0 0 0 0
1.04333 0 0 0 0
1.05 0 0 0 0
1.05667 0 0 0 0
1.06333 0 0 0 0
1.07 0 0 0 0
1.07667 0 0 0 0
1.08333 0 0 0 0
1.09 0 0 0 0
1.09667 0 0 0 0
1.10333 0 0 0 0
1.11 0 0 0 0
1.11667 0 0 0 0
1.12333 0 0 0 0
1.13 0 0 0 0
1.13667 0 0 0 0
1.14333 0 0 0 0
1.15 0 0 0 0
1.15667 0 0 0 0
1.16333 0 0 0 0
1.17 0 0 0 0
1.17667 0 0 0 0
1.18333 0 0 0 0
1.19 0 0 0 0
1.19667 0 0 0 0
1.20333 0 0 0 0
1.21 0 0 0 0
1.21667 0 0 0 0
1.22333 0 0 0 0
1.23 0 0 0 0
1.23667 0 0 0 0
1.24333 0 0 0 0
1.25 0 0 0 0
1.25667 0 0 0 0
1.26333 0 0 0 0
1.27 0 0 0 0
1.27667 0 0 0 0
1.28333 0 0 0 0
1.29 0 0 0 0
1.29667 0 0 0 0
1.30333 0 0 0 0
1.31 0 0 0 0
1.31667 0 0 0 0
1.32333 0 0 0 0
1.33 0 0 0 0
1.33667 0 0 0 0
1.34333 0 0 0 0
1.35 0 0 0 0
1.35667 0 0 0 0
1.36333 0 0 0 0
1.37 0 0 0 0
1.37667 0 0 0 0
1.38333 0 0 0 0
1.39 0 0 0 0
1.39667 0 0 0 0
1.40333 0 0 0 0
1.41 0 0 0 0
1.41667 0 0 0 0
1.42333 0 0 0 0
1.43 0 0 0 0
1.43667 0 0 0 0
1.44333 0 0 0 0
1.45 0 0 0 0
1.45667 0 0 0 0
1.46333 0 0 0 0
1.47 0 0 0 0
1.47667 0 0 0 0
1.48333 0 0 0 0
1.49 0 0 0 0
1.49667 0 0 0 0
1.50333 0 0 0 0
1.51 0 0 0 0
1.51667 0 0 0 0
1.52333 0 0 0 0
1.53 0 0 0 0
1.53667 0 0 0 0
1.54333 0 0 0 0
1.55 0 0 0 0
1.55667 0 0 0 0
1.56333 0 0 0 0
1.57 0 0 0 0
1.57667 0 0 0 0
1.58333 0 0 0 0
1.59 0 0 0 0
1.59667 0 0 0 0
1.60333 0 0 0 0
1.61 0 0 0 0
1.61667 0 0 0 0
1.62333 0 0 0 0
1.63 0 0 0 0
1.63667 0 0 0 0
1.64333 0 0 0 0
1.65 0 0 0 0
1.65667 0 0 0 0
1.66333 0 0 0 0
1.67 0 0 0 0
1.67667 0 0 0 0
1.68333 0 0 0 0
1.69 0 0 0 0
1.69667 0 0 0 0
1.70333 0 0 0 0
1.71 0 0 0 0
1.71667 0 0 0 0
1.72333 0 0 0 0
1.73 0 0 0 0
1.73667 0 0 0 0
1.74333 0 0 0 0
1.75 0 0 0 0
1.75667 0 0 0 0
1.76333 0 0 0 0
1.77 0 0 0 0
1.77667 0 0 0 0
1.78333 0 0 0 0
1.79 0 0 0 0
1.79667 0 0 0 0
1.80333 0 0 0 0
1.81 0 0 0 0
1.81667 0 0 0 0
1.82333 0 0 0 0
1.83 0 0 0 0
1.83667 0 0 0 0
1.84333 0 0 0 0
1.85 0 0 0 0
1.85667 0 0 0 0
1.86333 0 0 0 0
1.87 0 0 0 0
1.87667 0 0 0 0
1.88333 0 0 0 0
1.89 0 0 0 0
1.89667 0 0 0 0
1.90333 0 0 0 0
1.91 0 0 0 0
1.91667 0 0 0 0
1.92333 0 0 0 0
1.93 0 0 0 0
1.93667 0 0 0 0
1.94333 0 0 0 0
1.95 0 0 0 0
1.95667 0 0 0 0
1.96333 0 0 0 0
1.97 0 0 0 0
1.97667 0 0 0 0
1.98333 0 0 0 0
1.99 0 0 0 0
1.99667 0 0 0 0
