0.00333333 89 12 3 0
0.01 124 23 1 1
0.0166667 129 22 1 0
0.0233333 110 19 0 4
0.03 129 24 1 1
0.0366667 169 39 2 2
0.0433333 145 39 2 2
0.05 202 67 0 2
0.0566667 245 74 5 1
0.0633333 258 83 5 2
0.07 259 83 7 3
0.0766667 315 92 5 1
0.0833333 332 76 3 4
0.09 338 89 3 3
0.0966667 302 80 2 1
0.103333 291 80 6 2
0.11 325 82 3 0
0.116667 334 60 4 4
0.123333 352 73 6 3
0.13 343 67 5 3
0.136667 342 54 1 1
0.143333 308 58 4 1
0.15 332 54 4 4
0.156667 312 54 2 1
0.163333 311 43 2 3
0.17 296 41 2 3
0.176667 296 51 1 5
0.183333 315 56 5 2
0.19 335 43 6 2
0.196667 384 51 4 4
0.203333 320 47 4 4
0.21 278 42 2 2
0.216667 280 55 8 4
0.223333 279 39 2 5
0.23 249 33 5 0
0.236667 249 45 1 1
0.243333 254 43 3 3
0.25 244 43 1 3
0.256667 212 42 2 1
0.263333 196 42 2 3
0.27 236 40 3 1
0.276667 188 34 0 0
0.283333 189 29 6 3
0.29 164 35 1 2
0.296667 191 42 2 3
0.303333 185 26 2 1
0.31 146 32 3 1
0.316667 151 22 1 4
0.323333 140 25 1 2
0.33 141 24 1 3
0.336667 163 28 3 2
0.343333 127 37 0 0
0.35 166 26 1 1
0.356667 155 22 3 3
0.363333 128 18 0 0
0.37 159 21 1 2
0.376667 126 18 2 0
0.383333 144 19 2 0
0.39 109 20 4 2
0.396667 115 21 1 1
0.403333 119 18 1 0
0.41 131 33 1 1
0.416667 112 20 2 3
0.423333 108 19 1 0
0.43 111 23 2 1
0.436667 139 15 1 0
0.443333 133 14 0 0
0.45 122 28 3 1
0.456667 140 19 1 0
0.463333 88 16 0 2
0.47 133 21 4 0
0.476667 113 15 1 1
0.483333 67 10 3 3
0.49 78 10 2 2
0.496667 62 20 0 0
0.503333 55 14 0 1
0.51 63 14 2 2
0.516667 47 17 0 3
0.523333 41 17 1 0
0.53 56 13 1 0
0.536667 59 17 1 2
0.543333 50 15 2 0
0.55 44 11 3 1
0.556667 54 10 1 1
0.563333 35 11 0 0
0.57 48 14 1 1
0.576667 37 13 3 0
0.583333 48 15 4 0
0.59 53 9 2 2
0.596667 48 7 2 1
0.603333 39 8 0 2
0.61 43 8 1 0
0.616667 38 9 0 1
0.623333 37 6 1 0
0.63 44 6 1 0
0.636667 59 16 2 1
0.643333 51 17 2 0
0.65 56 8 1 1
0.656667 34 8 0 1
0.663333 4590 396 21 32
0.67 0 0 0 0
0.676667 0 0 0 0
0.683333 0 0 0 0
0.69 0 0 0 0
0.696667 0 0 0 0
0.703333 0 0 0 0
0.71 0 0 0 0
0.716667 0 0 0 0
0.723333 0 0 0 0
0.73 0 0 0 0
0.736667 0 0 0 0
0.743333 0 0 0 0
0.75 0 0 0 0
0.756667 0 0 0 0
0.763333 0 0 0 0
0.77 0 0 0 0
0.776667 0 0 0 0
0.783333 0 0 0 0
0.79 0 0 0 0
0.796667 0 0 0 0
0.803333 0 0 0 0
0.81 0 0 0 0
0.816667 0 0 0 0
0.823333 0 0 0 0
0.83 0 0 0 0
0.836667 0 0 0 0
0.843333 0 0 0 0
0.85 0 0 0 0
0.856667 0 0 0 0
0.863333 0 0 0 0
0.87 0 0 0 0
0.876667 0 0 0 0
0.883333 0 0 0 0
0.89 0 0 0 0
0.896667 0 0 0 0
0.903333 0 0 0 0
0.91 0 0 0 0
0.916667 0 0 0 0
0.923333 0 0 0 0
0.93 0 0 0 0
0.936667 0 0 0 0
0.943333 0 0 0 0
0.95 0 0 0 0
0.956667 0 0 0 0
0.963333 0 0 0 0
0.97 0 0 0 0
0.976667 0 0 0 0
0.983333 0 0 0 0
0.99 0 0 0 0
0.996667 0 0 0 0
1.00333 0 0 0 0
1.01 0 0 0 0
1.01667 0 0 0 0
1.02333 0 0 0 0
1.03 0 0 0 0
1.03667 0 0 0 0
1.04333 0 0 0 0
1.05 0 0 0 0
1.05667 0 0 0 0
1.06333 0 0 0 0
1.07 0 0 0 0
1.07667 0 0 0 0
1.08333 0 0 0 0
1.09 0 0 0 0
1.09667 0 0 0 0
1.10333 0 0 0 0
1.11 0 0 0 0
1.11667 0 0 0 0
1.12333 0 0 0 0
1.13 0 0 0 0
1.13667 0 0 0 0
1.14333 0 0 0 0
1.15 0 0 0 0
1.15667 0 0 0 0
1.16333 0 0 0 0
1.17 0 0 0 0
1.17667 0 0 0 0
1.18333 0 0 0 0
1.19 0 0 0 0
1.19667 0 0 0 0
1.20333 0 0 0 0
1.21 0 0 0 0
1.21667 0 0 0 0
1.22333 0 0 0 0
1.23 0 0 0 0
1.23667 0 0 0 0
1.24333 0 0 0 0
1.25 0 0 0 0
1.25667 0 0 0 0
1.26333 0 0 0 0
1.27 0 0 0 0
1.27667 0 0 0 0
1.28333 0 0 0 0
1.29 0 0 0 0
1.29667 0 0 0 0
1.30333 0 0 0 0
1.31 0 0 0 0
1.31667 0 0 0 0
1.32333 0 0 0 0
1.33 0 0 0 0
1.33667 0 0 0 0
1.34333 0 0 0 0
1.35 0 0 0 0
1.35667 0 0 0 0
1.36333 0 0 0 0
1.37 0 0 0 0
1.37667 0 0 0 0
1.38333 0 0 0 0
1.39 0 0 0 0
1.39667 0 0 0 0
1.40333 0 0 0 0
1.41 0 0 0 0
1.41667 0 0 0 0
1.42333 0 0 0 0
1.43 0 0 0 0
1.43667 0 0 0 0
1.44333 0 0 0 0
1.45 0 0 0 0
1.45667 0 0 0 0
1.46333 0 0 0 0
1.47 0 0 0 0
1.47667 0 0 0 0
1.48333 0 0 0 0
1.49 0 0 0 0
1.49667 0 0 0 0
1.50333 0 0 0 0
1.51 0 0 0 0
1.51667 0 0 0 0
1.52333 0 0 0 0
1.53 0 0 0 0
1.53667 0 0 0 0
1.54333 0 0 0 0
1.55 0 0 0 0
1.55667 0 0 0 0
1.56333 0 0 0 0
1.57 0 0 0 0
1.57667 0 0 0 0
1.58333 0 0 0 0
1.59 0 0 0 0
1.59667 0 0 0 0
1.60333 0 0 0 0
1.61 0 0 0 0
1.61667 0 0 0 0
1.62333 0 0 0 0
1.63 0 0 0 0
1.63667 0 0 0 0
1.64333 0 0 0 0
1.65 0 0 0 0
1.65667 0 0 0 0
1.66333 0 0 0 0
1.67 0 0 0 0
1.67667 0 0 0 0
1.68333 0 0 0 0
1.69 0 0 0 0
1.69667 0 0 0 0
1.70333 0 0 0 0
1.71 0 0 0 0
1.71667 0 0 0 0
1.72333 0 0 0 0
1.73 0 0 0 0
1.73667 0 0 0 0
1.74333 0 0 0 0
1.75 0 0 0 0
1.75667 0 0 0 0
1.76333 0 0 0 0
1.77 0 0 0 0
1.77667 0 0 0 0
1.78333 0 0 0 0
1.79 0 0 0 0
1.79667 0 0 0 0
1.80333 0 0 0 0
1.81 0 0 0 0
1.81667 0 0 0 0
1.82333 0 0 0 0
1.83 0 0 0 0
1.83667 0 0 0 0
1.84333 0 0 0 0
1.85 0 0 0 0
1.85667 0 0 0 0
1.86333 0 0 0 0
1.87 0 0 0 0
1.87667 0 0 0 0
1.88333 0 0 0 0
1.89 0 0 0 0
1.89667 0 0 0 0
1.90333 0 0 0 0
1.91 0 0 0 0
1.91667 0 0 0 0
1.92333 0 0 0 0
1.93 0 0 0 0
1.93667 0 0 0 0
1.94333 0 0 0 0
1.95 0 0 0 0
1.95667 0 0 0 0
1.96333 0 0 0 0
1.97 0 0 0 0
1.97667 0 0 0 0
1.98333 0 0 0 0
1.99 0 0 0 0
1.99667 0 0 0 0
