0.00333333 5 2 23 58
0.01 7 3 19 60
0.0166667 6 3 20 92
0.0233333 8 2 31 68
0.03 8 2 26 82
0.0366667 7 5 35 97
0.0433333 13 5 36 88
0.05 9 8 67 109
0.0566667 7 6 76 106
0.0633333 9 17 71 138
0.07 14 10 76 117
0.0766667 9 17 73 136
0.0833333 12 15 61 145
0.09 10 7 76 142
0.0966667 13 17 77 142
0.103333 10 12 84 145
0.11 6 13 81 148
0.116667 15 15 79 149
0.123333 16 7 64 155
0.13 14 11 69 148
0.136667 6 13 64 136
0.143333 10 9 55 132
0.15 9 4 53 140
0.156667 12 4 49 144
0.163333 9 10 37 150
0.17 14 4 37 116
0.176667 12 5 39 144
0.183333 8 7 42 203
0.19 24 8 43 262
0.196667 17 13 44 198
0.203333 20 19 44 171
0.21 19 9 38 181
0.216667 10 9 28 170
0.223333 15 8 46 143
0.23 8 12 38 141
0.236667 7 7 37 157
0.243333 9 9 38 126
0.25 10 7 36 145
0.256667 13 14 35 103
0.263333 14 9 35 97
0.27 8 2 46 129
0.276667 11 6 36 99
0.283333 12 6 31 100
0.29 9 8 52 119
0.296667 8 6 28 117
0.303333 4 5 31 84
0.31 12 7 38 96
0.316667 7 2 35 90
0.323333 10 4 41 100
0.33 4 7 22 105
0.336667 8 12 35 97
0.343333 12 9 31 82
0.35 9 8 33 80
0.356667 1 7 31 75
0.363333 12 6 22 87
0.37 8 5 25 75
0.376667 12 4 23 67
0.383333 15 6 19 94
0.39 3 5 19 78
0.396667 6 7 27 77
0.403333 8 2 26 67
0.41 8 3 17 80
0.416667 8 6 19 66
0.423333 9 3 26 78
0.43 5 0 22 76
0.436667 9 3 24 79
0.443333 13 7 15 60
0.45 7 6 16 76
0.456667 10 6 20 74
0.463333 10 3 18 76
0.47 7 0 26 72
0.476667 10 7 11 73
0.483333 2 4 20 43
0.49 3 2 25 25
0.496667 6 6 17 22
0.503333 2 4 13 14
0.51 1 5 11 23
0.516667 5 2 10 17
0.523333 4 0 10 21
0.53 3 0 11 26
0.536667 2 1 17 14
0.543333 3 4 18 19
0.55 4 0 9 18
0.556667 2 3 8 15
0.563333 2 1 11 12
0.57 9 2 8 18
0.576667 3 2 10 17
0.583333 3 4 11 9
0.59 2 1 17 7
0.596667 3 4 12 16
0.603333 2 2 12 7
0.61 2 3 20 16
0.616667 2 2 11 11
0.623333 1 5 6 10
0.63 3 9 15 13
0.636667 5 2 12 22
0.643333 4 2 7 9
0.65 3 2 10 8
0.656667 0 4 12 9
0.663333 462 108 341 4305
0.67 0 0 0 0
0.676667 0 0 0 0
0.683333 0 0 0 0
0.69 0 0 0 0
0.696667 0 0 0 0
0.703333 0 0 0 0
0.71 0 0 0 0
0.716667 0 0 0 0
0.723333 0 0 0 0
0.73 0 0 0 0
0.736667 0 0 0 0
0.743333 0 0 0 0
0.75 0 0 0 0
0.756667 0 0 0 0
0.763333 0 0 0 0
0.77 0 0 0 0
0.776667 0 0 0 0
0.783333 0 0 0 0
0.79 0 0 0 0
0.796667 0 0 0 0
0.803333 0 0 0 0
0.81 0 0 0 0
0.816667 0 0 0 0
0.823333 0 0 0 0
0.83 0 0 0 0
0.836667 0 0 0 0
0.843333 0 0 0 0
0.85 0 0 0 0
0.856667 0 0 0 0
0.863333 0 0 0 0
0.87 0 0 0 0
0.876667 0 0 0 0
0.883333 0 0 0 0
0.89 0 0 0 0
0.896667 0 0 0 0
0.903333 0 0 0 0
0.91 0 0 0 0
0.916667 0 0 0 0
0.923333 0 0 0 0
0.93 0 0 0 0
0.936667 0 0 0 0
0.943333 0 0 0 0
0.95 0 0 0 0
0.956667 0 0 0 0
0.963333 0 0 0 0
0.97 0 0 0 0
0.976667 0 0 0 0
0.983333 0 0 0 0
0.99 0 0 0 0
0.996667 0 0 0 0
1.00333 0 0 0 0
1.01 0 0 0 0
1.01667 0 0 0 0
1.02333 0 0 0 0
1.03 0 0 0 0
1.03667 0 0 0 0
1.04333 0 0 0 0
1.05 0 0 0 0
1.05667 0 0 0 0
1.06333 0 0 0 0
1.07 0 0 0 0
1.07667 0 0 0 0
1.08333 0 0 0 0
1.09 0 0 0 0
1.09667 0 0 0 0
1.10333 0 0 0 0
1.11 0 0 0 0
1.11667 0 0 0 0
1.12333 0 0 0 0
1.13 0 0 0 0
1.13667 0 0 0 0
1.14333 0 0 0 0
1.15 0 0 0 0
1.15667 0 0 0 0
1.16333 0 0 0 0
1.17 0 0 0 0
1.17667 0 0 0 0
1.18333 0 0 0 0
1.19 0 0 0 0
1.19667 0 0 0 0
1.20333 0 0 0 0
1.21 0 0 0 0
1.21667 0 0 0 0
1.22333 0 0 0 0
1.23 0 0 0 0
1.23667 0 0 0 0
1.24333 0 0 0 0
1.25 0 0 0 0
1.25667 0 0 0 0
1.26333 0 0 0 0
1.27 0 0 0 0
1.27667 0 0 0 0
1.28333 0 0 0 0
1.29 0 0 0 0
1.29667 0 0 0 0
1.30333 0 0 0 0
1.31 0 0 0 0
1.31667 0 0 0 0
1.32333 0 0 0 0
1.33 0 0 0 0
1.33667 0 0 0 0
1.34333 0 0 0 0
1.35 0 0 0 0
1.35667 0 0 0 0
1.36333 0 0 0 0
1.37 0 0 0 0
1.37667 0 0 0 0
1.38333 0 0 0 0
1.39 0 0 0 0
1.39667 0 0 0 0
1.40333 0 0 0 0
1.41 0 0 0 0
1.41667 0 0 0 0
1.42333 0 0 0 0
1.43 0 0 0 0
1.43667 0 0 0 0
1.44333 0 0 0 0
1.45 0 0 0 0
1.45667 0 0 0 0
1.46333 0 0 0 0
1.47 0 0 0 0
1.47667 0 0 0 0
1.48333 0 0 0 0
1.49 0 0 0 0
1.49667 0 0 0 0
1.50333 0 0 0 0
1.51 0 0 0 0
1.51667 0 0 0 0
1.52333 0 0 0 0
1.53 0 0 0 0
1.53667 0 0 0 0
1.54333 0 0 0 0
1.55 0 0 0 0
1.55667 0 0 0 0
1.56333 0 0 0 0
1.57 0 0 0 0
1.57667 0 0 0 0
1.58333 0 0 0 0
1.59 0 0 0 0
1.59667 0 0 0 0
1.60333 0 0 0 0
1.61 0 0 0 0
1.61667 0 0 0 0
1.62333 0 0 0 0
1.63 0 0 0 0
1.63667 0 0 0 0
1.64333 0 0 0 0
1.65 0 0 0 0
1.65667 0 0 0 0
1.66333 0 0 0 0
1.67 0 0 0 0
1.67667 0 0 0 0
1.68333 0 0 0 0
1.69 0 0 0 0
1.69667 0 0 0 0
1.70333 0 0 0 0
1.71 0 0 0 0
1.71667 0 0 0 0
1.72333 0 0 0 0
1.73 0 0 0 0
1.73667 0 0 0 0
1.74333 0 0 0 0
1.75 0 0 0 0
1.75667 0 0 0 0
1.76333 0 0 0 0
1.77 0 0 0 0
1.77667 0 0 0 0
1.78333 0 0 0 0
1.79 0 0 0 0
1.79667 0 0 0 0
1.80333 0 0 0 0
1.81 0 0 0 0
1.81667 0 0 0 0
1.82333 0 0 0 0
1.83 0 0 0 0
1.83667 0 0 0 0
1.84333 0 0 0 0
1.85 0 0 0 0
1.85667 0 0 0 0
1.86333 0 0 0 0
1.87 0 0 0 0
1.87667 0 0 0 0
1.88333 0 0 0 0
1.89 0 0 0 0
1.89667 0 0 0 0
1.90333 0 0 0 0
1.91 0 0 0 0
1.91667 0 0 0 0
1.92333 0 0 0 0
1.93 0 0 0 0
1.93667 0 0 0 0
1.94333 0 0 0 0
1.95 0 0 0 0
1.95667 0 0 0 0
1.96333 0 0 0 0
1.97 0 0 0 0
1.97667 0 0 0 0
1.98333 0 0 0 0
1.99 0 0 0 0
1.99667 0 0 0 0
