0.00333333 17 47 8 3
0.01 15 66 13 2
0.0166667 25 82 18 4
0.0233333 28 60 22 3
0.03 33 79 21 4
0.0366667 30 108 21 5
0.0433333 43 155 32 5
0.05 48 166 51 9
0.0566667 49 225 50 13
0.0633333 68 228 41 8
0.07 68 259 60 12
0.0766667 48 267 61 21
0.0833333 55 241 57 15
0.09 67 244 58 16
0.0966667 66 273 61 10
0.103333 57 246 50 14
0.11 54 247 58 16
0.116667 65 264 73 7
0.123333 71 255 43 16
0.13 50 268 43 11
0.136667 60 207 45 20
0.143333 58 226 30 11
0.15 42 200 48 7
0.156667 52 182 32 11
0.163333 45 177 41 15
0.17 45 186 49 10
0.176667 56 167 41 8
0.183333 58 207 50 8
0.19 47 185 51 12
0.196667 43 186 39 4
0.203333 39 199 32 14
0.21 50 168 36 7
0.216667 31 157 32 14
0.223333 38 184 28 8
0.23 30 141 25 10
0.236667 29 175 32 12
0.243333 30 136 26 5
0.25 57 133 26 4
0.256667 32 144 20 4
0.263333 30 120 29 11
0.27 28 121 21 10
0.276667 35 126 26 7
0.283333 22 113 23 5
0.29 16 117 20 7
0.296667 18 113 19 6
0.303333 24 90 21 4
0.31 26 91 17 8
0.316667 28 86 12 4
0.323333 27 90 19 5
0.33 21 88 23 5
0.336667 17 93 20 2
0.343333 11 74 21 5
0.35 15 101 23 4
0.356667 21 92 15 6
0.363333 15 85 15 6
0.37 17 71 16 5
0.376667 22 73 18 3
0.383333 19 80 19 2
0.39 15 59 22 4
0.396667 20 85 9 3
0.403333 15 61 17 3
0.41 21 64 12 4
0.416667 16 73 22 6
0.423333 21 68 18 2
0.43 11 73 15 3
0.436667 20 73 6 1
0.443333 18 63 11 3
0.45 32 64 11 4
0.456667 16 57 16 6
0.463333 22 76 19 6
0.47 13 62 14 7
0.476667 23 39 11 9
0.483333 9 39 11 5
0.49 6 49 11 4
0.496667 8 47 12 3
0.503333 11 37 10 5
0.51 12 35 7 5
0.516667 10 46 6 3
0.523333 11 40 6 1
0.53 12 25 4 0
0.536667 11 33 7 4
0.543333 7 33 15 4
0.55 6 34 7 4
0.556667 8 30 10 2
0.563333 10 42 8 2
0.57 3 46 9 2
0.576667 8 30 8 2
0.583333 11 28 11 2
0.59 5 38 8 1
0.596667 8 34 15 1
0.603333 5 36 8 3
0.61 10 25 6 2
0.616667 3 27 2 5
0.623333 13 28 4 2
0.63 12 33 5 3
0.636667 9 35 4 4
0.643333 4 20 3 2
0.65 6 29 7 1
0.656667 3 25 12 4
0.663333 349 1838 283 69
0.67 0 0 0 0
0.676667 0 0 0 0
0.683333 0 0 0 0
0.69 0 0 0 0
0.696667 0 0 0 0
0.703333 0 0 0 0
0.71 0 0 0 0
0.716667 0 0 0 0
0.723333 0 0 0 0
0.73 0 0 0 0
0.736667 0 0 0 0
0.743333 0 0 0 0
0.75 0 0 0 0
0.756667 0 0 0 0
0.763333 0 0 0 0
0.77 0 0 0 0
0.776667 0 0 0 0
0.783333 0 0 0 0
0.79 0 0 0 0
0.796667 0 0 0 0
0.803333 0 0 0 0
0.81 0 0 0 0
0.816667 0 0 0 0
0.823333 0 0 0 0
0.83 0 0 0 0
0.836667 0 0 0 0
0.843333 0 0 0 0
0.85 0 0 0 0
0.856667 0 0 0 0
0.863333 0 0 0 0
0.87 0 0 0 0
0.876667 0 0 0 0
0.883333 0 0 0 0
0.89 0 0 0 0
0.896667 0 0 0 0
0.903333 0 0 0 0
0.91 0 0 0 0
0.916667 0 0 0 0
0.923333 0 0 0 0
0.93 0 0 0 0
0.936667 0 0 0 0
0.943333 0 0 0 0
0.95 0 0 0 0
0.956667 0 0 0 0
0.963333 0 0 0 0
0.97 0 0 0 0
0.976667 0 0 0 0
0.983333 0 0 0 0
0.99 0 0 0 0
0.996667 0 0 0 0
1.00333 0 0 0 0
1.01 0 0 0 0
1.01667 0 0 0 0
1.02333 0 0 0 0
1.03 0 0 0 0
1.03667 0 0 0 0
1.04333 0 0 0 0
1.05 0 0 0 0
1.05667 0 0 0 0
1.06333 0 0 0 0
1.07 0 0 0 0
1.07667 0 0 0 0
1.08333 0 0 0 0
1.09 0 0 0 0
1.09667 0 0 0 0
1.10333 0 0 0 0
1.11 0 0 0 0
1.11667 0 0 0 0
1.12333 0 0 0 0
1.13 0 0 0 0
1.13667 0 0 0 0
1.14333 0 0 0 0
1.15 0 0 0 0
1.15667 0 0 0 0
1.16333 0 0 0 0
1.17 0 0 0 0
1.17667 0 0 0 0
1.18333 0 0 0 0
1.19 0 0 0 0
1.19667 0 0 0 0
1.20333 0 0 0 0
1.21 0 0 0 0
1.21667 0 0 0 0
1.22333 0 0 0 0
1.23 0 0 0 0
1.23667 0 0 0 0
1.24333 0 0 0 0
1.25 0 0 0 0
1.25667 0 0 0 0
1.26333 0 0 0 0
1.27 0 0 0 0
1.27667 0 0 0 0
1.28333 0 0 0 0
1.29 0 0 0 0
1.29667 0 0 0 0
1.30333 0 0 0 0
1.31 0 0 0 0
1.31667 0 0 0 0
1.32333 0 0 0 0
1.33 0 0 0 0
1.33667 0 0 0 0
1.34333 0 0 0 0
1.35 0 0 0 0
1.35667 0 0 0 0
1.36333 0 0 0 0
1.37 0 0 0 0
1.37667 0 0 0 0
1.38333 0 0 0 0
1.39 0 0 0 0
1.39667 0 0 0 0
1.40333 0 0 0 0
1.41 0 0 0 0
1.41667 0 0 0 0
1.42333 0 0 0 0
1.43 0 0 0 0
1.43667 0 0 0 0
1.44333 0 0 0 0
1.45 0 0 0 0
1.45667 0 0 0 0
1.46333 0 0 0 0
1.47 0 0 0 0
1.47667 0 0 0 0
1.48333 0 0 0 0
1.49 0 0 0 0
1.49667 0 0 0 0
1.50333 0 0 0 0
1.51 0 0 0 0
1.51667 0 0 0 0
1.52333 0 0 0 0
1.53 0 0 0 0
1.53667 0 0 0 0
1.54333 0 0 0 0
1.55 0 0 0 0
1.55667 0 0 0 0
1.56333 0 0 0 0
1.57 0 0 0 0
1.57667 0 0 0 0
1.58333 0 0 0 0
1.59 0 0 0 0
1.59667 0 0 0 0
1.60333 0 0 0 0
1.61 0 0 0 0
1.61667 0 0 0 0
1.62333 0 0 0 0
1.63 0 0 0 0
1.63667 0 0 0 0
1.64333 0 0 0 0
1.65 0 0 0 0
1.65667 0 0 0 0
1.66333 0 0 0 0
1.67 0 0 0 0
1.67667 0 0 0 0
1.68333 0 0 0 0
1.69 0 0 0 0
1.69667 0 0 0 0
1.70333 0 0 0 0
1.71 0 0 0 0
1.71667 0 0 0 0
1.72333 0 0 0 0
1.73 0 0 0 0
1.73667 0 0 0 0
1.74333 0 0 0 0
1.75 0 0 0 0
1.75667 0 0 0 0
1.76333 0 0 0 0
1.77 0 0 0 0
1.77667 0 0 0 0
1.78333 0 0 0 0
1.79 0 0 0 0
1.79667 0 0 0 0
1.80333 0 0 0 0
1.81 0 0 0 0
1.81667 0 0 0 0
1.82333 0 0 0 0
1.83 0 0 0 0
1.83667 0 0 0 0
1.84333 0 0 0 0
1.85 0 0 0 0
1.85667 0 0 0 0
1.86333 0 0 0 0
1.87 0 0 0 0
1.87667 0 0 0 0
1.88333 0 0 0 0
1.89 0 0 0 0
1.89667 0 0 0 0
1.90333 0 0 0 0
1.91 0 0 0 0
1.91667 0 0 0 0
1.92333 0 0 0 0
1.93 0 0 0 0
1.93667 0 0 0 0
1.94333 0 0 0 0
1.95 0 0 0 0
1.95667 0 0 0 0
1.96333 0 0 0 0
1.97 0 0 0 0
1.97667 0 0 0 0
1.98333 0 0 0 0
1.99 0 0 0 0
1.99667 0 0 0 0
