0.00333333 2 45 16 5
0.01 3 48 43 12
0.0166667 9 45 36 10
0.0233333 2 46 38 2
0.03 5 55 50 5
0.0366667 11 59 35 9
0.0433333 8 76 73 9
0.05 16 70 83 13
0.0566667 14 89 93 17
0.0633333 16 115 96 16
0.07 14 110 110 22
0.0766667 22 85 117 19
0.0833333 11 125 104 17
0.09 11 112 115 20
0.0966667 12 126 101 29
0.103333 14 111 97 29
0.11 17 127 109 26
0.116667 11 120 114 17
0.123333 14 127 113 22
0.13 6 139 124 18
0.136667 13 128 96 18
0.143333 18 144 104 26
0.15 19 115 99 11
0.156667 10 120 77 16
0.163333 14 114 79 20
0.17 9 108 82 20
0.176667 11 97 98 23
0.183333 11 128 88 15
0.19 8 136 83 23
0.196667 4 150 85 12
0.203333 11 145 75 19
0.21 10 131 79 21
0.216667 10 120 68 25
0.223333 7 103 73 12
0.23 12 111 69 17
0.236667 6 89 54 11
0.243333 6 84 70 15
0.25 12 89 50 12
0.256667 8 85 74 14
0.263333 5 68 45 5
0.27 4 70 66 9
0.276667 6 76 61 13
0.283333 8 80 54 10
0.29 8 72 61 6
0.296667 4 73 47 11
0.303333 12 55 40 11
0.31 8 79 51 10
0.316667 5 61 52 10
0.323333 9 69 45 12
0.33 9 55 50 6
0.336667 11 65 36 11
0.343333 5 44 39 14
0.35 5 55 56 10
0.356667 8 63 20 12
0.363333 5 55 46 6
0.37 2 52 33 6
0.376667 5 56 42 11
0.383333 6 58 38 6
0.39 7 50 41 12
0.396667 7 50 51 7
0.403333 1 49 30 5
0.41 7 43 36 7
0.416667 8 46 42 12
0.423333 10 42 28 6
0.43 3 47 31 4
0.436667 5 43 39 2
0.443333 4 51 31 7
0.45 6 42 39 15
0.456667 8 48 32 3
0.463333 5 51 35 6
0.47 4 43 43 7
0.476667 1 40 32 8
0.483333 2 39 23 4
0.49 2 36 24 8
0.496667 3 23 20 5
0.503333 2 26 25 4
0.51 3 27 27 5
0.516667 4 23 22 7
0.523333 3 26 15 5
0.53 0 22 21 2
0.536667 5 20 17 2
0.543333 2 16 21 9
0.55 2 10 24 3
0.556667 2 22 19 9
0.563333 1 26 18 4
0.57 4 21 17 5
0.576667 1 18 27 7
0.583333 3 35 24 6
0.59 3 13 24 4
0.596667 4 13 13 1
0.603333 5 20 16 4
0.61 2 13 18 4
0.616667 5 20 14 3
0.623333 5 18 24 0
0.63 3 13 13 4
0.636667 2 20 15 8
0.643333 2 13 15 2
0.65 3 14 15 6
0.656667 5 17 18 6
0.663333 79 2028 907 142
0.67 0 0 0 0
0.676667 0 0 0 0
0.683333 0 0 0 0
0.69 0 0 0 0
0.696667 0 0 0 0
0.703333 0 0 0 0
0.71 0 0 0 0
0.716667 0 0 0 0
0.723333 0 0 0 0
0.73 0 0 0 0
0.736667 0 0 0 0
0.743333 0 0 0 0
0.75 0 0 0 0
0.756667 0 0 0 0
0.763333 0 0 0 0
0.77 0 0 0 0
0.776667 0 0 0 0
0.783333 0 0 0 0
0.79 0 0 0 0
0.796667 0 0 0 0
0.803333 0 0 0 0
0.81 0 0 0 0
0.816667 0 0 0 0
0.823333 0 0 0 0
0.83 0 0 0 0
0.836667 0 0 0 0
0.843333 0 0 0 0
0.85 0 0 0 0
0.856667 0 0 0 0
0.863333 0 0 0 0
0.87 0 0 0 0
0.876667 0 0 0 0
0.883333 0 0 0 0
0.89 0 0 0 0
0.896667 0 0 0 0
0.903333 0 0 0 0
0.91 0 0 0 0
0.916667 0 0 0 0
0.923333 0 0 0 0
0.93 0 0 0 0
0.936667 0 0 0 0
0.943333 0 0 0 0
0.95 0 0 0 0
0.956667 0 0 0 0
0.963333 0 0 0 0
0.97 0 0 0 0
0.976667 0 0 0 0
0.983333 0 0 0 0
0.99 0 0 0 0
0.996667 0 0 0 0
1.00333 0 0 0 0
1.01 0 0 0 0
1.01667 0 0 0 0
1.02333 0 0 0 0
1.03 0 0 0 0
1.03667 0 0 0 0
1.04333 0 0 0 0
1.05 0 0 0 0
1.05667 0 0 0 0
1.06333 0 0 0 0
1.07 0 0 0 0
1.07667 0 0 0 0
1.08333 0 0 0 0
1.09 0 0 0 0
1.09667 0 0 0 0
1.10333 0 0 0 0
1.11 0 0 0 0
1.11667 0 0 0 0
1.12333 0 0 0 0
1.13 0 0 0 0
1.13667 0 0 0 0
1.14333 0 0 0 0
1.15 0 0 0 0
1.15667 0 0 0 0
1.16333 0 0 0 0
1.17 0 0 0 0
1.17667 0 0 0 0
1.18333 0 0 0 0
1.19 0 0 0 0
1.19667 0 0 0 0
1.20333 0 0 0 0
1.21 0 0 0 0
1.21667 0 0 0 0
1.22333 0 0 0 0
1.23 0 0 0 0
1.23667 0 0 0 0
1.24333 0 0 0 0
1.25 0 0 0 0
1.25667 0 0 0 0
1.26333 0 0 0 0
1.27 0 0 0 0
1.27667 0 0 0 0
1.28333 0 0 0 0
1.29 0 0 0 0
1.29667 0 0 0 0
1.30333 0 0 0 0
1.31 0 0 0 0
1.31667 0 0 0 0
1.32333 0 0 0 0
1.33 0 0 0 0
1.33667 0 0 0 0
1.34333 0 0 0 0
1.35 0 0 0 0
1.35667 0 0 0 0
1.36333 0 0 0 0
1.37 0 0 0 0
1.37667 0 0 0 0
1.38333 0 0 0 0
1.39 0 0 0 0
1.39667 0 0 0 0
1.40333 0 0 0 0
1.41 0 0 0 0
1.41667 0 0 0 0
1.42333 0 0 0 0
1.43 0 0 0 0
1.43667 0 0 0 0
1.44333 0 0 0 0
1.45 0 0 0 0
1.45667 0 0 0 0
1.46333 0 0 0 0
1.47 0 0 0 0
1.47667 0 0 0 0
1.48333 0 0 0 0
1.49 0 0 0 0
1.49667 0 0 0 0
1.50333 0 0 0 0
1.51 0 0 0 0
1.51667 0 0 0 0
1.52333 0 0 0 0
1.53 0 0 0 0
1.53667 0 0 0 0
1.54333 0 0 0 0
1.55 0 0 0 0
1.55667 0 0 0 0
1.56333 0 0 0 0
1.57 0 0 0 0
1.57667 0 0 0 0
1.58333 0 0 0 0
1.59 0 0 0 0
1.59667 0 0 0 0
1.60333 0 0 0 0
1.61 0 0 0 0
1.61667 0 0 0 0
1.62333 0 0 0 0
1.63 0 0 0 0
1.63667 0 0 0 0
1.64333 0 0 0 0
1.65 0 0 0 0
1.65667 0 0 0 0
1.66333 0 0 0 0
1.67 0 0 0 0
1.67667 0 0 0 0
1.68333 0 0 0 0
1.69 0 0 0 0
1.69667 0 0 0 0
1.70333 0 0 0 0
1.71 0 0 0 0
1.71667 0 0 0 0
1.72333 0 0 0 0
1.73 0 0 0 0
1.73667 0 0 0 0
1.74333 0 0 0 0
1.75 0 0 0 0
1.75667 0 0 0 0
1.76333 0 0 0 0
1.77 0 0 0 0
1.77667 0 0 0 0
1.78333 0 0 0 0
1.79 0 0 0 0
1.79667 0 0 0 0
1.80333 0 0 0 0
1.81 0 0 0 0
1.81667 0 0 0 0
1.82333 0 0 0 0
1.83 0 0 0 0
1.83667 0 0 0 0
1.84333 0 0 0 0
1.85 0 0 0 0
1.85667 0 0 0 0
1.86333 0 0 0 0
1.87 0 0 0 0
1.87667 0 0 0 0
1.88333 0 0 0 0
1.89 0 0 0 0
1.89667 0 0 0 0
1.90333 0 0 0 0
1.91 0 0 0 0
1.91667 0 0 0 0
1.92333 0 0 0 0
1.93 0 0 0 0
1.93667 0 0 0 0
1.94333 0 0 0 0
1.95 0 0 0 0
1.95667 0 0 0 0
1.96333 0 0 0 0
1.97 0 0 0 0
1.97667 0 0 0 0
1.98333 0 0 0 0
1.99 0 0 0 0
1.99667 0 0 0 0
