0.00333333 1 5 32 37
0.01 0 9 38 38
0.0166667 2 9 29 53
0.0233333 2 11 42 61
0.03 0 6 52 71
0.0366667 2 16 59 90
0.0433333 3 7 91 104
0.05 0 17 97 108
0.0566667 3 18 136 149
0.0633333 11 12 149 146
0.07 5 28 143 157
0.0766667 3 24 123 177
0.0833333 4 34 165 160
0.09 5 25 173 184
0.0966667 8 19 148 164
0.103333 5 18 189 181
0.11 2 37 135 174
0.116667 3 17 153 169
0.123333 4 14 132 190
0.13 7 24 156 165
0.136667 4 18 139 175
0.143333 7 25 121 161
0.15 7 18 130 163
0.156667 4 16 130 125
0.163333 4 17 97 157
0.17 3 17 90 127
0.176667 9 10 107 131
0.183333 7 27 110 144
0.19 5 18 100 155
0.196667 4 23 92 160
0.203333 3 19 89 136
0.21 3 16 93 153
0.216667 3 21 116 142
0.223333 1 19 93 136
0.23 2 12 83 117
0.236667 3 11 90 112
0.243333 3 22 80 111
0.25 3 11 66 129
0.256667 1 12 82 92
0.263333 2 13 68 101
0.27 4 8 61 106
0.276667 4 5 66 95
0.283333 0 14 70 85
0.29 2 12 49 87
0.296667 2 11 85 88
0.303333 4 7 46 84
0.31 4 8 58 79
0.316667 2 17 49 74
0.323333 4 18 46 70
0.33 4 10 46 80
0.336667 4 9 58 69
0.343333 4 8 38 78
0.35 4 4 57 65
0.356667 2 6 58 60
0.363333 7 15 52 60
0.37 3 4 51 55
0.376667 4 11 47 62
0.383333 1 13 40 69
0.39 1 12 51 61
0.396667 5 3 48 56
0.403333 3 14 41 61
0.41 2 8 48 66
0.416667 3 9 29 54
0.423333 3 2 40 57
0.43 1 9 42 43
0.436667 1 9 38 62
0.443333 2 7 39 66
0.45 1 6 29 44
0.456667 2 10 48 49
0.463333 3 8 36 77
0.47 3 10 36 49
0.476667 2 8 30 46
0.483333 1 7 32 31
0.49 1 8 30 41
0.496667 1 9 28 39
0.503333 2 6 17 33
0.51 2 9 23 32
0.516667 0 13 35 28
0.523333 3 4 29 31
0.53 2 9 17 37
0.536667 2 1 17 25
0.543333 1 3 15 34
0.55 2 4 25 26
0.556667 0 3 22 23
0.563333 1 6 21 33
0.57 4 6 23 30
0.576667 3 7 21 27
0.583333 1 9 32 34
0.59 5 3 24 20
0.596667 0 4 20 20
0.603333 2 6 13 20
0.61 0 5 21 30
0.616667 3 1 22 30
0.623333 5 4 11 24
0.63 1 2 17 26
0.636667 1 5 29 31
0.643333 1 4 15 22
0.65 2 3 15 18
0.656667 2 2 13 27
0.663333 44 189 887 1674
0.67 0 0 0 0
0.676667 0 0 0 0
0.683333 0 0 0 0
0.69 0 0 0 0
0.696667 0 0 0 0
0.703333 0 0 0 0
0.71 0 0 0 0
0.716667 0 0 0 0
0.723333 0 0 0 0
0.73 0 0 0 0
0.736667 0 0 0 0
0.743333 0 0 0 0
0.75 0 0 0 0
0.756667 0 0 0 0
0.763333 0 0 0 0
0.77 0 0 0 0
0.776667 0 0 0 0
0.783333 0 0 0 0
0.79 0 0 0 0
0.796667 0 0 0 0
0.803333 0 0 0 0
0.81 0 0 0 0
0.816667 0 0 0 0
0.823333 0 0 0 0
0.83 0 0 0 0
0.836667 0 0 0 0
0.843333 0 0 0 0
0.85 0 0 0 0
0.856667 0 0 0 0
0.863333 0 0 0 0
0.87 0 0 0 0
0.876667 0 0 0 0
0.883333 0 0 0 0
0.89 0 0 0 0
0.896667 0 0 0 0
0.903333 0 0 0 0
0.91 0 0 0 0
0.916667 0 0 0 0
0.923333 0 0 0 0
0.93 0 0 0 0
0.936667 0 0 0 0
0.943333 0 0 0 0
0.95 0 0 0 0
0.956667 0 0 0 0
0.963333 0 0 0 0
0.97 0 0 0 0
0.976667 0 0 0 0
0.983333 0 0 0 0
0.99 0 0 0 0
0.996667 0 0 0 0
1.00333 0 0 0 0
1.01 0 0 0 0
1.01667 0 0 0 0
1.02333 0 0 0 0
1.03 0 0 0 0
1.03667 0 0 0 0
1.04333 0 0 0 0
1.05 0 0 0 0
1.05667 0 0 0 0
1.06333 0 0 0 0
1.07 0 0 0 0
1.07667 0 0 0 0
1.08333 0 0 0 0
1.09 0 0 0 0
1.09667 0 0 0 0
1.10333 0 0 0 0
1.11 0 0 0 0
1.11667 0 0 0 0
1.12333 0 0 0 0
1.13 0 0 0 0
1.13667 0 0 0 0
1.14333 0 0 0 0
1.15 0 0 0 0
1.15667 0 0 0 0
1.16333 0 0 0 0
1.17 0 0 0 0
1.17667 0 0 0 0
1.18333 0 0 0 0
1.19 0 0 0 0
1.19667 0 0 0 0
1.20333 0 0 0 0
1.21 0 0 0 0
1.21667 0 0 0 0
1.22333 0 0 0 0
1.23 0 0 0 0
1.23667 0 0 0 0
1.24333 0 0 0 0
1.25 0 0 0 0
1.25667 0 0 0 0
1.26333 0 0 0 0
1.27 0 0 0 0
1.27667 0 0 0 0
1.28333 0 0 0 0
1.29 0 0 0 0
1.29667 0 0 0 0
1.30333 0 0 0 0
1.31 0 0 0 0
1.31667 0 0 0 0
1.32333 0 0 0 0
1.33 0 0 0 0
1.33667 0 0 0 0
1.34333 0 0 0 0
1.35 0 0 0 0
1.35667 0 0 0 0
1.36333 0 0 0 0
1.37 0 0 0 0
1.37667 0 0 0 0
1.38333 0 0 0 0
1.39 0 0 0 0
1.39667 0 0 0 0
1.40333 0 0 0 0
1.41 0 0 0 0
1.41667 0 0 0 0
1.42333 0 0 0 0
1.43 0 0 0 0
1.43667 0 0 0 0
1.44333 0 0 0 0
1.45 0 0 0 0
1.45667 0 0 0 0
1.46333 0 0 0 0
1.47 0 0 0 0
1.47667 0 0 0 0
1.48333 0 0 0 0
1.49 0 0 0 0
1.49667 0 0 0 0
1.50333 0 0 0 0
1.51 0 0 0 0
1.51667 0 0 0 0
1.52333 0 0 0 0
1.53 0 0 0 0
1.53667 0 0 0 0
1.54333 0 0 0 0
1.55 0 0 0 0
1.55667 0 0 0 0
1.56333 0 0 0 0
1.57 0 0 0 0
1.57667 0 0 0 0
1.58333 0 0 0 0
1.59 0 0 0 0
1.59667 0 0 0 0
1.60333 0 0 0 0
1.61 0 0 0 0
1.61667 0 0 0 0
1.62333 0 0 0 0
1.63 0 0 0 0
1.63667 0 0 0 0
1.64333 0 0 0 0
1.65 0 0 0 0
1.65667 0 0 0 0
1.66333 0 0 0 0
1.67 0 0 0 0
1.67667 0 0 0 0
1.68333 0 0 0 0
1.69 0 0 0 0
1.69667 0 0 0 0
1.70333 0 0 0 0
1.71 0 0 0 0
1.71667 0 0 0 0
1.72333 0 0 0 0
1.73 0 0 0 0
1.73667 0 0 0 0
1.74333 0 0 0 0
1.75 0 0 0 0
1.75667 0 0 0 0
1.76333 0 0 0 0
1.77 0 0 0 0
1.77667 0 0 0 0
1.78333 0 0 0 0
1.79 0 0 0 0
1.79667 0 0 0 0
1.80333 0 0 0 0
1.81 0 0 0 0
1.81667 0 0 0 0
1.82333 0 0 0 0
1.83 0 0 0 0
1.83667 0 0 0 0
1.84333 0 0 0 0
1.85 0 0 0 0
1.85667 0 0 0 0
1.86333 0 0 0 0
1.87 0 0 0 0
1.87667 0 0 0 0
1.88333 0 0 0 0
1.89 0 0 0 0
1.89667 0 0 0 0
1.90333 0 0 0 0
1.91 0 0 0 0
1.91667 0 0 0 0
1.92333 0 0 0 0
1.93 0 0 0 0
1.93667 0 0 0 0
1.94333 0 0 0 0
1.95 0 0 0 0
1.95667 0 0 0 0
1.96333 0 0 0 0
1.97 0 0 0 0
1.97667 0 0 0 0
1.98333 0 0 0 0
1.99 0 0 0 0
1.99667 0 0 0 0
