0.00333333 4 88 20 3
0.01 7 80 16 4
0.0166667 5 97 24 7
0.0233333 5 102 20 3
0.03 6 97 25 3
0.0366667 9 110 24 5
0.0433333 12 103 44 4
0.05 16 135 38 5
0.0566667 21 133 43 8
0.0633333 20 129 53 6
0.07 11 133 52 5
0.0766667 19 160 49 11
0.0833333 17 185 53 8
0.09 11 179 49 4
0.0966667 11 180 58 9
0.103333 17 142 38 10
0.11 20 169 48 5
0.116667 16 189 54 14
0.123333 19 197 41 5
0.13 13 192 54 4
0.136667 9 173 43 5
0.143333 12 178 48 11
0.15 12 164 43 4
0.156667 9 168 50 7
0.163333 12 185 44 3
0.17 18 176 38 10
0.176667 14 183 48 8
0.183333 8 236 46 10
0.19 16 320 47 5
0.196667 8 264 39 4
0.203333 9 230 45 4
0.21 4 228 41 6
0.216667 13 202 40 9
0.223333 13 186 38 3
0.23 7 196 31 5
0.236667 10 187 37 5
0.243333 12 171 33 5
0.25 7 164 30 5
0.256667 6 173 40 5
0.263333 11 146 39 3
0.27 13 158 37 5
0.276667 1 140 27 5
0.283333 9 119 29 4
0.29 8 120 40 1
0.296667 5 108 30 4
0.303333 4 99 21 4
0.31 11 135 32 2
0.316667 12 111 30 8
0.323333 7 104 29 2
0.33 9 104 19 3
0.336667 6 102 28 1
0.343333 9 97 23 2
0.35 7 109 30 4
0.356667 5 110 30 4
0.363333 8 96 15 1
0.37 7 110 21 2
0.376667 15 103 26 4
0.383333 6 102 21 3
0.39 13 99 30 3
0.396667 9 85 32 6
0.403333 6 93 22 2
0.41 7 99 31 3
0.416667 7 99 29 2
0.423333 10 107 25 6
0.43 2 88 26 1
0.436667 9 88 32 0
0.443333 7 100 23 4
0.45 7 94 16 5
0.456667 5 104 18 1
0.463333 4 91 34 4
0.47 6 99 24 3
0.476667 0 84 22 4
0.483333 1 52 9 0
0.49 2 34 7 1
0.496667 7 38 15 2
0.503333 1 34 12 3
0.51 2 26 10 0
0.516667 6 25 17 1
0.523333 4 17 13 0
0.53 2 24 14 1
0.536667 3 22 10 4
0.543333 3 18 12 1
0.55 3 22 11 1
0.556667 4 10 15 1
0.563333 1 19 14 0
0.57 4 19 12 3
0.576667 5 15 19 2
0.583333 3 24 16 1
0.59 4 5 8 1
0.596667 2 14 11 0
0.603333 4 13 11 0
0.61 2 15 14 1
0.616667 3 9 7 1
0.623333 2 10 13 1
0.63 2 29 13 2
0.636667 3 27 15 5
0.643333 6 7 10 1
0.65 4 11 23 1
0.656667 6 9 11 3
0.663333 107 5675 734 42
0.67 0 0 0 0
0.676667 0 0 0 0
0.683333 0 0 0 0
0.69 0 0 0 0
0.696667 0 0 0 0
0.703333 0 0 0 0
0.71 0 0 0 0
0.716667 0 0 0 0
0.723333 0 0 0 0
0.73 0 0 0 0
0.736667 0 0 0 0
0.743333 0 0 0 0
0.75 0 0 0 0
0.756667 0 0 0 0
0.763333 0 0 0 0
0.77 0 0 0 0
0.776667 0 0 0 0
0.783333 0 0 0 0
0.79 0 0 0 0
0.796667 0 0 0 0
0.803333 0 0 0 0
0.81 0 0 0 0
0.816667 0 0 0 0
0.823333 0 0 0 0
0.83 0 0 0 0
0.836667 0 0 0 0
0.843333 0 0 0 0
0.85 0 0 0 0
0.856667 0 0 0 0
0.863333 0 0 0 0
0.87 0 0 0 0
0.876667 0 0 0 0
0.883333 0 0 0 0
0.89 0 0 0 0
0.896667 0 0 0 0
0.903333 0 0 0 0
0.91 0 0 0 0
0.916667 0 0 0 0
0.923333 0 0 0 0
0.93 0 0 0 0
0.936667 0 0 0 0
0.943333 0 0 0 0
0.95 0 0 0 0
0.956667 0 0 0 0
0.963333 0 0 0 0
0.97 0 0 0 0
0.976667 0 0 0 0
0.983333 0 0 0 0
0.99 0 0 0 0
0.996667 0 0 0 0
1.00333 0 0 0 0
1.01 0 0 0 0
1.01667 0 0 0 0
1.02333 0 0 0 0
1.03 0 0 0 0
1.03667 0 0 0 0
1.04333 0 0 0 0
1.05 0 0 0 0
1.05667 0 0 0 0
1.06333 0 0 0 0
1.07 0 0 0 0
1.07667 0 0 0 0
1.08333 0 0 0 0
1.09 0 0 0 0
1.09667 0 0 0 0
1.10333 0 0 0 0
1.11 0 0 0 0
1.11667 0 0 0 0
1.12333 0 0 0 0
1.13 0 0 0 0
1.13667 0 0 0 0
1.14333 0 0 0 0
1.15 0 0 0 0
1.15667 0 0 0 0
1.16333 0 0 0 0
1.17 0 0 0 0
1.17667 0 0 0 0
1.18333 0 0 0 0
1.19 0 0 0 0
1.19667 0 0 0 0
1.20333 0 0 0 0
1.21 0 0 0 0
1.21667 0 0 0 0
1.22333 0 0 0 0
1.23 0 0 0 0
1.23667 0 0 0 0
1.24333 0 0 0 0
1.25 0 0 0 0
1.25667 0 0 0 0
1.26333 0 0 0 0
1.27 0 0 0 0
1.27667 0 0 0 0
1.28333 0 0 0 0
1.29 0 0 0 0
1.29667 0 0 0 0
1.30333 0 0 0 0
1.31 0 0 0 0
1.31667 0 0 0 0
1.32333 0 0 0 0
1.33 0 0 0 0
1.33667 0 0 0 0
1.34333 0 0 0 0
1.35 0 0 0 0
1.35667 0 0 0 0
1.36333 0 0 0 0
1.37 0 0 0 0
1.37667 0 0 0 0
1.38333 0 0 0 0
1.39 0 0 0 0
1.39667 0 0 0 0
1.40333 0 0 0 0
1.41 0 0 0 0
1.41667 0 0 0 0
1.42333 0 0 0 0
1.43 0 0 0 0
1.43667 0 0 0 0
1.44333 0 0 0 0
1.45 0 0 0 0
1.45667 0 0 0 0
1.46333 0 0 0 0
1.47 0 0 0 0
1.47667 0 0 0 0
1.48333 0 0 0 0
1.49 0 0 0 0
1.49667 0 0 0 0
1.50333 0 0 0 0
1.51 0 0 0 0
1.51667 0 0 0 0
1.52333 0 0 0 0
1.53 0 0 0 0
1.53667 0 0 0 0
1.54333 0 0 0 0
1.55 0 0 0 0
1.55667 0 0 0 0
1.56333 0 0 0 0
1.57 0 0 0 0
1.57667 0 0 0 0
1.58333 0 0 0 0
1.59 0 0 0 0
1.59667 0 0 0 0
1.60333 0 0 0 0
1.61 0 0 0 0
1.61667 0 0 0 0
1.62333 0 0 0 0
1.63 0 0 0 0
1.63667 0 0 0 0
1.64333 0 0 0 0
1.65 0 0 0 0
1.65667 0 0 0 0
1.66333 0 0 0 0
1.67 0 0 0 0
1.67667 0 0 0 0
1.68333 0 0 0 0
1.69 0 0 0 0
1.69667 0 0 0 0
1.70333 0 0 0 0
1.71 0 0 0 0
1.71667 0 0 0 0
1.72333 0 0 0 0
1.73 0 0 0 0
1.73667 0 0 0 0
1.74333 0 0 0 0
1.75 0 0 0 0
1.75667 0 0 0 0
1.76333 0 0 0 0
1.77 0 0 0 0
1.77667 0 0 0 0
1.78333 0 0 0 0
1.79 0 0 0 0
1.79667 0 0 0 0
1.80333 0 0 0 0
1.81 0 0 0 0
1.81667 0 0 0 0
1.82333 0 0 0 0
1.83 0 0 0 0
1.83667 0 0 0 0
1.84333 0 0 0 0
1.85 0 0 0 0
1.85667 0 0 0 0
1.86333 0 0 0 0
1.87 0 0 0 0
1.87667 0 0 0 0
1.88333 0 0 0 0
1.89 0 0 0 0
1.89667 0 0 0 0
1.90333 0 0 0 0
1.91 0 0 0 0
1.91667 0 0 0 0
1.92333 0 0 0 0
1.93 0 0 0 0
1.93667 0 0 0 0
1.94333 0 0 0 0
1.95 0 0 0 0
1.95667 0 0 0 0
1.96333 0 0 0 0
1.97 0 0 0 0
1.97667 0 0 0 0
1.98333 0 0 0 0
1.99 0 0 0 0
1.99667 0 0 0 0
