0.00333333 2 5 82 3
0.01 3 6 89 8
0.0166667 0 7 98 2
0.0233333 1 8 93 5
0.03 1 5 109 6
0.0366667 1 11 94 4
0.0433333 2 13 113 9
0.05 1 14 119 11
0.0566667 3 14 133 11
0.0633333 5 13 137 12
0.07 1 19 138 12
0.0766667 6 24 140 18
0.0833333 2 15 130 15
0.09 2 17 159 11
0.0966667 3 20 128 13
0.103333 2 17 141 15
0.11 6 26 162 16
0.116667 5 13 147 17
0.123333 2 16 167 9
0.13 2 9 164 6
0.136667 6 17 153 12
0.143333 3 14 160 11
0.15 3 14 151 7
0.156667 2 21 145 11
0.163333 4 17 168 8
0.17 0 6 164 7
0.176667 0 15 146 4
0.183333 3 10 179 9
0.19 5 10 268 11
0.196667 2 11 235 7
0.203333 2 11 238 12
0.21 7 12 248 4
0.216667 5 6 223 10
0.223333 2 5 184 8
0.23 2 11 153 16
0.236667 4 13 164 9
0.243333 2 8 170 8
0.25 4 7 140 9
0.256667 2 2 146 14
0.263333 1 10 137 4
0.27 2 6 166 9
0.276667 2 7 120 12
0.283333 3 9 149 5
0.29 1 5 133 5
0.296667 7 8 128 12
0.303333 1 8 116 9
0.31 2 11 135 7
0.316667 3 6 120 5
0.323333 4 10 112 3
0.33 1 6 113 6
0.336667 3 9 94 5
0.343333 0 7 114 2
0.35 0 13 103 8
0.356667 2 13 121 11
0.363333 5 5 101 7
0.37 2 6 116 7
0.376667 0 13 111 4
0.383333 0 4 118 5
0.39 0 8 99 3
0.396667 1 5 110 5
0.403333 0 6 96 4
0.41 3 8 107 1
0.416667 2 7 101 4
0.423333 0 7 116 7
0.43 5 4 96 5
0.436667 1 5 108 6
0.443333 3 6 109 6
0.45 3 4 95 7
0.456667 1 5 90 7
0.463333 0 6 103 7
0.47 1 6 91 6
0.476667 0 5 82 7
0.483333 2 5 52 2
0.49 2 2 34 7
0.496667 1 6 29 2
0.503333 2 5 26 3
0.51 0 6 30 3
0.516667 0 4 22 4
0.523333 2 6 16 3
0.53 1 5 24 7
0.536667 4 4 24 7
0.543333 0 1 20 2
0.55 0 4 23 5
0.556667 3 3 19 3
0.563333 3 3 16 6
0.57 0 4 14 3
0.576667 0 3 18 4
0.583333 2 6 17 5
0.59 0 2 11 3
0.596667 1 3 13 5
0.603333 3 7 10 3
0.61 1 3 11 3
0.616667 1 6 11 5
0.623333 1 6 12 1
0.63 1 4 19 2
0.636667 2 1 30 2
0.643333 0 8 14 3
0.65 0 3 14 3
0.656667 1 6 6 6
0.663333 21 94 6042 81
0.67 0 0 0 0
0.676667 0 0 0 0
0.683333 0 0 0 0
0.69 0 0 0 0
0.696667 0 0 0 0
0.703333 0 0 0 0
0.71 0 0 0 0
0.716667 0 0 0 0
0.723333 0 0 0 0
0.73 0 0 0 0
0.736667 0 0 0 0
0.743333 0 0 0 0
0.75 0 0 0 0
0.756667 0 0 0 0
0.763333 0 0 0 0
0.77 0 0 0 0
0.776667 0 0 0 0
0.783333 0 0 0 0
0.79 0 0 0 0
0.796667 0 0 0 0
0.803333 0 0 0 0
0.81 0 0 0 0
0.816667 0 0 0 0
0.823333 0 0 0 0
0.83 0 0 0 0
0.836667 0 0 0 0
0.843333 0 0 0 0
0.85 0 0 0 0
0.856667 0 0 0 0
0.863333 0 0 0 0
0.87 0 0 0 0
0.876667 0 0 0 0
0.883333 0 0 0 0
0.89 0 0 0 0
0.896667 0 0 0 0
0.903333 0 0 0 0
0.91 0 0 0 0
0.916667 0 0 0 0
0.923333 0 0 0 0
0.93 0 0 0 0
0.936667 0 0 0 0
0.943333 0 0 0 0
0.95 0 0 0 0
0.956667 0 0 0 0
0.963333 0 0 0 0
0.97 0 0 0 0
0.976667 0 0 0 0
0.983333 0 0 0 0
0.99 0 0 0 0
0.996667 0 0 0 0
1.00333 0 0 0 0
1.01 0 0 0 0
1.01667 0 0 0 0
1.02333 0 0 0 0
1.03 0 0 0 0
1.03667 0 0 0 0
1.04333 0 0 0 0
1.05 0 0 0 0
1.05667 0 0 0 0
1.06333 0 0 0 0
1.07 0 0 0 0
1.07667 0 0 0 0
1.08333 0 0 0 0
1.09 0 0 0 0
1.09667 0 0 0 0
1.10333 0 0 0 0
1.11 0 0 0 0
1.11667 0 0 0 0
1.12333 0 0 0 0
1.13 0 0 0 0
1.13667 0 0 0 0
1.14333 0 0 0 0
1.15 0 0 0 0
1.15667 0 0 0 0
1.16333 0 0 0 0
1.17 0 0 0 0
1.17667 0 0 0 0
1.18333 0 0 0 0
1.19 0 0 0 0
1.19667 0 0 0 0
1.20333 0 0 0 0
1.21 0 0 0 0
1.21667 0 0 0 0
1.22333 0 0 0 0
1.23 0 0 0 0
1.23667 0 0 0 0
1.24333 0 0 0 0
1.25 0 0 0 0
1.25667 0 0 0 0
1.26333 0 0 0 0
1.27 0 0 0 0
1.27667 0 0 0 0
1.28333 0 0 0 0
1.29 0 0 0 0
1.29667 0 0 0 0
1.30333 0 0 0 0
1.31 0 0 0 0
1.31667 0 0 0 0
1.32333 0 0 0 0
1.33 0 0 0 0
1.33667 0 0 0 0
1.34333 0 0 0 0
1.35 0 0 0 0
1.35667 0 0 0 0
1.36333 0 0 0 0
1.37 0 0 0 0
1.37667 0 0 0 0
1.38333 0 0 0 0
1.39 0 0 0 0
1.39667 0 0 0 0
1.40333 0 0 0 0
1.41 0 0 0 0
1.41667 0 0 0 0
1.42333 0 0 0 0
1.43 0 0 0 0
1.43667 0 0 0 0
1.44333 0 0 0 0
1.45 0 0 0 0
1.45667 0 0 0 0
1.46333 0 0 0 0
1.47 0 0 0 0
1.47667 0 0 0 0
1.48333 0 0 0 0
1.49 0 0 0 0
1.49667 0 0 0 0
1.50333 0 0 0 0
1.51 0 0 0 0
1.51667 0 0 0 0
1.52333 0 0 0 0
1.53 0 0 0 0
1.53667 0 0 0 0
1.54333 0 0 0 0
1.55 0 0 0 0
1.55667 0 0 0 0
1.56333 0 0 0 0
1.57 0 0 0 0
1.57667 0 0 0 0
1.58333 0 0 0 0
1.59 0 0 0 0
1.59667 0 0 0 0
1.60333 0 0 0 0
1.61 0 0 0 0
1.61667 0 0 0 0
1.62333 0 0 0 0
1.63 0 0 0 0
1.63667 0 0 0 0
1.64333 0 0 0 0
1.65 0 0 0 0
1.65667 0 0 0 0
1.66333 0 0 0 0
1.67 0 0 0 0
1.67667 0 0 0 0
1.68333 0 0 0 0
1.69 0 0 0 0
1.69667 0 0 0 0
1.70333 0 0 0 0
1.71 0 0 0 0
1.71667 0 0 0 0
1.72333 0 0 0 0
1.73 0 0 0 0
1.73667 0 0 0 0
1.74333 0 0 0 0
1.75 0 0 0 0
1.75667 0 0 0 0
1.76333 0 0 0 0
1.77 0 0 0 0
1.77667 0 0 0 0
1.78333 0 0 0 0
1.79 0 0 0 0
1.79667 0 0 0 0
1.80333 0 0 0 0
1.81 0 0 0 0
1.81667 0 0 0 0
1.82333 0 0 0 0
1.83 0 0 0 0
1.83667 0 0 0 0
1.84333 0 0 0 0
1.85 0 0 0 0
1.85667 0 0 0 0
1.86333 0 0 0 0
1.87 0 0 0 0
1.87667 0 0 0 0
1.88333 0 0 0 0
1.89 0 0 0 0
1.89667 0 0 0 0
1.90333 0 0 0 0
1.91 0 0 0 0
1.91667 0 0 0 0
1.92333 0 0 0 0
1.93 0 0 0 0
1.93667 0 0 0 0
1.94333 0 0 0 0
1.95 0 0 0 0
1.95667 0 0 0 0
1.96333 0 0 0 0
1.97 0 0 0 0
1.97667 0 0 0 0
1.98333 0 0 0 0
1.99 0 0 0 0
1.99667 0 0 0 0
