0.00333333 50 24 5 2
0.01 47 34 4 1
0.0166667 47 35 4 1
0.0233333 53 40 4 4
0.03 54 44 2 4
0.0366667 65 62 6 0
0.0433333 94 65 6 0
0.05 122 100 7 4
0.0566667 118 118 13 6
0.0633333 161 116 10 5
0.07 169 138 19 4
0.0766667 151 147 13 8
0.0833333 172 122 12 5
0.09 166 125 10 4
0.0966667 167 148 21 4
0.103333 171 139 14 3
0.11 169 130 21 4
0.116667 183 126 18 1
0.123333 145 120 16 3
0.13 161 117 13 4
0.136667 146 94 6 4
0.143333 152 87 11 6
0.15 119 87 13 3
0.156667 136 108 6 1
0.163333 134 94 9 2
0.17 141 102 8 5
0.176667 137 68 5 4
0.183333 123 77 8 2
0.19 140 94 7 5
0.196667 129 88 12 4
0.203333 121 92 13 3
0.21 106 83 8 3
0.216667 113 66 12 4
0.223333 115 72 11 2
0.23 94 59 10 1
0.236667 105 59 8 2
0.243333 89 66 8 2
0.25 89 60 10 1
0.256667 87 70 9 2
0.263333 80 53 5 3
0.27 83 52 6 1
0.276667 87 49 9 3
0.283333 80 56 10 4
0.29 85 48 0 1
0.296667 73 52 5 2
0.303333 90 52 6 2
0.31 82 45 6 1
0.316667 53 47 7 4
0.323333 81 49 3 1
0.33 73 53 9 1
0.336667 57 47 8 1
0.343333 59 50 4 4
0.35 45 42 3 3
0.356667 57 39 10 4
0.363333 54 51 5 0
0.37 64 29 6 3
0.376667 59 41 3 1
0.383333 60 40 6 4
0.39 49 45 7 1
0.396667 41 34 2 0
0.403333 45 48 6 1
0.41 52 37 3 3
0.416667 39 33 7 1
0.423333 67 32 4 1
0.43 51 36 3 1
0.436667 51 26 3 1
0.443333 57 33 4 1
0.45 43 21 2 2
0.456667 46 34 2 2
0.463333 50 23 4 1
0.47 38 15 5 1
0.476667 36 24 3 1
0.483333 29 20 5 3
0.49 38 17 3 0
0.496667 38 21 2 0
0.503333 28 29 3 0
0.51 34 17 2 4
0.516667 37 13 5 2
0.523333 24 10 4 1
0.53 26 14 3 2
0.536667 20 16 1 2
0.543333 23 16 6 2
0.55 28 18 5 1
0.556667 24 12 6 0
0.563333 16 11 3 2
0.57 21 17 4 2
0.576667 20 20 0 1
0.583333 24 18 3 2
0.59 19 16 4 3
0.596667 24 25 2 1
0.603333 25 12 4 1
0.61 26 19 1 1
0.616667 20 14 5 1
0.623333 24 17 3 0
0.63 22 16 1 1
0.636667 23 21 4 1
0.643333 29 21 3 2
0.65 26 13 1 2
0.656667 25 20 1 1
0.663333 1367 606 58 22
0.67 0 0 0 0
0.676667 0 0 0 0
0.683333 0 0 0 0
0.69 0 0 0 0
0.696667 0 0 0 0
0.703333 0 0 0 0
0.71 0 0 0 0
0.716667 0 0 0 0
0.723333 0 0 0 0
0.73 0 0 0 0
0.736667 0 0 0 0
0.743333 0 0 0 0
0.75 0 0 0 0
0.756667 0 0 0 0
0.763333 0 0 0 0
0.77 0 0 0 0
0.776667 0 0 0 0
0.783333 0 0 0 0
0.79 0 0 0 0
0.796667 0 0 0 0
0.803333 0 0 0 0
0.81 0 0 0 0
0.816667 0 0 0 0
0.823333 0 0 0 0
0.83 0 0 0 0
0.836667 0 0 0 0
0.843333 0 0 0 0
0.85 0 0 0 0
0.856667 0 0 0 0
0.863333 0 0 0 0
0.87 0 0 0 0
0.876667 0 0 0 0
0.883333 0 0 0 0
0.89 0 0 0 0
0.896667 0 0 0 0
0.903333 0 0 0 0
0.91 0 0 0 0
0.916667 0 0 0 0
0.923333 0 0 0 0
0.93 0 0 0 0
0.936667 0 0 0 0
0.943333 0 0 0 0
0.95 0 0 0 0
0.956667 0 0 0 0
0.963333 0 0 0 0
0.97 0 0 0 0
0.976667 0 0 0 0
0.983333 0 0 0 0
0.99 0 0 0 0
0.996667 0 0 0 0
1.00333 0 0 0 0
1.01 0 0 0 0
1.01667 0 0 0 0
1.02333 0 0 0 0
1.03 0 0 0 0
1.03667 0 0 0 0
1.04333 0 0 0 0
1.05 0 0 0 0
1.05667 0 0 0 0
1.06333 0 0 0 0
1.07 0 0 0 0
1.07667 0 0 0 0
1.08333 0 0 0 0
1.09 0 0 0 0
1.09667 0 0 0 0
1.10333 0 0 0 0
1.11 0 0 0 0
1.11667 0 0 0 0
1.12333 0 0 0 0
1.13 0 0 0 0
1.13667 0 0 0 0
1.14333 0 0 0 0
1.15 0 0 0 0
1.15667 0 0 0 0
1.16333 0 0 0 0
1.17 0 0 0 0
1.17667 0 0 0 0
1.18333 0 0 0 0
1.19 0 0 0 0
1.19667 0 0 0 0
1.20333 0 0 0 0
1.21 0 0 0 0
1.21667 0 0 0 0
1.22333 0 0 0 0
1.23 0 0 0 0
1.23667 0 0 0 0
1.24333 0 0 0 0
1.25 0 0 0 0
1.25667 0 0 0 0
1.26333 0 0 0 0
1.27 0 0 0 0
1.27667 0 0 0 0
1.28333 0 0 0 0
1.29 0 0 0 0
1.29667 0 0 0 0
1.30333 0 0 0 0
1.31 0 0 0 0
1.31667 0 0 0 0
1.32333 0 0 0 0
1.33 0 0 0 0
1.33667 0 0 0 0
1.34333 0 0 0 0
1.35 0 0 0 0
1.35667 0 0 0 0
1.36333 0 0 0 0
1.37 0 0 0 0
1.37667 0 0 0 0
1.38333 0 0 0 0
1.39 0 0 0 0
1.39667 0 0 0 0
1.40333 0 0 0 0
1.41 0 0 0 0
1.41667 0 0 0 0
1.42333 0 0 0 0
1.43 0 0 0 0
1.43667 0 0 0 0
1.44333 0 0 0 0
1.45 0 0 0 0
1.45667 0 0 0 0
1.46333 0 0 0 0
1.47 0 0 0 0
1.47667 0 0 0 0
1.48333 0 0 0 0
1.49 0 0 0 0
1.49667 0 0 0 0
1.50333 0 0 0 0
1.51 0 0 0 0
1.51667 0 0 0 0
1.52333 0 0 0 0
1.53 0 0 0 0
1.53667 0 0 0 0
1.54333 0 0 0 0
1.55 0 0 0 0
1.55667 0 0 0 0
1.56333 0 0 0 0
1.57 0 0 0 0
1.57667 0 0 0 0
1.58333 0 0 0 0
1.59 0 0 0 0
1.59667 0 0 0 0
1.60333 0 0 0 0
1.61 0 0 0 0
1.61667 0 0 0 0
1.62333 0 0 0 0
1.63 0 0 0 0
1.63667 0 0 0 0
1.64333 0 0 0 0
1.65 0 0 0 0
1.65667 0 0 0 0
1.66333 0 0 0 0
1.67 0 0 0 0
1.67667 0 0 0 0
1.68333 0 0 0 0
1.69 0 0 0 0
1.69667 0 0 0 0
1.70333 0 0 0 0
1.71 0 0 0 0
1.71667 0 0 0 0
1.72333 0 0 0 0
1.73 0 0 0 0
1.73667 0 0 0 0
1.74333 0 0 0 0
1.75 0 0 0 0
1.75667 0 0 0 0
1.76333 0 0 0 0
1.77 0 0 0 0
1.77667 0 0 0 0
1.78333 0 0 0 0
1.79 0 0 0 0
1.79667 0 0 0 0
1.80333 0 0 0 0
1.81 0 0 0 0
1.81667 0 0 0 0
1.82333 0 0 0 0
1.83 0 0 0 0
1.83667 0 0 0 0
1.84333 0 0 0 0
1.85 0 0 0 0
1.85667 0 0 0 0
1.86333 0 0 0 0
1.87 0 0 0 0
1.87667 0 0 0 0
1.88333 0 0 0 0
1.89 0 0 0 0
1.89667 0 0 0 0
1.90333 0 0 0 0
1.91 0 0 0 0
1.91667 0 0 0 0
1.92333 0 0 0 0
1.93 0 0 0 0
1.93667 0 0 0 0
1.94333 0 0 0 0
1.95 0 0 0 0
1.95667 0 0 0 0
1.96333 0 0 0 0
1.97 0 0 0 0
1.97667 0 0 0 0
1.98333 0 0 0 0
1.99 0 0 0 0
1.99667 0 0 0 0
