0.00333333 21 31 6 1
0.01 39 36 5 0
0.0166667 39 37 9 2
0.0233333 38 49 6 5
0.03 42 60 8 3
0.0366667 51 62 14 3
0.0433333 64 98 11 6
0.05 78 100 18 7
0.0566667 97 124 23 9
0.0633333 99 151 26 6
0.07 100 148 16 10
0.0766667 117 142 26 12
0.0833333 121 156 28 7
0.09 102 165 42 5
0.0966667 110 168 16 13
0.103333 124 138 22 5
0.11 122 156 31 13
0.116667 115 127 21 5
0.123333 111 156 18 8
0.13 103 135 19 7
0.136667 97 138 17 8
0.143333 94 121 19 8
0.15 90 112 13 12
0.156667 107 125 10 4
0.163333 89 110 9 9
0.17 101 104 10 7
0.176667 80 99 12 7
0.183333 91 127 11 11
0.19 81 101 16 11
0.196667 83 98 14 7
0.203333 104 110 19 11
0.21 83 100 18 7
0.216667 82 97 9 4
0.223333 77 80 10 5
0.23 83 74 12 2
0.236667 67 77 13 5
0.243333 68 69 14 8
0.25 52 67 14 3
0.256667 58 68 9 8
0.263333 65 65 7 4
0.27 65 70 15 4
0.276667 53 64 8 1
0.283333 51 57 8 7
0.29 47 70 12 2
0.296667 41 54 10 5
0.303333 53 55 14 5
0.31 45 53 10 6
0.316667 51 48 5 6
0.323333 56 63 7 6
0.33 34 55 11 4
0.336667 33 54 10 4
0.343333 36 55 4 3
0.35 35 49 3 2
0.356667 34 44 16 6
0.363333 38 54 8 4
0.37 36 45 11 0
0.376667 49 34 4 2
0.383333 31 37 9 4
0.39 33 44 12 4
0.396667 27 38 3 7
0.403333 30 40 10 5
0.41 36 40 6 3
0.416667 38 39 2 4
0.423333 30 32 9 3
0.43 36 33 4 4
0.436667 29 41 10 3
0.443333 52 40 8 4
0.45 37 39 10 5
0.456667 25 25 7 0
0.463333 32 39 1 2
0.47 32 39 6 1
0.476667 35 39 7 4
0.483333 25 29 4 2
0.49 27 22 5 1
0.496667 21 29 5 4
0.503333 19 28 9 4
0.51 18 16 3 2
0.516667 17 23 5 1
0.523333 23 26 8 2
0.53 13 21 2 1
0.536667 13 11 3 5
0.543333 19 18 3 3
0.55 12 15 3 1
0.556667 20 18 7 2
0.563333 12 23 2 5
0.57 19 21 6 3
0.576667 14 15 2 4
0.583333 15 20 5 3
0.59 16 15 5 7
0.596667 22 16 5 1
0.603333 17 14 3 0
0.61 7 17 5 3
0.616667 11 21 3 0
0.623333 20 20 1 2
0.63 18 15 4 2
0.636667 12 16 5 2
0.643333 10 12 1 5
0.65 8 16 2 3
0.656667 10 17 4 2
0.663333 912 766 109 79
0.67 0 0 0 0
0.676667 0 0 0 0
0.683333 0 0 0 0
0.69 0 0 0 0
0.696667 0 0 0 0
0.703333 0 0 0 0
0.71 0 0 0 0
0.716667 0 0 0 0
0.723333 0 0 0 0
0.73 0 0 0 0
0.736667 0 0 0 0
0.743333 0 0 0 0
0.75 0 0 0 0
0.756667 0 0 0 0
0.763333 0 0 0 0
0.77 0 0 0 0
0.776667 0 0 0 0
0.783333 0 0 0 0
0.79 0 0 0 0
0.796667 0 0 0 0
0.803333 0 0 0 0
0.81 0 0 0 0
0.816667 0 0 0 0
0.823333 0 0 0 0
0.83 0 0 0 0
0.836667 0 0 0 0
0.843333 0 0 0 0
0.85 0 0 0 0
0.856667 0 0 0 0
0.863333 0 0 0 0
0.87 0 0 0 0
0.876667 0 0 0 0
0.883333 0 0 0 0
0.89 0 0 0 0
0.896667 0 0 0 0
0.903333 0 0 0 0
0.91 0 0 0 0
0.916667 0 0 0 0
0.923333 0 0 0 0
0.93 0 0 0 0
0.936667 0 0 0 0
0.943333 0 0 0 0
0.95 0 0 0 0
0.956667 0 0 0 0
0.963333 0 0 0 0
0.97 0 0 0 0
0.976667 0 0 0 0
0.983333 0 0 0 0
0.99 0 0 0 0
0.996667 0 0 0 0
1.00333 0 0 0 0
1.01 0 0 0 0
1.01667 0 0 0 0
1.02333 0 0 0 0
1.03 0 0 0 0
1.03667 0 0 0 0
1.04333 0 0 0 0
1.05 0 0 0 0
1.05667 0 0 0 0
1.06333 0 0 0 0
1.07 0 0 0 0
1.07667 0 0 0 0
1.08333 0 0 0 0
1.09 0 0 0 0
1.09667 0 0 0 0
1.10333 0 0 0 0
1.11 0 0 0 0
1.11667 0 0 0 0
1.12333 0 0 0 0
1.13 0 0 0 0
1.13667 0 0 0 0
1.14333 0 0 0 0
1.15 0 0 0 0
1.15667 0 0 0 0
1.16333 0 0 0 0
1.17 0 0 0 0
1.17667 0 0 0 0
1.18333 0 0 0 0
1.19 0 0 0 0
1.19667 0 0 0 0
1.20333 0 0 0 0
1.21 0 0 0 0
1.21667 0 0 0 0
1.22333 0 0 0 0
1.23 0 0 0 0
1.23667 0 0 0 0
1.24333 0 0 0 0
1.25 0 0 0 0
1.25667 0 0 0 0
1.26333 0 0 0 0
1.27 0 0 0 0
1.27667 0 0 0 0
1.28333 0 0 0 0
1.29 0 0 0 0
1.29667 0 0 0 0
1.30333 0 0 0 0
1.31 0 0 0 0
1.31667 0 0 0 0
1.32333 0 0 0 0
1.33 0 0 0 0
1.33667 0 0 0 0
1.34333 0 0 0 0
1.35 0 0 0 0
1.35667 0 0 0 0
1.36333 0 0 0 0
1.37 0 0 0 0
1.37667 0 0 0 0
1.38333 0 0 0 0
1.39 0 0 0 0
1.39667 0 0 0 0
1.40333 0 0 0 0
1.41 0 0 0 0
1.41667 0 0 0 0
1.42333 0 0 0 0
1.43 0 0 0 0
1.43667 0 0 0 0
1.44333 0 0 0 0
1.45 0 0 0 0
1.45667 0 0 0 0
1.46333 0 0 0 0
1.47 0 0 0 0
1.47667 0 0 0 0
1.48333 0 0 0 0
1.49 0 0 0 0
1.49667 0 0 0 0
1.50333 0 0 0 0
1.51 0 0 0 0
1.51667 0 0 0 0
1.52333 0 0 0 0
1.53 0 0 0 0
1.53667 0 0 0 0
1.54333 0 0 0 0
1.55 0 0 0 0
1.55667 0 0 0 0
1.56333 0 0 0 0
1.57 0 0 0 0
1.57667 0 0 0 0
1.58333 0 0 0 0
1.59 0 0 0 0
1.59667 0 0 0 0
1.60333 0 0 0 0
1.61 0 0 0 0
1.61667 0 0 0 0
1.62333 0 0 0 0
1.63 0 0 0 0
1.63667 0 0 0 0
1.64333 0 0 0 0
1.65 0 0 0 0
1.65667 0 0 0 0
1.66333 0 0 0 0
1.67 0 0 0 0
1.67667 0 0 0 0
1.68333 0 0 0 0
1.69 0 0 0 0
1.69667 0 0 0 0
1.70333 0 0 0 0
1.71 0 0 0 0
1.71667 0 0 0 0
1.72333 0 0 0 0
1.73 0 0 0 0
1.73667 0 0 0 0
1.74333 0 0 0 0
1.75 0 0 0 0
1.75667 0 0 0 0
1.76333 0 0 0 0
1.77 0 0 0 0
1.77667 0 0 0 0
1.78333 0 0 0 0
1.79 0 0 0 0
1.79667 0 0 0 0
1.80333 0 0 0 0
1.81 0 0 0 0
1.81667 0 0 0 0
1.82333 0 0 0 0
1.83 0 0 0 0
1.83667 0 0 0 0
1.84333 0 0 0 0
1.85 0 0 0 0
1.85667 0 0 0 0
1.86333 0 0 0 0
1.87 0 0 0 0
1.87667 0 0 0 0
1.88333 0 0 0 0
1.89 0 0 0 0
1.89667 0 0 0 0
1.90333 0 0 0 0
1.91 0 0 0 0
1.91667 0 0 0 0
1.92333 0 0 0 0
1.93 0 0 0 0
1.93667 0 0 0 0
1.94333 0 0 0 0
1.95 0 0 0 0
1.95667 0 0 0 0
1.96333 0 0 0 0
1.97 0 0 0 0
1.97667 0 0 0 0
1.98333 0 0 0 0
1.99 0 0 0 0
1.99667 0 0 0 0
