0.00333333 4 77 15 0
0.01 4 87 12 1
0.0166667 16 95 16 2
0.0233333 6 89 18 0
0.03 11 91 15 3
0.0366667 17 112 27 1
0.0433333 36 143 18 0
0.05 26 150 29 0
0.0566667 31 180 33 2
0.0633333 46 188 28 2
0.07 45 194 32 1
0.0766667 28 218 38 5
0.0833333 45 215 32 4
0.09 30 217 37 2
0.0966667 34 201 45 3
0.103333 58 231 24 2
0.11 44 215 37 7
0.116667 44 209 44 1
0.123333 40 230 35 6
0.13 28 249 40 4
0.136667 33 207 31 5
0.143333 32 224 37 1
0.15 33 212 35 2
0.156667 27 223 26 7
0.163333 22 200 35 1
0.17 29 185 38 4
0.176667 25 216 39 3
0.183333 16 192 30 0
0.19 33 230 56 6
0.196667 27 224 40 7
0.203333 18 223 42 1
0.21 30 235 34 2
0.216667 27 213 42 2
0.223333 32 237 43 2
0.23 29 185 28 3
0.236667 35 178 32 3
0.243333 24 159 44 2
0.25 16 169 32 2
0.256667 18 145 25 4
0.263333 16 168 30 3
0.27 19 149 28 1
0.276667 21 121 30 1
0.283333 19 142 19 2
0.29 16 134 25 1
0.296667 14 119 29 0
0.303333 21 121 17 2
0.31 19 116 22 0
0.316667 21 127 23 1
0.323333 16 110 21 3
0.33 14 112 25 1
0.336667 16 111 21 1
0.343333 19 125 26 0
0.35 14 125 27 0
0.356667 18 112 25 2
0.363333 13 105 21 1
0.37 20 95 30 1
0.376667 14 97 26 3
0.383333 18 101 23 1
0.39 6 99 24 1
0.396667 10 108 20 1
0.403333 13 105 19 1
0.41 9 100 23 1
0.416667 12 97 27 0
0.423333 16 100 22 2
0.43 10 90 17 2
0.436667 15 90 24 1
0.443333 13 86 20 0
0.45 10 95 14 3
0.456667 15 80 17 2
0.463333 15 92 22 0
0.47 9 83 22 0
0.476667 9 65 15 1
0.483333 14 53 11 0
0.49 8 63 11 0
0.496667 9 72 7 0
0.503333 10 45 9 1
0.51 8 52 10 0
0.516667 4 53 15 1
0.523333 8 43 9 0
0.53 12 42 7 1
0.536667 13 37 13 1
0.543333 9 31 7 0
0.55 10 41 6 0
0.556667 6 39 7 0
0.563333 6 39 7 0
0.57 10 46 15 1
0.576667 5 37 8 1
0.583333 9 49 5 0
0.59 8 45 8 0
0.596667 5 37 10 1
0.603333 6 33 4 0
0.61 11 38 11 0
0.616667 10 32 11 1
0.623333 4 40 6 0
0.63 7 37 11 1
0.636667 7 43 3 2
0.643333 8 40 9 0
0.65 3 29 6 0
0.656667 3 27 6 0
0.663333 181 3359 854 4
0.67 0 0 0 0
0.676667 0 0 0 0
0.683333 0 0 0 0
0.69 0 0 0 0
0.696667 0 0 0 0
0.703333 0 0 0 0
0.71 0 0 0 0
0.716667 0 0 0 0
0.723333 0 0 0 0
0.73 0 0 0 0
0.736667 0 0 0 0
0.743333 0 0 0 0
0.75 0 0 0 0
0.756667 0 0 0 0
0.763333 0 0 0 0
0.77 0 0 0 0
0.776667 0 0 0 0
0.783333 0 0 0 0
0.79 0 0 0 0
0.796667 0 0 0 0
0.803333 0 0 0 0
0.81 0 0 0 0
0.816667 0 0 0 0
0.823333 0 0 0 0
0.83 0 0 0 0
0.836667 0 0 0 0
0.843333 0 0 0 0
0.85 0 0 0 0
0.856667 0 0 0 0
0.863333 0 0 0 0
0.87 0 0 0 0
0.876667 0 0 0 0
0.883333 0 0 0 0
0.89 0 0 0 0
0.896667 0 0 0 0
0.903333 0 0 0 0
0.91 0 0 0 0
0.916667 0 0 0 0
0.923333 0 0 0 0
0.93 0 0 0 0
0.936667 0 0 0 0
0.943333 0 0 0 0
0.95 0 0 0 0
0.956667 0 0 0 0
0.963333 0 0 0 0
0.97 0 0 0 0
0.976667 0 0 0 0
0.983333 0 0 0 0
0.99 0 0 0 0
0.996667 0 0 0 0
1.00333 0 0 0 0
1.01 0 0 0 0
1.01667 0 0 0 0
1.02333 0 0 0 0
1.03 0 0 0 0
1.03667 0 0 0 0
1.04333 0 0 0 0
1.05 0 0 0 0
1.05667 0 0 0 0
1.06333 0 0 0 0
1.07 0 0 0 0
1.07667 0 0 0 0
1.08333 0 0 0 0
1.09 0 0 0 0
1.09667 0 0 0 0
1.10333 0 0 0 0
1.11 0 0 0 0
1.11667 0 0 0 0
1.12333 0 0 0 0
1.13 0 0 0 0
1.13667 0 0 0 0
1.14333 0 0 0 0
1.15 0 0 0 0
1.15667 0 0 0 0
1.16333 0 0 0 0
1.17 0 0 0 0
1.17667 0 0 0 0
1.18333 0 0 0 0
1.19 0 0 0 0
1.19667 0 0 0 0
1.20333 0 0 0 0
1.21 0 0 0 0
1.21667 0 0 0 0
1.22333 0 0 0 0
1.23 0 0 0 0
1.23667 0 0 0 0
1.24333 0 0 0 0
1.25 0 0 0 0
1.25667 0 0 0 0
1.26333 0 0 0 0
1.27 0 0 0 0
1.27667 0 0 0 0
1.28333 0 0 0 0
1.29 0 0 0 0
1.29667 0 0 0 0
1.30333 0 0 0 0
1.31 0 0 0 0
1.31667 0 0 0 0
1.32333 0 0 0 0
1.33 0 0 0 0
1.33667 0 0 0 0
1.34333 0 0 0 0
1.35 0 0 0 0
1.35667 0 0 0 0
1.36333 0 0 0 0
1.37 0 0 0 0
1.37667 0 0 0 0
1.38333 0 0 0 0
1.39 0 0 0 0
1.39667 0 0 0 0
1.40333 0 0 0 0
1.41 0 0 0 0
1.41667 0 0 0 0
1.42333 0 0 0 0
1.43 0 0 0 0
1.43667 0 0 0 0
1.44333 0 0 0 0
1.45 0 0 0 0
1.45667 0 0 0 0
1.46333 0 0 0 0
1.47 0 0 0 0
1.47667 0 0 0 0
1.48333 0 0 0 0
1.49 0 0 0 0
1.49667 0 0 0 0
1.50333 0 0 0 0
1.51 0 0 0 0
1.51667 0 0 0 0
1.52333 0 0 0 0
1.53 0 0 0 0
1.53667 0 0 0 0
1.54333 0 0 0 0
1.55 0 0 0 0
1.55667 0 0 0 0
1.56333 0 0 0 0
1.57 0 0 0 0
1.57667 0 0 0 0
1.58333 0 0 0 0
1.59 0 0 0 0
1.59667 0 0 0 0
1.60333 0 0 0 0
1.61 0 0 0 0
1.61667 0 0 0 0
1.62333 0 0 0 0
1.63 0 0 0 0
1.63667 0 0 0 0
1.64333 0 0 0 0
1.65 0 0 0 0
1.65667 0 0 0 0
1.66333 0 0 0 0
1.67 0 0 0 0
1.67667 0 0 0 0
1.68333 0 0 0 0
1.69 0 0 0 0
1.69667 0 0 0 0
1.70333 0 0 0 0
1.71 0 0 0 0
1.71667 0 0 0 0
1.72333 0 0 0 0
1.73 0 0 0 0
1.73667 0 0 0 0
1.74333 0 0 0 0
1.75 0 0 0 0
1.75667 0 0 0 0
1.76333 0 0 0 0
1.77 0 0 0 0
1.77667 0 0 0 0
1.78333 0 0 0 0
1.79 0 0 0 0
1.79667 0 0 0 0
1.80333 0 0 0 0
1.81 0 0 0 0
1.81667 0 0 0 0
1.82333 0 0 0 0
1.83 0 0 0 0
1.83667 0 0 0 0
1.84333 0 0 0 0
1.85 0 0 0 0
1.85667 0 0 0 0
1.86333 0 0 0 0
1.87 0 0 0 0
1.87667 0 0 0 0
1.88333 0 0 0 0
1.89 0 0 0 0
1.89667 0 0 0 0
1.90333 0 0 0 0
1.91 0 0 0 0
1.91667 0 0 0 0
1.92333 0 0 0 0
1.93 0 0 0 0
1.93667 0 0 0 0
1.94333 0 0 0 0
1.95 0 0 0 0
1.95667 0 0 0 0
1.96333 0 0 0 0
1.97 0 0 0 0
1.97667 0 0 0 0
1.98333 0 0 0 0
1.99 0 0 0 0
1.99667 0 0 0 0
