0.00333333 6 38 22 10
0.01 9 30 21 8
0.0166667 13 42 20 12
0.0233333 9 34 13 8
0.03 4 43 27 13
0.0366667 7 44 29 18
0.0433333 7 42 32 24
0.05 11 54 54 28
0.0566667 17 67 55 25
0.0633333 15 71 79 34
0.07 19 88 62 42
0.0766667 16 74 74 39
0.0833333 18 88 63 29
0.09 25 90 61 32
0.0966667 24 76 81 28
0.103333 24 79 69 43
0.11 17 79 71 36
0.116667 28 100 57 23
0.123333 22 78 47 41
0.13 19 83 46 44
0.136667 14 84 42 34
0.143333 24 88 54 32
0.15 15 85 44 30
0.156667 20 84 41 39
0.163333 15 80 53 23
0.17 7 77 34 30
0.176667 17 79 28 43
0.183333 16 104 56 34
0.19 24 103 49 40
0.196667 25 112 36 34
0.203333 15 108 35 40
0.21 15 73 29 29
0.216667 12 80 40 31
0.223333 20 72 35 26
0.23 13 65 46 26
0.236667 26 68 40 26
0.243333 16 81 32 30
0.25 16 75 22 23
0.256667 15 71 35 20
0.263333 10 65 34 39
0.27 12 62 26 19
0.276667 20 48 28 23
0.283333 11 49 29 27
0.29 16 50 25 29
0.296667 10 61 27 18
0.303333 12 60 18 19
0.31 9 60 33 17
0.316667 11 45 32 27
0.323333 11 49 28 16
0.33 12 41 22 22
0.336667 14 46 11 16
0.343333 16 43 25 19
0.35 10 40 20 32
0.356667 14 41 20 13
0.363333 7 56 22 20
0.37 10 30 19 20
0.376667 10 49 18 17
0.383333 8 44 20 25
0.39 14 48 22 17
0.396667 12 47 18 21
0.403333 11 39 15 15
0.41 9 53 16 12
0.416667 10 40 16 17
0.423333 8 36 21 17
0.43 7 45 14 20
0.436667 7 38 17 14
0.443333 10 42 16 22
0.45 8 34 23 20
0.456667 6 33 19 18
0.463333 7 44 18 16
0.47 9 42 22 16
0.476667 12 33 13 14
0.483333 5 25 12 7
0.49 10 28 13 4
0.496667 5 22 14 11
0.503333 4 23 16 12
0.51 5 20 18 10
0.516667 11 30 8 9
0.523333 7 15 12 7
0.53 9 14 7 12
0.536667 2 21 11 8
0.543333 3 14 13 17
0.55 3 15 11 8
0.556667 3 22 8 9
0.563333 1 13 9 8
0.57 6 15 10 8
0.576667 9 15 5 18
0.583333 6 13 5 13
0.59 5 11 9 3
0.596667 7 19 10 9
0.603333 4 20 5 3
0.61 6 13 10 7
0.616667 4 12 11 8
0.623333 4 13 12 11
0.63 5 19 10 10
0.636667 8 24 4 7
0.643333 9 15 11 9
0.65 6 16 9 8
0.656667 4 16 4 3
0.663333 341 1586 302 565
0.67 0 0 0 0
0.676667 0 0 0 0
0.683333 0 0 0 0
0.69 0 0 0 0
0.696667 0 0 0 0
0.703333 0 0 0 0
0.71 0 0 0 0
0.716667 0 0 0 0
0.723333 0 0 0 0
0.73 0 0 0 0
0.736667 0 0 0 0
0.743333 0 0 0 0
0.75 0 0 0 0
0.756667 0 0 0 0
0.763333 0 0 0 0
0.77 0 0 0 0
0.776667 0 0 0 0
0.783333 0 0 0 0
0.79 0 0 0 0
0.796667 0 0 0 0
0.803333 0 0 0 0
0.81 0 0 0 0
0.816667 0 0 0 0
0.823333 0 0 0 0
0.83 0 0 0 0
0.836667 0 0 0 0
0.843333 0 0 0 0
0.85 0 0 0 0
0.856667 0 0 0 0
0.863333 0 0 0 0
0.87 0 0 0 0
0.876667 0 0 0 0
0.883333 0 0 0 0
0.89 0 0 0 0
0.896667 0 0 0 0
0.903333 0 0 0 0
0.91 0 0 0 0
0.916667 0 0 0 0
0.923333 0 0 0 0
0.93 0 0 0 0
0.936667 0 0 0 0
0.943333 0 0 0 0
0.95 0 0 0 0
0.956667 0 0 0 0
0.963333 0 0 0 0
0.97 0 0 0 0
0.976667 0 0 0 0
0.983333 0 0 0 0
0.99 0 0 0 0
0.996667 0 0 0 0
1.00333 0 0 0 0
1.01 0 0 0 0
1.01667 0 0 0 0
1.02333 0 0 0 0
1.03 0 0 0 0
1.03667 0 0 0 0
1.04333 0 0 0 0
1.05 0 0 0 0
1.05667 0 0 0 0
1.06333 0 0 0 0
1.07 0 0 0 0
1.07667 0 0 0 0
1.08333 0 0 0 0
1.09 0 0 0 0
1.09667 0 0 0 0
1.10333 0 0 0 0
1.11 0 0 0 0
1.11667 0 0 0 0
1.12333 0 0 0 0
1.13 0 0 0 0
1.13667 0 0 0 0
1.14333 0 0 0 0
1.15 0 0 0 0
1.15667 0 0 0 0
1.16333 0 0 0 0
1.17 0 0 0 0
1.17667 0 0 0 0
1.18333 0 0 0 0
1.19 0 0 0 0
1.19667 0 0 0 0
1.20333 0 0 0 0
1.21 0 0 0 0
1.21667 0 0 0 0
1.22333 0 0 0 0
1.23 0 0 0 0
1.23667 0 0 0 0
1.24333 0 0 0 0
1.25 0 0 0 0
1.25667 0 0 0 0
1.26333 0 0 0 0
1.27 0 0 0 0
1.27667 0 0 0 0
1.28333 0 0 0 0
1.29 0 0 0 0
1.29667 0 0 0 0
1.30333 0 0 0 0
1.31 0 0 0 0
1.31667 0 0 0 0
1.32333 0 0 0 0
1.33 0 0 0 0
1.33667 0 0 0 0
1.34333 0 0 0 0
1.35 0 0 0 0
1.35667 0 0 0 0
1.36333 0 0 0 0
1.37 0 0 0 0
1.37667 0 0 0 0
1.38333 0 0 0 0
1.39 0 0 0 0
1.39667 0 0 0 0
1.40333 0 0 0 0
1.41 0 0 0 0
1.41667 0 0 0 0
1.42333 0 0 0 0
1.43 0 0 0 0
1.43667 0 0 0 0
1.44333 0 0 0 0
1.45 0 0 0 0
1.45667 0 0 0 0
1.46333 0 0 0 0
1.47 0 0 0 0
1.47667 0 0 0 0
1.48333 0 0 0 0
1.49 0 0 0 0
1.49667 0 0 0 0
1.50333 0 0 0 0
1.51 0 0 0 0
1.51667 0 0 0 0
1.52333 0 0 0 0
1.53 0 0 0 0
1.53667 0 0 0 0
1.54333 0 0 0 0
1.55 0 0 0 0
1.55667 0 0 0 0
1.56333 0 0 0 0
1.57 0 0 0 0
1.57667 0 0 0 0
1.58333 0 0 0 0
1.59 0 0 0 0
1.59667 0 0 0 0
1.60333 0 0 0 0
1.61 0 0 0 0
1.61667 0 0 0 0
1.62333 0 0 0 0
1.63 0 0 0 0
1.63667 0 0 0 0
1.64333 0 0 0 0
1.65 0 0 0 0
1.65667 0 0 0 0
1.66333 0 0 0 0
1.67 0 0 0 0
1.67667 0 0 0 0
1.68333 0 0 0 0
1.69 0 0 0 0
1.69667 0 0 0 0
1.70333 0 0 0 0
1.71 0 0 0 0
1.71667 0 0 0 0
1.72333 0 0 0 0
1.73 0 0 0 0
1.73667 0 0 0 0
1.74333 0 0 0 0
1.75 0 0 0 0
1.75667 0 0 0 0
1.76333 0 0 0 0
1.77 0 0 0 0
1.77667 0 0 0 0
1.78333 0 0 0 0
1.79 0 0 0 0
1.79667 0 0 0 0
1.80333 0 0 0 0
1.81 0 0 0 0
1.81667 0 0 0 0
1.82333 0 0 0 0
1.83 0 0 0 0
1.83667 0 0 0 0
1.84333 0 0 0 0
1.85 0 0 0 0
1.85667 0 0 0 0
1.86333 0 0 0 0
1.87 0 0 0 0
1.87667 0 0 0 0
1.88333 0 0 0 0
1.89 0 0 0 0
1.89667 0 0 0 0
1.90333 0 0 0 0
1.91 0 0 0 0
1.91667 0 0 0 0
1.92333 0 0 0 0
1.93 0 0 0 0
1.93667 0 0 0 0
1.94333 0 0 0 0
1.95 0 0 0 0
1.95667 0 0 0 0
1.96333 0 0 0 0
1.97 0 0 0 0
1.97667 0 0 0 0
1.98333 0 0 0 0
1.99 0 0 0 0
1.99667 0 0 0 0
