0.00333333 2 5 45 27
0.01 3 4 50 45
0.0166667 3 6 67 40
0.0233333 4 13 67 26
0.03 2 3 78 55
0.0366667 2 10 107 49
0.0433333 5 10 133 69
0.05 4 23 179 88
0.0566667 10 25 207 109
0.0633333 9 25 222 106
0.07 6 31 240 147
0.0766667 4 21 237 157
0.0833333 3 26 234 146
0.09 5 18 236 150
0.0966667 7 29 225 143
0.103333 9 31 253 149
0.11 9 26 238 135
0.116667 4 23 204 131
0.123333 6 18 213 145
0.13 8 19 231 138
0.136667 8 22 256 101
0.143333 10 22 205 140
0.15 4 23 165 100
0.156667 7 25 180 88
0.163333 7 17 160 113
0.17 6 27 161 92
0.176667 4 16 160 89
0.183333 7 24 172 101
0.19 4 15 178 124
0.196667 5 19 149 107
0.203333 7 17 137 91
0.21 5 16 137 111
0.216667 1 19 147 94
0.223333 4 14 131 90
0.23 4 20 143 78
0.236667 3 19 130 89
0.243333 5 17 128 58
0.25 3 13 126 72
0.256667 2 15 109 61
0.263333 5 8 101 75
0.27 0 20 101 63
0.276667 1 17 103 58
0.283333 5 13 109 57
0.29 2 5 108 68
0.296667 0 12 77 69
0.303333 4 9 79 61
0.31 4 10 100 52
0.316667 1 10 90 56
0.323333 7 11 81 58
0.33 5 8 66 40
0.336667 2 9 92 44
0.343333 4 10 81 53
0.35 1 12 67 46
0.356667 1 11 61 36
0.363333 0 10 67 35
0.37 3 12 80 49
0.376667 2 7 67 50
0.383333 2 9 64 50
0.39 3 16 66 38
0.396667 3 11 58 31
0.403333 4 7 59 34
0.41 1 8 52 46
0.416667 3 9 55 41
0.423333 0 5 61 43
0.43 0 10 49 41
0.436667 4 11 61 27
0.443333 4 7 60 49
0.45 3 10 60 26
0.456667 0 11 67 42
0.463333 3 8 51 41
0.47 2 11 56 35
0.476667 2 7 47 30
0.483333 0 9 40 30
0.49 1 5 48 23
0.496667 1 5 33 30
0.503333 2 6 36 22
0.51 1 5 29 23
0.516667 1 4 45 25
0.523333 2 6 28 17
0.53 1 6 31 13
0.536667 0 3 35 15
0.543333 3 4 26 21
0.55 1 3 32 24
0.556667 5 6 21 21
0.563333 2 4 21 25
0.57 1 6 23 26
0.576667 3 10 27 20
0.583333 4 9 23 23
0.59 5 3 17 19
0.596667 2 4 28 19
0.603333 0 5 27 18
0.61 2 6 29 18
0.616667 1 6 23 8
0.623333 2 4 21 14
0.63 1 8 36 19
0.636667 0 6 30 15
0.643333 0 7 20 25
0.65 3 4 28 14
0.656667 2 3 21 13
0.663333 36 146 1498 920
0.67 0 0 0 0
0.676667 0 0 0 0
0.683333 0 0 0 0
0.69 0 0 0 0
0.696667 0 0 0 0
0.703333 0 0 0 0
0.71 0 0 0 0
0.716667 0 0 0 0
0.723333 0 0 0 0
0.73 0 0 0 0
0.736667 0 0 0 0
0.743333 0 0 0 0
0.75 0 0 0 0
0.756667 0 0 0 0
0.763333 0 0 0 0
0.77 0 0 0 0
0.776667 0 0 0 0
0.783333 0 0 0 0
0.79 0 0 0 0
0.796667 0 0 0 0
0.803333 0 0 0 0
0.81 0 0 0 0
0.816667 0 0 0 0
0.823333 0 0 0 0
0.83 0 0 0 0
0.836667 0 0 0 0
0.843333 0 0 0 0
0.85 0 0 0 0
0.856667 0 0 0 0
0.863333 0 0 0 0
0.87 0 0 0 0
0.876667 0 0 0 0
0.883333 0 0 0 0
0.89 0 0 0 0
0.896667 0 0 0 0
0.903333 0 0 0 0
0.91 0 0 0 0
0.916667 0 0 0 0
0.923333 0 0 0 0
0.93 0 0 0 0
0.936667 0 0 0 0
0.943333 0 0 0 0
0.95 0 0 0 0
0.956667 0 0 0 0
0.963333 0 0 0 0
0.97 0 0 0 0
0.976667 0 0 0 0
0.983333 0 0 0 0
0.99 0 0 0 0
0.996667 0 0 0 0
1.00333 0 0 0 0
1.01 0 0 0 0
1.01667 0 0 0 0
1.02333 0 0 0 0
1.03 0 0 0 0
1.03667 0 0 0 0
1.04333 0 0 0 0
1.05 0 0 0 0
1.05667 0 0 0 0
1.06333 0 0 0 0
1.07 0 0 0 0
1.07667 0 0 0 0
1.08333 0 0 0 0
1.09 0 0 0 0
1.09667 0 0 0 0
1.10333 0 0 0 0
1.11 0 0 0 0
1.11667 0 0 0 0
1.12333 0 0 0 0
1.13 0 0 0 0
1.13667 0 0 0 0
1.14333 0 0 0 0
1.15 0 0 0 0
1.15667 0 0 0 0
1.16333 0 0 0 0
1.17 0 0 0 0
1.17667 0 0 0 0
1.18333 0 0 0 0
1.19 0 0 0 0
1.19667 0 0 0 0
1.20333 0 0 0 0
1.21 0 0 0 0
1.21667 0 0 0 0
1.22333 0 0 0 0
1.23 0 0 0 0
1.23667 0 0 0 0
1.24333 0 0 0 0
1.25 0 0 0 0
1.25667 0 0 0 0
1.26333 0 0 0 0
1.27 0 0 0 0
1.27667 0 0 0 0
1.28333 0 0 0 0
1.29 0 0 0 0
1.29667 0 0 0 0
1.30333 0 0 0 0
1.31 0 0 0 0
1.31667 0 0 0 0
1.32333 0 0 0 0
1.33 0 0 0 0
1.33667 0 0 0 0
1.34333 0 0 0 0
1.35 0 0 0 0
1.35667 0 0 0 0
1.36333 0 0 0 0
1.37 0 0 0 0
1.37667 0 0 0 0
1.38333 0 0 0 0
1.39 0 0 0 0
1.39667 0 0 0 0
1.40333 0 0 0 0
1.41 0 0 0 0
1.41667 0 0 0 0
1.42333 0 0 0 0
1.43 0 0 0 0
1.43667 0 0 0 0
1.44333 0 0 0 0
1.45 0 0 0 0
1.45667 0 0 0 0
1.46333 0 0 0 0
1.47 0 0 0 0
1.47667 0 0 0 0
1.48333 0 0 0 0
1.49 0 0 0 0
1.49667 0 0 0 0
1.50333 0 0 0 0
1.51 0 0 0 0
1.51667 0 0 0 0
1.52333 0 0 0 0
1.53 0 0 0 0
1.53667 0 0 0 0
1.54333 0 0 0 0
1.55 0 0 0 0
1.55667 0 0 0 0
1.56333 0 0 0 0
1.57 0 0 0 0
1.57667 0 0 0 0
1.58333 0 0 0 0
1.59 0 0 0 0
1.59667 0 0 0 0
1.60333 0 0 0 0
1.61 0 0 0 0
1.61667 0 0 0 0
1.62333 0 0 0 0
1.63 0 0 0 0
1.63667 0 0 0 0
1.64333 0 0 0 0
1.65 0 0 0 0
1.65667 0 0 0 0
1.66333 0 0 0 0
1.67 0 0 0 0
1.67667 0 0 0 0
1.68333 0 0 0 0
1.69 0 0 0 0
1.69667 0 0 0 0
1.70333 0 0 0 0
1.71 0 0 0 0
1.71667 0 0 0 0
1.72333 0 0 0 0
1.73 0 0 0 0
1.73667 0 0 0 0
1.74333 0 0 0 0
1.75 0 0 0 0
1.75667 0 0 0 0
1.76333 0 0 0 0
1.77 0 0 0 0
1.77667 0 0 0 0
1.78333 0 0 0 0
1.79 0 0 0 0
1.79667 0 0 0 0
1.80333 0 0 0 0
1.81 0 0 0 0
1.81667 0 0 0 0
1.82333 0 0 0 0
1.83 0 0 0 0
1.83667 0 0 0 0
1.84333 0 0 0 0
1.85 0 0 0 0
1.85667 0 0 0 0
1.86333 0 0 0 0
1.87 0 0 0 0
1.87667 0 0 0 0
1.88333 0 0 0 0
1.89 0 0 0 0
1.89667 0 0 0 0
1.90333 0 0 0 0
1.91 0 0 0 0
1.91667 0 0 0 0
1.92333 0 0 0 0
1.93 0 0 0 0
1.93667 0 0 0 0
1.94333 0 0 0 0
1.95 0 0 0 0
1.95667 0 0 0 0
1.96333 0 0 0 0
1.97 0 0 0 0
1.97667 0 0 0 0
1.98333 0 0 0 0
1.99 0 0 0 0
1.99667 0 0 0 0
