0.00333333 9 39 29 3
0.01 6 43 34 10
0.0166667 5 44 50 6
0.0233333 9 47 41 5
0.03 13 52 42 5
0.0366667 7 54 69 10
0.0433333 13 80 58 12
0.05 20 82 85 16
0.0566667 19 119 107 16
0.0633333 24 117 111 15
0.07 27 138 125 15
0.0766667 23 140 152 14
0.0833333 23 125 148 17
0.09 14 138 126 27
0.0966667 16 134 135 20
0.103333 34 137 131 17
0.11 18 132 149 22
0.116667 22 153 150 18
0.123333 19 126 131 18
0.13 18 132 138 13
0.136667 16 108 134 16
0.143333 7 115 123 8
0.15 19 99 138 19
0.156667 16 96 116 7
0.163333 14 98 122 10
0.17 18 99 87 13
0.176667 11 96 90 19
0.183333 19 118 89 11
0.19 15 123 138 10
0.196667 20 121 134 11
0.203333 13 114 116 8
0.21 7 111 108 8
0.216667 13 111 100 8
0.223333 14 98 87 11
0.23 15 90 98 12
0.236667 11 75 82 7
0.243333 12 90 87 6
0.25 13 84 72 6
0.256667 7 85 65 10
0.263333 12 74 62 6
0.27 11 60 72 9
0.276667 14 62 58 8
0.283333 11 50 65 6
0.29 6 80 46 2
0.296667 10 68 44 17
0.303333 7 67 57 4
0.31 6 63 52 9
0.316667 5 56 55 7
0.323333 9 54 49 7
0.33 8 60 48 6
0.336667 9 58 63 7
0.343333 4 62 41 9
0.35 5 51 49 4
0.356667 10 44 36 10
0.363333 11 43 58 1
0.37 1 52 47 5
0.376667 5 39 59 8
0.383333 6 42 47 4
0.39 9 37 58 3
0.396667 7 46 38 1
0.403333 7 42 42 2
0.41 11 36 47 3
0.416667 9 40 47 5
0.423333 5 40 42 6
0.43 7 35 36 4
0.436667 3 41 51 4
0.443333 6 37 36 6
0.45 6 32 52 4
0.456667 6 29 41 8
0.463333 5 46 48 2
0.47 4 32 38 5
0.476667 4 24 31 6
0.483333 7 33 26 5
0.49 3 29 24 2
0.496667 7 23 23 5
0.503333 6 21 26 5
0.51 3 19 20 4
0.516667 4 24 22 4
0.523333 4 20 14 3
0.53 4 29 18 4
0.536667 7 24 12 3
0.543333 3 13 18 3
0.55 2 30 20 1
0.556667 3 17 22 3
0.563333 3 10 27 3
0.57 5 9 19 3
0.576667 1 18 26 4
0.583333 5 33 26 1
0.59 2 14 16 7
0.596667 4 21 15 2
0.603333 4 15 25 1
0.61 6 27 8 2
0.616667 4 19 18 5
0.623333 4 23 9 1
0.63 5 15 12 6
0.636667 5 20 13 4
0.643333 1 19 12 1
0.65 2 21 24 5
0.656667 1 27 16 0
0.663333 101 1050 1187 77
0.67 0 0 0 0
0.676667 0 0 0 0
0.683333 0 0 0 0
0.69 0 0 0 0
0.696667 0 0 0 0
0.703333 0 0 0 0
0.71 0 0 0 0
0.716667 0 0 0 0
0.723333 0 0 0 0
0.73 0 0 0 0
0.736667 0 0 0 0
0.743333 0 0 0 0
0.75 0 0 0 0
0.756667 0 0 0 0
0.763333 0 0 0 0
0.77 0 0 0 0
0.776667 0 0 0 0
0.783333 0 0 0 0
0.79 0 0 0 0
0.796667 0 0 0 0
0.803333 0 0 0 0
0.81 0 0 0 0
0.816667 0 0 0 0
0.823333 0 0 0 0
0.83 0 0 0 0
0.836667 0 0 0 0
0.843333 0 0 0 0
0.85 0 0 0 0
0.856667 0 0 0 0
0.863333 0 0 0 0
0.87 0 0 0 0
0.876667 0 0 0 0
0.883333 0 0 0 0
0.89 0 0 0 0
0.896667 0 0 0 0
0.903333 0 0 0 0
0.91 0 0 0 0
0.916667 0 0 0 0
0.923333 0 0 0 0
0.93 0 0 0 0
0.936667 0 0 0 0
0.943333 0 0 0 0
0.95 0 0 0 0
0.956667 0 0 0 0
0.963333 0 0 0 0
0.97 0 0 0 0
0.976667 0 0 0 0
0.983333 0 0 0 0
0.99 0 0 0 0
0.996667 0 0 0 0
1.00333 0 0 0 0
1.01 0 0 0 0
1.01667 0 0 0 0
1.02333 0 0 0 0
1.03 0 0 0 0
1.03667 0 0 0 0
1.04333 0 0 0 0
1.05 0 0 0 0
1.05667 0 0 0 0
1.06333 0 0 0 0
1.07 0 0 0 0
1.07667 0 0 0 0
1.08333 0 0 0 0
1.09 0 0 0 0
1.09667 0 0 0 0
1.10333 0 0 0 0
1.11 0 0 0 0
1.11667 0 0 0 0
1.12333 0 0 0 0
1.13 0 0 0 0
1.13667 0 0 0 0
1.14333 0 0 0 0
1.15 0 0 0 0
1.15667 0 0 0 0
1.16333 0 0 0 0
1.17 0 0 0 0
1.17667 0 0 0 0
1.18333 0 0 0 0
1.19 0 0 0 0
1.19667 0 0 0 0
1.20333 0 0 0 0
1.21 0 0 0 0
1.21667 0 0 0 0
1.22333 0 0 0 0
1.23 0 0 0 0
1.23667 0 0 0 0
1.24333 0 0 0 0
1.25 0 0 0 0
1.25667 0 0 0 0
1.26333 0 0 0 0
1.27 0 0 0 0
1.27667 0 0 0 0
1.28333 0 0 0 0
1.29 0 0 0 0
1.29667 0 0 0 0
1.30333 0 0 0 0
1.31 0 0 0 0
1.31667 0 0 0 0
1.32333 0 0 0 0
1.33 0 0 0 0
1.33667 0 0 0 0
1.34333 0 0 0 0
1.35 0 0 0 0
1.35667 0 0 0 0
1.36333 0 0 0 0
1.37 0 0 0 0
1.37667 0 0 0 0
1.38333 0 0 0 0
1.39 0 0 0 0
1.39667 0 0 0 0
1.40333 0 0 0 0
1.41 0 0 0 0
1.41667 0 0 0 0
1.42333 0 0 0 0
1.43 0 0 0 0
1.43667 0 0 0 0
1.44333 0 0 0 0
1.45 0 0 0 0
1.45667 0 0 0 0
1.46333 0 0 0 0
1.47 0 0 0 0
1.47667 0 0 0 0
1.48333 0 0 0 0
1.49 0 0 0 0
1.49667 0 0 0 0
1.50333 0 0 0 0
1.51 0 0 0 0
1.51667 0 0 0 0
1.52333 0 0 0 0
1.53 0 0 0 0
1.53667 0 0 0 0
1.54333 0 0 0 0
1.55 0 0 0 0
1.55667 0 0 0 0
1.56333 0 0 0 0
1.57 0 0 0 0
1.57667 0 0 0 0
1.58333 0 0 0 0
1.59 0 0 0 0
1.59667 0 0 0 0
1.60333 0 0 0 0
1.61 0 0 0 0
1.61667 0 0 0 0
1.62333 0 0 0 0
1.63 0 0 0 0
1.63667 0 0 0 0
1.64333 0 0 0 0
1.65 0 0 0 0
1.65667 0 0 0 0
1.66333 0 0 0 0
1.67 0 0 0 0
1.67667 0 0 0 0
1.68333 0 0 0 0
1.69 0 0 0 0
1.69667 0 0 0 0
1.70333 0 0 0 0
1.71 0 0 0 0
1.71667 0 0 0 0
1.72333 0 0 0 0
1.73 0 0 0 0
1.73667 0 0 0 0
1.74333 0 0 0 0
1.75 0 0 0 0
1.75667 0 0 0 0
1.76333 0 0 0 0
1.77 0 0 0 0
1.77667 0 0 0 0
1.78333 0 0 0 0
1.79 0 0 0 0
1.79667 0 0 0 0
1.80333 0 0 0 0
1.81 0 0 0 0
1.81667 0 0 0 0
1.82333 0 0 0 0
1.83 0 0 0 0
1.83667 0 0 0 0
1.84333 0 0 0 0
1.85 0 0 0 0
1.85667 0 0 0 0
1.86333 0 0 0 0
1.87 0 0 0 0
1.87667 0 0 0 0
1.88333 0 0 0 0
1.89 0 0 0 0
1.89667 0 0 0 0
1.90333 0 0 0 0
1.91 0 0 0 0
1.91667 0 0 0 0
1.92333 0 0 0 0
1.93 0 0 0 0
1.93667 0 0 0 0
1.94333 0 0 0 0
1.95 0 0 0 0
1.95667 0 0 0 0
1.96333 0 0 0 0
1.97 0 0 0 0
1.97667 0 0 0 0
1.98333 0 0 0 0
1.99 0 0 0 0
1.99667 0 0 0 0
