0.00333333 11 34 17 0
0.01 15 46 12 6
0.0166667 8 47 14 4
0.0233333 13 50 16 2
0.03 18 44 18 1
0.0366667 34 80 21 0
0.0433333 42 79 24 5
0.05 38 112 29 5
0.0566667 47 133 19 2
0.0633333 53 154 32 4
0.07 54 155 35 5
0.0766667 56 141 33 7
0.0833333 58 166 47 2
0.09 56 174 37 2
0.0966667 63 132 33 6
0.103333 71 174 44 5
0.11 64 144 41 5
0.116667 52 148 45 8
0.123333 53 182 50 2
0.13 38 135 40 4
0.136667 48 128 35 5
0.143333 35 145 46 2
0.15 38 132 35 4
0.156667 32 124 35 1
0.163333 32 111 31 2
0.17 29 120 31 2
0.176667 29 108 35 4
0.183333 34 106 37 2
0.19 30 124 40 2
0.196667 32 123 58 4
0.203333 30 102 42 2
0.21 25 96 32 2
0.216667 32 118 36 1
0.223333 17 105 35 2
0.23 31 111 29 1
0.236667 25 94 32 0
0.243333 31 72 38 3
0.25 29 96 31 2
0.256667 22 93 17 2
0.263333 29 68 35 2
0.27 20 82 23 3
0.276667 26 78 25 2
0.283333 20 68 26 1
0.29 22 82 26 1
0.296667 14 58 16 0
0.303333 18 70 24 2
0.31 20 75 27 0
0.316667 19 69 26 1
0.323333 19 56 25 2
0.33 16 65 23 2
0.336667 25 57 30 3
0.343333 18 67 24 0
0.35 22 57 16 0
0.356667 24 49 15 3
0.363333 27 53 20 3
0.37 19 57 17 2
0.376667 23 61 20 3
0.383333 15 60 14 0
0.39 22 59 17 1
0.396667 15 52 17 1
0.403333 16 42 19 0
0.41 10 43 16 0
0.416667 19 48 25 3
0.423333 13 56 9 0
0.43 10 39 20 1
0.436667 16 55 18 0
0.443333 17 38 14 1
0.45 13 44 16 1
0.456667 16 46 16 4
0.463333 15 37 16 0
0.47 9 40 12 0
0.476667 12 47 12 0
0.483333 13 33 11 0
0.49 18 35 11 0
0.496667 7 43 9 2
0.503333 11 31 13 2
0.51 12 28 11 0
0.516667 9 29 6 2
0.523333 12 15 3 0
0.53 7 25 8 0
0.536667 10 23 9 3
0.543333 4 31 14 1
0.55 5 27 12 0
0.556667 5 19 9 0
0.563333 9 27 9 1
0.57 9 15 9 0
0.576667 6 26 11 1
0.583333 8 24 8 2
0.59 7 26 9 1
0.596667 10 35 5 1
0.603333 2 21 14 0
0.61 3 35 3 1
0.616667 6 20 8 0
0.623333 7 25 8 1
0.63 4 22 13 1
0.636667 10 32 9 0
0.643333 7 14 6 0
0.65 5 19 3 3
0.656667 12 31 8 0
0.663333 226 1216 655 13
0.67 0 0 0 0
0.676667 0 0 0 0
0.683333 0 0 0 0
0.69 0 0 0 0
0.696667 0 0 0 0
0.703333 0 0 0 0
0.71 0 0 0 0
0.716667 0 0 0 0
0.723333 0 0 0 0
0.73 0 0 0 0
0.736667 0 0 0 0
0.743333 0 0 0 0
0.75 0 0 0 0
0.756667 0 0 0 0
0.763333 0 0 0 0
0.77 0 0 0 0
0.776667 0 0 0 0
0.783333 0 0 0 0
0.79 0 0 0 0
0.796667 0 0 0 0
0.803333 0 0 0 0
0.81 0 0 0 0
0.816667 0 0 0 0
0.823333 0 0 0 0
0.83 0 0 0 0
0.836667 0 0 0 0
0.843333 0 0 0 0
0.85 0 0 0 0
0.856667 0 0 0 0
0.863333 0 0 0 0
0.87 0 0 0 0
0.876667 0 0 0 0
0.883333 0 0 0 0
0.89 0 0 0 0
0.896667 0 0 0 0
0.903333 0 0 0 0
0.91 0 0 0 0
0.916667 0 0 0 0
0.923333 0 0 0 0
0.93 0 0 0 0
0.936667 0 0 0 0
0.943333 0 0 0 0
0.95 0 0 0 0
0.956667 0 0 0 0
0.963333 0 0 0 0
0.97 0 0 0 0
0.976667 0 0 0 0
0.983333 0 0 0 0
0.99 0 0 0 0
0.996667 0 0 0 0
1.00333 0 0 0 0
1.01 0 0 0 0
1.01667 0 0 0 0
1.02333 0 0 0 0
1.03 0 0 0 0
1.03667 0 0 0 0
1.04333 0 0 0 0
1.05 0 0 0 0
1.05667 0 0 0 0
1.06333 0 0 0 0
1.07 0 0 0 0
1.07667 0 0 0 0
1.08333 0 0 0 0
1.09 0 0 0 0
1.09667 0 0 0 0
1.10333 0 0 0 0
1.11 0 0 0 0
1.11667 0 0 0 0
1.12333 0 0 0 0
1.13 0 0 0 0
1.13667 0 0 0 0
1.14333 0 0 0 0
1.15 0 0 0 0
1.15667 0 0 0 0
1.16333 0 0 0 0
1.17 0 0 0 0
1.17667 0 0 0 0
1.18333 0 0 0 0
1.19 0 0 0 0
1.19667 0 0 0 0
1.20333 0 0 0 0
1.21 0 0 0 0
1.21667 0 0 0 0
1.22333 0 0 0 0
1.23 0 0 0 0
1.23667 0 0 0 0
1.24333 0 0 0 0
1.25 0 0 0 0
1.25667 0 0 0 0
1.26333 0 0 0 0
1.27 0 0 0 0
1.27667 0 0 0 0
1.28333 0 0 0 0
1.29 0 0 0 0
1.29667 0 0 0 0
1.30333 0 0 0 0
1.31 0 0 0 0
1.31667 0 0 0 0
1.32333 0 0 0 0
1.33 0 0 0 0
1.33667 0 0 0 0
1.34333 0 0 0 0
1.35 0 0 0 0
1.35667 0 0 0 0
1.36333 0 0 0 0
1.37 0 0 0 0
1.37667 0 0 0 0
1.38333 0 0 0 0
1.39 0 0 0 0
1.39667 0 0 0 0
1.40333 0 0 0 0
1.41 0 0 0 0
1.41667 0 0 0 0
1.42333 0 0 0 0
1.43 0 0 0 0
1.43667 0 0 0 0
1.44333 0 0 0 0
1.45 0 0 0 0
1.45667 0 0 0 0
1.46333 0 0 0 0
1.47 0 0 0 0
1.47667 0 0 0 0
1.48333 0 0 0 0
1.49 0 0 0 0
1.49667 0 0 0 0
1.50333 0 0 0 0
1.51 0 0 0 0
1.51667 0 0 0 0
1.52333 0 0 0 0
1.53 0 0 0 0
1.53667 0 0 0 0
1.54333 0 0 0 0
1.55 0 0 0 0
1.55667 0 0 0 0
1.56333 0 0 0 0
1.57 0 0 0 0
1.57667 0 0 0 0
1.58333 0 0 0 0
1.59 0 0 0 0
1.59667 0 0 0 0
1.60333 0 0 0 0
1.61 0 0 0 0
1.61667 0 0 0 0
1.62333 0 0 0 0
1.63 0 0 0 0
1.63667 0 0 0 0
1.64333 0 0 0 0
1.65 0 0 0 0
1.65667 0 0 0 0
1.66333 0 0 0 0
1.67 0 0 0 0
1.67667 0 0 0 0
1.68333 0 0 0 0
1.69 0 0 0 0
1.69667 0 0 0 0
1.70333 0 0 0 0
1.71 0 0 0 0
1.71667 0 0 0 0
1.72333 0 0 0 0
1.73 0 0 0 0
1.73667 0 0 0 0
1.74333 0 0 0 0
1.75 0 0 0 0
1.75667 0 0 0 0
1.76333 0 0 0 0
1.77 0 0 0 0
1.77667 0 0 0 0
1.78333 0 0 0 0
1.79 0 0 0 0
1.79667 0 0 0 0
1.80333 0 0 0 0
1.81 0 0 0 0
1.81667 0 0 0 0
1.82333 0 0 0 0
1.83 0 0 0 0
1.83667 0 0 0 0
1.84333 0 0 0 0
1.85 0 0 0 0
1.85667 0 0 0 0
1.86333 0 0 0 0
1.87 0 0 0 0
1.87667 0 0 0 0
1.88333 0 0 0 0
1.89 0 0 0 0
1.89667 0 0 0 0
1.90333 0 0 0 0
1.91 0 0 0 0
1.91667 0 0 0 0
1.92333 0 0 0 0
1.93 0 0 0 0
1.93667 0 0 0 0
1.94333 0 0 0 0
1.95 0 0 0 0
1.95667 0 0 0 0
1.96333 0 0 0 0
1.97 0 0 0 0
1.97667 0 0 0 0
1.98333 0 0 0 0
1.99 0 0 0 0
1.99667 0 0 0 0
