0.00333333 33 10 0 0
0.01 32 15 0 0
0.0166667 44 21 0 2
0.0233333 49 16 0 0
0.03 50 20 2 0
0.0366667 56 19 5 2
0.0433333 63 33 2 0
0.05 93 37 2 3
0.0566667 97 35 1 0
0.0633333 131 33 2 0
0.07 128 43 5 0
0.0766667 112 46 2 2
0.0833333 127 56 4 0
0.09 138 50 5 1
0.0966667 117 49 3 1
0.103333 130 55 3 2
0.11 134 43 4 1
0.116667 154 33 2 2
0.123333 130 38 3 1
0.13 125 31 6 2
0.136667 133 29 2 0
0.143333 105 30 3 0
0.15 126 33 2 2
0.156667 123 30 7 0
0.163333 100 31 2 1
0.17 114 34 3 1
0.176667 102 26 3 0
0.183333 118 28 3 0
0.19 109 18 4 1
0.196667 93 32 4 0
0.203333 94 20 1 0
0.21 114 29 3 1
0.216667 105 25 1 1
0.223333 97 22 1 0
0.23 87 26 1 0
0.236667 82 38 3 0
0.243333 71 23 5 1
0.25 71 22 3 2
0.256667 59 18 1 0
0.263333 62 20 1 0
0.27 72 15 2 1
0.276667 71 21 3 2
0.283333 63 11 1 1
0.29 71 17 2 0
0.296667 51 18 0 1
0.303333 68 19 3 0
0.31 68 23 1 0
0.316667 57 24 1 0
0.323333 68 18 3 1
0.33 60 12 2 1
0.336667 52 14 1 3
0.343333 65 21 1 1
0.35 66 9 0 0
0.356667 49 13 3 2
0.363333 53 23 3 0
0.37 57 15 2 0
0.376667 49 16 3 1
0.383333 62 16 0 0
0.39 46 10 2 0
0.396667 59 8 1 0
0.403333 38 9 2 1
0.41 51 17 3 0
0.416667 67 19 2 1
0.423333 32 20 1 1
0.43 45 15 2 0
0.436667 50 12 1 0
0.443333 41 12 3 0
0.45 57 20 2 0
0.456667 51 11 1 0
0.463333 51 15 0 2
0.47 52 11 1 0
0.476667 38 16 1 0
0.483333 29 13 5 0
0.49 28 13 2 0
0.496667 38 9 3 0
0.503333 26 8 1 0
0.51 30 9 0 0
0.516667 27 7 1 0
0.523333 35 2 0 0
0.53 29 6 1 0
0.536667 36 7 1 0
0.543333 24 6 1 0
0.55 25 4 0 0
0.556667 27 6 0 1
0.563333 35 7 0 1
0.57 30 14 1 0
0.576667 27 4 1 0
0.583333 21 7 1 0
0.59 15 9 2 0
0.596667 19 9 1 0
0.603333 31 11 0 0
0.61 16 8 0 0
0.616667 26 6 1 0
0.623333 23 4 2 0
0.63 24 8 0 0
0.636667 27 9 1 0
0.643333 23 7 3 2
0.65 28 9 1 0
0.656667 23 7 2 0
0.663333 1215 224 20 6
0.67 0 0 0 0
0.676667 0 0 0 0
0.683333 0 0 0 0
0.69 0 0 0 0
0.696667 0 0 0 0
0.703333 0 0 0 0
0.71 0 0 0 0
0.716667 0 0 0 0
0.723333 0 0 0 0
0.73 0 0 0 0
0.736667 0 0 0 0
0.743333 0 0 0 0
0.75 0 0 0 0
0.756667 0 0 0 0
0.763333 0 0 0 0
0.77 0 0 0 0
0.776667 0 0 0 0
0.783333 0 0 0 0
0.79 0 0 0 0
0.796667 0 0 0 0
0.803333 0 0 0 0
0.81 0 0 0 0
0.816667 0 0 0 0
0.823333 0 0 0 0
0.83 0 0 0 0
0.836667 0 0 0 0
0.843333 0 0 0 0
0.85 0 0 0 0
0.856667 0 0 0 0
0.863333 0 0 0 0
0.87 0 0 0 0
0.876667 0 0 0 0
0.883333 0 0 0 0
0.89 0 0 0 0
0.896667 0 0 0 0
0.903333 0 0 0 0
0.91 0 0 0 0
0.916667 0 0 0 0
0.923333 0 0 0 0
0.93 0 0 0 0
0.936667 0 0 0 0
0.943333 0 0 0 0
0.95 0 0 0 0
0.956667 0 0 0 0
0.963333 0 0 0 0
0.97 0 0 0 0
0.976667 0 0 0 0
0.983333 0 0 0 0
0.99 0 0 0 0
0.996667 0 0 0 0
1.00333 0 0 0 0
1.01 0 0 0 0
1.01667 0 0 0 0
1.02333 0 0 0 0
1.03 0 0 0 0
1.03667 0 0 0 0
1.04333 0 0 0 0
1.05 0 0 0 0
1.05667 0 0 0 0
1.06333 0 0 0 0
1.07 0 0 0 0
1.07667 0 0 0 0
1.08333 0 0 0 0
1.09 0 0 0 0
1.09667 0 0 0 0
1.10333 0 0 0 0
1.11 0 0 0 0
1.11667 0 0 0 0
1.12333 0 0 0 0
1.13 0 0 0 0
1.13667 0 0 0 0
1.14333 0 0 0 0
1.15 0 0 0 0
1.15667 0 0 0 0
1.16333 0 0 0 0
1.17 0 0 0 0
1.17667 0 0 0 0
1.18333 0 0 0 0
1.19 0 0 0 0
1.19667 0 0 0 0
1.20333 0 0 0 0
1.21 0 0 0 0
1.21667 0 0 0 0
1.22333 0 0 0 0
1.23 0 0 0 0
1.23667 0 0 0 0
1.24333 0 0 0 0
1.25 0 0 0 0
1.25667 0 0 0 0
1.26333 0 0 0 0
1.27 0 0 0 0
1.27667 0 0 0 0
1.28333 0 0 0 0
1.29 0 0 0 0
1.29667 0 0 0 0
1.30333 0 0 0 0
1.31 0 0 0 0
1.31667 0 0 0 0
1.32333 0 0 0 0
1.33 0 0 0 0
1.33667 0 0 0 0
1.34333 0 0 0 0
1.35 0 0 0 0
1.35667 0 0 0 0
1.36333 0 0 0 0
1.37 0 0 0 0
1.37667 0 0 0 0
1.38333 0 0 0 0
1.39 0 0 0 0
1.39667 0 0 0 0
1.40333 0 0 0 0
1.41 0 0 0 0
1.41667 0 0 0 0
1.42333 0 0 0 0
1.43 0 0 0 0
1.43667 0 0 0 0
1.44333 0 0 0 0
1.45 0 0 0 0
1.45667 0 0 0 0
1.46333 0 0 0 0
1.47 0 0 0 0
1.47667 0 0 0 0
1.48333 0 0 0 0
1.49 0 0 0 0
1.49667 0 0 0 0
1.50333 0 0 0 0
1.51 0 0 0 0
1.51667 0 0 0 0
1.52333 0 0 0 0
1.53 0 0 0 0
1.53667 0 0 0 0
1.54333 0 0 0 0
1.55 0 0 0 0
1.55667 0 0 0 0
1.56333 0 0 0 0
1.57 0 0 0 0
1.57667 0 0 0 0
1.58333 0 0 0 0
1.59 0 0 0 0
1.59667 0 0 0 0
1.60333 0 0 0 0
1.61 0 0 0 0
1.61667 0 0 0 0
1.62333 0 0 0 0
1.63 0 0 0 0
1.63667 0 0 0 0
1.64333 0 0 0 0
1.65 0 0 0 0
1.65667 0 0 0 0
1.66333 0 0 0 0
1.67 0 0 0 0
1.67667 0 0 0 0
1.68333 0 0 0 0
1.69 0 0 0 0
1.69667 0 0 0 0
1.70333 0 0 0 0
1.71 0 0 0 0
1.71667 0 0 0 0
1.72333 0 0 0 0
1.73 0 0 0 0
1.73667 0 0 0 0
1.74333 0 0 0 0
1.75 0 0 0 0
1.75667 0 0 0 0
1.76333 0 0 0 0
1.77 0 0 0 0
1.77667 0 0 0 0
1.78333 0 0 0 0
1.79 0 0 0 0
1.79667 0 0 0 0
1.80333 0 0 0 0
1.81 0 0 0 0
1.81667 0 0 0 0
1.82333 0 0 0 0
1.83 0 0 0 0
1.83667 0 0 0 0
1.84333 0 0 0 0
1.85 0 0 0 0
1.85667 0 0 0 0
1.86333 0 0 0 0
1.87 0 0 0 0
1.87667 0 0 0 0
1.88333 0 0 0 0
1.89 0 0 0 0
1.89667 0 0 0 0
1.90333 0 0 0 0
1.91 0 0 0 0
1.91667 0 0 0 0
1.92333 0 0 0 0
1.93 0 0 0 0
1.93667 0 0 0 0
1.94333 0 0 0 0
1.95 0 0 0 0
1.95667 0 0 0 0
1.96333 0 0 0 0
1.97 0 0 0 0
1.97667 0 0 0 0
1.98333 0 0 0 0
1.99 0 0 0 0
1.99667 0 0 0 0
