0.00333333 17 17 4 1
0.01 24 23 6 7
0.0166667 25 24 6 3
0.0233333 35 15 7 4
0.03 18 19 6 7
0.0366667 20 37 14 7
0.0433333 35 41 20 4
0.05 39 57 12 8
0.0566667 51 66 17 7
0.0633333 54 76 22 8
0.07 44 64 23 8
0.0766667 58 73 22 11
0.0833333 49 67 20 9
0.09 55 84 21 13
0.0966667 60 87 34 10
0.103333 50 79 17 11
0.11 58 77 18 10
0.116667 50 58 21 14
0.123333 50 64 22 6
0.13 51 57 14 10
0.136667 49 51 21 6
0.143333 43 78 20 12
0.15 38 44 15 7
0.156667 46 51 16 7
0.163333 58 40 27 7
0.17 39 40 12 10
0.176667 41 43 12 7
0.183333 37 34 21 9
0.19 52 52 11 17
0.196667 53 38 17 16
0.203333 57 43 16 12
0.21 39 39 14 10
0.216667 51 31 7 10
0.223333 48 33 14 14
0.23 50 34 16 9
0.236667 31 30 10 8
0.243333 33 33 9 12
0.25 43 47 15 6
0.256667 41 32 11 4
0.263333 41 28 10 7
0.27 35 31 18 8
0.276667 39 41 18 10
0.283333 33 25 11 5
0.29 36 42 11 3
0.296667 28 30 14 4
0.303333 29 22 10 5
0.31 33 21 5 10
0.316667 33 27 8 5
0.323333 39 27 13 4
0.33 28 21 8 6
0.336667 33 33 7 8
0.343333 30 23 9 3
0.35 18 27 14 2
0.356667 16 26 9 7
0.363333 19 24 9 5
0.37 23 28 6 7
0.376667 21 17 10 5
0.383333 23 25 1 9
0.39 23 14 11 6
0.396667 24 24 7 9
0.403333 27 21 6 6
0.41 26 24 8 6
0.416667 28 21 4 2
0.423333 26 19 13 4
0.43 28 19 5 3
0.436667 32 19 4 2
0.443333 20 19 10 4
0.45 22 16 5 7
0.456667 20 26 7 9
0.463333 20 23 5 4
0.47 15 11 4 4
0.476667 21 24 8 7
0.483333 12 15 3 3
0.49 16 14 9 6
0.496667 11 14 7 6
0.503333 11 9 8 1
0.51 8 24 5 5
0.516667 10 12 6 2
0.523333 18 8 4 2
0.53 11 13 7 6
0.536667 11 12 4 5
0.543333 9 9 7 2
0.55 17 5 9 2
0.556667 9 12 4 4
0.563333 13 14 4 2
0.57 14 6 3 2
0.576667 11 19 3 3
0.583333 15 11 2 4
0.59 13 9 1 2
0.596667 15 6 5 3
0.603333 13 6 5 6
0.61 15 10 4 9
0.616667 13 15 2 2
0.623333 9 12 3 6
0.63 7 8 3 2
0.636667 7 16 5 3
0.643333 15 11 4 2
0.65 15 14 5 6
0.656667 11 2 3 6
0.663333 723 345 122 151
0.67 0 0 0 0
0.676667 0 0 0 0
0.683333 0 0 0 0
0.69 0 0 0 0
0.696667 0 0 0 0
0.703333 0 0 0 0
0.71 0 0 0 0
0.716667 0 0 0 0
0.723333 0 0 0 0
0.73 0 0 0 0
0.736667 0 0 0 0
0.743333 0 0 0 0
0.75 0 0 0 0
0.756667 0 0 0 0
0.763333 0 0 0 0
0.77 0 0 0 0
0.776667 0 0 0 0
0.783333 0 0 0 0
0.79 0 0 0 0
0.796667 0 0 0 0
0.803333 0 0 0 0
0.81 0 0 0 0
0.816667 0 0 0 0
0.823333 0 0 0 0
0.83 0 0 0 0
0.836667 0 0 0 0
0.843333 0 0 0 0
0.85 0 0 0 0
0.856667 0 0 0 0
0.863333 0 0 0 0
0.87 0 0 0 0
0.876667 0 0 0 0
0.883333 0 0 0 0
0.89 0 0 0 0
0.896667 0 0 0 0
0.903333 0 0 0 0
0.91 0 0 0 0
0.916667 0 0 0 0
0.923333 0 0 0 0
0.93 0 0 0 0
0.936667 0 0 0 0
0.943333 0 0 0 0
0.95 0 0 0 0
0.956667 0 0 0 0
0.963333 0 0 0 0
0.97 0 0 0 0
0.976667 0 0 0 0
0.983333 0 0 0 0
0.99 0 0 0 0
0.996667 0 0 0 0
1.00333 0 0 0 0
1.01 0 0 0 0
1.01667 0 0 0 0
1.02333 0 0 0 0
1.03 0 0 0 0
1.03667 0 0 0 0
1.04333 0 0 0 0
1.05 0 0 0 0
1.05667 0 0 0 0
1.06333 0 0 0 0
1.07 0 0 0 0
1.07667 0 0 0 0
1.08333 0 0 0 0
1.09 0 0 0 0
1.09667 0 0 0 0
1.10333 0 0 0 0
1.11 0 0 0 0
1.11667 0 0 0 0
1.12333 0 0 0 0
1.13 0 0 0 0
1.13667 0 0 0 0
1.14333 0 0 0 0
1.15 0 0 0 0
1.15667 0 0 0 0
1.16333 0 0 0 0
1.17 0 0 0 0
1.17667 0 0 0 0
1.18333 0 0 0 0
1.19 0 0 0 0
1.19667 0 0 0 0
1.20333 0 0 0 0
1.21 0 0 0 0
1.21667 0 0 0 0
1.22333 0 0 0 0
1.23 0 0 0 0
1.23667 0 0 0 0
1.24333 0 0 0 0
1.25 0 0 0 0
1.25667 0 0 0 0
1.26333 0 0 0 0
1.27 0 0 0 0
1.27667 0 0 0 0
1.28333 0 0 0 0
1.29 0 0 0 0
1.29667 0 0 0 0
1.30333 0 0 0 0
1.31 0 0 0 0
1.31667 0 0 0 0
1.32333 0 0 0 0
1.33 0 0 0 0
1.33667 0 0 0 0
1.34333 0 0 0 0
1.35 0 0 0 0
1.35667 0 0 0 0
1.36333 0 0 0 0
1.37 0 0 0 0
1.37667 0 0 0 0
1.38333 0 0 0 0
1.39 0 0 0 0
1.39667 0 0 0 0
1.40333 0 0 0 0
1.41 0 0 0 0
1.41667 0 0 0 0
1.42333 0 0 0 0
1.43 0 0 0 0
1.43667 0 0 0 0
1.44333 0 0 0 0
1.45 0 0 0 0
1.45667 0 0 0 0
1.46333 0 0 0 0
1.47 0 0 0 0
1.47667 0 0 0 0
1.48333 0 0 0 0
1.49 0 0 0 0
1.49667 0 0 0 0
1.50333 0 0 0 0
1.51 0 0 0 0
1.51667 0 0 0 0
1.52333 0 0 0 0
1.53 0 0 0 0
1.53667 0 0 0 0
1.54333 0 0 0 0
1.55 0 0 0 0
1.55667 0 0 0 0
1.56333 0 0 0 0
1.57 0 0 0 0
1.57667 0 0 0 0
1.58333 0 0 0 0
1.59 0 0 0 0
1.59667 0 0 0 0
1.60333 0 0 0 0
1.61 0 0 0 0
1.61667 0 0 0 0
1.62333 0 0 0 0
1.63 0 0 0 0
1.63667 0 0 0 0
1.64333 0 0 0 0
1.65 0 0 0 0
1.65667 0 0 0 0
1.66333 0 0 0 0
1.67 0 0 0 0
1.67667 0 0 0 0
1.68333 0 0 0 0
1.69 0 0 0 0
1.69667 0 0 0 0
1.70333 0 0 0 0
1.71 0 0 0 0
1.71667 0 0 0 0
1.72333 0 0 0 0
1.73 0 0 0 0
1.73667 0 0 0 0
1.74333 0 0 0 0
1.75 0 0 0 0
1.75667 0 0 0 0
1.76333 0 0 0 0
1.77 0 0 0 0
1.77667 0 0 0 0
1.78333 0 0 0 0
1.79 0 0 0 0
1.79667 0 0 0 0
1.80333 0 0 0 0
1.81 0 0 0 0
1.81667 0 0 0 0
1.82333 0 0 0 0
1.83 0 0 0 0
1.83667 0 0 0 0
1.84333 0 0 0 0
1.85 0 0 0 0
1.85667 0 0 0 0
1.86333 0 0 0 0
1.87 0 0 0 0
1.87667 0 0 0 0
1.88333 0 0 0 0
1.89 0 0 0 0
1.89667 0 0 0 0
1.90333 0 0 0 0
1.91 0 0 0 0
1.91667 0 0 0 0
1.92333 0 0 0 0
1.93 0 0 0 0
1.93667 0 0 0 0
1.94333 0 0 0 0
1.95 0 0 0 0
1.95667 0 0 0 0
1.96333 0 0 0 0
1.97 0 0 0 0
1.97667 0 0 0 0
1.98333 0 0 0 0
1.99 0 0 0 0
1.99667 0 0 0 0
