0.00333333 3 61 25 0
0.01 3 62 21 2
0.0166667 8 57 32 5
0.0233333 12 73 37 4
0.03 17 83 28 6
0.0366667 13 86 35 5
0.0433333 20 110 56 8
0.05 23 126 73 7
0.0566667 28 162 60 11
0.0633333 37 160 70 10
0.07 31 188 94 10
0.0766667 24 198 88 9
0.0833333 39 197 96 16
0.09 34 192 88 17
0.0966667 31 242 92 15
0.103333 35 200 63 12
0.11 28 197 98 10
0.116667 33 237 100 16
0.123333 19 188 92 10
0.13 20 210 92 5
0.136667 18 188 66 12
0.143333 23 191 83 10
0.15 23 141 86 9
0.156667 25 186 77 10
0.163333 13 140 96 7
0.17 16 173 63 7
0.176667 13 167 66 12
0.183333 24 203 59 10
0.19 21 195 79 6
0.196667 24 199 96 8
0.203333 17 178 73 6
0.21 18 166 65 4
0.216667 14 172 63 9
0.223333 26 151 60 5
0.23 15 148 62 6
0.236667 12 155 57 9
0.243333 20 126 47 7
0.25 17 126 58 9
0.256667 14 120 43 8
0.263333 16 120 42 0
0.27 14 105 59 5
0.276667 19 107 50 9
0.283333 13 102 47 6
0.29 12 84 47 3
0.296667 12 98 40 11
0.303333 7 91 35 2
0.31 11 116 44 7
0.316667 9 89 29 4
0.323333 9 89 35 3
0.33 8 94 32 6
0.336667 9 89 46 3
0.343333 7 81 36 8
0.35 6 78 39 5
0.356667 7 76 28 9
0.363333 11 82 35 4
0.37 7 65 34 2
0.376667 3 67 49 9
0.383333 7 68 25 4
0.39 11 69 39 2
0.396667 13 85 28 6
0.403333 7 61 24 4
0.41 8 69 38 1
0.416667 9 53 22 2
0.423333 7 64 30 2
0.43 7 63 24 3
0.436667 4 76 30 1
0.443333 9 56 27 6
0.45 4 68 38 3
0.456667 3 52 24 3
0.463333 12 61 38 1
0.47 9 67 20 3
0.476667 8 48 30 2
0.483333 8 38 24 4
0.49 4 36 21 3
0.496667 8 40 16 6
0.503333 6 35 18 3
0.51 5 28 17 0
0.516667 5 36 25 5
0.523333 2 39 9 0
0.53 6 34 14 5
0.536667 10 29 14 2
0.543333 7 24 15 1
0.55 2 43 13 1
0.556667 5 27 11 1
0.563333 8 21 19 0
0.57 4 26 8 2
0.576667 5 30 13 2
0.583333 4 39 17 0
0.59 2 24 17 3
0.596667 3 26 12 3
0.603333 3 22 13 2
0.61 1 32 5 0
0.616667 3 36 12 2
0.623333 6 29 8 3
0.63 8 21 13 4
0.636667 7 29 8 5
0.643333 6 31 7 1
0.65 0 29 17 1
0.656667 5 27 13 0
0.663333 124 2083 866 44
0.67 0 0 0 0
0.676667 0 0 0 0
0.683333 0 0 0 0
0.69 0 0 0 0
0.696667 0 0 0 0
0.703333 0 0 0 0
0.71 0 0 0 0
0.716667 0 0 0 0
0.723333 0 0 0 0
0.73 0 0 0 0
0.736667 0 0 0 0
0.743333 0 0 0 0
0.75 0 0 0 0
0.756667 0 0 0 0
0.763333 0 0 0 0
0.77 0 0 0 0
0.776667 0 0 0 0
0.783333 0 0 0 0
0.79 0 0 0 0
0.796667 0 0 0 0
0.803333 0 0 0 0
0.81 0 0 0 0
0.816667 0 0 0 0
0.823333 0 0 0 0
0.83 0 0 0 0
0.836667 0 0 0 0
0.843333 0 0 0 0
0.85 0 0 0 0
0.856667 0 0 0 0
0.863333 0 0 0 0
0.87 0 0 0 0
0.876667 0 0 0 0
0.883333 0 0 0 0
0.89 0 0 0 0
0.896667 0 0 0 0
0.903333 0 0 0 0
0.91 0 0 0 0
0.916667 0 0 0 0
0.923333 0 0 0 0
0.93 0 0 0 0
0.936667 0 0 0 0
0.943333 0 0 0 0
0.95 0 0 0 0
0.956667 0 0 0 0
0.963333 0 0 0 0
0.97 0 0 0 0
0.976667 0 0 0 0
0.983333 0 0 0 0
0.99 0 0 0 0
0.996667 0 0 0 0
1.00333 0 0 0 0
1.01 0 0 0 0
1.01667 0 0 0 0
1.02333 0 0 0 0
1.03 0 0 0 0
1.03667 0 0 0 0
1.04333 0 0 0 0
1.05 0 0 0 0
1.05667 0 0 0 0
1.06333 0 0 0 0
1.07 0 0 0 0
1.07667 0 0 0 0
1.08333 0 0 0 0
1.09 0 0 0 0
1.09667 0 0 0 0
1.10333 0 0 0 0
1.11 0 0 0 0
1.11667 0 0 0 0
1.12333 0 0 0 0
1.13 0 0 0 0
1.13667 0 0 0 0
1.14333 0 0 0 0
1.15 0 0 0 0
1.15667 0 0 0 0
1.16333 0 0 0 0
1.17 0 0 0 0
1.17667 0 0 0 0
1.18333 0 0 0 0
1.19 0 0 0 0
1.19667 0 0 0 0
1.20333 0 0 0 0
1.21 0 0 0 0
1.21667 0 0 0 0
1.22333 0 0 0 0
1.23 0 0 0 0
1.23667 0 0 0 0
1.24333 0 0 0 0
1.25 0 0 0 0
1.25667 0 0 0 0
1.26333 0 0 0 0
1.27 0 0 0 0
1.27667 0 0 0 0
1.28333 0 0 0 0
1.29 0 0 0 0
1.29667 0 0 0 0
1.30333 0 0 0 0
1.31 0 0 0 0
1.31667 0 0 0 0
1.32333 0 0 0 0
1.33 0 0 0 0
1.33667 0 0 0 0
1.34333 0 0 0 0
1.35 0 0 0 0
1.35667 0 0 0 0
1.36333 0 0 0 0
1.37 0 0 0 0
1.37667 0 0 0 0
1.38333 0 0 0 0
1.39 0 0 0 0
1.39667 0 0 0 0
1.40333 0 0 0 0
1.41 0 0 0 0
1.41667 0 0 0 0
1.42333 0 0 0 0
1.43 0 0 0 0
1.43667 0 0 0 0
1.44333 0 0 0 0
1.45 0 0 0 0
1.45667 0 0 0 0
1.46333 0 0 0 0
1.47 0 0 0 0
1.47667 0 0 0 0
1.48333 0 0 0 0
1.49 0 0 0 0
1.49667 0 0 0 0
1.50333 0 0 0 0
1.51 0 0 0 0
1.51667 0 0 0 0
1.52333 0 0 0 0
1.53 0 0 0 0
1.53667 0 0 0 0
1.54333 0 0 0 0
1.55 0 0 0 0
1.55667 0 0 0 0
1.56333 0 0 0 0
1.57 0 0 0 0
1.57667 0 0 0 0
1.58333 0 0 0 0
1.59 0 0 0 0
1.59667 0 0 0 0
1.60333 0 0 0 0
1.61 0 0 0 0
1.61667 0 0 0 0
1.62333 0 0 0 0
1.63 0 0 0 0
1.63667 0 0 0 0
1.64333 0 0 0 0
1.65 0 0 0 0
1.65667 0 0 0 0
1.66333 0 0 0 0
1.67 0 0 0 0
1.67667 0 0 0 0
1.68333 0 0 0 0
1.69 0 0 0 0
1.69667 0 0 0 0
1.70333 0 0 0 0
1.71 0 0 0 0
1.71667 0 0 0 0
1.72333 0 0 0 0
1.73 0 0 0 0
1.73667 0 0 0 0
1.74333 0 0 0 0
1.75 0 0 0 0
1.75667 0 0 0 0
1.76333 0 0 0 0
1.77 0 0 0 0
1.77667 0 0 0 0
1.78333 0 0 0 0
1.79 0 0 0 0
1.79667 0 0 0 0
1.80333 0 0 0 0
1.81 0 0 0 0
1.81667 0 0 0 0
1.82333 0 0 0 0
1.83 0 0 0 0
1.83667 0 0 0 0
1.84333 0 0 0 0
1.85 0 0 0 0
1.85667 0 0 0 0
1.86333 0 0 0 0
1.87 0 0 0 0
1.87667 0 0 0 0
1.88333 0 0 0 0
1.89 0 0 0 0
1.89667 0 0 0 0
1.90333 0 0 0 0
1.91 0 0 0 0
1.91667 0 0 0 0
1.92333 0 0 0 0
1.93 0 0 0 0
1.93667 0 0 0 0
1.94333 0 0 0 0
1.95 0 0 0 0
1.95667 0 0 0 0
1.96333 0 0 0 0
1.97 0 0 0 0
1.97667 0 0 0 0
1.98333 0 0 0 0
1.99 0 0 0 0
1.99667 0 0 0 0
