0.00333333 77 13 2 4
0.01 86 19 3 7
0.0166667 100 19 0 0
0.0233333 101 17 3 7
0.03 96 25 0 3
0.0366667 99 27 1 6
0.0433333 103 28 4 7
0.05 108 54 6 4
0.0566667 139 65 4 3
0.0633333 160 60 3 3
0.07 162 47 3 8
0.0766667 169 52 8 7
0.0833333 166 68 9 3
0.09 185 80 6 6
0.0966667 182 66 7 6
0.103333 184 56 5 7
0.11 179 71 4 2
0.116667 203 51 4 7
0.123333 162 68 3 2
0.13 195 50 1 5
0.136667 209 54 5 4
0.143333 175 56 4 7
0.15 189 52 1 9
0.156667 195 57 2 5
0.163333 202 35 4 5
0.17 189 39 5 6
0.176667 186 51 5 3
0.183333 219 32 2 9
0.19 238 35 6 7
0.196667 244 38 3 11
0.203333 266 37 1 7
0.21 228 41 3 8
0.216667 204 43 4 11
0.223333 188 42 4 9
0.23 188 46 4 8
0.236667 196 45 4 6
0.243333 173 36 3 10
0.25 138 40 1 5
0.256667 157 30 3 10
0.263333 160 36 1 4
0.27 157 40 3 1
0.276667 148 34 4 5
0.283333 128 25 7 10
0.29 133 38 4 8
0.296667 129 27 4 6
0.303333 131 32 4 8
0.31 134 35 4 3
0.316667 102 28 1 6
0.323333 127 27 1 4
0.33 139 22 3 4
0.336667 105 19 3 5
0.343333 128 28 3 2
0.35 94 25 1 4
0.356667 97 21 1 6
0.363333 98 18 2 4
0.37 92 24 2 2
0.376667 90 27 1 2
0.383333 115 22 3 4
0.39 101 21 4 14
0.396667 97 21 3 7
0.403333 88 18 1 2
0.41 101 25 3 5
0.416667 104 19 2 6
0.423333 106 20 2 4
0.43 111 11 2 3
0.436667 99 13 1 4
0.443333 88 17 2 6
0.45 94 15 1 5
0.456667 120 16 2 5
0.463333 91 13 3 10
0.47 93 14 2 2
0.476667 83 21 1 3
0.483333 56 11 2 2
0.49 39 12 3 4
0.496667 55 17 0 5
0.503333 47 8 1 3
0.51 31 14 0 3
0.516667 28 9 2 4
0.523333 39 13 0 0
0.53 39 12 1 0
0.536667 23 15 0 4
0.543333 38 18 1 1
0.55 31 9 2 3
0.556667 40 11 1 2
0.563333 23 11 3 2
0.57 32 11 1 1
0.576667 35 14 0 2
0.583333 23 13 1 4
0.59 24 10 1 3
0.596667 20 8 1 4
0.603333 28 9 1 4
0.61 28 12 2 0
0.616667 20 16 1 1
0.623333 23 6 0 2
0.63 19 7 1 1
0.636667 35 12 3 4
0.643333 9 6 0 4
0.65 21 15 2 1
0.656667 18 11 2 2
0.663333 4631 364 24 221
0.67 0 0 0 0
0.676667 0 0 0 0
0.683333 0 0 0 0
0.69 0 0 0 0
0.696667 0 0 0 0
0.703333 0 0 0 0
0.71 0 0 0 0
0.716667 0 0 0 0
0.723333 0 0 0 0
0.73 0 0 0 0
0.736667 0 0 0 0
0.743333 0 0 0 0
0.75 0 0 0 0
0.756667 0 0 0 0
0.763333 0 0 0 0
0.77 0 0 0 0
0.776667 0 0 0 0
0.783333 0 0 0 0
0.79 0 0 0 0
0.796667 0 0 0 0
0.803333 0 0 0 0
0.81 0 0 0 0
0.816667 0 0 0 0
0.823333 0 0 0 0
0.83 0 0 0 0
0.836667 0 0 0 0
0.843333 0 0 0 0
0.85 0 0 0 0
0.856667 0 0 0 0
0.863333 0 0 0 0
0.87 0 0 0 0
0.876667 0 0 0 0
0.883333 0 0 0 0
0.89 0 0 0 0
0.896667 0 0 0 0
0.903333 0 0 0 0
0.91 0 0 0 0
0.916667 0 0 0 0
0.923333 0 0 0 0
0.93 0 0 0 0
0.936667 0 0 0 0
0.943333 0 0 0 0
0.95 0 0 0 0
0.956667 0 0 0 0
0.963333 0 0 0 0
0.97 0 0 0 0
0.976667 0 0 0 0
0.983333 0 0 0 0
0.99 0 0 0 0
0.996667 0 0 0 0
1.00333 0 0 0 0
1.01 0 0 0 0
1.01667 0 0 0 0
1.02333 0 0 0 0
1.03 0 0 0 0
1.03667 0 0 0 0
1.04333 0 0 0 0
1.05 0 0 0 0
1.05667 0 0 0 0
1.06333 0 0 0 0
1.07 0 0 0 0
1.07667 0 0 0 0
1.08333 0 0 0 0
1.09 0 0 0 0
1.09667 0 0 0 0
1.10333 0 0 0 0
1.11 0 0 0 0
1.11667 0 0 0 0
1.12333 0 0 0 0
1.13 0 0 0 0
1.13667 0 0 0 0
1.14333 0 0 0 0
1.15 0 0 0 0
1.15667 0 0 0 0
1.16333 0 0 0 0
1.17 0 0 0 0
1.17667 0 0 0 0
1.18333 0 0 0 0
1.19 0 0 0 0
1.19667 0 0 0 0
1.20333 0 0 0 0
1.21 0 0 0 0
1.21667 0 0 0 0
1.22333 0 0 0 0
1.23 0 0 0 0
1.23667 0 0 0 0
1.24333 0 0 0 0
1.25 0 0 0 0
1.25667 0 0 0 0
1.26333 0 0 0 0
1.27 0 0 0 0
1.27667 0 0 0 0
1.28333 0 0 0 0
1.29 0 0 0 0
1.29667 0 0 0 0
1.30333 0 0 0 0
1.31 0 0 0 0
1.31667 0 0 0 0
1.32333 0 0 0 0
1.33 0 0 0 0
1.33667 0 0 0 0
1.34333 0 0 0 0
1.35 0 0 0 0
1.35667 0 0 0 0
1.36333 0 0 0 0
1.37 0 0 0 0
1.37667 0 0 0 0
1.38333 0 0 0 0
1.39 0 0 0 0
1.39667 0 0 0 0
1.40333 0 0 0 0
1.41 0 0 0 0
1.41667 0 0 0 0
1.42333 0 0 0 0
1.43 0 0 0 0
1.43667 0 0 0 0
1.44333 0 0 0 0
1.45 0 0 0 0
1.45667 0 0 0 0
1.46333 0 0 0 0
1.47 0 0 0 0
1.47667 0 0 0 0
1.48333 0 0 0 0
1.49 0 0 0 0
1.49667 0 0 0 0
1.50333 0 0 0 0
1.51 0 0 0 0
1.51667 0 0 0 0
1.52333 0 0 0 0
1.53 0 0 0 0
1.53667 0 0 0 0
1.54333 0 0 0 0
1.55 0 0 0 0
1.55667 0 0 0 0
1.56333 0 0 0 0
1.57 0 0 0 0
1.57667 0 0 0 0
1.58333 0 0 0 0
1.59 0 0 0 0
1.59667 0 0 0 0
1.60333 0 0 0 0
1.61 0 0 0 0
1.61667 0 0 0 0
1.62333 0 0 0 0
1.63 0 0 0 0
1.63667 0 0 0 0
1.64333 0 0 0 0
1.65 0 0 0 0
1.65667 0 0 0 0
1.66333 0 0 0 0
1.67 0 0 0 0
1.67667 0 0 0 0
1.68333 0 0 0 0
1.69 0 0 0 0
1.69667 0 0 0 0
1.70333 0 0 0 0
1.71 0 0 0 0
1.71667 0 0 0 0
1.72333 0 0 0 0
1.73 0 0 0 0
1.73667 0 0 0 0
1.74333 0 0 0 0
1.75 0 0 0 0
1.75667 0 0 0 0
1.76333 0 0 0 0
1.77 0 0 0 0
1.77667 0 0 0 0
1.78333 0 0 0 0
1.79 0 0 0 0
1.79667 0 0 0 0
1.80333 0 0 0 0
1.81 0 0 0 0
1.81667 0 0 0 0
1.82333 0 0 0 0
1.83 0 0 0 0
1.83667 0 0 0 0
1.84333 0 0 0 0
1.85 0 0 0 0
1.85667 0 0 0 0
1.86333 0 0 0 0
1.87 0 0 0 0
1.87667 0 0 0 0
1.88333 0 0 0 0
1.89 0 0 0 0
1.89667 0 0 0 0
1.90333 0 0 0 0
1.91 0 0 0 0
1.91667 0 0 0 0
1.92333 0 0 0 0
1.93 0 0 0 0
1.93667 0 0 0 0
1.94333 0 0 0 0
1.95 0 0 0 0
1.95667 0 0 0 0
1.96333 0 0 0 0
1.97 0 0 0 0
1.97667 0 0 0 0
1.98333 0 0 0 0
1.99 0 0 0 0
1.99667 0 0 0 0
