0.00333333 13 10 3 0
0.01 18 17 3 2
0.0166667 30 14 3 1
0.0233333 21 20 4 2
0.03 27 25 4 1
0.0366667 27 32 4 1
0.0433333 46 36 2 0
0.05 46 48 5 2
0.0566667 47 61 16 0
0.0633333 48 71 12 2
0.07 68 66 9 3
0.0766667 61 64 6 1
0.0833333 73 74 9 3
0.09 69 64 12 3
0.0966667 56 68 10 2
0.103333 66 73 13 2
0.11 55 50 13 2
0.116667 64 56 12 4
0.123333 47 62 12 1
0.13 68 53 10 0
0.136667 62 46 12 2
0.143333 60 55 5 2
0.15 34 49 8 3
0.156667 53 37 10 3
0.163333 43 29 7 1
0.17 29 50 10 1
0.176667 41 29 5 1
0.183333 42 41 10 3
0.19 44 40 10 2
0.196667 42 33 12 0
0.203333 40 43 9 0
0.21 39 38 10 1
0.216667 45 39 15 1
0.223333 39 33 11 1
0.23 41 30 8 2
0.236667 32 39 8 1
0.243333 25 31 5 0
0.25 39 31 8 0
0.256667 24 22 10 1
0.263333 37 31 9 1
0.27 35 32 10 2
0.276667 42 25 10 0
0.283333 36 20 8 0
0.29 34 31 6 0
0.296667 40 19 5 1
0.303333 29 27 5 1
0.31 39 26 6 1
0.316667 31 27 10 1
0.323333 31 21 11 3
0.33 23 26 13 3
0.336667 25 33 5 0
0.343333 18 21 6 1
0.35 31 29 7 2
0.356667 27 29 5 1
0.363333 31 26 3 1
0.37 23 30 5 0
0.376667 19 29 7 2
0.383333 25 21 1 1
0.39 22 29 4 1
0.396667 19 20 6 0
0.403333 20 20 5 1
0.41 22 22 3 0
0.416667 16 28 6 0
0.423333 19 28 7 2
0.43 23 21 3 1
0.436667 26 21 3 0
0.443333 16 20 5 1
0.45 17 15 2 0
0.456667 15 27 5 1
0.463333 18 17 6 2
0.47 20 19 6 3
0.476667 17 13 4 0
0.483333 14 20 2 0
0.49 19 10 2 0
0.496667 14 12 4 2
0.503333 12 18 5 0
0.51 16 11 4 0
0.516667 15 13 1 1
0.523333 11 11 2 2
0.53 10 12 0 0
0.536667 17 15 0 1
0.543333 12 14 1 1
0.55 13 19 1 0
0.556667 7 14 3 0
0.563333 12 12 7 0
0.57 10 8 0 1
0.576667 10 13 7 0
0.583333 15 9 2 0
0.59 14 13 2 1
0.596667 14 12 5 1
0.603333 12 6 4 0
0.61 13 8 3 2
0.616667 8 9 2 0
0.623333 17 10 3 0
0.63 10 8 3 0
0.636667 13 12 5 1
0.643333 10 15 5 0
0.65 13 8 1 0
0.656667 9 11 2 1
0.663333 521 342 145 16
0.67 0 0 0 0
0.676667 0 0 0 0
0.683333 0 0 0 0
0.69 0 0 0 0
0.696667 0 0 0 0
0.703333 0 0 0 0
0.71 0 0 0 0
0.716667 0 0 0 0
0.723333 0 0 0 0
0.73 0 0 0 0
0.736667 0 0 0 0
0.743333 0 0 0 0
0.75 0 0 0 0
0.756667 0 0 0 0
0.763333 0 0 0 0
0.77 0 0 0 0
0.776667 0 0 0 0
0.783333 0 0 0 0
0.79 0 0 0 0
0.796667 0 0 0 0
0.803333 0 0 0 0
0.81 0 0 0 0
0.816667 0 0 0 0
0.823333 0 0 0 0
0.83 0 0 0 0
0.836667 0 0 0 0
0.843333 0 0 0 0
0.85 0 0 0 0
0.856667 0 0 0 0
0.863333 0 0 0 0
0.87 0 0 0 0
0.876667 0 0 0 0
0.883333 0 0 0 0
0.89 0 0 0 0
0.896667 0 0 0 0
0.903333 0 0 0 0
0.91 0 0 0 0
0.916667 0 0 0 0
0.923333 0 0 0 0
0.93 0 0 0 0
0.936667 0 0 0 0
0.943333 0 0 0 0
0.95 0 0 0 0
0.956667 0 0 0 0
0.963333 0 0 0 0
0.97 0 0 0 0
0.976667 0 0 0 0
0.983333 0 0 0 0
0.99 0 0 0 0
0.996667 0 0 0 0
1.00333 0 0 0 0
1.01 0 0 0 0
1.01667 0 0 0 0
1.02333 0 0 0 0
1.03 0 0 0 0
1.03667 0 0 0 0
1.04333 0 0 0 0
1.05 0 0 0 0
1.05667 0 0 0 0
1.06333 0 0 0 0
1.07 0 0 0 0
1.07667 0 0 0 0
1.08333 0 0 0 0
1.09 0 0 0 0
1.09667 0 0 0 0
1.10333 0 0 0 0
1.11 0 0 0 0
1.11667 0 0 0 0
1.12333 0 0 0 0
1.13 0 0 0 0
1.13667 0 0 0 0
1.14333 0 0 0 0
1.15 0 0 0 0
1.15667 0 0 0 0
1.16333 0 0 0 0
1.17 0 0 0 0
1.17667 0 0 0 0
1.18333 0 0 0 0
1.19 0 0 0 0
1.19667 0 0 0 0
1.20333 0 0 0 0
1.21 0 0 0 0
1.21667 0 0 0 0
1.22333 0 0 0 0
1.23 0 0 0 0
1.23667 0 0 0 0
1.24333 0 0 0 0
1.25 0 0 0 0
1.25667 0 0 0 0
1.26333 0 0 0 0
1.27 0 0 0 0
1.27667 0 0 0 0
1.28333 0 0 0 0
1.29 0 0 0 0
1.29667 0 0 0 0
1.30333 0 0 0 0
1.31 0 0 0 0
1.31667 0 0 0 0
1.32333 0 0 0 0
1.33 0 0 0 0
1.33667 0 0 0 0
1.34333 0 0 0 0
1.35 0 0 0 0
1.35667 0 0 0 0
1.36333 0 0 0 0
1.37 0 0 0 0
1.37667 0 0 0 0
1.38333 0 0 0 0
1.39 0 0 0 0
1.39667 0 0 0 0
1.40333 0 0 0 0
1.41 0 0 0 0
1.41667 0 0 0 0
1.42333 0 0 0 0
1.43 0 0 0 0
1.43667 0 0 0 0
1.44333 0 0 0 0
1.45 0 0 0 0
1.45667 0 0 0 0
1.46333 0 0 0 0
1.47 0 0 0 0
1.47667 0 0 0 0
1.48333 0 0 0 0
1.49 0 0 0 0
1.49667 0 0 0 0
1.50333 0 0 0 0
1.51 0 0 0 0
1.51667 0 0 0 0
1.52333 0 0 0 0
1.53 0 0 0 0
1.53667 0 0 0 0
1.54333 0 0 0 0
1.55 0 0 0 0
1.55667 0 0 0 0
1.56333 0 0 0 0
1.57 0 0 0 0
1.57667 0 0 0 0
1.58333 0 0 0 0
1.59 0 0 0 0
1.59667 0 0 0 0
1.60333 0 0 0 0
1.61 0 0 0 0
1.61667 0 0 0 0
1.62333 0 0 0 0
1.63 0 0 0 0
1.63667 0 0 0 0
1.64333 0 0 0 0
1.65 0 0 0 0
1.65667 0 0 0 0
1.66333 0 0 0 0
1.67 0 0 0 0
1.67667 0 0 0 0
1.68333 0 0 0 0
1.69 0 0 0 0
1.69667 0 0 0 0
1.70333 0 0 0 0
1.71 0 0 0 0
1.71667 0 0 0 0
1.72333 0 0 0 0
1.73 0 0 0 0
1.73667 0 0 0 0
1.74333 0 0 0 0
1.75 0 0 0 0
1.75667 0 0 0 0
1.76333 0 0 0 0
1.77 0 0 0 0
1.77667 0 0 0 0
1.78333 0 0 0 0
1.79 0 0 0 0
1.79667 0 0 0 0
1.80333 0 0 0 0
1.81 0 0 0 0
1.81667 0 0 0 0
1.82333 0 0 0 0
1.83 0 0 0 0
1.83667 0 0 0 0
1.84333 0 0 0 0
1.85 0 0 0 0
1.85667 0 0 0 0
1.86333 0 0 0 0
1.87 0 0 0 0
1.87667 0 0 0 0
1.88333 0 0 0 0
1.89 0 0 0 0
1.89667 0 0 0 0
1.90333 0 0 0 0
1.91 0 0 0 0
1.91667 0 0 0 0
1.92333 0 0 0 0
1.93 0 0 0 0
1.93667 0 0 0 0
1.94333 0 0 0 0
1.95 0 0 0 0
1.95667 0 0 0 0
1.96333 0 0 0 0
1.97 0 0 0 0
1.97667 0 0 0 0
1.98333 0 0 0 0
1.99 0 0 0 0
1.99667 0 0 0 0
