0.00333333 0 4 65 11
0.01 0 2 72 18
0.0166667 3 1 84 16
0.0233333 1 7 90 18
0.03 1 2 69 19
0.0366667 1 6 111 15
0.0433333 4 6 115 12
0.05 2 10 128 41
0.0566667 1 9 130 32
0.0633333 1 10 148 48
0.07 1 6 157 42
0.0766667 1 7 183 41
0.0833333 2 12 171 48
0.09 4 4 183 49
0.0966667 0 11 154 54
0.103333 3 7 170 47
0.11 1 12 175 55
0.116667 3 9 203 59
0.123333 4 10 204 37
0.13 2 8 190 53
0.136667 1 3 182 38
0.143333 1 5 172 22
0.15 2 12 179 34
0.156667 4 5 151 29
0.163333 0 7 176 36
0.17 2 6 176 33
0.176667 2 2 162 34
0.183333 1 1 153 27
0.19 2 3 125 36
0.196667 1 5 189 37
0.203333 2 6 197 27
0.21 1 8 180 29
0.216667 3 2 180 26
0.223333 1 4 182 31
0.23 2 1 185 30
0.236667 1 5 167 28
0.243333 3 4 159 23
0.25 2 5 170 22
0.256667 1 1 153 36
0.263333 1 5 149 25
0.27 0 3 144 17
0.276667 2 1 127 17
0.283333 1 2 138 27
0.29 5 4 122 28
0.296667 2 4 118 21
0.303333 2 3 119 28
0.31 2 3 115 18
0.316667 0 4 119 19
0.323333 0 5 107 18
0.33 0 4 101 16
0.336667 1 3 119 14
0.343333 2 1 107 10
0.35 0 1 114 21
0.356667 3 3 101 15
0.363333 0 2 89 19
0.37 1 2 95 19
0.376667 1 3 94 20
0.383333 1 1 89 16
0.39 1 1 95 14
0.396667 1 5 98 19
0.403333 2 0 98 14
0.41 0 2 95 13
0.416667 1 2 99 14
0.423333 1 4 105 11
0.43 1 3 103 12
0.436667 0 2 88 18
0.443333 2 3 99 12
0.45 2 2 102 12
0.456667 0 7 99 16
0.463333 1 4 123 18
0.47 1 1 94 15
0.476667 1 5 82 14
0.483333 0 2 57 6
0.49 1 3 47 12
0.496667 2 2 48 11
0.503333 1 0 46 12
0.51 1 3 53 12
0.516667 0 3 57 5
0.523333 0 0 30 11
0.53 0 0 47 8
0.536667 1 0 36 18
0.543333 0 2 40 7
0.55 0 3 44 12
0.556667 0 3 36 11
0.563333 0 3 37 13
0.57 0 0 48 5
0.576667 2 1 37 9
0.583333 1 4 43 7
0.59 0 1 53 9
0.596667 2 2 44 11
0.603333 0 1 42 9
0.61 1 1 40 12
0.616667 0 1 33 11
0.623333 0 2 36 7
0.63 0 1 43 8
0.636667 0 1 54 7
0.643333 2 1 22 8
0.65 2 1 40 5
0.656667 0 3 32 9
0.663333 14 35 3828 275
0.67 0 0 0 0
0.676667 0 0 0 0
0.683333 0 0 0 0
0.69 0 0 0 0
0.696667 0 0 0 0
0.703333 0 0 0 0
0.71 0 0 0 0
0.716667 0 0 0 0
0.723333 0 0 0 0
0.73 0 0 0 0
0.736667 0 0 0 0
0.743333 0 0 0 0
0.75 0 0 0 0
0.756667 0 0 0 0
0.763333 0 0 0 0
0.77 0 0 0 0
0.776667 0 0 0 0
0.783333 0 0 0 0
0.79 0 0 0 0
0.796667 0 0 0 0
0.803333 0 0 0 0
0.81 0 0 0 0
0.816667 0 0 0 0
0.823333 0 0 0 0
0.83 0 0 0 0
0.836667 0 0 0 0
0.843333 0 0 0 0
0.85 0 0 0 0
0.856667 0 0 0 0
0.863333 0 0 0 0
0.87 0 0 0 0
0.876667 0 0 0 0
0.883333 0 0 0 0
0.89 0 0 0 0
0.896667 0 0 0 0
0.903333 0 0 0 0
0.91 0 0 0 0
0.916667 0 0 0 0
0.923333 0 0 0 0
0.93 0 0 0 0
0.936667 0 0 0 0
0.943333 0 0 0 0
0.95 0 0 0 0
0.956667 0 0 0 0
0.963333 0 0 0 0
0.97 0 0 0 0
0.976667 0 0 0 0
0.983333 0 0 0 0
0.99 0 0 0 0
0.996667 0 0 0 0
1.00333 0 0 0 0
1.01 0 0 0 0
1.01667 0 0 0 0
1.02333 0 0 0 0
1.03 0 0 0 0
1.03667 0 0 0 0
1.04333 0 0 0 0
1.05 0 0 0 0
1.05667 0 0 0 0
1.06333 0 0 0 0
1.07 0 0 0 0
1.07667 0 0 0 0
1.08333 0 0 0 0
1.09 0 0 0 0
1.09667 0 0 0 0
1.10333 0 0 0 0
1.11 0 0 0 0
1.11667 0 0 0 0
1.12333 0 0 0 0
1.13 0 0 0 0
1.13667 0 0 0 0
1.14333 0 0 0 0
1.15 0 0 0 0
1.15667 0 0 0 0
1.16333 0 0 0 0
1.17 0 0 0 0
1.17667 0 0 0 0
1.18333 0 0 0 0
1.19 0 0 0 0
1.19667 0 0 0 0
1.20333 0 0 0 0
1.21 0 0 0 0
1.21667 0 0 0 0
1.22333 0 0 0 0
1.23 0 0 0 0
1.23667 0 0 0 0
1.24333 0 0 0 0
1.25 0 0 0 0
1.25667 0 0 0 0
1.26333 0 0 0 0
1.27 0 0 0 0
1.27667 0 0 0 0
1.28333 0 0 0 0
1.29 0 0 0 0
1.29667 0 0 0 0
1.30333 0 0 0 0
1.31 0 0 0 0
1.31667 0 0 0 0
1.32333 0 0 0 0
1.33 0 0 0 0
1.33667 0 0 0 0
1.34333 0 0 0 0
1.35 0 0 0 0
1.35667 0 0 0 0
1.36333 0 0 0 0
1.37 0 0 0 0
1.37667 0 0 0 0
1.38333 0 0 0 0
1.39 0 0 0 0
1.39667 0 0 0 0
1.40333 0 0 0 0
1.41 0 0 0 0
1.41667 0 0 0 0
1.42333 0 0 0 0
1.43 0 0 0 0
1.43667 0 0 0 0
1.44333 0 0 0 0
1.45 0 0 0 0
1.45667 0 0 0 0
1.46333 0 0 0 0
1.47 0 0 0 0
1.47667 0 0 0 0
1.48333 0 0 0 0
1.49 0 0 0 0
1.49667 0 0 0 0
1.50333 0 0 0 0
1.51 0 0 0 0
1.51667 0 0 0 0
1.52333 0 0 0 0
1.53 0 0 0 0
1.53667 0 0 0 0
1.54333 0 0 0 0
1.55 0 0 0 0
1.55667 0 0 0 0
1.56333 0 0 0 0
1.57 0 0 0 0
1.57667 0 0 0 0
1.58333 0 0 0 0
1.59 0 0 0 0
1.59667 0 0 0 0
1.60333 0 0 0 0
1.61 0 0 0 0
1.61667 0 0 0 0
1.62333 0 0 0 0
1.63 0 0 0 0
1.63667 0 0 0 0
1.64333 0 0 0 0
1.65 0 0 0 0
1.65667 0 0 0 0
1.66333 0 0 0 0
1.67 0 0 0 0
1.67667 0 0 0 0
1.68333 0 0 0 0
1.69 0 0 0 0
1.69667 0 0 0 0
1.70333 0 0 0 0
1.71 0 0 0 0
1.71667 0 0 0 0
1.72333 0 0 0 0
1.73 0 0 0 0
1.73667 0 0 0 0
1.74333 0 0 0 0
1.75 0 0 0 0
1.75667 0 0 0 0
1.76333 0 0 0 0
1.77 0 0 0 0
1.77667 0 0 0 0
1.78333 0 0 0 0
1.79 0 0 0 0
1.79667 0 0 0 0
1.80333 0 0 0 0
1.81 0 0 0 0
1.81667 0 0 0 0
1.82333 0 0 0 0
1.83 0 0 0 0
1.83667 0 0 0 0
1.84333 0 0 0 0
1.85 0 0 0 0
1.85667 0 0 0 0
1.86333 0 0 0 0
1.87 0 0 0 0
1.87667 0 0 0 0
1.88333 0 0 0 0
1.89 0 0 0 0
1.89667 0 0 0 0
1.90333 0 0 0 0
1.91 0 0 0 0
1.91667 0 0 0 0
1.92333 0 0 0 0
1.93 0 0 0 0
1.93667 0 0 0 0
1.94333 0 0 0 0
1.95 0 0 0 0
1.95667 0 0 0 0
1.96333 0 0 0 0
1.97 0 0 0 0
1.97667 0 0 0 0
1.98333 0 0 0 0
1.99 0 0 0 0
1.99667 0 0 0 0
