0.00333333 1 6 14 94
0.01 3 4 15 103
0.0166667 1 4 11 120
0.0233333 1 2 17 132
0.03 0 6 13 129
0.0366667 2 4 16 150
0.0433333 2 8 31 149
0.05 7 7 38 177
0.0566667 1 7 51 180
0.0633333 1 10 44 218
0.07 4 6 62 231
0.0766667 3 9 42 251
0.0833333 2 11 49 255
0.09 3 10 42 274
0.0966667 2 9 43 285
0.103333 1 6 47 284
0.11 3 9 35 276
0.116667 0 8 56 295
0.123333 3 11 45 292
0.13 4 16 43 285
0.136667 0 6 28 289
0.143333 2 5 41 278
0.15 1 12 28 291
0.156667 2 6 35 305
0.163333 4 7 32 288
0.17 2 6 37 249
0.176667 2 12 28 268
0.183333 4 5 34 308
0.19 5 11 28 329
0.196667 2 6 30 328
0.203333 4 13 27 322
0.21 4 13 38 287
0.216667 2 4 35 283
0.223333 6 7 23 289
0.23 4 12 21 245
0.236667 2 8 31 249
0.243333 4 11 37 248
0.25 1 10 24 243
0.256667 1 6 30 228
0.263333 1 13 25 212
0.27 4 5 28 230
0.276667 3 4 25 210
0.283333 1 9 14 197
0.29 0 6 18 172
0.296667 0 7 19 185
0.303333 1 8 25 187
0.31 4 3 32 186
0.316667 0 7 12 156
0.323333 1 4 34 158
0.33 1 1 12 162
0.336667 2 10 16 153
0.343333 3 5 21 156
0.35 3 6 13 144
0.356667 2 6 20 149
0.363333 2 2 16 139
0.37 2 6 10 152
0.376667 2 1 12 152
0.383333 1 7 20 130
0.39 2 8 9 160
0.396667 1 4 7 118
0.403333 4 7 15 132
0.41 2 8 12 125
0.416667 3 3 9 122
0.423333 3 7 12 111
0.43 4 9 9 126
0.436667 0 7 15 135
0.443333 1 3 18 137
0.45 1 4 15 119
0.456667 1 6 16 124
0.463333 3 7 11 125
0.47 2 5 13 155
0.476667 3 6 12 110
0.483333 1 1 11 81
0.49 0 3 6 92
0.496667 2 9 11 74
0.503333 1 6 11 56
0.51 3 5 8 60
0.516667 1 5 8 57
0.523333 1 3 7 54
0.53 0 4 6 56
0.536667 0 2 12 49
0.543333 0 3 8 50
0.55 1 3 11 42
0.556667 1 0 10 40
0.563333 1 2 4 58
0.57 1 6 7 42
0.576667 1 2 12 44
0.583333 3 2 7 48
0.59 1 3 6 45
0.596667 1 7 7 51
0.603333 2 2 5 38
0.61 1 3 10 51
0.616667 0 1 3 48
0.623333 1 7 10 37
0.63 0 2 9 45
0.636667 1 4 7 52
0.643333 2 4 3 34
0.65 1 5 9 44
0.656667 0 2 9 43
0.663333 44 233 217 5655
0.67 0 0 0 0
0.676667 0 0 0 0
0.683333 0 0 0 0
0.69 0 0 0 0
0.696667 0 0 0 0
0.703333 0 0 0 0
0.71 0 0 0 0
0.716667 0 0 0 0
0.723333 0 0 0 0
0.73 0 0 0 0
0.736667 0 0 0 0
0.743333 0 0 0 0
0.75 0 0 0 0
0.756667 0 0 0 0
0.763333 0 0 0 0
0.77 0 0 0 0
0.776667 0 0 0 0
0.783333 0 0 0 0
0.79 0 0 0 0
0.796667 0 0 0 0
0.803333 0 0 0 0
0.81 0 0 0 0
0.816667 0 0 0 0
0.823333 0 0 0 0
0.83 0 0 0 0
0.836667 0 0 0 0
0.843333 0 0 0 0
0.85 0 0 0 0
0.856667 0 0 0 0
0.863333 0 0 0 0
0.87 0 0 0 0
0.876667 0 0 0 0
0.883333 0 0 0 0
0.89 0 0 0 0
0.896667 0 0 0 0
0.903333 0 0 0 0
0.91 0 0 0 0
0.916667 0 0 0 0
0.923333 0 0 0 0
0.93 0 0 0 0
0.936667 0 0 0 0
0.943333 0 0 0 0
0.95 0 0 0 0
0.956667 0 0 0 0
0.963333 0 0 0 0
0.97 0 0 0 0
0.976667 0 0 0 0
0.983333 0 0 0 0
0.99 0 0 0 0
0.996667 0 0 0 0
1.00333 0 0 0 0
1.01 0 0 0 0
1.01667 0 0 0 0
1.02333 0 0 0 0
1.03 0 0 0 0
1.03667 0 0 0 0
1.04333 0 0 0 0
1.05 0 0 0 0
1.05667 0 0 0 0
1.06333 0 0 0 0
1.07 0 0 0 0
1.07667 0 0 0 0
1.08333 0 0 0 0
1.09 0 0 0 0
1.09667 0 0 0 0
1.10333 0 0 0 0
1.11 0 0 0 0
1.11667 0 0 0 0
1.12333 0 0 0 0
1.13 0 0 0 0
1.13667 0 0 0 0
1.14333 0 0 0 0
1.15 0 0 0 0
1.15667 0 0 0 0
1.16333 0 0 0 0
1.17 0 0 0 0
1.17667 0 0 0 0
1.18333 0 0 0 0
1.19 0 0 0 0
1.19667 0 0 0 0
1.20333 0 0 0 0
1.21 0 0 0 0
1.21667 0 0 0 0
1.22333 0 0 0 0
1.23 0 0 0 0
1.23667 0 0 0 0
1.24333 0 0 0 0
1.25 0 0 0 0
1.25667 0 0 0 0
1.26333 0 0 0 0
1.27 0 0 0 0
1.27667 0 0 0 0
1.28333 0 0 0 0
1.29 0 0 0 0
1.29667 0 0 0 0
1.30333 0 0 0 0
1.31 0 0 0 0
1.31667 0 0 0 0
1.32333 0 0 0 0
1.33 0 0 0 0
1.33667 0 0 0 0
1.34333 0 0 0 0
1.35 0 0 0 0
1.35667 0 0 0 0
1.36333 0 0 0 0
1.37 0 0 0 0
1.37667 0 0 0 0
1.38333 0 0 0 0
1.39 0 0 0 0
1.39667 0 0 0 0
1.40333 0 0 0 0
1.41 0 0 0 0
1.41667 0 0 0 0
1.42333 0 0 0 0
1.43 0 0 0 0
1.43667 0 0 0 0
1.44333 0 0 0 0
1.45 0 0 0 0
1.45667 0 0 0 0
1.46333 0 0 0 0
1.47 0 0 0 0
1.47667 0 0 0 0
1.48333 0 0 0 0
1.49 0 0 0 0
1.49667 0 0 0 0
1.50333 0 0 0 0
1.51 0 0 0 0
1.51667 0 0 0 0
1.52333 0 0 0 0
1.53 0 0 0 0
1.53667 0 0 0 0
1.54333 0 0 0 0
1.55 0 0 0 0
1.55667 0 0 0 0
1.56333 0 0 0 0
1.57 0 0 0 0
1.57667 0 0 0 0
1.58333 0 0 0 0
1.59 0 0 0 0
1.59667 0 0 0 0
1.60333 0 0 0 0
1.61 0 0 0 0
1.61667 0 0 0 0
1.62333 0 0 0 0
1.63 0 0 0 0
1.63667 0 0 0 0
1.64333 0 0 0 0
1.65 0 0 0 0
1.65667 0 0 0 0
1.66333 0 0 0 0
1.67 0 0 0 0
1.67667 0 0 0 0
1.68333 0 0 0 0
1.69 0 0 0 0
1.69667 0 0 0 0
1.70333 0 0 0 0
1.71 0 0 0 0
1.71667 0 0 0 0
1.72333 0 0 0 0
1.73 0 0 0 0
1.73667 0 0 0 0
1.74333 0 0 0 0
1.75 0 0 0 0
1.75667 0 0 0 0
1.76333 0 0 0 0
1.77 0 0 0 0
1.77667 0 0 0 0
1.78333 0 0 0 0
1.79 0 0 0 0
1.79667 0 0 0 0
1.80333 0 0 0 0
1.81 0 0 0 0
1.81667 0 0 0 0
1.82333 0 0 0 0
1.83 0 0 0 0
1.83667 0 0 0 0
1.84333 0 0 0 0
1.85 0 0 0 0
1.85667 0 0 0 0
1.86333 0 0 0 0
1.87 0 0 0 0
1.87667 0 0 0 0
1.88333 0 0 0 0
1.89 0 0 0 0
1.89667 0 0 0 0
1.90333 0 0 0 0
1.91 0 0 0 0
1.91667 0 0 0 0
1.92333 0 0 0 0
1.93 0 0 0 0
1.93667 0 0 0 0
1.94333 0 0 0 0
1.95 0 0 0 0
1.95667 0 0 0 0
1.96333 0 0 0 0
1.97 0 0 0 0
1.97667 0 0 0 0
1.98333 0 0 0 0
1.99 0 0 0 0
1.99667 0 0 0 0
