0.00333333 1 6 69 8
0.01 2 19 79 15
0.0166667 4 19 83 21
0.0233333 3 24 96 23
0.03 2 15 102 30
0.0366667 1 22 115 36
0.0433333 1 22 158 40
0.05 6 33 179 69
0.0566667 8 29 229 66
0.0633333 5 35 248 55
0.07 5 42 264 87
0.0766667 11 53 280 91
0.0833333 7 50 306 64
0.09 6 41 312 76
0.0966667 7 36 274 86
0.103333 11 41 286 83
0.11 2 38 298 59
0.116667 5 46 317 71
0.123333 2 51 251 86
0.13 5 32 307 69
0.136667 5 38 286 70
0.143333 5 43 231 60
0.15 9 29 266 48
0.156667 6 40 237 51
0.163333 3 35 242 42
0.17 3 29 246 40
0.176667 4 36 212 53
0.183333 3 26 240 49
0.19 3 29 254 44
0.196667 3 34 261 46
0.203333 2 35 242 42
0.21 8 39 240 35
0.216667 2 30 194 38
0.223333 2 26 215 42
0.23 5 38 197 41
0.236667 1 32 202 34
0.243333 5 30 179 40
0.25 5 22 158 41
0.256667 3 20 158 35
0.263333 3 29 136 44
0.27 3 17 128 41
0.276667 2 20 149 33
0.283333 4 18 155 39
0.29 1 24 140 27
0.296667 3 23 131 28
0.303333 1 11 124 28
0.31 1 26 134 29
0.316667 4 21 122 23
0.323333 0 26 135 22
0.33 4 14 101 19
0.336667 1 17 95 23
0.343333 2 9 112 17
0.35 2 19 106 20
0.356667 2 23 90 18
0.363333 2 24 86 20
0.37 3 19 88 19
0.376667 2 18 96 22
0.383333 3 17 114 27
0.39 2 24 95 24
0.396667 1 10 100 22
0.403333 2 13 79 21
0.41 9 11 77 25
0.416667 4 13 92 18
0.423333 1 11 88 15
0.43 2 16 92 20
0.436667 3 17 90 12
0.443333 2 18 92 15
0.45 3 12 85 14
0.456667 2 9 110 20
0.463333 2 13 95 31
0.47 2 9 82 21
0.476667 2 18 73 14
0.483333 0 8 73 19
0.49 0 13 43 23
0.496667 2 5 69 14
0.503333 1 8 45 20
0.51 0 10 39 7
0.516667 1 9 45 17
0.523333 1 5 52 14
0.53 1 9 37 17
0.536667 1 9 33 10
0.543333 1 6 39 12
0.55 1 11 45 15
0.556667 2 9 32 18
0.563333 3 7 38 14
0.57 0 7 35 14
0.576667 1 8 41 13
0.583333 0 8 38 10
0.59 1 6 30 7
0.596667 1 7 36 9
0.603333 4 10 39 13
0.61 1 4 38 7
0.616667 0 10 26 4
0.623333 3 3 45 6
0.63 3 2 31 11
0.636667 1 9 45 10
0.643333 3 8 28 10
0.65 1 10 45 9
0.656667 0 7 32 2
0.663333 31 359 2778 337
0.67 0 0 0 0
0.676667 0 0 0 0
0.683333 0 0 0 0
0.69 0 0 0 0
0.696667 0 0 0 0
0.703333 0 0 0 0
0.71 0 0 0 0
0.716667 0 0 0 0
0.723333 0 0 0 0
0.73 0 0 0 0
0.736667 0 0 0 0
0.743333 0 0 0 0
0.75 0 0 0 0
0.756667 0 0 0 0
0.763333 0 0 0 0
0.77 0 0 0 0
0.776667 0 0 0 0
0.783333 0 0 0 0
0.79 0 0 0 0
0.796667 0 0 0 0
0.803333 0 0 0 0
0.81 0 0 0 0
0.816667 0 0 0 0
0.823333 0 0 0 0
0.83 0 0 0 0
0.836667 0 0 0 0
0.843333 0 0 0 0
0.85 0 0 0 0
0.856667 0 0 0 0
0.863333 0 0 0 0
0.87 0 0 0 0
0.876667 0 0 0 0
0.883333 0 0 0 0
0.89 0 0 0 0
0.896667 0 0 0 0
0.903333 0 0 0 0
0.91 0 0 0 0
0.916667 0 0 0 0
0.923333 0 0 0 0
0.93 0 0 0 0
0.936667 0 0 0 0
0.943333 0 0 0 0
0.95 0 0 0 0
0.956667 0 0 0 0
0.963333 0 0 0 0
0.97 0 0 0 0
0.976667 0 0 0 0
0.983333 0 0 0 0
0.99 0 0 0 0
0.996667 0 0 0 0
1.00333 0 0 0 0
1.01 0 0 0 0
1.01667 0 0 0 0
1.02333 0 0 0 0
1.03 0 0 0 0
1.03667 0 0 0 0
1.04333 0 0 0 0
1.05 0 0 0 0
1.05667 0 0 0 0
1.06333 0 0 0 0
1.07 0 0 0 0
1.07667 0 0 0 0
1.08333 0 0 0 0
1.09 0 0 0 0
1.09667 0 0 0 0
1.10333 0 0 0 0
1.11 0 0 0 0
1.11667 0 0 0 0
1.12333 0 0 0 0
1.13 0 0 0 0
1.13667 0 0 0 0
1.14333 0 0 0 0
1.15 0 0 0 0
1.15667 0 0 0 0
1.16333 0 0 0 0
1.17 0 0 0 0
1.17667 0 0 0 0
1.18333 0 0 0 0
1.19 0 0 0 0
1.19667 0 0 0 0
1.20333 0 0 0 0
1.21 0 0 0 0
1.21667 0 0 0 0
1.22333 0 0 0 0
1.23 0 0 0 0
1.23667 0 0 0 0
1.24333 0 0 0 0
1.25 0 0 0 0
1.25667 0 0 0 0
1.26333 0 0 0 0
1.27 0 0 0 0
1.27667 0 0 0 0
1.28333 0 0 0 0
1.29 0 0 0 0
1.29667 0 0 0 0
1.30333 0 0 0 0
1.31 0 0 0 0
1.31667 0 0 0 0
1.32333 0 0 0 0
1.33 0 0 0 0
1.33667 0 0 0 0
1.34333 0 0 0 0
1.35 0 0 0 0
1.35667 0 0 0 0
1.36333 0 0 0 0
1.37 0 0 0 0
1.37667 0 0 0 0
1.38333 0 0 0 0
1.39 0 0 0 0
1.39667 0 0 0 0
1.40333 0 0 0 0
1.41 0 0 0 0
1.41667 0 0 0 0
1.42333 0 0 0 0
1.43 0 0 0 0
1.43667 0 0 0 0
1.44333 0 0 0 0
1.45 0 0 0 0
1.45667 0 0 0 0
1.46333 0 0 0 0
1.47 0 0 0 0
1.47667 0 0 0 0
1.48333 0 0 0 0
1.49 0 0 0 0
1.49667 0 0 0 0
1.50333 0 0 0 0
1.51 0 0 0 0
1.51667 0 0 0 0
1.52333 0 0 0 0
1.53 0 0 0 0
1.53667 0 0 0 0
1.54333 0 0 0 0
1.55 0 0 0 0
1.55667 0 0 0 0
1.56333 0 0 0 0
1.57 0 0 0 0
1.57667 0 0 0 0
1.58333 0 0 0 0
1.59 0 0 0 0
1.59667 0 0 0 0
1.60333 0 0 0 0
1.61 0 0 0 0
1.61667 0 0 0 0
1.62333 0 0 0 0
1.63 0 0 0 0
1.63667 0 0 0 0
1.64333 0 0 0 0
1.65 0 0 0 0
1.65667 0 0 0 0
1.66333 0 0 0 0
1.67 0 0 0 0
1.67667 0 0 0 0
1.68333 0 0 0 0
1.69 0 0 0 0
1.69667 0 0 0 0
1.70333 0 0 0 0
1.71 0 0 0 0
1.71667 0 0 0 0
1.72333 0 0 0 0
1.73 0 0 0 0
1.73667 0 0 0 0
1.74333 0 0 0 0
1.75 0 0 0 0
1.75667 0 0 0 0
1.76333 0 0 0 0
1.77 0 0 0 0
1.77667 0 0 0 0
1.78333 0 0 0 0
1.79 0 0 0 0
1.79667 0 0 0 0
1.80333 0 0 0 0
1.81 0 0 0 0
1.81667 0 0 0 0
1.82333 0 0 0 0
1.83 0 0 0 0
1.83667 0 0 0 0
1.84333 0 0 0 0
1.85 0 0 0 0
1.85667 0 0 0 0
1.86333 0 0 0 0
1.87 0 0 0 0
1.87667 0 0 0 0
1.88333 0 0 0 0
1.89 0 0 0 0
1.89667 0 0 0 0
1.90333 0 0 0 0
1.91 0 0 0 0
1.91667 0 0 0 0
1.92333 0 0 0 0
1.93 0 0 0 0
1.93667 0 0 0 0
1.94333 0 0 0 0
1.95 0 0 0 0
1.95667 0 0 0 0
1.96333 0 0 0 0
1.97 0 0 0 0
1.97667 0 0 0 0
1.98333 0 0 0 0
1.99 0 0 0 0
1.99667 0 0 0 0
