0.00333333 63 83 1 1
0.01 60 95 5 3
0.0166667 68 91 4 2
0.0233333 65 117 3 5
0.03 91 113 2 1
0.0366667 95 132 4 3
0.0433333 116 141 7 0
0.05 148 198 9 6
0.0566667 164 218 8 5
0.0633333 165 212 9 6
0.07 194 235 11 3
0.0766667 199 281 8 4
0.0833333 219 315 11 3
0.09 204 300 10 3
0.0966667 228 306 5 4
0.103333 201 273 9 6
0.11 217 278 5 7
0.116667 226 334 11 4
0.123333 243 332 10 4
0.13 222 290 9 4
0.136667 228 280 9 6
0.143333 216 280 9 3
0.15 194 275 6 5
0.156667 170 277 11 1
0.163333 171 252 4 5
0.17 184 274 12 4
0.176667 175 268 14 7
0.183333 196 284 6 5
0.19 206 316 9 6
0.196667 185 302 5 8
0.203333 188 313 7 3
0.21 192 250 5 5
0.216667 175 267 5 4
0.223333 166 255 6 7
0.23 141 209 6 3
0.236667 113 226 9 5
0.243333 145 204 3 3
0.25 127 204 4 5
0.256667 140 196 3 4
0.263333 130 196 2 2
0.27 137 187 3 5
0.276667 125 162 4 2
0.283333 91 158 4 1
0.29 100 141 4 2
0.296667 100 154 5 4
0.303333 97 151 10 2
0.31 118 144 7 1
0.316667 92 121 1 3
0.323333 87 124 6 7
0.33 88 113 5 3
0.336667 79 128 6 3
0.343333 95 117 4 1
0.35 78 119 8 2
0.356667 79 115 5 1
0.363333 93 103 4 1
0.37 64 111 3 6
0.376667 69 102 6 3
0.383333 76 103 4 3
0.39 75 116 6 0
0.396667 88 127 2 3
0.403333 83 102 3 2
0.41 69 109 5 2
0.416667 67 93 2 5
0.423333 81 116 5 1
0.43 80 93 4 2
0.436667 70 90 2 3
0.443333 73 91 3 4
0.45 60 97 5 1
0.456667 75 112 3 2
0.463333 80 92 3 4
0.47 81 95 2 2
0.476667 52 96 2 4
0.483333 37 54 3 5
0.49 52 61 2 2
0.496667 37 59 3 0
0.503333 32 58 2 1
0.51 37 54 2 2
0.516667 39 41 1 2
0.523333 41 56 3 1
0.53 29 30 3 0
0.536667 40 53 2 1
0.543333 25 38 2 2
0.55 37 57 2 0
0.556667 33 32 3 3
0.563333 36 38 2 1
0.57 30 44 5 4
0.576667 21 46 4 0
0.583333 31 53 1 1
0.59 34 31 1 0
0.596667 27 47 2 2
0.603333 26 50 2 2
0.61 28 37 0 3
0.616667 26 32 3 3
0.623333 24 46 1 2
0.63 42 39 0 0
0.636667 33 37 3 1
0.643333 36 42 2 1
0.65 19 30 0 2
0.656667 21 31 5 3
0.663333 2313 3720 52 71
0.67 0 0 0 0
0.676667 0 0 0 0
0.683333 0 0 0 0
0.69 0 0 0 0
0.696667 0 0 0 0
0.703333 0 0 0 0
0.71 0 0 0 0
0.716667 0 0 0 0
0.723333 0 0 0 0
0.73 0 0 0 0
0.736667 0 0 0 0
0.743333 0 0 0 0
0.75 0 0 0 0
0.756667 0 0 0 0
0.763333 0 0 0 0
0.77 0 0 0 0
0.776667 0 0 0 0
0.783333 0 0 0 0
0.79 0 0 0 0
0.796667 0 0 0 0
0.803333 0 0 0 0
0.81 0 0 0 0
0.816667 0 0 0 0
0.823333 0 0 0 0
0.83 0 0 0 0
0.836667 0 0 0 0
0.843333 0 0 0 0
0.85 0 0 0 0
0.856667 0 0 0 0
0.863333 0 0 0 0
0.87 0 0 0 0
0.876667 0 0 0 0
0.883333 0 0 0 0
0.89 0 0 0 0
0.896667 0 0 0 0
0.903333 0 0 0 0
0.91 0 0 0 0
0.916667 0 0 0 0
0.923333 0 0 0 0
0.93 0 0 0 0
0.936667 0 0 0 0
0.943333 0 0 0 0
0.95 0 0 0 0
0.956667 0 0 0 0
0.963333 0 0 0 0
0.97 0 0 0 0
0.976667 0 0 0 0
0.983333 0 0 0 0
0.99 0 0 0 0
0.996667 0 0 0 0
1.00333 0 0 0 0
1.01 0 0 0 0
1.01667 0 0 0 0
1.02333 0 0 0 0
1.03 0 0 0 0
1.03667 0 0 0 0
1.04333 0 0 0 0
1.05 0 0 0 0
1.05667 0 0 0 0
1.06333 0 0 0 0
1.07 0 0 0 0
1.07667 0 0 0 0
1.08333 0 0 0 0
1.09 0 0 0 0
1.09667 0 0 0 0
1.10333 0 0 0 0
1.11 0 0 0 0
1.11667 0 0 0 0
1.12333 0 0 0 0
1.13 0 0 0 0
1.13667 0 0 0 0
1.14333 0 0 0 0
1.15 0 0 0 0
1.15667 0 0 0 0
1.16333 0 0 0 0
1.17 0 0 0 0
1.17667 0 0 0 0
1.18333 0 0 0 0
1.19 0 0 0 0
1.19667 0 0 0 0
1.20333 0 0 0 0
1.21 0 0 0 0
1.21667 0 0 0 0
1.22333 0 0 0 0
1.23 0 0 0 0
1.23667 0 0 0 0
1.24333 0 0 0 0
1.25 0 0 0 0
1.25667 0 0 0 0
1.26333 0 0 0 0
1.27 0 0 0 0
1.27667 0 0 0 0
1.28333 0 0 0 0
1.29 0 0 0 0
1.29667 0 0 0 0
1.30333 0 0 0 0
1.31 0 0 0 0
1.31667 0 0 0 0
1.32333 0 0 0 0
1.33 0 0 0 0
1.33667 0 0 0 0
1.34333 0 0 0 0
1.35 0 0 0 0
1.35667 0 0 0 0
1.36333 0 0 0 0
1.37 0 0 0 0
1.37667 0 0 0 0
1.38333 0 0 0 0
1.39 0 0 0 0
1.39667 0 0 0 0
1.40333 0 0 0 0
1.41 0 0 0 0
1.41667 0 0 0 0
1.42333 0 0 0 0
1.43 0 0 0 0
1.43667 0 0 0 0
1.44333 0 0 0 0
1.45 0 0 0 0
1.45667 0 0 0 0
1.46333 0 0 0 0
1.47 0 0 0 0
1.47667 0 0 0 0
1.48333 0 0 0 0
1.49 0 0 0 0
1.49667 0 0 0 0
1.50333 0 0 0 0
1.51 0 0 0 0
1.51667 0 0 0 0
1.52333 0 0 0 0
1.53 0 0 0 0
1.53667 0 0 0 0
1.54333 0 0 0 0
1.55 0 0 0 0
1.55667 0 0 0 0
1.56333 0 0 0 0
1.57 0 0 0 0
1.57667 0 0 0 0
1.58333 0 0 0 0
1.59 0 0 0 0
1.59667 0 0 0 0
1.60333 0 0 0 0
1.61 0 0 0 0
1.61667 0 0 0 0
1.62333 0 0 0 0
1.63 0 0 0 0
1.63667 0 0 0 0
1.64333 0 0 0 0
1.65 0 0 0 0
1.65667 0 0 0 0
1.66333 0 0 0 0
1.67 0 0 0 0
1.67667 0 0 0 0
1.68333 0 0 0 0
1.69 0 0 0 0
1.69667 0 0 0 0
1.70333 0 0 0 0
1.71 0 0 0 0
1.71667 0 0 0 0
1.72333 0 0 0 0
1.73 0 0 0 0
1.73667 0 0 0 0
1.74333 0 0 0 0
1.75 0 0 0 0
1.75667 0 0 0 0
1.76333 0 0 0 0
1.77 0 0 0 0
1.77667 0 0 0 0
1.78333 0 0 0 0
1.79 0 0 0 0
1.79667 0 0 0 0
1.80333 0 0 0 0
1.81 0 0 0 0
1.81667 0 0 0 0
1.82333 0 0 0 0
1.83 0 0 0 0
1.83667 0 0 0 0
1.84333 0 0 0 0
1.85 0 0 0 0
1.85667 0 0 0 0
1.86333 0 0 0 0
1.87 0 0 0 0
1.87667 0 0 0 0
1.88333 0 0 0 0
1.89 0 0 0 0
1.89667 0 0 0 0
1.90333 0 0 0 0
1.91 0 0 0 0
1.91667 0 0 0 0
1.92333 0 0 0 0
1.93 0 0 0 0
1.93667 0 0 0 0
1.94333 0 0 0 0
1.95 0 0 0 0
1.95667 0 0 0 0
1.96333 0 0 0 0
1.97 0 0 0 0
1.97667 0 0 0 0
1.98333 0 0 0 0
1.99 0 0 0 0
1.99667 0 0 0 0
