0.00333333 39 66 3 1
0.01 33 83 6 0
0.0166667 51 68 7 2
0.0233333 37 94 7 5
0.03 57 74 8 5
0.0366667 61 136 12 2
0.0433333 82 165 12 5
0.05 111 205 10 6
0.0566667 141 238 11 5
0.0633333 153 265 19 8
0.07 136 269 15 5
0.0766667 149 274 23 5
0.0833333 143 295 18 7
0.09 159 321 16 6
0.0966667 151 311 21 3
0.103333 147 286 18 3
0.11 161 293 21 6
0.116667 153 283 23 5
0.123333 140 315 22 4
0.13 122 298 17 4
0.136667 128 259 13 9
0.143333 132 252 14 4
0.15 113 249 19 5
0.156667 104 239 8 4
0.163333 121 243 11 3
0.17 110 230 15 2
0.176667 102 229 14 4
0.183333 100 240 15 2
0.19 108 228 7 2
0.196667 113 235 20 2
0.203333 89 240 14 4
0.21 100 207 11 5
0.216667 78 192 8 4
0.223333 89 169 17 6
0.23 81 195 12 4
0.236667 70 178 10 3
0.243333 82 182 6 5
0.25 79 168 9 0
0.256667 77 135 6 1
0.263333 68 141 5 4
0.27 69 147 9 2
0.276667 76 128 11 3
0.283333 62 140 9 2
0.29 64 123 6 0
0.296667 59 142 6 4
0.303333 65 123 3 4
0.31 62 137 9 3
0.316667 65 115 8 2
0.323333 60 96 13 2
0.33 55 108 9 1
0.336667 55 118 6 1
0.343333 61 92 6 3
0.35 40 106 7 0
0.356667 39 98 10 1
0.363333 43 99 9 2
0.37 53 100 6 1
0.376667 43 90 6 2
0.383333 28 70 3 1
0.39 43 83 8 0
0.396667 57 81 7 0
0.403333 47 93 6 0
0.41 43 88 12 0
0.416667 46 83 9 2
0.423333 36 68 8 0
0.43 36 83 4 1
0.436667 24 70 5 2
0.443333 39 65 4 0
0.45 42 69 7 1
0.456667 41 89 6 1
0.463333 50 61 8 3
0.47 28 75 5 3
0.476667 36 71 3 1
0.483333 21 68 6 2
0.49 30 57 4 3
0.496667 20 45 3 3
0.503333 26 46 4 4
0.51 24 41 7 0
0.516667 25 48 8 0
0.523333 24 51 5 0
0.53 23 32 6 2
0.536667 15 42 1 3
0.543333 19 42 10 0
0.55 20 35 3 2
0.556667 11 39 4 1
0.563333 17 31 5 1
0.57 23 37 6 1
0.576667 16 45 9 0
0.583333 22 26 2 1
0.59 20 30 5 1
0.596667 18 42 1 0
0.603333 15 49 6 1
0.61 18 34 3 1
0.616667 21 32 5 2
0.623333 23 32 7 1
0.63 24 39 5 3
0.636667 20 37 3 4
0.643333 16 31 10 2
0.65 16 40 3 2
0.656667 13 31 4 1
0.663333 908 2423 108 26
0.67 0 0 0 0
0.676667 0 0 0 0
0.683333 0 0 0 0
0.69 0 0 0 0
0.696667 0 0 0 0
0.703333 0 0 0 0
0.71 0 0 0 0
0.716667 0 0 0 0
0.723333 0 0 0 0
0.73 0 0 0 0
0.736667 0 0 0 0
0.743333 0 0 0 0
0.75 0 0 0 0
0.756667 0 0 0 0
0.763333 0 0 0 0
0.77 0 0 0 0
0.776667 0 0 0 0
0.783333 0 0 0 0
0.79 0 0 0 0
0.796667 0 0 0 0
0.803333 0 0 0 0
0.81 0 0 0 0
0.816667 0 0 0 0
0.823333 0 0 0 0
0.83 0 0 0 0
0.836667 0 0 0 0
0.843333 0 0 0 0
0.85 0 0 0 0
0.856667 0 0 0 0
0.863333 0 0 0 0
0.87 0 0 0 0
0.876667 0 0 0 0
0.883333 0 0 0 0
0.89 0 0 0 0
0.896667 0 0 0 0
0.903333 0 0 0 0
0.91 0 0 0 0
0.916667 0 0 0 0
0.923333 0 0 0 0
0.93 0 0 0 0
0.936667 0 0 0 0
0.943333 0 0 0 0
0.95 0 0 0 0
0.956667 0 0 0 0
0.963333 0 0 0 0
0.97 0 0 0 0
0.976667 0 0 0 0
0.983333 0 0 0 0
0.99 0 0 0 0
0.996667 0 0 0 0
1.00333 0 0 0 0
1.01 0 0 0 0
1.01667 0 0 0 0
1.02333 0 0 0 0
1.03 0 0 0 0
1.03667 0 0 0 0
1.04333 0 0 0 0
1.05 0 0 0 0
1.05667 0 0 0 0
1.06333 0 0 0 0
1.07 0 0 0 0
1.07667 0 0 0 0
1.08333 0 0 0 0
1.09 0 0 0 0
1.09667 0 0 0 0
1.10333 0 0 0 0
1.11 0 0 0 0
1.11667 0 0 0 0
1.12333 0 0 0 0
1.13 0 0 0 0
1.13667 0 0 0 0
1.14333 0 0 0 0
1.15 0 0 0 0
1.15667 0 0 0 0
1.16333 0 0 0 0
1.17 0 0 0 0
1.17667 0 0 0 0
1.18333 0 0 0 0
1.19 0 0 0 0
1.19667 0 0 0 0
1.20333 0 0 0 0
1.21 0 0 0 0
1.21667 0 0 0 0
1.22333 0 0 0 0
1.23 0 0 0 0
1.23667 0 0 0 0
1.24333 0 0 0 0
1.25 0 0 0 0
1.25667 0 0 0 0
1.26333 0 0 0 0
1.27 0 0 0 0
1.27667 0 0 0 0
1.28333 0 0 0 0
1.29 0 0 0 0
1.29667 0 0 0 0
1.30333 0 0 0 0
1.31 0 0 0 0
1.31667 0 0 0 0
1.32333 0 0 0 0
1.33 0 0 0 0
1.33667 0 0 0 0
1.34333 0 0 0 0
1.35 0 0 0 0
1.35667 0 0 0 0
1.36333 0 0 0 0
1.37 0 0 0 0
1.37667 0 0 0 0
1.38333 0 0 0 0
1.39 0 0 0 0
1.39667 0 0 0 0
1.40333 0 0 0 0
1.41 0 0 0 0
1.41667 0 0 0 0
1.42333 0 0 0 0
1.43 0 0 0 0
1.43667 0 0 0 0
1.44333 0 0 0 0
1.45 0 0 0 0
1.45667 0 0 0 0
1.46333 0 0 0 0
1.47 0 0 0 0
1.47667 0 0 0 0
1.48333 0 0 0 0
1.49 0 0 0 0
1.49667 0 0 0 0
1.50333 0 0 0 0
1.51 0 0 0 0
1.51667 0 0 0 0
1.52333 0 0 0 0
1.53 0 0 0 0
1.53667 0 0 0 0
1.54333 0 0 0 0
1.55 0 0 0 0
1.55667 0 0 0 0
1.56333 0 0 0 0
1.57 0 0 0 0
1.57667 0 0 0 0
1.58333 0 0 0 0
1.59 0 0 0 0
1.59667 0 0 0 0
1.60333 0 0 0 0
1.61 0 0 0 0
1.61667 0 0 0 0
1.62333 0 0 0 0
1.63 0 0 0 0
1.63667 0 0 0 0
1.64333 0 0 0 0
1.65 0 0 0 0
1.65667 0 0 0 0
1.66333 0 0 0 0
1.67 0 0 0 0
1.67667 0 0 0 0
1.68333 0 0 0 0
1.69 0 0 0 0
1.69667 0 0 0 0
1.70333 0 0 0 0
1.71 0 0 0 0
1.71667 0 0 0 0
1.72333 0 0 0 0
1.73 0 0 0 0
1.73667 0 0 0 0
1.74333 0 0 0 0
1.75 0 0 0 0
1.75667 0 0 0 0
1.76333 0 0 0 0
1.77 0 0 0 0
1.77667 0 0 0 0
1.78333 0 0 0 0
1.79 0 0 0 0
1.79667 0 0 0 0
1.80333 0 0 0 0
1.81 0 0 0 0
1.81667 0 0 0 0
1.82333 0 0 0 0
1.83 0 0 0 0
1.83667 0 0 0 0
1.84333 0 0 0 0
1.85 0 0 0 0
1.85667 0 0 0 0
1.86333 0 0 0 0
1.87 0 0 0 0
1.87667 0 0 0 0
1.88333 0 0 0 0
1.89 0 0 0 0
1.89667 0 0 0 0
1.90333 0 0 0 0
1.91 0 0 0 0
1.91667 0 0 0 0
1.92333 0 0 0 0
1.93 0 0 0 0
1.93667 0 0 0 0
1.94333 0 0 0 0
1.95 0 0 0 0
1.95667 0 0 0 0
1.96333 0 0 0 0
1.97 0 0 0 0
1.97667 0 0 0 0
1.98333 0 0 0 0
1.99 0 0 0 0
1.99667 0 0 0 0
