0.00333333 14 27 9 0
0.01 26 28 7 0
0.0166667 26 36 8 2
0.0233333 28 30 4 0
0.03 33 39 7 1
0.0366667 45 40 7 0
0.0433333 49 51 9 1
0.05 68 74 12 0
0.0566667 66 83 8 0
0.0633333 92 79 10 3
0.07 93 72 12 1
0.0766667 74 81 12 2
0.0833333 77 85 4 1
0.09 99 86 8 1
0.0966667 94 91 16 0
0.103333 95 64 15 2
0.11 75 99 14 1
0.116667 76 103 11 2
0.123333 79 93 9 2
0.13 76 87 9 2
0.136667 74 68 11 1
0.143333 66 84 11 2
0.15 61 64 12 0
0.156667 58 74 10 0
0.163333 55 93 10 1
0.17 51 67 16 1
0.176667 54 77 10 0
0.183333 61 49 8 1
0.19 50 78 24 2
0.196667 43 64 20 0
0.203333 37 71 11 0
0.21 54 69 15 2
0.216667 39 58 14 1
0.223333 51 55 12 1
0.23 36 38 19 1
0.236667 44 70 15 0
0.243333 34 54 10 1
0.25 49 59 11 0
0.256667 38 51 8 0
0.263333 38 50 11 1
0.27 48 51 15 0
0.276667 43 51 10 1
0.283333 36 58 11 2
0.29 36 40 12 0
0.296667 37 38 12 0
0.303333 24 42 5 0
0.31 38 41 8 0
0.316667 40 36 15 0
0.323333 39 43 7 0
0.33 36 46 5 0
0.336667 39 25 7 0
0.343333 28 29 5 0
0.35 31 34 9 2
0.356667 24 50 8 0
0.363333 27 29 12 0
0.37 29 30 11 0
0.376667 22 34 8 0
0.383333 36 34 10 1
0.39 25 32 8 1
0.396667 34 22 9 1
0.403333 21 33 8 0
0.41 28 33 10 1
0.416667 28 23 5 2
0.423333 29 35 8 0
0.43 20 36 9 0
0.436667 27 19 6 2
0.443333 13 32 13 0
0.45 13 30 12 0
0.456667 22 39 6 0
0.463333 19 37 13 0
0.47 25 27 9 1
0.476667 16 26 12 0
0.483333 23 26 7 0
0.49 12 13 2 0
0.496667 25 17 2 0
0.503333 16 28 7 1
0.51 18 23 5 0
0.516667 16 15 5 0
0.523333 11 18 4 2
0.53 15 19 3 1
0.536667 10 19 8 0
0.543333 14 19 4 0
0.55 14 21 4 0
0.556667 11 16 7 0
0.563333 16 23 1 0
0.57 9 24 2 1
0.576667 9 23 1 0
0.583333 15 13 3 0
0.59 13 12 3 0
0.596667 9 16 5 0
0.603333 10 20 5 0
0.61 16 15 6 0
0.616667 7 18 5 0
0.623333 9 19 2 0
0.63 14 20 5 0
0.636667 24 13 5 0
0.643333 15 16 6 0
0.65 11 11 4 1
0.656667 9 19 2 0
0.663333 468 763 358 2
0.67 0 0 0 0
0.676667 0 0 0 0
0.683333 0 0 0 0
0.69 0 0 0 0
0.696667 0 0 0 0
0.703333 0 0 0 0
0.71 0 0 0 0
0.716667 0 0 0 0
0.723333 0 0 0 0
0.73 0 0 0 0
0.736667 0 0 0 0
0.743333 0 0 0 0
0.75 0 0 0 0
0.756667 0 0 0 0
0.763333 0 0 0 0
0.77 0 0 0 0
0.776667 0 0 0 0
0.783333 0 0 0 0
0.79 0 0 0 0
0.796667 0 0 0 0
0.803333 0 0 0 0
0.81 0 0 0 0
0.816667 0 0 0 0
0.823333 0 0 0 0
0.83 0 0 0 0
0.836667 0 0 0 0
0.843333 0 0 0 0
0.85 0 0 0 0
0.856667 0 0 0 0
0.863333 0 0 0 0
0.87 0 0 0 0
0.876667 0 0 0 0
0.883333 0 0 0 0
0.89 0 0 0 0
0.896667 0 0 0 0
0.903333 0 0 0 0
0.91 0 0 0 0
0.916667 0 0 0 0
0.923333 0 0 0 0
0.93 0 0 0 0
0.936667 0 0 0 0
0.943333 0 0 0 0
0.95 0 0 0 0
0.956667 0 0 0 0
0.963333 0 0 0 0
0.97 0 0 0 0
0.976667 0 0 0 0
0.983333 0 0 0 0
0.99 0 0 0 0
0.996667 0 0 0 0
1.00333 0 0 0 0
1.01 0 0 0 0
1.01667 0 0 0 0
1.02333 0 0 0 0
1.03 0 0 0 0
1.03667 0 0 0 0
1.04333 0 0 0 0
1.05 0 0 0 0
1.05667 0 0 0 0
1.06333 0 0 0 0
1.07 0 0 0 0
1.07667 0 0 0 0
1.08333 0 0 0 0
1.09 0 0 0 0
1.09667 0 0 0 0
1.10333 0 0 0 0
1.11 0 0 0 0
1.11667 0 0 0 0
1.12333 0 0 0 0
1.13 0 0 0 0
1.13667 0 0 0 0
1.14333 0 0 0 0
1.15 0 0 0 0
1.15667 0 0 0 0
1.16333 0 0 0 0
1.17 0 0 0 0
1.17667 0 0 0 0
1.18333 0 0 0 0
1.19 0 0 0 0
1.19667 0 0 0 0
1.20333 0 0 0 0
1.21 0 0 0 0
1.21667 0 0 0 0
1.22333 0 0 0 0
1.23 0 0 0 0
1.23667 0 0 0 0
1.24333 0 0 0 0
1.25 0 0 0 0
1.25667 0 0 0 0
1.26333 0 0 0 0
1.27 0 0 0 0
1.27667 0 0 0 0
1.28333 0 0 0 0
1.29 0 0 0 0
1.29667 0 0 0 0
1.30333 0 0 0 0
1.31 0 0 0 0
1.31667 0 0 0 0
1.32333 0 0 0 0
1.33 0 0 0 0
1.33667 0 0 0 0
1.34333 0 0 0 0
1.35 0 0 0 0
1.35667 0 0 0 0
1.36333 0 0 0 0
1.37 0 0 0 0
1.37667 0 0 0 0
1.38333 0 0 0 0
1.39 0 0 0 0
1.39667 0 0 0 0
1.40333 0 0 0 0
1.41 0 0 0 0
1.41667 0 0 0 0
1.42333 0 0 0 0
1.43 0 0 0 0
1.43667 0 0 0 0
1.44333 0 0 0 0
1.45 0 0 0 0
1.45667 0 0 0 0
1.46333 0 0 0 0
1.47 0 0 0 0
1.47667 0 0 0 0
1.48333 0 0 0 0
1.49 0 0 0 0
1.49667 0 0 0 0
1.50333 0 0 0 0
1.51 0 0 0 0
1.51667 0 0 0 0
1.52333 0 0 0 0
1.53 0 0 0 0
1.53667 0 0 0 0
1.54333 0 0 0 0
1.55 0 0 0 0
1.55667 0 0 0 0
1.56333 0 0 0 0
1.57 0 0 0 0
1.57667 0 0 0 0
1.58333 0 0 0 0
1.59 0 0 0 0
1.59667 0 0 0 0
1.60333 0 0 0 0
1.61 0 0 0 0
1.61667 0 0 0 0
1.62333 0 0 0 0
1.63 0 0 0 0
1.63667 0 0 0 0
1.64333 0 0 0 0
1.65 0 0 0 0
1.65667 0 0 0 0
1.66333 0 0 0 0
1.67 0 0 0 0
1.67667 0 0 0 0
1.68333 0 0 0 0
1.69 0 0 0 0
1.69667 0 0 0 0
1.70333 0 0 0 0
1.71 0 0 0 0
1.71667 0 0 0 0
1.72333 0 0 0 0
1.73 0 0 0 0
1.73667 0 0 0 0
1.74333 0 0 0 0
1.75 0 0 0 0
1.75667 0 0 0 0
1.76333 0 0 0 0
1.77 0 0 0 0
1.77667 0 0 0 0
1.78333 0 0 0 0
1.79 0 0 0 0
1.79667 0 0 0 0
1.80333 0 0 0 0
1.81 0 0 0 0
1.81667 0 0 0 0
1.82333 0 0 0 0
1.83 0 0 0 0
1.83667 0 0 0 0
1.84333 0 0 0 0
1.85 0 0 0 0
1.85667 0 0 0 0
1.86333 0 0 0 0
1.87 0 0 0 0
1.87667 0 0 0 0
1.88333 0 0 0 0
1.89 0 0 0 0
1.89667 0 0 0 0
1.90333 0 0 0 0
1.91 0 0 0 0
1.91667 0 0 0 0
1.92333 0 0 0 0
1.93 0 0 0 0
1.93667 0 0 0 0
1.94333 0 0 0 0
1.95 0 0 0 0
1.95667 0 0 0 0
1.96333 0 0 0 0
1.97 0 0 0 0
1.97667 0 0 0 0
1.98333 0 0 0 0
1.99 0 0 0 0
1.99667 0 0 0 0
