0.00333333 9 178 7 2
0.01 6 196 9 3
0.0166667 11 193 16 3
0.0233333 11 180 12 2
0.03 10 201 18 1
0.0366667 15 181 15 2
0.0433333 11 193 15 2
0.05 23 226 21 3
0.0566667 29 239 19 5
0.0633333 28 253 25 2
0.07 32 311 19 3
0.0766667 33 278 29 1
0.0833333 30 296 22 3
0.09 20 289 18 6
0.0966667 34 297 25 1
0.103333 28 305 24 2
0.11 34 283 22 5
0.116667 34 285 19 4
0.123333 27 295 28 2
0.13 24 306 20 0
0.136667 40 318 18 4
0.143333 23 330 30 2
0.15 14 362 17 2
0.156667 25 324 17 4
0.163333 19 355 26 3
0.17 18 364 15 1
0.176667 19 358 23 2
0.183333 20 445 24 4
0.19 22 647 30 2
0.196667 22 627 29 3
0.203333 30 519 48 1
0.21 24 529 22 3
0.216667 19 439 32 2
0.223333 13 447 25 4
0.23 17 347 22 2
0.236667 10 346 12 4
0.243333 21 332 19 3
0.25 11 322 19 6
0.256667 19 285 16 3
0.263333 20 267 25 3
0.27 17 251 15 5
0.276667 13 251 14 0
0.283333 18 217 21 2
0.29 12 231 23 3
0.296667 17 208 9 1
0.303333 11 224 12 2
0.31 18 202 15 0
0.316667 8 215 16 4
0.323333 20 206 14 0
0.33 13 195 11 1
0.336667 19 193 26 1
0.343333 16 207 8 1
0.35 15 185 18 1
0.356667 16 216 16 0
0.363333 14 161 7 1
0.37 11 179 9 0
0.376667 15 182 6 1
0.383333 16 180 15 1
0.39 10 193 18 1
0.396667 10 171 18 3
0.403333 7 181 9 2
0.41 10 188 15 0
0.416667 13 170 12 2
0.423333 11 188 17 1
0.43 8 187 17 0
0.436667 7 165 10 1
0.443333 9 184 11 3
0.45 13 199 10 1
0.456667 8 196 11 0
0.463333 4 196 18 1
0.47 9 199 14 0
0.476667 13 148 12 0
0.483333 6 63 10 1
0.49 7 64 6 5
0.496667 6 66 11 1
0.503333 9 61 10 2
0.51 2 50 8 0
0.516667 6 58 7 0
0.523333 11 47 9 0
0.53 8 39 10 0
0.536667 3 38 8 2
0.543333 6 37 3 0
0.55 2 39 8 0
0.556667 6 30 2 0
0.563333 4 34 5 0
0.57 5 34 7 0
0.576667 8 44 9 0
0.583333 7 47 7 0
0.59 5 43 9 0
0.596667 6 35 8 0
0.603333 7 33 3 0
0.61 8 34 11 1
0.616667 6 30 5 1
0.623333 7 34 8 0
0.63 10 43 2 0
0.636667 5 60 7 2
0.643333 9 22 3 3
0.65 6 25 10 0
0.656667 6 13 4 0
0.663333 185 12392 496 25
0.67 0 0 0 0
0.676667 0 0 0 0
0.683333 0 0 0 0
0.69 0 0 0 0
0.696667 0 0 0 0
0.703333 0 0 0 0
0.71 0 0 0 0
0.716667 0 0 0 0
0.723333 0 0 0 0
0.73 0 0 0 0
0.736667 0 0 0 0
0.743333 0 0 0 0
0.75 0 0 0 0
0.756667 0 0 0 0
0.763333 0 0 0 0
0.77 0 0 0 0
0.776667 0 0 0 0
0.783333 0 0 0 0
0.79 0 0 0 0
0.796667 0 0 0 0
0.803333 0 0 0 0
0.81 0 0 0 0
0.816667 0 0 0 0
0.823333 0 0 0 0
0.83 0 0 0 0
0.836667 0 0 0 0
0.843333 0 0 0 0
0.85 0 0 0 0
0.856667 0 0 0 0
0.863333 0 0 0 0
0.87 0 0 0 0
0.876667 0 0 0 0
0.883333 0 0 0 0
0.89 0 0 0 0
0.896667 0 0 0 0
0.903333 0 0 0 0
0.91 0 0 0 0
0.916667 0 0 0 0
0.923333 0 0 0 0
0.93 0 0 0 0
0.936667 0 0 0 0
0.943333 0 0 0 0
0.95 0 0 0 0
0.956667 0 0 0 0
0.963333 0 0 0 0
0.97 0 0 0 0
0.976667 0 0 0 0
0.983333 0 0 0 0
0.99 0 0 0 0
0.996667 0 0 0 0
1.00333 0 0 0 0
1.01 0 0 0 0
1.01667 0 0 0 0
1.02333 0 0 0 0
1.03 0 0 0 0
1.03667 0 0 0 0
1.04333 0 0 0 0
1.05 0 0 0 0
1.05667 0 0 0 0
1.06333 0 0 0 0
1.07 0 0 0 0
1.07667 0 0 0 0
1.08333 0 0 0 0
1.09 0 0 0 0
1.09667 0 0 0 0
1.10333 0 0 0 0
1.11 0 0 0 0
1.11667 0 0 0 0
1.12333 0 0 0 0
1.13 0 0 0 0
1.13667 0 0 0 0
1.14333 0 0 0 0
1.15 0 0 0 0
1.15667 0 0 0 0
1.16333 0 0 0 0
1.17 0 0 0 0
1.17667 0 0 0 0
1.18333 0 0 0 0
1.19 0 0 0 0
1.19667 0 0 0 0
1.20333 0 0 0 0
1.21 0 0 0 0
1.21667 0 0 0 0
1.22333 0 0 0 0
1.23 0 0 0 0
1.23667 0 0 0 0
1.24333 0 0 0 0
1.25 0 0 0 0
1.25667 0 0 0 0
1.26333 0 0 0 0
1.27 0 0 0 0
1.27667 0 0 0 0
1.28333 0 0 0 0
1.29 0 0 0 0
1.29667 0 0 0 0
1.30333 0 0 0 0
1.31 0 0 0 0
1.31667 0 0 0 0
1.32333 0 0 0 0
1.33 0 0 0 0
1.33667 0 0 0 0
1.34333 0 0 0 0
1.35 0 0 0 0
1.35667 0 0 0 0
1.36333 0 0 0 0
1.37 0 0 0 0
1.37667 0 0 0 0
1.38333 0 0 0 0
1.39 0 0 0 0
1.39667 0 0 0 0
1.40333 0 0 0 0
1.41 0 0 0 0
1.41667 0 0 0 0
1.42333 0 0 0 0
1.43 0 0 0 0
1.43667 0 0 0 0
1.44333 0 0 0 0
1.45 0 0 0 0
1.45667 0 0 0 0
1.46333 0 0 0 0
1.47 0 0 0 0
1.47667 0 0 0 0
1.48333 0 0 0 0
1.49 0 0 0 0
1.49667 0 0 0 0
1.50333 0 0 0 0
1.51 0 0 0 0
1.51667 0 0 0 0
1.52333 0 0 0 0
1.53 0 0 0 0
1.53667 0 0 0 0
1.54333 0 0 0 0
1.55 0 0 0 0
1.55667 0 0 0 0
1.56333 0 0 0 0
1.57 0 0 0 0
1.57667 0 0 0 0
1.58333 0 0 0 0
1.59 0 0 0 0
1.59667 0 0 0 0
1.60333 0 0 0 0
1.61 0 0 0 0
1.61667 0 0 0 0
1.62333 0 0 0 0
1.63 0 0 0 0
1.63667 0 0 0 0
1.64333 0 0 0 0
1.65 0 0 0 0
1.65667 0 0 0 0
1.66333 0 0 0 0
1.67 0 0 0 0
1.67667 0 0 0 0
1.68333 0 0 0 0
1.69 0 0 0 0
1.69667 0 0 0 0
1.70333 0 0 0 0
1.71 0 0 0 0
1.71667 0 0 0 0
1.72333 0 0 0 0
1.73 0 0 0 0
1.73667 0 0 0 0
1.74333 0 0 0 0
1.75 0 0 0 0
1.75667 0 0 0 0
1.76333 0 0 0 0
1.77 0 0 0 0
1.77667 0 0 0 0
1.78333 0 0 0 0
1.79 0 0 0 0
1.79667 0 0 0 0
1.80333 0 0 0 0
1.81 0 0 0 0
1.81667 0 0 0 0
1.82333 0 0 0 0
1.83 0 0 0 0
1.83667 0 0 0 0
1.84333 0 0 0 0
1.85 0 0 0 0
1.85667 0 0 0 0
1.86333 0 0 0 0
1.87 0 0 0 0
1.87667 0 0 0 0
1.88333 0 0 0 0
1.89 0 0 0 0
1.89667 0 0 0 0
1.90333 0 0 0 0
1.91 0 0 0 0
1.91667 0 0 0 0
1.92333 0 0 0 0
1.93 0 0 0 0
1.93667 0 0 0 0
1.94333 0 0 0 0
1.95 0 0 0 0
1.95667 0 0 0 0
1.96333 0 0 0 0
1.97 0 0 0 0
1.97667 0 0 0 0
1.98333 0 0 0 0
1.99 0 0 0 0
1.99667 0 0 0 0
