0.00333333 5 69 29 0
0.01 4 49 23 1
0.0166667 5 51 22 0
0.0233333 4 62 29 2
0.03 8 80 22 3
0.0366667 9 79 34 1
0.0433333 18 60 44 3
0.05 17 102 36 1
0.0566667 14 119 45 3
0.0633333 26 129 51 2
0.07 15 135 56 1
0.0766667 18 153 55 5
0.0833333 26 146 51 5
0.09 17 143 48 6
0.0966667 23 128 53 5
0.103333 24 151 52 7
0.11 19 163 61 6
0.116667 22 132 64 6
0.123333 14 139 54 5
0.13 22 133 57 3
0.136667 19 140 41 2
0.143333 19 142 53 6
0.15 12 140 48 4
0.156667 9 129 57 3
0.163333 9 144 50 3
0.17 10 156 53 6
0.176667 14 118 59 2
0.183333 7 139 61 3
0.19 13 145 73 5
0.196667 11 162 73 5
0.203333 9 139 75 6
0.21 9 153 57 4
0.216667 11 145 65 1
0.223333 16 135 40 2
0.23 12 139 57 3
0.236667 10 144 48 1
0.243333 10 129 45 2
0.25 15 128 54 4
0.256667 11 121 41 1
0.263333 9 99 46 2
0.27 12 113 52 3
0.276667 6 99 56 2
0.283333 8 88 48 1
0.29 6 107 55 3
0.296667 8 88 32 1
0.303333 6 99 37 6
0.31 10 99 34 2
0.316667 10 111 43 1
0.323333 5 96 37 1
0.33 7 95 29 1
0.336667 8 94 35 1
0.343333 7 84 43 1
0.35 12 82 45 1
0.356667 7 78 44 1
0.363333 11 66 37 1
0.37 11 90 38 0
0.376667 10 61 35 4
0.383333 8 88 37 2
0.39 4 77 27 0
0.396667 5 77 32 1
0.403333 4 81 30 1
0.41 8 65 43 1
0.416667 11 91 30 1
0.423333 7 69 37 0
0.43 5 75 34 0
0.436667 7 81 35 0
0.443333 5 67 35 2
0.45 8 68 27 1
0.456667 9 71 36 3
0.463333 5 75 36 0
0.47 4 63 40 1
0.476667 6 60 30 1
0.483333 4 43 19 2
0.49 5 43 16 4
0.496667 6 40 13 2
0.503333 6 45 16 1
0.51 1 33 16 1
0.516667 5 34 24 1
0.523333 5 30 14 1
0.53 9 39 13 1
0.536667 2 22 9 1
0.543333 7 36 10 0
0.55 5 33 8 1
0.556667 11 30 11 0
0.563333 2 32 11 0
0.57 4 35 11 1
0.576667 7 28 5 1
0.583333 4 32 5 0
0.59 3 32 8 3
0.596667 3 33 8 0
0.603333 2 29 4 2
0.61 4 26 6 0
0.616667 6 31 4 1
0.623333 1 34 4 2
0.63 2 30 4 1
0.636667 4 36 3 1
0.643333 6 31 3 0
0.65 3 22 4 1
0.656667 5 21 4 0
0.663333 85 2912 1801 13
0.67 0 0 0 0
0.676667 0 0 0 0
0.683333 0 0 0 0
0.69 0 0 0 0
0.696667 0 0 0 0
0.703333 0 0 0 0
0.71 0 0 0 0
0.716667 0 0 0 0
0.723333 0 0 0 0
0.73 0 0 0 0
0.736667 0 0 0 0
0.743333 0 0 0 0
0.75 0 0 0 0
0.756667 0 0 0 0
0.763333 0 0 0 0
0.77 0 0 0 0
0.776667 0 0 0 0
0.783333 0 0 0 0
0.79 0 0 0 0
0.796667 0 0 0 0
0.803333 0 0 0 0
0.81 0 0 0 0
0.816667 0 0 0 0
0.823333 0 0 0 0
0.83 0 0 0 0
0.836667 0 0 0 0
0.843333 0 0 0 0
0.85 0 0 0 0
0.856667 0 0 0 0
0.863333 0 0 0 0
0.87 0 0 0 0
0.876667 0 0 0 0
0.883333 0 0 0 0
0.89 0 0 0 0
0.896667 0 0 0 0
0.903333 0 0 0 0
0.91 0 0 0 0
0.916667 0 0 0 0
0.923333 0 0 0 0
0.93 0 0 0 0
0.936667 0 0 0 0
0.943333 0 0 0 0
0.95 0 0 0 0
0.956667 0 0 0 0
0.963333 0 0 0 0
0.97 0 0 0 0
0.976667 0 0 0 0
0.983333 0 0 0 0
0.99 0 0 0 0
0.996667 0 0 0 0
1.00333 0 0 0 0
1.01 0 0 0 0
1.01667 0 0 0 0
1.02333 0 0 0 0
1.03 0 0 0 0
1.03667 0 0 0 0
1.04333 0 0 0 0
1.05 0 0 0 0
1.05667 0 0 0 0
1.06333 0 0 0 0
1.07 0 0 0 0
1.07667 0 0 0 0
1.08333 0 0 0 0
1.09 0 0 0 0
1.09667 0 0 0 0
1.10333 0 0 0 0
1.11 0 0 0 0
1.11667 0 0 0 0
1.12333 0 0 0 0
1.13 0 0 0 0
1.13667 0 0 0 0
1.14333 0 0 0 0
1.15 0 0 0 0
1.15667 0 0 0 0
1.16333 0 0 0 0
1.17 0 0 0 0
1.17667 0 0 0 0
1.18333 0 0 0 0
1.19 0 0 0 0
1.19667 0 0 0 0
1.20333 0 0 0 0
1.21 0 0 0 0
1.21667 0 0 0 0
1.22333 0 0 0 0
1.23 0 0 0 0
1.23667 0 0 0 0
1.24333 0 0 0 0
1.25 0 0 0 0
1.25667 0 0 0 0
1.26333 0 0 0 0
1.27 0 0 0 0
1.27667 0 0 0 0
1.28333 0 0 0 0
1.29 0 0 0 0
1.29667 0 0 0 0
1.30333 0 0 0 0
1.31 0 0 0 0
1.31667 0 0 0 0
1.32333 0 0 0 0
1.33 0 0 0 0
1.33667 0 0 0 0
1.34333 0 0 0 0
1.35 0 0 0 0
1.35667 0 0 0 0
1.36333 0 0 0 0
1.37 0 0 0 0
1.37667 0 0 0 0
1.38333 0 0 0 0
1.39 0 0 0 0
1.39667 0 0 0 0
1.40333 0 0 0 0
1.41 0 0 0 0
1.41667 0 0 0 0
1.42333 0 0 0 0
1.43 0 0 0 0
1.43667 0 0 0 0
1.44333 0 0 0 0
1.45 0 0 0 0
1.45667 0 0 0 0
1.46333 0 0 0 0
1.47 0 0 0 0
1.47667 0 0 0 0
1.48333 0 0 0 0
1.49 0 0 0 0
1.49667 0 0 0 0
1.50333 0 0 0 0
1.51 0 0 0 0
1.51667 0 0 0 0
1.52333 0 0 0 0
1.53 0 0 0 0
1.53667 0 0 0 0
1.54333 0 0 0 0
1.55 0 0 0 0
1.55667 0 0 0 0
1.56333 0 0 0 0
1.57 0 0 0 0
1.57667 0 0 0 0
1.58333 0 0 0 0
1.59 0 0 0 0
1.59667 0 0 0 0
1.60333 0 0 0 0
1.61 0 0 0 0
1.61667 0 0 0 0
1.62333 0 0 0 0
1.63 0 0 0 0
1.63667 0 0 0 0
1.64333 0 0 0 0
1.65 0 0 0 0
1.65667 0 0 0 0
1.66333 0 0 0 0
1.67 0 0 0 0
1.67667 0 0 0 0
1.68333 0 0 0 0
1.69 0 0 0 0
1.69667 0 0 0 0
1.70333 0 0 0 0
1.71 0 0 0 0
1.71667 0 0 0 0
1.72333 0 0 0 0
1.73 0 0 0 0
1.73667 0 0 0 0
1.74333 0 0 0 0
1.75 0 0 0 0
1.75667 0 0 0 0
1.76333 0 0 0 0
1.77 0 0 0 0
1.77667 0 0 0 0
1.78333 0 0 0 0
1.79 0 0 0 0
1.79667 0 0 0 0
1.80333 0 0 0 0
1.81 0 0 0 0
1.81667 0 0 0 0
1.82333 0 0 0 0
1.83 0 0 0 0
1.83667 0 0 0 0
1.84333 0 0 0 0
1.85 0 0 0 0
1.85667 0 0 0 0
1.86333 0 0 0 0
1.87 0 0 0 0
1.87667 0 0 0 0
1.88333 0 0 0 0
1.89 0 0 0 0
1.89667 0 0 0 0
1.90333 0 0 0 0
1.91 0 0 0 0
1.91667 0 0 0 0
1.92333 0 0 0 0
1.93 0 0 0 0
1.93667 0 0 0 0
1.94333 0 0 0 0
1.95 0 0 0 0
1.95667 0 0 0 0
1.96333 0 0 0 0
1.97 0 0 0 0
1.97667 0 0 0 0
1.98333 0 0 0 0
1.99 0 0 0 0
1.99667 0 0 0 0
