0.00333333 18 18 6 12
0.01 35 26 5 21
0.0166667 37 28 6 11
0.0233333 41 32 9 12
0.03 31 36 6 15
0.0366667 17 41 9 17
0.0433333 44 50 15 17
0.05 52 50 18 13
0.0566667 41 80 17 18
0.0633333 36 66 17 16
0.07 56 80 33 14
0.0766667 52 87 19 14
0.0833333 59 79 21 16
0.09 54 120 16 14
0.0966667 56 85 24 15
0.103333 56 72 16 21
0.11 58 99 17 23
0.116667 53 92 35 15
0.123333 59 84 28 24
0.13 52 81 25 27
0.136667 57 69 15 23
0.143333 66 75 14 24
0.15 65 73 13 21
0.156667 51 71 7 19
0.163333 58 55 20 22
0.17 61 48 10 15
0.176667 67 61 10 23
0.183333 69 60 16 19
0.19 99 49 18 39
0.196667 77 62 16 33
0.203333 50 54 10 19
0.21 65 48 13 14
0.216667 50 57 12 19
0.223333 60 42 12 20
0.23 47 51 6 18
0.236667 46 51 15 23
0.243333 51 52 9 18
0.25 63 43 16 18
0.256667 44 37 9 18
0.263333 56 51 14 21
0.27 39 45 9 11
0.276667 51 39 11 9
0.283333 50 41 8 15
0.29 48 36 8 12
0.296667 51 38 8 14
0.303333 49 40 7 15
0.31 44 49 11 16
0.316667 34 44 13 17
0.323333 34 37 5 11
0.33 42 35 10 7
0.336667 48 33 7 5
0.343333 35 29 7 19
0.35 41 23 6 17
0.356667 41 27 7 11
0.363333 39 32 5 16
0.37 37 40 3 10
0.376667 44 29 9 19
0.383333 35 31 6 17
0.39 25 29 5 13
0.396667 32 34 10 14
0.403333 31 33 12 21
0.41 42 27 5 7
0.416667 42 25 2 9
0.423333 37 31 6 18
0.43 35 38 9 14
0.436667 39 36 6 17
0.443333 35 35 6 14
0.45 37 30 5 10
0.456667 34 30 12 18
0.463333 43 24 5 21
0.47 34 32 10 20
0.476667 30 26 6 11
0.483333 21 19 7 3
0.49 14 23 9 8
0.496667 9 18 5 5
0.503333 20 17 6 10
0.51 12 19 4 4
0.516667 15 15 4 9
0.523333 12 13 6 5
0.53 15 13 4 6
0.536667 14 13 4 6
0.543333 10 22 5 4
0.55 3 13 6 3
0.556667 10 22 1 5
0.563333 5 14 3 3
0.57 8 16 5 4
0.576667 9 15 2 6
0.583333 8 14 4 6
0.59 3 21 7 6
0.596667 5 11 6 5
0.603333 3 20 4 3
0.61 4 21 7 8
0.616667 5 9 5 2
0.623333 5 17 2 2
0.63 4 17 6 2
0.636667 7 15 2 3
0.643333 1 17 4 2
0.65 3 17 4 1
0.656667 1 14 2 0
0.663333 1848 703 86 732
0.67 0 0 0 0
0.676667 0 0 0 0
0.683333 0 0 0 0
0.69 0 0 0 0
0.696667 0 0 0 0
0.703333 0 0 0 0
0.71 0 0 0 0
0.716667 0 0 0 0
0.723333 0 0 0 0
0.73 0 0 0 0
0.736667 0 0 0 0
0.743333 0 0 0 0
0.75 0 0 0 0
0.756667 0 0 0 0
0.763333 0 0 0 0
0.77 0 0 0 0
0.776667 0 0 0 0
0.783333 0 0 0 0
0.79 0 0 0 0
0.796667 0 0 0 0
0.803333 0 0 0 0
0.81 0 0 0 0
0.816667 0 0 0 0
0.823333 0 0 0 0
0.83 0 0 0 0
0.836667 0 0 0 0
0.843333 0 0 0 0
0.85 0 0 0 0
0.856667 0 0 0 0
0.863333 0 0 0 0
0.87 0 0 0 0
0.876667 0 0 0 0
0.883333 0 0 0 0
0.89 0 0 0 0
0.896667 0 0 0 0
0.903333 0 0 0 0
0.91 0 0 0 0
0.916667 0 0 0 0
0.923333 0 0 0 0
0.93 0 0 0 0
0.936667 0 0 0 0
0.943333 0 0 0 0
0.95 0 0 0 0
0.956667 0 0 0 0
0.963333 0 0 0 0
0.97 0 0 0 0
0.976667 0 0 0 0
0.983333 0 0 0 0
0.99 0 0 0 0
0.996667 0 0 0 0
1.00333 0 0 0 0
1.01 0 0 0 0
1.01667 0 0 0 0
1.02333 0 0 0 0
1.03 0 0 0 0
1.03667 0 0 0 0
1.04333 0 0 0 0
1.05 0 0 0 0
1.05667 0 0 0 0
1.06333 0 0 0 0
1.07 0 0 0 0
1.07667 0 0 0 0
1.08333 0 0 0 0
1.09 0 0 0 0
1.09667 0 0 0 0
1.10333 0 0 0 0
1.11 0 0 0 0
1.11667 0 0 0 0
1.12333 0 0 0 0
1.13 0 0 0 0
1.13667 0 0 0 0
1.14333 0 0 0 0
1.15 0 0 0 0
1.15667 0 0 0 0
1.16333 0 0 0 0
1.17 0 0 0 0
1.17667 0 0 0 0
1.18333 0 0 0 0
1.19 0 0 0 0
1.19667 0 0 0 0
1.20333 0 0 0 0
1.21 0 0 0 0
1.21667 0 0 0 0
1.22333 0 0 0 0
1.23 0 0 0 0
1.23667 0 0 0 0
1.24333 0 0 0 0
1.25 0 0 0 0
1.25667 0 0 0 0
1.26333 0 0 0 0
1.27 0 0 0 0
1.27667 0 0 0 0
1.28333 0 0 0 0
1.29 0 0 0 0
1.29667 0 0 0 0
1.30333 0 0 0 0
1.31 0 0 0 0
1.31667 0 0 0 0
1.32333 0 0 0 0
1.33 0 0 0 0
1.33667 0 0 0 0
1.34333 0 0 0 0
1.35 0 0 0 0
1.35667 0 0 0 0
1.36333 0 0 0 0
1.37 0 0 0 0
1.37667 0 0 0 0
1.38333 0 0 0 0
1.39 0 0 0 0
1.39667 0 0 0 0
1.40333 0 0 0 0
1.41 0 0 0 0
1.41667 0 0 0 0
1.42333 0 0 0 0
1.43 0 0 0 0
1.43667 0 0 0 0
1.44333 0 0 0 0
1.45 0 0 0 0
1.45667 0 0 0 0
1.46333 0 0 0 0
1.47 0 0 0 0
1.47667 0 0 0 0
1.48333 0 0 0 0
1.49 0 0 0 0
1.49667 0 0 0 0
1.50333 0 0 0 0
1.51 0 0 0 0
1.51667 0 0 0 0
1.52333 0 0 0 0
1.53 0 0 0 0
1.53667 0 0 0 0
1.54333 0 0 0 0
1.55 0 0 0 0
1.55667 0 0 0 0
1.56333 0 0 0 0
1.57 0 0 0 0
1.57667 0 0 0 0
1.58333 0 0 0 0
1.59 0 0 0 0
1.59667 0 0 0 0
1.60333 0 0 0 0
1.61 0 0 0 0
1.61667 0 0 0 0
1.62333 0 0 0 0
1.63 0 0 0 0
1.63667 0 0 0 0
1.64333 0 0 0 0
1.65 0 0 0 0
1.65667 0 0 0 0
1.66333 0 0 0 0
1.67 0 0 0 0
1.67667 0 0 0 0
1.68333 0 0 0 0
1.69 0 0 0 0
1.69667 0 0 0 0
1.70333 0 0 0 0
1.71 0 0 0 0
1.71667 0 0 0 0
1.72333 0 0 0 0
1.73 0 0 0 0
1.73667 0 0 0 0
1.74333 0 0 0 0
1.75 0 0 0 0
1.75667 0 0 0 0
1.76333 0 0 0 0
1.77 0 0 0 0
1.77667 0 0 0 0
1.78333 0 0 0 0
1.79 0 0 0 0
1.79667 0 0 0 0
1.80333 0 0 0 0
1.81 0 0 0 0
1.81667 0 0 0 0
1.82333 0 0 0 0
1.83 0 0 0 0
1.83667 0 0 0 0
1.84333 0 0 0 0
1.85 0 0 0 0
1.85667 0 0 0 0
1.86333 0 0 0 0
1.87 0 0 0 0
1.87667 0 0 0 0
1.88333 0 0 0 0
1.89 0 0 0 0
1.89667 0 0 0 0
1.90333 0 0 0 0
1.91 0 0 0 0
1.91667 0 0 0 0
1.92333 0 0 0 0
1.93 0 0 0 0
1.93667 0 0 0 0
1.94333 0 0 0 0
1.95 0 0 0 0
1.95667 0 0 0 0
1.96333 0 0 0 0
1.97 0 0 0 0
1.97667 0 0 0 0
1.98333 0 0 0 0
1.99 0 0 0 0
1.99667 0 0 0 0
