0.00333333 11 3 8 22
0.01 10 5 13 32
0.0166667 8 5 15 29
0.0233333 4 2 22 37
0.03 7 1 23 41
0.0366667 11 7 11 37
0.0433333 10 8 25 41
0.05 13 4 43 50
0.0566667 8 6 37 44
0.0633333 11 8 36 50
0.07 7 9 37 59
0.0766667 10 10 43 58
0.0833333 14 5 52 66
0.09 13 16 48 55
0.0966667 17 6 45 59
0.103333 9 13 46 45
0.11 10 11 52 57
0.116667 8 16 39 62
0.123333 17 15 36 70
0.13 14 13 36 67
0.136667 12 4 35 56
0.143333 17 8 43 59
0.15 8 5 35 40
0.156667 15 6 28 44
0.163333 12 4 38 58
0.17 14 7 33 63
0.176667 10 10 35 56
0.183333 17 7 31 66
0.19 26 8 25 76
0.196667 22 7 27 73
0.203333 10 10 25 85
0.21 14 7 16 78
0.216667 20 8 27 69
0.223333 19 4 25 66
0.23 15 8 31 50
0.236667 21 8 27 39
0.243333 11 8 17 61
0.25 18 6 20 57
0.256667 14 10 22 69
0.263333 10 6 21 59
0.27 12 7 25 47
0.276667 11 8 26 60
0.283333 11 3 24 49
0.29 13 6 21 46
0.296667 13 6 26 52
0.303333 9 8 19 55
0.31 15 8 29 49
0.316667 18 1 18 53
0.323333 9 5 21 49
0.33 15 4 25 46
0.336667 15 5 19 48
0.343333 11 7 18 39
0.35 10 6 16 33
0.356667 7 6 26 46
0.363333 15 2 17 50
0.37 9 3 14 33
0.376667 9 3 21 49
0.383333 11 3 23 30
0.39 11 6 19 41
0.396667 15 4 14 44
0.403333 8 7 16 40
0.41 10 10 19 43
0.416667 16 3 15 37
0.423333 7 2 28 44
0.43 15 6 14 42
0.436667 12 7 10 41
0.443333 8 3 14 41
0.45 13 6 14 39
0.456667 9 2 15 42
0.463333 15 5 15 48
0.47 11 2 11 41
0.476667 10 1 19 41
0.483333 3 1 12 19
0.49 4 4 9 15
0.496667 2 3 10 18
0.503333 11 2 11 12
0.51 3 5 10 16
0.516667 7 3 20 11
0.523333 3 2 10 12
0.53 2 3 12 13
0.536667 4 2 15 13
0.543333 6 1 8 7
0.55 0 4 10 11
0.556667 3 3 15 12
0.563333 4 1 6 4
0.57 3 2 9 8
0.576667 1 2 10 18
0.583333 4 2 6 10
0.59 2 6 3 9
0.596667 1 3 12 5
0.603333 5 2 9 3
0.61 3 2 6 4
0.616667 1 3 9 5
0.623333 7 2 3 7
0.63 3 0 9 7
0.636667 5 2 10 10
0.643333 3 5 12 5
0.65 2 2 12 3
0.656667 0 1 6 1
0.663333 636 70 273 2160
0.67 0 0 0 0
0.676667 0 0 0 0
0.683333 0 0 0 0
0.69 0 0 0 0
0.696667 0 0 0 0
0.703333 0 0 0 0
0.71 0 0 0 0
0.716667 0 0 0 0
0.723333 0 0 0 0
0.73 0 0 0 0
0.736667 0 0 0 0
0.743333 0 0 0 0
0.75 0 0 0 0
0.756667 0 0 0 0
0.763333 0 0 0 0
0.77 0 0 0 0
0.776667 0 0 0 0
0.783333 0 0 0 0
0.79 0 0 0 0
0.796667 0 0 0 0
0.803333 0 0 0 0
0.81 0 0 0 0
0.816667 0 0 0 0
0.823333 0 0 0 0
0.83 0 0 0 0
0.836667 0 0 0 0
0.843333 0 0 0 0
0.85 0 0 0 0
0.856667 0 0 0 0
0.863333 0 0 0 0
0.87 0 0 0 0
0.876667 0 0 0 0
0.883333 0 0 0 0
0.89 0 0 0 0
0.896667 0 0 0 0
0.903333 0 0 0 0
0.91 0 0 0 0
0.916667 0 0 0 0
0.923333 0 0 0 0
0.93 0 0 0 0
0.936667 0 0 0 0
0.943333 0 0 0 0
0.95 0 0 0 0
0.956667 0 0 0 0
0.963333 0 0 0 0
0.97 0 0 0 0
0.976667 0 0 0 0
0.983333 0 0 0 0
0.99 0 0 0 0
0.996667 0 0 0 0
1.00333 0 0 0 0
1.01 0 0 0 0
1.01667 0 0 0 0
1.02333 0 0 0 0
1.03 0 0 0 0
1.03667 0 0 0 0
1.04333 0 0 0 0
1.05 0 0 0 0
1.05667 0 0 0 0
1.06333 0 0 0 0
1.07 0 0 0 0
1.07667 0 0 0 0
1.08333 0 0 0 0
1.09 0 0 0 0
1.09667 0 0 0 0
1.10333 0 0 0 0
1.11 0 0 0 0
1.11667 0 0 0 0
1.12333 0 0 0 0
1.13 0 0 0 0
1.13667 0 0 0 0
1.14333 0 0 0 0
1.15 0 0 0 0
1.15667 0 0 0 0
1.16333 0 0 0 0
1.17 0 0 0 0
1.17667 0 0 0 0
1.18333 0 0 0 0
1.19 0 0 0 0
1.19667 0 0 0 0
1.20333 0 0 0 0
1.21 0 0 0 0
1.21667 0 0 0 0
1.22333 0 0 0 0
1.23 0 0 0 0
1.23667 0 0 0 0
1.24333 0 0 0 0
1.25 0 0 0 0
1.25667 0 0 0 0
1.26333 0 0 0 0
1.27 0 0 0 0
1.27667 0 0 0 0
1.28333 0 0 0 0
1.29 0 0 0 0
1.29667 0 0 0 0
1.30333 0 0 0 0
1.31 0 0 0 0
1.31667 0 0 0 0
1.32333 0 0 0 0
1.33 0 0 0 0
1.33667 0 0 0 0
1.34333 0 0 0 0
1.35 0 0 0 0
1.35667 0 0 0 0
1.36333 0 0 0 0
1.37 0 0 0 0
1.37667 0 0 0 0
1.38333 0 0 0 0
1.39 0 0 0 0
1.39667 0 0 0 0
1.40333 0 0 0 0
1.41 0 0 0 0
1.41667 0 0 0 0
1.42333 0 0 0 0
1.43 0 0 0 0
1.43667 0 0 0 0
1.44333 0 0 0 0
1.45 0 0 0 0
1.45667 0 0 0 0
1.46333 0 0 0 0
1.47 0 0 0 0
1.47667 0 0 0 0
1.48333 0 0 0 0
1.49 0 0 0 0
1.49667 0 0 0 0
1.50333 0 0 0 0
1.51 0 0 0 0
1.51667 0 0 0 0
1.52333 0 0 0 0
1.53 0 0 0 0
1.53667 0 0 0 0
1.54333 0 0 0 0
1.55 0 0 0 0
1.55667 0 0 0 0
1.56333 0 0 0 0
1.57 0 0 0 0
1.57667 0 0 0 0
1.58333 0 0 0 0
1.59 0 0 0 0
1.59667 0 0 0 0
1.60333 0 0 0 0
1.61 0 0 0 0
1.61667 0 0 0 0
1.62333 0 0 0 0
1.63 0 0 0 0
1.63667 0 0 0 0
1.64333 0 0 0 0
1.65 0 0 0 0
1.65667 0 0 0 0
1.66333 0 0 0 0
1.67 0 0 0 0
1.67667 0 0 0 0
1.68333 0 0 0 0
1.69 0 0 0 0
1.69667 0 0 0 0
1.70333 0 0 0 0
1.71 0 0 0 0
1.71667 0 0 0 0
1.72333 0 0 0 0
1.73 0 0 0 0
1.73667 0 0 0 0
1.74333 0 0 0 0
1.75 0 0 0 0
1.75667 0 0 0 0
1.76333 0 0 0 0
1.77 0 0 0 0
1.77667 0 0 0 0
1.78333 0 0 0 0
1.79 0 0 0 0
1.79667 0 0 0 0
1.80333 0 0 0 0
1.81 0 0 0 0
1.81667 0 0 0 0
1.82333 0 0 0 0
1.83 0 0 0 0
1.83667 0 0 0 0
1.84333 0 0 0 0
1.85 0 0 0 0
1.85667 0 0 0 0
1.86333 0 0 0 0
1.87 0 0 0 0
1.87667 0 0 0 0
1.88333 0 0 0 0
1.89 0 0 0 0
1.89667 0 0 0 0
1.90333 0 0 0 0
1.91 0 0 0 0
1.91667 0 0 0 0
1.92333 0 0 0 0
1.93 0 0 0 0
1.93667 0 0 0 0
1.94333 0 0 0 0
1.95 0 0 0 0
1.95667 0 0 0 0
1.96333 0 0 0 0
1.97 0 0 0 0
1.97667 0 0 0 0
1.98333 0 0 0 0
1.99 0 0 0 0
1.99667 0 0 0 0
