0.00333333 0 6 22 46
0.01 1 4 24 46
0.0166667 1 8 36 55
0.0233333 2 2 49 58
0.03 0 7 37 56
0.0366667 0 5 26 82
0.0433333 1 8 61 95
0.05 2 5 77 107
0.0566667 2 8 87 130
0.0633333 3 17 107 161
0.07 2 17 105 155
0.0766667 0 11 98 186
0.0833333 1 13 107 201
0.09 1 10 103 167
0.0966667 2 10 92 158
0.103333 2 16 106 165
0.11 4 13 110 166
0.116667 5 9 115 167
0.123333 2 14 96 187
0.13 0 19 96 180
0.136667 0 21 87 140
0.143333 0 16 93 149
0.15 1 14 81 151
0.156667 3 18 77 147
0.163333 3 13 85 160
0.17 1 9 82 123
0.176667 1 10 88 119
0.183333 3 9 79 120
0.19 2 21 69 151
0.196667 3 17 67 140
0.203333 2 14 72 130
0.21 2 14 61 116
0.216667 1 11 70 120
0.223333 0 9 63 132
0.23 0 9 57 121
0.236667 3 13 69 103
0.243333 0 9 76 101
0.25 3 10 69 111
0.256667 0 8 58 108
0.263333 2 10 58 111
0.27 1 3 55 104
0.276667 4 7 56 80
0.283333 1 12 47 103
0.29 2 16 54 87
0.296667 0 9 44 93
0.303333 2 9 50 81
0.31 4 9 39 79
0.316667 0 9 26 63
0.323333 3 6 55 77
0.33 1 5 41 69
0.336667 0 13 38 61
0.343333 4 7 46 78
0.35 2 8 46 78
0.356667 0 6 41 72
0.363333 0 11 39 64
0.37 0 6 35 53
0.376667 0 9 37 66
0.383333 0 5 33 65
0.39 1 9 29 74
0.396667 1 3 33 75
0.403333 2 11 32 54
0.41 3 7 27 57
0.416667 1 8 35 70
0.423333 1 7 30 53
0.43 0 6 31 75
0.436667 0 10 38 55
0.443333 0 7 28 60
0.45 2 8 34 65
0.456667 1 5 28 52
0.463333 1 6 36 57
0.47 3 15 28 61
0.476667 0 11 22 70
0.483333 0 7 21 45
0.49 0 4 22 48
0.496667 1 5 24 34
0.503333 0 3 29 38
0.51 2 5 21 26
0.516667 1 6 15 28
0.523333 0 6 29 32
0.53 1 3 19 43
0.536667 0 0 20 29
0.543333 1 6 23 32
0.55 0 4 15 25
0.556667 1 8 27 30
0.563333 1 4 27 31
0.57 2 4 15 33
0.576667 1 4 18 36
0.583333 0 5 13 31
0.59 1 3 17 29
0.596667 1 2 19 26
0.603333 0 2 11 25
0.61 0 4 13 30
0.616667 1 7 10 33
0.623333 0 5 14 24
0.63 0 2 12 24
0.636667 1 3 13 34
0.643333 0 2 9 20
0.65 0 6 10 24
0.656667 0 2 15 20
0.663333 13 241 740 1678
0.67 0 0 0 0
0.676667 0 0 0 0
0.683333 0 0 0 0
0.69 0 0 0 0
0.696667 0 0 0 0
0.703333 0 0 0 0
0.71 0 0 0 0
0.716667 0 0 0 0
0.723333 0 0 0 0
0.73 0 0 0 0
0.736667 0 0 0 0
0.743333 0 0 0 0
0.75 0 0 0 0
0.756667 0 0 0 0
0.763333 0 0 0 0
0.77 0 0 0 0
0.776667 0 0 0 0
0.783333 0 0 0 0
0.79 0 0 0 0
0.796667 0 0 0 0
0.803333 0 0 0 0
0.81 0 0 0 0
0.816667 0 0 0 0
0.823333 0 0 0 0
0.83 0 0 0 0
0.836667 0 0 0 0
0.843333 0 0 0 0
0.85 0 0 0 0
0.856667 0 0 0 0
0.863333 0 0 0 0
0.87 0 0 0 0
0.876667 0 0 0 0
0.883333 0 0 0 0
0.89 0 0 0 0
0.896667 0 0 0 0
0.903333 0 0 0 0
0.91 0 0 0 0
0.916667 0 0 0 0
0.923333 0 0 0 0
0.93 0 0 0 0
0.936667 0 0 0 0
0.943333 0 0 0 0
0.95 0 0 0 0
0.956667 0 0 0 0
0.963333 0 0 0 0
0.97 0 0 0 0
0.976667 0 0 0 0
0.983333 0 0 0 0
0.99 0 0 0 0
0.996667 0 0 0 0
1.00333 0 0 0 0
1.01 0 0 0 0
1.01667 0 0 0 0
1.02333 0 0 0 0
1.03 0 0 0 0
1.03667 0 0 0 0
1.04333 0 0 0 0
1.05 0 0 0 0
1.05667 0 0 0 0
1.06333 0 0 0 0
1.07 0 0 0 0
1.07667 0 0 0 0
1.08333 0 0 0 0
1.09 0 0 0 0
1.09667 0 0 0 0
1.10333 0 0 0 0
1.11 0 0 0 0
1.11667 0 0 0 0
1.12333 0 0 0 0
1.13 0 0 0 0
1.13667 0 0 0 0
1.14333 0 0 0 0
1.15 0 0 0 0
1.15667 0 0 0 0
1.16333 0 0 0 0
1.17 0 0 0 0
1.17667 0 0 0 0
1.18333 0 0 0 0
1.19 0 0 0 0
1.19667 0 0 0 0
1.20333 0 0 0 0
1.21 0 0 0 0
1.21667 0 0 0 0
1.22333 0 0 0 0
1.23 0 0 0 0
1.23667 0 0 0 0
1.24333 0 0 0 0
1.25 0 0 0 0
1.25667 0 0 0 0
1.26333 0 0 0 0
1.27 0 0 0 0
1.27667 0 0 0 0
1.28333 0 0 0 0
1.29 0 0 0 0
1.29667 0 0 0 0
1.30333 0 0 0 0
1.31 0 0 0 0
1.31667 0 0 0 0
1.32333 0 0 0 0
1.33 0 0 0 0
1.33667 0 0 0 0
1.34333 0 0 0 0
1.35 0 0 0 0
1.35667 0 0 0 0
1.36333 0 0 0 0
1.37 0 0 0 0
1.37667 0 0 0 0
1.38333 0 0 0 0
1.39 0 0 0 0
1.39667 0 0 0 0
1.40333 0 0 0 0
1.41 0 0 0 0
1.41667 0 0 0 0
1.42333 0 0 0 0
1.43 0 0 0 0
1.43667 0 0 0 0
1.44333 0 0 0 0
1.45 0 0 0 0
1.45667 0 0 0 0
1.46333 0 0 0 0
1.47 0 0 0 0
1.47667 0 0 0 0
1.48333 0 0 0 0
1.49 0 0 0 0
1.49667 0 0 0 0
1.50333 0 0 0 0
1.51 0 0 0 0
1.51667 0 0 0 0
1.52333 0 0 0 0
1.53 0 0 0 0
1.53667 0 0 0 0
1.54333 0 0 0 0
1.55 0 0 0 0
1.55667 0 0 0 0
1.56333 0 0 0 0
1.57 0 0 0 0
1.57667 0 0 0 0
1.58333 0 0 0 0
1.59 0 0 0 0
1.59667 0 0 0 0
1.60333 0 0 0 0
1.61 0 0 0 0
1.61667 0 0 0 0
1.62333 0 0 0 0
1.63 0 0 0 0
1.63667 0 0 0 0
1.64333 0 0 0 0
1.65 0 0 0 0
1.65667 0 0 0 0
1.66333 0 0 0 0
1.67 0 0 0 0
1.67667 0 0 0 0
1.68333 0 0 0 0
1.69 0 0 0 0
1.69667 0 0 0 0
1.70333 0 0 0 0
1.71 0 0 0 0
1.71667 0 0 0 0
1.72333 0 0 0 0
1.73 0 0 0 0
1.73667 0 0 0 0
1.74333 0 0 0 0
1.75 0 0 0 0
1.75667 0 0 0 0
1.76333 0 0 0 0
1.77 0 0 0 0
1.77667 0 0 0 0
1.78333 0 0 0 0
1.79 0 0 0 0
1.79667 0 0 0 0
1.80333 0 0 0 0
1.81 0 0 0 0
1.81667 0 0 0 0
1.82333 0 0 0 0
1.83 0 0 0 0
1.83667 0 0 0 0
1.84333 0 0 0 0
1.85 0 0 0 0
1.85667 0 0 0 0
1.86333 0 0 0 0
1.87 0 0 0 0
1.87667 0 0 0 0
1.88333 0 0 0 0
1.89 0 0 0 0
1.89667 0 0 0 0
1.90333 0 0 0 0
1.91 0 0 0 0
1.91667 0 0 0 0
1.92333 0 0 0 0
1.93 0 0 0 0
1.93667 0 0 0 0
1.94333 0 0 0 0
1.95 0 0 0 0
1.95667 0 0 0 0
1.96333 0 0 0 0
1.97 0 0 0 0
1.97667 0 0 0 0
1.98333 0 0 0 0
1.99 0 0 0 0
1.99667 0 0 0 0
