0.00333333 48 106 5 3
0.01 48 108 7 1
0.0166667 44 130 8 1
0.0233333 44 117 8 3
0.03 60 132 6 2
0.0366667 61 170 11 3
0.0433333 81 221 12 2
0.05 114 248 16 5
0.0566667 108 276 14 11
0.0633333 122 312 16 4
0.07 149 320 14 4
0.0766667 137 383 21 3
0.0833333 155 376 21 8
0.09 151 375 17 7
0.0966667 174 363 17 3
0.103333 175 347 14 9
0.11 158 356 12 10
0.116667 162 374 11 3
0.123333 145 363 21 2
0.13 136 398 7 9
0.136667 139 381 17 10
0.143333 140 339 12 3
0.15 134 345 13 4
0.156667 112 367 12 4
0.163333 99 333 7 6
0.17 127 323 19 4
0.176667 132 301 13 5
0.183333 122 342 11 6
0.19 115 395 16 4
0.196667 101 366 11 5
0.203333 118 341 9 2
0.21 134 396 10 6
0.216667 106 332 11 5
0.223333 106 294 11 8
0.23 80 304 9 9
0.236667 85 275 12 7
0.243333 83 271 3 10
0.25 74 251 10 6
0.256667 72 215 7 5
0.263333 67 234 5 5
0.27 78 230 5 3
0.276667 80 200 4 4
0.283333 69 179 5 3
0.29 65 203 6 2
0.296667 54 172 2 7
0.303333 66 186 10 1
0.31 67 172 5 4
0.316667 57 138 4 7
0.323333 72 175 8 7
0.33 52 157 7 2
0.336667 64 148 9 3
0.343333 60 144 6 4
0.35 59 165 8 6
0.356667 53 145 3 1
0.363333 68 142 4 2
0.37 58 130 8 4
0.376667 56 122 8 4
0.383333 50 136 7 4
0.39 37 127 6 2
0.396667 51 116 5 1
0.403333 52 116 5 1
0.41 56 137 5 3
0.416667 47 117 5 3
0.423333 52 111 8 1
0.43 50 115 5 3
0.436667 53 120 6 2
0.443333 43 101 9 4
0.45 42 134 6 2
0.456667 50 126 0 2
0.463333 43 127 7 1
0.47 36 115 6 2
0.476667 41 110 7 2
0.483333 32 82 3 5
0.49 42 74 1 2
0.496667 32 70 3 1
0.503333 26 63 2 1
0.51 21 55 5 2
0.516667 27 63 2 1
0.523333 25 72 2 1
0.53 18 51 3 0
0.536667 26 59 2 1
0.543333 22 53 2 1
0.55 19 54 3 0
0.556667 26 42 6 0
0.563333 25 50 5 1
0.57 27 43 4 1
0.576667 17 55 3 3
0.583333 25 57 2 1
0.59 24 51 1 2
0.596667 14 33 1 3
0.603333 18 51 2 3
0.61 27 44 0 2
0.616667 26 40 6 3
0.623333 20 41 3 2
0.63 18 55 0 0
0.636667 29 56 2 1
0.643333 17 33 1 2
0.65 19 34 1 2
0.656667 14 48 3 2
0.663333 1264 4873 84 71
0.67 0 0 0 0
0.676667 0 0 0 0
0.683333 0 0 0 0
0.69 0 0 0 0
0.696667 0 0 0 0
0.703333 0 0 0 0
0.71 0 0 0 0
0.716667 0 0 0 0
0.723333 0 0 0 0
0.73 0 0 0 0
0.736667 0 0 0 0
0.743333 0 0 0 0
0.75 0 0 0 0
0.756667 0 0 0 0
0.763333 0 0 0 0
0.77 0 0 0 0
0.776667 0 0 0 0
0.783333 0 0 0 0
0.79 0 0 0 0
0.796667 0 0 0 0
0.803333 0 0 0 0
0.81 0 0 0 0
0.816667 0 0 0 0
0.823333 0 0 0 0
0.83 0 0 0 0
0.836667 0 0 0 0
0.843333 0 0 0 0
0.85 0 0 0 0
0.856667 0 0 0 0
0.863333 0 0 0 0
0.87 0 0 0 0
0.876667 0 0 0 0
0.883333 0 0 0 0
0.89 0 0 0 0
0.896667 0 0 0 0
0.903333 0 0 0 0
0.91 0 0 0 0
0.916667 0 0 0 0
0.923333 0 0 0 0
0.93 0 0 0 0
0.936667 0 0 0 0
0.943333 0 0 0 0
0.95 0 0 0 0
0.956667 0 0 0 0
0.963333 0 0 0 0
0.97 0 0 0 0
0.976667 0 0 0 0
0.983333 0 0 0 0
0.99 0 0 0 0
0.996667 0 0 0 0
1.00333 0 0 0 0
1.01 0 0 0 0
1.01667 0 0 0 0
1.02333 0 0 0 0
1.03 0 0 0 0
1.03667 0 0 0 0
1.04333 0 0 0 0
1.05 0 0 0 0
1.05667 0 0 0 0
1.06333 0 0 0 0
1.07 0 0 0 0
1.07667 0 0 0 0
1.08333 0 0 0 0
1.09 0 0 0 0
1.09667 0 0 0 0
1.10333 0 0 0 0
1.11 0 0 0 0
1.11667 0 0 0 0
1.12333 0 0 0 0
1.13 0 0 0 0
1.13667 0 0 0 0
1.14333 0 0 0 0
1.15 0 0 0 0
1.15667 0 0 0 0
1.16333 0 0 0 0
1.17 0 0 0 0
1.17667 0 0 0 0
1.18333 0 0 0 0
1.19 0 0 0 0
1.19667 0 0 0 0
1.20333 0 0 0 0
1.21 0 0 0 0
1.21667 0 0 0 0
1.22333 0 0 0 0
1.23 0 0 0 0
1.23667 0 0 0 0
1.24333 0 0 0 0
1.25 0 0 0 0
1.25667 0 0 0 0
1.26333 0 0 0 0
1.27 0 0 0 0
1.27667 0 0 0 0
1.28333 0 0 0 0
1.29 0 0 0 0
1.29667 0 0 0 0
1.30333 0 0 0 0
1.31 0 0 0 0
1.31667 0 0 0 0
1.32333 0 0 0 0
1.33 0 0 0 0
1.33667 0 0 0 0
1.34333 0 0 0 0
1.35 0 0 0 0
1.35667 0 0 0 0
1.36333 0 0 0 0
1.37 0 0 0 0
1.37667 0 0 0 0
1.38333 0 0 0 0
1.39 0 0 0 0
1.39667 0 0 0 0
1.40333 0 0 0 0
1.41 0 0 0 0
1.41667 0 0 0 0
1.42333 0 0 0 0
1.43 0 0 0 0
1.43667 0 0 0 0
1.44333 0 0 0 0
1.45 0 0 0 0
1.45667 0 0 0 0
1.46333 0 0 0 0
1.47 0 0 0 0
1.47667 0 0 0 0
1.48333 0 0 0 0
1.49 0 0 0 0
1.49667 0 0 0 0
1.50333 0 0 0 0
1.51 0 0 0 0
1.51667 0 0 0 0
1.52333 0 0 0 0
1.53 0 0 0 0
1.53667 0 0 0 0
1.54333 0 0 0 0
1.55 0 0 0 0
1.55667 0 0 0 0
1.56333 0 0 0 0
1.57 0 0 0 0
1.57667 0 0 0 0
1.58333 0 0 0 0
1.59 0 0 0 0
1.59667 0 0 0 0
1.60333 0 0 0 0
1.61 0 0 0 0
1.61667 0 0 0 0
1.62333 0 0 0 0
1.63 0 0 0 0
1.63667 0 0 0 0
1.64333 0 0 0 0
1.65 0 0 0 0
1.65667 0 0 0 0
1.66333 0 0 0 0
1.67 0 0 0 0
1.67667 0 0 0 0
1.68333 0 0 0 0
1.69 0 0 0 0
1.69667 0 0 0 0
1.70333 0 0 0 0
1.71 0 0 0 0
1.71667 0 0 0 0
1.72333 0 0 0 0
1.73 0 0 0 0
1.73667 0 0 0 0
1.74333 0 0 0 0
1.75 0 0 0 0
1.75667 0 0 0 0
1.76333 0 0 0 0
1.77 0 0 0 0
1.77667 0 0 0 0
1.78333 0 0 0 0
1.79 0 0 0 0
1.79667 0 0 0 0
1.80333 0 0 0 0
1.81 0 0 0 0
1.81667 0 0 0 0
1.82333 0 0 0 0
1.83 0 0 0 0
1.83667 0 0 0 0
1.84333 0 0 0 0
1.85 0 0 0 0
1.85667 0 0 0 0
1.86333 0 0 0 0
1.87 0 0 0 0
1.87667 0 0 0 0
1.88333 0 0 0 0
1.89 0 0 0 0
1.89667 0 0 0 0
1.90333 0 0 0 0
1.91 0 0 0 0
1.91667 0 0 0 0
1.92333 0 0 0 0
1.93 0 0 0 0
1.93667 0 0 0 0
1.94333 0 0 0 0
1.95 0 0 0 0
1.95667 0 0 0 0
1.96333 0 0 0 0
1.97 0 0 0 0
1.97667 0 0 0 0
1.98333 0 0 0 0
1.99 0 0 0 0
1.99667 0 0 0 0
