0.00333333 13 139 10 1
0.01 13 158 11 2
0.0166667 7 172 22 3
0.0233333 20 163 11 0
0.03 12 158 11 0
0.0366667 18 167 16 1
0.0433333 28 183 21 6
0.05 32 220 25 3
0.0566667 36 243 35 3
0.0633333 46 258 27 4
0.07 45 325 29 2
0.0766667 45 310 41 4
0.0833333 43 353 48 5
0.09 33 314 25 6
0.0966667 38 321 35 7
0.103333 35 333 26 5
0.11 42 327 39 7
0.116667 54 403 29 6
0.123333 39 387 28 2
0.13 27 339 37 3
0.136667 43 375 25 10
0.143333 32 406 33 3
0.15 20 361 31 3
0.156667 30 350 24 8
0.163333 28 369 34 0
0.17 30 346 25 2
0.176667 31 362 31 3
0.183333 20 392 33 3
0.19 24 490 56 2
0.196667 29 500 35 4
0.203333 25 454 35 1
0.21 31 431 31 1
0.216667 15 396 30 1
0.223333 29 403 18 3
0.23 25 337 24 5
0.236667 15 335 22 4
0.243333 18 307 24 0
0.25 15 299 18 6
0.256667 26 293 40 5
0.263333 25 279 22 0
0.27 22 238 32 3
0.276667 28 238 16 2
0.283333 12 212 21 0
0.29 20 241 15 2
0.296667 13 199 13 1
0.303333 17 210 24 0
0.31 16 197 23 1
0.316667 16 207 11 4
0.323333 23 186 24 3
0.33 11 207 20 0
0.336667 20 180 25 0
0.343333 19 173 18 0
0.35 18 156 28 1
0.356667 15 159 16 0
0.363333 10 186 18 2
0.37 18 167 10 1
0.376667 11 168 15 3
0.383333 19 144 19 1
0.39 10 163 20 1
0.396667 13 176 18 3
0.403333 14 164 13 2
0.41 10 169 18 0
0.416667 13 158 18 1
0.423333 18 161 20 1
0.43 13 137 19 2
0.436667 12 152 11 1
0.443333 13 170 11 3
0.45 15 135 13 1
0.456667 14 153 21 0
0.463333 9 175 18 1
0.47 8 162 15 0
0.476667 13 119 15 1
0.483333 12 76 13 1
0.49 7 93 6 4
0.496667 10 65 15 2
0.503333 11 59 13 2
0.51 7 73 15 0
0.516667 9 56 11 0
0.523333 10 46 11 0
0.53 8 66 9 0
0.536667 4 51 13 2
0.543333 9 52 11 1
0.55 6 65 7 1
0.556667 7 46 4 0
0.563333 6 54 7 0
0.57 10 62 3 1
0.576667 10 61 8 0
0.583333 11 59 9 1
0.59 6 45 5 0
0.596667 5 47 14 1
0.603333 4 45 5 1
0.61 10 51 10 1
0.616667 8 49 8 0
0.623333 4 47 6 0
0.63 8 39 6 0
0.636667 3 70 7 2
0.643333 10 39 4 1
0.65 5 41 7 0
0.656667 6 36 5 0
0.663333 199 7613 458 24
0.67 0 0 0 0
0.676667 0 0 0 0
0.683333 0 0 0 0
0.69 0 0 0 0
0.696667 0 0 0 0
0.703333 0 0 0 0
0.71 0 0 0 0
0.716667 0 0 0 0
0.723333 0 0 0 0
0.73 0 0 0 0
0.736667 0 0 0 0
0.743333 0 0 0 0
0.75 0 0 0 0
0.756667 0 0 0 0
0.763333 0 0 0 0
0.77 0 0 0 0
0.776667 0 0 0 0
0.783333 0 0 0 0
0.79 0 0 0 0
0.796667 0 0 0 0
0.803333 0 0 0 0
0.81 0 0 0 0
0.816667 0 0 0 0
0.823333 0 0 0 0
0.83 0 0 0 0
0.836667 0 0 0 0
0.843333 0 0 0 0
0.85 0 0 0 0
0.856667 0 0 0 0
0.863333 0 0 0 0
0.87 0 0 0 0
0.876667 0 0 0 0
0.883333 0 0 0 0
0.89 0 0 0 0
0.896667 0 0 0 0
0.903333 0 0 0 0
0.91 0 0 0 0
0.916667 0 0 0 0
0.923333 0 0 0 0
0.93 0 0 0 0
0.936667 0 0 0 0
0.943333 0 0 0 0
0.95 0 0 0 0
0.956667 0 0 0 0
0.963333 0 0 0 0
0.97 0 0 0 0
0.976667 0 0 0 0
0.983333 0 0 0 0
0.99 0 0 0 0
0.996667 0 0 0 0
1.00333 0 0 0 0
1.01 0 0 0 0
1.01667 0 0 0 0
1.02333 0 0 0 0
1.03 0 0 0 0
1.03667 0 0 0 0
1.04333 0 0 0 0
1.05 0 0 0 0
1.05667 0 0 0 0
1.06333 0 0 0 0
1.07 0 0 0 0
1.07667 0 0 0 0
1.08333 0 0 0 0
1.09 0 0 0 0
1.09667 0 0 0 0
1.10333 0 0 0 0
1.11 0 0 0 0
1.11667 0 0 0 0
1.12333 0 0 0 0
1.13 0 0 0 0
1.13667 0 0 0 0
1.14333 0 0 0 0
1.15 0 0 0 0
1.15667 0 0 0 0
1.16333 0 0 0 0
1.17 0 0 0 0
1.17667 0 0 0 0
1.18333 0 0 0 0
1.19 0 0 0 0
1.19667 0 0 0 0
1.20333 0 0 0 0
1.21 0 0 0 0
1.21667 0 0 0 0
1.22333 0 0 0 0
1.23 0 0 0 0
1.23667 0 0 0 0
1.24333 0 0 0 0
1.25 0 0 0 0
1.25667 0 0 0 0
1.26333 0 0 0 0
1.27 0 0 0 0
1.27667 0 0 0 0
1.28333 0 0 0 0
1.29 0 0 0 0
1.29667 0 0 0 0
1.30333 0 0 0 0
1.31 0 0 0 0
1.31667 0 0 0 0
1.32333 0 0 0 0
1.33 0 0 0 0
1.33667 0 0 0 0
1.34333 0 0 0 0
1.35 0 0 0 0
1.35667 0 0 0 0
1.36333 0 0 0 0
1.37 0 0 0 0
1.37667 0 0 0 0
1.38333 0 0 0 0
1.39 0 0 0 0
1.39667 0 0 0 0
1.40333 0 0 0 0
1.41 0 0 0 0
1.41667 0 0 0 0
1.42333 0 0 0 0
1.43 0 0 0 0
1.43667 0 0 0 0
1.44333 0 0 0 0
1.45 0 0 0 0
1.45667 0 0 0 0
1.46333 0 0 0 0
1.47 0 0 0 0
1.47667 0 0 0 0
1.48333 0 0 0 0
1.49 0 0 0 0
1.49667 0 0 0 0
1.50333 0 0 0 0
1.51 0 0 0 0
1.51667 0 0 0 0
1.52333 0 0 0 0
1.53 0 0 0 0
1.53667 0 0 0 0
1.54333 0 0 0 0
1.55 0 0 0 0
1.55667 0 0 0 0
1.56333 0 0 0 0
1.57 0 0 0 0
1.57667 0 0 0 0
1.58333 0 0 0 0
1.59 0 0 0 0
1.59667 0 0 0 0
1.60333 0 0 0 0
1.61 0 0 0 0
1.61667 0 0 0 0
1.62333 0 0 0 0
1.63 0 0 0 0
1.63667 0 0 0 0
1.64333 0 0 0 0
1.65 0 0 0 0
1.65667 0 0 0 0
1.66333 0 0 0 0
1.67 0 0 0 0
1.67667 0 0 0 0
1.68333 0 0 0 0
1.69 0 0 0 0
1.69667 0 0 0 0
1.70333 0 0 0 0
1.71 0 0 0 0
1.71667 0 0 0 0
1.72333 0 0 0 0
1.73 0 0 0 0
1.73667 0 0 0 0
1.74333 0 0 0 0
1.75 0 0 0 0
1.75667 0 0 0 0
1.76333 0 0 0 0
1.77 0 0 0 0
1.77667 0 0 0 0
1.78333 0 0 0 0
1.79 0 0 0 0
1.79667 0 0 0 0
1.80333 0 0 0 0
1.81 0 0 0 0
1.81667 0 0 0 0
1.82333 0 0 0 0
1.83 0 0 0 0
1.83667 0 0 0 0
1.84333 0 0 0 0
1.85 0 0 0 0
1.85667 0 0 0 0
1.86333 0 0 0 0
1.87 0 0 0 0
1.87667 0 0 0 0
1.88333 0 0 0 0
1.89 0 0 0 0
1.89667 0 0 0 0
1.90333 0 0 0 0
1.91 0 0 0 0
1.91667 0 0 0 0
1.92333 0 0 0 0
1.93 0 0 0 0
1.93667 0 0 0 0
1.94333 0 0 0 0
1.95 0 0 0 0
1.95667 0 0 0 0
1.96333 0 0 0 0
1.97 0 0 0 0
1.97667 0 0 0 0
1.98333 0 0 0 0
1.99 0 0 0 0
1.99667 0 0 0 0
