0.00333333 3 45 32 0
0.01 0 38 33 4
0.0166667 4 59 54 3
0.0233333 6 51 35 2
0.03 2 59 36 2
0.0366667 5 48 42 5
0.0433333 9 67 63 5
0.05 8 78 67 7
0.0566667 6 94 73 10
0.0633333 6 77 78 15
0.07 8 85 77 7
0.0766667 13 98 89 14
0.0833333 7 127 85 10
0.09 12 119 76 7
0.0966667 8 89 79 14
0.103333 6 101 75 17
0.11 6 123 74 4
0.116667 4 95 102 17
0.123333 9 85 94 4
0.13 12 101 106 5
0.136667 4 111 81 10
0.143333 7 105 69 20
0.15 4 84 76 6
0.156667 6 91 63 10
0.163333 3 101 90 10
0.17 6 104 67 6
0.176667 9 98 72 7
0.183333 2 127 87 4
0.19 8 150 89 13
0.196667 7 130 85 8
0.203333 7 130 90 7
0.21 7 117 82 5
0.216667 5 107 67 8
0.223333 5 114 69 4
0.23 5 125 69 8
0.236667 5 80 87 8
0.243333 6 102 72 9
0.25 5 97 75 8
0.256667 1 84 66 3
0.263333 7 95 65 8
0.27 3 72 53 6
0.276667 2 80 52 10
0.283333 7 90 50 2
0.29 5 73 58 8
0.296667 2 63 45 7
0.303333 6 65 47 4
0.31 8 76 48 6
0.316667 1 74 51 6
0.323333 6 83 35 5
0.33 2 64 38 2
0.336667 6 74 47 8
0.343333 6 72 52 5
0.35 7 67 47 2
0.356667 1 77 35 4
0.363333 4 50 43 5
0.37 5 75 40 6
0.376667 6 51 47 8
0.383333 2 63 42 3
0.39 8 64 44 7
0.396667 6 53 36 9
0.403333 3 66 32 6
0.41 5 62 47 7
0.416667 5 54 45 2
0.423333 6 62 33 5
0.43 2 56 33 2
0.436667 5 66 41 1
0.443333 1 50 46 6
0.45 8 57 40 2
0.456667 5 68 38 5
0.463333 6 55 55 4
0.47 3 60 47 5
0.476667 0 53 32 1
0.483333 2 31 20 4
0.49 4 31 20 2
0.496667 3 25 18 4
0.503333 0 22 23 3
0.51 2 20 24 1
0.516667 0 16 28 2
0.523333 3 12 23 3
0.53 2 16 18 2
0.536667 2 9 21 2
0.543333 1 18 19 2
0.55 3 16 20 3
0.556667 0 7 20 3
0.563333 0 12 18 0
0.57 4 15 20 4
0.576667 2 12 19 3
0.583333 1 8 24 2
0.59 1 8 21 2
0.596667 1 8 21 3
0.603333 1 6 16 3
0.61 2 7 20 3
0.616667 1 7 17 0
0.623333 0 5 18 5
0.63 1 5 21 2
0.636667 1 15 33 4
0.643333 3 7 13 3
0.65 2 3 25 3
0.656667 2 4 27 2
0.663333 59 3252 1445 83
0.67 0 0 0 0
0.676667 0 0 0 0
0.683333 0 0 0 0
0.69 0 0 0 0
0.696667 0 0 0 0
0.703333 0 0 0 0
0.71 0 0 0 0
0.716667 0 0 0 0
0.723333 0 0 0 0
0.73 0 0 0 0
0.736667 0 0 0 0
0.743333 0 0 0 0
0.75 0 0 0 0
0.756667 0 0 0 0
0.763333 0 0 0 0
0.77 0 0 0 0
0.776667 0 0 0 0
0.783333 0 0 0 0
0.79 0 0 0 0
0.796667 0 0 0 0
0.803333 0 0 0 0
0.81 0 0 0 0
0.816667 0 0 0 0
0.823333 0 0 0 0
0.83 0 0 0 0
0.836667 0 0 0 0
0.843333 0 0 0 0
0.85 0 0 0 0
0.856667 0 0 0 0
0.863333 0 0 0 0
0.87 0 0 0 0
0.876667 0 0 0 0
0.883333 0 0 0 0
0.89 0 0 0 0
0.896667 0 0 0 0
0.903333 0 0 0 0
0.91 0 0 0 0
0.916667 0 0 0 0
0.923333 0 0 0 0
0.93 0 0 0 0
0.936667 0 0 0 0
0.943333 0 0 0 0
0.95 0 0 0 0
0.956667 0 0 0 0
0.963333 0 0 0 0
0.97 0 0 0 0
0.976667 0 0 0 0
0.983333 0 0 0 0
0.99 0 0 0 0
0.996667 0 0 0 0
1.00333 0 0 0 0
1.01 0 0 0 0
1.01667 0 0 0 0
1.02333 0 0 0 0
1.03 0 0 0 0
1.03667 0 0 0 0
1.04333 0 0 0 0
1.05 0 0 0 0
1.05667 0 0 0 0
1.06333 0 0 0 0
1.07 0 0 0 0
1.07667 0 0 0 0
1.08333 0 0 0 0
1.09 0 0 0 0
1.09667 0 0 0 0
1.10333 0 0 0 0
1.11 0 0 0 0
1.11667 0 0 0 0
1.12333 0 0 0 0
1.13 0 0 0 0
1.13667 0 0 0 0
1.14333 0 0 0 0
1.15 0 0 0 0
1.15667 0 0 0 0
1.16333 0 0 0 0
1.17 0 0 0 0
1.17667 0 0 0 0
1.18333 0 0 0 0
1.19 0 0 0 0
1.19667 0 0 0 0
1.20333 0 0 0 0
1.21 0 0 0 0
1.21667 0 0 0 0
1.22333 0 0 0 0
1.23 0 0 0 0
1.23667 0 0 0 0
1.24333 0 0 0 0
1.25 0 0 0 0
1.25667 0 0 0 0
1.26333 0 0 0 0
1.27 0 0 0 0
1.27667 0 0 0 0
1.28333 0 0 0 0
1.29 0 0 0 0
1.29667 0 0 0 0
1.30333 0 0 0 0
1.31 0 0 0 0
1.31667 0 0 0 0
1.32333 0 0 0 0
1.33 0 0 0 0
1.33667 0 0 0 0
1.34333 0 0 0 0
1.35 0 0 0 0
1.35667 0 0 0 0
1.36333 0 0 0 0
1.37 0 0 0 0
1.37667 0 0 0 0
1.38333 0 0 0 0
1.39 0 0 0 0
1.39667 0 0 0 0
1.40333 0 0 0 0
1.41 0 0 0 0
1.41667 0 0 0 0
1.42333 0 0 0 0
1.43 0 0 0 0
1.43667 0 0 0 0
1.44333 0 0 0 0
1.45 0 0 0 0
1.45667 0 0 0 0
1.46333 0 0 0 0
1.47 0 0 0 0
1.47667 0 0 0 0
1.48333 0 0 0 0
1.49 0 0 0 0
1.49667 0 0 0 0
1.50333 0 0 0 0
1.51 0 0 0 0
1.51667 0 0 0 0
1.52333 0 0 0 0
1.53 0 0 0 0
1.53667 0 0 0 0
1.54333 0 0 0 0
1.55 0 0 0 0
1.55667 0 0 0 0
1.56333 0 0 0 0
1.57 0 0 0 0
1.57667 0 0 0 0
1.58333 0 0 0 0
1.59 0 0 0 0
1.59667 0 0 0 0
1.60333 0 0 0 0
1.61 0 0 0 0
1.61667 0 0 0 0
1.62333 0 0 0 0
1.63 0 0 0 0
1.63667 0 0 0 0
1.64333 0 0 0 0
1.65 0 0 0 0
1.65667 0 0 0 0
1.66333 0 0 0 0
1.67 0 0 0 0
1.67667 0 0 0 0
1.68333 0 0 0 0
1.69 0 0 0 0
1.69667 0 0 0 0
1.70333 0 0 0 0
1.71 0 0 0 0
1.71667 0 0 0 0
1.72333 0 0 0 0
1.73 0 0 0 0
1.73667 0 0 0 0
1.74333 0 0 0 0
1.75 0 0 0 0
1.75667 0 0 0 0
1.76333 0 0 0 0
1.77 0 0 0 0
1.77667 0 0 0 0
1.78333 0 0 0 0
1.79 0 0 0 0
1.79667 0 0 0 0
1.80333 0 0 0 0
1.81 0 0 0 0
1.81667 0 0 0 0
1.82333 0 0 0 0
1.83 0 0 0 0
1.83667 0 0 0 0
1.84333 0 0 0 0
1.85 0 0 0 0
1.85667 0 0 0 0
1.86333 0 0 0 0
1.87 0 0 0 0
1.87667 0 0 0 0
1.88333 0 0 0 0
1.89 0 0 0 0
1.89667 0 0 0 0
1.90333 0 0 0 0
1.91 0 0 0 0
1.91667 0 0 0 0
1.92333 0 0 0 0
1.93 0 0 0 0
1.93667 0 0 0 0
1.94333 0 0 0 0
1.95 0 0 0 0
1.95667 0 0 0 0
1.96333 0 0 0 0
1.97 0 0 0 0
1.97667 0 0 0 0
1.98333 0 0 0 0
1.99 0 0 0 0
1.99667 0 0 0 0
