0.00333333 5 21 24 3
0.01 11 34 20 4
0.0166667 8 30 15 1
0.0233333 16 43 26 4
0.03 14 33 26 4
0.0366667 16 53 41 7
0.0433333 18 89 39 11
0.05 28 91 58 16
0.0566667 34 125 72 15
0.0633333 29 95 71 18
0.07 41 149 90 15
0.0766667 37 130 85 14
0.0833333 33 128 84 18
0.09 50 124 87 19
0.0966667 40 128 83 11
0.103333 52 124 90 16
0.11 35 126 68 23
0.116667 34 127 96 22
0.123333 23 108 77 7
0.13 29 101 67 9
0.136667 33 109 66 14
0.143333 19 107 62 9
0.15 26 89 58 13
0.156667 27 80 55 18
0.163333 36 72 51 17
0.17 36 86 54 6
0.176667 30 91 58 14
0.183333 29 69 53 17
0.19 19 78 55 17
0.196667 25 88 55 11
0.203333 26 75 65 8
0.21 29 82 53 13
0.216667 19 58 36 13
0.223333 23 86 60 8
0.23 23 61 39 9
0.236667 20 63 58 5
0.243333 21 62 33 5
0.25 15 65 40 4
0.256667 13 59 41 9
0.263333 11 53 34 12
0.27 22 68 33 6
0.276667 10 62 49 8
0.283333 11 50 36 7
0.29 15 50 32 9
0.296667 21 49 29 9
0.303333 12 40 41 9
0.31 17 56 35 6
0.316667 11 46 28 3
0.323333 14 40 37 12
0.33 22 42 31 7
0.336667 17 39 34 13
0.343333 7 38 27 6
0.35 12 45 22 7
0.356667 12 42 29 7
0.363333 7 38 26 8
0.37 10 33 18 7
0.376667 8 26 19 8
0.383333 17 35 23 3
0.39 11 33 24 4
0.396667 14 37 12 6
0.403333 10 35 24 7
0.41 6 33 26 11
0.416667 17 36 29 3
0.423333 8 22 26 4
0.43 9 41 28 6
0.436667 12 24 25 7
0.443333 9 28 21 2
0.45 7 28 22 4
0.456667 14 32 17 8
0.463333 15 18 17 1
0.47 13 20 27 5
0.476667 19 18 16 5
0.483333 7 14 9 11
0.49 9 16 13 8
0.496667 6 20 17 4
0.503333 6 18 22 0
0.51 7 14 18 5
0.516667 5 25 10 6
0.523333 6 17 18 7
0.53 7 17 12 2
0.536667 3 16 14 3
0.543333 4 16 15 6
0.55 4 18 13 4
0.556667 4 13 13 3
0.563333 6 19 7 5
0.57 9 19 16 7
0.576667 10 10 12 3
0.583333 0 13 8 6
0.59 4 14 8 1
0.596667 10 13 20 0
0.603333 6 15 11 2
0.61 4 13 8 3
0.616667 4 11 10 2
0.623333 7 14 8 3
0.63 8 20 6 5
0.636667 8 16 11 1
0.643333 7 7 13 3
0.65 7 14 6 3
0.656667 3 14 8 2
0.663333 188 561 474 71
0.67 0 0 0 0
0.676667 0 0 0 0
0.683333 0 0 0 0
0.69 0 0 0 0
0.696667 0 0 0 0
0.703333 0 0 0 0
0.71 0 0 0 0
0.716667 0 0 0 0
0.723333 0 0 0 0
0.73 0 0 0 0
0.736667 0 0 0 0
0.743333 0 0 0 0
0.75 0 0 0 0
0.756667 0 0 0 0
0.763333 0 0 0 0
0.77 0 0 0 0
0.776667 0 0 0 0
0.783333 0 0 0 0
0.79 0 0 0 0
0.796667 0 0 0 0
0.803333 0 0 0 0
0.81 0 0 0 0
0.816667 0 0 0 0
0.823333 0 0 0 0
0.83 0 0 0 0
0.836667 0 0 0 0
0.843333 0 0 0 0
0.85 0 0 0 0
0.856667 0 0 0 0
0.863333 0 0 0 0
0.87 0 0 0 0
0.876667 0 0 0 0
0.883333 0 0 0 0
0.89 0 0 0 0
0.896667 0 0 0 0
0.903333 0 0 0 0
0.91 0 0 0 0
0.916667 0 0 0 0
0.923333 0 0 0 0
0.93 0 0 0 0
0.936667 0 0 0 0
0.943333 0 0 0 0
0.95 0 0 0 0
0.956667 0 0 0 0
0.963333 0 0 0 0
0.97 0 0 0 0
0.976667 0 0 0 0
0.983333 0 0 0 0
0.99 0 0 0 0
0.996667 0 0 0 0
1.00333 0 0 0 0
1.01 0 0 0 0
1.01667 0 0 0 0
1.02333 0 0 0 0
1.03 0 0 0 0
1.03667 0 0 0 0
1.04333 0 0 0 0
1.05 0 0 0 0
1.05667 0 0 0 0
1.06333 0 0 0 0
1.07 0 0 0 0
1.07667 0 0 0 0
1.08333 0 0 0 0
1.09 0 0 0 0
1.09667 0 0 0 0
1.10333 0 0 0 0
1.11 0 0 0 0
1.11667 0 0 0 0
1.12333 0 0 0 0
1.13 0 0 0 0
1.13667 0 0 0 0
1.14333 0 0 0 0
1.15 0 0 0 0
1.15667 0 0 0 0
1.16333 0 0 0 0
1.17 0 0 0 0
1.17667 0 0 0 0
1.18333 0 0 0 0
1.19 0 0 0 0
1.19667 0 0 0 0
1.20333 0 0 0 0
1.21 0 0 0 0
1.21667 0 0 0 0
1.22333 0 0 0 0
1.23 0 0 0 0
1.23667 0 0 0 0
1.24333 0 0 0 0
1.25 0 0 0 0
1.25667 0 0 0 0
1.26333 0 0 0 0
1.27 0 0 0 0
1.27667 0 0 0 0
1.28333 0 0 0 0
1.29 0 0 0 0
1.29667 0 0 0 0
1.30333 0 0 0 0
1.31 0 0 0 0
1.31667 0 0 0 0
1.32333 0 0 0 0
1.33 0 0 0 0
1.33667 0 0 0 0
1.34333 0 0 0 0
1.35 0 0 0 0
1.35667 0 0 0 0
1.36333 0 0 0 0
1.37 0 0 0 0
1.37667 0 0 0 0
1.38333 0 0 0 0
1.39 0 0 0 0
1.39667 0 0 0 0
1.40333 0 0 0 0
1.41 0 0 0 0
1.41667 0 0 0 0
1.42333 0 0 0 0
1.43 0 0 0 0
1.43667 0 0 0 0
1.44333 0 0 0 0
1.45 0 0 0 0
1.45667 0 0 0 0
1.46333 0 0 0 0
1.47 0 0 0 0
1.47667 0 0 0 0
1.48333 0 0 0 0
1.49 0 0 0 0
1.49667 0 0 0 0
1.50333 0 0 0 0
1.51 0 0 0 0
1.51667 0 0 0 0
1.52333 0 0 0 0
1.53 0 0 0 0
1.53667 0 0 0 0
1.54333 0 0 0 0
1.55 0 0 0 0
1.55667 0 0 0 0
1.56333 0 0 0 0
1.57 0 0 0 0
1.57667 0 0 0 0
1.58333 0 0 0 0
1.59 0 0 0 0
1.59667 0 0 0 0
1.60333 0 0 0 0
1.61 0 0 0 0
1.61667 0 0 0 0
1.62333 0 0 0 0
1.63 0 0 0 0
1.63667 0 0 0 0
1.64333 0 0 0 0
1.65 0 0 0 0
1.65667 0 0 0 0
1.66333 0 0 0 0
1.67 0 0 0 0
1.67667 0 0 0 0
1.68333 0 0 0 0
1.69 0 0 0 0
1.69667 0 0 0 0
1.70333 0 0 0 0
1.71 0 0 0 0
1.71667 0 0 0 0
1.72333 0 0 0 0
1.73 0 0 0 0
1.73667 0 0 0 0
1.74333 0 0 0 0
1.75 0 0 0 0
1.75667 0 0 0 0
1.76333 0 0 0 0
1.77 0 0 0 0
1.77667 0 0 0 0
1.78333 0 0 0 0
1.79 0 0 0 0
1.79667 0 0 0 0
1.80333 0 0 0 0
1.81 0 0 0 0
1.81667 0 0 0 0
1.82333 0 0 0 0
1.83 0 0 0 0
1.83667 0 0 0 0
1.84333 0 0 0 0
1.85 0 0 0 0
1.85667 0 0 0 0
1.86333 0 0 0 0
1.87 0 0 0 0
1.87667 0 0 0 0
1.88333 0 0 0 0
1.89 0 0 0 0
1.89667 0 0 0 0
1.90333 0 0 0 0
1.91 0 0 0 0
1.91667 0 0 0 0
1.92333 0 0 0 0
1.93 0 0 0 0
1.93667 0 0 0 0
1.94333 0 0 0 0
1.95 0 0 0 0
1.95667 0 0 0 0
1.96333 0 0 0 0
1.97 0 0 0 0
1.97667 0 0 0 0
1.98333 0 0 0 0
1.99 0 0 0 0
1.99667 0 0 0 0
