0.00333333 31 79 1 0
0.01 33 106 0 1
0.0166667 27 98 0 0
0.0233333 45 106 4 0
0.03 38 101 4 0
0.0366667 53 125 1 0
0.0433333 71 134 8 2
0.05 91 143 2 0
0.0566667 94 190 1 1
0.0633333 98 182 11 3
0.07 109 198 11 1
0.0766667 113 225 6 4
0.0833333 118 199 12 1
0.09 134 222 10 0
0.0966667 108 207 7 3
0.103333 123 199 10 3
0.11 107 232 6 0
0.116667 121 237 5 1
0.123333 109 225 7 1
0.13 98 245 4 1
0.136667 103 243 3 3
0.143333 93 209 11 2
0.15 92 228 5 0
0.156667 78 225 11 0
0.163333 92 240 6 1
0.17 83 228 7 5
0.176667 61 205 9 2
0.183333 76 254 8 5
0.19 81 337 8 3
0.196667 80 284 8 2
0.203333 83 302 8 1
0.21 70 271 4 2
0.216667 88 252 5 5
0.223333 70 218 7 0
0.23 68 191 10 1
0.236667 67 212 10 2
0.243333 67 181 4 2
0.25 63 177 10 2
0.256667 56 203 8 1
0.263333 58 182 3 2
0.27 59 156 5 2
0.276667 63 147 1 0
0.283333 52 146 8 0
0.29 63 135 8 0
0.296667 45 142 10 2
0.303333 35 149 1 1
0.31 51 125 5 1
0.316667 50 125 5 0
0.323333 47 127 5 0
0.33 50 117 4 3
0.336667 45 120 5 1
0.343333 39 128 11 1
0.35 37 119 8 1
0.356667 46 97 4 0
0.363333 38 105 5 1
0.37 34 127 4 0
0.376667 22 114 3 0
0.383333 42 95 3 4
0.39 33 104 4 0
0.396667 37 107 6 0
0.403333 37 104 3 1
0.41 41 105 5 1
0.416667 36 98 5 1
0.423333 46 124 8 2
0.43 28 89 3 0
0.436667 36 80 4 0
0.443333 39 114 1 1
0.45 38 105 6 1
0.456667 37 94 3 1
0.463333 36 100 2 1
0.47 21 108 5 0
0.476667 25 95 2 1
0.483333 28 57 3 0
0.49 26 55 2 2
0.496667 22 47 3 2
0.503333 20 35 0 0
0.51 29 25 1 0
0.516667 23 28 5 1
0.523333 19 35 5 0
0.53 24 42 1 0
0.536667 25 41 2 0
0.543333 16 18 0 0
0.55 21 30 2 0
0.556667 24 32 0 0
0.563333 23 34 0 1
0.57 15 32 1 0
0.576667 22 30 0 0
0.583333 20 32 1 1
0.59 17 25 5 1
0.596667 17 34 2 0
0.603333 19 34 1 2
0.61 20 18 1 0
0.616667 22 28 2 0
0.623333 29 24 1 1
0.63 14 27 3 0
0.636667 23 39 5 0
0.643333 12 16 1 0
0.65 19 19 0 0
0.656667 17 22 2 0
0.663333 841 4863 61 13
0.67 0 0 0 0
0.676667 0 0 0 0
0.683333 0 0 0 0
0.69 0 0 0 0
0.696667 0 0 0 0
0.703333 0 0 0 0
0.71 0 0 0 0
0.716667 0 0 0 0
0.723333 0 0 0 0
0.73 0 0 0 0
0.736667 0 0 0 0
0.743333 0 0 0 0
0.75 0 0 0 0
0.756667 0 0 0 0
0.763333 0 0 0 0
0.77 0 0 0 0
0.776667 0 0 0 0
0.783333 0 0 0 0
0.79 0 0 0 0
0.796667 0 0 0 0
0.803333 0 0 0 0
0.81 0 0 0 0
0.816667 0 0 0 0
0.823333 0 0 0 0
0.83 0 0 0 0
0.836667 0 0 0 0
0.843333 0 0 0 0
0.85 0 0 0 0
0.856667 0 0 0 0
0.863333 0 0 0 0
0.87 0 0 0 0
0.876667 0 0 0 0
0.883333 0 0 0 0
0.89 0 0 0 0
0.896667 0 0 0 0
0.903333 0 0 0 0
0.91 0 0 0 0
0.916667 0 0 0 0
0.923333 0 0 0 0
0.93 0 0 0 0
0.936667 0 0 0 0
0.943333 0 0 0 0
0.95 0 0 0 0
0.956667 0 0 0 0
0.963333 0 0 0 0
0.97 0 0 0 0
0.976667 0 0 0 0
0.983333 0 0 0 0
0.99 0 0 0 0
0.996667 0 0 0 0
1.00333 0 0 0 0
1.01 0 0 0 0
1.01667 0 0 0 0
1.02333 0 0 0 0
1.03 0 0 0 0
1.03667 0 0 0 0
1.04333 0 0 0 0
1.05 0 0 0 0
1.05667 0 0 0 0
1.06333 0 0 0 0
1.07 0 0 0 0
1.07667 0 0 0 0
1.08333 0 0 0 0
1.09 0 0 0 0
1.09667 0 0 0 0
1.10333 0 0 0 0
1.11 0 0 0 0
1.11667 0 0 0 0
1.12333 0 0 0 0
1.13 0 0 0 0
1.13667 0 0 0 0
1.14333 0 0 0 0
1.15 0 0 0 0
1.15667 0 0 0 0
1.16333 0 0 0 0
1.17 0 0 0 0
1.17667 0 0 0 0
1.18333 0 0 0 0
1.19 0 0 0 0
1.19667 0 0 0 0
1.20333 0 0 0 0
1.21 0 0 0 0
1.21667 0 0 0 0
1.22333 0 0 0 0
1.23 0 0 0 0
1.23667 0 0 0 0
1.24333 0 0 0 0
1.25 0 0 0 0
1.25667 0 0 0 0
1.26333 0 0 0 0
1.27 0 0 0 0
1.27667 0 0 0 0
1.28333 0 0 0 0
1.29 0 0 0 0
1.29667 0 0 0 0
1.30333 0 0 0 0
1.31 0 0 0 0
1.31667 0 0 0 0
1.32333 0 0 0 0
1.33 0 0 0 0
1.33667 0 0 0 0
1.34333 0 0 0 0
1.35 0 0 0 0
1.35667 0 0 0 0
1.36333 0 0 0 0
1.37 0 0 0 0
1.37667 0 0 0 0
1.38333 0 0 0 0
1.39 0 0 0 0
1.39667 0 0 0 0
1.40333 0 0 0 0
1.41 0 0 0 0
1.41667 0 0 0 0
1.42333 0 0 0 0
1.43 0 0 0 0
1.43667 0 0 0 0
1.44333 0 0 0 0
1.45 0 0 0 0
1.45667 0 0 0 0
1.46333 0 0 0 0
1.47 0 0 0 0
1.47667 0 0 0 0
1.48333 0 0 0 0
1.49 0 0 0 0
1.49667 0 0 0 0
1.50333 0 0 0 0
1.51 0 0 0 0
1.51667 0 0 0 0
1.52333 0 0 0 0
1.53 0 0 0 0
1.53667 0 0 0 0
1.54333 0 0 0 0
1.55 0 0 0 0
1.55667 0 0 0 0
1.56333 0 0 0 0
1.57 0 0 0 0
1.57667 0 0 0 0
1.58333 0 0 0 0
1.59 0 0 0 0
1.59667 0 0 0 0
1.60333 0 0 0 0
1.61 0 0 0 0
1.61667 0 0 0 0
1.62333 0 0 0 0
1.63 0 0 0 0
1.63667 0 0 0 0
1.64333 0 0 0 0
1.65 0 0 0 0
1.65667 0 0 0 0
1.66333 0 0 0 0
1.67 0 0 0 0
1.67667 0 0 0 0
1.68333 0 0 0 0
1.69 0 0 0 0
1.69667 0 0 0 0
1.70333 0 0 0 0
1.71 0 0 0 0
1.71667 0 0 0 0
1.72333 0 0 0 0
1.73 0 0 0 0
1.73667 0 0 0 0
1.74333 0 0 0 0
1.75 0 0 0 0
1.75667 0 0 0 0
1.76333 0 0 0 0
1.77 0 0 0 0
1.77667 0 0 0 0
1.78333 0 0 0 0
1.79 0 0 0 0
1.79667 0 0 0 0
1.80333 0 0 0 0
1.81 0 0 0 0
1.81667 0 0 0 0
1.82333 0 0 0 0
1.83 0 0 0 0
1.83667 0 0 0 0
1.84333 0 0 0 0
1.85 0 0 0 0
1.85667 0 0 0 0
1.86333 0 0 0 0
1.87 0 0 0 0
1.87667 0 0 0 0
1.88333 0 0 0 0
1.89 0 0 0 0
1.89667 0 0 0 0
1.90333 0 0 0 0
1.91 0 0 0 0
1.91667 0 0 0 0
1.92333 0 0 0 0
1.93 0 0 0 0
1.93667 0 0 0 0
1.94333 0 0 0 0
1.95 0 0 0 0
1.95667 0 0 0 0
1.96333 0 0 0 0
1.97 0 0 0 0
1.97667 0 0 0 0
1.98333 0 0 0 0
1.99 0 0 0 0
1.99667 0 0 0 0
