0.00333333 34 10 1 0
0.01 46 21 4 0
0.0166667 36 17 2 0
0.0233333 57 19 1 0
0.03 50 26 2 1
0.0366667 67 31 1 0
0.0433333 84 48 1 0
0.05 114 35 2 1
0.0566667 133 59 3 1
0.0633333 122 54 3 0
0.07 136 60 6 0
0.0766667 155 58 5 2
0.0833333 152 56 1 0
0.09 167 53 3 1
0.0966667 137 59 5 0
0.103333 144 68 5 2
0.11 160 45 5 1
0.116667 154 47 1 1
0.123333 160 48 6 3
0.13 135 43 5 1
0.136667 138 52 5 0
0.143333 120 28 2 0
0.15 149 44 3 1
0.156667 125 51 0 0
0.163333 112 38 3 1
0.17 105 38 2 3
0.176667 112 59 6 0
0.183333 117 41 3 1
0.19 126 46 4 1
0.196667 109 43 4 1
0.203333 113 29 3 1
0.21 105 41 5 1
0.216667 91 43 1 2
0.223333 122 32 0 0
0.23 81 30 6 0
0.236667 92 28 2 2
0.243333 83 24 5 0
0.25 79 31 5 0
0.256667 66 24 5 1
0.263333 80 29 2 1
0.27 74 26 2 0
0.276667 76 34 4 1
0.283333 71 25 2 0
0.29 74 26 2 0
0.296667 64 37 0 1
0.303333 61 28 2 0
0.31 75 29 0 0
0.316667 67 27 2 0
0.323333 65 29 0 1
0.33 74 24 2 0
0.336667 59 24 1 3
0.343333 67 27 2 1
0.35 61 22 1 0
0.356667 63 24 2 0
0.363333 58 26 2 0
0.37 50 28 0 0
0.376667 47 26 2 0
0.383333 57 17 1 0
0.39 54 14 2 0
0.396667 61 13 2 0
0.403333 54 15 3 1
0.41 44 18 7 1
0.416667 55 25 0 1
0.423333 37 20 0 1
0.43 47 13 3 0
0.436667 47 15 7 0
0.443333 58 26 3 0
0.45 46 17 2 0
0.456667 55 19 3 0
0.463333 53 19 0 1
0.47 51 11 1 2
0.476667 48 19 1 1
0.483333 40 13 2 0
0.49 37 16 1 0
0.496667 46 8 1 0
0.503333 25 25 1 0
0.51 29 14 0 0
0.516667 29 16 2 0
0.523333 32 6 0 0
0.53 21 7 2 1
0.536667 37 14 0 0
0.543333 28 15 1 0
0.55 25 12 2 1
0.556667 21 8 1 0
0.563333 20 9 1 0
0.57 32 15 1 1
0.576667 24 7 0 1
0.583333 28 12 1 2
0.59 21 10 3 0
0.596667 17 16 1 0
0.603333 26 7 0 0
0.61 22 11 2 1
0.616667 32 10 2 0
0.623333 24 9 0 0
0.63 25 3 1 0
0.636667 24 6 1 0
0.643333 25 15 0 0
0.65 28 4 1 1
0.656667 21 9 2 0
0.663333 1321 386 23 6
0.67 0 0 0 0
0.676667 0 0 0 0
0.683333 0 0 0 0
0.69 0 0 0 0
0.696667 0 0 0 0
0.703333 0 0 0 0
0.71 0 0 0 0
0.716667 0 0 0 0
0.723333 0 0 0 0
0.73 0 0 0 0
0.736667 0 0 0 0
0.743333 0 0 0 0
0.75 0 0 0 0
0.756667 0 0 0 0
0.763333 0 0 0 0
0.77 0 0 0 0
0.776667 0 0 0 0
0.783333 0 0 0 0
0.79 0 0 0 0
0.796667 0 0 0 0
0.803333 0 0 0 0
0.81 0 0 0 0
0.816667 0 0 0 0
0.823333 0 0 0 0
0.83 0 0 0 0
0.836667 0 0 0 0
0.843333 0 0 0 0
0.85 0 0 0 0
0.856667 0 0 0 0
0.863333 0 0 0 0
0.87 0 0 0 0
0.876667 0 0 0 0
0.883333 0 0 0 0
0.89 0 0 0 0
0.896667 0 0 0 0
0.903333 0 0 0 0
0.91 0 0 0 0
0.916667 0 0 0 0
0.923333 0 0 0 0
0.93 0 0 0 0
0.936667 0 0 0 0
0.943333 0 0 0 0
0.95 0 0 0 0
0.956667 0 0 0 0
0.963333 0 0 0 0
0.97 0 0 0 0
0.976667 0 0 0 0
0.983333 0 0 0 0
0.99 0 0 0 0
0.996667 0 0 0 0
1.00333 0 0 0 0
1.01 0 0 0 0
1.01667 0 0 0 0
1.02333 0 0 0 0
1.03 0 0 0 0
1.03667 0 0 0 0
1.04333 0 0 0 0
1.05 0 0 0 0
1.05667 0 0 0 0
1.06333 0 0 0 0
1.07 0 0 0 0
1.07667 0 0 0 0
1.08333 0 0 0 0
1.09 0 0 0 0
1.09667 0 0 0 0
1.10333 0 0 0 0
1.11 0 0 0 0
1.11667 0 0 0 0
1.12333 0 0 0 0
1.13 0 0 0 0
1.13667 0 0 0 0
1.14333 0 0 0 0
1.15 0 0 0 0
1.15667 0 0 0 0
1.16333 0 0 0 0
1.17 0 0 0 0
1.17667 0 0 0 0
1.18333 0 0 0 0
1.19 0 0 0 0
1.19667 0 0 0 0
1.20333 0 0 0 0
1.21 0 0 0 0
1.21667 0 0 0 0
1.22333 0 0 0 0
1.23 0 0 0 0
1.23667 0 0 0 0
1.24333 0 0 0 0
1.25 0 0 0 0
1.25667 0 0 0 0
1.26333 0 0 0 0
1.27 0 0 0 0
1.27667 0 0 0 0
1.28333 0 0 0 0
1.29 0 0 0 0
1.29667 0 0 0 0
1.30333 0 0 0 0
1.31 0 0 0 0
1.31667 0 0 0 0
1.32333 0 0 0 0
1.33 0 0 0 0
1.33667 0 0 0 0
1.34333 0 0 0 0
1.35 0 0 0 0
1.35667 0 0 0 0
1.36333 0 0 0 0
1.37 0 0 0 0
1.37667 0 0 0 0
1.38333 0 0 0 0
1.39 0 0 0 0
1.39667 0 0 0 0
1.40333 0 0 0 0
1.41 0 0 0 0
1.41667 0 0 0 0
1.42333 0 0 0 0
1.43 0 0 0 0
1.43667 0 0 0 0
1.44333 0 0 0 0
1.45 0 0 0 0
1.45667 0 0 0 0
1.46333 0 0 0 0
1.47 0 0 0 0
1.47667 0 0 0 0
1.48333 0 0 0 0
1.49 0 0 0 0
1.49667 0 0 0 0
1.50333 0 0 0 0
1.51 0 0 0 0
1.51667 0 0 0 0
1.52333 0 0 0 0
1.53 0 0 0 0
1.53667 0 0 0 0
1.54333 0 0 0 0
1.55 0 0 0 0
1.55667 0 0 0 0
1.56333 0 0 0 0
1.57 0 0 0 0
1.57667 0 0 0 0
1.58333 0 0 0 0
1.59 0 0 0 0
1.59667 0 0 0 0
1.60333 0 0 0 0
1.61 0 0 0 0
1.61667 0 0 0 0
1.62333 0 0 0 0
1.63 0 0 0 0
1.63667 0 0 0 0
1.64333 0 0 0 0
1.65 0 0 0 0
1.65667 0 0 0 0
1.66333 0 0 0 0
1.67 0 0 0 0
1.67667 0 0 0 0
1.68333 0 0 0 0
1.69 0 0 0 0
1.69667 0 0 0 0
1.70333 0 0 0 0
1.71 0 0 0 0
1.71667 0 0 0 0
1.72333 0 0 0 0
1.73 0 0 0 0
1.73667 0 0 0 0
1.74333 0 0 0 0
1.75 0 0 0 0
1.75667 0 0 0 0
1.76333 0 0 0 0
1.77 0 0 0 0
1.77667 0 0 0 0
1.78333 0 0 0 0
1.79 0 0 0 0
1.79667 0 0 0 0
1.80333 0 0 0 0
1.81 0 0 0 0
1.81667 0 0 0 0
1.82333 0 0 0 0
1.83 0 0 0 0
1.83667 0 0 0 0
1.84333 0 0 0 0
1.85 0 0 0 0
1.85667 0 0 0 0
1.86333 0 0 0 0
1.87 0 0 0 0
1.87667 0 0 0 0
1.88333 0 0 0 0
1.89 0 0 0 0
1.89667 0 0 0 0
1.90333 0 0 0 0
1.91 0 0 0 0
1.91667 0 0 0 0
1.92333 0 0 0 0
1.93 0 0 0 0
1.93667 0 0 0 0
1.94333 0 0 0 0
1.95 0 0 0 0
1.95667 0 0 0 0
1.96333 0 0 0 0
1.97 0 0 0 0
1.97667 0 0 0 0
1.98333 0 0 0 0
1.99 0 0 0 0
1.99667 0 0 0 0
