0.00333333 38 14 5 6
0.01 32 14 5 3
0.0166667 39 21 7 5
0.0233333 45 13 5 11
0.03 34 13 2 12
0.0366667 35 23 8 13
0.0433333 53 21 9 13
0.05 37 39 10 9
0.0566667 67 42 9 6
0.0633333 53 49 7 11
0.07 52 41 8 20
0.0766667 60 49 12 9
0.0833333 68 52 8 15
0.09 74 59 13 15
0.0966667 68 49 11 6
0.103333 58 63 7 5
0.11 75 48 12 10
0.116667 58 46 6 14
0.123333 67 42 10 13
0.13 63 48 5 11
0.136667 51 40 6 12
0.143333 64 36 9 21
0.15 53 28 4 12
0.156667 62 42 5 13
0.163333 63 31 12 16
0.17 65 35 8 16
0.176667 67 37 10 10
0.183333 67 39 4 18
0.19 101 24 13 26
0.196667 96 33 5 17
0.203333 60 30 7 15
0.21 73 37 7 16
0.216667 71 25 6 13
0.223333 57 33 10 12
0.23 64 36 11 14
0.236667 63 27 4 6
0.243333 62 33 11 12
0.25 72 39 7 18
0.256667 54 32 5 12
0.263333 60 23 6 9
0.27 46 29 4 12
0.276667 45 32 5 13
0.283333 42 17 6 15
0.29 45 29 8 13
0.296667 52 14 4 12
0.303333 46 21 3 12
0.31 49 22 6 13
0.316667 53 25 2 13
0.323333 54 26 9 8
0.33 39 30 2 8
0.336667 52 18 2 5
0.343333 53 17 4 8
0.35 42 23 6 12
0.356667 44 18 8 9
0.363333 41 15 7 8
0.37 43 22 4 10
0.376667 39 23 4 11
0.383333 56 13 4 4
0.39 43 17 1 13
0.396667 32 14 2 18
0.403333 43 17 3 10
0.41 52 16 6 6
0.416667 51 20 3 10
0.423333 41 16 2 12
0.43 44 25 3 9
0.436667 45 15 1 17
0.443333 33 25 4 12
0.45 58 18 2 6
0.456667 50 18 5 7
0.463333 52 13 2 13
0.47 49 18 4 12
0.476667 27 8 2 5
0.483333 28 13 3 5
0.49 18 18 4 8
0.496667 17 16 2 7
0.503333 17 17 7 3
0.51 13 12 0 2
0.516667 17 13 3 1
0.523333 13 9 1 3
0.53 16 7 2 8
0.536667 13 9 1 4
0.543333 5 9 6 3
0.55 10 5 2 5
0.556667 13 11 1 4
0.563333 12 11 2 1
0.57 6 4 2 3
0.576667 10 11 2 1
0.583333 9 14 3 3
0.59 13 13 2 6
0.596667 9 4 3 2
0.603333 5 14 5 5
0.61 6 9 3 2
0.616667 6 10 2 3
0.623333 1 12 4 3
0.63 6 10 3 4
0.636667 11 9 2 3
0.643333 2 11 2 2
0.65 2 10 3 0
0.656667 3 6 1 0
0.663333 2246 314 59 575
0.67 0 0 0 0
0.676667 0 0 0 0
0.683333 0 0 0 0
0.69 0 0 0 0
0.696667 0 0 0 0
0.703333 0 0 0 0
0.71 0 0 0 0
0.716667 0 0 0 0
0.723333 0 0 0 0
0.73 0 0 0 0
0.736667 0 0 0 0
0.743333 0 0 0 0
0.75 0 0 0 0
0.756667 0 0 0 0
0.763333 0 0 0 0
0.77 0 0 0 0
0.776667 0 0 0 0
0.783333 0 0 0 0
0.79 0 0 0 0
0.796667 0 0 0 0
0.803333 0 0 0 0
0.81 0 0 0 0
0.816667 0 0 0 0
0.823333 0 0 0 0
0.83 0 0 0 0
0.836667 0 0 0 0
0.843333 0 0 0 0
0.85 0 0 0 0
0.856667 0 0 0 0
0.863333 0 0 0 0
0.87 0 0 0 0
0.876667 0 0 0 0
0.883333 0 0 0 0
0.89 0 0 0 0
0.896667 0 0 0 0
0.903333 0 0 0 0
0.91 0 0 0 0
0.916667 0 0 0 0
0.923333 0 0 0 0
0.93 0 0 0 0
0.936667 0 0 0 0
0.943333 0 0 0 0
0.95 0 0 0 0
0.956667 0 0 0 0
0.963333 0 0 0 0
0.97 0 0 0 0
0.976667 0 0 0 0
0.983333 0 0 0 0
0.99 0 0 0 0
0.996667 0 0 0 0
1.00333 0 0 0 0
1.01 0 0 0 0
1.01667 0 0 0 0
1.02333 0 0 0 0
1.03 0 0 0 0
1.03667 0 0 0 0
1.04333 0 0 0 0
1.05 0 0 0 0
1.05667 0 0 0 0
1.06333 0 0 0 0
1.07 0 0 0 0
1.07667 0 0 0 0
1.08333 0 0 0 0
1.09 0 0 0 0
1.09667 0 0 0 0
1.10333 0 0 0 0
1.11 0 0 0 0
1.11667 0 0 0 0
1.12333 0 0 0 0
1.13 0 0 0 0
1.13667 0 0 0 0
1.14333 0 0 0 0
1.15 0 0 0 0
1.15667 0 0 0 0
1.16333 0 0 0 0
1.17 0 0 0 0
1.17667 0 0 0 0
1.18333 0 0 0 0
1.19 0 0 0 0
1.19667 0 0 0 0
1.20333 0 0 0 0
1.21 0 0 0 0
1.21667 0 0 0 0
1.22333 0 0 0 0
1.23 0 0 0 0
1.23667 0 0 0 0
1.24333 0 0 0 0
1.25 0 0 0 0
1.25667 0 0 0 0
1.26333 0 0 0 0
1.27 0 0 0 0
1.27667 0 0 0 0
1.28333 0 0 0 0
1.29 0 0 0 0
1.29667 0 0 0 0
1.30333 0 0 0 0
1.31 0 0 0 0
1.31667 0 0 0 0
1.32333 0 0 0 0
1.33 0 0 0 0
1.33667 0 0 0 0
1.34333 0 0 0 0
1.35 0 0 0 0
1.35667 0 0 0 0
1.36333 0 0 0 0
1.37 0 0 0 0
1.37667 0 0 0 0
1.38333 0 0 0 0
1.39 0 0 0 0
1.39667 0 0 0 0
1.40333 0 0 0 0
1.41 0 0 0 0
1.41667 0 0 0 0
1.42333 0 0 0 0
1.43 0 0 0 0
1.43667 0 0 0 0
1.44333 0 0 0 0
1.45 0 0 0 0
1.45667 0 0 0 0
1.46333 0 0 0 0
1.47 0 0 0 0
1.47667 0 0 0 0
1.48333 0 0 0 0
1.49 0 0 0 0
1.49667 0 0 0 0
1.50333 0 0 0 0
1.51 0 0 0 0
1.51667 0 0 0 0
1.52333 0 0 0 0
1.53 0 0 0 0
1.53667 0 0 0 0
1.54333 0 0 0 0
1.55 0 0 0 0
1.55667 0 0 0 0
1.56333 0 0 0 0
1.57 0 0 0 0
1.57667 0 0 0 0
1.58333 0 0 0 0
1.59 0 0 0 0
1.59667 0 0 0 0
1.60333 0 0 0 0
1.61 0 0 0 0
1.61667 0 0 0 0
1.62333 0 0 0 0
1.63 0 0 0 0
1.63667 0 0 0 0
1.64333 0 0 0 0
1.65 0 0 0 0
1.65667 0 0 0 0
1.66333 0 0 0 0
1.67 0 0 0 0
1.67667 0 0 0 0
1.68333 0 0 0 0
1.69 0 0 0 0
1.69667 0 0 0 0
1.70333 0 0 0 0
1.71 0 0 0 0
1.71667 0 0 0 0
1.72333 0 0 0 0
1.73 0 0 0 0
1.73667 0 0 0 0
1.74333 0 0 0 0
1.75 0 0 0 0
1.75667 0 0 0 0
1.76333 0 0 0 0
1.77 0 0 0 0
1.77667 0 0 0 0
1.78333 0 0 0 0
1.79 0 0 0 0
1.79667 0 0 0 0
1.80333 0 0 0 0
1.81 0 0 0 0
1.81667 0 0 0 0
1.82333 0 0 0 0
1.83 0 0 0 0
1.83667 0 0 0 0
1.84333 0 0 0 0
1.85 0 0 0 0
1.85667 0 0 0 0
1.86333 0 0 0 0
1.87 0 0 0 0
1.87667 0 0 0 0
1.88333 0 0 0 0
1.89 0 0 0 0
1.89667 0 0 0 0
1.90333 0 0 0 0
1.91 0 0 0 0
1.91667 0 0 0 0
1.92333 0 0 0 0
1.93 0 0 0 0
1.93667 0 0 0 0
1.94333 0 0 0 0
1.95 0 0 0 0
1.95667 0 0 0 0
1.96333 0 0 0 0
1.97 0 0 0 0
1.97667 0 0 0 0
1.98333 0 0 0 0
1.99 0 0 0 0
1.99667 0 0 0 0
