0.00333333 2 1 7 150
0.01 2 1 18 163
0.0166667 1 3 11 193
0.0233333 1 1 8 170
0.03 2 0 10 191
0.0366667 4 5 9 230
0.0433333 1 1 27 206
0.05 1 0 34 249
0.0566667 1 2 32 232
0.0633333 1 6 43 295
0.07 3 4 47 299
0.0766667 4 4 44 315
0.0833333 2 4 44 373
0.09 3 3 44 370
0.0966667 3 3 43 355
0.103333 1 1 44 379
0.11 5 2 33 396
0.116667 2 1 53 400
0.123333 3 2 32 429
0.13 2 3 29 407
0.136667 2 2 30 387
0.143333 3 5 34 393
0.15 2 1 36 419
0.156667 0 2 30 373
0.163333 1 6 21 414
0.17 3 1 22 431
0.176667 2 1 22 378
0.183333 3 1 21 486
0.19 1 4 25 590
0.196667 7 3 33 603
0.203333 4 2 34 541
0.21 9 1 32 527
0.216667 1 4 19 473
0.223333 3 2 20 410
0.23 2 4 23 394
0.236667 2 6 21 379
0.243333 1 2 24 343
0.25 7 4 18 337
0.256667 3 2 23 350
0.263333 0 5 23 303
0.27 2 1 16 274
0.276667 3 4 21 239
0.283333 3 2 22 264
0.29 2 2 17 236
0.296667 0 1 16 245
0.303333 2 0 22 239
0.31 1 3 16 246
0.316667 1 2 14 214
0.323333 3 2 19 229
0.33 1 1 24 214
0.336667 1 4 21 204
0.343333 2 2 13 183
0.35 4 2 15 196
0.356667 0 2 21 221
0.363333 0 0 10 220
0.37 3 0 12 199
0.376667 1 1 13 183
0.383333 1 3 13 190
0.39 1 1 11 176
0.396667 2 4 22 194
0.403333 4 3 16 192
0.41 1 5 12 155
0.416667 0 1 11 160
0.423333 5 1 12 180
0.43 3 3 12 154
0.436667 1 0 8 185
0.443333 1 2 9 187
0.45 3 0 19 189
0.456667 0 2 12 182
0.463333 3 2 15 200
0.47 3 3 11 182
0.476667 1 4 4 142
0.483333 2 1 3 79
0.49 1 3 13 86
0.496667 1 0 6 68
0.503333 1 2 8 68
0.51 0 1 9 66
0.516667 4 2 4 72
0.523333 1 0 8 71
0.53 1 2 8 61
0.536667 0 2 12 70
0.543333 1 1 8 61
0.55 1 4 10 67
0.556667 1 7 8 62
0.563333 1 0 11 49
0.57 1 3 12 53
0.576667 2 3 4 66
0.583333 0 2 5 67
0.59 3 0 7 63
0.596667 1 1 4 39
0.603333 3 3 6 49
0.61 0 3 4 47
0.616667 2 1 2 51
0.623333 0 0 9 54
0.63 0 0 7 49
0.636667 3 1 6 70
0.643333 0 1 2 53
0.65 2 2 6 46
0.656667 4 0 9 38
0.663333 65 45 164 9672
0.67 0 0 0 0
0.676667 0 0 0 0
0.683333 0 0 0 0
0.69 0 0 0 0
0.696667 0 0 0 0
0.703333 0 0 0 0
0.71 0 0 0 0
0.716667 0 0 0 0
0.723333 0 0 0 0
0.73 0 0 0 0
0.736667 0 0 0 0
0.743333 0 0 0 0
0.75 0 0 0 0
0.756667 0 0 0 0
0.763333 0 0 0 0
0.77 0 0 0 0
0.776667 0 0 0 0
0.783333 0 0 0 0
0.79 0 0 0 0
0.796667 0 0 0 0
0.803333 0 0 0 0
0.81 0 0 0 0
0.816667 0 0 0 0
0.823333 0 0 0 0
0.83 0 0 0 0
0.836667 0 0 0 0
0.843333 0 0 0 0
0.85 0 0 0 0
0.856667 0 0 0 0
0.863333 0 0 0 0
0.87 0 0 0 0
0.876667 0 0 0 0
0.883333 0 0 0 0
0.89 0 0 0 0
0.896667 0 0 0 0
0.903333 0 0 0 0
0.91 0 0 0 0
0.916667 0 0 0 0
0.923333 0 0 0 0
0.93 0 0 0 0
0.936667 0 0 0 0
0.943333 0 0 0 0
0.95 0 0 0 0
0.956667 0 0 0 0
0.963333 0 0 0 0
0.97 0 0 0 0
0.976667 0 0 0 0
0.983333 0 0 0 0
0.99 0 0 0 0
0.996667 0 0 0 0
1.00333 0 0 0 0
1.01 0 0 0 0
1.01667 0 0 0 0
1.02333 0 0 0 0
1.03 0 0 0 0
1.03667 0 0 0 0
1.04333 0 0 0 0
1.05 0 0 0 0
1.05667 0 0 0 0
1.06333 0 0 0 0
1.07 0 0 0 0
1.07667 0 0 0 0
1.08333 0 0 0 0
1.09 0 0 0 0
1.09667 0 0 0 0
1.10333 0 0 0 0
1.11 0 0 0 0
1.11667 0 0 0 0
1.12333 0 0 0 0
1.13 0 0 0 0
1.13667 0 0 0 0
1.14333 0 0 0 0
1.15 0 0 0 0
1.15667 0 0 0 0
1.16333 0 0 0 0
1.17 0 0 0 0
1.17667 0 0 0 0
1.18333 0 0 0 0
1.19 0 0 0 0
1.19667 0 0 0 0
1.20333 0 0 0 0
1.21 0 0 0 0
1.21667 0 0 0 0
1.22333 0 0 0 0
1.23 0 0 0 0
1.23667 0 0 0 0
1.24333 0 0 0 0
1.25 0 0 0 0
1.25667 0 0 0 0
1.26333 0 0 0 0
1.27 0 0 0 0
1.27667 0 0 0 0
1.28333 0 0 0 0
1.29 0 0 0 0
1.29667 0 0 0 0
1.30333 0 0 0 0
1.31 0 0 0 0
1.31667 0 0 0 0
1.32333 0 0 0 0
1.33 0 0 0 0
1.33667 0 0 0 0
1.34333 0 0 0 0
1.35 0 0 0 0
1.35667 0 0 0 0
1.36333 0 0 0 0
1.37 0 0 0 0
1.37667 0 0 0 0
1.38333 0 0 0 0
1.39 0 0 0 0
1.39667 0 0 0 0
1.40333 0 0 0 0
1.41 0 0 0 0
1.41667 0 0 0 0
1.42333 0 0 0 0
1.43 0 0 0 0
1.43667 0 0 0 0
1.44333 0 0 0 0
1.45 0 0 0 0
1.45667 0 0 0 0
1.46333 0 0 0 0
1.47 0 0 0 0
1.47667 0 0 0 0
1.48333 0 0 0 0
1.49 0 0 0 0
1.49667 0 0 0 0
1.50333 0 0 0 0
1.51 0 0 0 0
1.51667 0 0 0 0
1.52333 0 0 0 0
1.53 0 0 0 0
1.53667 0 0 0 0
1.54333 0 0 0 0
1.55 0 0 0 0
1.55667 0 0 0 0
1.56333 0 0 0 0
1.57 0 0 0 0
1.57667 0 0 0 0
1.58333 0 0 0 0
1.59 0 0 0 0
1.59667 0 0 0 0
1.60333 0 0 0 0
1.61 0 0 0 0
1.61667 0 0 0 0
1.62333 0 0 0 0
1.63 0 0 0 0
1.63667 0 0 0 0
1.64333 0 0 0 0
1.65 0 0 0 0
1.65667 0 0 0 0
1.66333 0 0 0 0
1.67 0 0 0 0
1.67667 0 0 0 0
1.68333 0 0 0 0
1.69 0 0 0 0
1.69667 0 0 0 0
1.70333 0 0 0 0
1.71 0 0 0 0
1.71667 0 0 0 0
1.72333 0 0 0 0
1.73 0 0 0 0
1.73667 0 0 0 0
1.74333 0 0 0 0
1.75 0 0 0 0
1.75667 0 0 0 0
1.76333 0 0 0 0
1.77 0 0 0 0
1.77667 0 0 0 0
1.78333 0 0 0 0
1.79 0 0 0 0
1.79667 0 0 0 0
1.80333 0 0 0 0
1.81 0 0 0 0
1.81667 0 0 0 0
1.82333 0 0 0 0
1.83 0 0 0 0
1.83667 0 0 0 0
1.84333 0 0 0 0
1.85 0 0 0 0
1.85667 0 0 0 0
1.86333 0 0 0 0
1.87 0 0 0 0
1.87667 0 0 0 0
1.88333 0 0 0 0
1.89 0 0 0 0
1.89667 0 0 0 0
1.90333 0 0 0 0
1.91 0 0 0 0
1.91667 0 0 0 0
1.92333 0 0 0 0
1.93 0 0 0 0
1.93667 0 0 0 0
1.94333 0 0 0 0
1.95 0 0 0 0
1.95667 0 0 0 0
1.96333 0 0 0 0
1.97 0 0 0 0
1.97667 0 0 0 0
1.98333 0 0 0 0
1.99 0 0 0 0
1.99667 0 0 0 0
