0.00333333 0 8 114 7
0.01 2 10 97 16
0.0166667 1 13 128 10
0.0233333 5 9 97 14
0.03 1 5 110 12
0.0366667 2 10 129 20
0.0433333 5 15 161 25
0.05 5 15 177 20
0.0566667 4 24 217 34
0.0633333 4 20 247 46
0.07 3 12 265 40
0.0766667 7 22 269 36
0.0833333 6 28 252 45
0.09 8 17 268 36
0.0966667 5 21 248 44
0.103333 3 28 286 38
0.11 4 19 289 22
0.116667 4 22 330 36
0.123333 6 19 331 34
0.13 2 13 286 35
0.136667 4 15 342 34
0.143333 3 13 312 34
0.15 6 24 297 18
0.156667 3 17 285 20
0.163333 1 17 268 25
0.17 2 12 282 26
0.176667 3 22 268 23
0.183333 0 16 285 16
0.19 6 12 339 26
0.196667 1 26 302 24
0.203333 3 14 290 29
0.21 5 15 324 26
0.216667 4 11 262 34
0.223333 5 13 261 18
0.23 2 15 255 19
0.236667 7 7 232 29
0.243333 4 10 257 11
0.25 4 14 206 15
0.256667 3 16 210 25
0.263333 1 7 186 13
0.27 1 13 196 16
0.276667 1 8 173 16
0.283333 4 5 175 16
0.29 1 8 168 18
0.296667 1 10 168 12
0.303333 1 8 181 17
0.31 2 8 168 14
0.316667 1 11 140 19
0.323333 1 6 178 18
0.33 1 9 147 17
0.336667 2 8 160 11
0.343333 1 5 137 10
0.35 1 6 137 13
0.356667 2 13 118 19
0.363333 1 9 139 16
0.37 4 7 127 7
0.376667 1 7 156 15
0.383333 2 7 127 10
0.39 3 3 123 11
0.396667 1 4 128 8
0.403333 0 10 118 12
0.41 4 4 118 9
0.416667 2 5 116 13
0.423333 0 3 112 11
0.43 5 10 103 14
0.436667 1 5 131 8
0.443333 0 8 94 12
0.45 0 2 112 12
0.456667 3 10 128 11
0.463333 2 7 130 10
0.47 3 5 133 14
0.476667 1 2 94 10
0.483333 1 8 71 8
0.49 1 6 60 7
0.496667 1 5 54 12
0.503333 2 4 68 8
0.51 2 5 71 1
0.516667 0 3 49 9
0.523333 2 5 62 9
0.53 2 8 47 7
0.536667 1 2 51 6
0.543333 1 3 46 7
0.55 0 6 50 8
0.556667 1 3 46 5
0.563333 1 6 46 5
0.57 2 7 51 5
0.576667 2 3 38 7
0.583333 1 7 51 9
0.59 1 4 47 4
0.596667 1 5 32 7
0.603333 0 0 44 3
0.61 2 4 41 6
0.616667 1 6 42 8
0.623333 2 3 31 3
0.63 2 9 40 7
0.636667 2 3 45 4
0.643333 3 6 39 3
0.65 0 4 48 2
0.656667 1 4 34 7
0.663333 17 105 5163 178
0.67 0 0 0 0
0.676667 0 0 0 0
0.683333 0 0 0 0
0.69 0 0 0 0
0.696667 0 0 0 0
0.703333 0 0 0 0
0.71 0 0 0 0
0.716667 0 0 0 0
0.723333 0 0 0 0
0.73 0 0 0 0
0.736667 0 0 0 0
0.743333 0 0 0 0
0.75 0 0 0 0
0.756667 0 0 0 0
0.763333 0 0 0 0
0.77 0 0 0 0
0.776667 0 0 0 0
0.783333 0 0 0 0
0.79 0 0 0 0
0.796667 0 0 0 0
0.803333 0 0 0 0
0.81 0 0 0 0
0.816667 0 0 0 0
0.823333 0 0 0 0
0.83 0 0 0 0
0.836667 0 0 0 0
0.843333 0 0 0 0
0.85 0 0 0 0
0.856667 0 0 0 0
0.863333 0 0 0 0
0.87 0 0 0 0
0.876667 0 0 0 0
0.883333 0 0 0 0
0.89 0 0 0 0
0.896667 0 0 0 0
0.903333 0 0 0 0
0.91 0 0 0 0
0.916667 0 0 0 0
0.923333 0 0 0 0
0.93 0 0 0 0
0.936667 0 0 0 0
0.943333 0 0 0 0
0.95 0 0 0 0
0.956667 0 0 0 0
0.963333 0 0 0 0
0.97 0 0 0 0
0.976667 0 0 0 0
0.983333 0 0 0 0
0.99 0 0 0 0
0.996667 0 0 0 0
1.00333 0 0 0 0
1.01 0 0 0 0
1.01667 0 0 0 0
1.02333 0 0 0 0
1.03 0 0 0 0
1.03667 0 0 0 0
1.04333 0 0 0 0
1.05 0 0 0 0
1.05667 0 0 0 0
1.06333 0 0 0 0
1.07 0 0 0 0
1.07667 0 0 0 0
1.08333 0 0 0 0
1.09 0 0 0 0
1.09667 0 0 0 0
1.10333 0 0 0 0
1.11 0 0 0 0
1.11667 0 0 0 0
1.12333 0 0 0 0
1.13 0 0 0 0
1.13667 0 0 0 0
1.14333 0 0 0 0
1.15 0 0 0 0
1.15667 0 0 0 0
1.16333 0 0 0 0
1.17 0 0 0 0
1.17667 0 0 0 0
1.18333 0 0 0 0
1.19 0 0 0 0
1.19667 0 0 0 0
1.20333 0 0 0 0
1.21 0 0 0 0
1.21667 0 0 0 0
1.22333 0 0 0 0
1.23 0 0 0 0
1.23667 0 0 0 0
1.24333 0 0 0 0
1.25 0 0 0 0
1.25667 0 0 0 0
1.26333 0 0 0 0
1.27 0 0 0 0
1.27667 0 0 0 0
1.28333 0 0 0 0
1.29 0 0 0 0
1.29667 0 0 0 0
1.30333 0 0 0 0
1.31 0 0 0 0
1.31667 0 0 0 0
1.32333 0 0 0 0
1.33 0 0 0 0
1.33667 0 0 0 0
1.34333 0 0 0 0
1.35 0 0 0 0
1.35667 0 0 0 0
1.36333 0 0 0 0
1.37 0 0 0 0
1.37667 0 0 0 0
1.38333 0 0 0 0
1.39 0 0 0 0
1.39667 0 0 0 0
1.40333 0 0 0 0
1.41 0 0 0 0
1.41667 0 0 0 0
1.42333 0 0 0 0
1.43 0 0 0 0
1.43667 0 0 0 0
1.44333 0 0 0 0
1.45 0 0 0 0
1.45667 0 0 0 0
1.46333 0 0 0 0
1.47 0 0 0 0
1.47667 0 0 0 0
1.48333 0 0 0 0
1.49 0 0 0 0
1.49667 0 0 0 0
1.50333 0 0 0 0
1.51 0 0 0 0
1.51667 0 0 0 0
1.52333 0 0 0 0
1.53 0 0 0 0
1.53667 0 0 0 0
1.54333 0 0 0 0
1.55 0 0 0 0
1.55667 0 0 0 0
1.56333 0 0 0 0
1.57 0 0 0 0
1.57667 0 0 0 0
1.58333 0 0 0 0
1.59 0 0 0 0
1.59667 0 0 0 0
1.60333 0 0 0 0
1.61 0 0 0 0
1.61667 0 0 0 0
1.62333 0 0 0 0
1.63 0 0 0 0
1.63667 0 0 0 0
1.64333 0 0 0 0
1.65 0 0 0 0
1.65667 0 0 0 0
1.66333 0 0 0 0
1.67 0 0 0 0
1.67667 0 0 0 0
1.68333 0 0 0 0
1.69 0 0 0 0
1.69667 0 0 0 0
1.70333 0 0 0 0
1.71 0 0 0 0
1.71667 0 0 0 0
1.72333 0 0 0 0
1.73 0 0 0 0
1.73667 0 0 0 0
1.74333 0 0 0 0
1.75 0 0 0 0
1.75667 0 0 0 0
1.76333 0 0 0 0
1.77 0 0 0 0
1.77667 0 0 0 0
1.78333 0 0 0 0
1.79 0 0 0 0
1.79667 0 0 0 0
1.80333 0 0 0 0
1.81 0 0 0 0
1.81667 0 0 0 0
1.82333 0 0 0 0
1.83 0 0 0 0
1.83667 0 0 0 0
1.84333 0 0 0 0
1.85 0 0 0 0
1.85667 0 0 0 0
1.86333 0 0 0 0
1.87 0 0 0 0
1.87667 0 0 0 0
1.88333 0 0 0 0
1.89 0 0 0 0
1.89667 0 0 0 0
1.90333 0 0 0 0
1.91 0 0 0 0
1.91667 0 0 0 0
1.92333 0 0 0 0
1.93 0 0 0 0
1.93667 0 0 0 0
1.94333 0 0 0 0
1.95 0 0 0 0
1.95667 0 0 0 0
1.96333 0 0 0 0
1.97 0 0 0 0
1.97667 0 0 0 0
1.98333 0 0 0 0
1.99 0 0 0 0
1.99667 0 0 0 0
