0.00333333 191 6 0 1
0.01 181 11 0 3
0.0166667 188 20 1 6
0.0233333 159 14 0 1
0.03 162 7 0 5
0.0366667 187 19 1 4
0.0433333 213 15 1 3
0.05 212 43 0 1
0.0566667 268 27 0 4
0.0633333 259 47 1 4
0.07 306 45 2 3
0.0766667 325 34 2 4
0.0833333 305 43 2 0
0.09 345 43 0 2
0.0966667 330 46 0 7
0.103333 352 44 1 3
0.11 341 43 2 4
0.116667 352 41 1 5
0.123333 383 32 1 3
0.13 381 30 4 1
0.136667 392 28 2 9
0.143333 360 29 3 7
0.15 382 24 2 5
0.156667 381 29 0 1
0.163333 394 31 3 1
0.17 337 34 2 5
0.176667 379 33 3 4
0.183333 444 29 1 4
0.19 629 25 1 4
0.196667 621 32 1 7
0.203333 583 36 3 7
0.21 519 30 1 4
0.216667 455 27 3 5
0.223333 423 19 1 6
0.23 435 16 3 5
0.236667 327 25 2 2
0.243333 387 23 1 4
0.25 351 19 0 7
0.256667 351 24 0 2
0.263333 266 31 0 4
0.27 303 24 1 5
0.276667 281 23 3 9
0.283333 270 22 4 4
0.29 237 25 1 3
0.296667 251 21 0 4
0.303333 260 21 0 2
0.31 227 19 2 1
0.316667 203 18 0 7
0.323333 198 16 0 4
0.33 232 16 0 1
0.336667 196 30 0 1
0.343333 193 23 2 3
0.35 216 17 1 5
0.356667 185 17 2 3
0.363333 194 18 1 4
0.37 212 24 2 1
0.376667 204 11 2 3
0.383333 195 18 0 6
0.39 195 14 2 4
0.396667 175 8 0 5
0.403333 191 15 1 1
0.41 199 18 2 2
0.416667 197 11 2 5
0.423333 178 12 0 3
0.43 189 19 1 1
0.436667 206 8 0 1
0.443333 189 12 0 4
0.45 204 13 2 1
0.456667 190 11 0 3
0.463333 206 14 0 3
0.47 187 12 2 2
0.476667 139 11 0 3
0.483333 95 12 0 1
0.49 82 12 1 1
0.496667 64 14 0 1
0.503333 82 7 1 1
0.51 71 7 1 0
0.516667 69 10 0 1
0.523333 42 11 0 1
0.53 52 7 0 0
0.536667 59 6 1 1
0.543333 66 10 0 3
0.55 62 10 0 2
0.556667 45 10 0 0
0.563333 44 5 0 2
0.57 50 12 1 1
0.576667 43 10 0 1
0.583333 51 6 0 1
0.59 46 5 0 4
0.596667 45 4 2 3
0.603333 49 7 0 0
0.61 53 8 4 1
0.616667 48 7 0 0
0.623333 44 5 0 1
0.63 52 10 0 0
0.636667 65 10 1 0
0.643333 54 8 1 0
0.65 39 12 1 1
0.656667 36 6 0 1
0.663333 10893 235 11 133
0.67 0 0 0 0
0.676667 0 0 0 0
0.683333 0 0 0 0
0.69 0 0 0 0
0.696667 0 0 0 0
0.703333 0 0 0 0
0.71 0 0 0 0
0.716667 0 0 0 0
0.723333 0 0 0 0
0.73 0 0 0 0
0.736667 0 0 0 0
0.743333 0 0 0 0
0.75 0 0 0 0
0.756667 0 0 0 0
0.763333 0 0 0 0
0.77 0 0 0 0
0.776667 0 0 0 0
0.783333 0 0 0 0
0.79 0 0 0 0
0.796667 0 0 0 0
0.803333 0 0 0 0
0.81 0 0 0 0
0.816667 0 0 0 0
0.823333 0 0 0 0
0.83 0 0 0 0
0.836667 0 0 0 0
0.843333 0 0 0 0
0.85 0 0 0 0
0.856667 0 0 0 0
0.863333 0 0 0 0
0.87 0 0 0 0
0.876667 0 0 0 0
0.883333 0 0 0 0
0.89 0 0 0 0
0.896667 0 0 0 0
0.903333 0 0 0 0
0.91 0 0 0 0
0.916667 0 0 0 0
0.923333 0 0 0 0
0.93 0 0 0 0
0.936667 0 0 0 0
0.943333 0 0 0 0
0.95 0 0 0 0
0.956667 0 0 0 0
0.963333 0 0 0 0
0.97 0 0 0 0
0.976667 0 0 0 0
0.983333 0 0 0 0
0.99 0 0 0 0
0.996667 0 0 0 0
1.00333 0 0 0 0
1.01 0 0 0 0
1.01667 0 0 0 0
1.02333 0 0 0 0
1.03 0 0 0 0
1.03667 0 0 0 0
1.04333 0 0 0 0
1.05 0 0 0 0
1.05667 0 0 0 0
1.06333 0 0 0 0
1.07 0 0 0 0
1.07667 0 0 0 0
1.08333 0 0 0 0
1.09 0 0 0 0
1.09667 0 0 0 0
1.10333 0 0 0 0
1.11 0 0 0 0
1.11667 0 0 0 0
1.12333 0 0 0 0
1.13 0 0 0 0
1.13667 0 0 0 0
1.14333 0 0 0 0
1.15 0 0 0 0
1.15667 0 0 0 0
1.16333 0 0 0 0
1.17 0 0 0 0
1.17667 0 0 0 0
1.18333 0 0 0 0
1.19 0 0 0 0
1.19667 0 0 0 0
1.20333 0 0 0 0
1.21 0 0 0 0
1.21667 0 0 0 0
1.22333 0 0 0 0
1.23 0 0 0 0
1.23667 0 0 0 0
1.24333 0 0 0 0
1.25 0 0 0 0
1.25667 0 0 0 0
1.26333 0 0 0 0
1.27 0 0 0 0
1.27667 0 0 0 0
1.28333 0 0 0 0
1.29 0 0 0 0
1.29667 0 0 0 0
1.30333 0 0 0 0
1.31 0 0 0 0
1.31667 0 0 0 0
1.32333 0 0 0 0
1.33 0 0 0 0
1.33667 0 0 0 0
1.34333 0 0 0 0
1.35 0 0 0 0
1.35667 0 0 0 0
1.36333 0 0 0 0
1.37 0 0 0 0
1.37667 0 0 0 0
1.38333 0 0 0 0
1.39 0 0 0 0
1.39667 0 0 0 0
1.40333 0 0 0 0
1.41 0 0 0 0
1.41667 0 0 0 0
1.42333 0 0 0 0
1.43 0 0 0 0
1.43667 0 0 0 0
1.44333 0 0 0 0
1.45 0 0 0 0
1.45667 0 0 0 0
1.46333 0 0 0 0
1.47 0 0 0 0
1.47667 0 0 0 0
1.48333 0 0 0 0
1.49 0 0 0 0
1.49667 0 0 0 0
1.50333 0 0 0 0
1.51 0 0 0 0
1.51667 0 0 0 0
1.52333 0 0 0 0
1.53 0 0 0 0
1.53667 0 0 0 0
1.54333 0 0 0 0
1.55 0 0 0 0
1.55667 0 0 0 0
1.56333 0 0 0 0
1.57 0 0 0 0
1.57667 0 0 0 0
1.58333 0 0 0 0
1.59 0 0 0 0
1.59667 0 0 0 0
1.60333 0 0 0 0
1.61 0 0 0 0
1.61667 0 0 0 0
1.62333 0 0 0 0
1.63 0 0 0 0
1.63667 0 0 0 0
1.64333 0 0 0 0
1.65 0 0 0 0
1.65667 0 0 0 0
1.66333 0 0 0 0
1.67 0 0 0 0
1.67667 0 0 0 0
1.68333 0 0 0 0
1.69 0 0 0 0
1.69667 0 0 0 0
1.70333 0 0 0 0
1.71 0 0 0 0
1.71667 0 0 0 0
1.72333 0 0 0 0
1.73 0 0 0 0
1.73667 0 0 0 0
1.74333 0 0 0 0
1.75 0 0 0 0
1.75667 0 0 0 0
1.76333 0 0 0 0
1.77 0 0 0 0
1.77667 0 0 0 0
1.78333 0 0 0 0
1.79 0 0 0 0
1.79667 0 0 0 0
1.80333 0 0 0 0
1.81 0 0 0 0
1.81667 0 0 0 0
1.82333 0 0 0 0
1.83 0 0 0 0
1.83667 0 0 0 0
1.84333 0 0 0 0
1.85 0 0 0 0
1.85667 0 0 0 0
1.86333 0 0 0 0
1.87 0 0 0 0
1.87667 0 0 0 0
1.88333 0 0 0 0
1.89 0 0 0 0
1.89667 0 0 0 0
1.90333 0 0 0 0
1.91 0 0 0 0
1.91667 0 0 0 0
1.92333 0 0 0 0
1.93 0 0 0 0
1.93667 0 0 0 0
1.94333 0 0 0 0
1.95 0 0 0 0
1.95667 0 0 0 0
1.96333 0 0 0 0
1.97 0 0 0 0
1.97667 0 0 0 0
1.98333 0 0 0 0
1.99 0 0 0 0
1.99667 0 0 0 0
