0.00333333 5 61 12 0
0.01 12 48 20 3
0.0166667 19 60 12 3
0.0233333 12 47 17 1
0.03 14 64 17 1
0.0366667 21 73 32 3
0.0433333 38 108 33 0
0.05 30 101 30 3
0.0566667 40 147 29 5
0.0633333 54 136 26 3
0.07 55 184 34 4
0.0766667 47 148 35 3
0.0833333 55 166 35 2
0.09 57 156 40 5
0.0966667 48 143 33 3
0.103333 45 179 39 5
0.11 56 134 41 3
0.116667 47 177 43 3
0.123333 45 160 34 5
0.13 25 165 40 5
0.136667 36 150 28 0
0.143333 38 157 37 3
0.15 42 132 41 2
0.156667 32 135 21 2
0.163333 24 119 34 3
0.17 32 119 41 4
0.176667 27 122 31 2
0.183333 32 119 36 2
0.19 32 141 45 4
0.196667 34 140 43 4
0.203333 26 134 45 1
0.21 21 115 43 4
0.216667 21 134 32 1
0.223333 17 122 38 4
0.23 24 135 31 2
0.236667 27 109 22 1
0.243333 32 93 34 3
0.25 30 107 28 4
0.256667 13 97 27 2
0.263333 30 105 31 3
0.27 25 96 21 1
0.276667 22 77 32 0
0.283333 25 88 29 1
0.29 21 75 32 2
0.296667 21 70 25 1
0.303333 23 89 18 0
0.31 21 90 17 0
0.316667 19 68 25 1
0.323333 18 57 24 2
0.33 20 62 26 0
0.336667 20 63 24 3
0.343333 16 83 18 0
0.35 16 62 21 3
0.356667 15 56 20 2
0.363333 17 72 20 1
0.37 11 67 32 1
0.376667 25 64 20 1
0.383333 19 73 21 0
0.39 21 65 23 1
0.396667 12 69 20 1
0.403333 17 67 17 1
0.41 12 51 21 0
0.416667 20 67 33 1
0.423333 16 53 21 0
0.43 12 53 23 2
0.436667 17 62 20 0
0.443333 18 40 19 0
0.45 19 55 18 3
0.456667 16 61 21 2
0.463333 20 49 23 0
0.47 7 44 15 1
0.476667 16 46 13 0
0.483333 13 40 11 0
0.49 12 49 8 0
0.496667 17 50 11 1
0.503333 8 26 14 2
0.51 10 35 6 0
0.516667 8 37 11 2
0.523333 10 27 7 2
0.53 10 34 4 2
0.536667 12 32 11 0
0.543333 4 28 9 2
0.55 7 31 9 1
0.556667 7 31 14 0
0.563333 5 32 9 0
0.57 13 30 9 2
0.576667 5 37 6 1
0.583333 9 29 10 2
0.59 10 31 6 0
0.596667 8 35 6 0
0.603333 5 31 10 0
0.61 5 37 9 1
0.616667 8 23 14 1
0.623333 7 24 4 1
0.63 3 28 6 0
0.636667 8 33 8 0
0.643333 7 19 7 0
0.65 5 25 3 0
0.656667 11 28 2 0
0.663333 184 1629 813 7
0.67 0 0 0 0
0.676667 0 0 0 0
0.683333 0 0 0 0
0.69 0 0 0 0
0.696667 0 0 0 0
0.703333 0 0 0 0
0.71 0 0 0 0
0.716667 0 0 0 0
0.723333 0 0 0 0
0.73 0 0 0 0
0.736667 0 0 0 0
0.743333 0 0 0 0
0.75 0 0 0 0
0.756667 0 0 0 0
0.763333 0 0 0 0
0.77 0 0 0 0
0.776667 0 0 0 0
0.783333 0 0 0 0
0.79 0 0 0 0
0.796667 0 0 0 0
0.803333 0 0 0 0
0.81 0 0 0 0
0.816667 0 0 0 0
0.823333 0 0 0 0
0.83 0 0 0 0
0.836667 0 0 0 0
0.843333 0 0 0 0
0.85 0 0 0 0
0.856667 0 0 0 0
0.863333 0 0 0 0
0.87 0 0 0 0
0.876667 0 0 0 0
0.883333 0 0 0 0
0.89 0 0 0 0
0.896667 0 0 0 0
0.903333 0 0 0 0
0.91 0 0 0 0
0.916667 0 0 0 0
0.923333 0 0 0 0
0.93 0 0 0 0
0.936667 0 0 0 0
0.943333 0 0 0 0
0.95 0 0 0 0
0.956667 0 0 0 0
0.963333 0 0 0 0
0.97 0 0 0 0
0.976667 0 0 0 0
0.983333 0 0 0 0
0.99 0 0 0 0
0.996667 0 0 0 0
1.00333 0 0 0 0
1.01 0 0 0 0
1.01667 0 0 0 0
1.02333 0 0 0 0
1.03 0 0 0 0
1.03667 0 0 0 0
1.04333 0 0 0 0
1.05 0 0 0 0
1.05667 0 0 0 0
1.06333 0 0 0 0
1.07 0 0 0 0
1.07667 0 0 0 0
1.08333 0 0 0 0
1.09 0 0 0 0
1.09667 0 0 0 0
1.10333 0 0 0 0
1.11 0 0 0 0
1.11667 0 0 0 0
1.12333 0 0 0 0
1.13 0 0 0 0
1.13667 0 0 0 0
1.14333 0 0 0 0
1.15 0 0 0 0
1.15667 0 0 0 0
1.16333 0 0 0 0
1.17 0 0 0 0
1.17667 0 0 0 0
1.18333 0 0 0 0
1.19 0 0 0 0
1.19667 0 0 0 0
1.20333 0 0 0 0
1.21 0 0 0 0
1.21667 0 0 0 0
1.22333 0 0 0 0
1.23 0 0 0 0
1.23667 0 0 0 0
1.24333 0 0 0 0
1.25 0 0 0 0
1.25667 0 0 0 0
1.26333 0 0 0 0
1.27 0 0 0 0
1.27667 0 0 0 0
1.28333 0 0 0 0
1.29 0 0 0 0
1.29667 0 0 0 0
1.30333 0 0 0 0
1.31 0 0 0 0
1.31667 0 0 0 0
1.32333 0 0 0 0
1.33 0 0 0 0
1.33667 0 0 0 0
1.34333 0 0 0 0
1.35 0 0 0 0
1.35667 0 0 0 0
1.36333 0 0 0 0
1.37 0 0 0 0
1.37667 0 0 0 0
1.38333 0 0 0 0
1.39 0 0 0 0
1.39667 0 0 0 0
1.40333 0 0 0 0
1.41 0 0 0 0
1.41667 0 0 0 0
1.42333 0 0 0 0
1.43 0 0 0 0
1.43667 0 0 0 0
1.44333 0 0 0 0
1.45 0 0 0 0
1.45667 0 0 0 0
1.46333 0 0 0 0
1.47 0 0 0 0
1.47667 0 0 0 0
1.48333 0 0 0 0
1.49 0 0 0 0
1.49667 0 0 0 0
1.50333 0 0 0 0
1.51 0 0 0 0
1.51667 0 0 0 0
1.52333 0 0 0 0
1.53 0 0 0 0
1.53667 0 0 0 0
1.54333 0 0 0 0
1.55 0 0 0 0
1.55667 0 0 0 0
1.56333 0 0 0 0
1.57 0 0 0 0
1.57667 0 0 0 0
1.58333 0 0 0 0
1.59 0 0 0 0
1.59667 0 0 0 0
1.60333 0 0 0 0
1.61 0 0 0 0
1.61667 0 0 0 0
1.62333 0 0 0 0
1.63 0 0 0 0
1.63667 0 0 0 0
1.64333 0 0 0 0
1.65 0 0 0 0
1.65667 0 0 0 0
1.66333 0 0 0 0
1.67 0 0 0 0
1.67667 0 0 0 0
1.68333 0 0 0 0
1.69 0 0 0 0
1.69667 0 0 0 0
1.70333 0 0 0 0
1.71 0 0 0 0
1.71667 0 0 0 0
1.72333 0 0 0 0
1.73 0 0 0 0
1.73667 0 0 0 0
1.74333 0 0 0 0
1.75 0 0 0 0
1.75667 0 0 0 0
1.76333 0 0 0 0
1.77 0 0 0 0
1.77667 0 0 0 0
1.78333 0 0 0 0
1.79 0 0 0 0
1.79667 0 0 0 0
1.80333 0 0 0 0
1.81 0 0 0 0
1.81667 0 0 0 0
1.82333 0 0 0 0
1.83 0 0 0 0
1.83667 0 0 0 0
1.84333 0 0 0 0
1.85 0 0 0 0
1.85667 0 0 0 0
1.86333 0 0 0 0
1.87 0 0 0 0
1.87667 0 0 0 0
1.88333 0 0 0 0
1.89 0 0 0 0
1.89667 0 0 0 0
1.90333 0 0 0 0
1.91 0 0 0 0
1.91667 0 0 0 0
1.92333 0 0 0 0
1.93 0 0 0 0
1.93667 0 0 0 0
1.94333 0 0 0 0
1.95 0 0 0 0
1.95667 0 0 0 0
1.96333 0 0 0 0
1.97 0 0 0 0
1.97667 0 0 0 0
1.98333 0 0 0 0
1.99 0 0 0 0
1.99667 0 0 0 0
