0.00333333 19 56 7 4
0.01 25 73 11 11
0.0166667 26 60 14 5
0.0233333 30 68 14 9
0.03 27 72 11 8
0.0366667 28 97 20 10
0.0433333 31 114 25 7
0.05 52 123 24 15
0.0566667 49 145 33 15
0.0633333 53 180 42 13
0.07 56 183 43 14
0.0766667 82 184 28 12
0.0833333 69 192 43 12
0.09 80 201 39 11
0.0966667 63 185 38 16
0.103333 70 197 29 22
0.11 76 178 40 15
0.116667 81 206 41 26
0.123333 62 192 33 13
0.13 82 176 22 18
0.136667 55 203 22 24
0.143333 62 141 18 14
0.15 66 189 24 14
0.156667 64 141 15 13
0.163333 56 136 21 17
0.17 53 164 16 11
0.176667 65 170 25 11
0.183333 65 144 23 18
0.19 78 180 18 17
0.196667 73 189 24 23
0.203333 67 148 17 24
0.21 51 157 19 24
0.216667 42 174 25 18
0.223333 44 138 20 16
0.23 55 130 17 10
0.236667 56 125 20 11
0.243333 38 111 12 8
0.25 31 120 12 11
0.256667 45 98 8 12
0.263333 37 116 19 16
0.27 41 112 9 12
0.276667 40 87 16 8
0.283333 41 102 14 10
0.29 40 112 12 9
0.296667 32 87 20 8
0.303333 36 93 14 10
0.31 32 85 17 12
0.316667 36 95 13 10
0.323333 35 100 15 16
0.33 35 91 10 12
0.336667 30 73 13 10
0.343333 27 72 9 13
0.35 35 79 11 12
0.356667 32 64 11 8
0.363333 26 67 12 3
0.37 29 64 9 7
0.376667 28 65 5 11
0.383333 25 59 12 9
0.39 30 77 14 7
0.396667 25 76 8 10
0.403333 20 78 8 9
0.41 18 58 7 7
0.416667 29 61 12 12
0.423333 18 70 8 6
0.43 19 51 7 13
0.436667 23 71 6 8
0.443333 27 66 5 9
0.45 23 64 11 13
0.456667 25 58 8 8
0.463333 26 57 13 10
0.47 33 57 10 9
0.476667 21 52 8 6
0.483333 9 38 5 11
0.49 16 35 11 5
0.496667 21 37 7 3
0.503333 20 28 7 4
0.51 12 35 4 5
0.516667 11 34 5 3
0.523333 17 31 5 2
0.53 19 27 5 2
0.536667 17 30 4 2
0.543333 17 39 9 4
0.55 12 27 5 6
0.556667 11 34 7 4
0.563333 14 40 1 1
0.57 7 30 10 5
0.576667 21 29 7 5
0.583333 17 44 6 3
0.59 6 39 6 2
0.596667 12 28 7 5
0.603333 11 31 9 4
0.61 10 29 6 6
0.616667 14 25 4 5
0.623333 8 29 4 4
0.63 12 30 2 8
0.636667 9 34 5 4
0.643333 10 30 4 2
0.65 15 36 4 6
0.656667 5 18 2 4
0.663333 836 1823 145 278
0.67 0 0 0 0
0.676667 0 0 0 0
0.683333 0 0 0 0
0.69 0 0 0 0
0.696667 0 0 0 0
0.703333 0 0 0 0
0.71 0 0 0 0
0.716667 0 0 0 0
0.723333 0 0 0 0
0.73 0 0 0 0
0.736667 0 0 0 0
0.743333 0 0 0 0
0.75 0 0 0 0
0.756667 0 0 0 0
0.763333 0 0 0 0
0.77 0 0 0 0
0.776667 0 0 0 0
0.783333 0 0 0 0
0.79 0 0 0 0
0.796667 0 0 0 0
0.803333 0 0 0 0
0.81 0 0 0 0
0.816667 0 0 0 0
0.823333 0 0 0 0
0.83 0 0 0 0
0.836667 0 0 0 0
0.843333 0 0 0 0
0.85 0 0 0 0
0.856667 0 0 0 0
0.863333 0 0 0 0
0.87 0 0 0 0
0.876667 0 0 0 0
0.883333 0 0 0 0
0.89 0 0 0 0
0.896667 0 0 0 0
0.903333 0 0 0 0
0.91 0 0 0 0
0.916667 0 0 0 0
0.923333 0 0 0 0
0.93 0 0 0 0
0.936667 0 0 0 0
0.943333 0 0 0 0
0.95 0 0 0 0
0.956667 0 0 0 0
0.963333 0 0 0 0
0.97 0 0 0 0
0.976667 0 0 0 0
0.983333 0 0 0 0
0.99 0 0 0 0
0.996667 0 0 0 0
1.00333 0 0 0 0
1.01 0 0 0 0
1.01667 0 0 0 0
1.02333 0 0 0 0
1.03 0 0 0 0
1.03667 0 0 0 0
1.04333 0 0 0 0
1.05 0 0 0 0
1.05667 0 0 0 0
1.06333 0 0 0 0
1.07 0 0 0 0
1.07667 0 0 0 0
1.08333 0 0 0 0
1.09 0 0 0 0
1.09667 0 0 0 0
1.10333 0 0 0 0
1.11 0 0 0 0
1.11667 0 0 0 0
1.12333 0 0 0 0
1.13 0 0 0 0
1.13667 0 0 0 0
1.14333 0 0 0 0
1.15 0 0 0 0
1.15667 0 0 0 0
1.16333 0 0 0 0
1.17 0 0 0 0
1.17667 0 0 0 0
1.18333 0 0 0 0
1.19 0 0 0 0
1.19667 0 0 0 0
1.20333 0 0 0 0
1.21 0 0 0 0
1.21667 0 0 0 0
1.22333 0 0 0 0
1.23 0 0 0 0
1.23667 0 0 0 0
1.24333 0 0 0 0
1.25 0 0 0 0
1.25667 0 0 0 0
1.26333 0 0 0 0
1.27 0 0 0 0
1.27667 0 0 0 0
1.28333 0 0 0 0
1.29 0 0 0 0
1.29667 0 0 0 0
1.30333 0 0 0 0
1.31 0 0 0 0
1.31667 0 0 0 0
1.32333 0 0 0 0
1.33 0 0 0 0
1.33667 0 0 0 0
1.34333 0 0 0 0
1.35 0 0 0 0
1.35667 0 0 0 0
1.36333 0 0 0 0
1.37 0 0 0 0
1.37667 0 0 0 0
1.38333 0 0 0 0
1.39 0 0 0 0
1.39667 0 0 0 0
1.40333 0 0 0 0
1.41 0 0 0 0
1.41667 0 0 0 0
1.42333 0 0 0 0
1.43 0 0 0 0
1.43667 0 0 0 0
1.44333 0 0 0 0
1.45 0 0 0 0
1.45667 0 0 0 0
1.46333 0 0 0 0
1.47 0 0 0 0
1.47667 0 0 0 0
1.48333 0 0 0 0
1.49 0 0 0 0
1.49667 0 0 0 0
1.50333 0 0 0 0
1.51 0 0 0 0
1.51667 0 0 0 0
1.52333 0 0 0 0
1.53 0 0 0 0
1.53667 0 0 0 0
1.54333 0 0 0 0
1.55 0 0 0 0
1.55667 0 0 0 0
1.56333 0 0 0 0
1.57 0 0 0 0
1.57667 0 0 0 0
1.58333 0 0 0 0
1.59 0 0 0 0
1.59667 0 0 0 0
1.60333 0 0 0 0
1.61 0 0 0 0
1.61667 0 0 0 0
1.62333 0 0 0 0
1.63 0 0 0 0
1.63667 0 0 0 0
1.64333 0 0 0 0
1.65 0 0 0 0
1.65667 0 0 0 0
1.66333 0 0 0 0
1.67 0 0 0 0
1.67667 0 0 0 0
1.68333 0 0 0 0
1.69 0 0 0 0
1.69667 0 0 0 0
1.70333 0 0 0 0
1.71 0 0 0 0
1.71667 0 0 0 0
1.72333 0 0 0 0
1.73 0 0 0 0
1.73667 0 0 0 0
1.74333 0 0 0 0
1.75 0 0 0 0
1.75667 0 0 0 0
1.76333 0 0 0 0
1.77 0 0 0 0
1.77667 0 0 0 0
1.78333 0 0 0 0
1.79 0 0 0 0
1.79667 0 0 0 0
1.80333 0 0 0 0
1.81 0 0 0 0
1.81667 0 0 0 0
1.82333 0 0 0 0
1.83 0 0 0 0
1.83667 0 0 0 0
1.84333 0 0 0 0
1.85 0 0 0 0
1.85667 0 0 0 0
1.86333 0 0 0 0
1.87 0 0 0 0
1.87667 0 0 0 0
1.88333 0 0 0 0
1.89 0 0 0 0
1.89667 0 0 0 0
1.90333 0 0 0 0
1.91 0 0 0 0
1.91667 0 0 0 0
1.92333 0 0 0 0
1.93 0 0 0 0
1.93667 0 0 0 0
1.94333 0 0 0 0
1.95 0 0 0 0
1.95667 0 0 0 0
1.96333 0 0 0 0
1.97 0 0 0 0
1.97667 0 0 0 0
1.98333 0 0 0 0
1.99 0 0 0 0
1.99667 0 0 0 0
