0.00333333 17 64 5 0
0.01 26 86 7 1
0.0166667 23 75 4 0
0.0233333 26 95 7 0
0.03 29 84 6 0
0.0366667 48 96 4 0
0.0433333 62 134 4 1
0.05 61 140 4 0
0.0566667 86 169 7 2
0.0633333 81 148 6 2
0.07 83 159 5 3
0.0766667 102 192 3 2
0.0833333 86 166 13 0
0.09 99 171 6 1
0.0966667 99 196 6 1
0.103333 89 155 6 1
0.11 81 203 4 0
0.116667 91 228 9 1
0.123333 83 193 5 2
0.13 89 204 7 1
0.136667 86 205 6 2
0.143333 71 176 7 0
0.15 67 186 10 0
0.156667 52 198 3 0
0.163333 69 197 5 1
0.17 81 208 8 1
0.176667 46 179 15 0
0.183333 56 219 6 0
0.19 60 274 18 1
0.196667 59 235 5 2
0.203333 51 254 7 1
0.21 57 223 8 1
0.216667 67 218 7 0
0.223333 46 204 8 1
0.23 68 171 7 0
0.236667 57 178 8 1
0.243333 36 160 8 1
0.25 53 157 3 0
0.256667 52 177 5 0
0.263333 50 147 5 0
0.27 42 118 5 0
0.276667 36 142 8 0
0.283333 34 128 4 0
0.29 41 108 4 2
0.296667 39 146 0 1
0.303333 21 136 7 0
0.31 40 117 7 1
0.316667 46 121 5 0
0.323333 38 114 3 1
0.33 32 97 4 1
0.336667 34 101 4 3
0.343333 33 98 4 0
0.35 36 102 7 0
0.356667 30 93 6 2
0.363333 29 111 7 0
0.37 30 109 7 0
0.376667 35 92 7 0
0.383333 26 85 6 0
0.39 22 103 4 0
0.396667 28 105 4 1
0.403333 33 89 7 1
0.41 27 95 4 0
0.416667 35 84 6 2
0.423333 33 93 8 0
0.43 19 94 6 0
0.436667 21 77 2 0
0.443333 33 90 3 1
0.45 24 93 7 0
0.456667 25 69 7 3
0.463333 29 93 5 1
0.47 18 93 2 1
0.476667 26 88 3 0
0.483333 16 56 1 1
0.49 20 51 4 0
0.496667 23 40 4 0
0.503333 14 32 2 0
0.51 23 26 5 0
0.516667 21 34 4 2
0.523333 15 40 4 0
0.53 15 39 1 0
0.536667 23 41 2 1
0.543333 16 21 5 0
0.55 14 32 2 0
0.556667 15 36 0 0
0.563333 22 39 5 0
0.57 19 28 5 0
0.576667 22 28 1 0
0.583333 14 26 5 1
0.59 18 24 0 0
0.596667 13 31 4 1
0.603333 17 30 4 1
0.61 18 16 2 0
0.616667 13 25 2 0
0.623333 19 23 4 0
0.63 18 25 1 0
0.636667 20 36 2 0
0.643333 15 18 2 0
0.65 14 15 2 0
0.656667 20 22 4 0
0.663333 592 4383 101 6
0.67 0 0 0 0
0.676667 0 0 0 0
0.683333 0 0 0 0
0.69 0 0 0 0
0.696667 0 0 0 0
0.703333 0 0 0 0
0.71 0 0 0 0
0.716667 0 0 0 0
0.723333 0 0 0 0
0.73 0 0 0 0
0.736667 0 0 0 0
0.743333 0 0 0 0
0.75 0 0 0 0
0.756667 0 0 0 0
0.763333 0 0 0 0
0.77 0 0 0 0
0.776667 0 0 0 0
0.783333 0 0 0 0
0.79 0 0 0 0
0.796667 0 0 0 0
0.803333 0 0 0 0
0.81 0 0 0 0
0.816667 0 0 0 0
0.823333 0 0 0 0
0.83 0 0 0 0
0.836667 0 0 0 0
0.843333 0 0 0 0
0.85 0 0 0 0
0.856667 0 0 0 0
0.863333 0 0 0 0
0.87 0 0 0 0
0.876667 0 0 0 0
0.883333 0 0 0 0
0.89 0 0 0 0
0.896667 0 0 0 0
0.903333 0 0 0 0
0.91 0 0 0 0
0.916667 0 0 0 0
0.923333 0 0 0 0
0.93 0 0 0 0
0.936667 0 0 0 0
0.943333 0 0 0 0
0.95 0 0 0 0
0.956667 0 0 0 0
0.963333 0 0 0 0
0.97 0 0 0 0
0.976667 0 0 0 0
0.983333 0 0 0 0
0.99 0 0 0 0
0.996667 0 0 0 0
1.00333 0 0 0 0
1.01 0 0 0 0
1.01667 0 0 0 0
1.02333 0 0 0 0
1.03 0 0 0 0
1.03667 0 0 0 0
1.04333 0 0 0 0
1.05 0 0 0 0
1.05667 0 0 0 0
1.06333 0 0 0 0
1.07 0 0 0 0
1.07667 0 0 0 0
1.08333 0 0 0 0
1.09 0 0 0 0
1.09667 0 0 0 0
1.10333 0 0 0 0
1.11 0 0 0 0
1.11667 0 0 0 0
1.12333 0 0 0 0
1.13 0 0 0 0
1.13667 0 0 0 0
1.14333 0 0 0 0
1.15 0 0 0 0
1.15667 0 0 0 0
1.16333 0 0 0 0
1.17 0 0 0 0
1.17667 0 0 0 0
1.18333 0 0 0 0
1.19 0 0 0 0
1.19667 0 0 0 0
1.20333 0 0 0 0
1.21 0 0 0 0
1.21667 0 0 0 0
1.22333 0 0 0 0
1.23 0 0 0 0
1.23667 0 0 0 0
1.24333 0 0 0 0
1.25 0 0 0 0
1.25667 0 0 0 0
1.26333 0 0 0 0
1.27 0 0 0 0
1.27667 0 0 0 0
1.28333 0 0 0 0
1.29 0 0 0 0
1.29667 0 0 0 0
1.30333 0 0 0 0
1.31 0 0 0 0
1.31667 0 0 0 0
1.32333 0 0 0 0
1.33 0 0 0 0
1.33667 0 0 0 0
1.34333 0 0 0 0
1.35 0 0 0 0
1.35667 0 0 0 0
1.36333 0 0 0 0
1.37 0 0 0 0
1.37667 0 0 0 0
1.38333 0 0 0 0
1.39 0 0 0 0
1.39667 0 0 0 0
1.40333 0 0 0 0
1.41 0 0 0 0
1.41667 0 0 0 0
1.42333 0 0 0 0
1.43 0 0 0 0
1.43667 0 0 0 0
1.44333 0 0 0 0
1.45 0 0 0 0
1.45667 0 0 0 0
1.46333 0 0 0 0
1.47 0 0 0 0
1.47667 0 0 0 0
1.48333 0 0 0 0
1.49 0 0 0 0
1.49667 0 0 0 0
1.50333 0 0 0 0
1.51 0 0 0 0
1.51667 0 0 0 0
1.52333 0 0 0 0
1.53 0 0 0 0
1.53667 0 0 0 0
1.54333 0 0 0 0
1.55 0 0 0 0
1.55667 0 0 0 0
1.56333 0 0 0 0
1.57 0 0 0 0
1.57667 0 0 0 0
1.58333 0 0 0 0
1.59 0 0 0 0
1.59667 0 0 0 0
1.60333 0 0 0 0
1.61 0 0 0 0
1.61667 0 0 0 0
1.62333 0 0 0 0
1.63 0 0 0 0
1.63667 0 0 0 0
1.64333 0 0 0 0
1.65 0 0 0 0
1.65667 0 0 0 0
1.66333 0 0 0 0
1.67 0 0 0 0
1.67667 0 0 0 0
1.68333 0 0 0 0
1.69 0 0 0 0
1.69667 0 0 0 0
1.70333 0 0 0 0
1.71 0 0 0 0
1.71667 0 0 0 0
1.72333 0 0 0 0
1.73 0 0 0 0
1.73667 0 0 0 0
1.74333 0 0 0 0
1.75 0 0 0 0
1.75667 0 0 0 0
1.76333 0 0 0 0
1.77 0 0 0 0
1.77667 0 0 0 0
1.78333 0 0 0 0
1.79 0 0 0 0
1.79667 0 0 0 0
1.80333 0 0 0 0
1.81 0 0 0 0
1.81667 0 0 0 0
1.82333 0 0 0 0
1.83 0 0 0 0
1.83667 0 0 0 0
1.84333 0 0 0 0
1.85 0 0 0 0
1.85667 0 0 0 0
1.86333 0 0 0 0
1.87 0 0 0 0
1.87667 0 0 0 0
1.88333 0 0 0 0
1.89 0 0 0 0
1.89667 0 0 0 0
1.90333 0 0 0 0
1.91 0 0 0 0
1.91667 0 0 0 0
1.92333 0 0 0 0
1.93 0 0 0 0
1.93667 0 0 0 0
1.94333 0 0 0 0
1.95 0 0 0 0
1.95667 0 0 0 0
1.96333 0 0 0 0
1.97 0 0 0 0
1.97667 0 0 0 0
1.98333 0 0 0 0
1.99 0 0 0 0
1.99667 0 0 0 0
