0.00333333 0 30 42 2
0.01 2 29 63 8
0.0166667 7 48 54 11
0.0233333 5 33 50 7
0.03 1 41 59 7
0.0366667 3 43 64 9
0.0433333 11 51 102 11
0.05 2 59 96 23
0.0566667 8 62 102 22
0.0633333 13 80 116 21
0.07 11 74 116 25
0.0766667 7 79 133 24
0.0833333 7 80 113 24
0.09 5 84 137 27
0.0966667 7 74 128 22
0.103333 9 80 151 26
0.11 9 75 163 16
0.116667 5 89 137 23
0.123333 11 92 159 24
0.13 5 92 140 19
0.136667 9 85 134 18
0.143333 6 96 135 26
0.15 5 77 106 14
0.156667 3 90 103 18
0.163333 7 88 107 20
0.17 4 80 121 20
0.176667 8 68 126 18
0.183333 6 105 101 23
0.19 8 104 112 16
0.196667 5 92 127 16
0.203333 9 104 101 17
0.21 6 108 116 13
0.216667 7 65 87 17
0.223333 7 87 119 11
0.23 5 73 118 13
0.236667 6 66 102 15
0.243333 2 66 103 16
0.25 9 62 97 13
0.256667 4 60 87 7
0.263333 1 55 78 13
0.27 0 58 81 12
0.276667 3 61 79 15
0.283333 5 59 71 16
0.29 6 58 64 10
0.296667 3 42 71 13
0.303333 7 43 65 10
0.31 2 58 71 13
0.316667 4 48 70 8
0.323333 2 57 58 5
0.33 3 49 66 6
0.336667 5 49 61 11
0.343333 2 59 69 8
0.35 1 37 67 5
0.356667 4 55 43 15
0.363333 2 32 51 13
0.37 4 50 58 12
0.376667 5 46 58 7
0.383333 4 48 54 7
0.39 4 36 49 11
0.396667 5 55 52 13
0.403333 1 40 49 12
0.41 3 47 47 12
0.416667 2 43 50 4
0.423333 6 45 56 11
0.43 2 42 55 6
0.436667 2 42 48 8
0.443333 3 40 56 7
0.45 6 31 60 5
0.456667 4 30 55 8
0.463333 5 45 47 9
0.47 0 54 50 8
0.476667 0 40 48 6
0.483333 2 21 33 5
0.49 4 16 28 6
0.496667 1 25 38 3
0.503333 3 26 27 5
0.51 2 19 31 2
0.516667 1 18 29 3
0.523333 1 17 30 2
0.53 0 15 29 3
0.536667 4 17 18 3
0.543333 2 14 26 2
0.55 1 12 36 2
0.556667 1 10 25 6
0.563333 3 17 25 2
0.57 2 15 29 5
0.576667 0 11 25 3
0.583333 4 16 31 5
0.59 0 15 31 6
0.596667 5 18 24 7
0.603333 1 14 17 5
0.61 3 8 19 5
0.616667 3 9 22 2
0.623333 1 5 36 8
0.63 3 10 27 5
0.636667 1 20 31 5
0.643333 1 9 21 4
0.65 4 11 38 5
0.656667 1 11 23 4
0.663333 44 1800 1626 153
0.67 0 0 0 0
0.676667 0 0 0 0
0.683333 0 0 0 0
0.69 0 0 0 0
0.696667 0 0 0 0
0.703333 0 0 0 0
0.71 0 0 0 0
0.716667 0 0 0 0
0.723333 0 0 0 0
0.73 0 0 0 0
0.736667 0 0 0 0
0.743333 0 0 0 0
0.75 0 0 0 0
0.756667 0 0 0 0
0.763333 0 0 0 0
0.77 0 0 0 0
0.776667 0 0 0 0
0.783333 0 0 0 0
0.79 0 0 0 0
0.796667 0 0 0 0
0.803333 0 0 0 0
0.81 0 0 0 0
0.816667 0 0 0 0
0.823333 0 0 0 0
0.83 0 0 0 0
0.836667 0 0 0 0
0.843333 0 0 0 0
0.85 0 0 0 0
0.856667 0 0 0 0
0.863333 0 0 0 0
0.87 0 0 0 0
0.876667 0 0 0 0
0.883333 0 0 0 0
0.89 0 0 0 0
0.896667 0 0 0 0
0.903333 0 0 0 0
0.91 0 0 0 0
0.916667 0 0 0 0
0.923333 0 0 0 0
0.93 0 0 0 0
0.936667 0 0 0 0
0.943333 0 0 0 0
0.95 0 0 0 0
0.956667 0 0 0 0
0.963333 0 0 0 0
0.97 0 0 0 0
0.976667 0 0 0 0
0.983333 0 0 0 0
0.99 0 0 0 0
0.996667 0 0 0 0
1.00333 0 0 0 0
1.01 0 0 0 0
1.01667 0 0 0 0
1.02333 0 0 0 0
1.03 0 0 0 0
1.03667 0 0 0 0
1.04333 0 0 0 0
1.05 0 0 0 0
1.05667 0 0 0 0
1.06333 0 0 0 0
1.07 0 0 0 0
1.07667 0 0 0 0
1.08333 0 0 0 0
1.09 0 0 0 0
1.09667 0 0 0 0
1.10333 0 0 0 0
1.11 0 0 0 0
1.11667 0 0 0 0
1.12333 0 0 0 0
1.13 0 0 0 0
1.13667 0 0 0 0
1.14333 0 0 0 0
1.15 0 0 0 0
1.15667 0 0 0 0
1.16333 0 0 0 0
1.17 0 0 0 0
1.17667 0 0 0 0
1.18333 0 0 0 0
1.19 0 0 0 0
1.19667 0 0 0 0
1.20333 0 0 0 0
1.21 0 0 0 0
1.21667 0 0 0 0
1.22333 0 0 0 0
1.23 0 0 0 0
1.23667 0 0 0 0
1.24333 0 0 0 0
1.25 0 0 0 0
1.25667 0 0 0 0
1.26333 0 0 0 0
1.27 0 0 0 0
1.27667 0 0 0 0
1.28333 0 0 0 0
1.29 0 0 0 0
1.29667 0 0 0 0
1.30333 0 0 0 0
1.31 0 0 0 0
1.31667 0 0 0 0
1.32333 0 0 0 0
1.33 0 0 0 0
1.33667 0 0 0 0
1.34333 0 0 0 0
1.35 0 0 0 0
1.35667 0 0 0 0
1.36333 0 0 0 0
1.37 0 0 0 0
1.37667 0 0 0 0
1.38333 0 0 0 0
1.39 0 0 0 0
1.39667 0 0 0 0
1.40333 0 0 0 0
1.41 0 0 0 0
1.41667 0 0 0 0
1.42333 0 0 0 0
1.43 0 0 0 0
1.43667 0 0 0 0
1.44333 0 0 0 0
1.45 0 0 0 0
1.45667 0 0 0 0
1.46333 0 0 0 0
1.47 0 0 0 0
1.47667 0 0 0 0
1.48333 0 0 0 0
1.49 0 0 0 0
1.49667 0 0 0 0
1.50333 0 0 0 0
1.51 0 0 0 0
1.51667 0 0 0 0
1.52333 0 0 0 0
1.53 0 0 0 0
1.53667 0 0 0 0
1.54333 0 0 0 0
1.55 0 0 0 0
1.55667 0 0 0 0
1.56333 0 0 0 0
1.57 0 0 0 0
1.57667 0 0 0 0
1.58333 0 0 0 0
1.59 0 0 0 0
1.59667 0 0 0 0
1.60333 0 0 0 0
1.61 0 0 0 0
1.61667 0 0 0 0
1.62333 0 0 0 0
1.63 0 0 0 0
1.63667 0 0 0 0
1.64333 0 0 0 0
1.65 0 0 0 0
1.65667 0 0 0 0
1.66333 0 0 0 0
1.67 0 0 0 0
1.67667 0 0 0 0
1.68333 0 0 0 0
1.69 0 0 0 0
1.69667 0 0 0 0
1.70333 0 0 0 0
1.71 0 0 0 0
1.71667 0 0 0 0
1.72333 0 0 0 0
1.73 0 0 0 0
1.73667 0 0 0 0
1.74333 0 0 0 0
1.75 0 0 0 0
1.75667 0 0 0 0
1.76333 0 0 0 0
1.77 0 0 0 0
1.77667 0 0 0 0
1.78333 0 0 0 0
1.79 0 0 0 0
1.79667 0 0 0 0
1.80333 0 0 0 0
1.81 0 0 0 0
1.81667 0 0 0 0
1.82333 0 0 0 0
1.83 0 0 0 0
1.83667 0 0 0 0
1.84333 0 0 0 0
1.85 0 0 0 0
1.85667 0 0 0 0
1.86333 0 0 0 0
1.87 0 0 0 0
1.87667 0 0 0 0
1.88333 0 0 0 0
1.89 0 0 0 0
1.89667 0 0 0 0
1.90333 0 0 0 0
1.91 0 0 0 0
1.91667 0 0 0 0
1.92333 0 0 0 0
1.93 0 0 0 0
1.93667 0 0 0 0
1.94333 0 0 0 0
1.95 0 0 0 0
1.95667 0 0 0 0
1.96333 0 0 0 0
1.97 0 0 0 0
1.97667 0 0 0 0
1.98333 0 0 0 0
1.99 0 0 0 0
1.99667 0 0 0 0
