0.00333333 1 5 102 13
0.01 0 5 106 19
0.0166667 1 3 96 26
0.0233333 3 4 120 28
0.03 2 4 132 17
0.0366667 0 4 120 38
0.0433333 0 3 175 33
0.05 1 13 199 59
0.0566667 1 12 232 65
0.0633333 2 11 230 62
0.07 0 14 242 92
0.0766667 3 3 285 70
0.0833333 0 13 303 77
0.09 5 11 306 64
0.0966667 0 10 288 61
0.103333 5 11 282 63
0.11 1 15 309 72
0.116667 1 11 334 65
0.123333 3 12 344 58
0.13 1 10 345 72
0.136667 4 5 305 61
0.143333 3 8 289 53
0.15 3 20 312 44
0.156667 1 7 284 47
0.163333 0 11 347 59
0.17 2 15 274 38
0.176667 1 7 293 36
0.183333 3 3 299 42
0.19 4 9 326 46
0.196667 6 15 315 56
0.203333 1 5 361 40
0.21 0 3 305 46
0.216667 3 8 309 49
0.223333 0 7 289 52
0.23 3 7 276 39
0.236667 1 6 231 42
0.243333 2 5 248 29
0.25 4 10 225 35
0.256667 0 3 196 35
0.263333 1 11 212 39
0.27 0 5 208 29
0.276667 3 3 181 21
0.283333 2 2 177 30
0.29 4 6 173 39
0.296667 1 7 177 30
0.303333 2 5 158 29
0.31 4 5 167 22
0.316667 1 6 135 27
0.323333 1 8 132 22
0.33 0 6 158 23
0.336667 0 4 139 34
0.343333 4 3 159 20
0.35 0 5 145 29
0.356667 3 5 136 23
0.363333 1 4 125 22
0.37 0 3 130 25
0.376667 0 4 142 29
0.383333 1 0 119 22
0.39 1 2 119 23
0.396667 1 8 134 16
0.403333 2 2 106 21
0.41 2 3 121 20
0.416667 0 4 129 20
0.423333 0 6 131 17
0.43 1 5 122 20
0.436667 0 3 116 18
0.443333 2 6 108 12
0.45 2 2 120 24
0.456667 0 7 152 21
0.463333 0 4 125 28
0.47 1 5 129 18
0.476667 0 4 116 18
0.483333 0 4 62 10
0.49 0 1 73 15
0.496667 2 1 45 5
0.503333 0 3 62 19
0.51 1 4 60 12
0.516667 1 3 62 11
0.523333 0 2 48 16
0.53 0 1 65 15
0.536667 2 1 42 15
0.543333 0 3 45 15
0.55 0 3 55 10
0.556667 0 3 50 9
0.563333 0 4 54 15
0.57 1 1 37 14
0.576667 1 2 37 7
0.583333 2 3 48 13
0.59 1 2 44 6
0.596667 3 2 54 7
0.603333 0 2 45 11
0.61 0 1 42 12
0.616667 0 5 32 13
0.623333 0 4 49 4
0.63 0 3 42 13
0.636667 0 0 63 11
0.643333 1 1 30 7
0.65 2 0 43 7
0.656667 1 5 46 11
0.663333 14 47 4888 311
0.67 0 0 0 0
0.676667 0 0 0 0
0.683333 0 0 0 0
0.69 0 0 0 0
0.696667 0 0 0 0
0.703333 0 0 0 0
0.71 0 0 0 0
0.716667 0 0 0 0
0.723333 0 0 0 0
0.73 0 0 0 0
0.736667 0 0 0 0
0.743333 0 0 0 0
0.75 0 0 0 0
0.756667 0 0 0 0
0.763333 0 0 0 0
0.77 0 0 0 0
0.776667 0 0 0 0
0.783333 0 0 0 0
0.79 0 0 0 0
0.796667 0 0 0 0
0.803333 0 0 0 0
0.81 0 0 0 0
0.816667 0 0 0 0
0.823333 0 0 0 0
0.83 0 0 0 0
0.836667 0 0 0 0
0.843333 0 0 0 0
0.85 0 0 0 0
0.856667 0 0 0 0
0.863333 0 0 0 0
0.87 0 0 0 0
0.876667 0 0 0 0
0.883333 0 0 0 0
0.89 0 0 0 0
0.896667 0 0 0 0
0.903333 0 0 0 0
0.91 0 0 0 0
0.916667 0 0 0 0
0.923333 0 0 0 0
0.93 0 0 0 0
0.936667 0 0 0 0
0.943333 0 0 0 0
0.95 0 0 0 0
0.956667 0 0 0 0
0.963333 0 0 0 0
0.97 0 0 0 0
0.976667 0 0 0 0
0.983333 0 0 0 0
0.99 0 0 0 0
0.996667 0 0 0 0
1.00333 0 0 0 0
1.01 0 0 0 0
1.01667 0 0 0 0
1.02333 0 0 0 0
1.03 0 0 0 0
1.03667 0 0 0 0
1.04333 0 0 0 0
1.05 0 0 0 0
1.05667 0 0 0 0
1.06333 0 0 0 0
1.07 0 0 0 0
1.07667 0 0 0 0
1.08333 0 0 0 0
1.09 0 0 0 0
1.09667 0 0 0 0
1.10333 0 0 0 0
1.11 0 0 0 0
1.11667 0 0 0 0
1.12333 0 0 0 0
1.13 0 0 0 0
1.13667 0 0 0 0
1.14333 0 0 0 0
1.15 0 0 0 0
1.15667 0 0 0 0
1.16333 0 0 0 0
1.17 0 0 0 0
1.17667 0 0 0 0
1.18333 0 0 0 0
1.19 0 0 0 0
1.19667 0 0 0 0
1.20333 0 0 0 0
1.21 0 0 0 0
1.21667 0 0 0 0
1.22333 0 0 0 0
1.23 0 0 0 0
1.23667 0 0 0 0
1.24333 0 0 0 0
1.25 0 0 0 0
1.25667 0 0 0 0
1.26333 0 0 0 0
1.27 0 0 0 0
1.27667 0 0 0 0
1.28333 0 0 0 0
1.29 0 0 0 0
1.29667 0 0 0 0
1.30333 0 0 0 0
1.31 0 0 0 0
1.31667 0 0 0 0
1.32333 0 0 0 0
1.33 0 0 0 0
1.33667 0 0 0 0
1.34333 0 0 0 0
1.35 0 0 0 0
1.35667 0 0 0 0
1.36333 0 0 0 0
1.37 0 0 0 0
1.37667 0 0 0 0
1.38333 0 0 0 0
1.39 0 0 0 0
1.39667 0 0 0 0
1.40333 0 0 0 0
1.41 0 0 0 0
1.41667 0 0 0 0
1.42333 0 0 0 0
1.43 0 0 0 0
1.43667 0 0 0 0
1.44333 0 0 0 0
1.45 0 0 0 0
1.45667 0 0 0 0
1.46333 0 0 0 0
1.47 0 0 0 0
1.47667 0 0 0 0
1.48333 0 0 0 0
1.49 0 0 0 0
1.49667 0 0 0 0
1.50333 0 0 0 0
1.51 0 0 0 0
1.51667 0 0 0 0
1.52333 0 0 0 0
1.53 0 0 0 0
1.53667 0 0 0 0
1.54333 0 0 0 0
1.55 0 0 0 0
1.55667 0 0 0 0
1.56333 0 0 0 0
1.57 0 0 0 0
1.57667 0 0 0 0
1.58333 0 0 0 0
1.59 0 0 0 0
1.59667 0 0 0 0
1.60333 0 0 0 0
1.61 0 0 0 0
1.61667 0 0 0 0
1.62333 0 0 0 0
1.63 0 0 0 0
1.63667 0 0 0 0
1.64333 0 0 0 0
1.65 0 0 0 0
1.65667 0 0 0 0
1.66333 0 0 0 0
1.67 0 0 0 0
1.67667 0 0 0 0
1.68333 0 0 0 0
1.69 0 0 0 0
1.69667 0 0 0 0
1.70333 0 0 0 0
1.71 0 0 0 0
1.71667 0 0 0 0
1.72333 0 0 0 0
1.73 0 0 0 0
1.73667 0 0 0 0
1.74333 0 0 0 0
1.75 0 0 0 0
1.75667 0 0 0 0
1.76333 0 0 0 0
1.77 0 0 0 0
1.77667 0 0 0 0
1.78333 0 0 0 0
1.79 0 0 0 0
1.79667 0 0 0 0
1.80333 0 0 0 0
1.81 0 0 0 0
1.81667 0 0 0 0
1.82333 0 0 0 0
1.83 0 0 0 0
1.83667 0 0 0 0
1.84333 0 0 0 0
1.85 0 0 0 0
1.85667 0 0 0 0
1.86333 0 0 0 0
1.87 0 0 0 0
1.87667 0 0 0 0
1.88333 0 0 0 0
1.89 0 0 0 0
1.89667 0 0 0 0
1.90333 0 0 0 0
1.91 0 0 0 0
1.91667 0 0 0 0
1.92333 0 0 0 0
1.93 0 0 0 0
1.93667 0 0 0 0
1.94333 0 0 0 0
1.95 0 0 0 0
1.95667 0 0 0 0
1.96333 0 0 0 0
1.97 0 0 0 0
1.97667 0 0 0 0
1.98333 0 0 0 0
1.99 0 0 0 0
1.99667 0 0 0 0
